 3.43657317e+02
 2.47161464e+02
 1.38647290e+02
 6.94998823e+01
 1.05788417e+02
 1.82000017e+01
 1.76944628e+02
 2.39855275e+02
 1.82732099e+01
 2.09443920e+02
 2.47902265e+02
 2.12234279e+02
 2.54812549e+02
 2.74290875e+02
 1.33423600e+02
 1.39113892e+02
 2.60883272e+02
 1.77615060e+02
 7.29764469e+01
 1.25687518e+02
 8.59940832e+01
 3.27646856e+02
 3.32911705e+02
 3.42941447e+02
 1.79424077e+02
 2.08122647e+02
 2.34720109e+02
 1.31124883e+02
 1.20883442e+02
 2.91778894e+02
 5.67556336e+01
 1.98613544e+02
 1.30024425e+02
 2.18182597e+02
 2.37480135e+02
 1.88428765e+02
 2.69157318e+02
 7.43478063e+01
 1.37092075e+02
 1.47155046e+02
 1.40303247e+02
 5.52521897e+01
 2.02529779e+02
 1.25051315e+02
 1.97465868e+02
 9.90484695e+01
 4.84133388e+02
 1.26386072e+02
 1.67308376e+02
 1.55960995e+02
 2.12146564e+02
 2.15809368e+02
 2.81371278e+02
 1.57717984e+01
 1.47314145e+02
 1.33259726e+02
 3.30375735e+02
 1.66924327e+02
 1.05344122e+02
 1.06475561e+02
 1.67345305e+02
 5.89811313e+01
 1.03958939e+02
 1.24794152e+02
 5.75538396e+01
 2.02558214e+02
 1.50110506e+02
 8.20643337e+01
 3.89064232e+01
 2.75866251e+02
 1.52448008e+02
 2.81798180e+02
 1.76001920e+02
 9.98318891e+01
 1.03021161e+02
 9.44766394e+01
 5.85105992e+01
 5.07163957e+01
 1.01921175e+02
 8.57164098e+01
 1.22208855e+02
 2.45633776e+02
 2.19260598e+02
 3.18984201e+02
 2.09781061e+02
 1.86292333e+02
 1.70154996e+02
 1.75771734e+02
 2.15512693e+02
 1.53903454e+02
 8.70136333e+01
 4.01543625e+01
 1.35789113e+02
 2.81462481e+02
 3.10739432e+02
 1.64792504e+02
 1.53120017e+02
 6.93480384e+01
 9.71711587e+01
 8.49696281e+01
 1.94306206e+02
 4.00896334e+01
 9.89399510e+01
 2.35081727e+02
 3.72266765e+02
 1.73774917e+02
 1.46487494e+02
 2.43892159e+02
 1.00864004e+02
 2.11584748e+02
 1.48656990e+02
 1.98723462e+02
 9.17193338e+01
 1.13780680e+02
 1.27171942e+02
 1.59652983e+02
 1.02376802e+02
 2.85105340e+02
 2.70314447e+02
 1.81254480e+02
 2.09974147e+02
 1.04970062e+02
 6.11954750e+01
 5.44774740e+01
 2.55141856e+02
 1.27250224e+02
 1.42433258e+02
 3.94035805e+01
 1.09325401e+02
 1.84162410e+02
 1.98110177e+02
 2.73854240e+02
 1.23591270e+02
 2.69360803e+01
 1.52539803e+02
 2.16893720e+02
 1.32756168e+02
 5.72731363e+01
 1.95427176e+01
 1.97466193e+02
 2.54823244e+02
 1.99889945e+02
 2.86613488e+02
 2.05259258e+02
 2.26154172e+02
 1.88273209e+02
 6.44845593e+01
 1.15947885e+02
 2.16439364e+02
 1.85015291e+02
 1.31515956e+02
 4.24189919e+02
 7.58235128e+01
 5.57093952e+01
 2.77930127e+02
 2.85954624e+02
 1.71177937e+02
 1.03443159e+02
 2.14579689e+02
 1.68766303e+02
 9.53391086e+01
 6.64287850e+01
 2.05978850e+02
 1.95036614e+02
 1.98499772e+02
 2.22242400e+02
 1.67524759e+02
 1.79833207e+02
 2.76211363e+02
 8.59610845e+01
 9.60684053e+01
 8.57172761e+01
 2.05189491e+02
 2.20713644e+01
 7.66314267e+01
 1.22039515e+02
 2.47937268e+02
 8.06308702e+01
 2.10229246e+02
 3.04650988e+02
 3.03054069e+02
 1.15207216e+02
 1.59694726e+02
 2.32991985e+02
 1.25166625e+02
 6.96616714e+01
 2.49156920e+01
 3.66088927e+01
 1.43479599e+02
 2.18821821e+02
 2.55514041e+02
 4.11051735e+01
 8.52145860e+01
 1.60253119e+02
 1.27513371e+02
 1.13259928e+02
 9.96779587e+01
 8.01735147e+01
 6.64418339e+01
 1.62048867e+01
 1.93936429e+02
 1.28881238e+02
 2.13479341e+02
 2.21293143e+02
 2.40486742e+02
 6.85570223e+01
 2.23167433e+02
 1.36210948e+02
 2.45303533e+02
 2.13754178e+02
 1.70197188e+02
 2.29108561e+02
 5.27167856e+01
 2.30725766e+02
 1.38682372e+02
 1.83311411e+02
 3.47206536e+02
 1.08630291e+02
 2.55720648e+02
 1.60680688e+02
 9.10746343e+01
 5.24584936e+01
 9.16921968e+00
 2.48593475e+01
 1.13364823e+02
 4.04098141e+02
 2.18338417e+02
 1.81411631e+02
 2.18204424e+02
 2.55100985e+02
 1.72570875e+02
 1.46790053e+02
 1.64617736e+02
 9.06319956e+01
 2.89143004e+02
 1.85848408e+02
 2.68073993e+01
 1.18347508e+02
 1.51966144e+02
 2.16723342e+02
 3.08165031e+02
 9.95663102e+01
 1.40210631e+02
 1.88290658e+02
 1.37819092e+02
 1.68147021e+02
 5.71915054e+01
 8.72118937e+01
 3.40720202e+02
 2.61589904e+02
 1.76176870e+02
 2.36368632e+02
 1.75954135e+02
 2.06412648e+02
 3.17161251e+01
 1.61212972e+02
 1.15699420e+02
 8.77584445e+01
 1.31315241e+02
 3.23166660e+02
 2.82996768e+02
 1.94203037e+02
 1.73114047e+02
 2.77323792e+02
 2.37974709e+02
 2.22357663e+02
 5.19191399e+01
 1.96637637e+01
 4.94122182e+01
 1.55631417e+01
 2.71669078e+02
 2.20328043e+02
 1.47203402e+02
 2.64434673e+02
 3.86267368e+02
 1.59638016e+02
 2.37872300e+02
 1.66484842e+02
 7.87882528e+01
 2.99209621e+02
 1.50933111e+02
 1.99183779e+02
 9.01895024e+01
 1.71312774e+02
 3.09840221e+02
 1.22714118e+02
 2.15352728e+02
 2.77305278e+02
 1.96382898e+02
 1.04701455e+02
 1.45389615e+02
 1.37540575e+02
 1.71342454e+02
 1.61387043e+02
 9.52041353e+01
 4.61916145e+01
 4.48553202e+02
 1.82654045e+02
 1.75635231e+02
 2.51840914e+02
 4.06701455e+02
 8.95548489e+01
 2.23026886e+02
 1.58552305e+02
 1.85498619e+02
 5.64379105e+01
 1.05138436e+02
 9.94664368e+01
 1.09172443e+02
 4.61223885e+01
 2.52196486e+02
 1.86350982e+02
 1.59809793e+02
 6.08697287e+01
 1.25679869e+02
 1.11246690e+02
 1.66812973e+02
 1.62778010e+02
 6.28212259e+01
 1.47203941e+02
 7.67628654e+01
 2.83748902e+02
 1.93993252e+02
 3.29483593e+02
 2.65436723e+02
 8.22658005e+01
 1.29124067e+02
 1.29335241e+02
 2.54645538e+02
 9.75537859e+01
 1.28286856e+02
 2.22392340e+02
 1.25032580e+02
 1.25471738e+02
 8.07051955e+01
 2.26100132e+02
 9.49283617e+01
 2.51339579e+02
 1.37767478e+02
 1.95488360e+02
 1.16338527e+02
 9.79509247e+01
 1.82258225e+02
 2.35752014e+02
 6.96028257e+01
 3.11898937e+02
 8.67085105e+01
 9.66079674e+01
 7.84866041e+01
 9.44159043e+01
 1.60167493e+02
 1.24099546e+02
 2.39167585e+02
 1.03071776e+02
 1.87046350e+02
 9.14590433e+01
 1.93197353e+02
 7.71158868e+01
 2.22358141e+02
 3.29094965e+02
 1.76178324e+02
 9.32383220e+01
 1.87033235e+02
 2.06309288e+02
 1.31636353e+02
 1.45034537e+02
 1.04092519e+02
 4.09299527e+01
 9.25336053e+01
 5.34785997e+02
 2.59846546e+02
 1.74602979e+02
 1.77156540e+02
 1.30445062e+02
 2.80951664e+02
 1.02296688e+02
 4.22721933e+01
 1.41030994e+02
 1.46498897e+02
 1.49647522e+02
 5.12654459e+01
 1.97308906e+02
 2.46087455e+02
 2.78627573e+02
 1.46225052e+02
 7.66998291e+01
 2.72932602e+01
 1.40198234e+02
 2.04824911e+02
 7.93312968e+01
 1.47201329e+02
 1.44014810e+02
 2.92127621e+02
 4.79437835e+01
 1.43921490e+02
 8.01652793e+01
 1.36648754e+02
 1.57656525e+02
 1.52288866e+02
 1.58579556e+02
 2.42494329e+02
 1.51921570e+02
 1.65031368e+02
 1.08990273e+02
 3.43012586e+02
 3.24564100e+02
 2.27196357e+02
 1.62509874e+02
 8.84948520e+01
 9.24298799e+01
 1.63212842e+02
 1.70945569e+02
 2.39610097e+02
 1.65050119e+02
 1.11937949e+02
 1.82439444e+02
 2.26707657e+02
 1.81914829e+02
 2.53080119e+02
 2.67504937e+02
 2.28495607e+02
 1.57715140e+02
 3.33192964e+02
 3.81610549e+01
 8.07982666e+01
 1.35650403e+02
 6.91209558e+01
 7.85464588e+00
 2.43562442e+02
 1.70403292e+02
 1.10558666e+02
 2.57484831e+02
 2.43483147e+02
 1.73532752e+02
 1.09594370e+02
 1.81071966e+02
 1.52270012e+02
 3.03986715e+02
 1.26711326e+02
 2.35117137e+02
 9.47115695e+01
 2.42768797e+02
 3.91782576e+02
 2.00357948e+02
 1.60424110e+02
 2.32855230e+02
 2.25624939e+02
 1.47974067e+02
 1.42133852e+01
 7.93794823e+01
 1.46878219e+02
 2.28242225e+02
 2.58330222e+02
 2.66471882e+02
 1.74781509e+02
 4.28059091e+02
 2.18778241e+01
 1.43862166e+02
 1.61298124e+02
 7.75054826e+01
 1.87119293e+02
 2.19287491e+02
 1.02109906e+02
 1.14612462e+02
 1.36918813e+02
 1.25698372e+02
 2.76961213e+02
 4.73377870e+02
 1.51004437e+02
 1.35351521e+02
 1.81632916e+02
 1.54571450e+02
 2.02433061e+02
 1.26036224e+02
 7.27055599e+01
 1.64901325e+02
 6.14398495e+01
 2.27562993e+02
 9.97721655e+01
 2.00174059e+02
 1.25733772e+02
 1.27158654e+02
 9.93108549e+01
 1.16053676e+02
 2.14861855e+02
 1.14976057e+02
 4.30060744e+01
 1.66449114e+02
 2.26711938e+02
 4.51609001e+02
 1.06352084e+02
 3.34649725e+02
 1.54759672e+02
 1.50089480e+02
 1.70312615e+02
 1.48058962e+02
 2.07432922e+02
 1.09715062e+02
 1.31536779e+02
 1.90690514e+02
 1.45183035e+02
 7.21624217e+01
 3.01912024e+02
 1.21405631e+02
 2.22229129e+02
 1.72199207e+02
 3.17392427e+01
 6.06635071e+01
 1.13008908e+02
 5.21410023e+01
 6.33399409e+01
 1.96563629e+02
 3.35455294e+02
 3.98592919e+02
 1.83174946e+02
 3.18228498e+02
 1.95922808e+02
 4.47750262e+02
 1.55327092e+02
 1.28222581e+02
 5.89795956e+01
 1.85444170e+02
 1.39274138e+02
 2.97154290e+01
 1.78994955e+01
 5.42126105e+01
 2.75464012e+02
 3.04656854e+02
 2.07394219e+02
 1.92991266e+02
 7.76842911e+01
 1.22114880e+02
 3.11123210e+01
 2.79849469e+00
 1.24584608e+02
 1.98863847e+02
 1.17692039e+02
 9.01274919e+01
 1.25600462e+02
 1.57401533e+02
 2.93172737e+02
 1.18388688e+02
 2.36984742e+02
 1.14059788e+02
 1.99295329e+02
 1.20556452e+02
 9.34922672e+01
 2.80283559e+02
 2.59255157e+02
 7.90260347e+01
 2.18179754e+02
 6.36379629e+02
 1.58960061e+02
 9.12111880e+01
 2.21877800e+02
 1.15862207e+02
 1.63937043e+02
 1.90169042e+02
 2.85830636e+01
 1.22013410e+02
 1.05044872e+02
 2.00265360e+02
 3.09066217e+02
 1.12950239e+02
 1.32765795e+02
 8.71318901e+01
 1.45592279e+02
 3.42514361e+01
 2.71116790e+02
 1.69585400e+02
 1.85397613e+02
 2.25595239e+02
 1.38356701e+02
 1.85926905e+02
 2.24643867e+02
 3.74732255e+02
 2.12393086e+02
 7.46668249e+01
 1.11090331e+02
 9.71191077e+01
 1.74173075e+02
 6.64255506e+01
 1.17380390e+02
 1.39115088e+02
 3.96803898e+02
 3.10934109e+02
 2.68740206e+02
 1.56035907e+02
 2.27689470e+02
 3.11458389e+02
 9.81093074e+01
 2.33197494e+02
 1.64249432e+01
 7.09859325e+01
 1.91655576e+02
 1.30701274e+02
 1.44680463e+02
 2.08596487e+02
 1.61157281e+02
 2.85812576e+02
 1.67144346e+02
 6.70018859e+01
 1.71373674e+02
 1.57087316e+02
 7.17354656e+01
 2.42775728e+02
 3.76157777e+01
 1.17807712e+02
 1.63314405e+02
 3.01365031e+02
 2.23864865e+02
 2.98135181e+02
 4.03370774e+02
 1.46568007e+02
 1.02106953e+02
 1.29367462e+02
 1.62282196e+02
 2.29840617e+01
 3.59481692e+01
 1.66812428e+02
 2.53316558e+02
 1.18153729e+02
 2.75240341e+02
 3.53126538e+02
 8.84413576e+01
 1.73662443e+02
 5.08772960e+01
 1.63204739e+02
 4.65527549e+01
 1.83539741e+02
 1.22845564e+02
 5.09389899e+01
 1.99353173e+02
 2.94886914e+02
 4.17924182e+02
 2.63427849e+02
 3.49393548e+02
 1.13323379e+02
 2.29674490e+02
 1.39428361e+02
 4.11318476e+01
 2.12991659e+02
 1.73371849e+02
 7.24982522e+01
 3.09825417e+02
 1.87989234e+02
 2.33045470e+02
 1.28500151e+02
 1.65700622e+02
 1.80081680e+02
 1.50643238e+02
 1.08612313e+02
 2.10460624e+02
 1.77550146e+02
 1.01620876e+02
 1.30103852e+02
 4.25021193e+02
 3.62563839e+02
 4.78922229e+02
 8.42284288e+01
 2.69608698e+02
 8.20986696e+01
 1.84176149e+02
 1.65125217e+02
 1.47004677e+02
 9.61165577e+01
 4.46341492e+01
 1.40329945e+02
 5.45194312e+01
 1.13457286e+02
 1.96969775e+02
 8.17707579e+01
 1.84619246e+02
 1.07033544e+02
 1.50615779e+02
 2.62406731e+02
 1.47235073e+02
 1.47774555e+02
 1.35036155e+01
 2.00620352e+02
 2.75333374e+02
 2.59132399e+02
 2.18100262e+02
 2.97588427e+02
 1.67281132e+02
 5.98652135e+01
 9.81870448e+01
 1.34310470e+02
 1.29686313e+02
 1.23864814e+02
 1.52329752e+02
 2.31016215e+02
 1.68364355e+02
 1.88799659e+02
 1.80489742e+02
 2.29865959e+02
 8.05854195e+01
 3.62072086e+02
 1.22177567e+02
 6.75049522e+01
 1.56872650e+02
 2.18398766e+02
 1.13525903e+02
 2.76506800e+02
 4.38764707e+02
 1.52179081e+02
 2.95414605e+02
 2.48713569e+02
 1.20258055e+02
 1.76760940e+02
 1.45751486e+02
 2.11986931e+02
 1.26852944e+02
 2.75543542e+02
 9.95428781e+01
 5.98027412e+01
 1.05118791e+02
 5.00655937e+02
 4.22248954e+02
 3.19885965e+02
 2.54100792e+02
 4.12247739e+01
 1.28275436e+02
 1.28372116e+02
 2.35829167e+02
 1.90103582e+02
 7.67448026e+01
 2.02525550e+02
 2.67578437e+02
 6.26183322e+01
 2.67168040e+02
 3.35774958e+02
 9.74695286e+01
 1.45418350e+02
 1.66535582e+02
 3.96450286e+02
 1.66875568e+02
 2.12030430e+01
 1.31389285e+02
 3.08163550e+02
 1.14958452e+02
 2.73957175e+02
 1.93596453e+02
 2.51307432e+02
 4.84273130e+01
 1.47327436e+02
 1.34801893e+02
 3.06642356e+01
 9.03578684e+01
 3.80245467e+01
 1.08326252e+02
 9.44079561e+01
 2.69930416e+02
 1.87844848e+02
 4.47986179e+02
 2.69522366e+02
 2.01254957e+02
 1.99197589e+02
 1.70666106e+02
 1.08304784e+02
 1.51040869e+02
 1.97926186e+02
 1.86087038e+02
 1.38693983e+02
 1.81988452e+02
 2.97774771e+02
 1.64389535e+02
 1.78762813e+02
 4.07953204e+02
 8.52813042e+01
 2.83857976e+02
 3.56988342e+01
 9.91882271e+01
 8.96679562e+01
 7.65612020e+01
 1.85914803e+02
 6.43679039e+01
 3.35805944e+02
 4.35833220e+02
 2.00369855e+02
 2.38786830e+02
 2.94198241e+02
 7.95851384e+01
 3.39241823e+02
 1.91940859e+02
 7.01604523e+01
 1.31247208e+02
 1.82110371e+02
 1.30913216e+02
 1.54609898e+02
 3.14697014e+02
 1.20281333e+02
 1.83602152e+02
 1.84815790e+02
 1.59312434e+01
 2.33069383e+02
 2.91485959e+01
 1.74186310e+02
 3.24942692e+02
 8.81889598e+01
 3.10574517e+01
 3.30197787e+02
 3.26614553e+02
 3.46173948e+02
 1.79584580e+02
 1.64050891e+02
 1.76858901e+02
 2.47861623e+02
 2.44196074e+02
 2.74397482e+02
 1.46377526e+02
 4.33181199e+01
 1.38366215e+02
 3.27727887e+02
 2.87667193e+02
 2.64054834e+02
 1.01598084e+02
 1.22033358e+02
 2.33124340e+02
 1.19468507e+02
 2.02672977e+02
 1.11273103e+02
 2.93702223e+01
 8.51813104e+01
 2.20454240e+02
 1.31832918e+02
 2.62426496e+02
 1.28621405e+02
 1.96867348e+02
 1.57404887e+02
 6.59130095e+01
 1.03703411e+02
 1.59804960e+02
 1.39177834e+02
 2.53650796e+02
 8.87739386e+01
 1.00365007e+02
 1.87199857e+02
 4.51244007e+02
 2.87191931e+02
 2.55126305e+02
 1.84152318e+02
 1.96307714e+02
 1.35992539e+02
 1.86343050e+02
 3.45897481e+01
 1.35333660e+02
 3.06509045e+02
 3.56275376e+02
 2.94813503e+02
 4.03828565e+02
 2.56505504e+02
 1.57172920e+02
 2.01636909e+02
 6.94278517e+01
 6.29512559e+01
 8.03735273e+01
 1.13917315e+02
 1.92627477e+02
 2.72915195e+02
 1.99505066e+02
 2.06358474e+02
 2.20774659e+02
 3.45025876e+02
 1.79917667e+02
 1.71655111e+02
 1.10123223e+02
 9.09222777e+01
 7.00260725e+01
 8.50869046e+01
 1.59287916e+01
 2.02539933e+02
 1.98553181e+02
 3.70797409e+02
 1.80362876e+02
 1.80185665e+02
 2.40808410e+02
 1.71478335e+02
 1.51351156e+02
 1.31725617e+02
 1.92184926e+02
 5.34322549e+01
 8.01417525e+01
 1.19337075e+02
 7.43740167e+01
 1.46025321e+02
 1.78430252e+02
 2.44402334e+02
 2.64920468e+02
 1.68428384e+02
 2.15781198e+02
 1.36596932e+02
 1.81507453e+02
 2.15178846e+02
 2.67900406e+02
 1.16145694e+02
 1.69324745e+02
 2.34122122e+02
 2.19226972e+02
 3.83345723e+02
 1.66070522e+02
 3.42665497e+02
 1.53942855e+02
 9.65853712e+01
 1.70811272e+02
 2.99265067e+02
 1.61212602e+02
 1.96595901e+02
 1.28049009e+02
 2.73756625e+02
 3.08646315e+02
 1.31283193e+02
 2.47292705e+02
 2.93754530e+02
 2.07679152e+02
 1.40241799e+02
 1.88577887e+02
 1.46792967e+02
 3.95249854e+01
 1.35034073e+02
 2.28921133e+02
 1.97658110e+02
 2.06497164e+02
 3.07885301e+02
 1.28295928e+02
 1.33708982e+02
 1.48980928e+02
 8.14955032e+01
 9.56629492e+01
 1.71940264e+02
 2.21384580e+02
 1.98153551e+02
 1.26878178e+02
 2.85516827e+02
 2.40341089e+02
 1.60183678e+02
 4.01151645e+02
 1.41660526e+02
 1.85332718e+02
 9.66641087e+01
 1.88543763e+02
 1.36013369e+02
 6.77057038e+01
 9.62529364e+01
 2.32553355e+02
 3.96546921e+02
 2.04175247e+02
 1.32288731e+02
 3.25154234e+02
 5.91860581e+01
 1.42789643e+02
 2.55014247e+01
 8.39766253e+01
 1.80583925e+02
 1.52218798e+02
 2.06344326e+02
 2.98737271e+02
 2.20458787e+02
 7.42262636e+01
 1.32930156e+02
 3.26295700e+02
 2.20189361e+02
 2.20933688e+02
 1.48716057e+02
 5.48664060e+01
 7.67069712e+01
 1.33308202e+02
 2.73639678e+02
 2.04271957e+02
 2.64609636e+02
 1.96693920e+02
 1.10704363e+02
 1.25614477e+02
 2.46441265e+01
 1.15086428e+02
 1.59442444e+02
 5.67315368e+01
 1.26502369e+02
 2.46214730e+02
 1.97615665e+02
 1.51477207e+02
 1.94882016e+02
 9.02434001e+01
 2.05236672e+02
 2.02426162e+02
 1.94749829e+02
 9.21317762e+01
 2.39856405e+02
 1.79850980e+02
 2.56881886e+02
 1.72897630e+02
 2.78976124e+01
 1.77357366e+02
 3.63730815e+02
 3.22062186e+02
 3.07600778e+02
 2.13769128e+02
 1.87175267e+02
 3.24799904e+02
 1.30009375e+02
 1.30143841e+02
 6.13876517e+01
 8.51691207e+01
 1.01404599e+02
 2.57934932e+02
 1.37879241e+02
 2.20840119e+02
 8.10537728e+01
 4.41454116e+02
 4.65966084e+01
 1.27529370e+02
 1.83512150e+02
 2.62781941e+02
 1.23116430e+02
 9.31246957e+01
 2.20516569e+02
 2.34003993e+02
 3.16802177e+02
 8.76969066e+01
 2.05919626e+02
 1.28656230e+02
 2.73285080e+02
 3.13234849e+01
 7.29982132e+01
 2.85261945e+02
 1.51311330e+02
 2.72809102e+02
 1.08112830e+02
 1.62131344e+02
 1.69178067e+02
 1.65589929e+02
 1.71416080e+02
 4.43677844e+02
 1.16436653e+02
 1.17046757e+02
 2.36897082e+02
 8.25468353e+01
 2.36416830e+02
 3.01168754e+01
 1.11488694e+02
 3.52815527e+02
 1.63483637e+02
 4.02811824e+02
 2.22102165e+02
 2.30615348e+02
 5.07957672e+01
 1.17030309e+02
 7.68177742e+01
 2.29703274e+02
 2.15794733e+02
 6.98267987e+01
 2.37968921e+02
 1.72152167e+02
 1.97684380e+02
 2.74178601e+02
 2.15114399e+02
 2.59807538e+02
 2.64899383e+02
 1.31369807e+02
 1.46748497e+02
 1.53216297e+02
 1.47279235e+02
 1.83164726e+02
 2.18729526e+02
 1.64247600e+02
 1.64597566e+02
 1.19040581e+02
 2.42505983e+02
 2.98403568e+02
 6.07443717e+01
 1.13641223e+02
 3.20049411e+02
 2.08901045e+02
 1.31694857e+02
 4.21356901e+01
 1.59085183e+02
 1.97034726e+02
 2.24385448e+02
 1.49359150e+02
 2.69423387e+02
 3.93116618e+02
 5.72550311e+01
 7.74366239e+01
 1.70778287e+02
 1.78544782e+02
 2.12109988e+02
 2.10243256e+02
 1.60391994e+02
 1.67225990e+02
 1.42037916e+02
 1.05941357e+02
 3.65924181e+02
 2.28978128e+02
 2.17883711e+02
 1.16294026e+02
 1.33016554e+02
 8.73916600e+01
 1.49479142e+02
 2.68895459e+02
 1.46630927e+02
 6.54338541e+01
 2.04150142e+02
 3.36445671e+02
 3.79535093e+02
 2.70832189e+02
 1.51995301e+02
 7.00062679e+01
 8.58471883e+01
 7.19405760e+01
 1.68006576e+02
 1.28001553e+02
 1.67349671e+02
 9.53568964e+01
 3.90238875e+02
 3.10278605e+02
 1.82818903e+01
 3.16352220e+02
 2.64129947e+02
 2.12441806e+02
 7.21575748e+01
 1.85436219e+02
 1.34793815e+02
 7.25914240e+01
 1.58942434e+02
 1.78021364e+02
 2.39912998e+02
 2.61219936e+02
 3.10475032e+02
 7.61447791e+01
 1.78174574e+02
 2.67802966e+02
 9.19630743e+01
 1.48789965e+02
 4.01235424e+01
 1.32472312e+01
 7.01770844e+01
 2.77528311e+02
 3.60898167e+02
 4.98687624e+02
 2.85021717e+02
 4.92439126e+02
 2.65034513e+02
 1.60749033e+02
 1.23731752e+02
 1.81939520e+02
 1.89492353e+02
 1.02219798e+02
 1.99466083e+02
 8.29405768e+01
 1.80747931e+02
 2.42813823e+02
 1.45623616e+02
 2.15942577e+02
 2.34607438e+02
 1.47768603e+02
 2.69586234e+02
 8.16804557e+01
 1.39735908e+02
 1.02524609e+02
 1.78072628e+02
 2.88076723e+02
 4.04747440e+02
 3.62790579e+02
 1.56428131e+02
 8.59536948e+01
 1.10888935e+02
 7.72140572e+01
 1.22235739e+02
 1.25837399e+02
 1.30257601e+02
 2.91296183e+00
 1.10945497e+02
 3.10506878e+02
 3.17690319e+02
 3.09625867e+02
 2.00406823e+02
 2.63959187e+02
 1.51722470e+02
 1.10652476e+02
 1.62622496e+02
 6.88490895e+01
 2.52431058e+02
 1.23813257e+02
 1.15513067e+02
 3.52423933e+02
 1.09257706e+02
 1.76706080e+02
 1.37258054e+02
 1.50103140e+02
 1.10778104e+02
 7.07852928e+01
 1.00747294e+02
 8.34591722e+01
 6.31911743e+01
 1.32377313e+02
 1.42515467e+02
 2.38673136e+02
 2.32835295e+01
 2.48089726e+02
 2.50250251e+02
