 3.40871820e+01
 3.66059896e+00
 3.88497556e+01
 3.20129714e+01
 2.76534775e+01
 2.40566363e+01
 4.47463851e+01
 1.89940363e+01
 7.47163315e+01
 5.91196115e+01
 1.10848524e+02
 3.07201655e+01
 1.83232790e+01
 6.95349166e+00
 2.18189024e+01
 9.97928188e+00
 7.13684544e+01
 1.60327868e+02
 3.33798337e+01
 9.98830326e+00
 3.22222245e+01
 1.19046350e+01
 7.18168300e+01
 2.53417126e+01
 6.31310401e+01
 2.16588586e+01
 1.89797651e+01
 1.07234821e+01
 5.80271964e+01
 3.84456980e+01
 2.40094864e+01
 1.34170319e+01
 6.03391416e+01
 3.65760458e+01
 4.55847048e+01
 1.93997810e+01
 8.18141818e+00
 2.02356184e+01
 6.12163563e+01
 6.59208244e+01
 7.54671255e+01
 1.41005629e+02
 1.81898464e+01
 8.09969216e+01
 3.57678827e+01
 1.87128341e+01
 9.76753575e+00
 3.53473126e+01
 4.00071775e+01
 2.91810499e+01
 2.14558789e+01
 4.28484446e+01
 4.67246141e+01
 3.57795519e+01
 4.92854979e+01
 5.28108489e+01
 7.34346688e+01
 6.38618226e+01
 7.29397588e+01
 1.89054125e+01
 9.41100698e+00
 3.36695173e+01
 2.09141901e+01
 1.06616416e+02
 5.49605376e+01
 4.34562793e+01
 7.86239793e+01
 4.80659874e+01
 1.02455219e+02
 3.84047257e+00
 6.93672450e+01
 1.86731201e+01
 1.43690548e+01
 1.98904432e+01
 4.98218982e+01
 3.46666727e+01
 6.95886758e+01
 3.46280088e+01
 1.37880881e+01
 2.84020963e+01
 8.52119605e+01
 5.43885767e+01
 5.04185793e+01
 1.38740890e+02
 5.25521808e+01
 3.35360039e+01
 3.29840388e+01
 8.70367658e+01
 6.82854403e+01
 1.82975596e+01
 4.01027341e+01
 3.83137792e+01
 4.28135938e+00
 1.08284372e+02
 7.78854971e+01
 1.24706313e+01
 3.05338244e+01
 2.73354080e+01
 1.17652978e+02
 3.61221402e+01
 9.76554824e+01
 7.39345907e+01
 3.57392556e+00
 6.79863201e+01
 8.08969944e+01
 5.94232529e+01
 4.71779700e+01
 3.08371978e+01
 1.74118689e+01
 3.73781611e+01
 1.99766674e+01
 8.24231819e+01
 7.28037303e+01
 4.54174937e+01
 7.73194576e+01
 6.95273619e+01
 5.37006743e+01
 1.03860126e+02
 1.12147322e+01
 3.38977886e+01
 2.34658805e+01
 9.05450669e+00
 3.69340560e+01
 7.75958233e+01
 5.37141824e+01
 6.30643173e+01
 6.62583161e+01
 6.90099234e+01
 1.51501222e+01
 2.64663924e+01
 5.89038560e+01
 3.44279576e+01
 6.21907672e+01
 2.38812251e+01
 3.58864826e+01
 4.16084138e+01
 8.56755242e+01
 6.92235137e+01
 7.47957957e+01
 1.83629686e+01
 3.87673855e+01
 3.00522071e+01
 3.20806479e+01
 1.64594526e+01
 1.43741545e+01
 2.83552830e+01
 2.37121494e+01
 6.34631817e+01
 7.18348491e+01
 5.46667976e+01
 7.15511463e+00
 4.79491671e+01
 3.12601253e+01
 9.69492497e+01
 1.73948695e+01
 5.24009691e+01
 2.14341644e+01
 1.30134290e+01
 6.87900801e+01
 9.55203309e+01
 6.47133865e+01
 5.92522671e+01
 2.14010569e+01
 5.24237298e+00
 3.69325825e+01
 3.53933041e+01
 1.82069431e+01
 2.60321089e+01
 7.52961835e+00
 3.18536205e+01
 5.04718400e+01
 3.30550198e+01
 3.50506382e+01
 1.35869925e+02
 5.89490434e+01
 1.49496378e+01
 2.35266645e+01
 2.00013419e+00
 4.54554150e+01
 6.93665573e+01
 1.93511245e+01
 5.66622310e+01
 8.62181727e+00
 2.64028983e+01
 9.44161215e+01
 7.07958309e+01
 1.82678346e+01
 9.99035217e+01
 5.36637196e+01
 7.17605855e+01
 3.01177738e+01
 8.31835155e+01
 4.09650846e+01
 2.25200363e+01
 1.78852379e+01
 6.74366392e+01
 8.99676422e+01
 4.18956784e+01
 1.56461591e+00
 1.51722676e+00
 5.47724945e+01
 1.09975515e+02
 8.19977353e+01
 3.24912379e+01
 3.72156443e+01
 1.38304905e+01
 1.39525318e+02
 1.41550577e+02
 8.99354871e+01
 1.26173991e+02
 8.71108780e+01
 5.20268400e+01
 7.63114779e+01
 1.11409826e+02
 2.92106376e+01
 1.34735664e+01
 5.89872154e+01
 2.04747129e+01
 5.19782225e+01
 1.19786371e+02
 6.41089831e+01
 2.28591732e+01
 2.67044618e+01
 2.37116451e+01
 3.77252546e+01
 9.50798121e+01
 5.73479275e+01
 2.82131341e+01
 8.86358081e+00
 1.87214396e+01
 6.94416930e+01
 6.74178836e+01
 8.71647816e+01
 1.06428455e+02
 1.63882596e+01
 6.41144251e+01
 6.90790705e+01
 4.14675758e+01
 2.49805596e+01
 5.37847726e+01
 3.43829502e+01
 7.40660072e+01
 3.03024638e+01
 6.78345559e+01
 1.55910561e+02
 4.98228193e+01
 2.47595815e+01
 6.77254414e+00
 3.40752339e+01
 5.86437602e+01
 6.74985306e+01
 5.19527176e+01
 3.43817298e+01
 4.09457734e+01
 1.84859410e+01
 3.78005126e+01
 8.92864320e+01
 4.01199450e+01
 5.46481948e+01
 1.84060271e+01
 2.71102581e+01
 1.58074568e+02
 6.06447092e+01
 3.39720571e+01
 3.52065270e+01
 2.48006764e+01
 2.14206837e+01
 7.76291382e+01
 1.04677849e+02
 5.66038156e+01
 3.55959712e+01
 2.71095159e+01
 4.09390366e+01
 7.35015442e+01
 8.03170715e+01
 2.37402144e+01
 2.53458757e+01
 7.05147163e+01
 6.39425319e+01
 5.09318347e+01
 6.14037814e+01
 5.93877899e+01
 3.50645599e+01
 1.78871185e+01
 7.11455669e+01
 3.46119212e+01
 2.88073767e+01
 2.01893282e+01
 3.20018401e+01
 7.69099937e+00
 1.61220058e+01
 2.07102570e+01
 4.51445624e+01
 6.77940084e+01
 3.17223053e+01
 4.60735371e+01
 2.98996261e+01
 7.61773727e+01
 6.67967673e+01
 6.98985240e+01
 5.31846468e+01
 2.72453561e+01
 1.96968939e+01
 3.22576965e+01
 1.23478094e+02
 1.31405330e+02
 2.75704833e+01
 8.87061108e+01
 7.72039038e+01
 6.80346161e+01
 3.17664381e+01
 3.05949385e+01
 7.01839442e+01
 3.09299007e+01
 5.84304016e+01
 9.53585089e+01
 1.59527831e+02
 5.74137369e+01
 3.30424879e+01
 1.57185851e+01
 4.13739929e+01
 3.06882613e+01
 3.00602624e+01
 6.23508215e+01
 1.72439330e+01
 5.42030737e+01
 1.41102941e+01
 6.07245028e+01
 8.64671919e+01
 9.70318270e+01
 9.77972765e+01
 4.99385352e+00
 4.31026913e+01
 6.83140534e+01
 4.39010424e+01
 2.38160493e+01
 3.88337194e+01
 2.68539449e+01
 5.89293850e+01
 5.59877772e+01
 5.15786859e+01
 5.80253529e+01
 3.49719947e+00
 1.14250676e+01
 4.99345134e+01
 1.09393381e+02
 3.79561959e+01
 2.39060104e+01
 3.35918379e+01
 1.82900928e+01
 5.92233214e+01
 1.03921726e+02
 1.00693523e+02
 7.75273876e+01
 6.14008631e+01
 5.96500972e+01
 8.44175227e+01
 3.03836553e+01
 1.06807882e+01
 8.30038368e+01
 5.00115011e+01
 3.29690238e+01
 4.63778947e+01
 3.75018876e+01
 1.29485052e+02
 2.84446066e+01
 2.94618058e+01
 4.98540727e+01
 8.11735505e+00
 5.24239649e+01
 1.93132628e+01
 5.06305642e+01
 4.59217213e+01
 3.07426529e+01
 4.26200625e+01
 1.90864964e+01
 9.27387959e+01
 2.36153904e+01
 1.63431182e+01
 1.49712816e+01
 2.93188828e+01
 7.49241481e+01
 6.00900105e+01
 1.02368949e+02
 3.58895982e+01
 3.14034736e+01
 5.42602438e+01
 2.87135376e+01
 4.18129019e+01
 7.33018523e+01
 4.57363376e+01
 2.20148876e+01
 2.93563798e+01
 1.20029978e+02
 3.41694619e+01
 2.41287598e+01
 6.47987046e+01
 1.31805786e+01
 3.33362172e+01
 7.93710805e+01
 1.01968111e+02
 5.45881214e+01
 3.50406701e+01
 5.14961643e+01
 1.22393639e+02
 5.58806843e+01
 1.40583761e+01
 1.90438937e+01
 4.38849360e+01
 3.27287103e+01
 2.76558306e+01
 4.60133009e+01
 8.11074279e+00
 5.54744700e+01
 4.89413022e+01
 3.58429977e+01
 2.27964025e+01
 2.98584485e+01
 4.12161926e+01
 1.37679802e+01
 5.02875329e+01
 4.17669770e+01
 9.91031721e+01
 6.10918533e+01
 6.01417532e+01
 1.66501209e+02
 3.75168814e+01
 4.31179936e+01
 7.37121124e+01
 7.18109228e+01
 2.14726694e+01
 1.08786834e+01
 4.94867059e+01
 4.29076480e+01
 3.38017180e+01
 2.53489261e+01
 4.83463066e+01
 4.66599904e+01
 1.24140615e+01
 7.93531151e+01
 1.35411072e+01
 7.22549710e+00
 1.23670686e+02
 2.52933582e+01
 8.92243800e+00
 2.29833583e+01
 1.16712025e+01
 3.97762911e+01
 3.41010135e+01
 5.02166671e+01
 1.89366164e+01
 1.70948966e+01
 2.42401138e+00
 8.12543620e+01
 2.46413542e+01
 4.64331332e+01
 4.19480409e+01
 3.20233323e+01
 9.12292612e+01
 9.81725306e+01
 4.34958157e+01
 4.34111773e+01
 4.09071762e+01
 1.66847172e+01
 4.03769074e+01
 2.27773965e+01
 2.81316415e+01
 3.10056904e+01
 5.43984766e+01
 4.12442065e+01
 3.49241202e+01
 1.19479106e+02
 6.95857380e+01
 4.81487846e+01
 3.58757253e+01
 9.74421188e+01
 5.66854245e+01
 3.28372289e+01
 3.61829873e+01
 5.50958763e+01
 3.72567273e+01
 2.18766812e+01
 6.93481558e+01
 1.29441060e+02
 1.19164744e+02
 4.98233285e+01
 0.00000000e+00
 2.61965456e+01
 5.58348661e+01
 4.70204505e+01
 6.32432118e+01
 4.81064590e+01
 5.57547679e+01
 7.28628799e+01
 3.47344515e+01
 6.46349372e+01
 3.94641148e+01
 5.97357059e+01
 1.46809822e+01
 3.54460579e+01
 5.25278439e+01
 4.27749622e+01
 2.97615526e+01
 6.30336004e+01
 7.29658747e+01
 2.90837681e+01
 3.52741087e+01
 1.00824231e+02
 8.32298773e+01
 7.77191724e+01
 6.30939886e+01
 7.68094002e+01
 6.44494515e+01
 5.65288478e+01
 1.00635817e+02
 3.71653143e+01
 6.81677040e+01
 3.61744794e+01
 1.91667651e+01
 4.32865787e+01
 6.14241073e+01
 1.12953248e+02
 9.34011125e+01
 2.43365669e+01
 2.23847633e+01
 1.66743935e+01
 3.84528198e+01
 3.33437274e+01
 1.77781031e+01
 4.18390440e+01
 8.09746055e+00
 4.19249763e+01
 1.98746798e+01
 4.17021586e+01
 4.44011224e+01
 1.78204430e+01
 2.32782786e+00
 1.19414511e+02
 5.64962989e+01
 2.77940828e+01
 3.09453948e+01
 3.08802609e+01
 1.81574270e+01
 6.00141349e+01
 4.31057064e+01
 3.53880238e+01
 3.97978650e+01
 5.60932634e+01
 5.63104171e+01
 5.22707216e+01
 9.71659730e+01
 4.37654068e+01
 2.21119423e+01
 1.11972880e+01
 5.13039744e+01
 4.64842124e+01
 1.36511647e+02
 1.39622847e+02
 5.19429785e+01
 7.98018733e+01
 5.33191841e+01
 2.83834976e+01
 4.45907075e+01
 2.31995950e+01
 2.34516446e+01
 1.16917379e+01
 8.08500216e+01
 1.22152532e+02
 8.72032216e+01
 3.56076613e+01
 3.89600085e+01
 1.33720801e+02
 4.21585391e+01
 3.72323893e+01
 3.72929338e+01
 6.88416159e+01
 4.88671750e+01
 3.26866108e+01
 3.20475904e+01
 5.85314229e+01
 7.99210420e+01
 3.84172653e+01
 1.41471246e+02
 4.20961978e+01
 1.14227855e+01
 3.93659493e+01
 2.44044486e+01
 2.96641612e+01
 3.60484614e+01
 2.07121287e+01
 2.85844717e+01
 1.37273857e+02
 6.81087676e+01
 1.22549567e+02
 4.45941893e+01
 1.42505085e+01
 2.54952011e+01
 3.64105909e+01
 8.15467934e+00
 4.97143833e+01
 1.00673944e+01
 1.50612948e+01
 3.04977084e+01
 7.89779175e+00
 9.39493078e+01
 5.03477769e+01
 1.73112747e+01
 3.67489500e+01
 5.22304848e+01
 2.26961001e+01
 1.83860662e+01
 3.32110999e+01
 4.09154878e+01
 5.33210464e+01
 1.20930086e+02
 2.81945514e+01
 9.00968374e+01
 1.19355597e+02
 2.66283225e+01
 2.21967903e+01
 4.91057281e+01
 2.43168353e+01
 1.92388040e+01
 5.72943627e+01
 3.82524915e+00
 4.03546280e+01
 6.87151393e+01
 2.98203865e+01
 1.66361457e+02
 1.52118640e+02
 5.81161100e+01
 3.63401688e+01
 6.51243592e+01
 6.22813958e+01
 6.36850612e+01
 6.40693934e+01
 2.42667465e+01
 1.91344661e+01
 2.73590368e+01
 8.67980733e+01
 5.12264952e+01
 9.16150640e+01
 9.55643988e+01
 2.95228786e+01
 2.33336421e+01
 3.53907476e+00
 7.50643560e+01
 2.52023131e+01
 1.56918330e+01
 5.76238721e+01
 3.48512938e+01
 6.49349601e+01
 8.80922120e+01
 5.74196116e+01
 3.31817876e+01
 2.26527419e+01
 1.40182298e+02
 3.14237405e+01
 1.15549756e+02
 7.62681133e+01
 1.63000451e+01
 8.82744709e+01
 4.34764009e+01
 1.11813836e+02
 7.84781950e+01
 7.44724008e+01
 5.73734691e+01
 7.13254104e+01
 1.85016854e+01
 1.00232751e+02
 8.92944387e+01
 1.24343496e+01
 1.44461661e+01
 6.28780373e+01
 4.84601648e+01
 5.55383133e+01
 1.26842489e+02
 2.09452036e+02
 6.73571184e+01
 4.93939775e+01
 2.64732906e+01
 3.45375114e+01
 6.05645525e+01
 5.24888597e+01
 2.22862934e+01
 7.18767368e+01
 6.73807377e+01
 4.78413688e+01
 5.26099820e+01
 5.86044319e+01
 3.95254117e+01
 3.82393402e+01
 3.50250250e+01
 4.56749214e+01
 3.10148768e+01
 6.86371827e+01
 1.75762849e+01
 4.98169377e+01
 4.02100687e+01
 9.58272752e+01
 4.49031265e+01
 2.98373363e+01
 3.78305347e+01
 1.38214538e+01
 7.00416907e+01
 3.66516614e+01
 6.85048006e+01
 4.89829674e+01
 1.29247413e+01
 8.94963454e+00
 1.25425125e+01
 7.66028491e+01
 5.30805813e+01
 4.14276664e+01
 9.60595090e+01
 1.45892562e+01
 1.00271559e+02
 3.16826278e+01
 6.43750374e+01
 4.88390149e+01
 2.28678472e+01
 8.21253498e+00
 5.91965450e+01
 1.30062389e+02
 1.95956334e+01
 7.51721792e+01
 9.59456606e+01
 6.43657414e+01
 2.75716976e+01
 2.10857666e+01
 5.99830784e+01
 3.49079695e+01
 4.16099205e+01
 1.51195442e+01
 3.50354547e+01
 4.20038222e+01
 9.76019685e+01
 6.21328008e+01
 4.75309416e+01
 3.75130642e+01
 1.91303454e+01
 8.55469781e+00
 2.01669211e+01
 7.75847565e+01
 1.90964539e+01
 2.26444585e+00
 4.06338288e+01
 2.60615736e+01
 3.30047837e+01
 9.72849185e+01
 4.05718475e+01
 3.52268529e+01
 5.65676388e+01
 3.41733186e+01
 6.97749355e+01
 1.13206756e+01
 6.11990364e+01
 8.38989578e+01
 5.72269394e+01
 6.24479771e+01
 1.02508073e+02
 2.82647597e+01
 1.62771601e+01
 6.26993533e+00
 1.32471454e+02
 8.89578559e+01
 1.07800128e+02
 1.62520329e+01
 4.88033618e+01
 1.44923146e+01
 1.15741436e+02
 7.55020941e+01
 4.04837815e+01
 7.39105168e+01
 2.22573149e+01
 3.11123186e+01
 4.64797805e+01
 6.67174613e+01
 3.40077766e+01
 1.92382858e+01
 4.20279170e+01
 3.19228843e+01
 5.68233542e+01
 6.33247027e+01
 4.35153621e+01
 5.57072407e+01
 4.31646038e+01
 3.87390227e+01
 2.14498332e+01
 9.73220830e+01
 2.38855802e+01
 3.08165577e+01
 6.43724793e+01
 3.31782345e+01
 1.24725925e+02
 5.99460576e+01
 5.04473242e+01
 4.07196843e+01
 3.09586319e+01
 2.66293626e+01
 1.12878867e+02
 6.95667080e+01
 2.49253184e+01
 6.39140210e+01
 3.22953988e+01
 3.06908260e+01
 3.69427086e+01
 1.32770631e+01
 7.90292258e+01
 1.10542032e+01
 5.97347820e+01
 1.02690159e+01
 1.69799358e+01
 5.54650117e+01
 4.95001983e+01
 3.91627414e+01
 6.19266376e+01
 4.07975426e+01
 2.09498652e+01
 8.32055969e+00
 2.70224414e+01
 5.59340565e+01
 2.66568089e+01
 2.66965083e+01
 6.53491005e+01
 6.65934110e+01
 5.34316891e+01
 5.10268366e+01
 2.23203510e+01
 6.63861284e+01
 1.02706090e+02
 6.27349588e+01
 7.60566157e+01
 2.74767742e+01
 5.05634283e+01
 2.94642686e+01
 1.26313342e+01
 1.26980566e+01
 8.37635016e+01
 2.07354858e+01
 1.01746875e+02
 3.47989362e+01
 4.57787335e+01
 2.83020328e+01
 2.74967020e+01
 6.39468516e+01
 3.27167059e+01
 5.45216500e+01
 0.00000000e+00
 5.41709891e+01
 3.67021503e+01
 1.89530970e+01
 7.73976882e+00
 1.48363544e+01
 4.99600383e+01
 7.49276780e+01
 2.94995954e+01
 3.36197492e+01
 4.06716427e+01
 1.60860859e+01
 1.04428819e+01
 7.67292317e+01
 2.49335410e+01
 6.23212340e+01
 4.13360567e+01
 5.29046448e+01
 3.04774361e+01
 6.87267696e+01
 1.79814644e+01
 5.42827425e+01
 6.96114718e+01
 3.49727255e+01
 4.46046210e+01
 1.16937547e+02
 5.79341353e+01
 5.74705238e+01
 7.07865011e+01
 4.51008128e+01
 1.27209193e+02
 9.25707109e+01
 1.37580150e+02
 1.89464026e+01
 1.49572393e+01
 2.39214205e+01
 5.78809002e+01
 7.29214227e+01
 1.10358918e+02
 4.66199791e+00
 4.12961600e+01
 2.24171967e+01
 4.84697724e+01
 5.60117756e+01
 1.05644206e+02
 9.89132007e+01
 3.64104057e+01
 3.45934003e+01
 2.50582810e+01
 9.99806159e+01
 7.10851936e+01
 6.62515684e+01
 1.04619668e+02
 6.58154189e+01
 9.91756964e+01
 3.53660456e+01
 6.20270150e+01
 3.43558340e+01
 2.25459993e+01
 2.24973066e+00
 7.25741434e+01
 5.61838969e+01
 8.96982254e+01
 3.82193797e+01
 2.59559915e+01
 3.99271371e+01
 1.22393220e+02
 3.93738199e+01
 5.79269408e+01
 4.42715425e+01
 3.36435491e+01
 1.84794455e+01
 2.06112694e+01
 1.77791184e+02
 2.25000807e+01
 5.61651934e+01
 8.23532909e+01
 3.78106510e+01
 1.30513081e+01
 3.78551573e+01
 4.33649592e+01
 1.50953890e+02
 2.55646301e+01
 6.66164359e+01
 3.15362889e+01
 5.85166307e+01
 2.52613578e+01
 4.22912184e+01
 6.35703710e+01
 9.50093117e+01
 8.41622673e+01
 8.07011974e+01
 1.68283805e+02
 1.38086919e+02
 1.12279777e+02
 2.66739242e+01
 4.55514324e+01
 9.79902191e+00
 2.83388414e+01
 2.76225014e+01
 4.69684324e+01
 1.29386326e+01
 1.49222500e+01
 5.82209425e+01
 1.19240746e+02
 1.39955280e+02
 1.99868742e+01
 5.04364791e+01
 1.82257093e+01
 8.08436540e+01
 2.01859548e+01
 3.00363318e+01
 3.04111893e+01
 3.87623030e+01
 1.32725864e+02
 3.37865784e+01
 1.07054928e+02
 7.34907092e+01
 3.97984716e+01
 1.89960911e+01
 4.32766918e+01
 6.03378017e+01
 2.42582497e+00
 8.05020940e+01
 3.12970251e+01
 2.34478508e+01
 5.83802932e+01
 3.01958677e+01
 5.39624148e+01
 1.78834946e+01
 4.45087055e+01
 4.45204664e+01
 1.30741907e+02
 3.69801035e+01
 5.38365319e+01
 3.44409999e+01
 8.99105986e+00
 1.30582700e+01
 7.09283549e+00
 4.48385043e+01
 4.32670372e+01
 6.49238096e+01
 2.92437871e+01
 5.33119468e+00
 7.78071887e+01
 1.26815247e+01
 7.26144645e+01
 3.65059282e+01
 5.59833662e+01
 6.83826261e+01
 8.32662710e+01
 6.48687310e+01
 8.81250491e+01
 7.95952608e+01
 2.04376957e+01
 8.14129986e+01
 9.83247251e+01
 1.24341029e+02
 7.94196785e+00
 7.46864429e+00
 1.85925242e+01
 1.88700709e+01
 5.67375196e+01
 8.38352800e+01
 1.19433521e+02
 3.64515859e+01
 6.00264443e+00
 2.92842976e+01
 8.22603520e+00
 2.96269441e+01
 5.06268094e+01
 3.26688533e+01
 1.28265439e+02
 5.62127860e+01
 4.84633316e+01
 1.12291395e+01
 1.05716497e+02
 1.10239463e+02
 7.51062615e+00
 1.37229874e+01
 4.71150743e+01
 2.13817760e+01
 6.22461168e+01
 5.67692265e+01
 2.80872714e+01
 7.33481142e+01
 1.03513553e+02
 1.11518717e+02
 1.03256478e+02
 1.05140536e+02
 5.83256199e+01
 6.81627735e+01
 4.38446626e+01
 2.76538964e+01
 2.92643300e+01
 4.06936178e+01
 1.22374941e+02
 2.82020973e+01
 3.69921032e+01
 9.50258028e+01
 1.63402684e+02
 1.98174808e+02
 3.08647099e+01
 1.71345728e+01
 6.01584791e+01
 6.00265308e+01
 7.37492605e+01
 5.69495044e+01
 5.51540819e+01
 5.73278857e+01
 2.99295550e+01
 1.07515447e+02
 2.32793786e+01
 4.55447279e+01
 2.24203801e+01
 7.83149849e+00
 2.83486105e+01
 6.93980887e+01
 1.90796576e+01
 2.67020209e+01
 4.92106643e+01
 4.80228146e+01
 1.03314961e+02
 3.50905327e+01
 2.42311421e+01
 5.05108153e+01
 6.32606591e+01
 3.66187316e+01
 1.01973188e+01
 1.23746589e+02
 5.41465973e+01
 5.02994888e+01
 6.50544447e+01
 4.66850541e+01
 7.51326250e+01
 1.49234084e+02
 6.18658499e+01
 1.29117746e+02
 3.49546163e+01
 1.81101152e+01
 4.62882739e+01
 4.36032916e+01
 4.59055248e+01
 1.10313689e+01
 1.01808593e+02
 2.62984149e+01
 6.44579193e+01
 7.91879380e+01
 8.73475881e+01
 6.15300676e+01
 3.69195083e+01
 4.42871911e+01
 1.16917497e+02
 1.22861184e+02
 1.76060180e+01
 2.35433011e+01
 1.82463735e+01
 2.96172598e+00
 1.73375408e+01
 1.85835983e+01
 4.02080396e+01
 3.74973237e+01
 6.05778198e+01
 8.05541109e+00
 5.89935224e+01
 1.08062736e+02
 6.98022155e+01
 1.70933583e+01
 3.93377892e+00
 3.61250596e+01
 2.43882196e+01
 3.52184128e+01
 1.00185064e+02
 3.05638925e+01
 5.24290512e+01
 7.41391598e+01
 4.06313097e+01
 6.42448578e+01
 1.24721996e+02
 4.62998650e+01
 2.83975532e+01
 2.01465963e+01
 8.02501443e+01
 6.47322841e+01
 6.31268014e+01
 1.13062613e+02
 5.23140432e+01
 6.33775282e+01
 2.46356539e+01
 7.96660522e+01
 8.77988222e+01
 4.68552611e+01
 3.91973787e+01
 5.58431397e+01
 3.38945633e+01
 3.71544219e+01
 5.68807656e+01
 1.36242104e+02
 2.22674364e+01
 1.92151658e+01
 1.79927305e+00
 1.12596261e+02
 6.61508746e+01
 2.23797673e+01
 4.91023212e+01
 1.22774719e+01
 2.19703284e+01
 8.47564805e+01
 1.50445786e+02
 1.44022897e+02
 5.39464688e+01
 2.27709167e+01
 5.48907233e+01
 5.41567776e+01
 9.74002148e+01
 5.72265009e+01
 5.71992227e+01
 5.43518809e+01
 6.42631667e+01
 1.02712064e+02
 1.08460884e+02
 3.47070882e+01
 1.31695730e+01
 6.56435890e+01
 3.84223644e+01
 9.93933863e+01
 7.60310451e+01
 3.84371402e+01
 3.37115449e+01
 6.03039565e+00
 3.30894124e+01
 1.00493580e+02
 4.63528917e+01
 1.25479555e+02
 1.65019838e+01
 1.52363113e+01
 1.53160815e+01
 5.78284829e+01
 1.17499539e+01
 2.50318205e+01
 3.07812870e+01
 9.84969889e+01
 7.44055939e+01
 1.04835392e+02
 8.52682070e+01
 8.79559012e+01
 2.54165195e+01
 1.30009959e+02
 2.14471337e+00
 1.38943896e+02
 4.90876232e+01
 1.01164650e+01
