 4.47960815e+00
 6.48201904e+00
 7.07970581e+00
 1.14320923e+01
 1.48492065e+01
 2.03536316e+01
 1.86926819e+01
 2.00877930e+01
 1.87974487e+01
 1.36519714e+01
 1.04451843e+01
 4.54055176e+00
 4.05855713e+00
 2.99309692e+00
 7.08944092e+00
 1.13875061e+01
 1.56864258e+01
 1.92923218e+01
 2.18709961e+01
 1.76750427e+01
 1.51447083e+01
 1.37254578e+01
 9.41896973e+00
 6.48055420e+00
 3.33315430e+00
 5.70006714e+00
 9.14888916e+00
 1.03197876e+01
 1.31849915e+01
 1.76610352e+01
 2.15888000e+01
 2.19933411e+01
 1.73595825e+01
 1.10403992e+01
 9.00249634e+00
 5.59356079e+00
 3.73546753e+00
 -4.51123657e+00
 6.59789429e+00
 1.02986694e+01
 1.43700195e+01
 2.10134827e+01
 2.08554321e+01
 2.10842529e+01
 1.82254578e+01
 1.26967712e+01
 9.03545532e+00
 6.67284546e+00
 6.01970825e+00
 6.07189331e+00
 8.92348633e+00
 9.27379761e+00
 1.36432739e+01
 1.92274719e+01
 2.31461731e+01
 2.16484619e+01
 1.81849915e+01
 1.27245422e+01
 1.00624939e+01
 4.27324829e+00
 3.65731201e+00
 6.56130371e+00
 8.11889038e+00
 1.16242615e+01
 1.57512756e+01
 1.89694153e+01
 1.97097412e+01
 2.01226746e+01
 1.80850464e+01
 1.39966064e+01
 9.15603027e+00
 6.36504517e+00
 4.44280396e+00
 5.40752563e+00
 4.45748291e+00
 9.32991943e+00
 1.30830627e+01
 1.94938904e+01
 2.10753723e+01
 2.10756165e+01
 1.79193054e+01
 1.26183411e+01
 5.91674194e+00
 4.73720703e+00
 1.82344971e+00
 2.77575073e+00
 5.94979248e+00
 1.10090881e+01
 1.35159241e+01
 2.04778687e+01
 2.23474976e+01
 2.33267456e+01
 1.71770264e+01
 1.35030762e+01
 9.56994019e+00
 6.63164673e+00
 3.34563599e+00
 4.28713379e+00
 7.08666382e+00
 9.33730469e+00
 1.28672424e+01
 1.97595764e+01
 2.14150024e+01
 1.93613525e+01
 1.73538757e+01
 1.44863220e+01
 9.39684448e+00
 5.11757813e+00
 -4.85174561e-01
 4.37429199e+00
 7.13121948e+00
 1.10001160e+01
 1.21253601e+01
 1.91222778e+01
 2.06188293e+01
 2.01870056e+01
 1.73246094e+01
 1.28726746e+01
 7.53908691e+00
 4.70351563e+00
 4.33562622e+00
 4.47982178e+00
 1.00228516e+01
 1.03227783e+01
 1.54688660e+01
 1.89391113e+01
 2.09310242e+01
 2.04941040e+01
 1.63005920e+01
 1.24832397e+01
 7.01723633e+00
 6.98458252e+00
 5.98079834e+00
 5.28701172e+00
 8.19115601e+00
 1.04281860e+01
 1.61309448e+01
 1.99045959e+01
 2.12655884e+01
 2.02223450e+01
 1.58892761e+01
 1.53246399e+01
 8.10317383e+00
 7.02071533e+00
 4.08190308e+00
 2.41256104e+00
 3.82348022e+00
 1.06533142e+01
 1.33301025e+01
 1.74087769e+01
 2.05898682e+01
 2.24880920e+01
 1.81204468e+01
 1.23958984e+01
 6.19436035e+00
 3.97380981e+00
 4.95983276e+00
 4.79412231e+00
 6.85140381e+00
 1.14927612e+01
 1.41707092e+01
 2.10551392e+01
 2.22172485e+01
 2.37664429e+01
 1.58240906e+01
 1.24329163e+01
 7.08004150e+00
 6.55220947e+00
 4.68746338e+00
 3.15731201e+00
 8.37645874e+00
 1.02947021e+01
 1.54664551e+01
 1.76741882e+01
 1.89947144e+01
 2.07362610e+01
 1.84635864e+01
 1.62872253e+01
 1.09944092e+01
 5.68715820e+00
 4.29168091e+00
 2.88991699e+00
 7.04717407e+00
 9.97142944e+00
 1.56499268e+01
 2.14366394e+01
 2.26874939e+01
 2.05693909e+01
 1.79725586e+01
 1.11615540e+01
 9.77440796e+00
 7.52407227e+00
 4.78933105e+00
 6.83300171e+00
 8.11492310e+00
 9.59069214e+00
 1.49980408e+01
 2.01009155e+01
 1.95028931e+01
 2.23392273e+01
 1.80649658e+01
 1.42478882e+01
 9.87709961e+00
 5.42012939e+00
 3.55379639e+00
 6.07204590e+00
 8.60781250e+00
 1.15907227e+01
 1.34284302e+01
 1.91665283e+01
 2.16428772e+01
 1.99947449e+01
 1.85795532e+01
 1.29208313e+01
 1.04323669e+01
 6.11968384e+00
 5.31368408e+00
 7.36544189e+00
 8.57970581e+00
 1.13956848e+01
 1.27781311e+01
 2.07725464e+01
 2.21634766e+01
 2.23479248e+01
 1.82189575e+01
 1.43904358e+01
 8.34395752e+00
 5.61126099e+00
 4.11943970e+00
 6.38759766e+00
 6.88771973e+00
 1.38596130e+01
 1.80349365e+01
 2.00277344e+01
 2.24586731e+01
 2.49456421e+01
 1.78691650e+01
 1.24629456e+01
 8.59121094e+00
 7.02523193e+00
 6.17101440e+00
 3.32488403e+00
 7.42531738e+00
 1.41445251e+01
 1.64464966e+01
 1.82665039e+01
 2.18999268e+01
 2.00244385e+01
 1.92203308e+01
 1.13843323e+01
 7.84597168e+00
 6.83147583e+00
 3.76738892e+00
 3.24163208e+00
 6.75948486e+00
 1.02400452e+01
 1.43305603e+01
 1.98131653e+01
 1.99688660e+01
 1.84283386e+01
 1.88911682e+01
 1.20823303e+01
 9.86025391e+00
 6.66390381e+00
 5.90173340e-01
 5.03350830e-01
 7.05327759e+00
 1.25419556e+01
 1.73336426e+01
 1.63156677e+01
 2.01767517e+01
 2.00434204e+01
 1.70159546e+01
 1.16014038e+01
 1.10124451e+01
 4.99132690e+00
 5.66167603e+00
 4.84841309e+00
 7.52877197e+00
 1.46886230e+01
 1.62665649e+01
 1.78752075e+01
 2.08616882e+01
 2.32152344e+01
 1.71027466e+01
 1.22669006e+01
 8.74932251e+00
 2.70745239e+00
 3.39147339e+00
 6.29625854e+00
 8.73986206e+00
 1.46031738e+01
 1.42084900e+01
 1.71101624e+01
 2.13349548e+01
 2.11986633e+01
 1.90788818e+01
 1.20490967e+01
 9.80385742e+00
 6.30605469e+00
 4.79763184e+00
 2.75859985e+00
 5.66076050e+00
 1.13193604e+01
 1.52860657e+01
 1.88316895e+01
 2.18040100e+01
 2.07754761e+01
 1.73035217e+01
 1.15756470e+01
 8.39290771e+00
 5.73085938e+00
 4.65941772e+00
 4.80306396e+00
 7.07042847e+00
 1.10620361e+01
 1.50689331e+01
 2.03716675e+01
 2.03681580e+01
 1.94723450e+01
 1.68341614e+01
 1.44467407e+01
 7.69805298e+00
 5.61196289e+00
 3.79357300e+00
 2.82048950e+00
 6.91420898e+00
 1.17346436e+01
 1.42398926e+01
 1.91267029e+01
 2.33215271e+01
 2.02998291e+01
 1.90212646e+01
 1.57409302e+01
 1.21316162e+01
 5.58336792e+00
 5.10985718e+00
 5.54467773e-01
 7.86690674e+00
 1.03108459e+01
 1.36984497e+01
 1.93283630e+01
 2.12229553e+01
 2.02994629e+01
 1.68707825e+01
 1.26943604e+01
 9.58348999e+00
 5.49279175e+00
 3.30773315e+00
 1.66466675e+00
 7.04903564e+00
 8.66149292e+00
 1.45238892e+01
 1.79864441e+01
 2.03312622e+01
 2.17050720e+01
 1.61578918e+01
 1.26192566e+01
 9.40426025e+00
 8.29546509e+00
 3.16030273e+00
 5.51668701e+00
 5.53237305e+00
 1.22854248e+01
 1.93559509e+01
 1.78750244e+01
 2.29331604e+01
 2.12200256e+01
 1.93262268e+01
 1.44889160e+01
 1.17140137e+01
 7.44472656e+00
 6.95729980e+00
 5.51101074e+00
 8.45742188e+00
 1.02199036e+01
 1.35015808e+01
 1.83340088e+01
 1.94479614e+01
 2.09257141e+01
 1.71415649e+01
 1.27535950e+01
 1.05266052e+01
 6.68056641e+00
 5.82546387e+00
 5.23446045e+00
 7.31145630e+00
 1.17431580e+01
 1.69469849e+01
 2.07579590e+01
 2.08322998e+01
 1.95929810e+01
 1.89308105e+01
 1.27767883e+01
 1.03911682e+01
 7.46941528e+00
 5.90908203e+00
 4.43639526e+00
 8.97408447e+00
 1.26641785e+01
 1.27665649e+01
 1.99948669e+01
 2.27570740e+01
 2.07759644e+01
 1.86740662e+01
 1.32966248e+01
 6.64791260e+00
 4.54781494e+00
 4.64885864e+00
 5.77468262e+00
 8.23623047e+00
 1.03101746e+01
 1.77519165e+01
 2.12284790e+01
 2.29548584e+01
 2.11617065e+01
 1.63450256e+01
 1.36500488e+01
 1.15474487e+01
 7.35320435e+00
 3.78606567e+00
 4.93081055e+00
 1.80480347e+00
 1.03898560e+01
 1.45322510e+01
 1.94180847e+01
 2.01137939e+01
 2.32425781e+01
 1.87370850e+01
 1.20967651e+01
 8.54561768e+00
 5.60897217e+00
 -2.61536255e+00
 4.99935303e+00
 4.90902100e+00
 6.96755371e+00
 1.45835510e+01
 1.84105774e+01
 2.24182678e+01
 2.29711548e+01
 1.91337524e+01
 1.48407837e+01
 8.99523315e+00
 6.99785767e+00
 6.78426514e+00
 5.67598877e+00
 8.29088745e+00
 1.26535583e+01
 1.55635620e+01
 1.89131714e+01
 2.29164368e+01
 2.26358276e+01
 1.77153259e+01
 1.34229980e+01
 9.57076416e+00
 8.80989990e+00
 5.66182861e+00
 5.65288696e+00
 1.03408752e+01
 1.35631653e+01
 1.84725891e+01
 2.13947693e+01
 2.16073853e+01
 2.26252380e+01
 2.04225098e+01
 1.33422791e+01
 1.13702637e+01
 7.10003052e+00
 6.83895264e+00
 6.17827759e+00
 6.03280029e+00
 1.20636536e+01
 1.54590393e+01
 1.92513977e+01
 1.93717285e+01
 2.15913940e+01
 1.88095032e+01
 1.44492126e+01
 1.22693726e+01
 7.15065918e+00
 6.96569214e+00
 7.24956665e+00
 7.06902466e+00
 1.22894836e+01
 1.64472595e+01
 1.88759399e+01
 2.20031067e+01
 2.14293152e+01
 1.67416931e+01
 1.31254822e+01
 8.72426758e+00
 6.05986938e+00
 4.40276489e+00
 4.99575195e+00
 7.21785889e+00
 1.18952881e+01
 1.69181458e+01
 1.84836670e+01
 2.17685791e+01
 2.22937256e+01
 1.91770264e+01
 1.50453430e+01
 1.02821594e+01
 8.04659424e+00
 2.51632080e+00
 4.50145874e+00
 9.05660400e+00
 9.01876221e+00
 1.62854858e+01
 2.07632080e+01
 2.28437134e+01
 2.17871033e+01
 1.93780151e+01
 1.33443848e+01
 7.77684937e+00
 6.62453613e+00
 4.67446289e+00
 6.80462036e+00
 8.88686523e+00
 1.07484680e+01
 1.35943237e+01
 2.09070679e+01
 2.13770386e+01
 2.16189209e+01
 1.82142273e+01
 1.59304138e+01
 1.10172363e+01
 8.89852295e+00
 6.21300659e+00
 2.83666382e+00
 6.82637939e+00
 1.49875732e+01
 1.62743164e+01
 1.95514160e+01
 2.38075195e+01
 2.21099182e+01
 1.99717346e+01
 1.35007874e+01
 8.71761475e+00
 7.03395996e+00
 3.08507690e+00
 6.88710938e+00
 8.11599121e+00
 1.29019409e+01
 1.77852722e+01
 2.09622742e+01
 2.38625732e+01
 2.16005493e+01
 1.77580505e+01
 1.39976746e+01
 1.16201416e+01
 7.42708740e+00
 4.35744629e+00
 5.90538940e+00
 1.13106018e+01
 1.19174133e+01
 1.85201050e+01
 1.98454834e+01
 2.13283630e+01
 2.15347534e+01
 1.67174011e+01
 1.40508667e+01
 1.11551147e+01
 7.91332397e+00
 4.09499512e+00
 4.03704224e+00
 7.37441406e+00
 1.11734558e+01
 1.40125671e+01
 1.83044373e+01
 2.18334290e+01
 2.04049316e+01
 2.07872864e+01
 1.49355713e+01
 9.39626465e+00
 6.26967773e+00
 4.27874146e+00
 6.77733765e+00
 7.23415527e+00
 1.35892883e+01
 1.66655212e+01
 1.68596130e+01
 2.07201172e+01
 1.88444458e+01
 1.73817078e+01
 1.34540344e+01
 9.56911621e+00
 6.17434082e+00
 4.45394287e+00
 6.59688721e+00
 6.70183716e+00
 1.16924683e+01
 1.36650635e+01
 2.10517517e+01
 2.36301514e+01
 2.10552307e+01
 2.00282837e+01
 1.55264526e+01
 1.03458801e+01
 7.48504028e+00
 4.94481812e+00
 5.54668579e+00
 8.70342407e+00
 1.05454041e+01
 1.57289368e+01
 2.21302429e+01
 2.22159058e+01
 2.36758057e+01
 1.99192139e+01
 1.59170471e+01
 1.17950684e+01
 7.26711426e+00
 3.09661255e+00
 6.68175659e+00
 8.20855103e+00
 1.29137512e+01
 1.60541016e+01
 1.97485596e+01
 2.27550903e+01
 2.17824036e+01
 1.81893860e+01
 1.31621643e+01
 8.92034302e+00
 2.21526489e+00
 5.20217285e+00
 5.54113159e+00
 4.60753784e+00
 1.15224548e+01
 1.49086548e+01
 1.85419861e+01
 2.25804993e+01
 2.19459167e+01
 1.97034546e+01
 1.23205200e+01
 9.67482910e+00
 5.80220947e+00
 2.53124390e+00
 6.31618652e+00
 4.88918457e+00
 1.08051392e+01
 1.53980957e+01
 1.98946777e+01
 2.17179199e+01
 2.05297791e+01
 1.65696655e+01
 1.34135681e+01
 9.47713623e+00
 5.15346680e+00
 5.33654175e+00
 4.32564697e+00
 6.49019775e+00
 1.08362671e+01
 1.49769836e+01
 1.97142273e+01
 2.35983521e+01
 2.17470642e+01
 1.75192505e+01
 1.46151367e+01
 7.15456543e+00
 4.80681763e+00
 6.25084839e+00
 1.73732910e+00
 8.29216919e+00
 1.05493103e+01
 1.40857178e+01
 2.01098267e+01
 2.32294861e+01
 2.16906067e+01
 1.93392273e+01
 1.28949219e+01
 9.02422485e+00
 6.18193970e+00
 5.25481567e+00
 4.94094238e+00
 7.04723511e+00
 1.46792236e+01
 1.46812683e+01
 2.01591736e+01
 2.03592773e+01
 2.17667175e+01
 1.79594971e+01
 1.40205627e+01
 1.07114197e+01
 7.97692261e+00
 5.96547852e+00
 4.27111206e+00
 8.26311646e+00
 1.22713562e+01
 1.53714233e+01
 1.92597290e+01
 2.47782227e+01
 2.35140625e+01
 2.04496399e+01
 1.40931335e+01
 8.08553467e+00
 3.26226196e+00
 4.83583984e+00
 5.51531372e+00
 5.22698364e+00
 1.12894836e+01
 1.50285583e+01
 1.86060425e+01
 2.10483337e+01
 2.04422546e+01
 1.91672913e+01
 1.63945557e+01
 1.09586731e+01
 6.79766235e+00
 5.69985352e+00
 5.17446289e+00
 9.88106689e+00
 1.07216431e+01
 1.65902039e+01
 1.85152832e+01
 2.13782288e+01
 2.16556641e+01
 1.85372864e+01
 1.38567444e+01
 1.00919739e+01
 6.87862549e+00
 6.05669556e+00
 5.77752075e+00
 9.07604370e+00
 1.16700378e+01
 1.52865540e+01
 2.12994629e+01
 2.19060913e+01
 2.14417969e+01
 1.74462830e+01
 1.26581665e+01
 1.07400452e+01
 7.04421387e+00
 3.32183228e+00
 3.74340210e+00
 8.88823853e+00
 1.33475891e+01
 1.53264709e+01
 1.97423340e+01
 2.35537659e+01
 2.16747070e+01
 2.13743225e+01
 1.44049316e+01
 1.15132996e+01
 5.73397217e+00
 6.48311768e+00
 7.03017578e+00
 5.81951294e+00
 1.00270935e+01
 1.60729309e+01
 1.85005127e+01
 2.01209045e+01
 2.30129028e+01
 1.78933044e+01
 1.52398010e+01
 1.04042297e+01
 6.16201172e+00
 6.79924927e+00
 1.32921753e+00
 7.47997437e+00
 1.21909729e+01
 1.62803284e+01
 2.06987854e+01
 2.15283752e+01
 2.22912537e+01
 1.88190552e+01
 1.33502441e+01
 7.64006958e+00
 7.91610107e+00
 3.32741699e+00
 6.21596680e+00
 7.86785278e+00
 1.05238281e+01
 1.78812500e+01
 1.89815918e+01
 2.03022705e+01
 1.98590332e+01
 1.71818787e+01
 1.30117737e+01
 1.05991760e+01
 6.86397705e+00
 4.52291260e+00
 5.33333740e+00
 6.04866943e+00
 1.23006531e+01
 1.57132202e+01
 1.79186951e+01
 2.07134033e+01
 1.94733826e+01
 1.69439941e+01
 1.22086426e+01
 1.05848022e+01
 7.60494385e+00
 6.30501709e+00
 5.51464233e+00
 6.35216675e+00
 1.33719421e+01
 1.69018188e+01
 1.70822083e+01
 2.22466980e+01
 2.14390503e+01
 1.88510986e+01
 1.40422302e+01
 8.60692749e+00
 9.92116699e+00
 3.89724121e+00
 5.87246094e+00
 5.85552368e+00
 9.61846313e+00
 1.52927795e+01
 1.68182007e+01
 2.20765015e+01
 2.23660522e+01
 1.81338135e+01
 1.63648315e+01
 1.08778931e+01
 8.75298462e+00
 5.63283691e+00
 3.20556030e+00
 6.93258057e+00
 1.26159302e+01
 1.80163208e+01
 1.82711121e+01
 2.02358948e+01
 2.11310059e+01
 1.87332397e+01
 1.50987183e+01
 1.04464050e+01
 7.18758545e+00
 5.98052368e+00
 6.76650391e+00
 8.43670044e+00
 1.21897522e+01
 1.87092834e+01
 1.86991516e+01
 2.17286011e+01
 2.32843567e+01
 2.18324829e+01
 1.69946533e+01
 9.48183594e+00
 7.98012695e+00
 6.64392090e-01
 3.84993896e+00
 6.79323730e+00
 1.05447632e+01
 1.48409973e+01
 2.18116394e+01
 2.32177063e+01
 2.29006592e+01
 1.83354736e+01
 1.45934387e+01
 9.84249268e+00
 7.24971924e+00
 4.64916382e+00
 4.26128540e+00
 1.02921997e+01
 1.43462463e+01
 1.66100708e+01
 1.92918640e+01
 2.43991638e+01
 2.19381348e+01
 1.93846985e+01
 1.52437073e+01
 1.10034729e+01
 7.94844971e+00
 4.97884521e+00
 3.78322754e+00
 8.69170532e+00
 1.18074890e+01
 1.38031860e+01
 2.17973572e+01
 2.23672424e+01
 2.03170105e+01
 1.96493164e+01
 1.30218140e+01
 1.08474060e+01
 5.46618042e+00
 3.73693237e+00
 3.82769165e+00
 6.14400635e+00
 1.10349060e+01
 1.73146301e+01
 1.92566162e+01
 2.18516174e+01
 2.33782898e+01
 1.75146118e+01
 1.29820801e+01
 1.02523438e+01
 6.58678589e+00
 3.99700317e+00
 5.39522705e+00
 7.15404663e+00
 1.31125732e+01
 1.64600159e+01
 1.97863098e+01
 2.19006897e+01
 1.98598877e+01
 1.97248779e+01
 1.35923096e+01
 9.00930176e+00
 4.59002075e+00
 5.10750732e+00
 4.60683594e+00
 6.12685547e+00
 1.21632324e+01
 1.38204895e+01
 1.86722046e+01
 2.30885559e+01
 2.23909851e+01
 1.92696167e+01
 1.60074707e+01
 1.04780518e+01
 6.48815308e+00
 7.02788696e+00
 6.41762695e+00
 6.04253540e+00
 1.48540283e+01
 1.53014465e+01
 2.06978699e+01
 2.31213623e+01
 2.07455383e+01
 1.68864990e+01
 1.41350342e+01
 9.57216797e+00
 6.06661377e+00
 2.95177612e+00
 4.10659180e+00
 7.21029053e+00
 1.43914429e+01
 1.19640137e+01
 2.11601807e+01
 2.31090027e+01
 2.30754333e+01
 1.83979736e+01
 1.33241516e+01
 8.80028687e+00
 5.65639648e+00
 3.92519531e+00
 5.66774902e+00
 9.72084961e+00
 1.06043640e+01
 1.48883606e+01
 2.07815796e+01
 2.29126526e+01
 2.16486450e+01
 1.81534668e+01
 1.44944702e+01
 6.36895142e+00
 4.60695801e+00
 1.89608154e+00
 5.24566040e+00
 8.35839233e+00
 9.90603027e+00
 1.63037048e+01
 1.96678406e+01
 2.04933411e+01
 2.14043823e+01
 1.88015686e+01
 1.53533875e+01
 9.69411621e+00
 6.91671143e+00
 5.50060425e+00
 5.36733398e+00
 6.90334473e+00
 1.05404907e+01
 1.47267700e+01
 1.92911621e+01
 2.39797302e+01
 2.17832275e+01
 1.89438416e+01
 1.33263489e+01
 1.11207214e+01
 7.00930176e+00
 7.79461060e+00
 7.62349854e+00
 7.57930908e+00
 1.17379700e+01
 1.76072632e+01
 1.99567200e+01
 2.22806946e+01
 2.13247620e+01
 1.92575928e+01
 1.42199036e+01
 9.57454834e+00
 7.07924805e+00
 3.05965576e+00
 1.18096313e+00
 6.84035645e+00
 1.11169373e+01
 1.53716064e+01
 2.20844360e+01
 2.30591980e+01
 2.24699646e+01
 1.94279114e+01
 1.47326599e+01
 1.12290588e+01
 5.80141602e+00
 5.03768311e+00
 4.56640015e+00
 9.81514893e+00
 1.18055359e+01
 1.62431885e+01
 2.14334656e+01
 2.18863464e+01
 2.10798889e+01
 1.92861877e+01
 1.57947632e+01
 9.44783936e+00
 5.84224854e+00
 3.62975464e+00
 4.17305908e+00
 3.58425293e+00
 1.05302063e+01
 1.51661316e+01
 1.91626526e+01
 2.09955078e+01
 1.98257385e+01
 1.71337219e+01
 1.57259766e+01
 1.11878906e+01
 7.33236084e+00
 6.99965820e+00
 6.92382202e+00
 8.95623169e+00
 1.28570496e+01
 1.40373169e+01
 1.91170898e+01
 2.13127075e+01
 2.34058167e+01
 1.62453247e+01
 1.47458130e+01
 1.20240723e+01
 7.28432617e+00
 3.99923096e+00
 4.13073120e+00
 9.07363281e+00
 1.19289795e+01
 1.55660034e+01
 1.89164673e+01
 2.19139954e+01
 2.05674072e+01
 1.60385681e+01
 1.34353271e+01
 9.84945068e+00
 6.58233032e+00
 5.35463867e+00
 5.49794922e+00
 5.96032104e+00
 1.17724548e+01
 1.66010681e+01
 1.92230164e+01
 2.09576965e+01
 2.26330505e+01
 1.93500305e+01
 1.26260925e+01
 1.02456604e+01
 6.10061035e+00
 4.84752808e+00
 5.35460815e+00
 5.06566772e+00
 9.13839111e+00
 1.28752075e+01
 1.78606812e+01
 2.22434631e+01
 2.07691284e+01
 1.82052246e+01
 1.25177246e+01
 7.84029541e+00
 7.69655762e+00
 6.20598755e+00
 5.57561646e+00
 8.46584473e+00
 1.59510437e+01
 1.54522644e+01
 1.74880920e+01
 2.21246277e+01
 1.97074219e+01
 1.89700867e+01
 1.08990417e+01
 8.32094727e+00
 3.42015991e+00
 3.43026123e+00
 6.56389771e+00
 6.55553589e+00
 1.20553833e+01
 1.91492554e+01
 2.09815918e+01
 2.26654907e+01
 2.27917419e+01
 2.02898499e+01
 1.46592651e+01
 1.07612244e+01
 7.80446777e+00
 9.61389160e-01
 5.91649780e+00
 9.68370972e+00
 1.20117432e+01
 1.62208801e+01
 1.99397522e+01
 2.27583557e+01
 1.96225220e+01
 1.87278992e+01
 1.64419800e+01
 1.12301270e+01
 5.69698486e+00
 3.33245239e+00
 5.11138306e+00
 7.63390503e+00
 1.06080261e+01
 1.35636536e+01
 1.89382874e+01
 2.36455017e+01
 2.09104858e+01
 1.90449768e+01
 1.39208008e+01
 8.89815674e+00
 6.70156250e+00
 4.85747681e+00
 3.51912842e+00
 7.51836548e+00
 1.33956848e+01
 1.63390747e+01
 2.04818359e+01
 2.21193481e+01
 2.07538696e+01
 1.61861206e+01
 1.38298889e+01
 7.37682495e+00
 5.42327271e+00
 3.93197021e+00
 2.17131958e+00
 7.95229492e+00
 1.08347412e+01
 1.45132996e+01
 1.99789673e+01
 2.06039368e+01
 2.11239563e+01
 1.60985352e+01
 1.22927185e+01
 7.83281860e+00
 7.69606934e+00
 5.20736084e+00
 3.67827759e+00
 6.53280029e+00
 1.10059448e+01
 1.68412109e+01
 2.07882629e+01
 2.24276062e+01
 2.24976135e+01
 1.75382629e+01
 1.22659241e+01
 1.09375854e+01
 4.99025879e+00
 3.19100342e+00
 5.36757813e+00
 7.85375366e+00
 1.04887634e+01
 1.44548584e+01
 1.71467224e+01
 2.29604431e+01
 2.13918701e+01
 1.85277344e+01
 1.38757874e+01
 6.44988403e+00
 3.15838013e+00
 3.84887085e+00
 6.46199951e+00
 8.45794067e+00
 1.15661865e+01
 1.57276855e+01
 1.96946350e+01
 2.25642029e+01
 2.06870056e+01
 1.55448853e+01
 1.24758850e+01
 1.04011780e+01
 8.72844849e+00
 6.49031982e+00
 5.62612305e+00
 7.79705200e+00
 1.23367554e+01
 1.38423706e+01
 1.74006287e+01
 2.06131836e+01
 2.13313538e+01
 2.10469910e+01
 1.44991394e+01
 1.04761902e+01
 7.13167725e+00
 4.33468018e+00
 4.24929199e+00
 8.01836548e+00
 1.10582520e+01
 1.48860718e+01
 2.01756226e+01
 2.20614258e+01
 2.26404053e+01
 1.95046326e+01
 1.44009338e+01
 9.93691406e+00
 5.66542969e+00
