 -7.44617310e+00
 -7.92990723e+00
 6.26428223e-01
 5.80153809e+00
 1.32838989e+01
 1.59435974e+01
 1.85715271e+01
 1.84054810e+01
 1.42444397e+01
 9.34285889e+00
 2.07195435e+00
 2.26891479e+00
 -3.61295166e+00
 -6.30255127e-01
 -1.07675781e+00
 5.80059204e+00
 1.38887573e+01
 2.12188354e+01
 1.95001160e+01
 1.70997253e+01
 1.25651184e+01
 6.57503662e+00
 2.56090698e+00
 -8.87817383e-02
 -7.47412720e+00
 -4.01862183e+00
 5.26062012e-02
 8.34227905e+00
 1.30761353e+01
 1.89980103e+01
 1.97893616e+01
 1.96831604e+01
 1.06205383e+01
 9.87249146e+00
 3.13240967e+00
 -1.19281616e+00
 -7.80646362e+00
 -2.85892334e+00
 8.79449463e-01
 7.83687744e+00
 1.25396362e+01
 1.61664673e+01
 1.74699646e+01
 1.71527954e+01
 1.02053772e+01
 5.46529541e+00
 -4.26373901e+00
 -4.98632812e-01
 -5.52332153e+00
 -7.56308594e+00
 -1.68280029e-01
 7.65548096e+00
 1.28875977e+01
 1.72935730e+01
 1.74348083e+01
 1.84407288e+01
 1.34098755e+01
 7.35177002e+00
 5.68419800e+00
 9.29193115e-01
 -3.84320679e+00
 -6.33109131e+00
 1.56719360e+00
 8.69951782e+00
 1.27289673e+01
 1.80964600e+01
 2.07375732e+01
 1.67947327e+01
 1.47421509e+01
 6.79683838e+00
 4.00255737e+00
 -4.76676025e+00
 -5.09049072e+00
 -3.20526733e+00
 3.09780273e+00
 9.35259399e+00
 1.06671387e+01
 1.92987305e+01
 1.86582886e+01
 1.81688782e+01
 1.36306702e+01
 9.47509155e+00
 6.00475464e+00
 7.20764160e-02
 -2.17453613e+00
 1.36376343e+00
 2.87938843e+00
 9.71996460e+00
 1.47496887e+01
 1.60937134e+01
 2.01463257e+01
 1.69461609e+01
 1.28778320e+01
 7.69588623e+00
 2.87706909e+00
 -1.45847168e+00
 -5.18103638e+00
 -1.66611328e+00
 4.54332886e+00
 8.50856934e+00
 1.34981628e+01
 1.85890747e+01
 1.92679077e+01
 1.98738037e+01
 1.25693298e+01
 7.80223999e+00
 3.02987061e+00
 -6.29010620e+00
 -6.70984497e+00
 -4.02347412e+00
 -1.86643066e+00
 4.75332031e+00
 1.19048706e+01
 1.92486206e+01
 1.99112488e+01
 1.53951050e+01
 1.38941895e+01
 1.07894836e+01
 6.65002441e-01
 -1.48123779e+00
 -4.60596313e+00
 -3.97315063e+00
 -3.14855957e-01
 8.73378906e+00
 1.34912048e+01
 1.88691650e+01
 2.01824585e+01
 1.74888550e+01
 1.57354675e+01
 9.90163574e+00
 3.22310791e+00
 -1.71256104e+00
 -1.90650024e+00
 3.78167114e+00
 3.56118164e+00
 1.02149292e+01
 1.63495422e+01
 1.97866455e+01
 1.93026062e+01
 1.83147827e+01
 1.41432739e+01
 5.95711670e+00
 1.37752686e+00
 -3.09802856e+00
 -5.08029785e+00
 -1.46701660e+00
 9.18786621e-01
 1.15327393e+01
 1.27282654e+01
 1.70625549e+01
 1.84176270e+01
 1.52795959e+01
 1.34335876e+01
 8.86953125e+00
 3.92339478e+00
 -2.96430054e+00
 -1.06130127e+01
 -5.18897095e+00
 4.33492432e+00
 1.15309692e+01
 1.65529419e+01
 1.83339172e+01
 2.04949280e+01
 1.90039917e+01
 1.38041321e+01
 8.73983154e+00
 5.05483398e+00
 3.86499023e-01
 -1.93024292e+00
 3.01500854e+00
 6.87215576e+00
 8.94747314e+00
 1.58557068e+01
 1.94162842e+01
 1.72831665e+01
 1.81427246e+01
 1.14056335e+01
 1.06330505e+01
 4.24553833e+00
 -2.25260010e+00
 -2.00342407e+00
 -4.22735596e-01
 2.40374146e+00
 1.07015930e+01
 1.38814941e+01
 2.14014526e+01
 2.53954712e+01
 2.21754089e+01
 1.93128906e+01
 5.49282227e+00
 -4.16214600e+00
 -6.90051880e+00
 -1.59863892e+00
 -3.62979736e+00
 -1.09879150e+00
 6.04836426e+00
 1.11923462e+01
 1.61127563e+01
 1.84834839e+01
 1.98434082e+01
 1.36832214e+01
 6.97100220e+00
 2.29741821e+00
 -2.75244751e+00
 -3.42951050e+00
 -2.54583740e-01
 1.51436768e+00
 9.77013550e+00
 1.41056458e+01
 1.76563049e+01
 2.28407532e+01
 2.26739441e+01
 1.60584351e+01
 1.00107361e+01
 4.06304321e+00
 -1.80023804e+00
 1.17751465e+00
 -6.88724365e+00
 3.68761597e+00
 9.27474365e+00
 1.46457458e+01
 1.71861816e+01
 1.74790588e+01
 1.89522644e+01
 1.67792297e+01
 7.63784180e+00
 5.25658569e+00
 2.21587524e+00
 -3.43860474e+00
 9.39324951e-01
 5.32250366e+00
 9.11095581e+00
 1.27173096e+01
 2.04079834e+01
 2.00787292e+01
 2.15205627e+01
 1.53630005e+01
 1.01177917e+01
 6.34908447e+00
 -1.60355225e+00
 -1.38757935e+00
 3.02749023e+00
 8.30098877e+00
 8.75536499e+00
 1.58463684e+01
 1.55763184e+01
 1.98850342e+01
 1.77723328e+01
 1.30033203e+01
 7.89425049e+00
 -8.09973145e-01
 -6.47672119e+00
 -2.09308472e+00
 -2.70960083e+00
 4.32772217e+00
 7.69259033e+00
 1.20361267e+01
 1.76095825e+01
 1.90530640e+01
 1.89988647e+01
 1.26177307e+01
 7.82732544e+00
 5.03124390e+00
 -6.92774048e+00
 -4.22220459e+00
 -4.25525513e+00
 -2.66556396e+00
 2.88588867e+00
 1.34689880e+01
 1.95502563e+01
 2.26109863e+01
 1.91335083e+01
 1.35188843e+01
 7.69777832e+00
 1.32503662e+00
 -2.09229126e+00
 -6.60373535e+00
 -1.24869385e+00
 -2.44693604e+00
 8.00628052e+00
 1.21629272e+01
 1.79248901e+01
 1.76363770e+01
 1.83946167e+01
 1.40864502e+01
 9.25615845e+00
 6.69146118e+00
 -1.13522949e+00
 -1.76624146e+00
 6.55358887e-01
 1.34429321e+00
 7.90114746e+00
 1.51399475e+01
 1.71060425e+01
 1.98501221e+01
 1.93894287e+01
 1.55046326e+01
 1.12535034e+01
 5.97545776e+00
 -6.70874023e-01
 -2.64432373e+00
 -1.20850220e+00
 5.73659668e+00
 9.06038818e+00
 1.32131287e+01
 1.98430420e+01
 1.84149414e+01
 1.60547729e+01
 1.08948914e+01
 7.41222534e+00
 5.45763550e+00
 -3.09179687e-01
 6.62133789e-01
 6.00722656e+00
 7.34258423e+00
 1.04134460e+01
 1.30066772e+01
 1.88432251e+01
 2.21147095e+01
 2.42177673e+01
 1.74008423e+01
 8.89769897e+00
 6.23851929e+00
 6.03509521e-01
 -3.93796387e+00
 -5.80512085e+00
 -2.41147461e+00
 1.21591736e+01
 1.29655396e+01
 2.22192627e+01
 2.36165710e+01
 2.24887329e+01
 1.48092590e+01
 9.40340576e+00
 -2.80274048e+00
 -5.85416260e+00
 -4.08820190e+00
 1.94661865e+00
 4.93172607e+00
 5.81975708e+00
 1.63649841e+01
 2.04576355e+01
 2.34995361e+01
 1.96769653e+01
 1.26741882e+01
 6.14824829e+00
 3.55410156e+00
 -1.65457764e+00
 1.32318115e-01
 7.91741943e-01
 7.47692261e+00
 1.06474854e+01
 1.35773560e+01
 1.96957642e+01
 2.06589600e+01
 1.84930664e+01
 1.70604797e+01
 1.02735535e+01
 3.63924561e+00
 -5.96381226e+00
 -7.94812622e+00
 -3.10989990e+00
 3.77343140e+00
 8.76131592e+00
 1.40686584e+01
 1.93805481e+01
 1.89674316e+01
 1.83742310e+01
 1.60566650e+01
 9.37783203e+00
 2.28194580e+00
 -3.70191040e+00
 -7.80963745e+00
 -5.23413086e-01
 2.94814453e+00
 9.17418823e+00
 1.46960693e+01
 2.06017700e+01
 2.12099854e+01
 1.94284912e+01
 1.18930908e+01
 6.15538940e+00
 6.32045898e+00
 2.62853394e+00
 7.52923584e-01
 -1.97891846e+00
 4.69921265e+00
 8.79241333e+00
 1.28462158e+01
 1.80815063e+01
 2.19517761e+01
 1.78893066e+01
 1.39588257e+01
 1.27742249e+01
 1.56636963e+00
 -3.55658569e+00
 -3.80048218e+00
 2.40593872e+00
 4.80968628e+00
 7.46138916e+00
 1.25589539e+01
 1.54737183e+01
 1.88151794e+01
 1.78486267e+01
 1.47710510e+01
 8.32479248e+00
 2.01055298e+00
 -3.32178345e+00
 6.30548096e-01
 -2.26779785e+00
 2.98916016e+00
 8.93941650e+00
 1.54366394e+01
 2.06816345e+01
 2.24674011e+01
 1.82376038e+01
 1.40122925e+01
 1.05264221e+01
 1.07766113e+00
 -2.51154175e+00
 1.61586914e+00
 8.61169434e-01
 2.69133911e+00
 8.95055542e+00
 1.30200134e+01
 1.91108948e+01
 2.08280273e+01
 2.16344238e+01
 1.35286499e+01
 1.12722717e+01
 6.08004150e+00
 -6.53631592e-01
 -5.49505615e-01
 3.60620117e-01
 6.89867554e+00
 9.85784302e+00
 1.78355347e+01
 1.94861084e+01
 2.34622742e+01
 1.94318787e+01
 1.58343750e+01
 1.02782532e+01
 5.64684448e+00
 -2.80689087e+00
 3.00347900e-01
 -2.40534058e+00
 1.28200684e+00
 7.98397217e+00
 1.11567627e+01
 2.29019409e+01
 2.07629639e+01
 1.94887024e+01
 1.32561584e+01
 1.06619507e+01
 5.81301270e+00
 -3.35938110e+00
 -3.81094971e+00
 -9.12847900e-01
 5.87679443e+00
 9.60082397e+00
 1.32286621e+01
 2.02039124e+01
 2.16280762e+01
 1.66336609e+01
 1.41393372e+01
 9.94378052e+00
 3.96843872e+00
 1.15625000e-01
 2.60927734e+00
 2.81133423e+00
 4.04265747e+00
 1.11922546e+01
 1.56608215e+01
 2.04818970e+01
 1.97268616e+01
 2.03440491e+01
 1.53168884e+01
 8.02483521e+00
 7.93572998e-01
 -8.30176392e+00
 -2.55295410e+00
 -5.62597656e-01
 7.36287842e+00
 1.17689453e+01
 1.82584473e+01
 1.85624329e+01
 2.10121094e+01
 1.85397278e+01
 1.54626709e+01
 1.06763245e+01
 5.10955200e+00
 -2.49771729e+00
 -4.68860474e+00
 7.87957764e-01
 2.01195679e+00
 7.38894043e+00
 1.15238892e+01
 1.63861023e+01
 2.17218262e+01
 2.01740967e+01
 1.33070007e+01
 1.08557678e+01
 3.20183716e+00
 -3.24768066e-02
 -2.26550903e+00
 -1.03336182e+00
 2.27193604e+00
 8.32009277e+00
 1.50210815e+01
 1.93102051e+01
 2.24826599e+01
 2.04425903e+01
 1.39261108e+01
 9.06502686e+00
 6.51644287e+00
 -2.37860107e-01
 -2.80856934e+00
 1.03307495e+00
 2.98330078e+00
 8.19445190e+00
 1.21373535e+01
 1.90829102e+01
 2.15849548e+01
 1.85150085e+01
 1.42483459e+01
 1.13097473e+01
 1.04335938e+00
 -6.68127441e-01
 1.24230957e-01
 7.60125732e-01
 2.00744019e+00
 9.44368896e+00
 1.42009521e+01
 1.66811768e+01
 1.74664246e+01
 1.84306885e+01
 1.63519226e+01
 9.75716553e+00
 2.95852051e+00
 1.38033447e+00
 -4.73117676e+00
 1.28661499e+00
 6.77507935e+00
 1.33179871e+01
 1.25828491e+01
 1.70118652e+01
 1.87766968e+01
 1.80592590e+01
 1.45338379e+01
 1.04222656e+01
 1.93355713e+00
 -7.04290771e-01
 4.07922363e-01
 4.35537109e+00
 7.88485107e+00
 8.75701294e+00
 1.16623779e+01
 1.92092224e+01
 2.05675293e+01
 2.12483154e+01
 1.46635986e+01
 1.23772522e+01
 4.67504272e+00
 4.06914673e+00
 9.06518555e-01
 2.57991943e+00
 5.58715210e+00
 9.02794800e+00
 1.24718567e+01
 1.77195984e+01
 1.88922363e+01
 1.81283203e+01
 1.69760986e+01
 1.03466125e+01
 6.05617676e+00
 2.51015625e+00
 4.12133789e-01
 1.53249512e+00
 6.43767700e+00
 8.32875977e+00
 1.34087769e+01
 2.03285767e+01
 2.22091003e+01
 1.73785034e+01
 1.44193054e+01
 8.44527588e+00
 6.08324585e+00
 -1.74295654e+00
 -2.70847168e+00
 2.25979004e+00
 5.60024414e+00
 1.13304993e+01
 1.58765503e+01
 2.10486694e+01
 2.07437073e+01
 2.10096985e+01
 1.52836243e+01
 1.12790161e+01
 4.95147095e+00
 -6.80517578e-01
 -2.09265747e+00
 -6.95349121e-01
 3.78701172e+00
 1.18128601e+01
 1.45883118e+01
 2.23800598e+01
 2.18447205e+01
 1.76950012e+01
 1.53684937e+01
 1.20532776e+01
 5.50460205e+00
 1.67583618e+00
 -3.72421875e+00
 -4.05869141e+00
 2.28905640e+00
 1.06696411e+01
 1.56873108e+01
 2.04875427e+01
 1.99813477e+01
 2.08210693e+01
 1.58577820e+01
 1.05454041e+01
 4.08226929e+00
 2.07153320e-02
 -1.90234985e+00
 -1.86010742e-01
 4.61419067e+00
 8.96233521e+00
 1.70965210e+01
 2.00127502e+01
 2.18156372e+01
 1.67784973e+01
 1.43158508e+01
 9.60878906e+00
 1.45717773e+00
 -1.99280396e+00
 -6.18067017e+00
 6.78039551e-02
 4.39489136e+00
 1.01875854e+01
 1.56747681e+01
 2.03553101e+01
 2.12195374e+01
 1.71416260e+01
 1.59491211e+01
 1.30696045e+01
 6.94051514e+00
 1.39470825e+00
 3.35961914e-01
 -1.76785889e+00
 4.09664307e+00
 1.27985779e+01
 1.58734985e+01
 1.79121643e+01
 2.06350952e+01
 1.93653809e+01
 1.45087524e+01
 9.34682617e+00
 3.30980835e+00
 -1.34180298e+00
 3.82454834e+00
 4.41661987e+00
 6.43160400e+00
 1.17949768e+01
 2.10682007e+01
 2.40919128e+01
 2.38823486e+01
 2.30735718e+01
 1.77234131e+01
 1.01496826e+01
 3.85894165e+00
 -1.95245972e+00
 -4.47424316e-01
 -1.40885010e+00
 2.42711792e+00
 1.29562927e+01
 1.87303711e+01
 2.22030884e+01
 2.21967102e+01
 2.39241272e+01
 1.81399475e+01
 1.01548096e+01
 6.16881714e+00
 4.41021118e+00
 1.23897705e+00
 -2.32434692e+00
 2.96422729e+00
 8.74547729e+00
 1.44311157e+01
 1.95104004e+01
 1.95342041e+01
 2.24416138e+01
 1.50340820e+01
 1.11588684e+01
 1.71465454e+00
 1.60012207e+00
 2.59307251e+00
 -1.57584229e+00
 9.63372192e+00
 7.95620117e+00
 1.30964600e+01
 1.65664612e+01
 1.90901123e+01
 1.87069336e+01
 1.62437073e+01
 1.14286133e+01
 2.45867310e+00
 -2.02088013e+00
 -6.29370117e-01
 2.49587402e+00
 4.98546753e+00
 1.00272766e+01
 1.08909241e+01
 1.89749695e+01
 1.86805969e+01
 1.78490234e+01
 1.46267029e+01
 9.41918335e+00
 5.49459229e+00
 -3.43786621e-01
 -4.64560547e+00
 -4.64636230e-01
 7.30205688e+00
 1.02925659e+01
 1.70318542e+01
 1.96054321e+01
 2.09596497e+01
 1.96921326e+01
 1.36974426e+01
 8.55169067e+00
 5.79042969e+00
 3.62072144e+00
 -3.14026489e+00
 -4.29520264e+00
 5.70092163e+00
 1.14756104e+01
 1.42699829e+01
 1.96584106e+01
 2.02955566e+01
 1.98735291e+01
 1.51263672e+01
 1.08933960e+01
 3.04866943e+00
 -5.03925171e+00
 -9.68457642e+00
 -3.14777222e+00
 -2.88022461e+00
 5.05245361e+00
 1.41812073e+01
 1.90779663e+01
 2.04418579e+01
 1.96291443e+01
 1.66601196e+01
 1.36451050e+01
 6.64885864e+00
 4.64296875e+00
 3.21520386e+00
 2.85781250e+00
 8.76064453e+00
 1.04908081e+01
 1.31058289e+01
 1.75413757e+01
 2.17496582e+01
 1.98188721e+01
 1.73222290e+01
 8.87935791e+00
 3.25374756e+00
 -1.36331787e+00
 -4.32785645e+00
 -2.96484985e+00
 1.63503418e+00
 9.90670166e+00
 1.43673950e+01
 1.73662964e+01
 2.08297363e+01
 1.88877197e+01
 1.46186157e+01
 9.63283691e+00
 5.84554443e+00
 2.52025757e+00
 -1.72659912e+00
 -3.57977905e+00
 6.16570435e+00
 1.18130737e+01
 1.51911865e+01
 1.98151794e+01
 2.13646790e+01
 2.11530090e+01
 1.63922668e+01
 1.13684326e+01
 3.59038696e+00
 1.88665161e+00
 1.00915527e-01
 9.61938477e-01
 4.93367920e+00
 9.62432251e+00
 1.32505432e+01
 1.78094421e+01
 2.02142273e+01
 1.97999512e+01
 1.36771484e+01
 1.03895813e+01
 4.90075073e+00
 3.57665405e+00
 5.17479858e+00
 1.54213867e+00
 8.41207275e+00
 1.24236694e+01
 1.28172852e+01
 2.23152710e+01
 1.94692627e+01
 1.65414063e+01
 1.29637390e+01
 1.08464905e+01
 5.70540771e+00
 1.27435303e-01
 -6.28281250e+00
 -1.57050171e+00
 5.46819458e+00
 7.63048706e+00
 1.66969543e+01
 2.20186401e+01
 2.50539490e+01
 2.14405151e+01
 1.64929443e+01
 8.34639893e+00
 4.57757568e-01
 2.49541626e+00
 -2.32221069e+00
 2.27172241e+00
 2.29506836e+00
 9.57100830e+00
 1.73056580e+01
 2.22632080e+01
 2.40851685e+01
 2.55110718e+01
 1.75615479e+01
 1.05279480e+01
 4.77462158e+00
 -8.76226807e-01
 -2.05774536e+00
 3.06725464e+00
 6.10317383e+00
 1.05260254e+01
 1.57673889e+01
 1.93149963e+01
 1.98979736e+01
 2.27197815e+01
 1.93343750e+01
 1.37528931e+01
 5.06292114e+00
 -1.45697632e+00
 -5.65689697e+00
 2.69948730e+00
 8.08739624e+00
 1.13013855e+01
 1.78804260e+01
 1.89024597e+01
 2.29214417e+01
 2.17846008e+01
 1.55281921e+01
 1.05843445e+01
 2.12685547e+00
 -2.45651855e+00
 -5.64496460e+00
 8.73657227e-02
 6.49266968e+00
 1.07330872e+01
 1.21675964e+01
 1.67657715e+01
 2.04357239e+01
 1.81234985e+01
 1.53183228e+01
 1.31413208e+01
 4.33919678e+00
 3.25878296e+00
 1.41527710e+00
 4.54708252e+00
 2.08394775e+00
 1.10812622e+01
 1.46665894e+01
 1.98190247e+01
 2.59259888e+01
 2.14342590e+01
 1.61795288e+01
 1.09604736e+01
 4.04494629e+00
 2.06865845e+00
 -6.32337036e+00
 1.05493164e-01
 5.76934204e+00
 1.29137817e+01
 1.64717041e+01
 2.05357910e+01
 2.27835632e+01
 2.10738770e+01
 1.96037231e+01
 1.21075684e+01
 7.92833862e+00
 6.06563721e+00
 2.55666504e+00
 -2.45001221e-01
 6.06032715e+00
 1.14543701e+01
 1.49872986e+01
 2.42483459e+01
 2.53844543e+01
 2.41783691e+01
 2.08920837e+01
 1.06815125e+01
 6.74035034e+00
 1.82323608e+00
 2.90758667e+00
 4.12648926e+00
 8.22585449e+00
 9.58791504e+00
 1.57936340e+01
 1.97551514e+01
 2.29789063e+01
 2.07274414e+01
 1.39555908e+01
 9.56249390e+00
 3.01394043e+00
 -1.50144043e+00
 1.60051880e+00
 3.53041992e+00
 5.02953491e+00
 1.16558472e+01
 1.67304626e+01
 2.05252319e+01
 2.58794189e+01
 2.07438904e+01
 1.94437805e+01
 1.21198364e+01
 3.23772583e+00
 2.65453491e+00
 4.68896484e-01
 1.76900635e+00
 5.47677002e+00
 9.36376343e+00
 1.24311157e+01
 2.06231934e+01
 2.46438843e+01
 2.49788147e+01
 1.86571594e+01
 1.10761047e+01
 4.87520752e+00
 5.02832031e-01
 1.27376709e+00
 2.68694458e+00
 4.01125488e+00
 9.61916504e+00
 1.18819824e+01
 1.87163330e+01
 2.03723999e+01
 1.93349854e+01
 1.58646179e+01
 8.86458740e+00
 2.83730469e+00
 6.64025879e-01
 -1.87308350e+00
 4.66634521e+00
 6.81273804e+00
 1.25665222e+01
 1.34433533e+01
 2.04858032e+01
 2.26499268e+01
 2.05184875e+01
 1.45196167e+01
 1.32313782e+01
 4.99086914e+00
 -2.76611938e+00
 -9.42083740e-01
 -1.76578369e+00
 7.94573364e+00
 1.20407349e+01
 1.49138733e+01
 2.00720459e+01
 2.25510803e+01
 1.87854553e+01
 1.44163757e+01
 1.21273132e+01
 6.75032959e+00
 -3.74060669e+00
 -7.53485107e-01
 -2.47815552e+00
 6.22957764e+00
 1.09244629e+01
 1.52194458e+01
 1.94439331e+01
 2.43013855e+01
 2.19353271e+01
 1.76775452e+01
 1.04012695e+01
 3.91588745e+00
 -7.18359375e-01
 -8.55993652e-01
 -1.21747437e+00
 6.81905518e+00
 9.18605957e+00
 1.58457886e+01
 2.00620972e+01
 2.34968506e+01
 1.96397339e+01
 1.72297607e+01
 1.11650635e+01
 4.10619507e+00
 1.97890625e+00
 2.86940918e+00
 3.12362061e+00
 3.62340698e+00
 1.15239502e+01
 1.32633606e+01
 2.09723755e+01
 2.51480652e+01
 2.01167236e+01
 1.50418945e+01
 1.34762817e+01
 6.10064087e+00
 5.12506104e-01
 3.18975220e+00
 4.15444336e+00
 6.09682617e+00
 9.78859863e+00
 1.71549316e+01
 2.07000061e+01
 2.77237793e+01
 2.21656433e+01
 1.54233337e+01
 1.17105347e+01
 1.19991455e+00
 5.27282715e-02
 2.88635254e-02
 4.20479736e+00
 5.34584961e+00
 1.14843079e+01
 1.26995483e+01
 2.12788330e+01
 2.30277649e+01
 2.29694763e+01
 1.71654907e+01
 1.06451355e+01
 8.51662598e+00
 5.06051025e+00
 -8.09606934e-01
 5.71633301e+00
 8.05983887e+00
 1.25852905e+01
 1.23606506e+01
 2.00667969e+01
 1.92014099e+01
 2.05886169e+01
 1.44798218e+01
 9.76787720e+00
 3.10259399e+00
 4.82116699e-02
 1.86761475e-01
 1.94606934e+00
 7.41011963e+00
 1.30328918e+01
 1.67496277e+01
 1.80975891e+01
 1.99258362e+01
 1.93488708e+01
 1.53235718e+01
 1.12039734e+01
 4.40340576e+00
 4.03582153e+00
 2.68743286e+00
 2.01104736e-01
 4.74361572e+00
 1.19643799e+01
 1.62656189e+01
 2.07914673e+01
 2.05237671e+01
 1.96873718e+01
 2.01001221e+01
 9.77291260e+00
 5.73534546e+00
 2.04241333e+00
 2.68886719e+00
 1.32012329e+00
 6.73253784e+00
 1.03864685e+01
 1.65089966e+01
 2.09927612e+01
 2.31922241e+01
 2.33185364e+01
 1.86677490e+01
 1.17401978e+01
 7.49865112e+00
 3.91671143e+00
 2.96920166e+00
 5.69332275e+00
 6.57570801e+00
 1.58268066e+01
 1.48288818e+01
 2.10981995e+01
 2.44141785e+01
 1.93295532e+01
 1.59094788e+01
 1.36143433e+01
 5.51543579e+00
 5.78099976e+00
 2.67980347e+00
 8.11931763e+00
 7.10942993e+00
 8.67000732e+00
 1.49551331e+01
 2.32250000e+01
 2.39376465e+01
 2.03107544e+01
 1.51675964e+01
 1.40895020e+01
 4.76140747e+00
 3.30242310e+00
 -5.28692627e-01
 1.07415771e-01
 4.59807739e+00
 7.59105835e+00
 1.61964050e+01
 2.15732056e+01
 2.11022278e+01
 2.17956787e+01
 1.79509827e+01
 1.13869873e+01
 8.14562378e+00
 -3.34152832e+00
 -2.75946045e-01
 5.56176758e-01
 7.80809937e+00
 8.46233521e+00
 1.47853333e+01
 2.08391968e+01
 2.14847961e+01
 2.39586121e+01
 1.77519470e+01
 1.30494324e+01
 5.11666260e+00
 5.25201416e-01
 -1.30798950e+00
 3.51482544e+00
 6.15990601e+00
 1.05223938e+01
 1.71262451e+01
 2.33308350e+01
 2.59284302e+01
 2.30808044e+01
 1.69819885e+01
 1.49408508e+01
 6.39571533e+00
 3.48516235e+00
 3.01256714e+00
 2.70372925e+00
 6.89177856e+00
 1.49429260e+01
 1.74092651e+01
 1.97889648e+01
 2.60085999e+01
 2.43601013e+01
 2.04431091e+01
 1.39650513e+01
 6.35970459e+00
 3.39718018e+00
 1.62282715e+00
 5.43361816e+00
 9.98543701e+00
 1.03470398e+01
 1.34205566e+01
 1.91717468e+01
 1.99224487e+01
 2.19277283e+01
 1.75317627e+01
 9.78688965e+00
 5.55700073e+00
 6.69060669e+00
 3.43450317e+00
 -6.82739258e-02
 3.84472046e+00
 1.10308472e+01
 1.71192261e+01
 2.17858215e+01
 2.51560608e+01
 1.94539124e+01
 1.82958008e+01
 1.02397705e+01
 3.02092896e+00
 1.41030273e+00
 2.70317993e+00
 5.72039185e+00
 3.81990967e+00
 1.24983765e+01
 1.54833923e+01
 1.86560608e+01
 2.18415771e+01
 2.02721497e+01
 1.84063354e+01
 1.41885010e+01
 8.33989868e+00
 1.78225098e+00
