 4.30138793e+01
 1.38044517e+01
 5.51510028e+01
 9.72079444e+01
 1.11024374e+02
 5.47014846e+01
 5.96042762e+01
 4.71859712e+01
 5.22149259e+01
 8.69813126e+01
 2.75922990e+01
 6.34616332e+01
 3.11884677e+01
 3.07143180e+01
 4.53093133e+01
 3.12761604e+01
 4.74215364e+01
 4.13889766e+01
 6.05486269e+01
 5.86929965e+01
 1.24849919e+02
 9.01242837e+00
 6.49094576e+01
 1.04458902e+02
 4.25846480e+01
 5.12402924e+01
 4.61800484e+01
 3.10615394e+01
 5.36123142e+01
 1.12934445e+02
 1.51237639e+02
 7.87047568e+01
 6.45117295e+01
 6.18283649e+01
 1.85202465e+01
 3.06190329e+01
 5.80595658e+01
 1.12416428e+01
 3.21242973e+01
 2.38854152e+01
 5.11554471e+01
 7.77010439e+01
 4.49833680e+01
 7.81865826e+01
 8.37395786e+01
 5.61561851e+01
 3.39200856e+01
 1.21992705e+01
 4.42194170e+01
 1.72668018e+01
 4.42830158e+01
 4.68751937e+01
 5.01420702e+01
 6.09390271e+01
 7.52096803e+01
 6.56849765e+01
 4.04112549e+01
 4.40509146e+01
 6.21824856e+01
 9.22391742e+01
 1.68777938e+01
 3.27084944e+01
 4.75789257e+01
 5.15263358e+01
 5.91949957e+01
 7.92880902e+01
 6.65221193e+01
 4.99114842e+01
 6.37306299e+01
 4.69729438e+01
 8.84175575e+01
 3.56369495e+01
 1.76805672e+01
 3.02764574e+01
 8.95641447e+01
 5.53727571e+01
 1.15122188e+02
 9.74299370e+01
 7.22084180e+01
 4.46145493e+01
 6.25105098e+01
 3.79110198e+01
 4.66310744e+01
 4.76018728e+01
 2.03097002e+01
 1.76469566e+01
 2.08764103e+01
 5.33801750e+01
 4.42640151e+01
 3.27963977e+01
 3.96677247e+01
 4.49155257e+01
 6.41319649e+01
 7.30734529e+01
 3.87969404e+01
 3.97950149e+01
 3.19152333e+01
 6.64101243e+01
 2.39303508e+01
 3.90946931e+01
 9.70981862e+01
 6.35119754e+01
 2.65670890e+01
 3.90394437e+01
 1.27450029e+02
 1.37600766e+01
 5.61699909e+01
 3.67311429e+01
 3.66929782e+01
 2.07880956e+00
 4.80465190e+01
 2.94154258e+01
 1.16438646e+02
 8.99937220e+01
 2.73128042e+01
 7.33518477e+01
 4.27412390e+01
 1.34262375e+01
 8.00196324e+01
 9.29817226e+01
 5.46631859e+01
 1.28669649e+01
 1.72712745e+01
 8.20953227e+01
 1.49648847e+01
 5.37952253e+01
 4.98732050e+01
 6.16372273e+01
 5.61249596e+01
 5.92138259e+01
 5.47779637e+01
 1.22826459e+01
 5.99359948e+01
 2.95472353e+01
 4.74396443e+00
 4.13497116e+01
 1.28515927e+02
 8.46815432e+01
 5.90480908e+01
 2.06551566e+01
 2.97179641e+01
 2.01292225e+01
 1.44401315e+01
 4.38739107e+01
 2.57259439e+01
 5.77043924e+01
 2.99608234e+01
 6.86006388e+01
 3.84752464e+01
 1.16843993e+02
 1.52169503e+02
 7.24131484e+01
 1.44366239e+02
 4.76444636e+01
 8.45336487e+01
 4.90336847e+01
 1.47843863e+01
 5.85998500e+01
 4.57922971e+01
 8.45854363e+01
 1.19429039e+02
 4.33553020e+01
 2.05141103e+01
 9.31892397e+01
 3.29141056e+01
 8.81581396e+01
 3.08264986e+01
 4.78742945e+01
 2.96419668e+01
 4.68633854e+00
 3.71757501e+01
 3.47435196e+01
 5.71743025e+01
 3.87210271e+01
 3.48532085e+01
 8.27312203e+01
 6.61781545e+01
 2.46201649e+01
 4.35271053e+01
 3.80679414e+01
 4.58589020e+01
 3.37708101e+01
 5.03414414e+01
 3.68359687e+01
 3.77631186e+01
 9.61960213e+01
 7.54426097e+01
 1.02382337e+02
 1.21789340e+02
 1.20826888e+02
 2.84840838e+01
 7.70412772e+01
 1.09702255e+01
 2.79814606e+01
 1.27807597e+01
 7.68006829e+01
 1.02803987e+02
 1.65551682e+02
 3.54796283e+01
 1.14698150e+02
 8.04879178e+01
 1.08818955e+02
 1.34590139e+01
 1.15678938e+02
 1.70620595e+01
 2.78865705e+01
 4.68514415e+01
 6.69023887e+01
 1.64669399e+02
 3.73576896e+01
 4.17689761e+01
 4.00829222e+01
 6.05191158e+01
 1.21949500e+02
 2.90829155e+01
 3.39242751e+01
 2.36383632e+01
 1.50650990e+01
 3.78582489e+01
 2.91447339e+01
 5.93027785e+01
 6.23952937e+01
 2.48516327e+01
 6.54021044e+01
 9.22852946e+01
 8.23551228e+01
 3.03150725e+01
 2.63763387e+01
 1.59730693e+01
 3.89759252e+01
 3.18400562e+01
 7.54453418e+01
 8.36147443e+01
 1.33621324e+02
 6.98043292e+01
 1.04390704e+02
 5.95786694e+01
 2.52853487e+01
 8.33778859e+01
 4.24864240e+01
 1.67992039e+01
 5.15241422e+01
 1.99913126e+01
 9.80477765e+01
 4.72019123e+01
 3.53410642e+01
 4.88721249e+01
 2.56889923e+01
 7.04061793e+01
 6.02267351e+01
 6.32609254e+01
 6.08119819e+01
 2.00860129e+01
 3.27104351e+01
 5.10412382e+01
 2.79171384e+01
 2.68924715e+01
 6.78649335e+01
 8.10446281e+00
 4.82143052e+01
 4.26633926e+01
 7.35112248e+01
 8.77309288e+00
 4.24348395e+01
 3.98414790e+01
 3.04087914e+01
 3.07603155e+01
 5.35708444e-01
 7.80018468e+01
 1.20633615e+02
 6.92017479e+01
 2.52952753e+01
 1.02112461e+02
 8.47899636e+01
 3.22601057e+01
 3.36568984e+01
 8.24421132e+00
 3.24082484e+01
 6.96630758e+01
 7.11245529e+01
 3.00963717e+01
 2.92302183e+01
 5.01221827e+01
 2.96895028e+01
 2.95732191e+01
 5.23872545e+01
 2.62908506e+01
 1.44683506e+01
 1.11542743e+01
 2.99210709e+01
 1.69215308e+01
 4.83916638e+01
 1.06653671e+02
 9.74583391e+01
 1.03495380e+02
 1.33738233e+02
 7.01636536e+01
 2.61630458e+01
 8.77828201e+01
 1.14077757e+01
 5.82159174e+01
 3.72043986e+01
 2.31894272e+01
 2.13209489e+01
 7.76953797e+01
 3.15073045e+01
 6.09166759e+01
 9.74417680e+01
 1.40464565e+02
 4.59392751e+01
 1.63804676e+01
 4.23011962e+01
 4.97701724e+01
 8.11914318e+00
 3.70497047e+01
 4.67939337e+01
 4.06199242e+01
 1.47342137e+01
 9.08556874e+01
 9.75353783e+01
 6.91069964e+01
 8.82564465e+01
 1.09053799e+01
 5.31048730e+01
 1.53812674e+01
 7.53247414e+00
 1.23573833e+01
 2.27357463e+01
 1.07523125e+02
 2.46336855e+01
 2.70235668e+01
 1.29198209e+02
 4.73280380e+01
 4.73115904e+01
 5.21725350e+01
 4.14214382e+01
 4.50898792e+01
 1.18096812e+01
 5.21766924e+01
 5.95120725e+01
 7.37383955e+01
 1.14405988e+02
 5.67612608e+01
 2.80214436e+01
 2.52405560e+01
 9.75349301e+01
 6.56263037e+01
 3.67148047e+01
 3.11579350e+01
 1.26250068e+01
 6.16612023e+01
 1.10256861e+02
 8.76141050e+01
 3.84966605e+01
 9.31722073e+01
 7.31810311e+01
 2.01692432e+01
 1.11877819e+02
 7.14922523e+01
 2.92787777e+01
 6.50361016e+01
 4.08378314e+00
 2.72799889e+01
 3.78836537e+01
 8.38261274e+00
 3.59674045e+01
 6.01608221e+01
 1.53971814e+02
 4.94995995e+01
 4.93238648e+01
 2.14210563e+01
 2.08625495e+01
 3.63141135e+01
 2.28302517e+01
 9.32916488e+01
 5.90609255e+01
 2.01161194e+01
 8.47925018e+01
 8.94729509e+01
 4.89473581e+01
 4.55922061e+01
 4.84402969e+01
 6.45796701e+01
 3.64125859e+01
 4.59571163e+01
 1.83798872e+01
 3.52283072e+01
 8.63639786e+00
 7.14482038e+01
 2.25275681e+01
 4.82115574e+01
 4.21583838e+01
 7.87831377e+01
 3.77429023e+01
 2.78931470e+01
 4.17084222e+01
 3.17693394e+01
 5.98948773e+01
 8.06194308e+01
 2.94940431e+01
 6.33745514e+01
 2.80320338e+01
 5.16059592e+01
 6.12695291e+01
 1.25318459e+02
 2.08211255e+01
 3.64733283e+01
 1.08707046e+02
 1.37446324e+01
 2.27274869e+01
 5.80065830e+01
 3.19135853e+01
 8.23758969e+01
 5.15514045e+01
 3.68999546e+01
 9.05382583e+01
 3.76906643e+01
 8.94782224e+01
 9.42649251e+01
 1.96553773e+01
 7.20736785e+01
 2.21644672e+01
 4.52528665e+01
 9.75675343e+01
 4.35475513e+01
 8.54290025e+01
 9.07790609e+01
 1.32274982e+02
 8.33488614e+01
 1.00813315e+02
 1.94281630e+01
 2.82397522e+01
 1.28040222e+01
 4.29700911e+01
 1.03708909e+02
 6.40768156e+01
 4.86406717e+01
 2.14081424e+01
 1.30795829e+02
 4.56825509e+01
 2.23824011e+01
 8.07846250e+01
 3.94998140e+01
 2.66209804e+01
 2.50032658e+01
 5.07767746e+01
 1.95277277e+01
 5.48874984e+01
 1.57211818e+02
 7.72799586e+01
 5.88280770e+01
 3.49203907e+01
 1.53894279e+02
 5.68147259e+01
 8.21304198e+01
 3.23679786e+00
 1.11961819e+01
 2.87800786e+01
 1.20533254e+01
 5.36147986e+01
 1.13333313e+02
 5.75121541e+01
 2.43782150e+01
 3.08519624e+01
 2.49444181e+01
 7.58405385e+01
 3.67711895e+01
 5.17835332e+01
 2.88547546e+01
 1.32240556e+01
 5.68133643e-01
 3.72030387e+01
 4.42032371e+01
 3.57435354e+01
 7.03070884e+01
 2.94606950e+01
 4.26040047e+01
 2.96410533e+01
 8.78736582e+00
 3.95981844e+01
 3.78383128e+01
 1.24922437e+01
 3.84509839e+01
 5.41883518e+01
 9.71383118e+01
 4.53609866e+01
 9.24130649e+01
 2.77998707e+01
 3.46257057e+01
 5.98833871e+01
 2.63428221e+01
 2.27367398e+01
 2.46513456e+01
 2.27975582e+01
 8.10743959e+01
 3.74909822e+01
 3.73778034e+01
 6.09030908e+01
 3.89821614e+01
 2.28163772e+01
 9.13081008e+01
 2.23395954e+01
 5.59868814e+01
 3.52666253e+01
 4.90944042e+01
 1.98978361e+01
 4.01394153e+01
 2.93102500e+01
 3.09168279e+01
 1.35588441e+02
 5.70232467e+01
 3.66205513e+00
 3.21498897e+01
 9.65115802e+01
 8.12203086e+01
 1.53638305e+01
 5.41977753e+01
 7.83536379e+00
 1.55972715e+01
 7.37108159e+01
 2.50439128e+01
 1.03400220e+02
 2.92710264e+01
 1.01023990e+02
 1.16383487e+02
 5.19669682e+01
 1.91541293e+01
 2.91812455e+01
 6.39543123e+01
 2.59269160e+01
 7.77466719e+01
 3.31024226e+01
 4.17622576e+01
 1.35478256e+02
 6.88047155e+01
 5.80731928e+01
 5.10386442e+01
 3.92789430e+01
 3.83389804e+01
 2.09625226e+01
 2.40413565e+01
 6.45980076e+01
 2.88662695e+01
 3.81513023e+01
 5.13805181e+01
 5.77228594e+01
 9.50457179e+01
 6.16459579e+01
 6.06957329e+01
 6.39604315e+01
 7.55963527e+01
 4.44832348e+01
 2.93510146e+01
 2.83939898e+01
 1.99044647e+01
 3.28230671e+01
 5.75903112e+01
 4.57429012e+01
 3.93150322e+01
 4.72397530e+01
 1.07284657e+01
 5.38889989e+01
 4.19700217e+01
 6.52953593e+01
 5.93285951e+01
 2.50762687e+01
 7.02491410e+01
 3.72161129e+01
 5.65917353e+01
 6.55013421e+01
 3.44984284e+01
 5.09372798e+01
 6.72564340e+01
 6.29671515e+01
 5.73820156e+01
 4.73972739e+01
 4.02854602e+01
 2.63704181e+01
 2.09307280e+01
 1.09610959e+02
 3.46398571e+01
 1.34181972e+02
 4.26240088e+01
 2.35074823e+01
 7.55537261e+01
 2.75236684e+01
 5.77068196e+01
 7.32059757e+01
 2.55193792e+01
 2.20777818e+01
 2.11929405e+01
 7.92892501e+01
 1.32929065e+02
 5.97344140e+01
 1.11227029e+02
 4.25211661e+01
 3.20698722e+01
 6.27511278e+01
 1.99282545e+01
 6.71711987e+01
 2.76732187e+01
 6.81910064e+01
 9.17028178e+01
 3.93552364e+01
 1.00810597e+02
 9.94498793e+01
 1.11002577e+02
 5.09647870e+01
 8.54346980e+01
 5.72840974e+01
 2.05573530e+01
 3.45763557e+01
 2.55493954e+01
 1.23430030e+01
 9.66138540e+00
 7.81296305e+01
 1.97175913e+01
 7.24434815e+01
 8.29805488e+01
 2.20948221e+01
 5.72824103e+01
 9.45867481e+01
 2.40334865e+01
 1.54324000e+01
 3.18462655e+01
 3.78206269e+01
 1.27792006e+01
 2.79128220e+01
 5.65281998e+01
 5.97209108e+01
 2.33876852e+01
 6.54654255e+01
 2.36559567e+01
 7.33825424e-01
 4.27644642e+01
 4.36199976e+01
 3.76158776e+01
 8.57102912e+01
 1.14868669e+02
 1.46713155e+02
 1.00668559e+02
 9.49911866e+01
 2.81849400e+01
 4.67098520e+01
 2.05911842e+01
 4.81870172e+01
 6.76461988e+01
 3.59880488e+01
 3.10891109e+01
 3.96907560e+00
 5.76577394e+01
 1.09903362e+02
 6.87745872e+01
 4.92821944e+01
 8.75042028e+01
 4.87672312e+01
 6.11517645e+00
 5.82991504e+01
 2.38856415e+01
 2.58484766e+01
 3.66630789e+01
 4.96105235e+01
 5.42863236e+01
 6.71424108e+01
 5.92726404e+01
 3.91341043e+01
 5.21890915e+01
 3.42360892e+01
 1.04891612e+02
 4.47097527e+01
 4.98526453e+01
 7.27870827e+01
 5.35048285e+01
 3.44116966e+01
 3.93430339e+01
 3.66975675e+01
 1.01996895e+02
 4.33677962e+01
 6.39789889e+01
 9.92195248e+01
 1.15695840e+02
 5.27473962e+01
 6.55770715e+01
 1.41787674e+01
 7.53947766e+01
 5.50598420e+01
 8.61846949e+01
 6.79608471e+01
 1.31782785e+02
 4.18738676e+01
 3.82930367e+01
 2.70311062e+01
 6.97592258e+01
 1.04443107e+02
 7.43059629e+01
 1.85066506e+01
 1.45609134e+01
 2.83132473e+01
 4.94423319e+01
 3.76152649e+01
 1.08570211e+02
 8.57089120e+01
 3.14841165e+01
 3.40656016e+01
 7.93489208e+01
 2.90730461e+01
 2.12439771e+01
 5.84442867e+01
 8.40244718e+00
 1.62329695e+01
 9.03917969e+01
 4.47306340e+01
 1.14531626e+02
 2.30775925e+02
 4.32089778e+01
 6.32837913e+01
 3.35455780e+01
 6.70787431e+01
 9.80839203e+01
 6.25148416e+01
 5.88273803e+01
 2.77003370e+01
 1.31139143e+01
 5.14031234e+01
 4.62562413e+01
 2.69362624e+01
 2.13002751e+01
 1.22216786e+02
 1.61971511e+02
 9.67364611e+01
 1.56418167e+01
 9.35889079e+00
 2.69915530e+01
 6.15028901e+01
 7.20339914e+01
 3.37168108e+01
 4.07975493e+01
 1.00870085e+01
 7.86883577e+01
 7.70790984e+01
 2.14119001e+01
 1.65891155e+01
 5.04493577e+01
 3.52775702e+01
 2.55391253e+01
 2.54468721e+01
 2.58437532e+01
 5.10332976e+01
 7.65965384e+01
 5.10667021e+01
 3.61371948e+01
 4.87195101e+01
 2.00413159e+01
 3.90289349e+01
 1.01001381e+01
 2.98197016e+01
 1.01335504e+01
 2.40517120e+00
 2.34853806e+01
 3.46977740e+01
 8.87383828e+01
 4.66742810e+01
 3.85186874e+01
 6.41192094e+01
 2.15835809e+01
 3.74280018e+01
 1.34560353e+01
 2.50680072e+01
 1.85970271e+01
 1.43829298e+00
 2.03251712e+01
 6.07968046e+01
 4.69861323e+01
 4.35498119e+01
 1.70118403e+01
 1.45364748e+02
 7.32844452e+01
 2.69370550e+01
 1.10452168e+02
 1.07418280e+02
 3.11814325e+01
 1.48478133e+01
 1.26617993e+01
 4.52159210e+01
 7.78633510e+01
 1.36869849e+01
 7.61423675e+01
 6.14540505e+01
 1.72110601e+02
 5.17436902e+01
 3.89876690e+01
 4.52790680e+01
 1.50712949e+01
 6.30609484e+01
 5.18743652e+00
 5.72957721e+01
 4.25013031e+01
 4.40591209e+01
 2.34238548e+01
 2.90368473e+01
 1.74417808e+01
 3.68249529e+01
 4.49680959e+01
 2.94821098e+01
 2.85118402e+01
 4.58841286e+00
 5.02066629e+01
 4.84193445e+01
 2.31537351e+01
 6.11551686e+01
 2.78683513e+01
 1.39693119e+02
 2.37638341e+01
 8.25138032e+01
 4.50789083e+01
 4.51157300e+01
 9.97433102e+00
 5.53160182e+00
 1.53893268e+01
 1.31148521e+01
 6.03056710e+01
 4.17180334e+01
 4.50098521e+01
 1.96986734e+01
 1.08706581e+02
 1.91053318e+01
 5.55235842e+01
 1.08653062e+01
 5.55340769e+01
 2.88899261e+01
 5.35232349e+01
 1.55022545e+01
 7.02136779e+01
 4.69797024e+01
 3.97201910e+01
 1.82833032e+01
 1.24062841e+01
 3.92941363e+01
 4.77098678e+01
 3.16206246e+01
 6.34677329e+01
 5.12192228e+01
 3.41166940e+01
 2.97631462e+01
 1.23316782e+02
 5.37575445e+01
 6.03404082e+01
 7.24755877e+01
 3.14315515e+01
 6.27147439e+01
 6.12283037e+00
 6.35515651e+01
 1.13086455e+01
 3.43014839e+01
 7.28875917e+01
 3.11308190e+01
 1.97882996e+01
 9.62068654e+01
 1.39007388e+02
 5.26832030e+01
 8.27723898e+01
 7.95195420e+01
 2.44777570e+01
 3.23452709e+01
 1.42167031e+01
 1.56998996e+01
 8.22039842e+01
 5.18243879e+01
 1.01915718e+02
 1.17371346e+02
 4.22810700e+01
 2.02453462e+01
 7.07811018e+01
 4.89512654e+01
 6.69278381e+00
 5.32884639e+00
 3.10538865e+00
 5.98770861e+01
 2.39022200e+01
 9.98019821e+01
 2.49950078e+01
 9.07794280e+01
 3.84128119e+01
 4.23421695e+01
 7.24528475e+00
 2.95765800e+01
 3.16232136e+01
 3.03725570e+01
 2.18925326e+01
 8.00764994e+01
 4.97618900e+01
 2.53251422e+01
 4.41252026e+01
 4.05687063e+01
 6.84606319e+01
 1.40550751e+01
 5.67543363e+01
 1.06839859e+02
 3.01599337e+01
 5.55417454e+01
 4.80853292e+01
 1.35742385e+01
 1.56470388e+01
 4.35352997e+01
 4.18341339e+01
 5.25573068e+01
 2.83081134e+01
 5.81698724e+01
 7.55338472e+00
 3.83320515e+01
 1.94675942e+01
 1.45902854e+01
 3.27607802e+01
 3.19163408e+01
 7.22596567e+01
 4.50130989e+01
 5.07264253e+01
 3.95600836e+01
 2.94090058e+01
 8.64001047e+01
 4.84920706e+01
 7.87110465e+01
 2.63844687e+00
 6.51169229e+01
 2.07851897e+01
 2.18345420e+01
 3.34293988e+01
 3.02098920e+01
 2.01312054e+01
 5.83799074e+01
 4.71448176e+01
 7.31768461e+01
 1.66453627e+02
 2.73336124e+01
 5.16550033e+01
 1.60587480e+01
 9.17463343e+01
 4.27898510e+01
 7.86425708e+01
 4.05876646e+01
 8.51919508e+01
 2.87544434e+01
 5.22477210e+01
 3.72535776e+01
 9.89520036e+01
 1.05660255e+02
 6.27747425e+01
 4.21700960e+01
 1.78027772e+01
 4.66246352e+01
 6.78363605e+01
 6.60003115e+01
 1.16405107e+02
 4.30712104e+01
 2.07739671e+01
 6.60659703e+01
 1.01663714e+02
 2.66362760e+01
 3.13446880e+01
 3.65273357e+01
 4.06024191e+01
 4.63266774e+01
 1.99354188e+01
 3.12869762e+01
 5.36929065e+01
 3.24127080e+01
 2.15139578e+01
 1.19692935e+02
 4.54109401e+01
 1.54421001e+01
 8.85681112e+01
 4.27609699e+01
 1.25626910e+01
 1.82630561e+01
 1.05097770e+01
 1.65120417e+01
 1.23243157e+02
 7.39945396e+01
 2.55755214e+01
 3.00153043e+01
 6.42412827e+01
 1.03069238e+02
 3.24038064e+01
 7.10567889e+01
 1.05199365e+02
 6.92483891e+01
 6.13972530e+01
 4.81799307e+01
 1.38345139e+02
 6.00002026e+01
 4.25115927e+01
 2.42657136e+01
 3.34540185e+01
 6.46076401e+01
 2.01560199e+00
 5.05779676e+00
 3.85293790e+01
 3.19201824e+01
 2.81723191e+01
 2.55859543e+01
 1.02395910e+02
 3.02731153e+01
 8.01343422e+01
 6.97944147e+01
 6.01993048e+01
 8.73248847e+01
 4.17692693e+01
 4.03601721e+01
 5.46532459e+00
 2.38971813e+01
 4.41296556e+01
 1.26650594e+01
 2.66704407e+01
 9.74439023e+01
 7.55296330e+01
 1.90009192e+01
 8.86000682e+01
 7.08107489e+01
 1.18276082e+01
 2.34600171e+01
 1.65460107e+01
 2.35668777e+01
 2.59752017e+01
 2.76970859e+01
 6.06554792e+01
 5.48213589e+01
 3.15252848e+01
 5.47846639e+01
 4.09999473e+01
 5.22824874e+01
 9.65629758e+01
 3.70709660e+01
 6.74497932e+01
 2.00962040e+01
 7.30861201e+01
 1.99504967e+01
 1.23823166e+02
 5.73715864e+01
 5.53728728e+01
 3.30166591e+01
 5.16364929e+01
 4.14684966e+01
 4.32057903e+01
 4.50366127e+00
 3.19440121e+01
 2.76989838e+01
 4.36906170e+01
 5.21313699e+01
 6.91456324e+01
 5.57372458e+01
 4.07036857e+01
 2.04741893e+01
 1.20885933e+02
 9.54430865e+01
 4.41900374e+01
 5.16370620e+01
 8.37510806e+00
 1.12464987e+01
 4.06353708e+01
 1.04075363e+02
 9.74802372e+01
 3.70388663e+01
 1.12916350e+02
 6.86734059e+01
 7.00148350e+01
 1.44997946e+02
 5.91725725e+01
 6.74049953e+01
 2.33030345e+01
 7.85575967e+01
 4.22890503e+01
 3.50970981e+01
 8.52135921e+01
 1.41701979e+02
 6.32805319e+01
 3.96668891e+01
 2.75255725e+01
 9.26657161e+01
 3.46445390e+01
 8.15183892e+01
 1.15533663e+01
 4.71840971e+01
 9.69167439e+01
 8.12776125e+01
 1.40934188e+02
 8.17904718e+01
 1.14528498e+02
 3.78852909e+01
 3.33577938e+01
 7.64068040e+01
 3.45776098e+01
 2.96919826e+01
 1.33401533e+01
 2.15728311e+01
 5.96150871e+01
 5.10266874e+01
 9.20763623e+01
 9.14827472e+01
 4.13691764e+01
 3.03265971e+01
 6.48786840e+01
 8.37666405e+00
 6.03380384e+01
 2.31404321e+01
 1.98262145e+01
 1.13343331e+02
 1.22567569e+02
 6.50760888e+01
 4.38297121e+01
 3.99837385e+01
 5.11185370e+01
 4.45442612e+01
 9.05600757e+01
 7.46268646e+00
 1.30089857e+02
 3.94756395e+01
 6.19497454e+01
 4.77632952e+01
 2.24151768e+01
 3.43630206e+00
 8.91070749e+01
 8.35153040e+01
 5.78451987e+01
 2.11084335e+01
 3.11928920e+01
 5.03971135e+01
 6.55672175e+01
 2.41004585e+01
 2.52902206e+01
 9.64450361e+00
 3.99202906e+01
 5.18595180e+01
 9.05783158e+01
 1.22426350e+01
 4.64288799e+01
 8.83665825e+01
 1.13517536e+02
 1.07941375e+02
 6.81670922e+01
 2.03210739e+01
 1.48758663e+01
 3.09111458e+01
 4.77945694e+01
 5.07428175e+01
 1.35056727e+02
 6.40699414e+01
 3.37953406e+01
 8.11510808e+01
 7.45487479e+01
 1.07950417e+02
 4.70359360e+01
 1.63879794e+01
 4.71534654e+01
 3.09138653e+01
 4.19057180e+01
 1.98449672e+01
 1.24875631e+02
 9.43516401e+01
 1.00818947e+02
 3.27941168e+01
 1.84482240e+01
 6.49837461e+00
 2.91566152e+01
 2.75133763e+01
 5.46245706e+01
 1.94644573e+01
 8.87383268e+00
 2.44649492e+01
 1.14336503e+02
 1.06746425e+01
 2.27816789e+01
 8.30906848e+01
 7.09935752e+01
 4.64875630e+01
 8.55183672e+01
 4.67891386e+01
 3.19356469e+01
 5.79774786e+01
 9.06641309e+01
 1.32406663e+02
 1.54521656e+01
 1.65715428e+01
 6.88243399e+01
 4.51881568e+01
 1.81265413e+01
 5.22432046e+01
 7.38063381e+01
 6.94431400e+01
 3.38407596e+01
 7.00817556e+01
 3.43367322e+01
 5.84503185e+01
 7.49444934e+01
 5.41681488e+01
 8.95287156e+01
 1.78695209e+02
 5.79046393e+01
 6.80120685e+01
 7.40952718e+01
 9.04588158e+01
