 -1.81204834e+00
 4.39086914e-02
 2.75847778e+00
 9.40953979e+00
 1.33235413e+01
 1.97011963e+01
 2.10879150e+01
 2.22435547e+01
 1.79705444e+01
 1.26360413e+01
 8.29735718e+00
 2.39522705e+00
 8.30651855e-01
 5.63500977e-01
 1.16903076e+00
 1.10182739e+01
 1.35920959e+01
 1.65222412e+01
 1.98156677e+01
 2.16676880e+01
 1.81819092e+01
 1.30131165e+01
 3.64873657e+00
 2.28479004e-01
 -2.02210083e+00
 1.80361328e+00
 4.46636353e+00
 9.87441406e+00
 1.57360779e+01
 1.98910767e+01
 2.56600586e+01
 2.23539673e+01
 1.62407471e+01
 1.08312012e+01
 7.41390381e+00
 4.52059326e+00
 9.70666504e-01
 7.70989990e-01
 5.28618774e+00
 8.47994385e+00
 1.31480957e+01
 1.81055542e+01
 2.21280762e+01
 2.30766235e+01
 1.41837708e+01
 1.00115906e+01
 3.66710815e+00
 2.84844360e+00
 3.27672729e+00
 5.56463013e+00
 5.06130371e+00
 1.15891663e+01
 1.42535645e+01
 1.75512024e+01
 2.25534302e+01
 2.29691101e+01
 1.53053833e+01
 9.95882568e+00
 7.27218018e+00
 1.88616333e+00
 2.41030273e+00
 3.99785767e+00
 4.52373657e+00
 8.91536865e+00
 1.45618225e+01
 2.06188904e+01
 2.20426880e+01
 1.92278381e+01
 1.58080383e+01
 1.15368591e+01
 3.93306885e+00
 2.70604858e+00
 7.37908936e-01
 1.26644287e+00
 8.32531128e+00
 9.71532593e+00
 1.37249390e+01
 1.72694336e+01
 2.20550781e+01
 2.10051514e+01
 1.38604065e+01
 9.36721191e+00
 3.25695190e+00
 4.25316772e+00
 -2.72907104e+00
 -5.74219360e+00
 5.76024780e+00
 8.50548706e+00
 1.38239685e+01
 1.60972839e+01
 2.16014343e+01
 1.91249634e+01
 1.83803955e+01
 9.08315430e+00
 5.96337280e+00
 2.02745972e+00
 3.97500000e+00
 5.16842041e+00
 7.79879150e+00
 7.57296143e+00
 1.39401184e+01
 1.83391968e+01
 2.59877258e+01
 2.35398193e+01
 1.76812683e+01
 8.78029785e+00
 5.93267212e+00
 3.16335449e+00
 2.19185791e+00
 3.64852295e+00
 6.91875610e+00
 7.45101318e+00
 1.32991272e+01
 1.83217102e+01
 2.15714050e+01
 2.31747070e+01
 1.63646179e+01
 6.15697632e+00
 5.94121704e+00
 2.30056152e+00
 1.33797607e+00
 -1.59177246e+00
 1.00219116e+00
 1.02735535e+01
 1.66339966e+01
 1.97739197e+01
 2.34972473e+01
 2.29935852e+01
 1.56689392e+01
 1.37382446e+01
 6.85576782e+00
 2.44997559e+00
 1.17470703e+00
 2.11400757e+00
 7.19179688e+00
 1.19576660e+01
 1.71648193e+01
 1.81073547e+01
 2.09634644e+01
 1.96852966e+01
 1.54255920e+01
 1.13439270e+01
 5.05193481e+00
 -1.76846924e+00
 2.38372192e+00
 2.64388428e+00
 6.76882324e+00
 1.10098816e+01
 1.50255981e+01
 1.69506775e+01
 1.93622070e+01
 2.38400208e+01
 1.69926697e+01
 1.13045593e+01
 4.68273315e+00
 2.94484863e+00
 9.80767822e-01
 2.56643066e+00
 4.80281982e+00
 1.05919739e+01
 1.85034424e+01
 2.12846924e+01
 2.28006531e+01
 2.65842529e+01
 1.79638916e+01
 1.07833191e+01
 8.13933716e+00
 2.54973755e+00
 4.50774536e+00
 5.26387939e+00
 3.65401611e+00
 9.78585205e+00
 1.32072693e+01
 1.96892944e+01
 2.62312866e+01
 2.03446289e+01
 1.43671814e+01
 1.15103699e+01
 4.28563843e+00
 4.54192505e+00
 6.09368896e-01
 1.15350342e-01
 7.35836182e+00
 9.93605957e+00
 1.40214172e+01
 1.81480042e+01
 2.28140198e+01
 2.30697266e+01
 1.60916687e+01
 1.00523621e+01
 6.92254028e+00
 1.18627319e+00
 1.04503784e+00
 2.46209106e+00
 2.83153687e+00
 1.00682312e+01
 1.37643982e+01
 2.03156067e+01
 2.48725830e+01
 2.33242432e+01
 1.75005127e+01
 1.11877686e+01
 5.98238525e+00
 3.97347412e+00
 2.23363647e+00
 4.87236938e+00
 7.85375366e+00
 9.29442749e+00
 1.40317932e+01
 1.75297485e+01
 2.07881409e+01
 2.00953918e+01
 1.52564636e+01
 1.12333008e+01
 2.41628418e+00
 -1.11364746e-01
 -1.35349121e+00
 2.02477417e+00
 6.90633545e+00
 8.08138428e+00
 1.30721680e+01
 2.06526428e+01
 2.40529419e+01
 2.36326843e+01
 1.81158997e+01
 1.03980652e+01
 8.54085693e+00
 3.00042114e+00
 1.25090942e+00
 -8.74389648e-02
 2.44814453e+00
 9.12148438e+00
 1.71114441e+01
 1.72430969e+01
 2.33774963e+01
 2.05059448e+01
 1.95143066e+01
 1.44966064e+01
 7.54104004e+00
 4.35988770e+00
 3.03875122e+00
 1.22329102e+00
 4.63710938e+00
 1.15250793e+01
 1.46039673e+01
 2.24608093e+01
 2.56892639e+01
 2.55298706e+01
 1.97165771e+01
 9.94875488e+00
 5.13591919e+00
 4.86522827e+00
 4.27230225e+00
 4.08294067e+00
 2.95113525e+00
 1.03010803e+01
 1.31502930e+01
 1.73147217e+01
 2.05977417e+01
 2.39882446e+01
 1.58003174e+01
 1.04445435e+01
 5.21059570e+00
 1.86953125e+00
 1.22850952e+00
 3.22408447e+00
 3.18306885e+00
 1.05156799e+01
 1.40353027e+01
 1.84761597e+01
 2.09978271e+01
 2.23169495e+01
 1.52521606e+01
 1.30680481e+01
 6.01949463e+00
 2.49062500e+00
 4.57567749e+00
 4.33519897e+00
 5.69515381e+00
 1.10221191e+01
 1.47382141e+01
 1.86454712e+01
 2.38067261e+01
 2.15517212e+01
 1.59504333e+01
 1.04895874e+01
 4.98034058e+00
 4.26424561e+00
 4.87487183e+00
 5.70736084e+00
 7.92870483e+00
 1.20330750e+01
 1.48395325e+01
 2.04680420e+01
 2.27442871e+01
 2.17124878e+01
 1.73620239e+01
 1.16884399e+01
 7.24260864e+00
 4.30855713e+00
 3.57738647e+00
 5.65761719e+00
 5.59069214e+00
 1.14902893e+01
 1.37470337e+01
 1.89803711e+01
 2.45971924e+01
 2.35853516e+01
 1.79017883e+01
 1.30087524e+01
 5.57845459e+00
 1.27175293e+00
 2.43114624e+00
 3.93633423e+00
 4.94109497e+00
 9.66326294e+00
 1.31672607e+01
 1.69254700e+01
 2.22957092e+01
 2.21112000e+01
 1.61597839e+01
 9.42482910e+00
 4.58831177e+00
 5.53585205e+00
 6.37628174e-01
 4.49151611e-01
 7.47619019e+00
 1.20451904e+01
 1.44629761e+01
 2.01197754e+01
 2.34659363e+01
 2.22423645e+01
 1.81561829e+01
 1.13554321e+01
 9.07106934e+00
 4.68560181e+00
 6.02111206e+00
 3.60122070e+00
 4.36852417e+00
 5.35067139e+00
 1.32446533e+01
 1.81262146e+01
 2.08776489e+01
 2.30420166e+01
 1.76580750e+01
 9.06273804e+00
 5.60354004e+00
 3.26601563e+00
 3.85079346e+00
 3.41591797e+00
 5.15938721e+00
 6.54677734e+00
 1.54598328e+01
 1.84010864e+01
 2.19436890e+01
 2.46147400e+01
 1.91893555e+01
 1.10525757e+01
 6.34530029e+00
 3.36834106e+00
 2.49093018e+00
 3.72072754e+00
 8.53533325e+00
 9.67070923e+00
 1.48608032e+01
 1.75524231e+01
 2.08749329e+01
 2.23788391e+01
 1.63338867e+01
 1.11771179e+01
 5.73989258e+00
 3.64953613e-01
 -7.94775391e-01
 1.24163208e+00
 5.53222046e+00
 1.09541565e+01
 1.53132874e+01
 1.98347107e+01
 2.30420776e+01
 2.15781189e+01
 1.76050964e+01
 1.15092102e+01
 5.09652100e+00
 4.04927979e+00
 3.80852661e+00
 4.62975464e+00
 7.37221680e+00
 9.77086792e+00
 1.40164734e+01
 2.24112183e+01
 2.40736938e+01
 2.40601440e+01
 1.75997864e+01
 1.18724304e+01
 7.99318848e+00
 4.84359131e+00
 1.85625610e+00
 5.74978027e+00
 6.87770996e+00
 1.08760315e+01
 1.86032349e+01
 2.02587830e+01
 2.51739136e+01
 2.31133667e+01
 1.73222900e+01
 1.26265503e+01
 6.44197998e+00
 2.18508301e+00
 6.67894897e+00
 2.28698120e+00
 9.55657349e+00
 1.14948975e+01
 1.30505920e+01
 1.92125488e+01
 2.40678650e+01
 2.46874023e+01
 1.78594910e+01
 1.13619019e+01
 5.75225220e+00
 3.35857544e+00
 1.97484741e+00
 6.01256714e+00
 5.50512085e+00
 1.19103027e+01
 1.52112366e+01
 2.14571777e+01
 2.65906006e+01
 2.32488037e+01
 1.60588623e+01
 8.25164185e+00
 6.86483154e+00
 2.06072388e+00
 4.86718750e-01
 3.19780884e+00
 8.16137085e+00
 1.07290283e+01
 1.47037292e+01
 1.79298035e+01
 2.18804260e+01
 1.92044617e+01
 1.66067139e+01
 1.28406006e+01
 2.69884644e+00
 -1.50146484e-03
 -3.29538574e+00
 4.29329834e+00
 5.84154663e+00
 1.08926025e+01
 1.60649353e+01
 2.18064514e+01
 2.71980530e+01
 2.48700806e+01
 1.82621399e+01
 1.28394104e+01
 1.08371521e+01
 -2.24667969e+00
 1.05944214e+00
 -3.25250854e+00
 4.69020996e+00
 1.00324646e+01
 1.40542236e+01
 1.87976929e+01
 2.59168640e+01
 2.30084778e+01
 1.59980408e+01
 1.37389771e+01
 6.99682007e+00
 -6.01477051e-01
 -1.88275757e+00
 -1.23560181e+00
 3.31096802e+00
 1.06141296e+01
 1.58735291e+01
 1.80051819e+01
 2.14346252e+01
 2.37909180e+01
 1.61058289e+01
 1.29796387e+01
 4.95177612e+00
 4.94902954e+00
 2.90029297e+00
 3.54256592e+00
 4.10329590e+00
 1.09631592e+01
 1.66720215e+01
 2.18276917e+01
 2.27863098e+01
 2.36960999e+01
 1.81227051e+01
 1.13781982e+01
 1.00836731e+01
 4.30675659e+00
 2.08587036e+00
 2.01256714e+00
 7.72509155e+00
 8.11870728e+00
 1.43546387e+01
 2.05500427e+01
 2.50996338e+01
 2.27767883e+01
 1.78097473e+01
 1.10234314e+01
 5.91082153e+00
 1.47707520e+00
 3.10729370e+00
 3.08159790e+00
 5.23827515e+00
 9.41274414e+00
 1.47801453e+01
 1.82280518e+01
 2.60175720e+01
 1.99728333e+01
 1.64686523e+01
 8.61574707e+00
 5.91204224e+00
 1.92727051e+00
 2.51201782e+00
 2.74431763e+00
 4.82503662e+00
 1.19649902e+01
 1.47655884e+01
 1.81711060e+01
 2.48322083e+01
 2.41789490e+01
 1.70078369e+01
 1.26258484e+01
 7.45986328e+00
 4.57625732e+00
 1.77056885e-01
 6.28740845e+00
 6.05095825e+00
 1.28133789e+01
 1.66245361e+01
 2.27834412e+01
 2.66506592e+01
 2.21028687e+01
 1.93533875e+01
 1.53484436e+01
 5.07482300e+00
 1.23238525e+00
 1.77728271e-01
 6.27373657e+00
 4.58480225e+00
 1.07185303e+01
 1.32308289e+01
 1.66469055e+01
 2.28881470e+01
 2.21693359e+01
 1.66108643e+01
 1.20217834e+01
 5.39998779e+00
 2.64458618e+00
 3.03215942e+00
 3.62676392e+00
 3.88445435e+00
 9.59664307e+00
 1.32013489e+01
 1.54331299e+01
 1.97385803e+01
 2.04717041e+01
 1.72781616e+01
 9.00747070e+00
 7.04134521e+00
 3.73146973e+00
 2.88729248e+00
 4.06295166e+00
 7.92223511e+00
 1.12353149e+01
 1.63955322e+01
 2.45912720e+01
 2.73449951e+01
 2.82902466e+01
 1.74004456e+01
 1.18667542e+01
 7.24605713e+00
 2.84163818e+00
 2.05727539e+00
 2.76567993e+00
 6.39626465e+00
 1.07335449e+01
 1.44444214e+01
 1.78321472e+01
 2.41632019e+01
 2.39065796e+01
 2.03465515e+01
 1.09191833e+01
 5.39797363e+00
 2.48208008e+00
 4.21697388e+00
 3.67119751e+00
 6.89193115e+00
 1.04071594e+01
 1.27464844e+01
 1.72225891e+01
 2.46610046e+01
 2.71385437e+01
 1.95081726e+01
 1.43857666e+01
 7.48995361e+00
 4.66485596e-01
 3.59243164e+00
 2.09252319e+00
 1.04829956e+01
 1.20552612e+01
 1.48995605e+01
 1.89897095e+01
 2.19979492e+01
 2.52913452e+01
 1.68225342e+01
 9.21279297e+00
 6.47509155e+00
 3.10375366e+00
 1.69423828e+00
 3.61309204e+00
 8.51235352e+00
 1.05928589e+01
 1.37177063e+01
 1.83377014e+01
 2.22315918e+01
 2.43856140e+01
 1.96559387e+01
 1.10645996e+01
 8.32778320e+00
 3.97078857e+00
 -2.20703125e-02
 3.58431396e+00
 5.96849976e+00
 1.09497620e+01
 1.77583862e+01
 2.12571655e+01
 3.04703918e+01
 2.45407959e+01
 1.66217285e+01
 1.00044189e+01
 9.51735840e+00
 2.27819214e+00
 1.92727051e+00
 2.33608398e+00
 5.89196167e+00
 1.13077637e+01
 1.55669800e+01
 2.09809204e+01
 2.71084229e+01
 2.21948181e+01
 1.98772827e+01
 1.08619019e+01
 6.29793701e+00
 -3.21930542e+00
 -6.02362061e-01
 3.76696167e+00
 5.21047363e+00
 9.15380249e+00
 1.63462463e+01
 2.04946228e+01
 2.28644043e+01
 2.55855042e+01
 1.68029419e+01
 1.11770569e+01
 9.08904419e+00
 2.56368408e+00
 1.85998535e-01
 8.35595703e-01
 5.94350586e+00
 1.17591797e+01
 1.26193176e+01
 2.08107849e+01
 2.40506531e+01
 2.45910278e+01
 2.13127991e+01
 1.31609436e+01
 7.03942261e+00
 3.05635986e+00
 2.32430420e+00
 6.40862427e+00
 8.85250244e+00
 1.32539307e+01
 1.50957275e+01
 1.97274109e+01
 2.03797852e+01
 2.43522583e+01
 1.88207031e+01
 1.41204163e+01
 8.02468262e+00
 4.48449097e+00
 5.21645508e+00
 4.64785156e+00
 8.03341064e+00
 1.37579895e+01
 1.75942932e+01
 2.04903503e+01
 2.56776367e+01
 2.52230469e+01
 1.93227478e+01
 1.08135010e+01
 9.42470703e+00
 1.10289917e+00
 -1.79968262e-01
 1.91649780e+00
 4.45379028e+00
 1.04641052e+01
 1.42725769e+01
 1.78961121e+01
 2.44168030e+01
 2.14772278e+01
 1.66033569e+01
 1.02760254e+01
 8.20513306e+00
 -1.63599243e+00
 1.40642700e+00
 2.17382202e+00
 7.35448608e+00
 1.10207458e+01
 1.65777222e+01
 1.90830322e+01
 2.49891602e+01
 2.24986206e+01
 1.81101318e+01
 1.09772278e+01
 4.03658447e+00
 3.53811035e+00
 3.92226563e+00
 5.03872070e+00
 6.17415771e+00
 1.21445862e+01
 1.52905212e+01
 1.94667603e+01
 2.36345459e+01
 2.01475159e+01
 1.74332825e+01
 1.30378357e+01
 4.56987915e+00
 1.58319092e-01
 3.67620239e+00
 6.62062988e+00
 6.20940552e+00
 1.05004211e+01
 1.53313232e+01
 1.79957214e+01
 2.57463013e+01
 2.52004028e+01
 1.58970581e+01
 1.06737305e+01
 5.02315674e+00
 -3.73419189e-01
 -3.14572754e+00
 3.76299438e+00
 9.72576294e+00
 1.37851196e+01
 1.53494812e+01
 2.10884033e+01
 2.48923889e+01
 2.34077393e+01
 1.88132874e+01
 1.44071594e+01
 6.24401245e+00
 5.30431519e+00
 2.33898315e+00
 4.10592041e+00
 6.42870483e+00
 9.89891968e+00
 1.57971130e+01
 2.07700745e+01
 2.59084106e+01
 2.44212891e+01
 1.89259277e+01
 9.98705444e+00
 6.63894043e+00
 1.62612305e+00
 1.21828613e+00
 2.74974976e+00
 7.14180908e+00
 9.40725098e+00
 1.39238220e+01
 2.10774170e+01
 2.54955688e+01
 2.70161682e+01
 1.80014282e+01
 1.12932983e+01
 5.20836792e+00
 -1.37665405e+00
 -1.46970215e+00
 1.73867188e+00
 4.29097900e+00
 1.17894531e+01
 1.67712036e+01
 1.84421021e+01
 2.41318298e+01
 2.19211365e+01
 1.81682068e+01
 1.25292908e+01
 5.69512329e+00
 4.75936279e+00
 5.27477417e+00
 3.14840088e+00
 7.06875000e+00
 1.08768555e+01
 1.68522888e+01
 1.98586975e+01
 2.28366943e+01
 2.43684021e+01
 2.03355347e+01
 1.22241455e+01
 8.49477539e+00
 3.41088257e+00
 2.59285889e+00
 2.81484375e+00
 6.09774170e+00
 1.42325073e+01
 1.74140564e+01
 2.18353516e+01
 2.80170532e+01
 2.49218079e+01
 2.14941956e+01
 1.18688293e+01
 8.70208130e+00
 6.87585449e-01
 2.22374878e+00
 7.17919312e+00
 8.37957153e+00
 8.82357178e+00
 1.65308472e+01
 2.03131958e+01
 2.85642334e+01
 2.34680725e+01
 2.17321106e+01
 1.36814819e+01
 6.95617065e+00
 1.12645874e+00
 3.24794922e+00
 3.84517822e+00
 6.53341064e+00
 1.17811218e+01
 1.90196472e+01
 1.90342957e+01
 2.42548157e+01
 2.30322815e+01
 1.93572021e+01
 9.79769287e+00
 2.38012085e+00
 2.50267944e+00
 2.14574585e+00
 2.76586304e+00
 7.58141479e+00
 1.15039001e+01
 1.51989685e+01
 1.96182495e+01
 2.29572693e+01
 2.60907837e+01
 1.59983459e+01
 9.71996460e+00
 7.37154541e+00
 3.90987549e+00
 2.71712646e+00
 4.27026367e-01
 6.43288574e+00
 1.34412170e+01
 1.43387085e+01
 2.09061523e+01
 2.72116028e+01
 2.52127014e+01
 1.76650940e+01
 1.38571106e+01
 7.78676758e+00
 5.52419434e+00
 2.70379028e+00
 6.80611572e+00
 6.68139038e+00
 1.24348694e+01
 1.42882324e+01
 1.70695435e+01
 2.05063416e+01
 2.29099976e+01
 1.54278503e+01
 1.31745544e+01
 6.82708130e+00
 5.54815063e+00
 2.57262573e+00
 6.29821167e+00
 4.45296631e+00
 1.14470764e+01
 1.72689148e+01
 2.48169495e+01
 3.02664429e+01
 2.74880920e+01
 1.91459900e+01
 1.32362305e+01
 8.24898682e+00
 3.25463257e+00
 2.78240356e+00
 7.45702515e+00
 6.39608154e+00
 1.37109924e+01
 1.47623230e+01
 1.78849731e+01
 2.26574341e+01
 1.82557922e+01
 1.52780396e+01
 1.42698608e+01
 6.14052734e+00
 3.73854980e+00
 -1.96890869e+00
 -6.07275391e-01
 6.12642822e+00
 1.14627014e+01
 1.77696472e+01
 2.11842590e+01
 2.48759094e+01
 2.51187378e+01
 1.95166870e+01
 1.44947754e+01
 6.61788330e+00
 4.27993164e+00
 1.67461548e+00
 2.33114014e+00
 8.93178711e+00
 9.50640259e+00
 1.60245911e+01
 1.95079895e+01
 2.62059875e+01
 2.62932068e+01
 1.85359131e+01
 1.11608521e+01
 7.77926025e+00
 6.09267578e+00
 2.83196411e+00
 4.03850708e+00
 7.67546997e+00
 1.08394714e+01
 1.63369690e+01
 2.19652954e+01
 2.55071960e+01
 2.38006531e+01
 2.05896545e+01
 1.39183594e+01
 8.73360596e+00
 6.30220947e+00
 5.49450073e+00
 5.89916382e+00
 4.07607422e+00
 1.26034180e+01
 1.60686584e+01
 2.14792419e+01
 2.78899170e+01
 2.40633484e+01
 1.87383972e+01
 1.35683228e+01
 7.41311035e+00
 1.21505127e+00
 3.69341431e+00
 4.19851074e+00
 5.39309082e+00
 1.25284363e+01
 1.39213501e+01
 1.91545349e+01
 2.35655762e+01
 2.61141602e+01
 1.82917419e+01
 1.25837646e+01
 5.94460449e+00
 5.31212769e+00
 4.67351685e+00
 6.83901367e+00
 6.09993896e+00
 1.15680481e+01
 1.69597107e+01
 2.16158997e+01
 2.55588013e+01
 2.73365417e+01
 2.09384399e+01
 1.30837646e+01
 8.60000000e+00
 4.50768433e+00
 4.14727173e+00
 3.39129028e+00
 6.69829712e+00
 1.23646179e+01
 1.38805786e+01
 1.99495483e+01
 2.34417969e+01
 2.00487305e+01
 1.72388855e+01
 1.18871399e+01
 6.78753052e+00
 -1.86218262e-02
 8.17871094e-04
 4.09645996e+00
 5.86388550e+00
 1.26422974e+01
 1.45559326e+01
 2.11327454e+01
 2.58269592e+01
 2.37041870e+01
 1.72362305e+01
 1.28110291e+01
 4.70653687e+00
 2.29476318e+00
 4.37786255e+00
 8.51174316e+00
 6.78685913e+00
 9.65038452e+00
 1.57247559e+01
 2.18391968e+01
 2.48654724e+01
 2.20545593e+01
 1.98935791e+01
 1.26226135e+01
 8.35671387e+00
 1.26998291e+00
 -1.60629883e+00
 -4.46081543e-01
 6.32512817e+00
 1.20285583e+01
 1.65370422e+01
 1.83704163e+01
 2.39138428e+01
 2.34707275e+01
 1.87853027e+01
 1.32282654e+01
 5.94994507e+00
 2.98476563e+00
 5.89968262e+00
 5.35131226e+00
 8.29659424e+00
 1.05866943e+01
 1.56010071e+01
 1.68876587e+01
 2.34609924e+01
 2.49285217e+01
 1.89703308e+01
 1.36521240e+01
 8.96282349e+00
 4.24578247e+00
 5.08327637e+00
 5.66759644e+00
 7.25676880e+00
 1.13345886e+01
 1.49613892e+01
 2.36913696e+01
 2.57449280e+01
 2.51512390e+01
 2.02087646e+01
 1.22663818e+01
 1.04504944e+01
 1.61046753e+00
 1.80260620e+00
 3.17022095e+00
 5.77810059e+00
 1.39091736e+01
 1.49002014e+01
 1.91338440e+01
 2.36685120e+01
 2.46819092e+01
 1.90462280e+01
 1.50300537e+01
 9.03829346e+00
 7.81444702e+00
 2.76653442e+00
 7.86644897e+00
 8.20092163e+00
 1.22499634e+01
 1.68925110e+01
 1.98513123e+01
 2.21205383e+01
 2.56218201e+01
 1.89928223e+01
 1.23107849e+01
 6.67797241e+00
 8.91290283e-01
 5.01894531e+00
 6.64733276e+00
 6.54348145e+00
 9.45601807e+00
 1.55633789e+01
 2.20051819e+01
 2.96850220e+01
 2.68367249e+01
 1.80614868e+01
 1.28333679e+01
 8.35741577e+00
 6.12200317e+00
 3.12737427e+00
 5.23864136e+00
 6.89776001e+00
 8.74874268e+00
 1.43731934e+01
 2.10266968e+01
 2.29454590e+01
 2.50425659e+01
 2.08527161e+01
 1.23649231e+01
 7.27044067e+00
 7.30169067e+00
 5.23616943e+00
 3.81524048e+00
 7.96941528e+00
 1.29285522e+01
 1.54294373e+01
 1.76761719e+01
 2.31262756e+01
 2.72520386e+01
 1.89305969e+01
 1.21194092e+01
 7.86242065e+00
 4.14693604e+00
 1.72423706e+00
 1.36922607e+00
 6.59328613e+00
 9.91155396e+00
 1.34449402e+01
 1.78971802e+01
 2.26777588e+01
 2.73597351e+01
 1.68880554e+01
 1.20515991e+01
 1.20950867e+01
 5.16338501e+00
 7.01024780e+00
 5.20513306e+00
 9.81960449e+00
 1.37465759e+01
 1.51220032e+01
 2.37024170e+01
 2.95664001e+01
 2.49806458e+01
 2.15963989e+01
 1.51532227e+01
 7.89647827e+00
 3.66338501e+00
 4.80965576e+00
 7.85515747e+00
 6.62853394e+00
 1.20787292e+01
 1.58246704e+01
 2.02557007e+01
 2.81354309e+01
 2.71964661e+01
 2.26591736e+01
 1.37040955e+01
 6.38256226e+00
 1.13948975e+00
 5.95168457e+00
 4.88814697e+00
 8.19667969e+00
 1.17788635e+01
 1.70079590e+01
 2.23981873e+01
 2.69953552e+01
 2.52579895e+01
 2.12030884e+01
 1.28519836e+01
 1.07492004e+01
 1.90368042e+00
 3.60223389e-01
 4.70482788e+00
 1.00863281e+01
 1.32679688e+01
 1.59854675e+01
 2.16483704e+01
 2.64093262e+01
 2.51320435e+01
 1.98493286e+01
 1.28427063e+01
 9.92672119e+00
 4.69375000e+00
 3.17824707e+00
 2.26381836e+00
 9.91127930e+00
 1.02423035e+01
 1.29970642e+01
 1.95484863e+01
 2.66356140e+01
 2.53997437e+01
 1.91467224e+01
 1.25901123e+01
 9.09597168e+00
 5.58611450e+00
 3.72634277e+00
 2.79534302e+00
 7.21682129e+00
 1.41656128e+01
 1.67956177e+01
 1.93671509e+01
 2.55015198e+01
 2.70418640e+01
 2.06526428e+01
 1.42430359e+01
 7.06560669e+00
 5.93465576e+00
 6.45360718e+00
 4.54903564e+00
 7.85909424e+00
 1.19792725e+01
 1.56304260e+01
 2.00978943e+01
 2.29593750e+01
 2.53498779e+01
 1.82734924e+01
 1.29724670e+01
 1.10190369e+01
 3.97295532e+00
