 6.29137302e+01
 6.06054083e+01
 5.13598170e+01
 7.74435110e+01
 6.52469464e+01
 6.28545644e+01
 1.40352449e+01
 4.68559578e+01
 5.34564938e+01
 8.02644290e+01
 8.67108774e+01
 3.41658889e+01
 2.41356366e+01
 9.96393585e+01
 5.82281071e+01
 9.55708550e+01
 5.56846796e+01
 1.76897391e+01
 3.39707270e+01
 9.62783974e+01
 4.85892714e+01
 3.83431645e+01
 8.39229380e+01
 5.34707977e+01
 4.39662786e+01
 3.81279226e+01
 3.96955534e+01
 7.42600500e+01
 1.04498044e+02
 6.82780743e+01
 1.61755720e+01
 3.35728713e+01
 7.18939975e+01
 4.53672752e+01
 1.18503459e+02
 5.21814377e+01
 1.23274888e+01
 2.12363777e+01
 1.31515440e+02
 4.91909391e+01
 1.13271225e+02
 3.62499330e+01
 6.05623805e+01
 5.54296752e+00
 5.87075073e+01
 1.82685440e+02
 6.45005460e+01
 5.57605656e+01
 5.36632118e+01
 6.09349397e+01
 4.81997087e+01
 9.42322608e+01
 1.01193466e+02
 4.57850894e+01
 3.41990037e+01
 8.91994184e+01
 1.03106062e+02
 3.72002976e+01
 3.05640976e+01
 4.99800476e+01
 1.13151338e+01
 2.78956927e+01
 8.05994849e+01
 6.05805357e+01
 3.30610575e+01
 6.69733232e+01
 3.73090012e+01
 3.65021865e+01
 5.51323826e+00
 5.61328824e+01
 6.34819703e+01
 5.45422682e+01
 4.64356520e+01
 1.30009866e+01
 2.27242602e+01
 8.77191134e+01
 1.14714744e+02
 4.41388721e+01
 3.77592868e+01
 6.84656208e+01
 3.41416091e+01
 8.78777668e+01
 4.64253856e+01
 5.53133226e+01
 6.88368316e+01
 8.02077311e+01
 3.69905369e+01
 5.67862415e+01
 1.14027103e+02
 8.35664504e+01
 5.29743672e+01
 9.88862033e+01
 3.14300616e+01
 1.96024469e+01
 2.49477986e+01
 1.25397342e+01
 4.52364138e+01
 8.21941131e+00
 3.99140423e+01
 2.74503452e+01
 3.04636046e+01
 5.79929951e+01
 7.11850194e+01
 4.67425137e+01
 7.12966580e+01
 2.88343970e+01
 3.29639436e+01
 5.29160106e+01
 3.70466012e+01
 2.91879873e+01
 2.92259118e+01
 7.57287921e+01
 4.19450007e+01
 1.05832021e+02
 4.26839488e+01
 1.75531600e+01
 2.80163665e+01
 4.95004936e+01
 6.35918633e+01
 4.42378720e+01
 1.76082902e+01
 4.37456482e+01
 3.11605488e+01
 1.22459288e+02
 1.17248574e+02
 1.00429977e+02
 5.31945710e+01
 3.84272452e+01
 1.38392265e+01
 4.12708939e+01
 2.87146715e+00
 4.70323820e+01
 2.97004866e+01
 2.65791228e+01
 5.14091848e+01
 7.04269151e+01
 7.33511851e+01
 4.66292356e+01
 5.65538995e+01
 2.79099215e+01
 2.75943759e+01
 1.91736614e+01
 2.56068881e+01
 1.02363570e+02
 2.63037462e+01
 2.65958249e+01
 7.62949628e+01
 4.22096336e+01
 9.98099602e+01
 6.69169103e+01
 2.64478545e+01
 1.98196983e+01
 8.70113812e+01
 3.75642882e+01
 1.25172243e+02
 4.78310849e+01
 5.39562955e+01
 3.39363569e+01
 1.63731869e+01
 2.49386637e+01
 8.98301256e+01
 6.53069359e+01
 3.32109976e+01
 4.93936851e+01
 1.05674345e+01
 3.50124760e+01
 4.25702702e+01
 6.14356101e+01
 1.95765767e+01
 2.58450425e+01
 4.60381227e+01
 1.85473602e+01
 1.22994442e+02
 7.22962471e+01
 4.46124494e+01
 4.29420468e+01
 2.12412849e+01
 3.34013776e+01
 2.28063154e+01
 2.92058563e+01
 2.54313108e+01
 7.48213353e+01
 7.41591983e+01
 5.64820978e+01
 6.75407385e+01
 4.52940833e+01
 6.42250288e+01
 1.59400982e+01
 3.14268626e+01
 3.43774425e+01
 3.93037989e+00
 2.08966850e+01
 4.35530128e+01
 7.43264111e+00
 5.95630933e+01
 2.08056048e+01
 6.46358002e+01
 2.21109548e+01
 1.23646138e+02
 6.18148597e+01
 1.34748779e+02
 7.14227964e+01
 6.95726745e+01
 2.09148259e+01
 5.26560466e+01
 2.77622806e+01
 1.21574279e+02
 9.35098372e+01
 7.18291684e+01
 5.63162587e+01
 4.03886683e+01
 6.43343561e+01
 5.27145401e+00
 5.44595663e+01
 7.33012394e+01
 2.64045402e+01
 2.29270613e+01
 2.05000884e+01
 5.27894122e+01
 5.83944762e+01
 9.16727966e+01
 6.88642444e+01
 7.08492522e+01
 1.08724663e+02
 1.43688079e+02
 6.60058062e+01
 4.07359834e+01
 4.00831999e+01
 5.05863461e+01
 3.34307154e+01
 6.27162591e+01
 1.15241143e+02
 7.60852240e+01
 7.21155563e+01
 7.04130442e+01
 2.92655454e+01
 8.26424410e+00
 3.56138709e+01
 9.72694162e+01
 2.07448035e+01
 7.17732868e+01
 4.22374784e+01
 7.51057463e+01
 7.79576056e+01
 9.66335746e+01
 5.25437941e+01
 7.54465901e+01
 1.24330515e+02
 5.02619671e+01
 4.03614071e+01
 5.00383715e+01
 6.48438874e+01
 6.68043872e+01
 3.03457432e+01
 3.82278350e+01
 8.65228975e+01
 4.81639240e+01
 2.01251101e+01
 5.78339980e+01
 3.38098445e+01
 1.06059445e+02
 1.08520398e+01
 5.51763047e+01
 3.30985133e+01
 4.05886095e+01
 1.80581920e+01
 4.34639286e+01
 4.34037137e+01
 4.48708739e+01
 3.04333532e+01
 1.81606181e+01
 2.32949957e+01
 1.30717730e+02
 7.45792800e+01
 2.71089262e+01
 4.77178649e+01
 3.91350052e+01
 9.18951125e+00
 3.58046017e+01
 1.00093396e+02
 8.12931673e+01
 3.96781097e+01
 1.36061890e+01
 1.75917011e+01
 1.48210110e+02
 3.80145128e+01
 6.52251809e+01
 2.82729133e+01
 5.49145314e+01
 4.35234670e+01
 4.79879285e+01
 1.47420604e+02
 1.26212279e+02
 3.08881448e+01
 3.45542686e+01
 6.14947462e+01
 4.75279464e+01
 5.59591963e+01
 1.97379502e+01
 1.11455718e+01
 3.92614453e+01
 3.11081539e+01
 6.28231747e+01
 4.87130166e+01
 1.00219548e+02
 1.46106319e+02
 7.35632673e+01
 4.65431669e+01
 2.79362051e+01
 1.43416326e+02
 1.20319580e+02
 7.63370518e+01
 3.31549601e+01
 4.62469360e+01
 1.72242489e+01
 5.51564412e+01
 1.22924459e+01
 4.16515073e+01
 2.44459769e+01
 3.96430018e+01
 9.46109081e+01
 3.78154047e+01
 1.85910489e+01
 6.49789825e+01
 3.05151842e+01
 4.84790892e+01
 5.40642051e+01
 3.41420334e+01
 5.44995312e+01
 5.83022732e+01
 4.10530677e+01
 9.50416839e+01
 1.66376481e+01
 2.70191674e+01
 2.69217313e+01
 1.80700590e+01
 3.30356964e+01
 3.42571225e+01
 2.18048150e+01
 4.18074735e+01
 2.98309145e+01
 4.33464145e+01
 2.10452926e+01
 3.56956179e+01
 5.22231533e+01
 5.01382457e+01
 2.30732685e+01
 3.80618417e+01
 2.38236081e+01
 1.96846913e+01
 4.27814761e+01
 6.97888207e+01
 7.45670123e+01
 3.49503493e+01
 7.60278369e+01
 4.17562346e+00
 2.13064154e+01
 4.25670066e+01
 3.27662865e+01
 5.31038840e+01
 5.02700279e+01
 3.61017128e+01
 9.17250925e+01
 7.53912863e+01
 1.59772230e+02
 3.57528472e+01
 2.48005403e+01
 6.12848759e+01
 1.08847252e+02
 1.13926760e+02
 1.88333883e+01
 2.50863453e+01
 6.56406025e+01
 2.52313005e+01
 3.46494939e+01
 6.09242509e+01
 1.30643122e+02
 1.63907341e+02
 3.96514449e+01
 3.29663876e+01
 6.80799434e+01
 4.24026844e+01
 5.17273522e+01
 3.48580951e+01
 6.47567958e+01
 8.09579986e+01
 6.26163396e+01
 6.43938590e+01
 4.42143550e+01
 2.70022864e+01
 7.16586880e+01
 4.37634580e+01
 4.44228416e+00
 3.52528376e+01
 6.51473015e+01
 6.74370871e+01
 7.78840569e+01
 5.70061872e+01
 4.80607013e+01
 6.39844193e+01
 7.68342132e+01
 2.40489652e+01
 1.35723202e+01
 4.41762610e+01
 6.83073816e+01
 9.39257761e+01
 2.20981941e+01
 7.70552062e+01
 3.67850952e+01
 9.14699286e+01
 5.20020123e+01
 6.80682648e+01
 8.02172049e+01
 6.27305222e+01
 2.24075571e+01
 1.70669984e+01
 4.89477250e+01
 4.19262193e+01
 1.04432662e+01
 1.20031184e+01
 2.95939072e+01
 1.72718041e+01
 1.00630567e+02
 6.72123269e+01
 7.27396832e+01
 1.01391461e+02
 1.66138920e+01
 3.30957533e+01
 1.08227951e+02
 3.02766642e+01
 1.04809791e+02
 4.71409541e+01
 6.86235412e+01
 5.84932435e+01
 8.32715230e+01
 7.78430685e+01
 1.28266394e+02
 1.19570348e+02
 3.02705633e+00
 2.51405047e+01
 6.71527645e+01
 7.32725562e+01
 8.29534106e+01
 5.76795951e+01
 6.24531575e+01
 4.98860916e+01
 6.49290934e+01
 1.44613654e+02
 7.25062569e+01
 5.76355551e+01
 1.08995002e+01
 1.96819856e+01
 1.47620972e+01
 2.39275251e+01
 6.73525881e+01
 1.47377468e+01
 7.22749401e+01
 4.36588528e+01
 8.18840022e+01
 1.16524781e+02
 1.00541361e+02
 5.28629686e+01
 4.68237638e+01
 4.04231278e+01
 2.29228233e+01
 6.38830304e+01
 1.30428850e+01
 4.93561855e+01
 5.19104873e+01
 7.37291094e+00
 4.13274528e+01
 5.33816696e+01
 4.72097465e+01
 6.54800546e+01
 2.44848091e+01
 7.12798988e+00
 2.36092894e+01
 7.01810064e+01
 8.01876968e+01
 2.80848865e+01
 9.59572023e+00
 4.77648881e+01
 5.52290276e+01
 6.00792749e+01
 1.24840943e+02
 4.10961014e+01
 3.21091503e+01
 3.86777722e+01
 3.82560273e+00
 1.79795619e+01
 5.46459581e+01
 6.38793520e+01
 1.22402998e+01
 2.19639805e+01
 1.13200337e+02
 7.30712505e+01
 1.31950927e+02
 3.75403983e+01
 1.45665125e+02
 1.47736948e+01
 4.58064334e+01
 6.09388483e+01
 3.12513770e+01
 5.68846535e+01
 6.10339104e+01
 2.27826295e+01
 3.39903709e+01
 4.25163845e+01
 1.32584928e+02
 1.26834368e+02
 2.18400809e+01
 2.95640614e+01
 1.09224607e+02
 8.98051872e+00
 2.40645218e+01
 1.27898783e+02
 4.26578349e+01
 4.92178890e+01
 3.71181779e+01
 8.96345659e+01
 2.65059164e+01
 3.04048946e+01
 2.48293580e+01
 8.84488313e+01
 6.02985093e+01
 1.81813417e+00
 3.82798024e+01
 4.01435808e+01
 3.60393532e+01
 3.24796800e+00
 7.89913121e+01
 9.06613595e+01
 9.91071281e+01
 1.50570670e+01
 3.19615171e+01
 1.26779913e+01
 2.96994419e+01
 2.86318955e+01
 6.12503326e+01
 6.57160305e+01
 1.37612403e+02
 5.00975664e+01
 8.00291805e+01
 1.65659236e+02
 7.72871223e+01
 5.82821456e+01
 4.83379366e+01
 8.74441897e+01
 3.43384128e+01
 7.87822066e+01
 8.29969366e+00
 1.99521297e+01
 2.16152730e+01
 1.61588695e+01
 1.31765412e+01
 1.65270231e+01
 8.93749267e+01
 3.24565888e+01
 3.75071204e+01
 4.43496255e+01
 3.94412725e+01
 1.80661273e+01
 4.33828365e+01
 2.30273169e+01
 2.75174761e+01
 2.01662665e+01
 5.53342867e+01
 1.06837994e+02
 1.29329628e+01
 6.92403692e+01
 3.16532717e+01
 5.87944993e+01
 4.26051599e+01
 0.00000000e+00
 3.94459425e+01
 2.70043152e+01
 4.95971488e+01
 3.27321515e+01
 7.50353997e+01
 9.60530679e+01
 6.20556135e+01
 7.39925830e+01
 9.82193606e+00
 3.06692192e+01
 3.57387074e+01
 3.52606839e+01
 1.21905636e+02
 3.44435090e+01
 2.01443988e+01
 5.52967077e+01
 7.83125330e+01
 9.56599839e+01
 1.24112581e+02
 1.13142397e+01
 2.16908253e+01
 2.65434258e+01
 3.94213783e+01
 5.45509501e+01
 3.77900669e+01
 3.51183904e+01
 5.26490407e+01
 4.83203368e+01
 3.01962814e+01
 5.46073296e+01
 7.62722691e+01
 8.52529417e+01
 8.24137620e+01
 9.94123809e+00
 2.79724432e+01
 3.56431491e+01
 3.01681469e+01
 6.18903559e+01
 9.28174589e+01
 2.13383835e+01
 5.67057153e+01
 5.17079224e+01
 8.49709577e+01
 1.48378314e+01
 8.22337447e+00
 1.88065211e+01
 3.92737525e+01
 5.93600779e+01
 3.14087270e+01
 5.86275950e+01
 3.33416909e+01
 3.30637225e+01
 1.35029425e+02
 5.58596567e+01
 4.21374391e+01
 7.31805070e+01
 7.41091825e+01
 2.67249436e+01
 6.90392632e+01
 6.24072439e+01
 2.22209138e+01
 3.65996846e+01
 1.77059271e+01
 3.08477236e+01
 5.59369459e+01
 8.80359400e+01
 4.74569362e+01
 3.41941982e+01
 4.84895282e+01
 8.18783897e+01
 8.00361719e+01
 1.50550894e+02
 3.74384073e+01
 5.85456190e+01
 5.88512530e+01
 5.52161610e+01
 5.67993256e+01
 1.15771871e+02
 1.52354453e+02
 4.21114663e+01
 4.01158641e+01
 4.78807596e+01
 7.23336121e+01
 1.51682473e+01
 2.26752551e+01
 4.23130984e+01
 5.78514640e+01
 3.60321321e+01
 2.70867662e+01
 6.30518985e+01
 1.00119419e+02
 2.94369231e+01
 3.07025289e+01
 6.90157892e+01
 3.77518981e+01
 3.34905056e+01
 2.20253949e+01
 1.57991657e+02
 6.18216951e+01
 4.73504183e+01
 2.41854453e+01
 7.40764219e+01
 1.05890777e+02
 7.87079976e+01
 3.33210556e+01
 3.88171839e+01
 1.18121530e+02
 1.67186615e+02
 8.02993344e+01
 3.71592707e+01
 1.64035089e+01
 2.68500940e+00
 1.44791506e+01
 6.78668100e+01
 3.08074008e+01
 5.33789727e+01
 7.54975608e+01
 6.45371718e+01
 1.48942510e+02
 5.43288316e+01
 2.17726428e+01
 3.49549769e+01
 3.09852549e+01
 4.14828720e+01
 1.44544082e+01
 1.54657712e+01
 4.52584206e+01
 5.78805560e+01
 8.08863033e+01
 5.67309473e+01
 1.89713405e+01
 3.96916120e+01
 2.06708128e+01
 4.57038804e+01
 1.61889663e+01
 3.16019779e+01
 6.12620214e+01
 4.88287890e+01
 6.07471943e+01
 8.70360491e+01
 2.53251942e+01
 4.69685249e+01
 7.01374722e+01
 7.57503630e+01
 2.16780187e+01
 3.43028013e+01
 5.27838484e+01
 4.13438954e+01
 5.89897294e+01
 9.90342018e+01
 5.66832945e+01
 7.82970019e+01
 6.16525838e+01
 3.66493301e+01
 1.78373712e+02
 3.32673737e+01
 4.15620530e+01
 3.69534051e+01
 7.25018964e+01
 2.38960900e+01
 4.15262393e+01
 2.76936795e+01
 2.89844443e+01
 4.08893565e+01
 8.57492665e+01
 7.71104789e+01
 6.89916294e+01
 6.48655579e+01
 6.46850793e+01
 3.71054328e+01
 4.45860238e+01
 7.52544676e+01
 3.94231780e+01
 4.64417602e+01
 9.57887146e+01
 6.81823493e+01
 3.36133477e+01
 3.84643965e+01
 2.33176777e+01
 2.63457744e+01
 7.23748149e+01
 6.88118238e+01
 2.27765463e+01
 5.02892037e+01
 3.57122484e+01
 4.13365761e+01
 1.31037167e+02
 9.02317356e+01
 1.87851866e+01
 2.48618146e+00
 2.74357882e+01
 3.59561471e+00
 3.10372817e+01
 2.90019030e+01
 4.09789746e+01
 1.59834403e+01
 2.78761465e+01
 5.29590849e+01
 1.32477130e+02
 1.04464836e+02
 5.54911889e+01
 3.82997089e+01
 7.48557676e+01
 1.53321493e+01
 4.79273907e+01
 1.35149685e+01
 1.34170745e+01
 1.51624391e+01
 5.18045266e+01
 2.70444911e+01
 5.66262046e+01
 1.14570092e+01
 6.59306887e+00
 2.78238653e+01
 6.45805140e+01
 4.38104531e+01
 1.33663547e+01
 2.16397474e+01
 1.55046137e+01
 3.34675850e+01
 4.44203959e+01
 9.53184989e+01
 7.68300574e+01
 5.62827929e+01
 2.81808621e+01
 4.09432240e+01
 7.95359766e+01
 9.00261644e+01
 3.64580994e+01
 6.39144985e+00
 2.91948164e+01
 6.14455450e+00
 3.41760469e+01
 4.21577328e+01
 4.19754799e+01
 5.55180066e+01
 2.40053111e+01
 1.87867372e+01
 8.47157728e+01
 4.85576093e+01
 2.41342658e+01
 4.64915726e+01
 4.76557276e+01
 1.22905158e+02
 3.80394355e+01
 9.26002257e+01
 5.72289466e+01
 4.71130846e+01
 3.45919071e+01
 3.51401194e+01
 5.19603492e+01
 1.15930489e+02
 7.57190937e+01
 3.33742211e+01
 2.85544724e+01
 6.88251227e+01
 8.20534595e+01
 3.90270166e+01
 8.17422958e+01
 6.58496164e+01
 3.15531087e+01
 4.67197324e+01
 1.89328852e+01
 9.91516264e+00
 2.95391050e+01
 4.95701727e+01
 3.47018506e+01
 2.96957609e+01
 5.59821189e+01
 3.96627394e+01
 3.27720589e+01
 2.97561942e+01
 5.40415942e+01
 3.97937214e+01
 6.65643903e+00
 2.64861459e+01
 3.95006886e+01
 4.06113665e+01
 4.42050739e+01
 3.20124213e+01
 8.28653362e+01
 5.54709150e+01
 6.32623887e+01
 1.62478597e+01
 6.96853408e+01
 1.77159488e+01
 1.39398167e+02
 1.04923884e+02
 4.33883481e+01
 2.58950698e+01
 9.83490381e+01
 3.43169473e+01
 5.17144144e+01
 6.04718591e+01
 4.54313710e+01
 5.84153063e+01
 3.06150939e+01
 2.42918348e+01
 1.70029253e+01
 4.09560763e+01
 1.36270289e+02
 3.24792431e+01
 3.36864396e+01
 4.04844559e+01
 1.52153532e+01
 5.85008473e+01
 4.02085584e+01
 9.35570856e+00
 4.69513195e+00
 4.68948508e+01
 2.41765577e+01
 1.19902245e+02
 3.25364367e+01
 2.40596678e+01
 6.50597015e+01
 1.62468761e+01
 3.77842387e+01
 5.32633323e+01
 7.28450593e+01
 5.80556692e+01
 8.22144297e+01
 8.22161739e+01
 4.58206156e+01
 3.00476153e+01
 9.41503550e+01
 7.83805703e+01
 6.41381468e+01
 1.81702034e+01
 1.10991186e+02
 2.85761642e+01
 1.19094275e+02
 4.24366663e+01
 3.61762023e+00
 2.31160235e+01
 5.22175191e+01
 3.03222708e+01
 4.26611389e+01
 8.77923951e+00
 6.74367412e+01
 6.33240411e+01
 5.49238077e+01
 5.79924152e+01
 5.95259006e+01
 4.00965547e+01
 3.87927363e+01
 2.91953280e+01
 2.61280078e+01
 5.84071232e+01
 1.05527802e+02
 4.44844089e+01
 4.26847283e+01
 5.65073994e+01
 5.09582488e+01
 5.78907165e+01
 1.15643081e+02
 3.96366193e+01
 9.87418014e+00
 4.85745053e+01
 5.37913356e+01
 6.01567784e+01
 8.67019569e+01
 6.25916923e+01
 5.10112316e+01
 2.18135120e+01
 2.45713038e+01
 7.49092007e+01
 8.54139377e+01
 1.27212402e+02
 7.61294957e+01
 1.30310382e+01
 2.74600460e+01
 8.54602605e+01
 5.65078879e+01
 8.32416382e+01
 3.50798750e+01
 5.60077976e+01
 8.50534793e+01
 3.98264568e+01
 1.66716104e+01
 2.38564733e+01
 9.34718147e+01
 3.58178681e+01
 8.10640688e+01
 7.09311258e+01
 7.90064033e+01
 6.73814783e+01
 5.34788658e+01
 4.00406964e+01
 4.19987631e+01
 6.67654467e+01
 9.98821337e+01
 5.11313234e+01
 3.80621706e+01
 1.54908674e+01
 6.99902897e+01
 2.66975704e+01
 8.53617598e+01
 4.40264427e+01
 3.89716647e+01
 3.23593786e+01
 9.26729169e+01
 3.79927452e+01
 5.54191615e+01
 5.55271251e+01
 2.67678877e+01
 9.27121887e+00
 1.63866058e+02
 4.40826799e+01
 4.98483501e+01
 4.96766888e+01
 1.37827484e+01
 3.69023066e+01
 3.54222608e+01
 6.71696766e+01
 1.15719834e+02
 4.41419980e+01
 8.80451474e+00
 3.05949142e+01
 1.40648915e+02
 1.09613621e+01
 4.58388148e+01
 1.65389768e+01
 3.03073772e+01
 4.00272968e+01
 9.24085340e+01
 6.41262599e+01
 7.69553160e+01
 6.19134721e+01
 3.65032535e+01
 1.15959389e+01
 2.07348000e+01
 2.79091761e+01
 3.40685577e+01
 5.85516213e+01
 1.04192054e+02
 1.14037561e+01
 8.60987824e+01
 6.43288463e+01
 6.60780187e+01
 6.03483261e+01
 5.28999575e+01
 2.91080659e+01
 9.03253814e+01
 1.74137861e+02
 5.61214235e+01
 8.09253522e+01
 7.80251105e+01
 2.41665293e+01
 3.46025182e+01
 8.41987833e+01
 8.26934527e+00
 5.84981362e+01
 5.37595942e+01
 2.49014317e+01
 1.65962001e+01
 4.08792013e+01
 9.11675803e+01
 1.28398951e+02
 3.59504688e+01
 3.35750495e+01
 3.22269280e+01
 3.98962550e+01
 5.11729960e+01
 3.82564192e+01
 2.59660741e+01
 6.47655605e+01
 4.92666025e+01
 6.48029091e+01
 1.12282074e+02
 6.78975015e+00
 6.09098307e+01
 6.58029831e+01
 8.42594828e+01
 5.35700266e+01
 6.77892144e+01
 9.09220042e+01
 8.13324209e+01
 6.31884612e+01
 1.91980667e+01
 2.67539368e+01
 3.41040956e+01
 4.74819246e+01
 4.07584711e+01
 5.25958441e+01
 5.64070434e+01
 3.89431045e+01
 7.92538096e+01
 1.15072201e+02
 2.62320891e+01
 9.13557683e+00
 1.17522548e+01
 8.02945232e+01
 7.72184113e+01
 7.72905229e+01
 6.65450176e+01
 4.18866662e+01
 1.01428803e+02
 7.64814000e+01
 1.21750918e+02
 1.27830218e+01
 4.48111581e+01
 2.04591348e+01
 6.79540483e+00
 7.41303756e+01
 7.16277610e+01
 6.02120120e+00
 1.03725922e+02
 3.40319116e+01
 1.14035960e+02
 5.65960739e+01
 2.95910059e+01
 3.23653453e+01
 1.14467138e+01
 2.96644194e+01
 4.51892163e+01
 1.82986280e+01
 1.27534745e+02
 9.06794679e+01
 5.53717620e+01
 6.88666414e+01
 3.62992637e+01
 6.44162874e+01
 9.40297539e+01
 3.19277392e+01
 4.90737421e+01
 3.30822628e+01
 1.11196807e+02
 1.57962919e+01
 2.49170509e+01
 6.09000381e+01
 9.01954170e+01
 6.94618837e+01
 5.68343990e+01
 9.65256344e+01
 6.90813174e+01
 2.71668714e+01
 2.84584700e+01
 6.44820307e+01
 5.89235922e+01
 1.93787184e+02
 1.34154391e+02
 6.37189372e+01
 2.91895084e+01
 3.93925424e+01
 4.54227574e+01
 1.11825783e+02
 4.91353142e+01
 9.17265789e+01
 1.49360353e+01
 2.94610824e+01
 4.94751626e+01
 4.55678157e+01
 8.77519003e+01
 2.59560743e+01
 2.87330549e+01
 5.73431554e+01
 4.05854257e+01
 6.23768918e+01
 6.66974667e+01
 2.78114203e+01
 3.26606294e+01
 5.15316177e+01
 2.63585295e+01
 3.30686139e+01
 1.39203351e+02
 4.16032702e+01
 5.00203924e+01
 5.17008926e+01
 8.71859163e+01
 4.53348241e+01
 8.66899096e+01
 4.57314159e+01
 1.79424447e+01
 2.03756206e+01
 1.92229846e+01
 7.99132273e+01
 6.16910504e+01
 2.24117226e+01
 3.75391731e+01
 3.76637315e+01
 3.91578524e+01
 4.06770812e+01
 9.13085088e+01
 8.21500240e+01
 3.71392517e+01
 1.33917512e+02
 4.52581693e+00
 1.27225047e+02
 8.88889642e+01
 3.58091472e+01
 9.87090678e+01
 7.00731043e+01
 7.22188733e+01
 3.43561570e+01
 7.26998353e+01
 5.66645614e+01
 3.56519698e+01
 8.44652071e+01
 4.32965883e+01
 1.06226949e+01
 8.65471694e+01
 4.36462625e+01
 5.46155964e+01
 1.72912862e+01
 9.85217109e+01
 6.01768481e+01
 3.58314414e+01
 4.91342999e+01
 3.49453449e+01
 1.09203043e+02
 3.31944700e+01
 1.01372346e+02
 7.55862960e+01
 8.16587900e+01
 8.20816195e+01
 2.57644232e+01
 2.17261423e+01
 5.69868052e+01
 6.14836527e+01
 1.37560064e+01
 4.89360551e+01
 2.24160294e+01
 8.17027101e+01
 1.51537556e+01
 4.29127783e+01
 2.68747814e+01
