 -1.35534668e+00
 -2.34390259e+00
 -2.05499268e+00
 1.03517761e+01
 1.17669373e+01
 2.16715088e+01
 2.13440857e+01
 1.79176331e+01
 1.77798157e+01
 1.14121704e+01
 3.58639526e+00
 5.06317139e-01
 -1.56668091e+00
 -4.17968750e-01
 7.10662842e-01
 7.39938354e+00
 1.20325317e+01
 1.71985474e+01
 2.47887268e+01
 2.24774170e+01
 1.67601929e+01
 6.54986572e+00
 5.42327881e+00
 1.28320312e+00
 3.34399414e+00
 7.95349121e-01
 3.64456177e+00
 7.84335327e+00
 1.16260986e+01
 1.63117676e+01
 2.19849243e+01
 2.18182068e+01
 1.59001465e+01
 1.17375793e+01
 5.62408447e+00
 -8.78051758e-01
 4.48974609e-01
 -7.34298706e+00
 5.80718994e-01
 7.60058594e+00
 1.14380493e+01
 2.29214783e+01
 2.15476990e+01
 2.18536987e+01
 1.56159973e+01
 6.84100342e+00
 3.59960938e+00
 3.58001709e-01
 1.83374023e+00
 -8.92456055e-01
 4.94937134e+00
 6.86322021e+00
 9.67822266e+00
 1.88993225e+01
 2.22814636e+01
 2.08072815e+01
 1.49184875e+01
 1.09529114e+01
 -3.46984863e-02
 -6.34765625e-02
 3.12286377e-01
 -3.24804688e+00
 4.42504883e-01
 8.64068604e+00
 1.50191345e+01
 2.11036987e+01
 2.66081543e+01
 2.32695923e+01
 1.38996277e+01
 8.67114258e+00
 3.88101196e+00
 -9.62982178e-01
 -1.31866455e+00
 -7.17071533e-01
 1.19418335e+00
 7.45919800e+00
 1.23139648e+01
 2.06699829e+01
 2.52473450e+01
 2.35853882e+01
 1.49462280e+01
 8.02755737e+00
 1.95819092e+00
 2.77426147e+00
 2.38943481e+00
 2.06878662e-01
 5.64938354e+00
 6.70922852e+00
 1.25537109e+01
 1.41768188e+01
 2.23705444e+01
 1.83979492e+01
 1.48504944e+01
 1.03685608e+01
 6.51306152e+00
 -1.84658813e+00
 -3.86788940e+00
 -3.97595215e+00
 2.41857910e+00
 6.68917847e+00
 1.34164124e+01
 1.79685059e+01
 2.05096741e+01
 2.01225586e+01
 1.22951965e+01
 8.58822632e+00
 6.57406616e+00
 -1.89868164e+00
 -8.68957520e-01
 -2.33349609e+00
 3.37118530e+00
 3.62048340e+00
 1.33055420e+01
 1.66969299e+01
 1.80939636e+01
 2.31397400e+01
 1.79085083e+01
 8.77996826e+00
 5.27127075e+00
 1.40820312e+00
 -4.80468750e+00
 1.88293457e+00
 1.64913940e+00
 7.65536499e+00
 1.36249390e+01
 1.74511719e+01
 2.31541138e+01
 2.09312744e+01
 1.59077454e+01
 1.15213928e+01
 5.89291382e+00
 3.01846313e+00
 -4.63684082e+00
 8.59619141e-01
 2.49472046e+00
 1.07154236e+01
 1.52269897e+01
 1.71788330e+01
 2.26306458e+01
 1.99752808e+01
 1.46285400e+01
 6.91293335e+00
 3.34274292e+00
 7.12097168e-01
 -1.21295166e+00
 -1.51260376e+00
 1.15310669e+00
 8.87246704e+00
 1.11867371e+01
 2.01169739e+01
 2.76858826e+01
 2.12949219e+01
 1.37564697e+01
 7.41796875e+00
 5.93109131e+00
 -3.17077637e-01
 -1.09750366e+00
 -9.04968262e-01
 5.16699219e+00
 6.42617798e+00
 1.13933105e+01
 1.79272156e+01
 2.46060791e+01
 2.16889648e+01
 1.43934326e+01
 6.32235718e+00
 3.58068848e+00
 3.45767212e+00
 2.63272095e+00
 1.18109131e+00
 2.16552734e+00
 7.23004150e+00
 1.65463867e+01
 1.97189941e+01
 1.92409363e+01
 2.26798706e+01
 1.62948914e+01
 8.10766602e+00
 4.30078125e+00
 1.23052979e+00
 7.99774170e-01
 -5.47790527e-01
 9.95513916e-01
 6.91674805e+00
 1.09042969e+01
 1.89107666e+01
 2.57633667e+01
 2.20175781e+01
 1.46411133e+01
 7.94079590e+00
 4.25442505e+00
 2.54843140e+00
 -4.46350098e-01
 -1.38952637e+00
 5.35504150e+00
 7.53884888e+00
 1.32455444e+01
 2.05169067e+01
 2.48070374e+01
 2.46093750e+01
 1.51253052e+01
 1.24479980e+01
 6.95922852e+00
 2.30990601e+00
 8.65173340e-02
 -7.67089844e-01
 1.05004883e+00
 7.57940674e+00
 1.29941406e+01
 1.80329590e+01
 2.64149475e+01
 2.22602234e+01
 1.37294006e+01
 9.02026367e+00
 3.07153320e+00
 -1.30310059e-02
 -2.44369507e+00
 7.22930908e-01
 1.06958008e+00
 1.00262451e+01
 1.57621765e+01
 1.74251709e+01
 2.27186890e+01
 2.16712036e+01
 1.41865540e+01
 7.78808594e+00
 6.48736572e+00
 -1.28335571e+00
 -3.67715454e+00
 -1.80267334e-01
 6.18637085e+00
 8.92523193e+00
 1.30173950e+01
 1.91725159e+01
 2.31257019e+01
 2.41112061e+01
 1.82312927e+01
 1.17468567e+01
 4.23648071e+00
 3.22213745e+00
 3.49920654e+00
 9.72747803e-01
 4.22668457e+00
 8.05407715e+00
 1.27675171e+01
 1.56139526e+01
 2.61020203e+01
 2.27475586e+01
 1.39537659e+01
 1.07652588e+01
 3.27960205e+00
 -6.04125977e-01
 -2.52410889e-01
 2.81250000e+00
 2.83746338e+00
 3.95391846e+00
 1.12067566e+01
 1.90963745e+01
 2.41011658e+01
 1.60836792e+01
 1.41960449e+01
 7.78384399e+00
 6.05606079e+00
 3.50592041e+00
 1.14898682e+00
 -4.62982178e-01
 3.59796143e+00
 6.22857666e+00
 1.15321350e+01
 1.84201355e+01
 2.00514221e+01
 1.72237244e+01
 1.07456055e+01
 9.23223877e+00
 5.04833984e+00
 4.00366211e+00
 5.84899902e-01
 2.99682617e+00
 2.80313110e+00
 7.71771240e+00
 1.54691772e+01
 1.76702881e+01
 2.07693787e+01
 2.18919067e+01
 1.45205078e+01
 9.88714600e+00
 3.93734741e+00
 1.46203613e+00
 -7.17742920e-01
 1.49832153e+00
 3.28021240e+00
 7.79122925e+00
 1.17861633e+01
 2.52015076e+01
 2.07510986e+01
 1.99525452e+01
 1.28945312e+01
 9.05554199e+00
 3.37551880e+00
 5.28628540e+00
 -8.45919800e+00
 1.04898071e+00
 1.37493896e+00
 9.66989136e+00
 1.14148865e+01
 1.55561829e+01
 2.32339478e+01
 2.32033691e+01
 1.95240479e+01
 1.21519775e+01
 5.07208252e+00
 -2.16992188e+00
 -2.83203125e-02
 -2.21099854e-01
 8.36700439e-01
 9.42257690e+00
 1.44898987e+01
 1.71824036e+01
 2.60337524e+01
 2.03638306e+01
 1.58274536e+01
 9.44424438e+00
 3.98782349e+00
 2.98974609e+00
 -1.50021362e+00
 4.07470703e-01
 2.41284180e+00
 5.24484253e+00
 1.12943115e+01
 1.99268799e+01
 2.46133728e+01
 2.07662354e+01
 1.51316223e+01
 7.00479126e+00
 5.53323364e+00
 4.20367432e+00
 2.25732422e+00
 -1.26190186e-01
 5.06863403e+00
 8.41128540e+00
 1.50868530e+01
 1.97311096e+01
 2.29782715e+01
 2.11045532e+01
 1.69627075e+01
 1.15932312e+01
 3.17022705e+00
 1.52481079e+00
 -4.96948242e-01
 2.39541626e+00
 2.22998047e+00
 7.95223999e+00
 1.35204163e+01
 1.63601379e+01
 2.35126953e+01
 1.81817017e+01
 1.31925659e+01
 9.96786499e+00
 4.06784058e+00
 1.17797852e+00
 1.41412354e+00
 6.96014404e-01
 3.27297974e+00
 8.13101196e+00
 1.46384277e+01
 2.00834656e+01
 2.38151855e+01
 1.71070862e+01
 1.40103760e+01
 8.81509399e+00
 3.33148193e+00
 1.75427246e+00
 -1.27349854e-01
 3.41082764e+00
 6.66717529e+00
 1.06470337e+01
 1.70531921e+01
 2.08447571e+01
 2.49536438e+01
 2.34432373e+01
 1.48998413e+01
 8.71191406e+00
 5.90930176e+00
 -3.56079102e-01
 -8.09814453e-01
 1.57376099e+00
 5.29034424e+00
 7.83563232e+00
 1.33469238e+01
 1.42460632e+01
 2.27557373e+01
 2.31308594e+01
 1.87010498e+01
 9.58895874e+00
 5.96246338e+00
 7.37731934e-01
 -2.22637939e+00
 2.66961670e+00
 5.22723389e+00
 1.01923218e+01
 1.63872070e+01
 1.99548340e+01
 2.26733398e+01
 2.15629272e+01
 1.49444885e+01
 8.18353271e+00
 -5.68572998e-01
 -5.36468506e-01
 -6.48052979e+00
 -4.66156006e-01
 3.17828369e+00
 6.80459595e+00
 1.31751709e+01
 1.98296814e+01
 2.51833801e+01
 2.07663879e+01
 1.41125793e+01
 1.06106567e+01
 7.04226685e+00
 8.80737305e-02
 -1.16958618e+00
 9.31488037e-01
 5.40481567e+00
 8.54464722e+00
 1.32008972e+01
 1.66377563e+01
 1.98276978e+01
 1.89218750e+01
 1.50764465e+01
 9.23342896e+00
 4.95339966e+00
 3.63433838e-01
 -1.30938721e+00
 -5.08630371e+00
 -2.28451538e+00
 5.12423706e+00
 1.10126648e+01
 1.58119812e+01
 2.54933167e+01
 2.21478271e+01
 1.13155518e+01
 1.09280396e+01
 5.96957397e+00
 5.08697510e+00
 4.54559326e-01
 1.37945557e+00
 3.91833496e+00
 7.74591064e+00
 1.51243286e+01
 2.13974304e+01
 2.53212585e+01
 2.22054749e+01
 1.28740234e+01
 8.32568359e+00
 6.08416748e+00
 3.62228394e+00
 -2.54718018e+00
 -4.36157227e+00
 8.82049561e-01
 5.05868530e+00
 1.06950684e+01
 1.84095459e+01
 2.29441528e+01
 2.08670654e+01
 1.72888794e+01
 8.37915039e+00
 4.37228394e+00
 1.43676758e+00
 1.61987305e+00
 2.26272583e+00
 4.41571045e+00
 9.10171509e+00
 1.27715454e+01
 2.22930908e+01
 1.84345703e+01
 1.88105164e+01
 1.71790161e+01
 1.00419006e+01
 2.17935181e+00
 1.83151245e+00
 9.03411865e-01
 2.57904053e+00
 4.36370850e+00
 8.33929443e+00
 1.12463379e+01
 1.66014099e+01
 2.29456787e+01
 2.23419800e+01
 1.44501953e+01
 8.81954956e+00
 3.65261841e+00
 1.38467407e+00
 -1.52221680e+00
 -6.68731689e-01
 1.81091309e-01
 5.81729126e+00
 1.46923218e+01
 1.80275879e+01
 2.34804688e+01
 2.01615295e+01
 1.60205383e+01
 1.25311279e+01
 5.01763916e+00
 -2.51959229e+00
 -6.30554199e-01
 1.90197754e+00
 1.30612183e+00
 8.75000000e+00
 1.78157349e+01
 2.06697693e+01
 2.48315735e+01
 1.80094910e+01
 1.59399109e+01
 6.06005859e+00
 7.29464722e+00
 2.98504639e+00
 2.70584106e+00
 -3.23760986e-01
 2.92282104e+00
 3.95733643e+00
 1.31741333e+01
 2.03582153e+01
 2.18545227e+01
 2.21302795e+01
 1.59281311e+01
 7.79589844e+00
 7.04382324e+00
 3.10678101e+00
 -6.94366455e-01
 -1.78060913e+00
 4.50341797e+00
 1.02252502e+01
 1.15904541e+01
 1.91270752e+01
 2.35539551e+01
 2.30106812e+01
 1.59415894e+01
 7.83126831e+00
 5.24810791e+00
 -5.40859985e+00
 -1.70071411e+00
 4.31945801e-01
 -1.06863403e+00
 8.89382935e+00
 1.15567627e+01
 2.11086121e+01
 2.44770203e+01
 2.12819824e+01
 1.59980469e+01
 9.85891724e+00
 6.15173340e+00
 -5.29571533e-01
 2.07650757e+00
 3.83764648e+00
 4.03646851e+00
 6.03485107e+00
 1.43176575e+01
 2.02798462e+01
 2.52128906e+01
 2.39104309e+01
 1.67578430e+01
 1.18035583e+01
 8.43395996e+00
 4.28143311e+00
 1.96957397e+00
 4.47967529e-01
 4.38714600e+00
 8.73681641e+00
 1.30776672e+01
 2.42771301e+01
 2.17294312e+01
 1.99417419e+01
 1.41448364e+01
 9.41268921e+00
 6.12728882e+00
 1.84094238e+00
 2.60000610e+00
 2.04788208e+00
 4.21237183e+00
 6.75317383e+00
 1.70213928e+01
 1.66535950e+01
 2.16819763e+01
 2.12756958e+01
 1.43020020e+01
 1.10780945e+01
 6.49234009e+00
 2.30810547e+00
 2.42816162e+00
 4.94140625e+00
 4.30847168e+00
 8.53713989e+00
 1.21654053e+01
 1.55512085e+01
 2.40209961e+01
 2.38659058e+01
 1.73136902e+01
 1.14354248e+01
 4.21981812e+00
 -2.34225464e+00
 -1.12780762e+00
 1.42691040e+00
 2.59994507e+00
 9.69232178e+00
 1.21512451e+01
 1.80696716e+01
 2.31225586e+01
 2.03781738e+01
 1.39270630e+01
 7.56057739e+00
 6.75213623e+00
 3.24307251e+00
 3.21737671e+00
 5.00482178e+00
 3.07818604e+00
 1.09132080e+01
 1.29350891e+01
 1.77857361e+01
 2.17088928e+01
 2.05954895e+01
 1.33505859e+01
 1.05586548e+01
 6.37612915e+00
 3.79330444e+00
 -2.40780640e+00
 3.79882812e-01
 4.50988770e+00
 1.23451538e+01
 1.53016663e+01
 1.75913086e+01
 2.44411621e+01
 2.45887146e+01
 1.78644714e+01
 9.85552979e+00
 5.02246094e+00
 3.59451294e+00
 -6.58050537e-01
 3.02746582e+00
 6.28521729e+00
 9.04016113e+00
 1.52070312e+01
 2.06189270e+01
 2.68605347e+01
 2.53051453e+01
 1.62010193e+01
 9.90032959e+00
 3.53759766e-01
 -2.50152588e+00
 -1.46649170e+00
 2.84796143e+00
 4.88824463e+00
 9.96353149e+00
 1.91690369e+01
 2.52376099e+01
 2.23866882e+01
 2.36002197e+01
 1.80302429e+01
 1.26379700e+01
 6.26583862e+00
 4.20242310e+00
 -1.98950195e+00
 1.93591309e+00
 5.09814453e+00
 8.44128418e+00
 9.73013306e+00
 1.49202881e+01
 2.20512085e+01
 2.28388977e+01
 1.62259827e+01
 6.88861084e+00
 3.30950928e+00
 -1.66036987e+00
 1.69860840e-01
 -2.09945679e+00
 4.47921753e+00
 7.67236328e+00
 1.43731689e+01
 1.88603516e+01
 2.47946472e+01
 2.41229553e+01
 1.60752869e+01
 1.27509766e+01
 3.68325806e+00
 -3.62915039e-01
 -2.20492554e+00
 6.22100830e-01
 3.66790771e+00
 8.20404053e+00
 1.24781494e+01
 2.15822449e+01
 2.55671387e+01
 2.32760925e+01
 1.70964661e+01
 1.00029297e+01
 6.52780151e+00
 3.47891235e+00
 2.13211060e+00
 3.28472900e+00
 4.54876709e+00
 1.23232117e+01
 1.39268494e+01
 1.91355591e+01
 2.80733032e+01
 2.39492798e+01
 1.90293274e+01
 1.09180908e+01
 4.94097900e+00
 4.12341309e+00
 1.37817383e-01
 1.63192749e+00
 -4.72106934e-01
 8.90835571e+00
 1.16867065e+01
 1.55711975e+01
 2.20782166e+01
 2.31455078e+01
 1.59213562e+01
 7.55010986e+00
 -1.04919434e-01
 2.57598877e-01
 4.67285156e-01
 -2.68707275e-01
 4.47125244e+00
 1.07354431e+01
 1.42329102e+01
 1.64042664e+01
 2.43460388e+01
 2.51841736e+01
 1.59241028e+01
 1.19597168e+01
 7.59872437e+00
 1.07083130e+00
 9.81842041e-01
 8.21350098e-01
 5.38339233e+00
 9.37106323e+00
 1.22964172e+01
 1.41244202e+01
 2.44173889e+01
 2.24446106e+01
 1.68106079e+01
 8.51461792e+00
 3.33636475e+00
 3.96002197e+00
 1.48590088e-01
 -1.61709595e+00
 5.42098999e+00
 7.69314575e+00
 1.18501587e+01
 1.91981201e+01
 2.64458313e+01
 2.26081848e+01
 1.86683350e+01
 1.24244385e+01
 5.14291382e+00
 2.00552368e+00
 2.44778442e+00
 1.14370728e+00
 5.19271851e+00
 9.74340820e+00
 1.17366943e+01
 1.79901428e+01
 2.33124695e+01
 2.30613403e+01
 1.94140930e+01
 1.24485474e+01
 2.75927734e+00
 2.04687500e+00
 -9.73144531e-01
 -1.68893433e+00
 5.35794067e+00
 6.20727539e+00
 1.73534546e+01
 2.11268311e+01
 2.65725098e+01
 2.59721069e+01
 1.63330994e+01
 1.03750916e+01
 5.44277954e+00
 3.00939941e+00
 1.77862549e+00
 1.01113892e+00
 2.01129150e+00
 7.47546387e+00
 1.08397522e+01
 1.99615479e+01
 2.80166016e+01
 2.39518433e+01
 1.62000122e+01
 9.07931519e+00
 4.20172119e+00
 3.52203369e+00
 2.17562866e+00
 3.37789917e+00
 6.15658569e+00
 8.35208130e+00
 1.09708557e+01
 1.90827637e+01
 2.22218628e+01
 2.13500977e+01
 1.74770203e+01
 1.03298340e+01
 2.62866211e+00
 -1.83071899e+00
 -5.83142090e+00
 -7.92877197e-01
 5.22637939e+00
 6.86105347e+00
 1.95037231e+01
 2.04539185e+01
 2.43326721e+01
 2.55748291e+01
 1.84984131e+01
 1.05599365e+01
 6.56744385e+00
 3.55456543e+00
 1.28271484e+00
 3.83697510e-01
 3.90307617e+00
 7.39199829e+00
 1.34474182e+01
 1.84932861e+01
 2.67816162e+01
 2.26412964e+01
 1.44375000e+01
 8.39688110e+00
 5.47344971e+00
 4.83117676e+00
 1.93426514e+00
 3.70462036e+00
 3.01498413e+00
 1.11432495e+01
 1.26847229e+01
 1.54815674e+01
 2.36192017e+01
 2.60938721e+01
 1.54027405e+01
 8.49234009e+00
 4.93420410e+00
 4.63073730e-01
 1.12832642e+00
 2.62951660e+00
 3.37979126e+00
 7.79214478e+00
 1.11007996e+01
 2.38541870e+01
 2.81178284e+01
 2.61077881e+01
 1.84868469e+01
 1.00939331e+01
 5.73416138e+00
 2.98721313e+00
 -3.67376709e+00
 6.68212891e-01
 4.98367310e+00
 8.58447266e+00
 1.53296509e+01
 2.11069336e+01
 2.49676208e+01
 2.32749329e+01
 1.60225220e+01
 8.38589478e+00
 7.01925659e+00
 4.22775269e+00
 -1.51025391e+00
 -1.38607788e+00
 4.66052246e+00
 8.60021973e+00
 1.14918823e+01
 1.77064819e+01
 2.75194702e+01
 2.67601318e+01
 1.33581848e+01
 1.01351318e+01
 5.67709351e+00
 4.82589722e+00
 4.54263306e+00
 6.88037109e+00
 4.86917114e+00
 8.08493042e+00
 1.13786621e+01
 1.82457275e+01
 2.28349915e+01
 2.40540466e+01
 1.84621887e+01
 1.10544128e+01
 9.06234741e+00
 -1.74835205e+00
 2.77191162e-01
 -5.55572510e-01
 4.65939331e+00
 1.29617004e+01
 1.12235107e+01
 1.89564209e+01
 2.80321350e+01
 1.92217712e+01
 1.55223083e+01
 1.09793091e+01
 5.73501587e+00
 5.05041504e+00
 1.96359253e+00
 1.06323242e+00
 5.27441406e+00
 1.24431152e+01
 1.14851379e+01
 2.01933289e+01
 2.99821777e+01
 2.33908997e+01
 1.71902466e+01
 1.04519043e+01
 7.41744995e+00
 2.20068359e+00
 -2.01049805e+00
 1.08267212e+00
 6.63104248e+00
 1.20784302e+01
 1.53276672e+01
 2.01398621e+01
 2.38870544e+01
 2.49404602e+01
 2.02383728e+01
 1.31860046e+01
 6.82598877e+00
 3.84436035e+00
 2.50009155e+00
 7.64587402e-01
 4.62121582e+00
 1.05686035e+01
 1.61199036e+01
 2.45543518e+01
 2.24650574e+01
 2.28001709e+01
 1.84150696e+01
 1.02647400e+01
 5.49081421e+00
 1.82559204e+00
 -5.96527100e-01
 1.81536865e+00
 5.60501099e+00
 8.73602295e+00
 1.36987610e+01
 1.87714233e+01
 2.63854370e+01
 2.36839905e+01
 1.68444519e+01
 9.26885986e+00
 7.79559326e+00
 -2.14721680e-01
 2.20733643e-01
 6.13098145e-01
 -1.63104248e+00
 9.82113647e+00
 1.67447205e+01
 1.88431702e+01
 2.51043091e+01
 2.12930298e+01
 1.57901611e+01
 7.95544434e+00
 4.55172729e+00
 1.02084351e+00
 1.01171875e+00
 3.33172607e+00
 4.83459473e+00
 7.06307983e+00
 1.34507751e+01
 2.06909485e+01
 2.92567749e+01
 2.25632019e+01
 1.63359375e+01
 9.82907104e+00
 5.12893677e+00
 1.20117188e+00
 9.79919434e-02
 -2.66436768e+00
 1.66104126e+00
 6.50323486e+00
 1.51906738e+01
 2.26212463e+01
 2.78046570e+01
 2.54550171e+01
 1.62788696e+01
 9.61441040e+00
 5.61727905e+00
 2.42236328e+00
 3.47463989e+00
 3.94873047e+00
 1.03060913e+00
 4.81295776e+00
 1.32391052e+01
 2.18029785e+01
 2.73405457e+01
 2.39458313e+01
 1.65694275e+01
 1.06231689e+01
 5.66516113e+00
 2.04803467e+00
 2.84185791e+00
 1.04806519e+00
 5.75839233e+00
 7.86651611e+00
 1.19706421e+01
 1.67308960e+01
 2.26933594e+01
 2.02503052e+01
 1.36958313e+01
 1.00895996e+01
 2.30007935e+00
 -5.08789062e-01
 -3.97280884e+00
 -2.10018921e+00
 2.76910400e+00
 9.64959717e+00
 1.27792053e+01
 1.98318787e+01
 2.49977112e+01
 2.22919312e+01
 1.55114136e+01
 1.20476990e+01
 6.36685181e+00
 3.70974731e+00
 2.41220093e+00
 4.03518677e+00
 7.14892578e+00
 9.01965332e+00
 1.47166443e+01
 1.98828735e+01
 2.36962280e+01
 2.66790466e+01
 1.65726013e+01
 9.64636230e+00
 4.19375610e+00
 3.32046509e+00
 4.77117920e+00
 4.43359375e+00
 6.36236572e+00
 9.09097290e+00
 1.33845825e+01
 1.90485840e+01
 2.65224915e+01
 2.52039795e+01
 2.11341248e+01
 1.08197937e+01
 6.00360107e+00
 -6.50479126e+00
 6.38977051e-01
 4.79125977e-01
 4.85900879e+00
 1.27390137e+01
 1.47096558e+01
 2.17698364e+01
 2.62704163e+01
 1.89923401e+01
 1.39494934e+01
 8.86309814e+00
 6.15551758e+00
 1.71298218e+00
 3.86404419e+00
 2.14041138e+00
 4.61627197e+00
 4.46252441e+00
 1.13876038e+01
 1.83820496e+01
 2.36820068e+01
 2.07156982e+01
 1.71685791e+01
 1.14071045e+01
 6.09402466e+00
 5.08001709e+00
 2.33294678e+00
 1.05816650e+00
 5.94247437e+00
 1.18215942e+01
 1.75675659e+01
 2.21777649e+01
 2.61687012e+01
 2.39548645e+01
 2.01497192e+01
 1.41570435e+01
 7.09042358e+00
 4.89663696e+00
 1.93612671e+00
 -1.66870117e-01
 2.52194214e+00
 1.19123535e+01
 1.55910645e+01
 1.99669495e+01
 2.62461853e+01
 2.41270447e+01
 1.68471985e+01
 1.21981201e+01
 9.04498291e+00
 2.17587280e+00
 2.73901367e+00
 2.54452515e+00
 6.45529175e+00
 1.28135681e+01
 1.46174316e+01
 2.26364136e+01
 3.05274048e+01
 2.63944702e+01
 1.90951538e+01
 9.83151245e+00
 4.72109985e+00
 8.41278076e-01
 -1.43133545e+00
 2.63244629e-01
 4.10000610e+00
 8.07659912e+00
 1.23424377e+01
 2.03091431e+01
 2.78939514e+01
 2.17387390e+01
 1.59051514e+01
 6.85821533e+00
 3.78784180e+00
 4.31063843e+00
 3.10711670e+00
 -1.03698730e-01
 3.76559448e+00
 1.03204651e+01
 1.68453674e+01
 2.20881653e+01
 2.58740845e+01
 2.40143738e+01
 1.57987366e+01
 8.76489258e+00
 6.91082764e+00
 3.16757202e+00
 5.51712036e+00
 3.89221191e+00
 6.73779297e+00
 1.03797302e+01
 1.34092712e+01
 2.00986633e+01
 2.16175842e+01
 2.12804871e+01
 1.58040771e+01
 9.42544556e+00
 6.22854614e+00
 4.96301270e+00
 2.18716431e+00
 -2.78759766e+00
 3.69274902e+00
 7.07312012e+00
 1.39505310e+01
 1.46012573e+01
 2.42698059e+01
 1.81453247e+01
 1.62549133e+01
 1.26731567e+01
 6.23840332e+00
 4.38842773e+00
 1.71734619e+00
 7.99591064e-01
 4.74493408e+00
 8.00897217e+00
 1.35006714e+01
 2.13944397e+01
 2.77747192e+01
 2.72882690e+01
 1.58773804e+01
 1.00520020e+01
 7.51278687e+00
 3.12228394e+00
 -2.68637085e+00
 2.57452393e+00
 5.89300537e+00
 9.96386719e+00
 1.56319885e+01
 2.15294495e+01
 2.52768250e+01
 2.29383240e+01
 1.75178528e+01
 9.72702026e+00
 7.03964233e+00
 3.34661865e+00
 1.03948975e+00
 2.16635132e+00
 3.13781738e-01
 6.83178711e+00
 1.45495911e+01
 1.93865662e+01
 2.22525635e+01
 2.27503967e+01
 1.78602905e+01
 1.17806702e+01
 4.90093994e+00
 1.29891968e+00
 9.90997314e-01
 3.25180054e+00
 5.21890259e+00
 8.22430420e+00
 1.27850952e+01
 1.64394226e+01
 2.41625977e+01
 2.09010315e+01
 1.67243652e+01
 1.04594421e+01
 3.97451782e+00
 -2.21435547e+00
