 3.84704621e+01
 5.62343661e+01
 3.72311372e+01
 9.10803750e+01
 7.82445397e+01
 5.65451821e+01
 1.46407347e+01
 2.64907012e+01
 2.19363980e+01
 1.13002808e+02
 3.15877205e+01
 4.64291625e+01
 1.32454222e+02
 4.40193021e+01
 4.78133947e+01
 6.89318973e+01
 1.29862406e+02
 4.70923017e+01
 2.41732288e+01
 7.14258146e+00
 6.45740312e+01
 6.04761854e+01
 5.73984468e+01
 5.83437582e+01
 5.38189544e+01
 2.99118518e+01
 6.12685986e+01
 5.79735323e+01
 6.72021601e+01
 5.17130946e+01
 3.40268425e+01
 2.56230129e+00
 1.33396597e+02
 6.01229132e+01
 1.25101964e+01
 7.76695484e+01
 5.03138270e+01
 3.44536070e+01
 3.91249299e+01
 5.21008320e+01
 6.70483127e+01
 8.25629763e+01
 3.44762608e+01
 1.32450254e+01
 6.15076439e+01
 1.00127565e+02
 1.16453267e+02
 2.90024024e+01
 4.92656251e+01
 6.42203039e+01
 1.10040602e+01
 3.49863470e+01
 1.12866314e+02
 5.93208441e+01
 5.87182285e+01
 5.48534758e+01
 3.24793543e+01
 9.22296543e+01
 1.31617374e+01
 5.22138120e+01
 4.11022844e+01
 4.22732148e+01
 5.59048980e+01
 4.48954264e+01
 9.85729446e+01
 5.76607511e+01
 4.25772719e+01
 3.86938595e+01
 5.01848091e+01
 1.17014602e+02
 6.08088368e+01
 1.46870483e+02
 2.52686085e+01
 2.38921670e+01
 1.48429658e+01
 5.96383071e+01
 1.35848463e+02
 8.14812739e+01
 3.08772333e+01
 1.98107058e+01
 2.13909663e+01
 1.52822297e+01
 4.67728821e+01
 7.50979706e+01
 4.56919587e+01
 5.93529118e+01
 2.81992636e+01
 3.52071208e+01
 1.16382336e+02
 5.70300118e+01
 2.64207956e+01
 1.12546810e+01
 1.11813749e+01
 1.72865348e+01
 7.82454784e+01
 5.66854820e+01
 2.84122252e+01
 1.89077480e+01
 3.93250271e+01
 3.86240880e+01
 1.05396593e+02
 1.02455096e+02
 1.87450293e+01
 1.60013853e+01
 6.35449131e+01
 3.69662988e+01
 4.10919571e+01
 4.56031912e+01
 4.47368019e+01
 3.25857183e+01
 2.88145948e+01
 7.46843744e+01
 1.67450949e+02
 5.43978596e+01
 4.35978642e+01
 6.56186639e+01
 3.09817340e+01
 4.11750767e+01
 7.09439989e+01
 7.67029035e+01
 2.67458347e+01
 6.22496768e+01
 7.11439583e+01
 4.43855751e+01
 1.01660826e+02
 5.67424832e+01
 3.57088209e+01
 4.27313239e+01
 1.72768681e+01
 5.83873722e+01
 3.69759918e+01
 3.06726345e+01
 2.75428421e+01
 3.94629900e+01
 8.40419391e+01
 1.91470147e+01
 5.58208905e+01
 4.73643657e+01
 1.19635893e+02
 5.14273670e+01
 5.78411295e+00
 1.24550193e+02
 3.88389070e+01
 5.07439742e+01
 1.41549726e+01
 1.91712631e+01
 7.92893202e+00
 7.09285720e+01
 9.42445888e+01
 7.10117273e+01
 4.07809017e+01
 1.77912318e+01
 1.05482916e+02
 9.70113285e+00
 4.17055957e+01
 2.57985802e+01
 3.32737658e+01
 1.67277737e+01
 4.58666241e+01
 2.81270611e+01
 8.93743713e+01
 7.43765957e+01
 3.87483234e+01
 6.38378561e+00
 1.18701698e+02
 5.79962155e+01
 4.75613710e+00
 3.72660547e+01
 5.99818657e+00
 4.59003482e+01
 2.88163999e+01
 5.88021997e+01
 3.44229955e+01
 1.09609129e+02
 3.82018990e+01
 3.10418454e+01
 3.90519509e+01
 6.82017299e+01
 8.42189250e+01
 6.37883970e+01
 4.14582752e+01
 2.35244129e+01
 5.32185363e+01
 3.57148928e+01
 1.04436238e+02
 6.39396238e+01
 3.79979043e+01
 4.35650886e+00
 1.02705034e+01
 5.49262875e+01
 1.16099580e+02
 4.30806060e+01
 7.13944171e+01
 1.95377916e+01
 7.60194182e+01
 3.83761733e+01
 1.00234855e+02
 4.51607246e+01
 1.08040568e+01
 4.04496679e+01
 2.20406214e+01
 3.91481206e+01
 4.71704782e+01
 7.11567814e+01
 1.68283286e+01
 5.91843419e+01
 1.62209947e+01
 3.69427241e+01
 2.77010718e+01
 8.03847481e+01
 1.19730583e+01
 2.47265617e+01
 8.10819769e+00
 7.74696413e+01
 4.86234255e+01
 1.70667536e+01
 2.13077292e+01
 8.01867319e+00
 4.91147252e+01
 1.08216249e+02
 5.84405889e+01
 3.11408804e+01
 4.85062927e+01
 2.83746671e+01
 4.58593620e+01
 1.12053461e+01
 4.66425503e+01
 8.02763264e+01
 3.24697403e+01
 1.39669005e+01
 7.01827944e+01
 7.81611397e+01
 1.57272582e+02
 3.47020928e+01
 4.80717948e+01
 6.52039840e+00
 8.21151815e+01
 2.82444902e+01
 3.64906765e+01
 1.36334928e+01
 1.81259199e+01
 1.32064525e+01
 1.06081740e+01
 7.48589077e+01
 9.58072963e+01
 8.79815026e+01
 8.85946643e+00
 6.13965076e+01
 2.89643896e+01
 1.12352164e+02
 9.62666305e+01
 4.30733321e+01
 2.58864854e+01
 3.19747750e+01
 4.17964735e+01
 4.23853455e+01
 6.06151246e+01
 8.02272448e+01
 2.65792884e+01
 1.85097614e+01
 6.74542584e+01
 3.60017537e+01
 1.14561143e+02
 5.72247859e+01
 4.85335807e+01
 5.78004993e+01
 4.93107835e+01
 9.10374701e+01
 5.56579178e+01
 1.86905257e+01
 2.22853653e+01
 1.07997634e+01
 1.08656556e+02
 1.10423688e+02
 4.15744577e+01
 2.62313413e+01
 3.69809166e+00
 1.45935041e+01
 5.64824811e+01
 2.80494858e+01
 1.50727075e+02
 4.94074766e+01
 3.96620927e+01
 2.63495209e+01
 1.34217230e+02
 8.45052840e+01
 2.12704461e+01
 5.35943950e+01
 6.36726972e+01
 4.62367576e+01
 9.43761031e+01
 3.23119287e+01
 7.67245205e+01
 4.87274533e+01
 1.11484523e+02
 2.55089994e+01
 2.06986232e+01
 2.43836375e+01
 9.04849875e+01
 5.85269642e+01
 2.89816380e+01
 3.11539961e+01
 5.97533637e+01
 5.81364341e+01
 7.15840249e+01
 3.80840854e+01
 3.03802303e+01
 7.07351601e+01
 1.99791251e+01
 6.01676283e+01
 3.58636902e+01
 2.90834356e+01
 1.51148565e+01
 4.11879593e+01
 5.01389375e+01
 8.13065520e+01
 9.00717272e+01
 3.86077606e+01
 2.46910644e+01
 1.48408684e+01
 1.65333857e+01
 3.81882550e+01
 1.07792669e+02
 1.90098946e+01
 4.67739185e+01
 5.02770627e+01
 3.57371077e+01
 4.68370508e+01
 7.44317028e+01
 4.59166565e+01
 3.45199382e+01
 6.01620133e+00
 6.19727185e+01
 1.45497646e+02
 7.75609855e+01
 3.77100993e+01
 6.66595128e+00
 3.25715289e+01
 5.15034235e+01
 1.42150934e+02
 2.81176652e+01
 4.69362223e+01
 8.02307344e+01
 2.35657561e+01
 7.44484118e+01
 1.65171486e+02
 3.30609793e+01
 5.64835530e+01
 9.14054686e+00
 1.14080411e+01
 2.19953616e+00
 6.92696435e+01
 5.58730499e+01
 7.50171512e+01
 4.15944617e+01
 4.79654005e+01
 2.32664488e+00
 5.20405741e+01
 5.26677844e+01
 1.22515507e+02
 7.94814042e+01
 6.10219551e+01
 1.37878079e+01
 1.30845171e+02
 2.91816036e+01
 8.60830613e+01
 2.11834206e+01
 4.83377368e+01
 1.11632311e+01
 3.81297961e+01
 9.30122539e+01
 3.65298326e+01
 4.01965149e+01
 1.01855340e+01
 4.78407947e+01
 6.42233994e+01
 9.28391392e+01
 9.90849427e+01
 1.70659668e+01
 2.88149651e+01
 5.61280620e+01
 1.12234721e+02
 7.10515581e+01
 1.90688553e+01
 5.23281842e+00
 5.74858592e+01
 8.71227754e+01
 8.20633373e+01
 8.32080800e+01
 4.61458958e+01
 1.99470409e+01
 6.29779819e+01
 5.41544381e+01
 0.00000000e+00
 8.06275896e+01
 3.45179821e+01
 2.64761486e+01
 4.91349132e+01
 1.41181051e+02
 1.03128203e+02
 1.56448135e+02
 8.95604677e+01
 6.05425126e+01
 8.27380556e+00
 1.20579861e+01
 5.80289893e+01
 1.09189180e+02
 1.09913679e+02
 5.42006741e+01
 1.93895476e+01
 5.40880485e+01
 6.11911710e+01
 1.38889788e+02
 1.19483802e+02
 4.15767959e+01
 5.29997600e+01
 1.21478035e+01
 4.81077306e+01
 6.93517615e+01
 2.81273921e+01
 2.50648940e+01
 1.05760431e+01
 3.74138463e+01
 7.87446223e+01
 1.09413882e+02
 4.47393800e+01
 5.36395681e+01
 2.57547056e+01
 2.59882417e+01
 4.75893079e+01
 8.94138934e+01
 3.10673770e+01
 6.63350059e+01
 2.42584821e+01
 2.46842777e+01
 2.74199676e+01
 9.90165678e+01
 1.31742373e+02
 9.53738654e+01
 3.50952997e+01
 3.18962583e+01
 7.81372830e+01
 3.56908567e+01
 9.02388751e+01
 3.44911521e+01
 2.44541943e+01
 3.06187041e+01
 1.25407663e+02
 1.06901041e+02
 6.07606937e+01
 2.27257754e+01
 3.68436735e+01
 2.67699000e+01
 1.53075838e+02
 2.81186757e+01
 1.00392289e+02
 4.22647732e+01
 4.00971372e+01
 7.38718927e+01
 3.73618103e+01
 9.88730587e+01
 5.82520179e+01
 7.77494295e+01
 6.21984064e+01
 4.93137790e+01
 4.22829701e+01
 3.28198634e+01
 1.32419146e+01
 5.45800504e+01
 4.53479976e+01
 6.44808273e+01
 4.40918559e+01
 7.55966228e+01
 7.30305663e+01
 4.06851088e+01
 4.04784589e+01
 2.49665636e+01
 3.13629132e+00
 3.71646672e+01
 1.05524787e+01
 4.99241659e+01
 2.28365422e+01
 3.65744210e+01
 9.43978265e+01
 2.30419329e+01
 1.65373851e+01
 2.19725476e+01
 1.68253969e+01
 5.72863283e+01
 9.40513271e+01
 7.28328927e+01
 9.58020735e+01
 1.59158747e+01
 2.46109247e+01
 1.05446453e+02
 6.28776623e+01
 5.75024402e+01
 3.82212914e+01
 3.03364507e+01
 3.92211589e+01
 1.51443855e+02
 5.73864529e+01
 4.08848067e+01
 3.56319240e+01
 4.81296983e+01
 3.56466588e+00
 3.61935782e+01
 4.06455484e+01
 2.99435741e+01
 6.56319520e+01
 5.44050489e+01
 3.44052566e+01
 1.17381681e+02
 4.19128262e+01
 3.32919277e+01
 8.65222355e+01
 3.11695059e+01
 2.99257772e+01
 7.80754381e+01
 4.08123635e+01
 1.02517593e+02
 1.23033185e+02
 2.81895464e+01
 3.41677305e+01
 1.49030515e+01
 1.05361427e+02
 5.09495341e+01
 4.56810942e+01
 4.82453884e+01
 4.34325263e+01
 3.81831492e+01
 8.68653879e+00
 1.17874857e+02
 6.75746372e+01
 9.02315379e+01
 2.31887817e+01
 3.53447488e+01
 7.27577242e+01
 2.24737956e+01
 6.23010786e+01
 2.96376576e+01
 5.04012888e+01
 2.49265419e+01
 3.72737280e+01
 6.41572693e+01
 7.14504507e+01
 2.92122654e+01
 8.31984725e+01
 7.57361943e+01
 2.55735020e+01
 6.92913553e+01
 9.93530828e+00
 2.50105982e+01
 2.76845854e+01
 3.97845597e+01
 9.39272780e+01
 6.88124912e+01
 2.57476892e+01
 2.77390562e+01
 3.25117124e+01
 4.22588327e+01
 7.73296595e+01
 6.35849844e+01
 6.41957921e+01
 1.52756854e+01
 2.43602393e+01
 5.31531251e+01
 4.76682925e+01
 8.98971154e+01
 6.57745848e+01
 3.78898194e+01
 7.35019388e+01
 1.08794885e+01
 1.94116686e+02
 2.62519746e+01
 8.91534659e+01
 4.93833078e+01
 2.63704599e+01
 4.28868375e+01
 9.58416082e+01
 3.38480895e+01
 5.86436686e+01
 5.82123463e+01
 3.95860557e+01
 3.26438803e+01
 1.34001252e+02
 9.10735385e+01
 4.12351531e+01
 4.22226501e+01
 3.07752496e+01
 2.78795520e+01
 5.38373051e+01
 5.23106621e+01
 4.19194741e+01
 3.07714529e+01
 4.72425300e+01
 2.28778283e+00
 5.38563663e+01
 8.81937922e+01
 5.06881705e+01
 1.55918222e+01
 4.56032838e+01
 7.55402247e+01
 1.37937516e+02
 1.31822745e+02
 1.90962089e+01
 3.68445943e+01
 2.97978459e+01
 4.52391274e+01
 5.52187477e+01
 4.70146769e+01
 6.00824368e+01
 8.18701853e+01
 3.59144693e+01
 7.01094954e+01
 5.27026081e+01
 4.91150029e+01
 8.62898439e+01
 5.73448462e+01
 6.25622752e+01
 3.89901537e+01
 4.11655471e+01
 9.51436828e+01
 1.98901569e+01
 4.50682233e+01
 6.18153035e+01
 2.96865991e+01
 9.29562135e+01
 7.25940012e+01
 4.89429772e+01
 4.99894213e+01
 3.74537990e+01
 1.61507568e+01
 5.02983244e+01
 1.60409027e+01
 3.65473985e+00
 8.27805734e+01
 1.02226654e+01
 8.98055708e+01
 4.18489545e+01
 3.95509920e+01
 5.65842444e+01
 3.30192315e+01
 1.77948444e+01
 5.86238852e+01
 4.01486647e+01
 3.33178026e+01
 3.23962464e+01
 1.57662172e+01
 3.32842624e+01
 1.12387594e+02
 6.58753311e+00
 9.64570335e+01
 1.04489872e+02
 8.87930367e+01
 3.04736111e+02
 4.49035453e+01
 4.05577747e+01
 4.98341537e+01
 6.64675043e+01
 3.39925097e+01
 8.95286286e+00
 2.09478798e+01
 7.23107641e+01
 1.56861109e+01
 4.75503701e+01
 1.77963961e+01
 3.05193376e+01
 7.88925262e+01
 5.68868799e+01
 1.22291327e+02
 3.92824435e+01
 8.96562154e+01
 3.85694115e+01
 5.78299104e+01
 4.69593343e+01
 1.38070759e+02
 4.79778676e+01
 1.36342918e+01
 7.53016535e+01
 1.04907803e+02
 8.75825638e+01
 1.04878307e+01
 2.93174442e+01
 8.14448028e+01
 5.98300667e+01
 1.24376066e+01
 9.12389533e+01
 1.02440236e+02
 1.41983416e+02
 1.01825662e+01
 4.33586499e+01
 5.97544980e+00
 9.94220140e+01
 1.24183517e+02
 1.39596488e+01
 7.75646206e+01
 4.00814406e+01
 6.50514338e+01
 5.15520222e+01
 4.32969366e+01
 4.24216873e+01
 1.82640540e+01
 8.48335971e+01
 5.68278686e+01
 2.53318225e+01
 5.47799769e+01
 7.17416481e+01
 6.32902710e+01
 3.70075423e+01
 2.60070279e+01
 8.22619916e+01
 1.00908514e+02
 8.55089942e+01
 4.63570962e+01
 6.96396854e+01
 6.07034370e+01
 6.43591058e+01
 2.24810352e+01
 3.70953162e+01
 3.33063788e+01
 5.79530998e+01
 8.02213655e+01
 8.52880671e+01
 7.03289928e+01
 4.70179348e+01
 4.05691727e+01
 2.44507393e+01
 5.15344312e+01
 1.40894530e+02
 3.20070377e+01
 1.50965195e+01
 8.03076678e+01
 1.15789971e+01
 1.11738085e+01
 1.14558286e+02
 5.38838248e+01
 7.51018435e+01
 5.29273916e+01
 3.54797842e+01
 1.63127057e+02
 1.41690173e+02
 3.65836268e+01
 1.70722504e+02
 6.77487916e+01
 6.94217468e+00
 9.67260448e+01
 3.84517472e+01
 6.93797652e+01
 1.16634323e+01
 2.23964051e+01
 2.66853173e+01
 4.01631044e+01
 4.54144165e+01
 3.77842771e+01
 3.41511450e+00
 3.87659745e+01
 3.22550032e+01
 8.20812492e+01
 9.09844190e+01
 1.12266359e+02
 5.55921990e+01
 4.06534434e+01
 1.68222228e+01
 2.71451950e+01
 1.67724750e+01
 8.56037621e+01
 1.66785395e+01
 3.25919247e+01
 4.78546715e+01
 1.58892469e+01
 7.66076063e+01
 5.55028134e+01
 5.28628507e+01
 4.48634978e+01
 1.40156230e+01
 8.53800816e+01
 6.61368284e+01
 7.70185029e+01
 5.22457381e+01
 1.32512396e+01
 3.09688495e+01
 3.23139635e+01
 7.93529002e+01
 9.04823670e+01
 1.22864942e+02
 6.20627705e+01
 4.06890673e+01
 6.38535123e+01
 1.94159716e+02
 5.00980470e+01
 8.74526767e+01
 4.56396878e+00
 3.17049254e+01
 3.10383723e+00
 2.55961289e+01
 1.04309323e+02
 7.48870363e+01
 2.68847787e+01
 2.56378657e+01
 2.11693733e+00
 1.28271928e+02
 1.88522134e+01
 9.57823420e+01
 8.78006531e+01
 3.77693347e+01
 1.12751755e+02
 3.08606221e+01
 1.13644107e+02
 1.68735110e+02
 5.47623161e+01
 2.71282389e+01
 1.52865397e+01
 3.66934045e+01
 7.04710977e+01
 6.58567235e+01
 6.47355686e+01
 1.53046358e+01
 7.78314834e+01
 4.02495507e+01
 1.13751690e+02
 6.92883095e+01
 3.60341158e+01
 5.03039551e+00
 4.02080037e+01
 3.12492968e+01
 3.15012082e+01
 7.95064072e+01
 9.55276835e+01
 6.40233200e+01
 4.91107643e+01
 2.08210011e+01
 1.02278018e+02
 5.36719658e+01
 4.25480546e+01
 3.09683662e+01
 1.05938976e+01
 3.50221639e+01
 5.28243872e+01
 9.62220615e+00
 3.18425458e+01
 2.07368806e+00
 6.47470616e+01
 1.13106149e+02
 6.59510743e+01
 1.54900469e+02
 3.60452215e+01
 1.03603643e+01
 1.47323243e+01
 5.25763653e+01
 2.50380474e+01
 1.31286194e+02
 1.06763252e+02
 3.18947321e+01
 1.06377505e+01
 3.19432297e+01
 1.68317987e+02
 3.47126964e+01
 3.02286143e+01
 1.21280129e+01
 1.82595464e+01
 6.54602466e+01
 8.40736331e+01
 6.50042779e+01
 3.77068351e+01
 3.14907421e+01
 7.87694615e+01
 4.44204506e+01
 1.11768219e+02
 8.20384808e+01
 2.16685555e+01
 7.95649781e+01
 2.60952869e+01
 3.31093924e+01
 5.73739580e+01
 5.60435595e+01
 2.68925032e+01
 1.36134425e+01
 7.41089730e+01
 6.16976606e+01
 7.63735820e+01
 1.05164430e+02
 8.00274266e+01
 3.08351759e+01
 1.27155183e+02
 4.46102668e+01
 4.03122483e+01
 4.27570333e+01
 6.51853158e+01
 5.22650674e+01
 1.65585049e+01
 4.65896877e+01
 9.51448530e+01
 3.99779016e+01
 4.25612333e+01
 9.54406627e+00
 1.09881222e+02
 1.33717653e+02
 1.12776197e+01
 1.14017040e+01
 1.00150784e+01
 3.44523771e+01
 1.01057684e+02
 3.17279015e+01
 1.51455816e+02
 6.16698950e+01
 3.53811120e+01
 4.20317318e+01
 3.47511930e+01
 1.43603605e+02
 9.73286061e+01
 4.64247534e+01
 1.74625899e+01
 5.06381017e+01
 7.45275298e+01
 9.88270515e+01
 6.31194642e+01
 8.19224679e+01
 3.04618799e+01
 1.83940628e+01
 3.34637947e+01
 3.57842587e+01
 5.06645609e+01
 3.41887214e+01
 4.59755908e+01
 5.84086483e+01
 2.15217943e+00
 8.85832363e+01
 7.19731306e+01
 6.01330380e+01
 8.64918441e+01
 9.51936703e+01
 3.86772429e+01
 7.49140923e+01
 7.07513136e+01
 4.39921926e+01
 5.72341499e+01
 5.95311628e+01
 1.93502768e+01
 3.95256866e+01
 1.15003721e+02
 1.64854379e+02
 2.81915780e+01
 3.39763371e+01
 4.64887104e+01
 5.84433951e+01
 1.02629564e+02
 4.69173497e+01
 3.82717242e+01
 4.08008870e+01
 2.03170118e+01
 5.54170057e+01
 3.80314771e+01
 7.18882737e+01
 3.49236330e+01
 6.70262755e+00
 8.35451583e+01
 7.49350515e+01
 6.99995072e+01
 1.30406604e+01
 5.97200150e+01
 6.15804709e+01
 1.12072776e+02
 1.93998608e+02
 1.54622526e+02
 1.48917937e+01
 2.56306235e+01
 4.50983711e+01
 2.55410174e+01
 7.61366624e+01
 4.62822060e+01
 2.98512355e+01
 3.71763396e+01
 6.96869032e+01
 4.58563491e+01
 8.58557221e+01
 7.46294224e+01
 6.27925881e+01
 4.96770006e+01
 5.14144124e+01
 5.59345044e+01
 9.56915478e+01
 5.77590268e+01
 7.02135756e+01
 3.91943459e+01
 8.12302134e+01
 2.97545876e+01
 9.09370445e+01
 6.83656477e+01
 1.16814205e+02
 3.47089856e+01
 2.13011155e+01
 7.07347316e+01
 1.27943820e+02
 6.78325851e+01
 4.97767593e+01
 6.96176446e+01
 7.96692420e+01
 1.93101731e+01
 6.59582506e+01
 1.14342330e+02
 1.49086633e+01
 2.44276096e+01
 1.96242052e+01
 4.81906192e+01
 6.72369607e+01
 7.19056855e+01
 1.06991426e+02
 5.20628536e+01
 6.04160416e+01
 4.79767912e+01
 5.11781652e+01
 1.28428855e+02
 7.05257519e+01
 6.71466780e+01
 7.54846256e+01
 2.08407585e+01
 7.59499681e+01
 3.53166225e+01
 3.05876403e+01
 1.81892374e+01
 4.89283669e+01
 2.74545764e+01
 4.96255936e+01
 1.05466720e+02
 6.47483852e+01
 9.49431627e+01
 2.77048476e+01
 1.70785416e+01
 5.20466007e+01
 8.21063365e+01
 8.78741811e+01
 7.85135948e+01
 3.90336289e+01
 1.28295501e+01
 1.04351595e+02
 6.07367098e+01
 3.73968626e+01
 2.60660837e+01
 1.53128440e+01
 0.00000000e+00
 3.31326025e+01
 2.20081740e+01
 6.03246912e+01
 6.44738555e+01
 3.49807252e+01
 8.04820360e+01
 5.91505401e+01
 4.63441806e+01
 5.36558600e+01
 4.53399044e+01
 1.23773596e+01
 6.74149793e+01
 3.60942044e+01
 8.39688792e+01
 3.55826902e+01
 1.09789502e+02
 1.26447177e+01
 5.04876983e+01
 1.15485748e+02
 1.24252047e+02
 1.02419490e+02
 5.04508320e+01
 6.58098697e+01
 3.34615033e+01
 1.07226772e+02
 8.16204459e+01
 6.27260079e+01
 5.40514746e+01
 4.05758719e+01
 5.78752685e+01
 5.64707493e+01
 1.28753329e+02
 4.76341949e+01
 2.38724327e+01
 7.14526288e+00
 5.52430901e+01
 8.55599023e+01
 2.10750238e+01
 6.69096659e+01
 5.19027603e+01
 4.33173300e+01
 2.99174944e+01
 4.52713484e+01
 1.05251671e+02
 4.79195594e+01
 3.01974263e+01
 1.19917357e+02
 8.00260445e+01
 3.67717094e+01
 5.36843469e+01
 5.16699284e+01
 4.29405852e+01
 3.68812194e+01
 4.04997421e+01
 3.33800359e+01
 7.39087541e+01
 6.89477721e+01
 7.47557724e+01
 8.10333786e+01
 4.70002166e+01
 3.46431725e+01
 1.21725247e+02
 8.83198991e+01
 6.34045336e+01
 1.08507530e+01
 3.96728281e+01
 6.18320613e+01
 1.31683260e+02
 4.51421529e+01
 2.97027083e+01
 2.43651386e+01
 4.05631711e+01
 1.72542111e+02
 6.09910882e+01
 4.97782866e+00
 2.99718389e+01
 9.40923620e+01
 2.89355052e+01
 5.84227180e+01
 1.11761144e+02
 4.17363269e+01
 2.27508295e+01
 4.99170626e+01
 5.33708585e+01
 1.80586610e+01
 4.05888433e+01
 1.11514651e+02
 5.59309144e+01
 6.90691480e+01
 6.71219722e+01
 8.63458937e+01
 9.40586351e+01
 6.75657262e+01
 3.86327429e+01
 4.62912513e+01
 1.79770555e+01
 1.47352721e+02
 7.55467057e+01
 2.08728757e+01
 4.09221624e+01
 3.63738374e+01
 1.93237622e+01
 9.65316694e+01
 1.54421820e+02
 1.27790175e+02
 5.22119801e+01
 3.15364124e+01
 3.79737728e+01
 9.14753742e+01
 4.66301379e+00
 9.47545294e+01
 5.22179385e+01
 3.51829963e+01
 5.07682805e+01
 3.82068570e+01
 9.35700923e+01
 5.16763143e+01
 6.68542227e+01
 2.80714740e+01
 6.68074275e+01
 6.63982394e+01
 2.22866337e+01
 4.18542406e+01
 6.68836008e+01
 1.31828746e+01
 5.80131212e+01
 6.41822060e+01
 1.24639740e+02
 1.30698220e+02
 2.54733441e+00
 3.43559034e+01
 4.82449622e+01
 2.53472959e+01
 9.08328469e+01
 1.02521958e+02
 4.22719740e+01
 5.24812859e+01
 7.47140877e+01
 9.88276644e+01
 1.53685098e+02
 1.28511137e+02
 9.71432520e+01
 1.16906551e+02
 5.63673721e+01
 6.82037859e+01
 5.21774337e+01
 2.84338982e+01
 8.95215051e+01
 3.22559911e+01
 9.78179824e+01
 2.90107080e+01
 8.23676438e+01
 8.52511501e+01
 5.81208310e+01
 9.51208341e+01
 7.28868444e+01
 4.91476647e+01
 3.56013435e+01
 1.53849018e+01
