 5.41772461e-01
 -1.70959473e-02
 5.10488281e+00
 6.92836914e+00
 1.19825073e+01
 1.71635376e+01
 2.08548218e+01
 1.88896118e+01
 1.25421387e+01
 1.14544312e+01
 5.16140137e+00
 -1.87317505e+00
 7.01837158e-01
 3.32607422e+00
 5.72008667e+00
 1.10473572e+01
 1.41076904e+01
 1.88973938e+01
 1.99545837e+01
 1.80906311e+01
 1.56117493e+01
 1.09311157e+01
 5.85942993e+00
 -2.88519287e-01
 -1.60382690e+00
 3.38684082e-02
 5.20913086e+00
 1.37485901e+01
 1.36259399e+01
 1.68555847e+01
 1.79418579e+01
 1.76465698e+01
 1.36669250e+01
 1.21701294e+01
 3.94262085e+00
 2.51949463e+00
 -2.79331055e+00
 3.14083252e+00
 6.50057373e+00
 1.21105591e+01
 1.43195740e+01
 1.58986755e+01
 1.97840210e+01
 1.66601196e+01
 1.41013428e+01
 1.12944580e+01
 1.75557861e+00
 -4.45898437e-01
 -2.32727661e+00
 -3.74963989e+00
 5.46114502e+00
 9.80138550e+00
 1.47015625e+01
 1.80475098e+01
 1.89123169e+01
 1.76349731e+01
 1.56002441e+01
 1.22712646e+01
 3.53008423e+00
 -1.95291748e+00
 -1.94799805e-01
 2.91134033e+00
 3.41887817e+00
 1.19227844e+01
 1.28831726e+01
 1.65339294e+01
 1.96732727e+01
 1.96726929e+01
 1.45447327e+01
 7.67650757e+00
 7.91719971e+00
 -1.29443970e+00
 -4.67752686e+00
 5.96612549e-01
 3.11458740e+00
 1.04246155e+01
 1.48730103e+01
 1.53868347e+01
 1.82105042e+01
 1.80595642e+01
 1.36370789e+01
 1.30593201e+01
 3.41936646e+00
 1.47515259e+00
 3.82497559e+00
 8.27844238e-01
 5.84465942e+00
 1.45167480e+01
 1.17246338e+01
 1.95253540e+01
 1.96339966e+01
 1.89939209e+01
 1.23248230e+01
 1.16344849e+01
 9.62813721e+00
 -2.04038086e+00
 9.72283936e-01
 1.15715942e+00
 2.66219482e+00
 7.31652222e+00
 1.48250977e+01
 2.00235840e+01
 2.01122070e+01
 1.79886719e+01
 1.50263916e+01
 1.26235291e+01
 6.76610718e+00
 5.94421387e-02
 -3.43591919e+00
 -3.10666504e+00
 4.46456299e+00
 1.01422668e+01
 1.52280518e+01
 1.65670105e+01
 2.11341797e+01
 1.95359131e+01
 1.37184387e+01
 1.01042419e+01
 -2.43753662e+00
 -4.26688232e+00
 -2.58490601e+00
 2.75017700e+00
 6.52468262e+00
 7.91823730e+00
 1.48542114e+01
 1.87603088e+01
 2.06013428e+01
 1.86941467e+01
 1.41536804e+01
 1.23568970e+01
 4.70653687e+00
 -1.69089355e+00
 2.09645996e+00
 2.75298462e+00
 7.39641724e+00
 1.17909180e+01
 1.35532166e+01
 1.64056030e+01
 1.82912231e+01
 1.86040894e+01
 1.63854004e+01
 1.00042053e+01
 3.50859985e+00
 2.16210327e+00
 1.54962158e-01
 5.42913208e+00
 8.13741455e+00
 1.19451843e+01
 1.33571106e+01
 1.63310181e+01
 1.84894653e+01
 1.74682251e+01
 1.42933289e+01
 8.04836426e+00
 5.30809937e+00
 2.74489746e+00
 -4.59906006e-01
 4.14238892e+00
 6.49703369e+00
 1.06340881e+01
 1.40325562e+01
 1.62938477e+01
 2.02664124e+01
 1.77534729e+01
 1.11409546e+01
 1.00594727e+01
 3.17162476e+00
 -5.45202637e-01
 -5.70035400e+00
 -9.98876953e-01
 7.70845947e+00
 1.07965332e+01
 1.41947266e+01
 1.70100952e+01
 2.12694031e+01
 1.77030579e+01
 1.64760681e+01
 1.06790710e+01
 5.08889160e+00
 -2.23288574e+00
 9.85284424e-01
 8.77801514e-01
 5.65285645e+00
 1.03252197e+01
 1.52236572e+01
 1.55622498e+01
 1.91299377e+01
 1.84146973e+01
 1.31813904e+01
 9.74279175e+00
 5.34780273e+00
 -2.58398437e-01
 -1.53692627e-01
 4.10344849e+00
 5.28170166e+00
 9.59426270e+00
 1.23973633e+01
 1.74418274e+01
 2.00867859e+01
 1.97180725e+01
 1.44936462e+01
 1.02428833e+01
 7.87139282e+00
 1.76036987e+00
 -2.05112305e+00
 1.39125977e+00
 1.38427124e+00
 9.26348267e+00
 1.18105103e+01
 1.73455750e+01
 2.06823975e+01
 1.88926331e+01
 1.21848389e+01
 9.11623535e+00
 1.77636719e-01
 9.69323730e-01
 -8.15924072e-01
 4.90908203e+00
 8.45507202e+00
 1.23662354e+01
 1.51793762e+01
 1.64592224e+01
 2.12496277e+01
 1.81642395e+01
 1.40234924e+01
 1.26869751e+01
 4.22677002e+00
 2.22164307e+00
 -2.33750000e+00
 4.05666504e+00
 7.71746216e+00
 1.23655029e+01
 1.63860718e+01
 1.64702698e+01
 1.93274170e+01
 1.61492249e+01
 1.61619507e+01
 1.10671021e+01
 7.94387207e+00
 -1.57901611e+00
 -4.92990723e+00
 1.81829224e+00
 9.24694214e+00
 1.10636841e+01
 1.45654846e+01
 1.85394226e+01
 2.03760925e+01
 1.88918396e+01
 1.46123901e+01
 1.16714722e+01
 5.13067017e+00
 2.87539063e+00
 4.41506348e+00
 2.17324219e+00
 5.71975098e+00
 1.17564941e+01
 1.82773376e+01
 1.70058228e+01
 2.12651306e+01
 1.93742310e+01
 1.47907043e+01
 8.01226196e+00
 3.60561523e+00
 2.15722656e-01
 2.19771729e+00
 5.91716919e+00
 7.45275269e+00
 1.59252563e+01
 1.38081299e+01
 1.66948486e+01
 2.23792969e+01
 1.96581665e+01
 1.45844055e+01
 8.86538086e+00
 3.97466431e+00
 2.31978760e+00
 -9.08209229e-01
 2.61156616e+00
 7.32372437e+00
 1.33268677e+01
 1.58913208e+01
 1.79723755e+01
 1.97894531e+01
 1.97142883e+01
 1.73987976e+01
 9.03170166e+00
 5.46016846e+00
 1.89129028e+00
 -4.30615845e+00
 -1.41516113e-01
 5.30089722e+00
 1.40545898e+01
 1.26375061e+01
 1.85369812e+01
 1.92929016e+01
 1.86636902e+01
 1.66017395e+01
 7.45684204e+00
 6.64525757e+00
 -5.40930176e-01
 -2.28882446e+00
 2.69603882e+00
 4.51134644e+00
 1.45338074e+01
 1.43574158e+01
 1.88665710e+01
 2.05162598e+01
 1.94653564e+01
 1.68573547e+01
 9.45070801e+00
 -1.24578857e-01
 -1.40885010e+00
 2.61956787e-01
 7.81854248e-01
 5.98525391e+00
 1.02536255e+01
 1.37506653e+01
 1.92239319e+01
 1.92777649e+01
 1.79046265e+01
 1.38665100e+01
 1.12042480e+01
 3.33175049e+00
 -5.24023437e-01
 9.83148193e-01
 2.11708984e+00
 7.76333008e+00
 1.31951538e+01
 1.33469177e+01
 1.84753967e+01
 2.15415588e+01
 1.86085144e+01
 1.50838867e+01
 8.81636963e+00
 7.78179321e+00
 1.12801514e+00
 1.88628540e+00
 9.15969238e+00
 7.79924927e+00
 1.14156738e+01
 1.43630615e+01
 1.71438843e+01
 1.95170532e+01
 1.90601135e+01
 1.75971924e+01
 1.08716980e+01
 7.81817017e+00
 6.82589111e+00
 -4.13657227e+00
 6.89705811e+00
 8.49324951e+00
 1.35921265e+01
 1.50674683e+01
 1.77824036e+01
 2.02099854e+01
 1.94862610e+01
 1.58725830e+01
 1.03372742e+01
 4.80651245e+00
 2.10817871e+00
 4.66912842e-01
 1.93361816e+00
 7.95220337e+00
 1.13735596e+01
 1.81057373e+01
 1.85963989e+01
 1.99849182e+01
 1.86265808e+01
 1.53887268e+01
 8.29818115e+00
 6.51531372e+00
 -6.61566162e-01
 2.10378418e+00
 8.22961426e-01
 2.95803223e+00
 9.74492798e+00
 1.86724792e+01
 1.71673218e+01
 1.93791138e+01
 1.58648926e+01
 1.60592590e+01
 1.04092957e+01
 9.11242065e+00
 -2.12561035e-01
 5.77227173e+00
 4.05291138e+00
 8.21068726e+00
 1.53393188e+01
 1.67244812e+01
 1.79617554e+01
 2.02781616e+01
 1.79919373e+01
 1.48976990e+01
 1.14383179e+01
 4.14019165e+00
 7.19018555e-01
 2.97466431e+00
 2.41723022e+00
 6.10820923e+00
 1.24361511e+01
 1.20722290e+01
 1.77805725e+01
 2.00114990e+01
 2.04849182e+01
 1.35158020e+01
 1.07896973e+01
 5.93468628e+00
 5.30043945e+00
 1.13594971e+00
 3.68502197e+00
 7.49874268e+00
 1.24034363e+01
 1.46104370e+01
 1.82597290e+01
 2.01427551e+01
 1.86098572e+01
 1.42462708e+01
 1.29378296e+01
 7.25878296e+00
 8.01293945e-01
 1.06398926e+00
 3.71975098e+00
 3.16765747e+00
 1.23267151e+01
 1.40499817e+01
 1.70053040e+01
 2.14202820e+01
 2.15235840e+01
 1.59698120e+01
 1.06867615e+01
 7.00997314e+00
 2.34438477e+00
 -6.25463867e-01
 6.64788818e-01
 4.82070313e+00
 1.33017517e+01
 1.61488892e+01
 1.88289429e+01
 2.07681824e+01
 1.95157410e+01
 1.69770752e+01
 1.07763000e+01
 4.67403564e+00
 8.76123047e-01
 1.02822266e+00
 8.72003174e-01
 5.44951782e+00
 1.25486389e+01
 1.29518677e+01
 1.74597107e+01
 2.11289307e+01
 2.11048828e+01
 1.45547729e+01
 6.48848877e+00
 4.01482544e+00
 4.36705933e+00
 -2.13477173e+00
 -1.17886963e+00
 5.65148315e+00
 1.44925171e+01
 1.43451782e+01
 2.36027161e+01
 2.15411011e+01
 2.24584595e+01
 1.65489136e+01
 1.01315552e+01
 6.62374268e+00
 1.61379395e+00
 2.82656250e+00
 2.19426880e+00
 7.72707520e+00
 1.23421265e+01
 1.72572876e+01
 1.69477783e+01
 2.26960693e+01
 2.02910706e+01
 1.56838318e+01
 1.29810730e+01
 8.91231689e+00
 2.97429810e+00
 5.45461426e+00
 3.91918335e+00
 8.03930054e+00
 1.31704346e+01
 1.43962036e+01
 1.79145142e+01
 1.88522888e+01
 1.85483643e+01
 1.29324280e+01
 1.08567749e+01
 4.10198364e+00
 2.64598999e+00
 3.94149170e+00
 5.29174194e+00
 6.18953857e+00
 9.00139771e+00
 1.55891052e+01
 1.79695068e+01
 1.93243042e+01
 2.09078613e+01
 1.63321167e+01
 7.78234253e+00
 5.50652466e+00
 -3.96167603e+00
 -8.95422363e-01
 1.38063965e+00
 5.96413574e+00
 9.65288696e+00
 1.69523254e+01
 1.62086426e+01
 1.97031799e+01
 1.92376343e+01
 1.43433167e+01
 1.10300537e+01
 4.00393066e+00
 3.66143188e+00
 -1.56030884e+00
 5.98528442e+00
 7.52147827e+00
 1.09602905e+01
 1.37661072e+01
 1.87333618e+01
 2.05265747e+01
 1.87238708e+01
 1.52874695e+01
 1.19036804e+01
 7.42232666e+00
 2.83294067e+00
 2.06262207e-01
 3.36596069e+00
 7.42089233e+00
 1.05270325e+01
 1.61406189e+01
 1.78329407e+01
 2.03475586e+01
 2.04334045e+01
 1.43724609e+01
 9.54992065e+00
 4.61251221e+00
 3.84157715e+00
 8.46215820e-01
 1.58086548e+00
 8.33550415e+00
 1.23734070e+01
 1.77651611e+01
 1.97067200e+01
 2.24099670e+01
 1.81944519e+01
 1.67380920e+01
 9.29332886e+00
 5.09029541e+00
 1.24065552e+00
 -1.02057495e+00
 3.73098145e+00
 6.42952881e+00
 1.17336975e+01
 1.33609863e+01
 2.09671265e+01
 2.21638123e+01
 1.97822205e+01
 1.44435974e+01
 1.16545959e+01
 5.33577881e+00
 9.67156982e-01
 4.64965210e+00
 5.70284424e+00
 4.92153320e+00
 1.46777283e+01
 1.94586121e+01
 2.00740906e+01
 2.38497559e+01
 2.19892822e+01
 1.66243530e+01
 9.75298462e+00
 7.83706055e+00
 2.48928223e+00
 -6.49389648e-01
 9.95324707e-01
 9.40667725e-01
 1.18752380e+01
 1.56358887e+01
 2.05359741e+01
 2.03531433e+01
 2.08780457e+01
 1.65431458e+01
 1.16171204e+01
 5.29067383e+00
 5.55718384e+00
 -2.88559570e+00
 3.39092407e+00
 8.28801880e+00
 1.47657410e+01
 1.60388123e+01
 1.70819336e+01
 2.09432922e+01
 2.07627808e+01
 1.48267761e+01
 1.38285461e+01
 3.27889404e+00
 3.39916382e+00
 2.61074219e+00
 2.14058838e+00
 7.31371460e+00
 1.29718567e+01
 1.69488159e+01
 2.13022095e+01
 2.16318909e+01
 2.01350647e+01
 1.46322571e+01
 1.33684937e+01
 4.34063110e+00
 4.07860718e+00
 3.79235229e+00
 6.53652344e+00
 7.61333618e+00
 8.90319214e+00
 1.29924255e+01
 1.71855103e+01
 2.14457642e+01
 1.88778625e+01
 1.65386902e+01
 1.01678406e+01
 1.88802490e+00
 4.47698364e+00
 -3.62493896e-01
 2.91167603e+00
 7.87456665e+00
 1.14661194e+01
 1.60251709e+01
 1.80830933e+01
 2.28312012e+01
 1.94958435e+01
 1.62670227e+01
 1.38210388e+01
 8.36013184e+00
 6.05913696e+00
 1.91259155e+00
 3.40001831e+00
 1.03236023e+01
 1.09805237e+01
 1.65070129e+01
 1.71017700e+01
 1.98713623e+01
 1.97727905e+01
 1.51248413e+01
 9.32592163e+00
 5.16726074e+00
 3.91906128e+00
 -3.75397339e+00
 3.85802612e+00
 8.65648804e+00
 1.07257629e+01
 1.45837036e+01
 1.85942932e+01
 1.96357056e+01
 1.98414551e+01
 1.86780640e+01
 1.34030396e+01
 5.32183228e+00
 3.48247681e+00
 4.46181641e+00
 8.26336060e+00
 6.60982666e+00
 9.85820923e+00
 1.99239136e+01
 2.10520569e+01
 2.24739319e+01
 2.25436035e+01
 1.74665771e+01
 1.21350342e+01
 8.72554932e+00
 4.23610840e+00
 -3.53330078e+00
 3.23604736e+00
 5.19555054e+00
 1.29109436e+01
 1.56138855e+01
 1.88173462e+01
 1.92103516e+01
 2.17789246e+01
 1.74938599e+01
 1.09577881e+01
 3.66210327e+00
 -3.75140991e+00
 -6.68875732e+00
 -1.75878906e-01
 9.42464600e+00
 1.30401245e+01
 1.44270874e+01
 1.94173828e+01
 2.06596313e+01
 2.01280762e+01
 1.51040588e+01
 1.04970032e+01
 8.23882446e+00
 -3.72357788e+00
 -2.40131226e+00
 5.28359375e+00
 9.24538574e+00
 1.45604187e+01
 1.62073608e+01
 2.05888611e+01
 2.14527832e+01
 2.22851196e+01
 1.71846252e+01
 1.18636414e+01
 7.05755005e+00
 -7.60498047e-03
 8.29370117e-01
 3.40029297e+00
 8.43236694e+00
 1.07028442e+01
 1.53507629e+01
 1.96903625e+01
 2.03037964e+01
 1.82921692e+01
 1.48208252e+01
 9.69875488e+00
 7.31932983e+00
 4.14202271e+00
 4.78161011e+00
 4.13179932e+00
 6.10463867e+00
 1.19885193e+01
 1.58447815e+01
 1.84671265e+01
 2.07760864e+01
 2.05349365e+01
 1.72793518e+01
 1.18318115e+01
 3.44173584e+00
 4.01864014e+00
 2.87795410e+00
 2.14666138e+00
 5.53887329e+00
 1.21889587e+01
 1.38475281e+01
 1.82797485e+01
 2.02099243e+01
 1.83307739e+01
 1.51951538e+01
 1.23642212e+01
 9.79085693e+00
 2.90731201e+00
 -2.40625610e+00
 1.40895996e+00
 6.31441650e+00
 1.31048828e+01
 1.68670593e+01
 2.21176697e+01
 2.08863159e+01
 2.14899536e+01
 1.59897705e+01
 1.25560242e+01
 5.64467773e+00
 6.83831177e+00
 4.44909668e-01
 3.86840210e+00
 9.50420532e+00
 1.16904846e+01
 1.54487549e+01
 1.72388550e+01
 1.97742554e+01
 2.00761963e+01
 1.68769775e+01
 1.10481506e+01
 7.70400391e+00
 3.28417358e+00
 1.05657349e+00
 6.54201660e+00
 8.21117554e+00
 9.73751221e+00
 1.57326294e+01
 2.17990967e+01
 2.25480591e+01
 1.98114868e+01
 1.72821594e+01
 9.80288086e+00
 4.39180908e+00
 6.64141235e+00
 3.40105591e+00
 6.25542603e+00
 9.31932983e+00
 1.45019165e+01
 1.50256897e+01
 2.01988770e+01
 2.29633118e+01
 1.91629272e+01
 1.97237793e+01
 1.38367859e+01
 5.74059448e+00
 4.70232544e+00
 -2.24655762e+00
 6.19341431e+00
 1.14235168e+01
 1.48509766e+01
 1.79868103e+01
 1.85964905e+01
 2.34753662e+01
 2.27612244e+01
 1.92269226e+01
 1.11216064e+01
 1.04611450e+01
 2.26033936e+00
 4.97887573e+00
 5.55043945e+00
 1.14241577e+01
 1.33718811e+01
 1.79576660e+01
 1.93904968e+01
 1.92632690e+01
 1.82613464e+01
 1.67310425e+01
 1.13996826e+01
 8.39830933e+00
 5.25499878e+00
 6.35466919e+00
 2.55046997e+00
 9.36275635e+00
 9.29421387e+00
 1.71329895e+01
 2.05344482e+01
 2.21692139e+01
 1.93933960e+01
 1.75774780e+01
 1.26144958e+01
 7.02620850e+00
 5.61144409e+00
 3.10421143e+00
 1.42510376e+00
 4.10515747e+00
 1.23869873e+01
 1.36140381e+01
 1.88517395e+01
 2.19583679e+01
 1.97206055e+01
 1.48879639e+01
 1.03148743e+01
 7.11986694e+00
 -2.24887695e+00
 9.41156006e-01
 6.91689453e+00
 5.62523804e+00
 1.03716370e+01
 1.47726379e+01
 1.93375793e+01
 2.11954590e+01
 1.72722717e+01
 1.76633240e+01
 1.39438416e+01
 7.29647217e+00
 2.53319702e+00
 1.23311768e+00
 4.32863770e+00
 8.48690186e+00
 1.04512268e+01
 1.68904968e+01
 1.81611572e+01
 2.20221802e+01
 2.19143005e+01
 1.77173401e+01
 1.33432861e+01
 6.26506958e+00
 5.02980957e+00
 5.38918457e+00
 5.91704712e+00
 9.19890747e+00
 1.05532776e+01
 1.57891785e+01
 1.90474487e+01
 2.01215454e+01
 1.99735352e+01
 1.77894836e+01
 1.40066162e+01
 7.05761108e+00
 6.23940430e+00
 3.36364136e+00
 4.13094482e+00
 8.55074463e+00
 1.08969055e+01
 1.63121277e+01
 1.66262146e+01
 2.04755188e+01
 2.10441833e+01
 1.56415039e+01
 1.36691223e+01
 4.00985107e+00
 3.91784668e-02
 3.82967529e+00
 3.34230957e+00
 4.18987427e+00
 1.10736938e+01
 1.76931396e+01
 1.97226501e+01
 1.97502991e+01
 2.16237122e+01
 1.68328796e+01
 1.13300720e+01
 6.88018188e+00
 3.78676758e+00
 6.30053101e+00
 2.67958984e+00
 9.07082520e+00
 1.34129272e+01
 1.53718201e+01
 1.94128967e+01
 2.18327271e+01
 2.08947388e+01
 1.61762024e+01
 1.20458313e+01
 5.74077759e+00
 4.77208862e+00
 7.92199707e-01
 2.52364502e+00
 9.53435669e+00
 1.27614990e+01
 1.84012085e+01
 2.02824341e+01
 2.06829773e+01
 1.94012085e+01
 1.52163330e+01
 1.25239197e+01
 7.47442017e+00
 1.25048218e+00
 2.66143188e+00
 5.78246460e+00
 7.58428345e+00
 1.21226440e+01
 1.37546021e+01
 1.96078735e+01
 2.06231018e+01
 2.03542725e+01
 1.66629578e+01
 9.99581299e+00
 7.41906128e+00
 2.41524658e+00
 3.60925293e-01
 9.05175781e-01
 7.48998413e+00
 1.30351196e+01
 1.43848206e+01
 1.72697693e+01
 2.24031311e+01
 1.95258423e+01
 1.60649048e+01
 1.38224731e+01
 4.36391602e+00
 3.51259766e+00
 4.66515503e+00
 6.81594238e+00
 4.33434448e+00
 1.20322510e+01
 1.49928833e+01
 1.99748169e+01
 2.13207947e+01
 2.03364502e+01
 1.63569580e+01
 1.10020691e+01
 8.92565308e+00
 -4.27130127e-01
 2.31347656e-01
 4.86293945e+00
 7.94393311e+00
 1.42732788e+01
 1.79239441e+01
 1.88852783e+01
 2.14177490e+01
 2.01957642e+01
 1.66778198e+01
 1.17559448e+01
 6.45189819e+00
 4.76770020e-01
 5.53551636e+00
 7.59105835e+00
 9.78096924e+00
 1.28176819e+01
 1.54988037e+01
 2.25248047e+01
 2.28684326e+01
 2.12260681e+01
 1.77560059e+01
 1.17931763e+01
 7.04271851e+00
 6.79436646e+00
 5.48366699e+00
 7.62090454e+00
 8.95113525e+00
 1.27091919e+01
 1.71913391e+01
 1.90905701e+01
 2.28330933e+01
 2.12963501e+01
 1.77901550e+01
 1.20212341e+01
 2.16314087e+00
 1.66130981e+00
 4.77794800e+00
 1.41036377e+00
 1.15781189e+01
 1.49547058e+01
 1.75115601e+01
 2.18622375e+01
 2.07236267e+01
 1.96324097e+01
 1.74768005e+01
 1.40877014e+01
 9.34822998e+00
 4.27861938e+00
 5.86696777e+00
 4.89714966e+00
 7.46135864e+00
 1.33964478e+01
 1.84574219e+01
 2.02513367e+01
 2.17922913e+01
 2.02713562e+01
 1.77805115e+01
 1.37270447e+01
 6.47432861e+00
 7.04442749e+00
 2.97597656e+00
 3.52880249e+00
 9.66842041e+00
 1.43893066e+01
 1.59451233e+01
 2.06620728e+01
 1.87306458e+01
 1.97844482e+01
 1.44540344e+01
 1.16422668e+01
 4.45403442e+00
 5.12249146e+00
 4.65331421e+00
 1.45601807e+00
 6.13964233e+00
 1.49352356e+01
 1.64052673e+01
 1.84220215e+01
 2.14811951e+01
 2.21037231e+01
 1.76334167e+01
 1.12472778e+01
 5.82729492e+00
 1.01754150e+00
 4.77959595e+00
 4.14367065e+00
 9.85863647e+00
 1.26863647e+01
 1.56117798e+01
 1.68336426e+01
 2.03323608e+01
 2.09588257e+01
 1.82941528e+01
 1.34218079e+01
 8.01851807e+00
 2.12627563e+00
 2.88790283e+00
 6.54360352e+00
 9.53597412e+00
 1.40785156e+01
 1.97908569e+01
 1.66999756e+01
 2.09748169e+01
 2.05107361e+01
 1.79637085e+01
 1.15187012e+01
 4.99794922e+00
 1.50670776e+00
 3.37374268e+00
 8.42553711e-01
 1.08663879e+01
 1.12583557e+01
 1.57595154e+01
 2.13234497e+01
 2.31230103e+01
 2.28707214e+01
 1.74809509e+01
 1.48563171e+01
 8.15096436e+00
 -4.04418945e-02
 3.20086060e+00
 7.51659546e+00
 9.34096680e+00
 1.64957825e+01
 1.67789551e+01
 1.93589111e+01
 2.19128052e+01
 2.21506592e+01
 1.73054443e+01
 1.36114746e+01
 8.70272217e+00
 -4.13257446e+00
 2.13079224e+00
 2.41515503e+00
 9.18609009e+00
 1.09304749e+01
 1.70775696e+01
 1.84096619e+01
 2.26996094e+01
 2.13355042e+01
 1.79389893e+01
 1.23830505e+01
 7.20061646e+00
 4.81875000e+00
 1.34520874e+00
 2.32888184e+00
 7.56600342e+00
 1.39957214e+01
 1.83617798e+01
 2.10370422e+01
 2.37424255e+01
 2.21858765e+01
 1.85408569e+01
 1.15285278e+01
 1.04943787e+01
 6.96883545e+00
 3.02913818e+00
 6.04024658e+00
 1.22805725e+01
 1.37665344e+01
 1.67939392e+01
 1.96994568e+01
 2.42599731e+01
 2.18255554e+01
 1.56904236e+01
 1.22222839e+01
 8.81279907e+00
 8.48265991e+00
 5.16991577e+00
 9.32973633e+00
 8.30840454e+00
 1.30748535e+01
 1.70818420e+01
 1.67038818e+01
 2.19056030e+01
 2.19028564e+01
 1.87866455e+01
 1.55287720e+01
 5.86678467e+00
 4.85180054e+00
 -4.02783813e+00
 1.67504883e-01
 9.18682251e+00
 1.63815857e+01
 1.62529846e+01
 1.86733032e+01
 2.19653870e+01
 1.99872375e+01
 1.57107483e+01
 1.18409058e+01
 5.25441895e+00
 3.88439331e+00
 2.37288818e+00
 4.28356323e+00
 9.34676514e+00
 1.37794739e+01
 1.64307495e+01
 2.12968689e+01
 2.34350220e+01
 2.35679565e+01
 1.99574524e+01
 1.22844177e+01
 6.76397095e+00
 6.43593750e+00
 4.91973267e+00
 6.01381836e+00
 1.18428284e+01
 1.54334045e+01
 1.78640686e+01
 1.94354492e+01
 2.33979431e+01
 2.15410706e+01
 1.69743896e+01
 1.48665405e+01
 3.72402344e+00
 6.59996948e+00
 7.52095947e+00
 4.66753540e+00
 1.03667236e+01
 1.32954651e+01
 1.85038696e+01
 1.89444519e+01
 2.06588989e+01
 2.21365601e+01
 1.76998535e+01
 1.34746643e+01
 6.94075928e+00
 6.12789307e+00
 2.98168335e+00
 2.82332764e+00
 8.56649170e+00
 1.44469849e+01
 1.87552429e+01
 1.94502808e+01
 2.27744385e+01
 2.14924561e+01
 1.60282837e+01
 1.19925476e+01
 9.46737061e+00
 7.41509399e+00
