 1.17986450e+00
 1.76128540e+00
 8.04931030e+00
 1.06851746e+01
 1.59101196e+01
 1.79002319e+01
 2.00643250e+01
 1.94652649e+01
 1.67258545e+01
 1.36333557e+01
 5.41692505e+00
 1.58229980e+00
 -1.45725098e+00
 7.78518066e+00
 6.04061279e+00
 1.12072388e+01
 1.49511047e+01
 2.02615601e+01
 2.35450684e+01
 2.16925598e+01
 1.64906250e+01
 1.10582825e+01
 6.38671265e+00
 4.41484985e+00
 1.02611694e+00
 1.23925171e+00
 6.86257324e+00
 1.14832703e+01
 1.65492188e+01
 1.82543274e+01
 1.88286377e+01
 1.95899597e+01
 1.78867432e+01
 1.29154297e+01
 1.04298645e+01
 3.49974976e+00
 -3.08740845e+00
 3.41906128e+00
 4.83452759e+00
 1.18288513e+01
 1.57443787e+01
 1.70989014e+01
 2.06523376e+01
 2.12395264e+01
 1.81888062e+01
 1.22693420e+01
 6.95382080e+00
 2.86989746e+00
 2.09468994e+00
 -9.28344727e-03
 7.58049927e+00
 1.32203003e+01
 1.76453796e+01
 1.99302612e+01
 2.16820007e+01
 2.20010620e+01
 1.91974121e+01
 1.03697449e+01
 3.13149414e+00
 4.60918579e+00
 4.60115967e+00
 4.01544189e-01
 7.72408447e+00
 1.10124451e+01
 1.73467346e+01
 2.21661011e+01
 2.51648193e+01
 2.28439270e+01
 1.85681091e+01
 1.47447754e+01
 5.71669922e+00
 1.44243774e+00
 1.61892090e+00
 6.45717773e+00
 6.26333008e+00
 1.06733337e+01
 1.56109253e+01
 2.01450134e+01
 2.16420532e+01
 2.05949951e+01
 1.89773804e+01
 1.07275024e+01
 6.22741089e+00
 -2.63608398e+00
 -1.80975952e+00
 5.56270752e+00
 8.75692139e+00
 1.31299683e+01
 1.65426880e+01
 2.05457092e+01
 2.23888489e+01
 2.25609070e+01
 1.84333130e+01
 1.43194214e+01
 7.44539795e+00
 7.85943604e-01
 -6.33581543e-01
 5.59197998e-01
 9.09880981e+00
 1.21539856e+01
 1.62608582e+01
 1.92181641e+01
 2.26910034e+01
 2.34016357e+01
 2.03041626e+01
 1.37383057e+01
 5.86113892e+00
 3.17208252e+00
 2.27312622e+00
 -6.98980713e-01
 5.59026489e+00
 9.37868652e+00
 1.46775452e+01
 1.87757813e+01
 2.14235168e+01
 2.29096619e+01
 1.71733643e+01
 9.43627319e+00
 9.21788940e+00
 1.70220337e+00
 -2.94180908e+00
 4.89235840e+00
 6.51122437e+00
 1.13203369e+01
 1.56826111e+01
 2.11285339e+01
 2.43119141e+01
 2.24044128e+01
 1.71629272e+01
 1.31021973e+01
 7.60097656e+00
 4.96914063e+00
 4.71016846e+00
 1.23088989e+00
 4.67690430e+00
 9.36882935e+00
 1.71684204e+01
 1.75869690e+01
 2.07974792e+01
 1.91980225e+01
 1.74050232e+01
 1.25550476e+01
 5.99501953e+00
 -3.55566406e-01
 -5.49112549e+00
 4.95874023e-01
 6.91158447e+00
 1.35156494e+01
 1.34450317e+01
 1.69732300e+01
 1.72996765e+01
 1.94390198e+01
 1.41730286e+01
 9.55297241e+00
 5.76802979e+00
 1.01036987e+00
 1.43779907e+00
 2.71523438e+00
 8.73101196e+00
 1.40331055e+01
 1.50276733e+01
 2.15682617e+01
 2.46017395e+01
 2.34902588e+01
 1.78743225e+01
 1.31340271e+01
 2.53093872e+00
 9.67736816e-01
 -2.62802734e+00
 6.54033813e+00
 9.65526733e+00
 1.24174744e+01
 1.58783203e+01
 2.16581360e+01
 2.09561707e+01
 2.48215881e+01
 2.07207581e+01
 1.46911255e+01
 1.02424255e+01
 1.41216431e+00
 2.92809448e+00
 4.35253296e+00
 1.20030762e+01
 1.13461548e+01
 1.59254395e+01
 1.89339844e+01
 1.99060608e+01
 1.98246704e+01
 1.77533203e+01
 1.55017639e+01
 7.69283447e+00
 3.90771484e-01
 5.78576660e-01
 1.06200562e+00
 6.60555420e+00
 1.25272156e+01
 1.76713501e+01
 1.94110046e+01
 2.20595337e+01
 2.03858887e+01
 1.91328064e+01
 1.14645020e+01
 7.45278320e+00
 2.08516846e+00
 1.96685181e+00
 3.76827393e+00
 7.95791016e+00
 1.15237061e+01
 1.65950562e+01
 1.93463989e+01
 2.02924438e+01
 2.05043274e+01
 1.70093933e+01
 1.22337891e+01
 4.96508179e+00
 5.57503662e+00
 7.09191895e-01
 6.18856201e+00
 8.11712036e+00
 1.24893127e+01
 1.75548340e+01
 1.91595703e+01
 2.43768860e+01
 2.32693420e+01
 2.16953979e+01
 1.45322510e+01
 9.39837036e+00
 7.35216675e+00
 2.82970581e+00
 7.51729736e+00
 8.05962524e+00
 1.29333740e+01
 1.57530457e+01
 1.86509644e+01
 2.15752197e+01
 2.39096924e+01
 1.78012329e+01
 1.18568054e+01
 7.61025391e+00
 1.01091919e+00
 -1.93555298e+00
 6.64514160e-01
 2.85338745e+00
 1.19495789e+01
 1.48408447e+01
 1.97251526e+01
 2.28502747e+01
 2.25228516e+01
 1.89331604e+01
 1.19442078e+01
 2.29302368e+00
 -5.85668945e-01
 -2.82141113e-01
 -8.13909912e-01
 1.04474121e+01
 1.07935120e+01
 1.52186523e+01
 2.14436890e+01
 2.26795898e+01
 2.28918091e+01
 1.71442200e+01
 1.27643677e+01
 5.65993652e+00
 1.32042847e+00
 -6.15640869e+00
 2.40172729e+00
 1.09077087e+01
 1.02826782e+01
 1.70067078e+01
 1.99611450e+01
 1.98332764e+01
 2.06467224e+01
 1.56080872e+01
 9.49456177e+00
 8.16997681e+00
 2.25734863e+00
 1.98330078e+00
 -1.94620361e+00
 1.67989502e+00
 1.20693298e+01
 1.79379211e+01
 2.16722351e+01
 2.19292542e+01
 2.39193054e+01
 1.77100159e+01
 9.90996704e+00
 7.52193604e+00
 4.67864380e+00
 4.60820923e+00
 6.00591431e+00
 6.31179199e+00
 9.78887329e+00
 1.52053772e+01
 1.84037415e+01
 2.22130676e+01
 2.07950073e+01
 1.59056030e+01
 1.20397888e+01
 4.60201416e+00
 3.49428711e+00
 5.59411011e+00
 1.86770020e+00
 7.76607666e+00
 1.27651306e+01
 1.60072266e+01
 1.81950623e+01
 2.24612671e+01
 2.16548706e+01
 1.74292236e+01
 9.46645508e+00
 8.14171753e+00
 -1.36398926e+00
 2.41693115e-01
 -1.05570068e+00
 8.31765137e+00
 1.13101746e+01
 1.67547546e+01
 1.92452637e+01
 2.00984131e+01
 2.08085266e+01
 1.54540649e+01
 1.06944519e+01
 7.16869507e+00
 -2.50769043e-01
 1.63060913e+00
 3.12600098e+00
 7.14751587e+00
 9.73696289e+00
 1.54542786e+01
 1.88301941e+01
 2.22685791e+01
 2.15597473e+01
 1.79445435e+01
 1.39103027e+01
 7.43798218e+00
 8.39807129e-01
 1.31997070e+00
 1.59380493e+00
 4.24471436e+00
 1.13532654e+01
 1.78697754e+01
 2.17724854e+01
 2.45694214e+01
 2.12296387e+01
 1.90587708e+01
 1.23548218e+01
 6.83861694e+00
 2.06154785e+00
 7.09741211e-01
 8.54873047e+00
 9.13808594e+00
 1.12645508e+01
 1.62616211e+01
 2.09667908e+01
 2.24072510e+01
 1.95777527e+01
 1.72447449e+01
 1.54102112e+01
 4.13585815e+00
 7.29455566e-01
 2.90291748e+00
 4.72161865e-01
 1.07790466e+01
 1.17185303e+01
 1.70530640e+01
 1.83331543e+01
 2.09003235e+01
 1.98586365e+01
 1.74625793e+01
 1.06801086e+01
 6.64913330e+00
 5.34981689e+00
 8.17163086e-01
 9.56661377e+00
 1.14984070e+01
 1.65807434e+01
 1.62148071e+01
 2.22431580e+01
 2.51439758e+01
 2.39343201e+01
 1.64028870e+01
 1.38880554e+01
 4.73226318e+00
 3.80846558e+00
 2.55141602e+00
 1.71257935e+00
 8.88198242e+00
 1.39660278e+01
 1.66605164e+01
 1.86940247e+01
 2.23136841e+01
 2.06780334e+01
 1.96532837e+01
 1.66303955e+01
 9.72164307e+00
 1.26433716e+00
 -1.17987061e-01
 6.88384399e+00
 7.48034058e+00
 1.30154968e+01
 1.54020325e+01
 2.33787170e+01
 2.04117065e+01
 1.88118530e+01
 1.79991394e+01
 1.09774109e+01
 6.53167114e+00
 1.52779541e+00
 2.49230957e-01
 2.32021484e+00
 7.82857666e+00
 1.24675232e+01
 1.78788391e+01
 1.99287964e+01
 2.19065186e+01
 2.60694824e+01
 1.90355469e+01
 1.27904907e+01
 6.53389893e+00
 4.12981567e+00
 4.76012573e+00
 2.00347290e+00
 7.64071045e+00
 1.10408875e+01
 1.60542236e+01
 1.82190796e+01
 2.37190186e+01
 2.14551025e+01
 2.00194641e+01
 1.36717773e+01
 5.96813354e+00
 -3.07105103e+00
 1.79256592e+00
 4.66750488e+00
 7.22683105e+00
 1.16899048e+01
 1.34698425e+01
 2.05930420e+01
 2.06482788e+01
 2.10506531e+01
 1.86595093e+01
 1.32064148e+01
 4.37566528e+00
 9.60839844e-01
 3.68654785e+00
 2.39898071e+00
 5.99392090e+00
 1.37970825e+01
 1.69639526e+01
 2.12046448e+01
 2.18454224e+01
 2.02442261e+01
 1.47235352e+01
 1.09022766e+01
 7.26812134e+00
 -4.29632568e-01
 -1.73681641e-01
 1.07122192e+00
 8.73519287e+00
 9.72283325e+00
 1.67571960e+01
 1.93433472e+01
 2.17183777e+01
 1.88579651e+01
 1.49081970e+01
 1.33714233e+01
 7.17449341e+00
 2.21917114e+00
 1.69948730e+00
 1.93633423e+00
 6.30816040e+00
 1.25578552e+01
 1.76033569e+01
 2.25772339e+01
 2.19395386e+01
 2.15539795e+01
 1.73350464e+01
 1.11012207e+01
 8.84041748e+00
 7.34552002e-01
 2.26007080e-01
 4.48977051e+00
 8.91182861e+00
 1.24397827e+01
 1.70119873e+01
 2.24235474e+01
 2.37033936e+01
 2.37945496e+01
 1.83201843e+01
 1.29653564e+01
 7.51897583e+00
 1.66796265e+00
 2.32659912e-01
 3.11223755e+00
 7.04940186e+00
 7.82787476e+00
 1.43515259e+01
 2.24405457e+01
 2.26151978e+01
 2.21068359e+01
 1.94628845e+01
 1.23789917e+01
 6.97826538e+00
 4.87645874e+00
 2.44854126e+00
 5.14486084e+00
 7.76735840e+00
 1.20726257e+01
 1.94378296e+01
 2.09886414e+01
 2.01670166e+01
 2.16385132e+01
 1.77144714e+01
 1.20256897e+01
 7.99755249e+00
 4.81185303e+00
 5.02987061e+00
 -7.97766113e-01
 8.11519775e+00
 1.30997253e+01
 1.68559204e+01
 2.11584106e+01
 2.37006775e+01
 2.35991760e+01
 1.82559143e+01
 1.32128845e+01
 8.07906494e+00
 5.60918579e+00
 4.79750977e+00
 5.85021362e+00
 1.08187500e+01
 1.32065674e+01
 1.65854736e+01
 2.19941040e+01
 2.46881042e+01
 2.51666504e+01
 1.77665649e+01
 1.30302979e+01
 6.62053833e+00
 4.58730469e+00
 6.03182373e+00
 5.78969727e+00
 1.13584534e+01
 1.41887146e+01
 1.94218384e+01
 2.07906128e+01
 2.15605713e+01
 2.22322327e+01
 1.59280334e+01
 1.29558960e+01
 8.93050537e+00
 3.05626831e+00
 4.90682373e+00
 4.83419189e+00
 6.87188110e+00
 1.13711792e+01
 1.71753174e+01
 1.90317627e+01
 2.12915283e+01
 2.18673035e+01
 1.82630249e+01
 1.22107483e+01
 7.03676758e+00
 3.65737305e+00
 4.69408569e+00
 6.39379272e+00
 8.54976807e+00
 1.22848450e+01
 1.41750427e+01
 1.83958984e+01
 2.15223022e+01
 1.92869812e+01
 1.79677368e+01
 1.11147095e+01
 7.46883545e+00
 -1.49328613e-01
 2.42589722e+00
 1.21517334e+00
 6.74569092e+00
 1.17971436e+01
 1.60962463e+01
 2.22459961e+01
 2.18732239e+01
 2.09328552e+01
 1.56512695e+01
 1.44064880e+01
 8.25539551e+00
 2.49572754e-02
 1.86522827e+00
 5.53493652e+00
 1.04000183e+01
 1.38553101e+01
 2.06028381e+01
 2.41395203e+01
 2.45515076e+01
 2.31345154e+01
 2.05520569e+01
 1.31484009e+01
 -6.46337891e-01
 -1.09757080e+00
 2.51204834e+00
 4.51952515e+00
 7.88698730e+00
 1.29610840e+01
 1.82052246e+01
 2.27118469e+01
 2.27246338e+01
 2.27127319e+01
 1.64240967e+01
 1.07283875e+01
 6.09954224e+00
 5.28637085e+00
 2.95812378e+00
 1.87706909e+00
 9.79281006e+00
 1.38572632e+01
 1.83955017e+01
 2.09922119e+01
 2.16140686e+01
 1.91808716e+01
 1.71415039e+01
 1.23721252e+01
 6.60711060e+00
 1.14282227e-01
 6.42864380e+00
 6.94817505e+00
 8.81057129e+00
 8.41393433e+00
 1.65154053e+01
 1.89992004e+01
 2.06299988e+01
 1.93693176e+01
 1.87092224e+01
 1.13131348e+01
 7.57564697e+00
 1.90184937e+00
 4.45153198e+00
 5.78878174e+00
 1.08131348e+01
 1.32369629e+01
 1.74844299e+01
 1.97554871e+01
 2.06886230e+01
 2.09008423e+01
 1.96025330e+01
 1.25638672e+01
 4.45107422e+00
 -5.53442383e-01
 1.12655029e+00
 9.94951782e+00
 6.65120850e+00
 1.06772095e+01
 1.80952087e+01
 2.09515625e+01
 2.59236694e+01
 2.15073181e+01
 1.78848206e+01
 1.63753601e+01
 2.86739502e+00
 5.80782471e+00
 7.54266357e-01
 4.49505005e+00
 1.10664917e+01
 1.47857300e+01
 1.56804138e+01
 2.06066833e+01
 2.28146301e+01
 2.08807007e+01
 1.76645142e+01
 1.41752563e+01
 8.44042358e+00
 5.50386963e+00
 4.37053833e+00
 -2.02768555e+00
 8.75643311e+00
 1.29451233e+01
 1.72408997e+01
 1.99062439e+01
 2.54600464e+01
 2.13553711e+01
 1.82207275e+01
 8.92159424e+00
 7.09057007e+00
 2.94716797e+00
 2.33239136e+00
 3.60033569e+00
 1.22139832e+01
 1.25719849e+01
 1.94067017e+01
 2.09128967e+01
 2.50118958e+01
 2.65304199e+01
 1.83957458e+01
 1.46296326e+01
 8.30422363e+00
 6.43993530e+00
 2.55245361e+00
 3.95412598e+00
 6.48711548e+00
 1.42666260e+01
 1.88522278e+01
 2.18430725e+01
 2.48522278e+01
 2.47858215e+01
 1.93825012e+01
 1.37299744e+01
 1.04717651e+01
 5.55724487e+00
 1.25884399e+00
 8.70867310e+00
 9.03289185e+00
 1.05670105e+01
 1.66251465e+01
 2.20512329e+01
 2.24497925e+01
 2.34351746e+01
 1.90104919e+01
 1.33812195e+01
 8.69335327e+00
 2.96029053e+00
 3.37807617e+00
 3.68172607e+00
 8.36748657e+00
 1.56094299e+01
 1.50008179e+01
 2.05112854e+01
 2.49429871e+01
 2.25373779e+01
 1.82562805e+01
 1.26151367e+01
 9.25234375e+00
 2.00921021e+00
 8.75054932e-01
 3.56777344e+00
 8.62618408e+00
 1.43637634e+01
 1.57851501e+01
 2.17622009e+01
 2.13947998e+01
 1.95129028e+01
 1.74678284e+01
 1.43079468e+01
 1.13522888e+01
 7.31014404e+00
 2.94036255e+00
 3.37301025e+00
 9.65102539e+00
 1.12158447e+01
 1.71222778e+01
 1.83732544e+01
 2.37222229e+01
 2.04994141e+01
 2.09905334e+01
 1.08277222e+01
 1.06470581e+01
 5.97185669e+00
 9.76953125e-01
 6.88060913e+00
 8.18975220e+00
 1.20343262e+01
 1.58538452e+01
 1.71699158e+01
 2.20939270e+01
 2.36596619e+01
 2.06234375e+01
 1.22387024e+01
 9.47396240e+00
 -6.16918945e-01
 3.35012207e+00
 6.54891357e+00
 6.90206299e+00
 8.87587891e+00
 1.57594543e+01
 2.15327087e+01
 2.33695923e+01
 2.25069519e+01
 1.97723938e+01
 1.64286133e+01
 7.96761475e+00
 2.88027344e+00
 3.24675903e+00
 5.07534180e+00
 1.04359680e+01
 1.01501404e+01
 1.82424561e+01
 1.95684448e+01
 2.20437256e+01
 2.39623657e+01
 1.90690857e+01
 1.20258118e+01
 6.32451782e+00
 9.10460815e+00
 3.76436768e+00
 5.65035400e+00
 7.61113892e+00
 1.42709290e+01
 1.61597839e+01
 2.29642273e+01
 2.55284973e+01
 2.26028992e+01
 2.04889160e+01
 1.37800537e+01
 6.66823730e+00
 5.09185181e+00
 3.22170410e+00
 6.77810059e+00
 9.47979126e+00
 1.26725098e+01
 1.56287781e+01
 1.92318054e+01
 2.47112061e+01
 2.19456421e+01
 1.68424927e+01
 1.31992432e+01
 4.61940918e+00
 3.21596680e+00
 4.48037109e+00
 7.76799927e+00
 1.11032043e+01
 1.32110535e+01
 1.72141663e+01
 2.12153259e+01
 2.64027649e+01
 2.07759949e+01
 1.54870544e+01
 1.61767822e+01
 7.41515503e+00
 3.75017700e+00
 4.30764160e+00
 4.96755371e+00
 8.70409546e+00
 1.22563110e+01
 1.68007751e+01
 2.18762451e+01
 2.34512573e+01
 2.21812683e+01
 1.96455322e+01
 1.53552490e+01
 7.89202271e+00
 3.39165649e+00
 3.36159668e+00
 2.01406250e+00
 8.38369141e+00
 1.13210083e+01
 1.66481567e+01
 2.13238770e+01
 2.22535034e+01
 2.06543213e+01
 1.65609985e+01
 1.47778259e+01
 8.88262329e+00
 7.91356812e+00
 6.43383179e+00
 3.98870239e+00
 1.02235352e+01
 1.32610413e+01
 1.58725525e+01
 1.75169617e+01
 2.25221497e+01
 2.01824585e+01
 1.74529663e+01
 1.33105713e+01
 7.11486206e+00
 7.55156860e+00
 2.99974976e+00
 6.89949951e+00
 9.00939331e+00
 1.31839844e+01
 1.51498962e+01
 2.19459167e+01
 2.24716431e+01
 2.44305969e+01
 1.63715454e+01
 1.13605286e+01
 8.22954712e+00
 3.08007202e+00
 1.44189453e-01
 4.38530884e+00
 6.67778931e+00
 1.39905945e+01
 1.91476685e+01
 2.05046326e+01
 2.37310120e+01
 2.10032593e+01
 1.74540344e+01
 1.53873230e+01
 6.77163086e+00
 4.64364014e+00
 3.14769897e+00
 5.72817383e+00
 1.09273010e+01
 1.53771912e+01
 1.55364014e+01
 2.06119019e+01
 2.08024536e+01
 2.30484558e+01
 1.87168823e+01
 1.47468811e+01
 8.17012939e+00
 3.48436890e+00
 -1.20062866e+00
 4.20488892e+00
 8.21404419e+00
 1.12607361e+01
 1.97056519e+01
 2.17735535e+01
 2.27267395e+01
 2.19266296e+01
 1.93327271e+01
 1.19277893e+01
 6.77785645e+00
 1.79735718e+00
 3.56588135e+00
 5.34316406e+00
 8.78176270e+00
 1.27014099e+01
 1.58398071e+01
 1.90299316e+01
 2.12021423e+01
 2.17290588e+01
 1.79386536e+01
 1.50305115e+01
 9.41570435e+00
 4.79082642e+00
 5.60366211e+00
 5.51961670e+00
 7.53899536e+00
 1.36656738e+01
 1.59864746e+01
 2.15849854e+01
 2.48783508e+01
 2.08641602e+01
 1.94179932e+01
 1.38697754e+01
 7.77190552e+00
 2.94234619e+00
 2.16302490e-01
 5.26232300e+00
 7.64666138e+00
 1.27421814e+01
 1.64786926e+01
 2.32898804e+01
 2.61249634e+01
 2.31234985e+01
 1.72905212e+01
 1.13407532e+01
 6.87902222e+00
 3.49031982e+00
 7.86962280e+00
 8.60491333e+00
 1.03807007e+01
 1.31136414e+01
 1.64447266e+01
 2.20446716e+01
 2.16027161e+01
 1.91767517e+01
 1.87735535e+01
 1.23969971e+01
 9.39284668e+00
 4.93914185e+00
 1.30068359e+00
 5.02358398e+00
 9.88726196e+00
 1.59351135e+01
 1.78090149e+01
 2.17508789e+01
 2.49286743e+01
 2.41723877e+01
 2.06696716e+01
 1.43331848e+01
 9.91134033e+00
 4.24224243e+00
 6.35614014e-01
 1.88494263e+00
 7.68578491e+00
 1.24158264e+01
 1.64155823e+01
 2.28372131e+01
 2.24032532e+01
 2.16230713e+01
 1.78942200e+01
 1.09663025e+01
 5.41787109e+00
 5.48693237e+00
 5.25954590e+00
 8.23146973e+00
 9.49071655e+00
 1.52238098e+01
 1.83139893e+01
 2.32174927e+01
 2.58496338e+01
 2.36901794e+01
 1.69417358e+01
 1.69902283e+01
 7.01595459e+00
 5.28304443e+00
 2.27523193e+00
 8.76287231e+00
 8.84038696e+00
 1.32412659e+01
 1.64939819e+01
 2.05986572e+01
 2.41906677e+01
 2.32462402e+01
 2.12150513e+01
 1.39799744e+01
 1.04326111e+01
 3.39193115e+00
 1.21599731e+00
 2.47896729e+00
 9.09404907e+00
 1.23637634e+01
 1.62392517e+01
 1.90436951e+01
 2.30927368e+01
 2.38527161e+01
 2.05230347e+01
 1.17199951e+01
 8.84145508e+00
 7.42626343e+00
 6.25121460e+00
 6.21373901e+00
 9.91317139e+00
 1.12628113e+01
 1.57406860e+01
 2.04655396e+01
 2.44597717e+01
 2.23806091e+01
 1.84695679e+01
 1.38410278e+01
 9.07381592e+00
 5.82918701e+00
 2.35839233e+00
 5.85671387e+00
 9.86577759e+00
 1.40953308e+01
 1.76242920e+01
 1.99469543e+01
 2.36171204e+01
 2.00822998e+01
 1.84104248e+01
 1.36686035e+01
 1.04794861e+01
 8.01067505e+00
 3.20430908e+00
 8.19906006e+00
 1.28869263e+01
 1.47633606e+01
 2.00498901e+01
 2.28200623e+01
 2.55703369e+01
 2.42480408e+01
 1.80469910e+01
 1.64976440e+01
 8.93868408e+00
 4.03740845e+00
 4.91753540e+00
 -3.18793335e+00
 6.44231567e+00
 1.39804932e+01
 1.77664734e+01
 2.26756226e+01
 2.37609192e+01
 2.37452332e+01
 1.90256897e+01
 1.53320251e+01
 7.24743042e+00
 3.26864014e+00
 1.81304321e+00
 6.45739136e+00
 8.46511230e+00
 1.12887207e+01
 1.83330322e+01
 2.25180298e+01
 2.44766174e+01
 2.30010620e+01
 1.68650146e+01
 1.37640930e+01
 9.64095459e+00
 4.20165405e+00
 4.52587280e+00
 7.43999634e+00
 5.60823975e+00
 1.21012817e+01
 1.55096985e+01
 2.02846924e+01
 2.21359192e+01
 2.11971069e+01
 1.75913635e+01
 1.40976501e+01
 4.65401611e+00
 8.06542358e+00
 8.53405151e+00
 5.25585327e+00
 9.98351440e+00
 1.24278198e+01
 1.70481506e+01
 2.31078125e+01
 2.52869812e+01
 2.59435974e+01
 1.98947998e+01
 1.80145203e+01
 1.25587708e+01
 6.07994995e+00
 2.66613159e+00
 7.78267822e+00
 1.07705322e+01
 1.50629211e+01
 1.46976257e+01
 1.93708740e+01
 2.21125732e+01
 2.32137390e+01
 1.91731506e+01
 1.27320496e+01
 4.34377441e+00
 1.95394287e+00
 2.11651001e+00
 7.47997437e+00
 7.15468750e+00
 1.05620972e+01
 1.78948914e+01
 2.45538574e+01
 2.54842163e+01
 2.55608154e+01
 2.29877563e+01
 1.68088013e+01
 7.62090454e+00
 3.00500488e-01
 1.22442017e+00
 8.19313965e+00
 8.24749146e+00
 1.47477051e+01
 1.93260132e+01
 2.44796692e+01
 2.57761169e+01
 2.43176208e+01
 2.35071655e+01
 1.55156189e+01
 9.55083618e+00
 1.93734131e+00
 2.82183228e+00
 6.32933960e+00
 8.82000122e+00
 1.39848267e+01
 1.55640503e+01
 2.09453064e+01
 2.52003418e+01
 2.18409363e+01
 1.83329407e+01
 1.37717834e+01
 8.81469116e+00
 6.93316040e+00
 1.91390381e+00
 3.82329712e+00
 1.08104797e+01
 1.41438538e+01
 1.67434021e+01
 2.00109497e+01
 2.28444763e+01
 2.31238647e+01
 1.73658386e+01
 1.30937744e+01
 7.98601685e+00
 8.53988037e+00
 9.09624634e+00
 4.55825195e+00
 1.24800964e+01
 1.46726013e+01
 1.85519958e+01
 2.07114197e+01
 2.17526184e+01
 2.34694153e+01
 2.15536743e+01
 1.20123535e+01
 1.00756470e+01
 7.94692383e+00
 3.90633545e+00
 3.66048584e+00
 1.19203430e+01
 1.62735840e+01
 1.92596375e+01
 2.27451721e+01
 2.35576416e+01
 2.22833191e+01
 2.07522522e+01
 1.30396057e+01
 9.23183594e+00
 4.58577881e+00
 7.08220825e+00
 8.74898682e+00
 8.00423584e+00
 1.26429993e+01
 1.76110168e+01
 2.05221191e+01
 2.21989685e+01
 2.16755920e+01
 1.86212402e+01
 1.60867554e+01
 4.98031006e+00
 5.11281738e+00
