 6.07503662e+00
 3.17730103e+00
 1.03284241e+01
 1.18368164e+01
 1.58648315e+01
 2.15396057e+01
 2.28003784e+01
 2.31712891e+01
 1.83481995e+01
 1.31372314e+01
 1.07139832e+01
 5.88118896e+00
 7.81017456e+00
 6.08107910e+00
 7.08312378e+00
 1.16073853e+01
 1.76549011e+01
 2.20413452e+01
 2.37475830e+01
 2.12439514e+01
 1.94927307e+01
 1.29849792e+01
 1.01753174e+01
 5.55852661e+00
 5.02697144e+00
 6.65993652e+00
 7.38796387e+00
 1.32695557e+01
 1.67435852e+01
 2.12518860e+01
 2.24365173e+01
 2.41147705e+01
 1.79783569e+01
 1.21213928e+01
 1.13157593e+01
 6.36544189e+00
 7.02819214e+00
 5.75618896e+00
 9.89074097e+00
 1.15974060e+01
 1.59839111e+01
 2.09575134e+01
 2.40916992e+01
 2.52985779e+01
 2.06310669e+01
 1.52031494e+01
 1.00459839e+01
 8.12682495e+00
 2.48421631e+00
 5.33559570e+00
 7.18255005e+00
 1.15285278e+01
 1.52549683e+01
 2.00540710e+01
 2.60380798e+01
 2.36315247e+01
 1.96731812e+01
 1.30700012e+01
 9.98488770e+00
 7.66607056e+00
 3.19088135e+00
 8.88201294e+00
 8.63619385e+00
 1.28014160e+01
 1.56512390e+01
 1.81482178e+01
 2.28457886e+01
 2.43640686e+01
 1.81366211e+01
 1.34684998e+01
 1.02212158e+01
 9.91521606e+00
 9.28759155e+00
 7.64885864e+00
 1.06595703e+01
 1.07240540e+01
 1.68431335e+01
 2.22291809e+01
 2.45346619e+01
 2.29116455e+01
 1.94495789e+01
 1.42414185e+01
 8.92528687e+00
 8.78484497e+00
 6.14876709e+00
 6.75408325e+00
 8.91124878e+00
 1.33631531e+01
 1.80654541e+01
 2.28759399e+01
 2.48758789e+01
 2.42542664e+01
 1.79933105e+01
 1.37350098e+01
 1.17057129e+01
 8.12273560e+00
 7.90078125e+00
 5.98854980e+00
 8.13521729e+00
 1.18585754e+01
 1.51470276e+01
 2.07765747e+01
 2.52512146e+01
 2.43755432e+01
 1.93884827e+01
 1.55283142e+01
 9.37770996e+00
 7.70623169e+00
 6.78829346e+00
 4.54915771e+00
 8.28243408e+00
 1.20122925e+01
 1.60992371e+01
 2.23021484e+01
 2.68888794e+01
 2.32137085e+01
 1.92815186e+01
 1.53603455e+01
 7.31383667e+00
 5.65804443e+00
 3.40752563e+00
 7.07970581e+00
 8.47295532e+00
 1.24600464e+01
 1.52888428e+01
 2.19704529e+01
 2.61221252e+01
 2.40796143e+01
 1.63058716e+01
 1.25524841e+01
 7.44161377e+00
 8.90340576e+00
 7.53649292e+00
 6.21840820e+00
 8.98699341e+00
 1.28305908e+01
 1.76751953e+01
 1.93392883e+01
 2.30687500e+01
 2.42569824e+01
 1.78833557e+01
 1.36487366e+01
 9.01192627e+00
 6.20903931e+00
 4.04567871e+00
 7.28142700e+00
 9.61446533e+00
 1.20654541e+01
 1.65048157e+01
 1.90219055e+01
 2.56239563e+01
 2.29585815e+01
 1.81385742e+01
 1.34052063e+01
 9.23745117e+00
 6.89483032e+00
 3.08114014e+00
 6.80187378e+00
 8.67119751e+00
 1.05391174e+01
 1.63860107e+01
 2.24720093e+01
 2.49731384e+01
 2.30506226e+01
 1.75997864e+01
 1.28197266e+01
 9.65364990e+00
 7.50597534e+00
 5.12664185e+00
 6.40575562e+00
 8.57457886e+00
 1.10274292e+01
 1.78199402e+01
 2.28057495e+01
 2.59745117e+01
 2.42414490e+01
 1.86985413e+01
 1.50619141e+01
 1.11037231e+01
 7.17122803e+00
 6.13152466e+00
 6.73909912e+00
 8.28566895e+00
 1.17412659e+01
 1.56827332e+01
 2.18782288e+01
 2.62664124e+01
 2.55383545e+01
 1.69665771e+01
 1.59389587e+01
 1.17914368e+01
 6.71700439e+00
 5.27364502e+00
 7.03554688e+00
 8.33837280e+00
 1.12644592e+01
 1.50492493e+01
 2.17435547e+01
 2.53884827e+01
 2.61436096e+01
 1.87832581e+01
 1.30147339e+01
 7.62023315e+00
 7.24434814e+00
 9.19603882e+00
 9.24025879e+00
 1.09288574e+01
 1.43802429e+01
 1.54574829e+01
 2.18591553e+01
 2.46368958e+01
 2.42766357e+01
 1.94177185e+01
 1.34529968e+01
 9.20937500e+00
 4.72252808e+00
 3.99855957e+00
 6.59081421e+00
 7.20702515e+00
 1.12032104e+01
 1.81325317e+01
 2.08721863e+01
 2.46097961e+01
 2.51200806e+01
 1.88234497e+01
 1.46335388e+01
 9.63009033e+00
 7.47847900e+00
 3.21596680e+00
 6.05446777e+00
 6.04088745e+00
 1.13868347e+01
 1.62076965e+01
 2.34733826e+01
 2.45891357e+01
 2.29535156e+01
 1.72485596e+01
 1.43446594e+01
 1.16515442e+01
 7.92089233e+00
 4.99361572e+00
 5.25533447e+00
 7.42015991e+00
 1.11374451e+01
 2.01372925e+01
 2.35026489e+01
 2.66462341e+01
 2.50810181e+01
 1.94046875e+01
 1.56994263e+01
 1.15357300e+01
 1.11985413e+01
 7.04174194e+00
 4.84981689e+00
 8.69069824e+00
 1.46463257e+01
 2.05422913e+01
 2.37879272e+01
 2.80685974e+01
 2.47837769e+01
 1.86514526e+01
 1.36213623e+01
 9.69997559e+00
 8.85881958e+00
 6.57808838e+00
 6.76995239e+00
 9.88518677e+00
 1.26836182e+01
 1.57893005e+01
 2.11320435e+01
 2.41505676e+01
 2.42253052e+01
 1.87604004e+01
 1.35740906e+01
 1.00163513e+01
 7.20015869e+00
 4.63970337e+00
 5.88839111e+00
 9.33400879e+00
 1.06715637e+01
 1.52778870e+01
 1.90885254e+01
 2.56510864e+01
 2.39282471e+01
 2.02838074e+01
 1.51710449e+01
 1.21951233e+01
 6.63356934e+00
 4.30178223e+00
 8.12416992e+00
 8.76186523e+00
 1.13165527e+01
 1.50170532e+01
 2.36306396e+01
 2.52918030e+01
 2.37190491e+01
 1.84323669e+01
 1.32025696e+01
 1.10228821e+01
 6.93920288e+00
 7.60506592e+00
 8.59264526e+00
 8.95614014e+00
 1.21927124e+01
 1.73170410e+01
 2.38323608e+01
 2.66020447e+01
 2.48411804e+01
 2.05405518e+01
 1.28238770e+01
 9.65755615e+00
 8.39318237e+00
 6.76076660e+00
 8.65255127e+00
 9.49236450e+00
 1.22657410e+01
 1.57524658e+01
 2.29123169e+01
 2.71966492e+01
 2.86155945e+01
 2.08919922e+01
 1.58401123e+01
 1.06834656e+01
 6.65438232e+00
 2.64623413e+00
 6.88826904e+00
 9.66625366e+00
 1.30325867e+01
 1.65270935e+01
 2.20844055e+01
 2.42210022e+01
 2.15831238e+01
 1.74877563e+01
 1.44024597e+01
 9.03948364e+00
 7.90798340e+00
 7.21715698e+00
 5.91924438e+00
 8.71071777e+00
 1.21464478e+01
 1.58365112e+01
 2.18589417e+01
 2.41034180e+01
 2.37176453e+01
 1.82391296e+01
 1.32680603e+01
 1.17517944e+01
 7.34340820e+00
 5.62450562e+00
 5.64718018e+00
 8.82692871e+00
 1.12861267e+01
 1.55342346e+01
 2.35441223e+01
 2.60401245e+01
 2.52333313e+01
 1.94936157e+01
 1.31871582e+01
 9.68535767e+00
 6.28524170e+00
 6.07793579e+00
 9.28438721e+00
 9.67382202e+00
 1.27709900e+01
 1.70751587e+01
 2.12444702e+01
 2.20648438e+01
 2.30579163e+01
 1.82786499e+01
 1.34641357e+01
 8.34136353e+00
 7.16158447e+00
 8.42800293e+00
 7.99315796e+00
 1.03118530e+01
 1.19923340e+01
 1.22473999e+01
 2.13787781e+01
 2.46810852e+01
 2.31781555e+01
 1.90037170e+01
 1.50718628e+01
 1.10406738e+01
 7.33510742e+00
 4.59441528e+00
 1.02128540e+01
 9.26690063e+00
 1.05508057e+01
 1.57654358e+01
 2.28224731e+01
 2.41397034e+01
 2.43850037e+01
 1.87680603e+01
 1.48161865e+01
 1.10127502e+01
 5.77590332e+00
 3.18666992e+00
 4.78936157e+00
 1.12774902e+01
 1.19041077e+01
 1.62549377e+01
 1.91442505e+01
 2.56303955e+01
 2.41923462e+01
 2.18114563e+01
 1.47509399e+01
 1.09322449e+01
 9.00243530e+00
 9.62581787e+00
 1.11090942e+01
 8.35460815e+00
 1.24831787e+01
 1.80546509e+01
 2.03152710e+01
 2.45369507e+01
 2.27665955e+01
 1.96439758e+01
 1.59467102e+01
 9.89974365e+00
 9.02343140e+00
 7.25759277e+00
 7.48800049e+00
 9.63063965e+00
 1.21717773e+01
 1.83296143e+01
 1.93601624e+01
 2.34796997e+01
 2.34779602e+01
 2.07481323e+01
 1.39048706e+01
 9.06652222e+00
 7.46306763e+00
 5.59987793e+00
 5.10354004e+00
 9.01442871e+00
 1.24752747e+01
 1.62293945e+01
 2.22904907e+01
 2.58627563e+01
 2.50930420e+01
 1.97337891e+01
 1.50835510e+01
 1.06670471e+01
 9.56835327e+00
 6.47384033e+00
 6.86327515e+00
 7.58287964e+00
 1.30030762e+01
 1.46810852e+01
 2.20050903e+01
 2.54458252e+01
 2.73381592e+01
 2.14242188e+01
 1.52055908e+01
 1.03463684e+01
 9.02419434e+00
 8.19381104e+00
 7.24602661e+00
 8.36181030e+00
 1.06240173e+01
 1.74517151e+01
 1.87257935e+01
 2.48810364e+01
 2.37024170e+01
 2.05514465e+01
 1.48843628e+01
 1.04370056e+01
 7.45900879e+00
 6.72225342e+00
 7.31292114e+00
 8.70571289e+00
 1.17482239e+01
 1.73813416e+01
 2.45402161e+01
 2.47698914e+01
 2.61156860e+01
 1.82839294e+01
 1.37268311e+01
 1.05833984e+01
 9.61635742e+00
 3.87426147e+00
 7.14290771e+00
 8.92727051e+00
 1.05163513e+01
 1.72903992e+01
 2.35707642e+01
 2.57877441e+01
 2.43785950e+01
 2.00630737e+01
 1.49901672e+01
 9.80922852e+00
 8.35662231e+00
 6.31777344e+00
 7.22603760e+00
 8.96352539e+00
 1.03754517e+01
 1.78369385e+01
 2.46176392e+01
 2.64076477e+01
 2.58432556e+01
 2.00239197e+01
 1.43099609e+01
 1.19323059e+01
 9.56768188e+00
 8.70815430e+00
 6.66799316e+00
 1.03660217e+01
 1.18702637e+01
 1.81783081e+01
 2.38253723e+01
 2.64561707e+01
 2.51290833e+01
 1.96099792e+01
 1.59337097e+01
 1.21119629e+01
 8.69963989e+00
 8.66027222e+00
 8.15935669e+00
 7.41130981e+00
 9.78145752e+00
 1.43726135e+01
 1.92076050e+01
 2.31758972e+01
 2.31628052e+01
 1.63096863e+01
 1.46576477e+01
 1.38764893e+01
 8.86953125e+00
 7.93090210e+00
 7.00808105e+00
 1.17719666e+01
 9.30797729e+00
 1.66618591e+01
 2.48515564e+01
 2.81761108e+01
 2.71217896e+01
 1.80678040e+01
 1.50501343e+01
 1.06682068e+01
 5.70818481e+00
 8.22033081e+00
 9.42269287e+00
 9.52980957e+00
 1.20880676e+01
 1.80117737e+01
 2.50235840e+01
 2.83832031e+01
 2.36656738e+01
 1.95621887e+01
 1.28107544e+01
 1.14908997e+01
 9.14141235e+00
 7.31350098e+00
 7.45232544e+00
 6.95400391e+00
 1.24931580e+01
 1.67401062e+01
 2.39442688e+01
 2.72137390e+01
 2.57313477e+01
 1.75105225e+01
 1.38772827e+01
 1.10378357e+01
 8.42785034e+00
 5.03676758e+00
 5.02199707e+00
 7.44970093e+00
 1.33329712e+01
 1.70659119e+01
 2.43600708e+01
 2.64231201e+01
 2.55271545e+01
 2.07144104e+01
 1.50051514e+01
 7.63579712e+00
 6.51781616e+00
 6.20415649e+00
 8.99019775e+00
 8.43291626e+00
 1.35096680e+01
 1.65480896e+01
 2.43903137e+01
 2.37457214e+01
 2.46716553e+01
 1.86252075e+01
 1.28812805e+01
 1.20953308e+01
 7.71889648e+00
 7.22246704e+00
 8.50982056e+00
 8.27883301e+00
 1.09532715e+01
 1.51122986e+01
 2.15050598e+01
 2.51922852e+01
 2.42705627e+01
 2.08694397e+01
 1.24158875e+01
 1.21630798e+01
 9.60885010e+00
 5.86266479e+00
 6.97124634e+00
 1.01349121e+01
 1.10800110e+01
 1.57784058e+01
 2.24918762e+01
 2.49177490e+01
 2.41347900e+01
 1.85791565e+01
 1.20701233e+01
 8.32741699e+00
 9.24288330e+00
 5.02358398e+00
 8.90001831e+00
 1.27824036e+01
 1.18042236e+01
 1.83678833e+01
 2.51476074e+01
 2.67663208e+01
 2.49907166e+01
 2.08591858e+01
 1.54243713e+01
 1.17618958e+01
 1.07549683e+01
 7.93792114e+00
 7.35796509e+00
 9.45812378e+00
 1.39327332e+01
 1.56840149e+01
 2.29850708e+01
 2.60314880e+01
 2.51825500e+01
 2.01348511e+01
 1.69279419e+01
 1.06098877e+01
 8.13399658e+00
 9.82140503e+00
 6.54229126e+00
 1.08548218e+01
 1.25740601e+01
 1.74966064e+01
 2.28338867e+01
 2.79486328e+01
 2.82502380e+01
 1.91231018e+01
 1.33680054e+01
 9.45876465e+00
 8.31734619e+00
 8.21199951e+00
 7.30965576e+00
 8.65755615e+00
 1.21250854e+01
 1.58621155e+01
 2.29759155e+01
 2.52198425e+01
 2.73506104e+01
 1.95761963e+01
 1.38532959e+01
 1.06501709e+01
 6.77407227e+00
 7.43502197e+00
 7.48531494e+00
 1.15570618e+01
 1.20522400e+01
 1.66302124e+01
 2.23708435e+01
 2.61000916e+01
 2.67489563e+01
 2.05266357e+01
 1.57404419e+01
 8.23009644e+00
 6.37883911e+00
 6.59703979e+00
 7.84679565e+00
 1.00578552e+01
 1.30841614e+01
 1.77788025e+01
 2.20664917e+01
 2.73156372e+01
 2.81857849e+01
 2.05461060e+01
 1.52600037e+01
 1.11771790e+01
 7.60503540e+00
 3.76403198e+00
 6.77065430e+00
 7.94686279e+00
 1.10805298e+01
 1.85487915e+01
 2.28592773e+01
 2.85381104e+01
 2.65026184e+01
 2.02373596e+01
 1.39416443e+01
 9.43468628e+00
 9.24431763e+00
 4.99852905e+00
 5.75554810e+00
 8.70015869e+00
 1.30926147e+01
 1.66058594e+01
 2.20191284e+01
 2.64677368e+01
 2.59366089e+01
 2.02202087e+01
 1.48890625e+01
 1.03244263e+01
 7.14711914e+00
 4.76662598e+00
 8.90496216e+00
 8.98229370e+00
 1.47005249e+01
 1.74771362e+01
 2.09445129e+01
 2.60350281e+01
 2.77266785e+01
 1.89087769e+01
 1.57659851e+01
 9.21776733e+00
 8.87633667e+00
 1.12421509e+01
 1.00179993e+01
 1.14154297e+01
 1.18944031e+01
 1.81074768e+01
 2.29631287e+01
 2.64240662e+01
 2.55336548e+01
 1.99690796e+01
 1.58070007e+01
 1.23238464e+01
 1.00892578e+01
 8.17635498e+00
 3.74624023e+00
 1.07964417e+01
 1.36086060e+01
 1.62112061e+01
 2.27730652e+01
 2.55269409e+01
 2.52004639e+01
 2.00159546e+01
 1.37379089e+01
 1.22030884e+01
 8.02825317e+00
 5.71755371e+00
 4.16454468e+00
 8.10024414e+00
 1.18670898e+01
 1.66174255e+01
 2.44463745e+01
 2.70185791e+01
 2.47439819e+01
 2.03416382e+01
 1.50653320e+01
 1.07634216e+01
 8.27608643e+00
 4.52321777e+00
 8.85241089e+00
 8.35512695e+00
 1.16291138e+01
 1.71353699e+01
 2.13630615e+01
 2.51874939e+01
 2.77689758e+01
 2.00027710e+01
 1.28189026e+01
 9.06432495e+00
 8.62841187e+00
 6.75869141e+00
 7.44866333e+00
 9.83916626e+00
 1.35779358e+01
 1.74151855e+01
 2.58660828e+01
 2.73310181e+01
 2.61437012e+01
 1.94629761e+01
 1.45376221e+01
 8.84768066e+00
 8.93227539e+00
 8.98165283e+00
 8.25197754e+00
 1.20696655e+01
 1.29082886e+01
 1.43246399e+01
 2.15154663e+01
 2.55319458e+01
 2.05926453e+01
 1.92906433e+01
 1.44009338e+01
 1.06750122e+01
 1.06759888e+01
 6.86202393e+00
 8.46700439e+00
 9.51625977e+00
 1.20003906e+01
 1.76849609e+01
 2.32843567e+01
 2.66496521e+01
 2.79104858e+01
 1.95073181e+01
 1.60909363e+01
 9.42705688e+00
 7.25829468e+00
 9.54235229e+00
 6.62157593e+00
 9.97841797e+00
 1.36125427e+01
 1.76175781e+01
 2.32823120e+01
 2.74705750e+01
 2.67267395e+01
 1.86713196e+01
 1.56042725e+01
 1.19482666e+01
 6.30367432e+00
 9.87386475e+00
 9.24404297e+00
 1.05010010e+01
 1.44385925e+01
 1.85645081e+01
 2.20132690e+01
 2.50234314e+01
 2.35169312e+01
 1.95546204e+01
 1.48464905e+01
 1.13713013e+01
 9.66088257e+00
 7.32720337e+00
 7.70607910e+00
 9.41884766e+00
 1.42473389e+01
 2.12940002e+01
 2.34294678e+01
 2.82993713e+01
 2.74954773e+01
 2.09532410e+01
 1.55692078e+01
 1.05956360e+01
 8.63311157e+00
 8.54247437e+00
 8.33324585e+00
 1.02643066e+01
 1.37447144e+01
 1.66740051e+01
 2.01295105e+01
 2.47344604e+01
 2.55116516e+01
 1.91619507e+01
 1.53798767e+01
 7.10164795e+00
 6.68197021e+00
 7.22219238e+00
 7.00457153e+00
 9.92244873e+00
 1.39941345e+01
 1.61801392e+01
 2.17580811e+01
 2.55930420e+01
 2.68084656e+01
 1.91394287e+01
 1.47305542e+01
 9.95714722e+00
 8.16216431e+00
 9.49926147e+00
 8.10875854e+00
 1.18767944e+01
 1.18801819e+01
 1.66807495e+01
 2.14641357e+01
 2.62924133e+01
 2.59706665e+01
 2.03315979e+01
 1.41075684e+01
 1.03159424e+01
 6.39296875e+00
 4.62188110e+00
 4.82528076e+00
 9.66240845e+00
 1.28306824e+01
 1.75343567e+01
 2.31520630e+01
 2.68940063e+01
 2.63330322e+01
 1.98163696e+01
 1.42522522e+01
 1.03272644e+01
 7.82061157e+00
 8.21398315e+00
 4.32622681e+00
 9.56130371e+00
 1.14793030e+01
 1.76984802e+01
 1.99581848e+01
 2.66687256e+01
 2.50997864e+01
 2.02740112e+01
 1.64097839e+01
 1.06463562e+01
 8.43779907e+00
 8.83574829e+00
 9.00325928e+00
 9.74660645e+00
 1.30748840e+01
 1.81158997e+01
 2.57737366e+01
 2.94755188e+01
 2.77547546e+01
 1.95257813e+01
 1.52487427e+01
 1.19238525e+01
 7.39904175e+00
 7.53313599e+00
 8.89061890e+00
 1.19544006e+01
 1.29256531e+01
 1.77363831e+01
 2.48796631e+01
 2.58122803e+01
 2.75270020e+01
 2.22284790e+01
 1.46959167e+01
 1.05106445e+01
 9.54979858e+00
 5.88582764e+00
 8.19686279e+00
 9.32055054e+00
 1.33501526e+01
 1.70570923e+01
 2.37535339e+01
 2.58701721e+01
 2.36661621e+01
 2.06836487e+01
 1.38612915e+01
 1.03181396e+01
 7.68645630e+00
 6.66494141e+00
 6.34261475e+00
 1.10588928e+01
 1.32483154e+01
 1.83057495e+01
 2.55345093e+01
 2.67875305e+01
 2.62863403e+01
 2.06007629e+01
 1.25757385e+01
 9.72771606e+00
 8.40047607e+00
 6.02565918e+00
 6.60811768e+00
 1.16025024e+01
 1.36333862e+01
 1.29273010e+01
 1.91960999e+01
 2.82183472e+01
 2.62093140e+01
 1.96196533e+01
 1.35204102e+01
 1.08083130e+01
 9.66011963e+00
 6.93224487e+00
 7.24456177e+00
 9.71602783e+00
 1.20980774e+01
 1.74991394e+01
 2.20504089e+01
 2.66927734e+01
 2.37424255e+01
 1.93223511e+01
 1.52195374e+01
 1.02354065e+01
 8.30520020e+00
 6.86986694e+00
 5.57933960e+00
 9.35009155e+00
 1.26423279e+01
 1.52732788e+01
 1.96509949e+01
 2.56946655e+01
 2.52955261e+01
 2.08015076e+01
 1.39744812e+01
 1.35069824e+01
 8.51961670e+00
 8.09240112e+00
 7.05532227e+00
 8.73623047e+00
 1.23750854e+01
 1.91450439e+01
 2.14755798e+01
 2.50195251e+01
 2.42583252e+01
 1.96851440e+01
 1.61503845e+01
 1.14677979e+01
 6.10915527e+00
 7.04125366e+00
 8.93215332e+00
 1.18496033e+01
 1.46188904e+01
 1.71340576e+01
 2.37475525e+01
 2.67762085e+01
 2.45730835e+01
 2.02893921e+01
 1.46877991e+01
 1.12800537e+01
 1.09690796e+01
 9.20650635e+00
 8.41594849e+00
 1.04617554e+01
 1.10526672e+01
 1.70618835e+01
 2.03656555e+01
 2.63372742e+01
 2.57080017e+01
 2.08423096e+01
 1.47628418e+01
 1.05199829e+01
 1.05810791e+01
 4.49663696e+00
 5.78356323e+00
 7.38173828e+00
 1.06412292e+01
 1.67994019e+01
 2.36064697e+01
 2.58614441e+01
 2.55387817e+01
 1.91615234e+01
 1.42893005e+01
 9.29937134e+00
 8.45940552e+00
 7.14937744e+00
 6.36239014e+00
 9.91600952e+00
 1.33435913e+01
 1.53727051e+01
 2.19127136e+01
 2.56516968e+01
 2.64205261e+01
 2.10089050e+01
 1.41266113e+01
 1.27407776e+01
 8.46309814e+00
 5.45430908e+00
 5.56127319e+00
 8.51720581e+00
 1.29996277e+01
 1.86350952e+01
 2.37270752e+01
 2.77721191e+01
 2.69799744e+01
 2.20747620e+01
 1.53341309e+01
 1.13831421e+01
 8.93511353e+00
 7.70510254e+00
 9.26058350e+00
 1.22175537e+01
 1.59475952e+01
 1.83783508e+01
 2.44054810e+01
 2.46545654e+01
 2.41602417e+01
 1.89877563e+01
 1.18982788e+01
 9.31304321e+00
 8.52733765e+00
 5.91860352e+00
 1.02199646e+01
 8.16497192e+00
 1.19298340e+01
 1.48575989e+01
 2.47606750e+01
 2.82941528e+01
 2.59936768e+01
 1.81145264e+01
 1.48483215e+01
 1.14568420e+01
 8.95488892e+00
 9.62716064e+00
 8.65798340e+00
 1.05890442e+01
 1.31923767e+01
 1.82699524e+01
 2.48149658e+01
 2.68964783e+01
 2.62062012e+01
 2.16736694e+01
 1.41613708e+01
 1.01925903e+01
 8.59728394e+00
 8.62343750e+00
 7.39092407e+00
 1.06065613e+01
 1.21002441e+01
 1.89005981e+01
 2.50068298e+01
 2.59205872e+01
 2.53554016e+01
 2.14812866e+01
 1.62120605e+01
 1.20044495e+01
 4.78029785e+00
 6.23159180e+00
 5.91063843e+00
 1.14016968e+01
 1.34377686e+01
 1.80693298e+01
 2.24340149e+01
 2.82318054e+01
 2.75082642e+01
 2.03652283e+01
 1.53757874e+01
 9.72377930e+00
 7.96233521e+00
 4.77541504e+00
 7.38009033e+00
 9.72042236e+00
 1.35864197e+01
 1.83491760e+01
 2.21438843e+01
 2.55338074e+01
 2.85692688e+01
 1.96337524e+01
 1.52710815e+01
 8.79726563e+00
 9.56920776e+00
 7.92476807e+00
 6.24889526e+00
 8.84722290e+00
 1.16025940e+01
 1.74088379e+01
 2.20797974e+01
 2.38575073e+01
 2.63635498e+01
 2.13406616e+01
 1.38866821e+01
 1.13553406e+01
 9.55773315e+00
 8.30053101e+00
 7.50100098e+00
 9.34240112e+00
 1.47631165e+01
 1.99966675e+01
 2.20494324e+01
 2.45818726e+01
 2.45663391e+01
 2.18232666e+01
 1.53565002e+01
 9.85476074e+00
 7.50859985e+00
 5.91497192e+00
 5.90279541e+00
 1.20135437e+01
 1.32442871e+01
 1.66037842e+01
 2.23188416e+01
 2.66262756e+01
 2.41465088e+01
 1.83881470e+01
 1.20244690e+01
 1.18348938e+01
 7.97026978e+00
 1.01462646e+01
 6.31234131e+00
 5.97490845e+00
 1.29751831e+01
 2.08416687e+01
 2.42333313e+01
 2.69150330e+01
 2.50151001e+01
 2.30450073e+01
 1.62814880e+01
 1.32799927e+01
 9.71166382e+00
 8.14788208e+00
 9.80269775e+00
 1.02766052e+01
 1.38856445e+01
 1.98039795e+01
 2.22568909e+01
 2.82125793e+01
 2.52797180e+01
 1.96496216e+01
 1.45411926e+01
 1.19091736e+01
 1.02592712e+01
 1.01313416e+01
 9.32262573e+00
 9.95461426e+00
 1.34289185e+01
 1.68098389e+01
 2.16218506e+01
 2.47728210e+01
 2.56234375e+01
 1.97965332e+01
 1.41353394e+01
 1.16982056e+01
 5.79027710e+00
