 1.32061901e+02
 6.00444503e+01
 6.45399391e+01
 4.59666053e+01
 4.65984834e+01
 3.07049410e+01
 8.80757837e+01
 1.45495015e+02
 1.41063364e+01
 7.94589443e+01
 1.29548115e+02
 9.31190930e+01
 5.77268290e+01
 8.81561415e+01
 6.11593152e+01
 8.07158322e+01
 1.35826315e+02
 1.24311562e+02
 2.89934233e+01
 6.77692198e+01
 4.15815205e+01
 1.18684054e+02
 7.21326287e+01
 8.56640847e+01
 6.61396298e+01
 6.64860242e+01
 5.69536748e+01
 6.46777714e+01
 4.82144952e+01
 1.35463282e+02
 4.19204801e+01
 1.22006785e+02
 3.97556402e+01
 5.51240997e+01
 1.38790870e+02
 6.95326139e+01
 8.56865835e+01
 1.35421346e+01
 3.67393180e+01
 5.10109211e+01
 5.76415255e+01
 1.26777151e+01
 1.39638621e+02
 5.17771363e+01
 5.84412661e+01
 4.36256199e+01
 1.75097157e+02
 4.67635704e+01
 8.31009257e+01
 7.07178390e+01
 9.74342262e+01
 6.79395644e+01
 1.18913759e+02
 3.69394213e+01
 7.12703424e+01
 5.80676095e+01
 1.37678182e+02
 7.96425206e+01
 3.99594996e+01
 4.37916960e+01
 8.29913158e+01
 7.99006939e+00
 4.22232640e+01
 4.18590301e+01
 7.42432594e+01
 1.36003176e+02
 1.53322876e+02
 4.72808969e+01
 2.87058454e+01
 4.88599888e+01
 7.65848337e+01
 6.04377991e+01
 4.61353187e+01
 4.00444544e+01
 4.48163224e+01
 5.26792085e+01
 2.84886836e+01
 3.54688547e+01
 1.07554364e+02
 5.24146691e+01
 9.22335635e+01
 5.79740041e+01
 7.86038519e+01
 9.26494924e+01
 7.25713027e+01
 8.26657971e+01
 4.23420770e+01
 1.04610373e+02
 8.85155287e+01
 1.37519170e+02
 6.40887644e+01
 3.52576170e+01
 3.87998871e+01
 6.64011382e+01
 1.08734643e+02
 3.89575530e+01
 3.99321758e+01
 6.00978481e+00
 5.39871352e+01
 4.62537897e+01
 6.73264736e+01
 6.54529963e+01
 9.91298023e+01
 1.01943907e+02
 1.28392484e+02
 7.62956936e+01
 3.78290632e+01
 7.17448149e+01
 2.63557376e+01
 4.38130111e+01
 1.03596990e+02
 2.52606317e+01
 4.35060566e+01
 9.27737877e+01
 9.91772457e+01
 1.14802800e+02
 4.29878618e+01
 8.32813351e+01
 8.99325142e+01
 2.04179325e+01
 5.07612795e+01
 3.70437100e+01
 2.63087010e+01
 6.39495155e+01
 6.53493993e+01
 1.15965339e+02
 1.50816291e+02
 1.28863976e+01
 1.12406378e+01
 4.31877457e+01
 3.14302738e+01
 7.60303314e+01
 3.01868590e+01
 2.43281530e+01
 4.97764475e+01
 5.93581195e+01
 1.16847951e+02
 7.45840053e+01
 1.56117084e+01
 3.13187712e+01
 1.20066526e+02
 7.94609272e+01
 7.69150173e+01
 4.25031057e+01
 3.92684658e+01
 3.93112872e+01
 8.27715262e+00
 2.88016812e+01
 1.28174859e+02
 1.36570708e+02
 7.33226596e+01
 1.05759994e+02
 4.98063080e+01
 8.57388002e+00
 1.09635910e+02
 4.13630816e+01
 4.44582366e+01
 2.74813065e+01
 1.05099616e+02
 7.56693240e+01
 8.21666258e+01
 9.34383228e+01
 2.84696464e+02
 1.02442525e+02
 1.04490249e+02
 9.54407869e+01
 4.32588556e+01
 8.93363114e+01
 8.32432460e+01
 4.51177327e+01
 9.69172018e+00
 3.70376640e+01
 8.41261659e+01
 1.98488475e+01
 4.96514909e+01
 5.10529260e+01
 6.77178263e+01
 3.90464886e+01
 7.85361282e+01
 8.51022479e+01
 7.74283464e+01
 1.91736943e+01
 7.31522816e+01
 8.79966372e+01
 9.86381415e+01
 4.15435709e+01
 2.57975011e+01
 2.66163374e+01
 5.24990457e+01
 6.74971342e+01
 7.10432694e+01
 1.25450009e+01
 3.24911648e+01
 4.19073837e+01
 5.90125400e+01
 2.91046932e+01
 4.20251887e+01
 3.65121266e+01
 2.94302793e+01
 1.34468082e+01
 5.94722464e+01
 2.81063598e+01
 5.67184895e+01
 3.24699205e+01
 7.52635108e+01
 2.39154874e+01
 7.77657116e+01
 1.09518624e+02
 1.62522892e+02
 7.66678664e+01
 3.26032350e+01
 1.64083826e+02
 4.62256611e+01
 4.35116935e+01
 3.82766104e+01
 6.95064221e+01
 7.80739667e+01
 4.34695257e+01
 6.02571850e+01
 3.76506331e+01
 5.40851643e+01
 5.80846795e+01
 6.87650613e+00
 4.29193288e+01
 8.10964596e+01
 1.12696078e+02
 6.04843110e+01
 5.78471377e+01
 1.11840431e+02
 9.35382600e+01
 5.60468091e+01
 4.26938645e+01
 6.93367456e+01
 6.32822741e+01
 2.02700143e+02
 1.19965619e+02
 3.83121437e+01
 3.70896890e+01
 5.11721019e+01
 4.34716507e+01
 5.83863637e+01
 4.75814401e+01
 6.34897592e+01
 6.62139966e+01
 1.32090626e+02
 1.37863776e+02
 2.52083226e+01
 5.71348979e+01
 1.62407877e+02
 7.54539029e+01
 5.83679129e+01
 8.30133762e+01
 7.67981264e+01
 5.99195861e+01
 6.71536169e+00
 6.88644801e+01
 6.93655634e+01
 6.17449314e+01
 7.81682639e+01
 2.44737468e+02
 1.25784566e+02
 1.01798362e+02
 6.80587833e+01
 8.50035610e+01
 2.82699706e+01
 1.00237404e+02
 5.58601574e+00
 1.08646497e+01
 2.58471052e+01
 2.62310832e+01
 1.63574022e+02
 1.49983952e+02
 1.65204275e+02
 8.79780517e+01
 7.99512769e+01
 6.37810744e+01
 6.07732789e+01
 6.39668968e+01
 6.77709396e+01
 1.28184447e+02
 1.29246744e+02
 1.65210027e+02
 8.81445858e+01
 1.64350089e+02
 2.44778489e+02
 2.86583382e+01
 5.39243548e+01
 6.64084900e+01
 5.27862454e+01
 3.09058080e+01
 7.44879011e+01
 3.83418093e+01
 1.15495460e+02
 1.03007787e+02
 1.75783092e+01
 5.61063837e+01
 1.34793918e+02
 7.00552118e+01
 5.07974529e+01
 5.44867861e+01
 9.33903259e+01
 1.61395095e+01
 6.45069119e+01
 9.44098493e+01
 1.22385883e+02
 5.55368518e+01
 1.60150081e+02
 7.80747414e+01
 7.26127389e+01
 1.30212297e+01
 8.39779222e+01
 5.75474816e+01
 1.44763029e+01
 1.40905886e+01
 5.89990933e+01
 8.09689238e+01
 1.68952124e+02
 9.62105901e+01
 1.02261970e+02
 9.60605029e+01
 2.07015794e+01
 8.02531747e+01
 7.57390515e+01
 1.08346110e+02
 1.12083251e+02
 1.98683615e+01
 3.64327584e+01
 3.95843413e+01
 1.19906259e+02
 1.01647250e+02
 9.79020826e+01
 1.09267509e+02
 7.66646698e+01
 4.94693909e+01
 2.24357941e+01
 8.14933960e+01
 3.92734620e+01
 6.74248311e+01
 2.47936342e+01
 5.24085778e+01
 1.12025732e+02
 1.04305975e+02
 1.12073029e+02
 7.66702369e+01
 3.16576224e+01
 9.01206126e+01
 1.16720521e+01
 2.13299625e+01
 1.72201285e+01
 2.87236598e+01
 9.51113240e+01
 5.45596533e+01
 1.38578322e+02
 1.36854059e+02
 1.19060775e+02
 9.57219489e+01
 1.42633090e+02
 2.85514737e+01
 6.11591479e+01
 7.04383103e+01
 4.80042156e+01
 9.83876035e+00
 6.44295351e+01
 1.05296332e+02
 7.12144364e+01
 1.24424991e+02
 1.15298729e+02
 4.99351766e+00
 5.44947963e+01
 1.99533316e+02
 7.04338836e+01
 4.64604601e+01
 5.53553580e+01
 5.80803799e+01
 7.93130334e+01
 5.61635646e+01
 2.86061617e+01
 7.41411187e+01
 1.04686404e+02
 8.34670063e+01
 2.26300989e+01
 3.47776465e+01
 4.87235872e+01
 5.18288475e+01
 7.76717701e+01
 4.05237348e+01
 6.55067046e+00
 6.07950695e+01
 9.60830699e+01
 9.27696481e+01
 8.95318824e+01
 4.88850259e+01
 1.08282058e+02
 7.28132209e+00
 7.59004210e+01
 2.12001607e+01
 5.06025650e+01
 4.70314746e+01
 3.10356823e+01
 4.90584290e+01
 1.60524814e+02
 8.93298659e+01
 2.03608553e+02
 7.38109929e+01
 1.36507426e+02
 1.15111908e+02
 7.00138449e+01
 1.85155249e+01
 5.04851600e+01
 2.48898613e+01
 3.40506714e+01
 6.66484155e+01
 1.56904922e+02
 1.80808502e+02
 1.47629265e+02
 1.10761667e+02
 1.15848563e+02
 3.56787633e+01
 9.58199578e+01
 6.24788036e+01
 4.71917348e+01
 5.86552391e+01
 7.26820379e+01
 2.92423165e+01
 4.61885061e+01
 1.71516986e+02
 1.21159313e+02
 4.35204241e+01
 1.26971739e+02
 1.23372635e+02
 6.00868657e+01
 6.29286385e+01
 5.63856213e+01
 2.06303476e+01
 4.03089821e+01
 3.78173798e+01
 1.05128955e+02
 1.08305463e+02
 5.07802315e+01
 3.16051292e+01
 1.36550265e+02
 9.20397542e+01
 2.89837675e+01
 6.15484111e+01
 4.44208052e+01
 6.04096961e+01
 7.55929541e+01
 8.83289000e+01
 9.52464046e+01
 1.11803303e+02
 5.25815589e+01
 5.25949568e+01
 1.24297427e+02
 1.19326698e+02
 5.58630278e+01
 4.40155684e+01
 2.25109454e+01
 1.96592135e+00
 6.41905206e+01
 6.43275309e+01
 1.42732212e+02
 4.13097488e+01
 2.99391041e+01
 2.46113320e+01
 8.32006369e+01
 1.26475414e+02
 9.87626847e+01
 8.10012820e+01
 6.11057087e+01
 5.54777134e+01
 6.29189968e+01
 3.77049078e+01
 6.60902279e+01
 5.71699524e+01
 1.60247413e+02
 1.10507574e+02
 1.01355025e+02
 2.83740581e+01
 5.93187507e+01
 7.63882905e+01
 3.02661042e+01
 2.61862792e+01
 4.21488347e+01
 2.42735982e+01
 5.43546580e+01
 2.01502792e+02
 7.11254643e+01
 1.08391331e+02
 1.10051163e+02
 4.01139567e+01
 4.78980221e+01
 7.58870464e+01
 2.82902137e+01
 6.18060933e+01
 1.85195638e+01
 1.02416444e+02
 8.61041221e+01
 1.25601706e+02
 4.24366616e+01
 3.79493550e+01
 1.82401178e+01
 6.30842690e+01
 2.89961793e+01
 6.85927405e+01
 5.37934106e+01
 1.84235556e+01
 5.72530727e+01
 5.56124928e+00
 9.60654431e+01
 4.99136503e+01
 2.01142339e+01
 5.66566447e+01
 8.84717874e+01
 3.49644285e+01
 7.31949862e+01
 7.52601199e+01
 4.21109209e+01
 7.21591653e+01
 5.02382821e+01
 3.02839642e+01
 1.17859247e+02
 5.07397859e+01
 1.31893408e+02
 9.50431650e+01
 1.09401319e+02
 4.18780110e+01
 1.05764420e+02
 4.16261978e+01
 5.00892871e+01
 4.49084801e+01
 5.43986812e+01
 5.38220244e+01
 2.45475480e+01
 4.60957820e+01
 2.31505615e+02
 4.08355288e+01
 4.33613935e+01
 9.90230572e+01
 5.09301326e+01
 8.42542503e+01
 7.74643455e+01
 3.79705783e+01
 5.44635273e+01
 1.01692333e+02
 8.32461887e+01
 1.48313035e+02
 2.17169946e+02
 1.70667022e+02
 2.44016833e+01
 5.23970764e+01
 7.79811420e+01
 6.48805101e+01
 7.84407733e+01
 6.64786181e+01
 6.58728157e+01
 2.71626115e+01
 6.37558229e+01
 6.77668510e+01
 1.83583151e+02
 8.83413651e+01
 1.18257892e+02
 2.88862958e+01
 2.54836757e+01
 7.13690682e+01
 6.09147320e+01
 3.91460705e+01
 3.60804337e+01
 1.20633210e+02
 1.05361670e+02
 6.06667934e+01
 9.87030460e+01
 8.14105138e+01
 7.89010270e+01
 1.14039838e+02
 1.12129654e+02
 5.33474246e+01
 1.70451388e+02
 3.95520077e+01
 9.63898488e+01
 1.30932028e+02
 1.68903112e+02
 7.98496442e+01
 8.65882021e+01
 1.21738962e+02
 3.23659087e+01
 1.08744901e+02
 9.79225509e+01
 4.18866295e+01
 2.83039016e+01
 3.07672054e+01
 6.59465775e+01
 1.91568262e+01
 1.10079278e+02
 1.61666104e+02
 8.68594058e+01
 1.02480391e+02
 1.06383619e+01
 3.74688461e+01
 4.49366292e+01
 4.59563465e+01
 5.81197056e+01
 6.38266881e+01
 9.07470910e+01
 6.25770359e+01
 9.32801899e+01
 1.54159318e+02
 8.19606385e+01
 6.03272246e+01
 1.67145876e+02
 4.40035054e+01
 3.08636419e+01
 5.99282191e+01
 7.15259022e+01
 4.11513119e+01
 2.95864628e+01
 3.02382516e+01
 4.21944900e+01
 5.28533126e+01
 1.72840491e+02
 6.53887551e+01
 8.12053437e+01
 1.59619035e+02
 4.09669295e+01
 7.13162998e+01
 2.93978416e+01
 5.21055229e+01
 1.12812801e+02
 7.81716443e+01
 5.28044715e+01
 1.69633057e+02
 7.85558788e+01
 1.21694685e+02
 3.87187616e+01
 9.44593653e+01
 1.03010813e+02
 4.66735898e+01
 8.42074501e+01
 9.41626292e+01
 4.92347416e+01
 6.04543341e+01
 6.61236448e+01
 1.39862596e+02
 8.41242171e+01
 2.04721430e+01
 3.85236765e+01
 9.52946469e+01
 8.90422618e+01
 1.89331926e+01
 4.93222229e+01
 2.35166878e+01
 2.74224140e+01
 8.70060157e+01
 6.80897474e+01
 8.08859335e+01
 2.16764188e+01
 3.14985181e+01
 1.21230530e+02
 8.53680924e+01
 7.23810432e+01
 6.37097681e+01
 7.29116983e+01
 2.81261403e+01
 6.95146753e+01
 1.52256654e+01
 7.70692424e+01
 1.52031887e+02
 6.64612731e+01
 9.99726551e+01
 1.38498787e+02
 8.76858790e+01
 4.12438214e+01
 1.24674613e+02
 1.78874303e+01
 2.74609058e+01
 3.46190684e+01
 9.30569374e+00
 3.08159121e+01
 8.63660071e+01
 1.36736382e+02
 3.11349831e+01
 2.50004349e+01
 4.00462459e+01
 9.03289175e+01
 4.81872413e+01
 6.26236135e+01
 6.14522580e+01
 1.07154384e+02
 6.67573985e+01
 2.40329426e+01
 1.66656459e+02
 8.54857118e+01
 5.26095971e+01
 7.25620687e+01
 1.61843465e+02
 5.53403663e+01
 5.39409780e+01
 5.76278888e+01
 7.15750298e+01
 5.25615058e+01
 1.12852370e+02
 9.37928392e+01
 3.30310803e+01
 1.85109835e+02
 4.09645779e+01
 1.85483548e+02
 5.20730945e+01
 8.44934690e+01
 7.75793583e+01
 2.19851465e+01
 2.96879786e+01
 3.49876825e+01
 9.94873149e+01
 1.24162500e+02
 1.61426836e+02
 5.57701244e+01
 7.67927916e+01
 3.19285030e+01
 8.94681472e+01
 9.81821772e+01
 9.67625164e+01
 8.25251939e+01
 2.57335691e+01
 5.34788365e+01
 6.10017295e+01
 8.15281819e+01
 2.14577565e+01
 4.64421463e+01
 5.97984198e+01
 1.19899272e+02
 8.13169864e+01
 7.80704030e+01
 6.34651459e+01
 3.28169469e+01
 1.63043610e+01
 5.54763098e+01
 3.02257668e+01
 5.65913699e+01
 7.57499286e+01
 6.62277395e+01
 4.01881156e+01
 2.16108750e+01
 5.20782588e+01
 1.20964058e+02
 3.96167028e+01
 4.73232490e+01
 6.01489225e+01
 3.99040767e+01
 7.99426865e+01
 6.39967229e+01
 9.80322647e+01
 7.13645909e+01
 1.06771466e+01
 8.91472703e+01
 8.74314252e+01
 6.86936952e+01
 4.35458656e+01
 5.53817057e+01
 1.04047893e+02
 9.83904012e+01
 1.24296474e+02
 8.86739752e+01
 8.88046632e+01
 1.23019289e+02
 1.88477485e+02
 5.28780183e+01
 4.56680031e+01
 3.29623948e+01
 4.12961162e+01
 3.85362143e+01
 6.78518261e-01
 4.77066398e+01
 9.81171598e+01
 5.06062238e+01
 7.48385915e+01
 8.90734095e+01
 5.87822950e+01
 1.03935239e+02
 1.00726287e+01
 1.70246813e+02
 5.28773466e+01
 3.32179304e+01
 6.25406994e+01
 6.77238032e+01
 4.33851568e+00
 1.18325954e+02
 6.46793225e+01
 4.71291054e+01
 9.32618907e+01
 9.67520967e+01
 6.34237633e+01
 6.29673288e+01
 7.45407134e+01
 3.31947836e+01
 7.97972965e+01
 1.33016049e+02
 6.97288340e+01
 8.15759420e+01
 3.23123389e+01
 1.32607251e+02
 1.18477424e+02
 6.70429234e+01
 7.05765577e+01
 8.39512080e+01
 7.75389891e+01
 3.61558057e+01
 2.62279277e+01
 5.30750077e+01
 9.96754740e+01
 4.48227290e+01
 8.36594455e+01
 3.74065456e+01
 1.16770516e+02
 5.90217972e+01
 2.46007793e+01
 1.28232774e+02
 6.63042686e+01
 5.55206644e+01
 4.45464555e+01
 5.18042050e+01
 9.96397545e+01
 2.01992205e+02
 1.05799734e+02
 8.50029374e+01
 5.65339536e+01
 4.69091781e+01
 8.76625909e+01
 6.78216325e+01
 3.62384589e+01
 1.07358705e+02
 1.01018272e+02
 2.64716688e+01
 2.62763903e+01
 9.77049720e+01
 1.36877398e+02
 1.00075551e+02
 7.71027909e+01
 1.69491065e+02
 1.52652399e+01
 7.26000984e+01
 7.93584110e+01
 7.27675315e+01
 3.06849843e+01
 5.45898675e+01
 1.09699616e+02
 1.31967258e+02
 8.09339681e+01
 3.37354907e+01
 1.73269759e+01
 6.46953954e+01
 1.15239203e+02
 1.28075478e+02
 6.24317354e+01
 7.44981712e+01
 2.35358410e+01
 1.99845174e+01
 3.04619486e+01
 9.60490148e+01
 7.27087043e+01
 2.18249923e+01
 9.30464310e+00
 1.09509232e+02
 7.24679874e+01
 6.30816019e+01
 4.25595086e+01
 5.58418790e+01
 3.84193985e+01
 9.37085150e+01
 4.51088286e+01
 7.63776842e+01
 1.09046265e+02
 2.67872611e+01
 1.14539743e+02
 1.09147539e+02
 5.19691021e+01
 7.22987130e+01
 7.92734095e+01
 1.65493212e+02
 1.10424058e+01
 8.53040064e+01
 3.96145963e+01
 8.24076915e+01
 1.02807972e+02
 2.80648943e+01
 6.70199627e+01
 7.00827143e+01
 5.81255860e+01
 7.09666206e+01
 3.54128091e+01
 9.71248652e+01
 4.04571772e+01
 1.07408916e+01
 4.70983650e+01
 7.38021600e+01
 6.61911439e+01
 6.54458937e+01
 5.58007838e+01
 7.60624410e+01
 7.36907719e+01
 4.70104289e+01
 5.87484542e+01
 1.78718485e+01
 2.29776706e+01
 5.96018329e+00
 1.28366383e+02
 1.53262805e+02
 9.66915395e+01
 6.40131853e+01
 1.09064366e+02
 7.20588795e+01
 6.98962732e+01
 4.71723169e+01
 4.12117481e+01
 3.81278351e+01
 3.38277526e+01
 8.21282736e+01
 9.86336024e+01
 1.68716378e+02
 1.13088808e+02
 1.11273293e+02
 3.50880648e+01
 9.99931397e+00
 9.13750601e+01
 1.25592494e+02
 9.22921034e+01
 3.91652261e+01
 5.06742782e+01
 5.82919593e+01
 5.53199134e+01
 9.21075722e+01
 2.18749078e+02
 1.43826235e+02
 9.09769413e+01
 7.86611511e+01
 2.63504636e+01
 8.71658953e+01
 4.97218910e+01
 1.00562535e+02
 2.83099711e+01
 1.53844695e+01
 9.33390569e+01
 1.68800547e+02
 1.15326415e+02
 6.27198790e+01
 8.03904720e+01
 1.03870146e+02
 8.49962433e+01
 1.74754422e+01
 1.06127828e+02
 1.27064778e+02
 1.58352358e+01
 7.42835166e+01
 2.34435587e+01
 1.38026093e+02
 1.79641716e+02
 1.16301402e+02
 1.33997412e+02
 1.05745777e+02
 1.10404473e+02
 6.39144231e+01
 6.25584556e+01
 4.44477570e+01
 3.19469683e+01
 6.04415846e+01
 7.20298692e+01
 8.96880684e+01
 1.05987751e+02
 1.00728397e+02
 5.82326186e+01
 1.18663574e+02
 9.41365088e+01
 5.09044651e+01
 9.43517042e+01
 3.25601837e+01
 6.82063729e+01
 5.36757182e+01
 9.87060786e+01
 1.15421133e+02
 2.80178187e+01
 1.04830439e+02
 2.86129922e+01
 1.04383420e+02
 1.90343921e+01
 1.56455897e+02
 3.69062492e+01
 4.44120210e+01
 3.31479393e+01
 1.02652079e+02
 5.17555940e+01
 1.54779501e+02
 1.18775834e+02
 4.65857967e+01
 5.97771195e+01
 4.79399133e+01
 8.13217902e+01
 8.30916774e+01
 8.32753913e+01
 7.51757128e+01
 1.85763970e+01
 7.09445725e+01
 6.21042761e+01
 9.50135141e+01
 1.23957460e+02
 7.18904871e+01
 9.94566928e+01
 5.58201276e+01
 4.35865466e+01
 2.75241133e+01
 1.52561707e+02
 8.38297643e+01
 4.83061187e+01
 8.50808696e+01
 3.20889978e+01
 1.24299169e+02
 8.50948443e+01
 1.38943682e+02
 7.36887452e+01
 9.38216943e+01
 6.17545202e+01
 6.81203400e+01
 1.12862388e+02
 7.18512531e+01
 5.18190680e+01
 3.29312533e+01
 9.11962087e+01
 6.44778018e+01
 8.56015461e+01
 1.27482852e+02
 5.99645982e+01
 1.83572634e+01
 6.55933442e+01
 8.19998570e+01
 4.07485956e+01
 9.16487485e+01
 3.21727249e+01
 4.92648748e+01
 4.32251918e+01
 6.23607409e+01
 1.60823641e+02
 1.05353349e+02
 6.99911404e+01
 2.93501845e+01
 8.01275019e+01
 5.66604029e+01
 6.63363068e+01
 3.39287768e+01
 4.31049664e+01
 1.21894807e+02
 7.09213300e+01
 1.07974046e+02
 1.12676705e+02
 9.49775881e+01
 5.23829428e+01
 1.13581649e+02
 5.13366654e+01
 3.26582629e+01
 6.89417156e+01
 6.52970352e+01
 3.05873966e+01
 6.86073370e+01
 6.71160502e+01
 1.14370665e+02
 5.18730213e+01
 1.89977295e+02
 1.28903776e+02
 5.76688370e+01
 4.70989625e+01
 8.17630315e+01
 6.04603564e+01
 4.90284668e+01
 2.64531343e+01
 3.42778445e+01
 5.40946777e+01
 1.73653761e+02
 8.66631540e+01
 3.80851809e+01
 8.27410714e+01
 8.59927819e+01
 1.01024958e+01
 3.78638444e+01
 4.35430106e+01
 6.65272592e+01
 6.02667239e+01
 7.95843248e+01
 5.20714068e+01
 4.95739825e+01
 1.27564335e+02
 2.64360497e+01
 6.87495062e+01
 8.61310016e+01
 1.65504164e+02
 8.00602552e+01
 3.66009830e+01
 4.30880893e+01
 5.75839376e+01
 1.02348136e+02
 3.21148893e+01
 9.27322966e+01
 1.49448401e+02
 4.08263378e+01
 6.64804395e+01
 5.99985147e+01
 8.70567211e+01
 5.16746546e+01
 1.18788831e+02
 5.95269286e+01
 5.93102182e+01
 4.20651974e+01
 2.87840501e+01
 9.95275899e+01
 7.59499831e+01
 5.83266576e+01
 3.70427256e+01
 3.24385287e+01
 5.87375751e+01
 9.77810685e+01
 3.68056476e+01
 7.78168138e+01
 7.23406419e+01
 3.90594944e+01
 7.77562545e+01
 7.52838903e+01
 9.23622593e+01
 6.41148928e+01
 1.49401945e+02
 9.94403176e+01
 1.78234088e+01
 1.34743743e+02
 1.09142698e+02
 5.83102244e+01
 2.05944175e+01
 3.73908993e+01
 2.39274502e+01
 3.57360504e+01
 1.37509226e+01
 1.42736548e+02
 4.12027301e+01
 9.71460199e+01
 4.21762201e+01
 4.80100038e+01
 8.19428752e+01
 4.20047994e+01
 3.59057167e+01
 8.34107934e+01
 7.11443740e+01
 6.71513551e+01
 2.26872826e+01
 4.86890554e+01
 1.05527834e+02
 1.39788083e+02
 7.49207913e+01
 1.52341943e+02
 5.86171543e+01
 3.75434044e+01
 6.34255826e+01
 1.11062385e+02
 6.31423806e+01
 6.82970502e+01
 1.02089745e+02
 1.61363331e+02
 1.61031364e+02
 1.30349295e+02
 1.18623583e+02
 5.63931669e+01
 1.02515118e+02
 8.03756807e+01
 3.44476575e+01
 3.39009944e+01
 7.46693625e+01
 6.27484531e+01
 9.83773047e+01
 1.06067231e+02
 1.21453844e+02
 2.84223833e+01
 1.18721003e+02
 9.46986226e+01
 8.10416464e+01
 9.26882539e+01
 3.70012452e+01
 3.65833464e+01
 6.24055390e+01
 1.97973678e+02
 1.00419152e+02
 5.07942579e+01
 1.05122807e+02
 8.63080808e+01
 3.50859649e+01
 1.13010259e+02
 7.17723806e+01
 4.51564987e+01
 5.00528485e+01
 4.89579839e+01
 9.23710100e+01
 1.34908882e+02
 4.28724147e+01
 6.00678744e+01
 1.00677455e+02
 6.38297732e+01
 3.55410811e+01
 8.35503446e+01
 7.99431559e+01
