 3.17693481e+00
 3.28966675e+00
 7.83712158e+00
 1.17749268e+01
 1.50053040e+01
 2.06398865e+01
 2.32219482e+01
 2.09993225e+01
 1.66365906e+01
 1.27148987e+01
 6.26482544e+00
 3.46584473e+00
 3.91107178e-01
 5.65273438e+00
 7.74758301e+00
 9.72414551e+00
 1.72229248e+01
 2.26560608e+01
 2.33274780e+01
 2.40364014e+01
 1.81761108e+01
 1.34505554e+01
 9.52684937e+00
 5.81676636e+00
 4.35857544e+00
 3.32827148e+00
 7.62212524e+00
 1.08634277e+01
 1.56268250e+01
 1.73607422e+01
 1.90245605e+01
 2.16838013e+01
 1.86492859e+01
 1.23191162e+01
 7.24440918e+00
 6.25716553e+00
 -7.36944580e-01
 4.89592896e+00
 6.05336914e+00
 1.25850769e+01
 1.66813599e+01
 1.90769592e+01
 2.37683044e+01
 2.43994385e+01
 1.95613953e+01
 1.26848999e+01
 6.29161987e+00
 4.50597534e+00
 2.82171021e+00
 -8.15618896e-01
 4.86724243e+00
 1.13223816e+01
 1.62773987e+01
 1.80658813e+01
 2.32707458e+01
 2.32165161e+01
 2.08120056e+01
 1.04742371e+01
 3.92934570e+00
 3.59871826e+00
 4.05532227e+00
 7.13649902e+00
 7.29497681e+00
 1.05241028e+01
 1.53274780e+01
 1.98815857e+01
 2.65877319e+01
 2.31238647e+01
 1.60677124e+01
 1.27905823e+01
 6.62185059e+00
 3.56234131e+00
 3.75921021e+00
 4.85259399e+00
 8.53368530e+00
 1.11476685e+01
 1.41401611e+01
 2.17866455e+01
 2.49590088e+01
 2.44019409e+01
 2.04524475e+01
 9.64818726e+00
 5.82894287e+00
 3.04864502e-01
 -1.91839600e-01
 2.46236572e+00
 1.07938477e+01
 1.21331116e+01
 1.56592651e+01
 2.01235291e+01
 2.31778809e+01
 2.26015259e+01
 1.78051086e+01
 1.29488770e+01
 8.45037231e+00
 8.73498535e-01
 -6.75329590e-01
 -1.31601562e+00
 8.22622070e+00
 1.18204590e+01
 1.65730835e+01
 2.24473816e+01
 2.58141418e+01
 2.42266785e+01
 1.71488892e+01
 1.24864746e+01
 3.88494263e+00
 1.59179077e+00
 3.69039307e+00
 2.47799072e+00
 7.38488159e+00
 9.71233521e+00
 1.53828369e+01
 2.00231262e+01
 2.02494446e+01
 2.32569824e+01
 1.87538391e+01
 8.68810425e+00
 7.97310791e+00
 1.74218140e+00
 -1.27289429e+00
 5.72957764e+00
 5.61724243e+00
 1.13224426e+01
 1.54379211e+01
 2.26700378e+01
 2.44287659e+01
 2.48910767e+01
 1.58985535e+01
 1.21791626e+01
 5.41784058e+00
 4.67525635e+00
 5.04735718e+00
 1.07589111e+00
 3.79833374e+00
 1.10145203e+01
 1.56351257e+01
 1.90039612e+01
 2.27439514e+01
 2.11930481e+01
 1.73420654e+01
 1.39869019e+01
 7.09505615e+00
 7.57379150e-01
 -1.29624023e+00
 4.60833130e+00
 7.96361694e+00
 1.26716248e+01
 1.44190918e+01
 1.90071350e+01
 2.07600037e+01
 2.19137512e+01
 1.51189819e+01
 1.02324463e+01
 5.86422119e+00
 4.55193481e+00
 -5.20080566e-02
 1.80520020e+00
 7.72426758e+00
 1.15667664e+01
 1.49581543e+01
 2.24966064e+01
 2.59842773e+01
 2.58982178e+01
 1.75457397e+01
 1.22584778e+01
 3.58120117e+00
 1.50972900e+00
 -1.57315674e+00
 5.09404907e+00
 8.16842041e+00
 1.27847229e+01
 1.76429688e+01
 2.00431458e+01
 2.22143494e+01
 2.42049500e+01
 1.81735168e+01
 1.30540710e+01
 9.67363892e+00
 1.45317993e+00
 2.29311523e+00
 3.53533325e+00
 9.53240356e+00
 9.20897827e+00
 1.39242798e+01
 1.88552795e+01
 2.08260132e+01
 2.20533386e+01
 1.94389282e+01
 1.46767212e+01
 8.04647217e+00
 1.74862061e+00
 2.44213257e+00
 6.20050049e-01
 5.05269775e+00
 1.17085205e+01
 1.67023865e+01
 1.59688354e+01
 2.06469666e+01
 2.03979431e+01
 1.92318665e+01
 1.02387939e+01
 6.60149536e+00
 3.41961060e+00
 4.96563110e+00
 4.48589478e+00
 8.32415161e+00
 1.07785889e+01
 1.63873230e+01
 2.16152283e+01
 2.19161926e+01
 2.19544922e+01
 1.76776978e+01
 1.24417969e+01
 6.65569458e+00
 4.56337891e+00
 1.92647705e+00
 4.96410522e+00
 9.03649292e+00
 9.53554688e+00
 1.72333313e+01
 2.23167358e+01
 2.57903076e+01
 2.40585876e+01
 2.31890503e+01
 1.42436157e+01
 8.17504272e+00
 7.17702637e+00
 2.90422974e+00
 7.79845581e+00
 7.18251953e+00
 1.32963806e+01
 1.42672058e+01
 1.87524963e+01
 2.01109558e+01
 2.46938416e+01
 1.78262268e+01
 1.18095642e+01
 9.29741821e+00
 2.07122192e+00
 -2.16367187e+00
 2.04375610e+00
 4.34258423e+00
 1.21596313e+01
 1.45966125e+01
 1.93665405e+01
 1.98395630e+01
 2.30299011e+01
 1.84512268e+01
 1.16949707e+01
 1.95458374e+00
 5.27703857e-01
 -1.09491577e+00
 -4.17554321e+00
 7.77098999e+00
 1.03699585e+01
 1.39027039e+01
 2.35623413e+01
 2.59268738e+01
 2.37974182e+01
 1.92327515e+01
 1.22599426e+01
 6.93709717e+00
 3.44573364e+00
 -4.94510498e+00
 2.84844360e+00
 5.54897461e+00
 1.01096436e+01
 1.57344910e+01
 2.44447876e+01
 2.39132324e+01
 2.26765686e+01
 1.43516785e+01
 1.11269165e+01
 1.07351624e+01
 2.01796875e+00
 4.52050171e+00
 5.23967896e+00
 4.54473267e+00
 1.33359924e+01
 1.73548218e+01
 2.39841858e+01
 2.41230408e+01
 2.49148499e+01
 1.77319885e+01
 1.04208313e+01
 8.13298950e+00
 4.90825806e+00
 5.78646240e+00
 6.04165039e+00
 5.66237793e+00
 1.04867798e+01
 1.52123047e+01
 2.07918945e+01
 2.33713013e+01
 2.35797058e+01
 1.67008606e+01
 1.15801636e+01
 4.98836670e+00
 2.80669556e+00
 6.25585327e+00
 7.24938965e-01
 7.68773804e+00
 1.27470642e+01
 1.57460266e+01
 2.08154541e+01
 2.59930664e+01
 2.13203979e+01
 1.75051514e+01
 1.01084534e+01
 9.07930908e+00
 1.56066284e+00
 1.53652344e+00
 -1.37061157e+00
 2.78167114e+00
 1.08321777e+01
 1.63012024e+01
 2.01270691e+01
 1.92407776e+01
 2.12837769e+01
 1.56385437e+01
 1.26727844e+01
 9.19753418e+00
 -9.45135498e-01
 1.27593384e+00
 5.71987305e+00
 6.36840210e+00
 9.84493408e+00
 1.65491882e+01
 2.13020569e+01
 2.70221802e+01
 2.57695557e+01
 2.00076843e+01
 1.40299011e+01
 7.82747803e+00
 2.11629639e+00
 1.33449707e+00
 2.66088257e+00
 4.89553223e+00
 1.27094055e+01
 1.86688782e+01
 2.40679260e+01
 2.82968384e+01
 2.26893860e+01
 1.98322693e+01
 1.33700806e+01
 9.15078125e+00
 5.28899536e+00
 5.87053833e+00
 9.11757813e+00
 9.43499146e+00
 1.18060547e+01
 1.40898682e+01
 2.38351379e+01
 2.57500854e+01
 2.10781189e+01
 1.71471802e+01
 1.44491516e+01
 6.35762939e+00
 2.61528931e+00
 3.63848267e+00
 3.27907715e+00
 8.16091309e+00
 1.15007568e+01
 1.93791443e+01
 2.27648560e+01
 2.75244995e+01
 2.25937134e+01
 1.83663269e+01
 1.18210999e+01
 6.36327515e+00
 5.31063232e+00
 2.83089600e+00
 1.00001160e+01
 1.06690308e+01
 1.57166382e+01
 1.59342285e+01
 2.02942444e+01
 2.58676697e+01
 2.55295349e+01
 1.82154785e+01
 1.53123413e+01
 5.01845703e+00
 4.82433472e+00
 3.60296021e+00
 5.86712036e+00
 8.84423218e+00
 1.20758606e+01
 1.52377258e+01
 1.97605835e+01
 2.61338440e+01
 2.41351257e+01
 2.08259827e+01
 1.79067627e+01
 1.06133362e+01
 2.09157715e+00
 4.04473877e-01
 7.07647095e+00
 5.68523560e+00
 1.16525513e+01
 1.57366882e+01
 2.38327881e+01
 2.55477234e+01
 2.20756470e+01
 1.81513916e+01
 1.16377502e+01
 6.98131714e+00
 2.47152100e+00
 -5.77276611e-01
 3.21038818e-01
 7.99987183e+00
 9.26979980e+00
 1.52345825e+01
 2.12584167e+01
 2.37951294e+01
 2.82224365e+01
 1.96581055e+01
 1.25827271e+01
 1.01383606e+01
 4.46578369e+00
 4.34630737e+00
 2.16362915e+00
 7.01146851e+00
 1.26096436e+01
 1.69343811e+01
 2.36767822e+01
 2.67378479e+01
 2.05290161e+01
 1.96712280e+01
 1.02891479e+01
 5.54461060e+00
 -3.71130371e-01
 2.14425049e+00
 5.11663208e+00
 6.30831299e+00
 1.19975830e+01
 1.39054199e+01
 2.02758118e+01
 2.28445984e+01
 2.38724609e+01
 2.17222839e+01
 1.46793762e+01
 5.96993408e+00
 3.59505615e+00
 5.66875610e+00
 4.08919678e+00
 5.52694092e+00
 1.41103149e+01
 1.64251953e+01
 2.05883118e+01
 2.40232178e+01
 2.33034912e+01
 1.69317566e+01
 1.30809875e+01
 9.97350464e+00
 4.36089478e+00
 1.92296753e+00
 1.30437622e+00
 8.01940308e+00
 8.76079712e+00
 1.66571594e+01
 1.84944702e+01
 2.49927307e+01
 2.20336853e+01
 1.69981628e+01
 1.49058472e+01
 8.17696533e+00
 2.92473755e+00
 7.99218750e-01
 1.57216797e+00
 5.79796753e+00
 1.13833862e+01
 1.82576538e+01
 2.54764038e+01
 2.49905945e+01
 2.29492737e+01
 2.19164673e+01
 1.13428589e+01
 9.60494385e+00
 1.70760498e+00
 7.26281738e-01
 3.84038696e+00
 9.71093140e+00
 1.20960327e+01
 1.69623657e+01
 2.11973206e+01
 2.62755371e+01
 2.49236694e+01
 1.68509766e+01
 1.25945679e+01
 6.48470459e+00
 3.36092529e+00
 3.46138916e+00
 3.21138916e+00
 5.39537964e+00
 7.08803711e+00
 1.57126709e+01
 2.35164124e+01
 2.68130432e+01
 2.53445374e+01
 1.94136597e+01
 1.36688477e+01
 9.66118774e+00
 6.07946167e+00
 4.77166138e+00
 2.11138306e+00
 6.79927979e+00
 1.24097229e+01
 1.72710510e+01
 2.13594299e+01
 2.50024048e+01
 2.19203430e+01
 2.11001831e+01
 1.27958923e+01
 7.14986572e+00
 5.47374878e+00
 6.65715942e+00
 2.12993774e+00
 7.15596924e+00
 1.15843140e+01
 1.39084717e+01
 1.87297913e+01
 2.18015991e+01
 2.58777405e+01
 1.80198914e+01
 1.44352661e+01
 7.47417603e+00
 5.13579712e+00
 4.82793579e+00
 4.28234253e+00
 8.49532471e+00
 1.20563293e+01
 1.74455505e+01
 2.27634521e+01
 2.77070862e+01
 2.59481140e+01
 1.92433411e+01
 1.36753479e+01
 6.02227173e+00
 5.42669067e+00
 4.33550415e+00
 4.56987915e+00
 9.68856201e+00
 1.35823303e+01
 1.67244507e+01
 2.03611694e+01
 2.64308716e+01
 2.48373047e+01
 1.93606812e+01
 1.26292053e+01
 8.78640137e+00
 3.03594360e+00
 4.37142334e+00
 6.35000000e+00
 7.06649170e+00
 1.21907288e+01
 1.66933838e+01
 1.86273743e+01
 2.06102234e+01
 2.31408325e+01
 1.91592651e+01
 1.27221008e+01
 7.74749146e+00
 2.60967407e+00
 3.21730957e+00
 5.30330811e+00
 8.11901245e+00
 1.09792725e+01
 1.56113220e+01
 1.75509277e+01
 2.11248413e+01
 1.99855591e+01
 1.76614014e+01
 1.00741516e+01
 8.24663696e+00
 -6.18652344e-02
 2.76397095e+00
 9.27606201e-01
 6.75081787e+00
 1.12572876e+01
 1.67246033e+01
 2.51018311e+01
 2.50499207e+01
 2.10663391e+01
 1.57200867e+01
 1.39771973e+01
 6.40883789e+00
 3.26593018e-01
 3.93078003e+00
 5.79326782e+00
 8.53817139e+00
 1.18569580e+01
 1.66262146e+01
 2.22457214e+01
 2.48611084e+01
 2.30479675e+01
 2.17230469e+01
 1.24559875e+01
 3.47298584e+00
 -1.41284790e+00
 3.29638062e+00
 4.74022827e+00
 9.16887817e+00
 1.24368225e+01
 1.74734131e+01
 2.19756714e+01
 2.73322388e+01
 2.44548889e+01
 1.70830933e+01
 1.15323730e+01
 7.83071289e+00
 5.01192627e+00
 2.50808105e+00
 4.17849121e+00
 1.02087036e+01
 1.29265991e+01
 1.58169189e+01
 2.51314636e+01
 2.35457703e+01
 2.31599365e+01
 1.86699463e+01
 1.44733215e+01
 9.21911011e+00
 1.24898682e+00
 5.78887329e+00
 5.03896484e+00
 7.98562012e+00
 8.67455444e+00
 2.08782593e+01
 1.99235474e+01
 2.27581726e+01
 2.16177917e+01
 1.98011108e+01
 1.16097351e+01
 6.41137085e+00
 7.00830078e-01
 4.40541992e+00
 4.99239502e+00
 1.04534546e+01
 1.33949219e+01
 2.05012756e+01
 2.26662231e+01
 2.18617188e+01
 2.22898804e+01
 2.09185425e+01
 1.32369019e+01
 5.85598145e+00
 8.95898438e-01
 2.31323242e-03
 6.56621704e+00
 7.31112061e+00
 1.14245850e+01
 1.59413696e+01
 2.36566101e+01
 3.01585022e+01
 2.27996765e+01
 1.91157166e+01
 1.50413147e+01
 6.32186279e+00
 7.19704590e+00
 2.44094238e+00
 4.20717773e+00
 9.02617798e+00
 1.27552429e+01
 1.64160706e+01
 2.36128784e+01
 2.41089722e+01
 2.47700134e+01
 1.56086670e+01
 1.39536072e+01
 5.34902344e+00
 5.48726807e+00
 4.43776855e+00
 1.69109497e+00
 1.04925476e+01
 1.18476501e+01
 1.66021667e+01
 2.30076233e+01
 2.80675598e+01
 2.53854309e+01
 1.94932190e+01
 9.18099365e+00
 6.37322388e+00
 4.42931519e+00
 1.41945801e+00
 1.37261353e+00
 9.06954346e+00
 1.34300781e+01
 1.73397156e+01
 1.91773926e+01
 2.79172607e+01
 2.62674194e+01
 2.09843994e+01
 1.69400879e+01
 7.46437988e+00
 7.83348999e+00
 3.06002197e+00
 5.78933105e+00
 5.94735107e+00
 1.29071594e+01
 1.77800232e+01
 2.13563782e+01
 2.75059753e+01
 2.68529907e+01
 2.06830688e+01
 1.34936157e+01
 9.02456055e+00
 7.15703735e+00
 1.26436768e+00
 7.40349731e+00
 8.18914185e+00
 1.03800598e+01
 1.64374023e+01
 2.50922485e+01
 2.63069397e+01
 2.34948059e+01
 2.00487610e+01
 1.40924316e+01
 9.01726685e+00
 2.87987671e+00
 3.23073730e+00
 4.38027344e+00
 9.07964478e+00
 1.58243652e+01
 1.47222229e+01
 2.18701721e+01
 2.67743469e+01
 2.40793396e+01
 1.91936890e+01
 1.42804504e+01
 8.23583374e+00
 3.26738892e+00
 2.70922241e+00
 4.65465698e+00
 8.13347778e+00
 1.45568481e+01
 1.72901550e+01
 2.20501953e+01
 2.30282837e+01
 2.30587097e+01
 1.97958008e+01
 1.48173462e+01
 1.14969421e+01
 6.30736694e+00
 5.37410889e+00
 4.17592773e+00
 8.61831055e+00
 1.37776428e+01
 1.79128052e+01
 1.90364624e+01
 2.53088623e+01
 2.65070435e+01
 2.23000732e+01
 9.85292969e+00
 1.19802795e+01
 6.47551880e+00
 6.10891113e+00
 7.31820068e+00
 9.45366821e+00
 1.07094055e+01
 1.61654297e+01
 1.71025635e+01
 2.35187012e+01
 2.39023071e+01
 1.96562439e+01
 1.14259888e+01
 9.33397827e+00
 1.03710327e+00
 3.06932983e+00
 5.95284424e+00
 6.61358032e+00
 8.95766602e+00
 1.56493469e+01
 2.28550964e+01
 2.60230042e+01
 2.32629333e+01
 1.99414307e+01
 1.46605469e+01
 8.88619385e+00
 3.28173218e+00
 2.14534912e+00
 3.97106323e+00
 9.34496460e+00
 9.59252319e+00
 1.70895020e+01
 2.15360046e+01
 2.48820435e+01
 2.41254211e+01
 1.92534119e+01
 1.32796570e+01
 6.67504272e+00
 6.66445313e+00
 5.53719482e+00
 7.18474731e+00
 1.03584839e+01
 1.52649475e+01
 1.54292236e+01
 2.04117371e+01
 2.74273010e+01
 2.41632324e+01
 1.94099670e+01
 1.30464111e+01
 8.92192993e+00
 4.23815308e+00
 4.42144165e+00
 6.71575317e+00
 9.27767334e+00
 1.22095886e+01
 1.82611328e+01
 2.03938843e+01
 2.81577087e+01
 2.42814270e+01
 1.70377747e+01
 1.08552185e+01
 5.25182495e+00
 3.33178101e+00
 6.69262085e+00
 6.61870728e+00
 9.39406738e+00
 1.33151489e+01
 1.70537659e+01
 1.87534119e+01
 2.74207703e+01
 2.51847778e+01
 1.74842468e+01
 1.55673767e+01
 8.30562744e+00
 4.42720947e+00
 3.91698608e+00
 5.15142212e+00
 8.80574951e+00
 1.12098022e+01
 1.63094116e+01
 1.96774841e+01
 2.74330688e+01
 2.50758911e+01
 2.09408203e+01
 1.30920654e+01
 9.49630127e+00
 4.48842773e+00
 4.75435791e+00
 4.81109009e+00
 8.02877197e+00
 1.24086853e+01
 1.68224426e+01
 2.22028137e+01
 2.67210938e+01
 2.33171021e+01
 1.94543396e+01
 1.41372620e+01
 9.32891235e+00
 7.88198242e+00
 5.26830444e+00
 3.37416992e+00
 9.68004761e+00
 1.35894409e+01
 1.58811279e+01
 1.98108154e+01
 2.44408203e+01
 2.35396667e+01
 2.07160583e+01
 1.53547302e+01
 7.96462402e+00
 7.27642212e+00
 3.68856201e+00
 6.49135742e+00
 6.47704468e+00
 1.03509766e+01
 1.59902893e+01
 2.47682434e+01
 2.60233093e+01
 2.73790222e+01
 1.94856201e+01
 1.11870972e+01
 7.65145264e+00
 5.37459717e+00
 -7.25378418e-01
 6.18776855e+00
 8.64910278e+00
 1.25656067e+01
 1.87920166e+01
 1.91911865e+01
 2.66192871e+01
 2.50406433e+01
 1.93143555e+01
 1.72074524e+01
 7.56276855e+00
 7.00353394e+00
 5.87908325e+00
 4.72854004e+00
 9.33608398e+00
 1.53407227e+01
 1.65338989e+01
 2.24604431e+01
 2.55435425e+01
 2.78946167e+01
 1.99357544e+01
 1.52944885e+01
 8.64751587e+00
 2.51705322e+00
 1.40633545e+00
 5.70821533e+00
 1.03547913e+01
 1.02203613e+01
 1.72991272e+01
 2.38067566e+01
 2.68671509e+01
 2.41001221e+01
 2.43258911e+01
 1.25006348e+01
 5.75585327e+00
 3.88503418e+00
 6.18248901e+00
 4.94689331e+00
 1.09445740e+01
 1.36241699e+01
 1.56762939e+01
 2.25742432e+01
 2.61717468e+01
 2.63258606e+01
 1.80407043e+01
 1.40675903e+01
 9.51580200e+00
 6.67229614e+00
 5.54122314e+00
 6.67626343e+00
 5.75307617e+00
 1.18525024e+01
 1.56473328e+01
 2.19912964e+01
 2.77274719e+01
 2.52072998e+01
 2.03052917e+01
 1.31297852e+01
 8.41124878e+00
 5.03664551e+00
 4.95977173e+00
 5.06463013e+00
 6.68905029e+00
 1.21475769e+01
 1.54330688e+01
 2.50655457e+01
 2.60740601e+01
 2.32961975e+01
 1.84096008e+01
 1.16880737e+01
 5.38646851e+00
 6.14830933e+00
 8.18279419e+00
 7.56270752e+00
 9.60894165e+00
 1.46723877e+01
 1.76718079e+01
 2.46844421e+01
 2.46249634e+01
 2.33800293e+01
 1.99114319e+01
 1.24683777e+01
 1.11375671e+01
 5.69713745e+00
 1.60347900e+00
 6.38356934e+00
 8.55004272e+00
 1.48351379e+01
 1.62565857e+01
 2.37253052e+01
 2.72417847e+01
 2.68374878e+01
 2.12510010e+01
 1.39641663e+01
 9.84780273e+00
 5.74929199e+00
 3.48488770e+00
 3.36403809e+00
 7.94170532e+00
 1.32376343e+01
 1.63406616e+01
 2.03218018e+01
 2.47087036e+01
 2.58471619e+01
 1.87653442e+01
 1.25969177e+01
 5.37987671e+00
 6.29931030e+00
 4.34774170e+00
 6.06295166e+00
 8.25820313e+00
 1.49652649e+01
 1.87075439e+01
 2.55642944e+01
 2.78576599e+01
 2.62714783e+01
 1.83597351e+01
 1.81837097e+01
 1.02793823e+01
 6.79485474e+00
 2.75951538e+00
 8.41811523e+00
 1.01455933e+01
 1.31799255e+01
 1.76902710e+01
 2.16498047e+01
 2.65732666e+01
 2.39207397e+01
 2.25066162e+01
 1.23027588e+01
 8.06282959e+00
 3.99465332e+00
 3.02364502e+00
 4.43792114e+00
 7.70830688e+00
 1.26321350e+01
 1.58545471e+01
 2.22218872e+01
 2.42153259e+01
 2.83495422e+01
 2.21961914e+01
 1.18784424e+01
 7.89797363e+00
 7.19811401e+00
 5.71471558e+00
 5.73998413e+00
 8.41567383e+00
 1.16625610e+01
 1.49106995e+01
 1.97093445e+01
 2.64153992e+01
 2.59697815e+01
 1.96743103e+01
 1.52281738e+01
 9.97060547e+00
 5.66683350e+00
 3.85704956e+00
 7.57863770e+00
 1.04413391e+01
 1.35559326e+01
 2.02267700e+01
 2.70331970e+01
 2.80295959e+01
 2.44234253e+01
 2.04174438e+01
 1.47235657e+01
 1.22228027e+01
 7.98250732e+00
 2.97515259e+00
 5.87398682e+00
 1.26384827e+01
 1.43313538e+01
 1.90175415e+01
 2.24174744e+01
 3.02542664e+01
 2.67280823e+01
 1.98731628e+01
 1.62294861e+01
 9.44335327e+00
 4.26864014e+00
 5.97539673e+00
 1.57467041e+00
 7.05883179e+00
 1.41296021e+01
 1.91661011e+01
 2.59750916e+01
 2.75842529e+01
 2.52401062e+01
 1.92627502e+01
 1.37593628e+01
 8.95244751e+00
 2.80693970e+00
 2.80095825e+00
 7.69658813e+00
 9.48989258e+00
 1.28217712e+01
 1.78093201e+01
 2.16867615e+01
 2.82643677e+01
 2.28829285e+01
 1.72648865e+01
 1.37812134e+01
 1.11556946e+01
 6.62389526e+00
 8.27028809e+00
 8.85381470e+00
 7.77343140e+00
 1.32109619e+01
 1.53351685e+01
 2.06697327e+01
 2.46387878e+01
 2.36040894e+01
 1.88015076e+01
 1.51342712e+01
 4.11016235e+00
 7.13317261e+00
 8.32518921e+00
 6.85213623e+00
 9.04427490e+00
 1.28118530e+01
 1.62416931e+01
 2.26144958e+01
 2.92644592e+01
 2.69070984e+01
 2.03869568e+01
 1.69489380e+01
 1.09030090e+01
 5.84215698e+00
 2.58419189e+00
 5.71596680e+00
 9.77379761e+00
 1.51433655e+01
 1.85263000e+01
 2.37694031e+01
 2.45198914e+01
 2.90266052e+01
 2.33317505e+01
 1.52935120e+01
 9.35262451e+00
 3.85567627e+00
 3.36678467e+00
 6.81612549e+00
 8.60622559e+00
 1.13470398e+01
 1.80636536e+01
 2.50057922e+01
 2.78522888e+01
 2.72102295e+01
 2.25556580e+01
 1.56979309e+01
 8.46709595e+00
 2.78093872e+00
 1.74434814e+00
 4.62932739e+00
 9.54851685e+00
 1.61189514e+01
 2.13572937e+01
 2.80423523e+01
 2.87103821e+01
 2.97759338e+01
 2.36213928e+01
 1.50831848e+01
 1.13118530e+01
 5.02391968e+00
 2.18950806e+00
 5.30678711e+00
 8.32412109e+00
 1.28655334e+01
 1.84704224e+01
 2.45085388e+01
 3.17260681e+01
 2.47695862e+01
 2.06288086e+01
 1.46880127e+01
 9.16808472e+00
 7.25429688e+00
 5.95861206e+00
 4.36205444e+00
 1.05837646e+01
 1.38218628e+01
 1.65033813e+01
 2.11632019e+01
 2.46860291e+01
 2.54328552e+01
 1.85457397e+01
 1.10552307e+01
 5.84197388e+00
 8.61007080e+00
 9.31267700e+00
 5.59218750e+00
 1.01873718e+01
 1.42737671e+01
 1.83001038e+01
 2.34840027e+01
 2.47745605e+01
 2.49415833e+01
 2.02423340e+01
 1.28430115e+01
 9.85344849e+00
 8.36077271e+00
 4.55355225e+00
 3.99169312e+00
 8.94237671e+00
 1.49277588e+01
 1.80951782e+01
 2.29979797e+01
 2.67726379e+01
 2.51372009e+01
 2.33490234e+01
 1.46594177e+01
 9.57674561e+00
 5.24288330e+00
 6.61556396e+00
 8.38295898e+00
 8.91018066e+00
 1.21589294e+01
 1.72405334e+01
 2.17947937e+01
 2.41968323e+01
 2.79075867e+01
 2.08391968e+01
 1.84176880e+01
 8.80837402e+00
 8.71071777e+00
