 -7.09875488e-01
 4.26778564e+00
 5.05068359e+00
 8.57659302e+00
 1.63880249e+01
 1.93444153e+01
 1.65394226e+01
 1.91484009e+01
 1.56086975e+01
 9.69005737e+00
 2.43801270e+00
 -4.75159302e+00
 2.41503296e+00
 1.14931641e+00
 6.03780518e+00
 1.28592163e+01
 1.43525330e+01
 1.57714783e+01
 1.77537781e+01
 1.97094666e+01
 1.38541809e+01
 7.88344727e+00
 3.37166748e+00
 -6.58243408e+00
 -3.78168335e+00
 3.62941895e+00
 6.88448486e+00
 1.15603577e+01
 1.25669495e+01
 1.81856323e+01
 1.93614136e+01
 1.92151123e+01
 1.37708069e+01
 8.38698730e+00
 4.40062866e+00
 -9.47088623e-01
 -1.34601440e+00
 1.68389282e+00
 5.51192627e+00
 9.36907349e+00
 1.39781738e+01
 1.82765137e+01
 1.97906433e+01
 1.83129822e+01
 1.58078857e+01
 1.09916016e+01
 7.92696533e+00
 -8.19097900e-01
 -2.02149048e+00
 1.41240845e+00
 5.92196045e+00
 1.41412292e+01
 1.08801208e+01
 1.68904663e+01
 1.81472412e+01
 1.73481689e+01
 1.39449402e+01
 9.61330566e+00
 4.34096680e+00
 -2.28296509e+00
 -4.41635742e+00
 2.47371826e+00
 1.05438477e+01
 1.12326294e+01
 1.41925293e+01
 1.53754822e+01
 1.73001648e+01
 1.70759216e+01
 1.38377625e+01
 7.24938354e+00
 7.22335205e+00
 3.24822998e-01
 2.02791748e+00
 1.63784180e+00
 5.45653687e+00
 1.11893860e+01
 1.71343628e+01
 1.89494873e+01
 2.07266785e+01
 1.72542053e+01
 1.32162109e+01
 9.61205444e+00
 4.61199341e+00
 1.87410889e+00
 -1.88748779e+00
 -8.61975098e-01
 6.22207031e+00
 9.07662354e+00
 1.50889526e+01
 1.43018127e+01
 1.91271912e+01
 1.88584229e+01
 1.40918518e+01
 1.05792786e+01
 4.14562378e+00
 -1.54120483e+00
 3.89001465e-01
 5.73714600e+00
 2.59578857e+00
 1.12333008e+01
 1.24308411e+01
 1.85948425e+01
 1.97171265e+01
 1.73495117e+01
 1.27174011e+01
 1.03164001e+01
 5.61977539e+00
 3.26287842e-01
 3.49376831e+00
 6.33202515e+00
 1.19641968e+01
 9.96499023e+00
 1.48281494e+01
 1.86794678e+01
 1.91489807e+01
 1.82463928e+01
 1.38312317e+01
 9.66112671e+00
 3.17861328e+00
 4.94323120e+00
 2.44573364e+00
 5.77910767e+00
 5.91250000e+00
 1.31254822e+01
 1.24076782e+01
 1.68630615e+01
 2.05098511e+01
 1.59345337e+01
 1.43738953e+01
 1.04605042e+01
 6.45330200e+00
 8.54333496e-01
 -4.01831055e-01
 5.12127075e+00
 8.20363770e+00
 7.85570679e+00
 1.29803711e+01
 1.69764954e+01
 2.13424316e+01
 1.85459534e+01
 1.30161987e+01
 1.13315674e+01
 5.81615601e+00
 1.36879883e+00
 2.11712036e+00
 2.53823242e+00
 7.73665771e+00
 9.39013062e+00
 1.38664185e+01
 1.77062012e+01
 1.89428650e+01
 1.75810791e+01
 1.42605225e+01
 1.00353333e+01
 8.12097168e-01
 -3.36707153e+00
 1.89965210e+00
 4.76922607e-01
 5.85942993e+00
 8.34627686e+00
 1.77461182e+01
 1.82149292e+01
 1.95213257e+01
 1.88055969e+01
 1.45086304e+01
 8.01546631e+00
 8.52465210e+00
 7.37237549e-01
 -1.58395996e+00
 4.45745239e+00
 5.56688843e+00
 1.43610168e+01
 1.42146240e+01
 1.72253662e+01
 2.05040527e+01
 1.90349060e+01
 1.48079773e+01
 1.15040222e+01
 7.47576294e+00
 1.59752808e+00
 -2.62137451e+00
 -2.15460205e-01
 4.13363037e+00
 1.00964905e+01
 1.45694519e+01
 1.72159668e+01
 2.21300293e+01
 1.71176697e+01
 1.54846436e+01
 1.22777649e+01
 3.89089355e+00
 2.03362427e+00
 -5.00629272e+00
 -4.13883057e+00
 1.16195068e+00
 9.23464355e+00
 1.44496399e+01
 1.55937134e+01
 1.91232544e+01
 1.95988708e+01
 1.63107239e+01
 8.49538574e+00
 3.05492554e+00
 -2.02832642e+00
 -1.48090210e+00
 1.06134033e-01
 5.46523438e+00
 8.74270020e+00
 1.31292358e+01
 1.71346680e+01
 2.02495056e+01
 1.84750916e+01
 1.54158264e+01
 9.69411621e+00
 4.29937134e+00
 -1.83731689e+00
 -1.36026611e+00
 4.08721313e+00
 3.80001221e+00
 9.23070679e+00
 1.42825562e+01
 1.76379028e+01
 2.01192566e+01
 1.80959412e+01
 1.48479553e+01
 8.67226563e+00
 1.97796021e+00
 3.65899658e-01
 9.23181152e-01
 4.84459839e+00
 7.25994263e+00
 1.01172119e+01
 1.49067322e+01
 1.73057800e+01
 1.90139709e+01
 1.73016602e+01
 1.46409546e+01
 9.94771729e+00
 1.93901978e+00
 -3.25058594e+00
 -1.14441528e+00
 2.53655396e+00
 5.31228027e+00
 9.02919922e+00
 1.14974915e+01
 1.52176147e+01
 1.73183228e+01
 1.93160950e+01
 1.39468933e+01
 1.03562256e+01
 3.83776245e+00
 -4.29755249e+00
 -7.53302002e-01
 -7.42011108e+00
 9.10228882e+00
 1.27277161e+01
 1.54836060e+01
 1.82365662e+01
 2.01890503e+01
 2.03735291e+01
 1.65455872e+01
 9.78594360e+00
 8.55449829e+00
 -1.31394043e+00
 4.61669312e+00
 3.14141235e+00
 7.54290161e+00
 1.16432129e+01
 1.43375793e+01
 1.80583435e+01
 1.99496704e+01
 1.87249390e+01
 1.52023254e+01
 1.07696472e+01
 4.37075195e+00
 3.16066895e+00
 3.76317749e+00
 1.32592773e-01
 2.92019043e+00
 6.84774170e+00
 1.34143005e+01
 1.71119324e+01
 2.10278870e+01
 1.85001465e+01
 1.40033203e+01
 1.16543823e+01
 5.60430298e+00
 4.39656982e+00
 4.30916748e+00
 4.25661621e+00
 4.62243042e+00
 1.46241699e+01
 1.35462280e+01
 1.63728577e+01
 2.00033203e+01
 1.69108826e+01
 1.61126648e+01
 7.71248779e+00
 5.13390503e+00
 -2.60748901e+00
 -2.54440918e+00
 1.31029663e+00
 5.53420410e+00
 1.28649536e+01
 1.22791382e+01
 1.75209595e+01
 1.95077454e+01
 1.78963562e+01
 1.42243286e+01
 9.58504639e+00
 4.06774292e+00
 1.09227905e+00
 -7.83087158e-01
 -1.05551758e+00
 3.82970581e+00
 9.18483887e+00
 1.27860352e+01
 1.76671082e+01
 1.92792908e+01
 1.85757690e+01
 1.51025635e+01
 7.99181519e+00
 1.20165405e+00
 -1.87070312e+00
 -1.84030762e+00
 2.63726196e+00
 3.60964355e+00
 9.44124756e+00
 1.52683044e+01
 1.54183594e+01
 1.79164673e+01
 1.90641418e+01
 1.38705688e+01
 6.35729370e+00
 6.99846802e+00
 -3.79797363e-01
 -7.80340576e-01
 1.94879150e-01
 4.50747070e+00
 1.47766052e+01
 1.75555359e+01
 1.58012024e+01
 2.12426086e+01
 1.80066467e+01
 1.42337585e+01
 1.10044800e+01
 6.90880737e+00
 4.58913574e+00
 3.33910522e+00
 -3.79474487e+00
 4.35885010e+00
 9.73458252e+00
 1.39222351e+01
 1.61490417e+01
 1.77950989e+01
 1.65403381e+01
 1.49133240e+01
 8.31176147e+00
 4.43010864e+00
 2.43712769e+00
 2.59835205e+00
 5.12374268e+00
 6.48876343e+00
 1.15203491e+01
 1.53770386e+01
 1.90436035e+01
 1.81279236e+01
 1.73204285e+01
 1.57948547e+01
 7.92028198e+00
 7.08822021e+00
 2.95397339e+00
 1.48946533e+00
 3.03927002e+00
 4.37380371e+00
 7.44484863e+00
 1.40835205e+01
 1.77453247e+01
 2.05555664e+01
 1.85679260e+01
 1.33211304e+01
 1.15771118e+01
 8.02816162e+00
 3.53862915e+00
 7.38061523e-01
 3.77810059e+00
 4.98839722e+00
 1.17505737e+01
 1.45680176e+01
 1.58558899e+01
 1.92876831e+01
 1.89236084e+01
 1.83508240e+01
 9.68969116e+00
 2.90532837e+00
 -5.39447632e+00
 -8.22271729e-01
 1.23995361e+00
 6.20729980e+00
 1.15533997e+01
 1.55692688e+01
 1.81751038e+01
 2.06730286e+01
 1.86136719e+01
 1.55112244e+01
 1.23651062e+01
 9.37697754e+00
 1.84575806e+00
 -8.04663086e-01
 1.55245361e+00
 7.73269043e+00
 1.26377197e+01
 1.73253723e+01
 1.90952698e+01
 2.02886597e+01
 1.90692078e+01
 1.44608093e+01
 1.40871521e+01
 3.16558228e+00
 2.80431519e+00
 6.12972412e+00
 3.77437744e+00
 8.39208374e+00
 1.02440430e+01
 1.69262634e+01
 1.53974548e+01
 1.93080078e+01
 1.88484131e+01
 1.57408997e+01
 8.09636841e+00
 2.28210449e-02
 2.25536499e+00
 2.86107788e+00
 6.07326660e+00
 7.61116943e+00
 1.40980164e+01
 1.45801331e+01
 1.76402832e+01
 2.01997009e+01
 2.00670715e+01
 1.71795898e+01
 1.05946289e+01
 4.29744873e+00
 3.12185059e+00
 3.75909424e-01
 1.39675293e+00
 6.70922241e+00
 1.16247192e+01
 1.40320984e+01
 1.74661804e+01
 2.17801453e+01
 2.17547241e+01
 1.51884399e+01
 1.10931946e+01
 5.80550537e+00
 1.77484131e-01
 7.84851074e-02
 7.07055664e-01
 6.25814209e+00
 1.24058167e+01
 1.30796143e+01
 1.80704285e+01
 1.97693420e+01
 1.74654175e+01
 1.58497864e+01
 1.16137024e+01
 6.54821167e+00
 -2.17246094e+00
 -1.18942871e+00
 3.26955566e+00
 9.77581177e+00
 9.77626953e+00
 1.44186951e+01
 1.82628113e+01
 1.85315796e+01
 1.52041260e+01
 1.69364258e+01
 1.21054321e+01
 6.37481079e+00
 4.02626953e+00
 7.18591309e-01
 3.36141357e+00
 7.47045288e+00
 1.53818909e+01
 1.73576904e+01
 1.83558899e+01
 2.10641113e+01
 1.87863708e+01
 1.42789856e+01
 1.10729004e+01
 3.37008057e+00
 -1.37113037e+00
 5.01333008e+00
 2.20937500e+00
 6.29372559e+00
 1.06229187e+01
 1.61382385e+01
 1.77549377e+01
 1.99265686e+01
 1.98579956e+01
 1.64851013e+01
 1.34842468e+01
 2.97832642e+00
 -3.49997559e+00
 -1.17951050e+00
 1.40157471e+00
 8.78682861e+00
 1.21048218e+01
 1.59251953e+01
 1.94107910e+01
 1.91466614e+01
 1.93757874e+01
 1.28369385e+01
 6.07946167e+00
 4.85875854e+00
 4.70647583e+00
 -7.84918213e-01
 5.57698975e+00
 4.98397217e+00
 9.70794067e+00
 1.24809509e+01
 1.78668457e+01
 2.14802795e+01
 2.03685547e+01
 1.51094604e+01
 9.79427490e+00
 5.25878296e+00
 1.00032959e+00
 1.83809814e+00
 2.31282959e+00
 3.62905273e+00
 9.57122192e+00
 1.37111755e+01
 1.77650391e+01
 1.89364563e+01
 1.84005981e+01
 1.44361816e+01
 1.06180054e+01
 2.50399170e+00
 3.67025146e+00
 3.86071777e-01
 4.55291138e+00
 8.60927734e+00
 1.39958435e+01
 1.65572144e+01
 1.76378418e+01
 2.19377686e+01
 1.99953552e+01
 1.53219543e+01
 1.26922241e+01
 5.45964966e+00
 -5.97192993e+00
 -1.34912720e+00
 8.47988281e+00
 8.48565063e+00
 1.35613647e+01
 1.60161682e+01
 1.70293823e+01
 2.06343628e+01
 2.04860779e+01
 1.50078674e+01
 1.18824097e+01
 7.44982300e+00
 1.13997803e+00
 4.08504639e+00
 4.22435913e+00
 7.65557251e+00
 1.17434937e+01
 1.51812378e+01
 1.88534485e+01
 2.06323181e+01
 2.05844360e+01
 1.61898438e+01
 9.80428467e+00
 9.00948486e+00
 1.69954834e+00
 2.67507324e+00
 4.85332642e+00
 6.11739502e+00
 9.37697754e+00
 1.52066284e+01
 1.65574280e+01
 2.12890259e+01
 2.05740295e+01
 1.27226807e+01
 1.02282654e+01
 5.42565308e+00
 1.92516479e+00
 1.48223267e+00
 2.92809448e+00
 7.27156982e+00
 1.27997070e+01
 1.71726013e+01
 1.94240662e+01
 1.87584473e+01
 1.84069458e+01
 1.52804504e+01
 1.00532166e+01
 5.04348145e+00
 3.32219849e+00
 2.24416504e+00
 1.05401611e-01
 8.93474731e+00
 1.00986572e+01
 1.34586121e+01
 1.71738525e+01
 1.97747437e+01
 1.79416138e+01
 1.57040039e+01
 1.06053406e+01
 5.20723877e+00
 -1.92401733e+00
 4.22384033e+00
 2.61129150e+00
 6.65828857e+00
 9.96087036e+00
 1.34354797e+01
 1.78837830e+01
 1.73763367e+01
 1.68518921e+01
 1.63950134e+01
 1.21830994e+01
 5.19729004e+00
 4.60687256e-01
 -2.96411743e+00
 1.01979980e+00
 5.43154297e+00
 1.10573059e+01
 1.46275574e+01
 1.72988525e+01
 1.94563843e+01
 1.97650696e+01
 1.41407410e+01
 1.03823181e+01
 4.71346436e+00
 2.18914185e+00
 2.19484863e+00
 7.09575806e+00
 6.92672119e+00
 1.39729553e+01
 1.53568054e+01
 1.66899048e+01
 2.26941162e+01
 1.87696167e+01
 1.56723267e+01
 8.61263428e+00
 6.32695923e+00
 2.53542480e+00
 1.95473633e+00
 2.64498291e+00
 7.77678833e+00
 1.09495178e+01
 1.75634705e+01
 1.73419128e+01
 2.01539856e+01
 2.04490601e+01
 1.60144897e+01
 1.34689575e+01
 6.11538086e+00
 5.71056519e+00
 3.11098633e+00
 3.71346436e+00
 6.74080811e+00
 1.11354309e+01
 1.66911560e+01
 1.94088379e+01
 1.86257568e+01
 1.96481262e+01
 1.23320862e+01
 1.09991699e+01
 2.88448486e+00
 2.43584595e+00
 7.94763184e-01
 1.23058472e+00
 7.59740601e+00
 1.01836182e+01
 1.78729187e+01
 2.01436707e+01
 2.22672974e+01
 1.96327759e+01
 1.49152466e+01
 9.60326538e+00
 6.48790894e+00
 1.00835571e+00
 -1.01737061e+00
 2.66451416e+00
 7.48995361e+00
 1.24540344e+01
 1.45986267e+01
 1.84919983e+01
 2.12734009e+01
 1.83229004e+01
 1.82917419e+01
 1.05817200e+01
 2.43666992e+00
 -1.70703735e+00
 -1.04245605e+00
 -1.81903687e+00
 6.61965332e+00
 9.48906860e+00
 1.44749084e+01
 1.77939697e+01
 2.05037781e+01
 1.95298096e+01
 1.52042480e+01
 1.16294495e+01
 4.63405762e+00
 6.72540283e-01
 -2.45889893e+00
 2.06862793e+00
 3.74364624e+00
 8.66036377e+00
 1.31775452e+01
 1.77616211e+01
 1.93456360e+01
 1.96758362e+01
 1.61541992e+01
 1.38731628e+01
 8.71676025e+00
 5.97185669e+00
 2.70235596e+00
 2.32354126e+00
 2.83544312e+00
 1.15353333e+01
 1.52261902e+01
 1.68727051e+01
 2.05689636e+01
 1.94616943e+01
 1.76747681e+01
 1.20821167e+01
 4.05425415e+00
 3.81860352e-01
 3.95806885e-01
 1.76772461e+00
 6.21138916e+00
 9.40535889e+00
 1.26343018e+01
 1.87398621e+01
 2.18325134e+01
 2.03202148e+01
 1.75928894e+01
 1.38278748e+01
 2.52379761e+00
 3.73046265e+00
 1.02282104e+00
 3.59673462e+00
 6.20086060e+00
 1.10553223e+01
 1.58881775e+01
 1.79676453e+01
 2.06422363e+01
 2.07260071e+01
 1.62519775e+01
 1.16608521e+01
 6.27025757e+00
 5.18752441e+00
 6.54577026e+00
 6.19063721e+00
 5.79323730e+00
 1.04476868e+01
 1.41130005e+01
 1.98834473e+01
 2.01294800e+01
 1.97909485e+01
 1.76394897e+01
 1.31496521e+01
 6.50979004e+00
 2.79525146e+00
 4.10173950e+00
 3.10891113e+00
 6.80236206e+00
 1.01121460e+01
 1.53232971e+01
 1.80139099e+01
 2.11971069e+01
 2.09881531e+01
 1.54581848e+01
 1.45291992e+01
 5.93786011e+00
 3.04384766e+00
 -2.09140625e+00
 -5.89697266e-01
 6.17644653e+00
 1.27338501e+01
 1.71594482e+01
 1.70867859e+01
 2.01472717e+01
 1.97441650e+01
 1.83171326e+01
 9.19259033e+00
 8.59337769e+00
 4.69393311e+00
 6.64537964e+00
 5.17522583e+00
 6.37725220e+00
 1.18729492e+01
 1.71031738e+01
 1.87074219e+01
 2.03476807e+01
 1.90314270e+01
 1.50491272e+01
 1.33213440e+01
 3.30135498e+00
 3.14791260e+00
 2.51763306e+00
 4.66680298e+00
 8.64492188e+00
 1.18754517e+01
 1.57909180e+01
 1.47223450e+01
 1.84882446e+01
 1.97160583e+01
 1.60454956e+01
 1.15480591e+01
 6.19545898e+00
 4.09276733e+00
 3.34914551e+00
 8.88768921e+00
 8.96526489e+00
 1.08328491e+01
 1.84516541e+01
 2.23176208e+01
 2.02972046e+01
 2.04947754e+01
 1.57166077e+01
 9.11440430e+00
 5.12362061e+00
 3.63729248e+00
 2.30614624e+00
 4.08242188e+00
 5.85677490e+00
 1.23445374e+01
 1.34486328e+01
 1.66736389e+01
 2.31566711e+01
 2.04519897e+01
 1.57000977e+01
 1.05568176e+01
 7.65905151e+00
 2.03344116e+00
 5.21978149e+00
 4.92177734e+00
 8.07961426e+00
 1.40247742e+01
 1.94116455e+01
 1.99131714e+01
 2.25147034e+01
 1.99784790e+01
 1.64874817e+01
 1.44484497e+01
 5.32085571e+00
 1.76220093e+00
 -1.18359985e+00
 5.48037109e+00
 6.96105347e+00
 1.42814575e+01
 1.62791687e+01
 2.09395691e+01
 2.43158813e+01
 2.03007446e+01
 1.63606201e+01
 1.08676697e+01
 4.82393799e+00
 7.21148071e+00
 4.84603271e+00
 2.86763916e+00
 5.87935791e+00
 1.23478333e+01
 1.50411621e+01
 1.96450134e+01
 2.17719360e+01
 1.97593933e+01
 1.58332458e+01
 1.48341003e+01
 6.65676270e+00
 4.18328247e+00
 2.69707642e+00
 5.86977539e+00
 5.37706909e+00
 9.07204590e+00
 1.39004761e+01
 1.95377136e+01
 2.25857483e+01
 2.24229065e+01
 1.42871948e+01
 1.30146118e+01
 5.07192383e+00
 4.75301514e+00
 3.06652222e+00
 7.82601318e+00
 8.49434814e+00
 1.11018616e+01
 1.52863403e+01
 2.08144470e+01
 1.98426147e+01
 1.99449707e+01
 1.62740723e+01
 1.09506775e+01
 7.51030884e+00
 1.18901978e+00
 3.71895752e+00
 4.62926636e+00
 6.36385498e+00
 9.75515137e+00
 1.60787598e+01
 1.72763916e+01
 2.26007629e+01
 1.75375000e+01
 1.60794617e+01
 1.16784302e+01
 9.44558105e+00
 5.03865967e+00
 2.26647339e+00
 2.55996094e+00
 7.80510864e+00
 1.29684692e+01
 1.49257751e+01
 1.85515381e+01
 1.88207642e+01
 1.97176453e+01
 1.36427551e+01
 1.17148682e+01
 4.27474365e+00
 -2.63727417e+00
 4.99444580e-01
 9.45092773e-01
 6.49599609e+00
 1.39570862e+01
 1.63962341e+01
 2.15334717e+01
 2.07906433e+01
 1.85227295e+01
 1.50986267e+01
 1.07696472e+01
 7.57760010e+00
 6.06438599e+00
 3.58236084e+00
 3.01592407e+00
 6.29488525e+00
 9.32518921e+00
 1.68040100e+01
 1.97192017e+01
 2.12673279e+01
 1.94670654e+01
 1.52893005e+01
 9.87059937e+00
 4.89415894e+00
 6.35698853e+00
 5.51137695e+00
 6.12624512e+00
 7.14812622e+00
 1.06310364e+01
 1.65634399e+01
 2.10282837e+01
 2.14773804e+01
 2.17614075e+01
 1.64168640e+01
 1.33311401e+01
 7.64223633e+00
 3.65905151e+00
 4.72066650e+00
 8.34499512e+00
 1.01951843e+01
 1.15389038e+01
 1.39372803e+01
 1.71269165e+01
 2.33920837e+01
 2.04024597e+01
 1.66490417e+01
 1.45023132e+01
 5.39266357e+00
 4.49578857e-01
 4.74419556e+00
 8.94677124e+00
 1.17934204e+01
 1.31119324e+01
 1.66299683e+01
 2.08881165e+01
 2.19612366e+01
 2.07561279e+01
 1.64134155e+01
 1.01849609e+01
 6.76363525e+00
 5.32640991e+00
 -5.52374268e-01
 1.65902100e+00
 8.76561890e+00
 1.29683777e+01
 1.48528992e+01
 2.05916687e+01
 2.27333923e+01
 1.87315918e+01
 1.60403687e+01
 1.36939331e+01
 6.81331787e+00
 5.05596313e+00
 -1.40668335e+00
 4.47200928e+00
 1.00680481e+01
 1.09374634e+01
 1.27725159e+01
 1.89773499e+01
 2.13782593e+01
 2.03225342e+01
 1.81992432e+01
 1.23087708e+01
 4.11861572e+00
 -6.07824707e-01
 2.23778687e+00
 1.51717529e+00
 8.50634155e+00
 1.37682129e+01
 1.80901123e+01
 1.98032471e+01
 2.47092529e+01
 2.21223389e+01
 1.65703369e+01
 9.42827759e+00
 5.03441772e+00
 5.97716675e+00
 5.11565552e+00
 6.64898071e+00
 1.16442200e+01
 1.41091248e+01
 1.85749451e+01
 2.15819031e+01
 2.37709595e+01
 2.20765625e+01
 1.68098083e+01
 1.49499451e+01
 8.62139282e+00
 2.29241333e+00
 5.84618530e+00
 4.16521606e+00
 7.88378296e+00
 1.26140686e+01
 1.92708069e+01
 2.18269287e+01
 2.40461365e+01
 2.44440857e+01
 2.05374390e+01
 1.23012024e+01
 6.38649902e+00
 1.02520142e+00
 2.10756836e+00
 3.45778809e+00
 7.04992065e+00
 1.19980408e+01
 1.59569641e+01
 2.19398438e+01
 2.06583191e+01
 2.33969666e+01
 1.87895142e+01
 1.43280884e+01
 1.13087097e+01
 4.87877808e+00
 2.63601074e+00
 2.58101807e+00
 7.38280640e+00
 1.43597961e+01
 1.55244385e+01
 2.09797607e+01
 2.23644043e+01
 2.02610718e+01
 1.77910706e+01
 1.21878601e+01
 9.62301025e+00
 2.78798828e+00
 2.09575806e+00
 5.88704834e+00
 1.02963501e+01
 1.42982727e+01
 1.56482483e+01
 1.95469910e+01
 2.13864075e+01
 2.11059204e+01
 1.72187439e+01
 1.28420654e+01
 7.80538330e+00
 -4.22491455e-01
 -3.09741821e+00
 7.23223267e+00
 1.41880127e+01
 1.51463562e+01
 1.40421692e+01
 2.13438965e+01
 2.00356689e+01
 2.17488953e+01
 1.61748901e+01
 1.26227051e+01
 7.65447388e+00
 4.05339966e+00
 -3.47827759e+00
 3.19094238e+00
 5.80989990e+00
 9.70806274e+00
 1.49129272e+01
 1.98185059e+01
 2.00338989e+01
 2.09940735e+01
 1.91541687e+01
 1.47664124e+01
 7.19072876e+00
 6.88942871e+00
 4.65380249e+00
 6.13250122e+00
 8.86315308e+00
 1.35078674e+01
 1.50834595e+01
 1.97323547e+01
 2.13410278e+01
 2.18981262e+01
 1.81006104e+01
 1.17553955e+01
 4.09301147e+00
 3.06527100e+00
 1.26290283e+00
 4.72192383e-01
 5.70848999e+00
 1.15317322e+01
 1.41793152e+01
 1.81387268e+01
 2.18597046e+01
 1.90392090e+01
 1.60072266e+01
 1.20001770e+01
 4.55114136e+00
 4.15673828e-01
 2.85387573e+00
 4.47020874e+00
 6.95302734e+00
 1.26605774e+01
 1.67857910e+01
 1.83923279e+01
 2.02304321e+01
 1.94385315e+01
 1.81374146e+01
 1.16928650e+01
 4.64983521e+00
 -1.38718262e+00
 -4.90274658e+00
 1.58278809e+00
 9.89608154e+00
 1.23242126e+01
 1.82364441e+01
 2.14033447e+01
 2.17533813e+01
 1.94148499e+01
 1.75558716e+01
 1.35131470e+01
 8.89531860e+00
 1.53875122e+00
 3.59551392e+00
 6.03804932e+00
 8.07125244e+00
 1.15831848e+01
 1.54923340e+01
 2.02745911e+01
 2.26494080e+01
 2.19492432e+01
 1.83564087e+01
 1.40507751e+01
 1.00003601e+01
 7.94588623e+00
 -4.00671387e-01
 2.71318970e+00
 8.19585571e+00
 1.38570496e+01
 1.78806396e+01
 2.09466492e+01
 2.41597534e+01
 2.18729492e+01
 1.56810547e+01
 1.42183472e+01
 4.61611328e+00
 1.60070190e+00
 4.95180664e+00
 5.62975464e+00
 7.47796021e+00
 1.27319580e+01
 1.67383057e+01
 2.05781189e+01
 2.28378845e+01
 2.30968872e+01
 1.90397888e+01
 1.24364258e+01
 8.34002075e+00
 3.70452271e+00
 6.77016602e+00
 5.46691284e+00
 6.03612671e+00
 1.44209534e+01
 1.60148254e+01
 2.06397949e+01
 2.42253662e+01
 2.19915710e+01
 1.76302429e+01
 1.23336426e+01
 6.83095703e+00
 4.09014282e+00
