 -3.33688965e+00
 -1.00150146e+00
 1.92690430e+00
 8.09200439e+00
 1.21024719e+01
 1.77032715e+01
 1.93534485e+01
 2.10699097e+01
 1.63912292e+01
 1.16176697e+01
 7.25078735e+00
 1.67156372e+00
 7.98150635e-01
 -4.98449707e-01
 -4.51110840e-02
 9.18331299e+00
 1.25988708e+01
 1.59492126e+01
 1.99087769e+01
 2.00091187e+01
 1.68630920e+01
 1.14591003e+01
 2.01256714e+00
 -2.32501831e+00
 -4.08298340e+00
 -1.59201660e+00
 3.31142578e+00
 8.59630737e+00
 1.42231995e+01
 1.83569275e+01
 2.43495117e+01
 2.09769531e+01
 1.50331970e+01
 9.48690186e+00
 5.82476196e+00
 3.14544067e+00
 -2.04870605e-01
 -1.61304321e+00
 3.89861450e+00
 7.36907349e+00
 1.18416992e+01
 1.71483704e+01
 2.09698425e+01
 2.17962891e+01
 1.36850830e+01
 8.35787354e+00
 1.91301880e+00
 1.69280396e+00
 2.73787842e+00
 4.15819702e+00
 4.42897949e+00
 1.05142761e+01
 1.34582458e+01
 1.62837769e+01
 2.14571777e+01
 2.15033508e+01
 1.31429077e+01
 8.80648193e+00
 5.87770996e+00
 1.42769775e+00
 1.22606812e+00
 3.28041992e+00
 3.86379395e+00
 8.17611084e+00
 1.32282959e+01
 1.81993958e+01
 2.03429810e+01
 1.81176086e+01
 1.46918884e+01
 1.07312256e+01
 3.18682251e+00
 1.94951782e+00
 -3.23339844e-01
 2.86157227e-01
 6.66283569e+00
 8.72237549e+00
 1.24941650e+01
 1.65083252e+01
 2.06040283e+01
 2.02387634e+01
 1.29796997e+01
 8.11153564e+00
 2.40917358e+00
 3.78704224e+00
 -3.03278198e+00
 -6.31958618e+00
 4.77581177e+00
 7.03695068e+00
 1.27559448e+01
 1.51181274e+01
 2.13785034e+01
 1.78980957e+01
 1.72280212e+01
 8.16506348e+00
 5.12517700e+00
 1.89605103e+00
 3.37536011e+00
 3.54827271e+00
 6.95656738e+00
 6.23900757e+00
 1.28317505e+01
 1.74737793e+01
 2.55248047e+01
 2.18768555e+01
 1.60942932e+01
 7.71209106e+00
 4.88295898e+00
 1.39660034e+00
 1.34737549e+00
 3.15264282e+00
 5.95162354e+00
 6.19078979e+00
 1.21634155e+01
 1.77210327e+01
 2.06703735e+01
 2.19931580e+01
 1.53612610e+01
 5.72255859e+00
 4.95250854e+00
 1.53515015e+00
 7.34490967e-01
 -1.82404175e+00
 1.29692993e+00
 9.25036011e+00
 1.51522766e+01
 1.82669312e+01
 2.14173218e+01
 2.13819519e+01
 1.38888184e+01
 1.13164917e+01
 5.10354004e+00
 2.16103516e+00
 1.14770508e-01
 3.04345703e-01
 5.77327881e+00
 1.01877991e+01
 1.46662537e+01
 1.67525574e+01
 1.95582825e+01
 1.91031433e+01
 1.44892517e+01
 9.89193115e+00
 4.50637207e+00
 -2.55036011e+00
 2.18551025e+00
 2.19075928e+00
 5.57296143e+00
 9.58440552e+00
 1.34536377e+01
 1.57707458e+01
 1.77188049e+01
 2.23214966e+01
 1.56391846e+01
 1.01543518e+01
 3.47728882e+00
 2.07851563e+00
 9.15704346e-01
 1.94609985e+00
 4.21947632e+00
 9.14315186e+00
 1.68109070e+01
 1.95222412e+01
 2.19557434e+01
 2.50909058e+01
 1.70215393e+01
 1.00880981e+01
 6.93142090e+00
 1.70629272e+00
 3.66304932e+00
 4.04827271e+00
 2.95208130e+00
 8.28817139e+00
 1.18866516e+01
 1.79830566e+01
 2.47112976e+01
 1.90801025e+01
 1.37938171e+01
 1.04714294e+01
 3.63488159e+00
 4.39327393e+00
 -1.66806641e+00
 -7.56384277e-01
 5.99779663e+00
 9.22475586e+00
 1.28674866e+01
 1.75404297e+01
 2.11966797e+01
 2.17637268e+01
 1.52074829e+01
 9.38948975e+00
 5.66637573e+00
 -7.75885010e-01
 -1.73895264e-01
 1.19213257e+00
 2.04741821e+00
 8.68218384e+00
 1.22664124e+01
 1.80487610e+01
 2.33189331e+01
 2.26073547e+01
 1.68989197e+01
 9.68496094e+00
 4.88851318e+00
 2.79525146e+00
 1.98351440e+00
 3.95675049e+00
 6.59450684e+00
 8.37038574e+00
 1.29628845e+01
 1.68517700e+01
 1.89801270e+01
 1.86665283e+01
 1.44551941e+01
 9.87691650e+00
 5.00482178e-01
 -1.79935303e+00
 -2.13764038e+00
 1.34722290e+00
 6.11135254e+00
 7.35918579e+00
 1.19952637e+01
 1.96893555e+01
 2.27878662e+01
 2.20631348e+01
 1.71434570e+01
 8.93114624e+00
 7.50768433e+00
 2.45202026e+00
 9.76831055e-01
 -3.60614624e+00
 7.58599854e-01
 7.71370850e+00
 1.49423767e+01
 1.60082947e+01
 2.14429871e+01
 1.89116150e+01
 1.79136292e+01
 1.29446960e+01
 6.37398682e+00
 3.28850708e+00
 1.39046631e+00
 4.53118896e-01
 3.04293213e+00
 1.04269653e+01
 1.34658752e+01
 2.08794189e+01
 2.36808716e+01
 2.41459595e+01
 1.81244446e+01
 9.04384766e+00
 4.20501099e+00
 4.19277344e+00
 3.05434570e+00
 3.21459351e+00
 1.40557251e+00
 9.14196167e+00
 1.19242188e+01
 1.60663391e+01
 1.92659241e+01
 2.22505432e+01
 1.47408081e+01
 9.67653809e+00
 2.79573975e+00
 -6.43225098e-01
 -7.65203857e-01
 2.55095825e+00
 2.00133667e+00
 9.37175903e+00
 1.28555847e+01
 1.77092224e+01
 1.98095032e+01
 2.05385681e+01
 1.37061707e+01
 1.11362549e+01
 4.70797119e+00
 1.48183594e+00
 3.76906738e+00
 3.78231201e+00
 4.34145508e+00
 9.42080078e+00
 1.24502808e+01
 1.69911133e+01
 2.22546326e+01
 1.96144043e+01
 1.44414307e+01
 9.09337769e+00
 4.03862915e+00
 3.48916016e+00
 3.91549072e+00
 4.53289185e+00
 7.26140747e+00
 1.10301147e+01
 1.34106384e+01
 1.96158081e+01
 2.16338440e+01
 2.06864258e+01
 1.58637329e+01
 1.04338318e+01
 6.64382324e+00
 3.49779663e+00
 2.39974365e+00
 3.86815796e+00
 3.79119263e+00
 1.04029175e+01
 1.29225708e+01
 1.82566772e+01
 2.37535950e+01
 2.27993408e+01
 1.70501953e+01
 1.16404053e+01
 4.51445923e+00
 1.19616089e+00
 1.17476807e+00
 2.53518066e+00
 3.83782349e+00
 8.10802612e+00
 1.20598999e+01
 1.60759216e+01
 2.17004028e+01
 2.05311829e+01
 1.43676697e+01
 8.07061157e+00
 3.39876709e+00
 3.73992310e+00
 -9.79064941e-02
 -1.22867432e+00
 5.74739990e+00
 1.09766174e+01
 1.30587708e+01
 1.80520264e+01
 2.17735229e+01
 2.07777649e+01
 1.58876892e+01
 1.06420227e+01
 8.12618408e+00
 3.73012695e+00
 4.61525879e+00
 2.56145630e+00
 3.66884766e+00
 4.43099365e+00
 1.22454773e+01
 1.69342285e+01
 1.99653564e+01
 2.27583557e+01
 1.65373169e+01
 7.88601074e+00
 4.69356689e+00
 2.15120850e+00
 2.74538574e+00
 2.55602417e+00
 4.07814941e+00
 5.92165527e+00
 1.36050354e+01
 1.59215942e+01
 2.07179810e+01
 2.36251160e+01
 1.78292786e+01
 9.81737671e+00
 5.89598999e+00
 2.27944336e+00
 1.64562378e+00
 2.59349976e+00
 7.27886353e+00
 8.63479004e+00
 1.37647339e+01
 1.67099243e+01
 1.97040039e+01
 2.14586121e+01
 1.47038208e+01
 9.74828491e+00
 5.07317505e+00
 -2.18298340e-01
 -1.69495239e+00
 5.61975098e-01
 4.35909424e+00
 9.79265747e+00
 1.45186401e+01
 1.85187927e+01
 2.14653564e+01
 2.04037720e+01
 1.57607056e+01
 1.02351318e+01
 4.39263306e+00
 3.09218750e+00
 3.24459229e+00
 3.42904053e+00
 6.41585693e+00
 8.58275757e+00
 1.25253235e+01
 2.06656128e+01
 2.39626709e+01
 2.33432556e+01
 1.68432556e+01
 1.05223633e+01
 7.36141357e+00
 3.73137817e+00
 1.25457153e+00
 4.73256836e+00
 5.44088135e+00
 9.61330566e+00
 1.63812500e+01
 1.87296997e+01
 2.40012756e+01
 2.20765015e+01
 1.56779114e+01
 1.08125549e+01
 5.33095703e+00
 4.38928223e-01
 4.32970581e+00
 1.94387207e+00
 7.95293579e+00
 1.00345398e+01
 1.18969055e+01
 1.77595154e+01
 2.26784912e+01
 2.33826538e+01
 1.67790771e+01
 1.01058594e+01
 5.39806519e+00
 3.11171875e+00
 1.93117676e+00
 4.42113647e+00
 4.66359863e+00
 1.07191711e+01
 1.43314453e+01
 2.03334595e+01
 2.49648682e+01
 2.19528137e+01
 1.51600281e+01
 7.63906250e+00
 5.34264526e+00
 1.29699097e+00
 -2.19763184e-01
 1.60506592e+00
 7.11654053e+00
 9.99944458e+00
 1.38200623e+01
 1.68781982e+01
 2.08453613e+01
 1.80417114e+01
 1.55938965e+01
 1.17058350e+01
 2.21343384e+00
 -7.96484375e-01
 -3.80734863e+00
 3.10732422e+00
 5.71413574e+00
 9.83596191e+00
 1.50922791e+01
 2.03408447e+01
 2.61083923e+01
 2.33204895e+01
 1.71957031e+01
 1.13848511e+01
 9.41597900e+00
 -3.25299683e+00
 -3.87548828e-01
 -5.49478760e+00
 3.17962036e+00
 8.46700439e+00
 1.29906860e+01
 1.70397583e+01
 2.44853760e+01
 2.16011597e+01
 1.54031311e+01
 1.28903137e+01
 6.01641235e+00
 -1.58725586e+00
 -3.48718872e+00
 -1.26416626e+00
 2.05050049e+00
 8.99160156e+00
 1.40582214e+01
 1.71102844e+01
 1.99311157e+01
 2.26609436e+01
 1.48879639e+01
 1.13448120e+01
 2.91558228e+00
 3.61379395e+00
 1.83568726e+00
 2.81292114e+00
 3.37560425e+00
 1.02526794e+01
 1.53866211e+01
 2.04830261e+01
 2.18160339e+01
 2.25360657e+01
 1.71067444e+01
 1.00541931e+01
 8.86614380e+00
 3.77608643e+00
 1.52193604e+00
 7.16546631e-01
 6.31481323e+00
 6.76998291e+00
 1.33341919e+01
 1.85867554e+01
 2.41509338e+01
 2.18565918e+01
 1.63504272e+01
 9.78008423e+00
 5.26271973e+00
 1.18200073e+00
 1.85924683e+00
 2.07860718e+00
 3.81838379e+00
 8.42269287e+00
 1.36102844e+01
 1.69596802e+01
 2.48326660e+01
 1.88561646e+01
 1.50380798e+01
 8.34862671e+00
 4.80092773e+00
 1.53911743e+00
 2.21151123e+00
 1.50692139e+00
 3.92675171e+00
 1.06430298e+01
 1.34251648e+01
 1.69178101e+01
 2.35236145e+01
 2.24955994e+01
 1.55323425e+01
 1.15685669e+01
 6.61742554e+00
 4.02788696e+00
 -6.21771240e-01
 4.90419922e+00
 4.94597778e+00
 1.12725464e+01
 1.50795532e+01
 2.12045532e+01
 2.50187317e+01
 2.09894653e+01
 1.82148071e+01
 1.37830139e+01
 4.57702026e+00
 9.49395752e-01
 2.55371094e-02
 5.40575562e+00
 3.70278320e+00
 9.33556519e+00
 1.23040100e+01
 1.59417358e+01
 2.14802795e+01
 2.09050537e+01
 1.49314514e+01
 1.03718811e+01
 4.22969971e+00
 1.02510986e+00
 1.16793213e+00
 2.38317261e+00
 3.25802002e+00
 8.00722656e+00
 1.22028442e+01
 1.44821106e+01
 1.86939636e+01
 1.96341797e+01
 1.61983276e+01
 8.16079102e+00
 5.87087402e+00
 3.00002441e+00
 2.14962158e+00
 3.82326660e+00
 6.76567993e+00
 9.84194336e+00
 1.54640442e+01
 2.32189880e+01
 2.62904907e+01
 2.71106506e+01
 1.62176758e+01
 1.11876770e+01
 6.48211060e+00
 1.60341797e+00
 4.88916016e-01
 2.18193970e+00
 5.39421997e+00
 9.49965820e+00
 1.32899719e+01
 1.69126526e+01
 2.32636963e+01
 2.25214478e+01
 1.85393921e+01
 9.50545654e+00
 5.10088501e+00
 1.24428711e+00
 3.23336182e+00
 2.43523560e+00
 5.61071167e+00
 9.47893677e+00
 1.15189148e+01
 1.63847290e+01
 2.35016724e+01
 2.58790833e+01
 1.78314758e+01
 1.28220154e+01
 6.61068115e+00
 -1.16910400e+00
 2.56630859e+00
 1.36940918e+00
 8.83052979e+00
 1.10126282e+01
 1.39768005e+01
 1.84930359e+01
 2.23655029e+01
 2.53466125e+01
 1.57401672e+01
 8.30077515e+00
 5.39983521e+00
 2.35720215e+00
 7.20971680e-01
 1.48864136e+00
 7.40862427e+00
 9.21203003e+00
 1.26837708e+01
 1.69215332e+01
 2.10833984e+01
 2.34112488e+01
 1.83093811e+01
 9.72255859e+00
 7.86446533e+00
 3.32613525e+00
 -1.59085693e+00
 2.46102295e+00
 4.68111572e+00
 9.82546387e+00
 1.68376099e+01
 1.97043701e+01
 2.97481628e+01
 2.34332520e+01
 1.57406250e+01
 8.79912720e+00
 8.41237793e+00
 1.38894043e+00
 1.09807739e+00
 7.15570068e-01
 4.24334106e+00
 1.05668579e+01
 1.42800842e+01
 1.94250122e+01
 2.58954102e+01
 2.13730408e+01
 1.89763428e+01
 9.81157837e+00
 5.21788940e+00
 -3.91071167e+00
 -1.84479370e+00
 2.42904053e+00
 4.16948853e+00
 8.26598511e+00
 1.47644592e+01
 1.99913574e+01
 2.12755676e+01
 2.40866028e+01
 1.52793213e+01
 9.72713623e+00
 7.89953003e+00
 1.96508179e+00
 -2.39263916e-01
 -2.00201416e-01
 5.09612427e+00
 1.07318665e+01
 1.15997253e+01
 1.97070862e+01
 2.26608521e+01
 2.30269409e+01
 1.98955322e+01
 1.19631897e+01
 5.88530884e+00
 2.27465210e+00
 1.04827271e+00
 4.69686279e+00
 7.88250122e+00
 1.14176270e+01
 1.38361450e+01
 1.76047913e+01
 1.95134521e+01
 2.34409119e+01
 1.73606506e+01
 1.27757507e+01
 7.04375610e+00
 3.95217285e+00
 4.46087036e+00
 3.59243164e+00
 6.45629272e+00
 1.24306885e+01
 1.63906189e+01
 1.92346436e+01
 2.44895569e+01
 2.38982483e+01
 1.84516541e+01
 9.90407715e+00
 8.25829468e+00
 -4.04028320e-01
 -1.66553345e+00
 -3.66271973e-02
 3.27034912e+00
 8.97124634e+00
 1.29116455e+01
 1.65633484e+01
 2.23136230e+01
 2.00575500e+01
 1.61159607e+01
 9.79177246e+00
 6.79384766e+00
 -1.66391602e+00
 1.03676758e+00
 1.78927002e+00
 6.06734619e+00
 9.80217896e+00
 1.56706482e+01
 1.75826965e+01
 2.36861206e+01
 2.14594055e+01
 1.76056152e+01
 9.67962036e+00
 2.91304932e+00
 3.10277710e+00
 3.58046875e+00
 4.48464355e+00
 5.17101440e+00
 1.07398010e+01
 1.38946167e+01
 1.89719482e+01
 2.24704529e+01
 1.84357544e+01
 1.56490723e+01
 1.17469116e+01
 3.77358398e+00
 3.10052490e-01
 3.20116577e+00
 4.94851074e+00
 5.29970703e+00
 9.13390503e+00
 1.40010620e+01
 1.63737122e+01
 2.43018433e+01
 2.38524719e+01
 1.46667725e+01
 9.60277710e+00
 3.89055786e+00
 -1.12848511e+00
 -5.73871460e+00
 2.35952148e+00
 8.33703003e+00
 1.24926392e+01
 1.41690002e+01
 1.90469910e+01
 2.29930969e+01
 2.20256592e+01
 1.72932068e+01
 1.28883606e+01
 5.14122925e+00
 3.95955811e+00
 1.39861450e+00
 3.49724731e+00
 5.69701538e+00
 8.71245728e+00
 1.41102234e+01
 1.92428528e+01
 2.40742126e+01
 2.24831787e+01
 1.72494141e+01
 9.15108643e+00
 6.02202759e+00
 1.17101440e+00
 1.04403076e+00
 1.57167969e+00
 5.90816650e+00
 8.14721069e+00
 1.26325317e+01
 1.97069946e+01
 2.30922180e+01
 2.60978027e+01
 1.68328796e+01
 1.08977600e+01
 4.41967163e+00
 -1.12412109e+00
 -2.96921387e+00
 7.90246582e-01
 3.65371094e+00
 1.06176697e+01
 1.53138977e+01
 1.67020203e+01
 2.28177124e+01
 2.05835205e+01
 1.73769470e+01
 1.15833984e+01
 4.76537476e+00
 3.74678955e+00
 4.84353027e+00
 2.19967041e+00
 5.74260864e+00
 9.37203369e+00
 1.55657593e+01
 1.89151855e+01
 2.23298584e+01
 2.31075989e+01
 1.92179504e+01
 1.06366821e+01
 7.09145508e+00
 2.51806030e+00
 2.27541504e+00
 2.61550293e+00
 5.24276123e+00
 1.20555359e+01
 1.59632507e+01
 2.07247864e+01
 2.58489929e+01
 2.39614197e+01
 1.98833252e+01
 1.11462036e+01
 7.44408569e+00
 -4.17120361e-01
 1.94945679e+00
 5.87578735e+00
 7.05046997e+00
 7.77083740e+00
 1.49964233e+01
 1.85528809e+01
 2.72853943e+01
 2.19699036e+01
 2.07732178e+01
 1.22278076e+01
 6.37529907e+00
 7.33026123e-01
 2.10173950e+00
 2.74291382e+00
 5.26650391e+00
 9.97145996e+00
 1.66632324e+01
 1.75904480e+01
 2.22907959e+01
 2.26515747e+01
 1.79495789e+01
 9.21791992e+00
 2.05498657e+00
 1.81133423e+00
 1.13875732e+00
 3.89062500e-01
 6.38686523e+00
 1.03278137e+01
 1.38971191e+01
 1.76202637e+01
 2.12616516e+01
 2.45887085e+01
 1.52772766e+01
 8.78991089e+00
 6.07808838e+00
 2.93477783e+00
 1.78569946e+00
 -5.27960205e-01
 5.03460083e+00
 1.21534668e+01
 1.29132019e+01
 1.96260315e+01
 2.53112122e+01
 2.44595581e+01
 1.66283813e+01
 1.27948547e+01
 6.92635498e+00
 4.67846069e+00
 1.60811768e+00
 6.13808594e+00
 5.63372192e+00
 1.10360046e+01
 1.28830811e+01
 1.60809875e+01
 2.02798401e+01
 2.14569641e+01
 1.42394043e+01
 1.19712769e+01
 5.81835327e+00
 4.58254395e+00
 1.19631348e+00
 5.12954102e+00
 3.94323120e+00
 1.07603088e+01
 1.62410522e+01
 2.37060791e+01
 2.91927124e+01
 2.67299133e+01
 1.79583984e+01
 1.24194885e+01
 7.35885010e+00
 3.08953247e+00
 2.45903931e+00
 6.18432007e+00
 5.86666260e+00
 1.26328674e+01
 1.36037842e+01
 1.72578369e+01
 2.19829346e+01
 1.80324951e+01
 1.43059326e+01
 1.35836731e+01
 4.42669067e+00
 2.81475220e+00
 -3.56473389e+00
 -3.13736572e+00
 4.64083252e+00
 1.04352661e+01
 1.66005493e+01
 1.96792542e+01
 2.34853149e+01
 2.35304810e+01
 1.87806335e+01
 1.32976624e+01
 5.75081787e+00
 2.88680420e+00
 -3.98321533e-01
 6.41717529e-01
 7.55690918e+00
 8.31200562e+00
 1.47771851e+01
 1.85529724e+01
 2.48688904e+01
 2.53341919e+01
 1.69176575e+01
 1.00981995e+01
 6.69442139e+00
 5.25652466e+00
 1.76711426e+00
 2.81392822e+00
 6.35280762e+00
 9.53292236e+00
 1.47838379e+01
 2.07977234e+01
 2.39875122e+01
 2.26820618e+01
 1.92201477e+01
 1.24735352e+01
 7.46642456e+00
 5.54635010e+00
 4.21346436e+00
 4.83861694e+00
 2.68428955e+00
 1.11608826e+01
 1.39874207e+01
 2.08835999e+01
 2.60404907e+01
 2.32542053e+01
 1.78673950e+01
 1.21321960e+01
 6.48702393e+00
 3.80364990e-01
 2.92809448e+00
 3.15538940e+00
 4.20659790e+00
 1.10547729e+01
 1.27392822e+01
 1.76880737e+01
 2.21557556e+01
 2.48301636e+01
 1.73520752e+01
 1.13351685e+01
 5.27056274e+00
 4.54042969e+00
 4.36684570e+00
 6.16677246e+00
 5.19954834e+00
 1.06669861e+01
 1.54077698e+01
 1.98523193e+01
 2.40513245e+01
 2.64587952e+01
 1.98810364e+01
 1.20007263e+01
 7.64248047e+00
 3.78008423e+00
 3.62432251e+00
 3.03008423e+00
 5.98754272e+00
 1.14229065e+01
 1.23646790e+01
 1.81175781e+01
 2.27734924e+01
 1.94731995e+01
 1.64941040e+01
 1.09290100e+01
 5.67299805e+00
 -5.35314941e-01
 -1.18530884e+00
 3.24312744e+00
 4.16170654e+00
 1.14200378e+01
 1.36192871e+01
 2.00089050e+01
 2.43154846e+01
 2.25176941e+01
 1.61745239e+01
 1.14509216e+01
 4.23128662e+00
 5.80804443e-01
 3.60061035e+00
 7.29619751e+00
 5.97039185e+00
 8.40175781e+00
 1.43835999e+01
 2.08171326e+01
 2.33731323e+01
 2.08630310e+01
 1.87827698e+01
 1.15200134e+01
 7.95351563e+00
 1.00191650e+00
 -2.62778320e+00
 -1.10019531e+00
 5.05269775e+00
 1.09432312e+01
 1.55503174e+01
 1.74962708e+01
 2.24720398e+01
 2.27328430e+01
 1.74503113e+01
 1.20540710e+01
 4.97503052e+00
 1.10680542e+00
 3.90120850e+00
 4.67382202e+00
 7.40050659e+00
 9.78054199e+00
 1.44484497e+01
 1.65591980e+01
 2.38228088e+01
 2.49633728e+01
 1.74277283e+01
 1.19783264e+01
 7.91231689e+00
 3.98516235e+00
 3.84401855e+00
 5.05312500e+00
 6.14437256e+00
 1.01563660e+01
 1.39880920e+01
 2.23684937e+01
 2.41722351e+01
 2.40688110e+01
 1.90771729e+01
 1.12037598e+01
 8.90670166e+00
 1.74266968e+00
 1.43865356e+00
 2.05651245e+00
 4.83867798e+00
 1.25750671e+01
 1.40377136e+01
 1.86948181e+01
 2.31694275e+01
 2.35793091e+01
 1.84465881e+01
 1.39597107e+01
 7.87673340e+00
 6.43560181e+00
 1.18862305e+00
 7.03487549e+00
 7.15648804e+00
 1.06396729e+01
 1.49337402e+01
 1.85550171e+01
 2.16256348e+01
 2.44979187e+01
 1.81854492e+01
 1.13373962e+01
 6.07000122e+00
 4.76220703e-01
 4.42266235e+00
 5.41680298e+00
 5.89000854e+00
 8.61333618e+00
 1.44279724e+01
 2.08488708e+01
 2.81397949e+01
 2.59296814e+01
 1.66784607e+01
 1.17144409e+01
 7.87822876e+00
 5.23473511e+00
 2.29088745e+00
 4.18190918e+00
 5.56871948e+00
 8.05553589e+00
 1.30691162e+01
 1.96669861e+01
 2.10795837e+01
 2.33880249e+01
 2.01397339e+01
 1.11689697e+01
 6.26885376e+00
 6.64299927e+00
 3.61940918e+00
 2.91051636e+00
 6.61281738e+00
 1.22459961e+01
 1.42474915e+01
 1.67539612e+01
 2.27314392e+01
 2.62697083e+01
 1.73054443e+01
 1.04024902e+01
 6.99190674e+00
 2.49135742e+00
 5.47875977e-01
 3.27294922e-01
 5.35671387e+00
 9.27758179e+00
 1.24920288e+01
 1.69951721e+01
 2.16496826e+01
 2.59239441e+01
 1.64635254e+01
 1.18274475e+01
 1.07437378e+01
 4.43392334e+00
 6.12056885e+00
 4.24932251e+00
 8.79674683e+00
 1.30261475e+01
 1.37333008e+01
 2.27263428e+01
 2.78833557e+01
 2.37739197e+01
 2.00533386e+01
 1.34219910e+01
 6.90142212e+00
 2.99984131e+00
 3.66100464e+00
 7.10241089e+00
 5.85283813e+00
 1.08709045e+01
 1.49827515e+01
 1.90564209e+01
 2.63633057e+01
 2.62515503e+01
 2.14411560e+01
 1.23146606e+01
 5.61339722e+00
 -2.47558594e-02
 4.18221436e+00
 4.11510620e+00
 7.00234375e+00
 1.08189026e+01
 1.57280823e+01
 2.05671021e+01
 2.56450439e+01
 2.42618347e+01
 2.05512634e+01
 1.16684814e+01
 9.12966309e+00
 1.37648926e+00
 1.30670166e-01
 3.95580444e+00
 8.71877441e+00
 1.17535339e+01
 1.42871338e+01
 1.98197571e+01
 2.54175964e+01
 2.34936157e+01
 1.81708923e+01
 1.12117554e+01
 8.85021362e+00
 4.66918335e+00
 3.00362549e+00
 1.36913452e+00
 8.88613281e+00
 8.86266479e+00
 1.20479065e+01
 1.85654846e+01
 2.48343750e+01
 2.41252991e+01
 1.83418823e+01
 1.10533997e+01
 7.46367798e+00
 4.67266235e+00
 3.32811890e+00
 1.26030884e+00
 6.37383423e+00
 1.34978271e+01
 1.57817932e+01
 1.84295898e+01
 2.41823975e+01
 2.53361755e+01
 1.93057800e+01
 1.32584778e+01
 6.58925781e+00
 5.40905151e+00
 5.64858398e+00
 4.31832275e+00
 6.87938843e+00
 1.08760315e+01
 1.44663635e+01
 1.93276917e+01
 2.22689758e+01
 2.38455750e+01
 1.74378296e+01
 1.19965454e+01
 1.05136963e+01
 3.33147583e+00
