 -2.63214722e+00
 -1.15784302e+00
 -4.87426758e-02
 7.99801025e+00
 1.18421265e+01
 1.54459778e+01
 1.61642090e+01
 1.72443176e+01
 1.46678101e+01
 1.06843506e+01
 7.43081055e+00
 2.70229492e+00
 1.29372559e+00
 -1.38178101e+00
 -8.89227295e-01
 8.21486816e+00
 1.18614746e+01
 1.61152893e+01
 1.78610779e+01
 1.71557556e+01
 1.44903198e+01
 1.14144531e+01
 2.20348511e+00
 -2.00687256e+00
 -4.51923218e+00
 -3.49017944e+00
 2.57357178e+00
 8.72841797e+00
 1.48232971e+01
 1.80982605e+01
 2.21022278e+01
 1.79891907e+01
 1.37852112e+01
 9.62941895e+00
 5.90529785e+00
 8.80822754e-01
 -1.31064453e+00
 -2.60336914e+00
 5.35268555e+00
 7.86794434e+00
 1.22761169e+01
 1.64695374e+01
 1.97394958e+01
 1.83612000e+01
 1.32905518e+01
 7.48146973e+00
 9.61297607e-01
 9.68164063e-01
 1.76851807e+00
 2.49123535e+00
 3.91362915e+00
 9.46322021e+00
 1.26808716e+01
 1.56397339e+01
 1.86701294e+01
 1.74476868e+01
 1.13480164e+01
 7.35863647e+00
 4.86742554e+00
 1.09902344e+00
 -3.32507935e+00
 -1.08017578e+00
 2.17031250e+00
 9.61919556e+00
 1.37477356e+01
 1.65595337e+01
 1.84175354e+01
 1.74662109e+01
 1.52130066e+01
 1.13582397e+01
 2.35393677e+00
 9.03924561e-01
 -1.27966919e+00
 7.90795898e-01
 4.08410034e+00
 6.57543335e+00
 1.13045593e+01
 1.52015930e+01
 1.73631836e+01
 1.62375122e+01
 1.15978638e+01
 7.26464233e+00
 3.72771606e+00
 3.88192139e+00
 -5.08380737e+00
 -4.46063843e+00
 3.37398682e+00
 6.26406250e+00
 1.22334534e+01
 1.54991394e+01
 1.81557861e+01
 1.68883606e+01
 1.59808594e+01
 7.74218140e+00
 4.52755127e+00
 2.40084229e+00
 2.40386353e+00
 7.98760986e-01
 5.07781372e+00
 4.56832275e+00
 1.13087708e+01
 1.71166626e+01
 2.21520325e+01
 1.91488892e+01
 1.57554260e+01
 9.52016602e+00
 2.48900757e+00
 -1.04587402e+00
 -1.47669067e+00
 2.01952515e+00
 6.31450806e+00
 6.71761475e+00
 1.27257324e+01
 1.67912231e+01
 1.91450745e+01
 1.94008728e+01
 1.27101379e+01
 4.12224731e+00
 3.12645874e+00
 -2.00400391e+00
 -3.32465210e+00
 -1.35544434e+00
 2.78359375e+00
 1.02760864e+01
 1.50577026e+01
 1.61251770e+01
 1.90190369e+01
 1.74497009e+01
 1.18441101e+01
 1.07929321e+01
 4.29638062e+00
 1.41677246e+00
 9.99414063e-01
 -4.82001343e+00
 3.63765869e+00
 1.12313782e+01
 1.22421204e+01
 1.46947876e+01
 1.92305847e+01
 1.59908691e+01
 1.25492493e+01
 1.08219238e+01
 2.17083130e+00
 -4.74710693e+00
 1.28212891e+00
 1.82799683e+00
 1.47182617e+00
 9.32381592e+00
 1.25423523e+01
 1.54641052e+01
 1.75314270e+01
 1.91941772e+01
 1.46265503e+01
 1.04317261e+01
 2.11464844e+00
 2.01738892e+00
 9.66546631e-01
 -9.65399170e-01
 -7.23730469e-01
 1.00305115e+01
 1.63388000e+01
 1.62643066e+01
 1.96365295e+01
 1.94591919e+01
 1.53271118e+01
 9.50057373e+00
 4.48735962e+00
 1.75213013e+00
 2.00338135e+00
 3.22786865e+00
 3.64089355e+00
 8.87374268e+00
 1.11980835e+01
 1.70280090e+01
 2.15738464e+01
 1.59517761e+01
 1.32407776e+01
 1.08720642e+01
 2.78838501e+00
 3.68456421e+00
 5.79217529e-01
 -2.83356323e+00
 6.73028564e-01
 8.05477295e+00
 1.24038635e+01
 1.56835266e+01
 1.74733215e+01
 1.83065430e+01
 1.37023254e+01
 9.29442749e+00
 1.75460205e+00
 3.84973145e-01
 -3.08029785e+00
 -2.58292236e+00
 2.01235352e+00
 8.66314087e+00
 1.40560547e+01
 1.68681274e+01
 1.85478455e+01
 1.89677063e+01
 1.54324280e+01
 9.13704834e+00
 4.54628906e+00
 9.12927246e-01
 1.49367676e+00
 3.36406860e+00
 4.68526611e+00
 8.63192139e+00
 1.28583313e+01
 1.71503540e+01
 1.84245850e+01
 1.51998230e+01
 1.40751892e+01
 1.00578552e+01
 1.01156006e+00
 -1.67029419e+00
 -1.82553711e+00
 1.44586182e-01
 7.15410767e+00
 8.40328369e+00
 1.04622742e+01
 1.75342957e+01
 2.01531921e+01
 1.86610657e+01
 1.46696411e+01
 8.85140381e+00
 7.24392090e+00
 1.74810181e+00
 2.16240845e+00
 -4.89200439e+00
 1.30797729e+00
 9.13259277e+00
 1.68509155e+01
 1.65960938e+01
 1.79258057e+01
 1.66581360e+01
 1.68346497e+01
 1.21947571e+01
 5.74385986e+00
 3.71541748e+00
 1.00509033e+00
 -7.96301270e-01
 1.25869141e+00
 1.09742371e+01
 1.40089661e+01
 1.80709167e+01
 2.05761353e+01
 2.11543213e+01
 1.50781799e+01
 1.09195190e+01
 1.84075317e+00
 4.11977539e+00
 3.20882568e+00
 3.58727417e+00
 1.50237427e+00
 9.26531372e+00
 1.14013000e+01
 1.35366455e+01
 1.78313232e+01
 1.84035583e+01
 1.21736084e+01
 9.01345215e+00
 4.69934082e-01
 -4.86181641e-01
 1.86498413e+00
 2.61422119e+00
 -1.65350342e-01
 1.03235413e+01
 1.20600830e+01
 1.56013428e+01
 1.78979736e+01
 1.65922791e+01
 1.27430969e+01
 1.12330872e+01
 3.44930420e+00
 5.12445068e-01
 3.68377075e+00
 3.60759888e+00
 3.49395142e+00
 7.95324097e+00
 1.33431641e+01
 1.37423340e+01
 1.79610229e+01
 1.65082336e+01
 1.18328796e+01
 9.40398560e+00
 2.52251587e+00
 3.29003296e+00
 3.46398315e+00
 4.15230713e+00
 6.05770264e+00
 1.15678040e+01
 1.23146301e+01
 1.77652222e+01
 1.75768066e+01
 1.91920715e+01
 1.65454651e+01
 1.07616516e+01
 6.12471924e+00
 1.33544312e+00
 6.48706055e-01
 3.76397705e-01
 1.08712158e+00
 1.09566895e+01
 1.18879028e+01
 1.75021606e+01
 2.20593506e+01
 2.05923706e+01
 1.61697327e+01
 1.09559875e+01
 3.87642822e+00
 1.59920654e+00
 1.03670654e+00
 8.89550781e-01
 5.29952393e+00
 8.75893555e+00
 1.37256104e+01
 1.69699036e+01
 2.06188599e+01
 1.73174377e+01
 1.38129517e+01
 8.16561279e+00
 4.21700439e+00
 1.57891235e+00
 -3.73016968e+00
 -2.07703247e+00
 2.69472656e+00
 1.32207581e+01
 1.44692322e+01
 1.79840027e+01
 1.95342346e+01
 1.87047058e+01
 1.45254150e+01
 1.13017822e+01
 8.22686157e+00
 3.14614258e+00
 2.55312500e+00
 -2.58215332e-01
 3.38118896e+00
 4.84902344e+00
 1.42494751e+01
 1.67676025e+01
 1.90462585e+01
 2.19865967e+01
 1.56640259e+01
 7.67754517e+00
 4.74303589e+00
 5.86486816e-02
 1.66369019e+00
 2.56005249e+00
 3.48601685e+00
 5.66692505e+00
 1.37931458e+01
 1.55147339e+01
 1.90995422e+01
 2.05735718e+01
 1.59244324e+01
 9.71257935e+00
 5.16625366e+00
 1.63887939e+00
 1.03029785e+00
 1.83107910e+00
 6.64489136e+00
 9.66689453e+00
 1.39261414e+01
 1.61018616e+01
 1.71022278e+01
 1.83854919e+01
 1.24405151e+01
 1.00085999e+01
 3.10256348e+00
 -1.96680298e+00
 5.55969238e-02
 4.54034424e-01
 5.36309204e+00
 7.75509033e+00
 1.45385681e+01
 1.74298645e+01
 1.81765991e+01
 1.64428955e+01
 1.23514038e+01
 9.53890381e+00
 4.52947388e+00
 6.80749512e-01
 2.77712402e+00
 3.10790405e+00
 6.04732666e+00
 9.51442871e+00
 1.30616089e+01
 1.94508911e+01
 2.01758972e+01
 1.91067444e+01
 1.48313538e+01
 1.02086426e+01
 7.55080566e+00
 4.00884399e+00
 1.10201416e+00
 4.39525757e+00
 1.21215210e+00
 8.82082520e+00
 1.56259705e+01
 1.65179993e+01
 1.90688416e+01
 1.90577637e+01
 1.46022888e+01
 6.75905762e+00
 3.62001953e+00
 -1.15311279e+00
 4.27401123e+00
 9.18542480e-01
 6.04012451e+00
 1.02669617e+01
 1.27928406e+01
 1.77074829e+01
 2.05105835e+01
 2.05480286e+01
 1.35282532e+01
 8.98488770e+00
 5.87468872e+00
 3.46041260e+00
 1.60381470e+00
 1.81212769e+00
 4.42229614e+00
 7.40981445e+00
 1.31516052e+01
 1.59215637e+01
 2.08623291e+01
 2.04769836e+01
 1.34246460e+01
 1.22855469e+01
 7.39821777e+00
 2.45003662e+00
 1.33806763e+00
 2.51305542e+00
 2.26180420e+00
 8.29604492e+00
 1.14150940e+01
 1.44895569e+01
 1.72456604e+01
 1.74562317e+01
 1.24768005e+01
 1.18175903e+01
 2.47918091e+00
 -3.62903442e+00
 -2.15906372e+00
 -3.11768188e+00
 -1.50971069e+00
 9.33455811e+00
 1.36397949e+01
 1.77424255e+01
 1.73757263e+01
 1.82248169e+01
 1.26341492e+01
 1.01968933e+01
 4.11025391e+00
 -1.99881592e+00
 -3.73279419e+00
 3.17529297e-01
 7.38308105e+00
 9.28966675e+00
 1.18555237e+01
 1.55513550e+01
 1.83945862e+01
 1.58943115e+01
 1.44805237e+01
 9.72570190e+00
 1.95845947e+00
 4.48968506e-01
 -3.73523560e+00
 -2.06638184e+00
 1.69008789e+00
 1.03304077e+01
 1.28644043e+01
 1.65388428e+01
 2.04925781e+01
 1.58517090e+01
 1.52115723e+01
 1.07016541e+01
 5.07097778e+00
 -2.62589111e+00
 -5.97043457e+00
 -3.02960815e+00
 -3.46448364e+00
 6.43236694e+00
 1.18635803e+01
 1.72292725e+01
 2.02324158e+01
 1.93282410e+01
 1.42967468e+01
 1.12904602e+01
 4.90804443e+00
 3.15310059e+00
 3.53304443e+00
 2.93770752e+00
 3.49889526e+00
 4.97991333e+00
 1.41028381e+01
 1.59885193e+01
 2.18821045e+01
 2.08410278e+01
 1.62633606e+01
 1.00085999e+01
 5.45305786e+00
 -1.91583862e+00
 3.60842285e+00
 1.18413696e+00
 2.04393921e+00
 1.05549255e+01
 1.29950500e+01
 1.69351440e+01
 1.94919373e+01
 1.65780273e+01
 1.49965149e+01
 5.72194824e+00
 8.46703491e+00
 4.45083008e+00
 1.45070801e+00
 1.10958252e+00
 4.85091553e+00
 1.01652161e+01
 1.39675537e+01
 1.63539978e+01
 1.87175232e+01
 2.12903687e+01
 1.50559326e+01
 9.34685669e+00
 7.84719238e+00
 -1.55530396e+00
 5.85107422e-01
 4.44948730e+00
 -1.93912354e+00
 7.68081055e+00
 1.25194031e+01
 1.47323547e+01
 1.96771790e+01
 1.98008362e+01
 1.27326599e+01
 1.12395874e+01
 5.72728882e+00
 5.47418213e-01
 1.54860840e+00
 4.09505615e+00
 9.55724487e+00
 1.09208923e+01
 1.42020508e+01
 1.68705994e+01
 2.09298950e+01
 1.86300598e+01
 1.65843445e+01
 1.10904480e+01
 3.65944824e+00
 2.26989136e+00
 2.20818481e+00
 -5.24719849e+00
 1.03893433e+00
 1.00650879e+01
 1.12275635e+01
 1.65152527e+01
 1.86870667e+01
 1.75197388e+01
 1.48188416e+01
 9.36937866e+00
 2.83416138e+00
 7.61010742e-01
 -3.70377197e+00
 1.05532227e+00
 -3.80682373e-01
 9.79223022e+00
 1.35805298e+01
 1.64966064e+01
 2.02222534e+01
 1.99027954e+01
 1.48539063e+01
 8.53106079e+00
 4.91408691e+00
 3.63641357e-01
 -5.87756958e+00
 -3.86350098e+00
 -2.41052856e+00
 7.75374756e+00
 1.46952454e+01
 1.83357788e+01
 2.11326843e+01
 1.99552551e+01
 1.58733459e+01
 8.35741577e+00
 2.07744751e+00
 2.13579712e+00
 4.22634277e+00
 7.94641113e-01
 1.52846680e+00
 8.88421021e+00
 1.25255981e+01
 1.62808472e+01
 1.86872803e+01
 1.83240295e+01
 1.64580933e+01
 1.04045044e+01
 5.76613770e+00
 1.18181763e+00
 1.46257935e+00
 -2.54416504e+00
 6.58730469e+00
 1.28193604e+01
 1.57394653e+01
 2.06289307e+01
 2.16928345e+01
 2.13045288e+01
 1.33859802e+01
 1.00904175e+01
 6.79470215e+00
 1.46352539e+00
 3.60686646e+00
 2.40767822e+00
 2.57467041e+00
 9.43834839e+00
 1.45898682e+01
 1.61594788e+01
 2.04852844e+01
 2.00970398e+01
 1.62049805e+01
 9.42647705e+00
 7.61132202e+00
 -1.65838623e-01
 1.43666992e+00
 3.78164063e+00
 4.94130859e+00
 1.14501892e+01
 1.33232971e+01
 1.79401184e+01
 1.95006653e+01
 1.63827759e+01
 1.40760742e+01
 1.01086365e+01
 4.99630127e+00
 1.93563232e+00
 4.19573364e+00
 4.37029419e+00
 7.99132690e+00
 8.13262329e+00
 1.28286377e+01
 1.53098694e+01
 1.85574280e+01
 1.83356262e+01
 1.45205627e+01
 8.89583740e+00
 3.27422485e+00
 6.01656494e+00
 -2.49213257e+00
 -9.21997070e-02
 5.53572998e+00
 9.49825439e+00
 1.40158630e+01
 1.93442322e+01
 2.01345459e+01
 1.95536743e+01
 1.52540833e+01
 1.26080872e+01
 2.53365479e+00
 1.78945313e+00
 3.14827881e+00
 5.93547974e+00
 3.31279907e+00
 7.67052612e+00
 1.44000183e+01
 2.07086731e+01
 2.09387146e+01
 2.01962830e+01
 1.49158569e+01
 1.20190674e+01
 3.42507324e+00
 2.11358032e+00
 1.78829346e+00
 3.46318970e+00
 6.32253418e+00
 8.50747070e+00
 1.55229736e+01
 1.70750671e+01
 1.98980957e+01
 1.80413147e+01
 1.49474121e+01
 8.38546143e+00
 2.97951660e+00
 3.75802002e+00
 -1.38526001e+00
 1.85390625e+00
 7.22643433e+00
 1.12219177e+01
 1.61297852e+01
 1.51405273e+01
 1.98097778e+01
 1.77914978e+01
 1.39015442e+01
 8.85302124e+00
 7.28997803e-01
 3.57384644e+00
 -8.94775391e-03
 1.81157837e+00
 3.21944580e+00
 1.00597473e+01
 1.22761780e+01
 1.74620911e+01
 1.88084045e+01
 1.88781982e+01
 1.38205505e+01
 1.08368164e+01
 5.23504028e+00
 5.32067871e-01
 4.17169189e-01
 5.51189575e+00
 6.62731323e+00
 1.01444946e+01
 1.42126404e+01
 1.72255798e+01
 2.02963501e+01
 1.76378113e+01
 1.40524841e+01
 1.01361633e+01
 6.39238892e+00
 3.25188599e+00
 -4.72928467e+00
 1.75652466e+00
 4.48815918e-01
 1.00443054e+01
 1.28666931e+01
 1.78862244e+01
 2.14087769e+01
 1.71903320e+01
 1.49327637e+01
 1.16226440e+01
 3.96480713e+00
 -4.86850586e+00
 -6.98081055e+00
 -1.96271362e+00
 4.40603027e+00
 1.18875366e+01
 1.24694153e+01
 1.90978638e+01
 2.45222107e+01
 2.14508911e+01
 1.81485229e+01
 1.18630310e+01
 8.21746216e+00
 1.69702148e-01
 3.05321655e+00
 3.14507446e+00
 8.24965820e+00
 1.44509216e+01
 1.21339661e+01
 1.78847900e+01
 1.83775879e+01
 1.79129578e+01
 1.64586121e+01
 1.15126282e+01
 8.30391846e+00
 1.65175781e+00
 6.93322754e-01
 3.74852905e+00
 3.93804321e+00
 1.05597778e+01
 1.11772095e+01
 1.83270813e+01
 2.23218628e+01
 2.19256836e+01
 1.43582092e+01
 8.11928711e+00
 6.53386841e+00
 2.96666870e+00
 -2.02792969e+00
 2.93355713e+00
 5.95421753e+00
 1.10992065e+01
 1.30292908e+01
 1.94369751e+01
 2.26617981e+01
 1.80199219e+01
 1.55338379e+01
 9.64574585e+00
 3.79708252e+00
 5.13818359e-01
 1.06459961e+00
 -5.60425415e+00
 -1.13526001e+00
 8.18886719e+00
 1.23440796e+01
 1.55349365e+01
 1.97085510e+01
 1.78409973e+01
 1.52676331e+01
 8.12703857e+00
 3.20052490e+00
 -5.65161133e-01
 -1.36032715e+00
 3.81722412e+00
 -1.68909302e+00
 9.71300659e+00
 1.30715881e+01
 1.81082703e+01
 2.18709656e+01
 1.79229370e+01
 1.27230469e+01
 8.12075195e+00
 2.93679199e+00
 -1.16339722e+00
 1.10012207e+00
 1.93190918e+00
 5.43001709e+00
 9.16146240e+00
 1.56029602e+01
 1.70788818e+01
 1.93302856e+01
 2.04027344e+01
 1.68486572e+01
 9.05251465e+00
 6.81029663e+00
 2.99935303e+00
 1.47945557e+00
 6.66707764e+00
 5.71212158e+00
 1.07700745e+01
 1.48906494e+01
 1.71543518e+01
 2.04218079e+01
 1.96883789e+01
 1.52936340e+01
 1.17421509e+01
 5.05507813e+00
 -2.70740356e+00
 2.47670898e+00
 4.71795654e-01
 6.91591797e+00
 1.17118469e+01
 1.67734619e+01
 1.67407471e+01
 2.05800720e+01
 2.18530518e+01
 1.67683960e+01
 1.13275391e+01
 8.86315308e+00
 3.38817749e+00
 1.82344971e+00
 1.00966797e+00
 8.44277344e+00
 1.16476685e+01
 1.57916504e+01
 1.84776550e+01
 2.08783203e+01
 1.83434387e+01
 1.57589966e+01
 9.78600464e+00
 4.47820435e+00
 -1.16306152e+00
 -8.58435059e-01
 -6.55707397e+00
 2.29793701e+00
 8.83800659e+00
 1.36727234e+01
 2.01224609e+01
 2.21028687e+01
 2.23893372e+01
 1.70112244e+01
 1.05136353e+01
 5.34157715e+00
 -5.61041260e-01
 -2.91397705e+00
 9.79699707e-01
 3.88662109e+00
 9.15236816e+00
 1.38426453e+01
 1.72325684e+01
 2.03434998e+01
 1.94620911e+01
 1.67093750e+01
 9.53304443e+00
 7.27214966e+00
 -1.14136353e+00
 3.87819824e+00
 2.84563599e+00
 4.10015259e+00
 1.03571106e+01
 1.49285828e+01
 1.84409729e+01
 2.01770874e+01
 2.08875977e+01
 1.45908752e+01
 1.19112793e+01
 5.78844604e+00
 5.80263672e+00
 4.78032837e+00
 -2.23132935e+00
 4.44634399e+00
 7.90035400e+00
 1.34181152e+01
 1.83991943e+01
 2.33469177e+01
 1.93457581e+01
 1.45103699e+01
 1.01470276e+01
 9.83745728e+00
 1.85570679e+00
 1.36010132e+00
 2.70644531e+00
 6.09166870e+00
 1.30650574e+01
 1.65901123e+01
 1.92415710e+01
 1.92480713e+01
 1.87834106e+01
 1.51331116e+01
 1.11742188e+01
 5.29366455e+00
 4.46791992e+00
 1.63475952e+00
 2.78618774e+00
 4.34819946e+00
 1.17346741e+01
 1.45759827e+01
 1.61075073e+01
 1.94144836e+01
 1.73050781e+01
 1.59118286e+01
 1.20618530e+01
 5.78551636e+00
 1.77678833e+00
 -5.69921875e-01
 -1.09769287e+00
 5.30132446e+00
 1.37196594e+01
 1.45062195e+01
 1.85224548e+01
 2.09788452e+01
 1.74259888e+01
 1.46316162e+01
 9.48253784e+00
 5.74508057e+00
 2.53640137e+00
 4.24511108e+00
 -3.88654175e+00
 9.23706055e-02
 1.09632507e+01
 1.48565002e+01
 1.71249329e+01
 1.61512695e+01
 1.65865112e+01
 1.33995300e+01
 1.28110291e+01
 5.12621460e+00
 2.35469971e+00
 -2.36707153e+00
 -3.38403931e+00
 1.59560547e+00
 1.21273132e+01
 1.43853699e+01
 1.68308350e+01
 2.03391052e+01
 1.72539612e+01
 1.62825256e+01
 1.19696899e+01
 3.63143311e+00
 1.04730225e-01
 6.30761719e-01
 6.35634766e+00
 5.52568970e+00
 1.06557556e+01
 1.22727600e+01
 1.70680786e+01
 1.97883240e+01
 2.07360168e+01
 1.59745728e+01
 1.03997437e+01
 5.01473389e+00
 1.76906738e+00
 4.05212402e-02
 -2.88229980e+00
 3.28301392e+00
 9.36281738e+00
 1.26920105e+01
 1.67405640e+01
 2.06454712e+01
 1.84839417e+01
 1.47561584e+01
 1.10821777e+01
 6.77605591e+00
 3.47307739e+00
 3.61736450e+00
 3.16887817e+00
 1.71065674e+00
 8.92022095e+00
 1.44309326e+01
 1.59453064e+01
 1.65366455e+01
 1.84345032e+01
 1.57173096e+01
 9.71599731e+00
 -1.40457764e+00
 -7.76251221e-01
 -5.34625854e+00
 -1.85858154e-01
 -5.41489258e+00
 3.13366089e+00
 1.61008545e+01
 2.19056335e+01
 2.36063782e+01
 2.24879395e+01
 1.40199829e+01
 9.85762939e+00
 5.48616943e+00
 3.47350464e+00
 3.95894775e+00
 4.05605469e+00
 4.92498169e+00
 9.70037231e+00
 1.63941589e+01
 1.81498047e+01
 2.00638062e+01
 2.21317383e+01
 1.97630249e+01
 1.33960510e+01
 3.28124390e+00
 3.38921509e+00
 1.02993164e+00
 6.67467651e+00
 6.36763916e+00
 9.31527100e+00
 1.28698364e+01
 1.76798950e+01
 2.00668579e+01
 1.91318604e+01
 1.64075867e+01
 1.08469177e+01
 4.13793335e+00
 2.62719116e+00
 -3.15100708e+00
 1.29952393e+00
 6.41216431e+00
 1.04443604e+01
 1.56264893e+01
 1.53211304e+01
 1.96143127e+01
 1.70757996e+01
 1.80298401e+01
 1.17032410e+01
 6.34655151e+00
 1.63283691e+00
 -2.10458984e+00
 2.92781982e+00
 3.11776123e+00
 1.17023865e+01
 1.54294983e+01
 1.87846619e+01
 2.18171631e+01
 1.80662781e+01
 1.46764160e+01
 1.07767883e+01
 3.29201660e+00
 2.40596924e+00
 2.40685425e+00
 -2.01584473e+00
 2.32579956e+00
 1.13448730e+01
 1.49063660e+01
 1.86942383e+01
 1.76265198e+01
 2.06234680e+01
 1.58939758e+01
 1.02396790e+01
 8.22899780e+00
 4.19826660e+00
 -3.15393677e+00
 -1.47497559e-01
 2.79992065e+00
 1.15476013e+01
 1.70273376e+01
 1.71196838e+01
 1.79895569e+01
 1.93359314e+01
 1.53646484e+01
 1.16454102e+01
 5.91787109e+00
 1.77251587e+00
 -4.43186035e+00
 -5.16263428e+00
 4.35415039e+00
 9.58645020e+00
 1.31218201e+01
 1.77598206e+01
 2.06113220e+01
 2.13451477e+01
 1.61228882e+01
 1.05411621e+01
 7.52706299e+00
 2.74318848e+00
 -3.10306396e+00
 -2.48132935e+00
 5.20281372e+00
 1.10761658e+01
 1.50110107e+01
 1.72686096e+01
 2.18269897e+01
 1.89117676e+01
 1.68265015e+01
 1.12911621e+01
 6.51857910e+00
 -1.99951172e-02
 -3.57532349e+00
 -5.90857544e+00
 5.73836670e+00
 1.06134888e+01
 1.51989075e+01
 1.89082886e+01
 2.13939758e+01
 2.07781006e+01
 1.25103088e+01
 1.33573242e+01
 3.66872559e+00
 3.94353638e+00
 1.08638916e+00
 4.11715088e+00
 3.11382446e+00
 9.92449341e+00
 1.40136963e+01
 1.99377686e+01
 2.13420044e+01
 2.28891846e+01
 1.67527710e+01
 1.41053406e+01
 5.85006104e+00
 4.17608032e+00
 2.77062378e+00
 3.27208862e+00
 5.34679565e+00
 8.84557495e+00
 1.30798279e+01
 1.78210999e+01
 2.21515137e+01
 1.76641174e+01
 1.66638428e+01
 1.21379028e+01
 3.51909790e+00
 1.10582886e+00
 5.78179932e-01
 -4.42565918e-02
 5.54586182e+00
 1.00857483e+01
 1.74038025e+01
 2.07301880e+01
 2.13223511e+01
 2.14295898e+01
 1.82663513e+01
 1.36315247e+01
 5.93108521e+00
 -7.16406250e-01
 1.44991455e+00
 5.68737183e+00
 9.55316162e-01
 7.10439453e+00
 1.23603760e+01
 1.67629944e+01
 1.98634888e+01
 1.91114136e+01
 1.58685547e+01
 1.32757507e+01
 4.98436890e+00
 1.89052734e+00
 4.59813843e+00
 3.38704834e+00
 8.06624756e+00
 1.20790039e+01
 1.27681519e+01
 1.65992065e+01
 1.96214844e+01
 2.06488586e+01
 1.67975708e+01
 1.19009338e+01
 5.26613770e+00
 2.85106812e+00
 2.92461548e+00
 -2.26022949e+00
 9.22966919e+00
 1.06641785e+01
 1.43261047e+01
 2.17001282e+01
 2.28805786e+01
 2.29579407e+01
 1.54892517e+01
 1.08265015e+01
 6.50991211e+00
 3.77941284e+00
 -1.07626953e+00
 2.69933472e+00
 1.36226807e+00
 9.85238037e+00
 1.76502930e+01
 1.79947754e+01
 2.12394348e+01
 2.30960022e+01
 1.73178650e+01
 1.14760376e+01
 5.21190796e+00
 -7.26263428e-01
