 -8.52148437e-01
 6.13946533e-01
 2.70654297e-01
 9.70485840e+00
 1.54955688e+01
 2.06237427e+01
 2.09691711e+01
 1.70231567e+01
 1.66805969e+01
 1.16996704e+01
 3.72561035e+00
 2.49971924e+00
 -4.71521606e+00
 -4.14020386e+00
 -2.50577393e+00
 7.35762939e+00
 1.03220764e+01
 1.45689636e+01
 1.89246460e+01
 1.93798462e+01
 1.63772522e+01
 1.00211426e+01
 7.09975586e+00
 8.59613037e-01
 1.64421997e+00
 -3.65247192e+00
 -1.32352295e+00
 9.80513916e+00
 1.31748901e+01
 1.58249756e+01
 1.88083435e+01
 1.77520081e+01
 1.38969360e+01
 6.21721802e+00
 -1.04736938e+00
 -7.34540405e+00
 -4.37640991e+00
 -3.80573120e+00
 6.55664063e-01
 7.35341797e+00
 1.24239746e+01
 1.89691101e+01
 2.00125061e+01
 1.94593140e+01
 1.27424255e+01
 1.09613281e+01
 6.11977539e+00
 8.76977539e-01
 -8.45300903e+00
 -4.44559326e+00
 6.78344727e-02
 6.17540894e+00
 1.16042725e+01
 1.63747803e+01
 1.87437073e+01
 1.92383362e+01
 1.16711670e+01
 5.44194946e+00
 -4.11697998e+00
 -4.49188843e+00
 -5.45068970e+00
 -9.92920532e+00
 2.40899658e-01
 3.61626587e+00
 1.40059753e+01
 1.54880920e+01
 1.93971497e+01
 1.81308228e+01
 1.71590820e+01
 1.16811157e+01
 -2.04001465e+00
 -5.13919678e+00
 -8.66425171e+00
 -4.49521484e+00
 1.61119995e+00
 7.94710693e+00
 1.45211121e+01
 1.94258667e+01
 1.89873901e+01
 2.06162659e+01
 1.46524292e+01
 1.00829407e+01
 5.90187988e+00
 -3.65192261e+00
 -6.39337769e+00
 -4.18265381e+00
 -3.03360596e+00
 4.74208984e+00
 1.28624207e+01
 1.38122192e+01
 1.78571106e+01
 1.91006714e+01
 1.54740234e+01
 1.01395203e+01
 5.14154053e-01
 -2.21207275e+00
 4.35933838e+00
 -4.69396973e-01
 5.89211426e+00
 7.75740967e+00
 1.12526794e+01
 1.96360718e+01
 1.93973938e+01
 1.96229492e+01
 1.50587708e+01
 1.10289856e+01
 4.00262451e-01
 1.25042114e+00
 -5.67130127e+00
 -3.55097046e+00
 1.23632202e+00
 6.31212769e+00
 1.38851868e+01
 1.75832153e+01
 1.84042297e+01
 1.67678467e+01
 1.40794922e+01
 7.44133911e+00
 1.82528076e+00
 -5.27624512e-01
 7.12121582e-01
 1.48867188e+00
 4.28334961e+00
 6.08309326e+00
 1.11262146e+01
 1.58418213e+01
 1.81369873e+01
 1.78555847e+01
 1.43237854e+01
 8.52819214e+00
 3.77288208e+00
 1.19600830e+00
 -9.03052368e+00
 -8.30362549e+00
 -1.96201172e+00
 1.01670166e+01
 1.03546692e+01
 1.66049744e+01
 2.26773315e+01
 2.08306824e+01
 1.63012329e+01
 8.65722046e+00
 4.64685059e-01
 -4.65148926e-02
 -4.64237061e+00
 5.57550049e-01
 7.36440430e+00
 1.07819458e+01
 1.21800171e+01
 1.64726501e+01
 1.97459961e+01
 1.80260864e+01
 1.51108337e+01
 6.72304688e+00
 6.28173218e+00
 4.23828125e-02
 3.38842163e+00
 -2.68326416e+00
 -2.45725098e+00
 6.24938354e+00
 1.16911865e+01
 1.65345398e+01
 1.78223816e+01
 1.88640991e+01
 1.31018921e+01
 8.20235596e+00
 5.11458740e+00
 2.45294189e-01
 -7.50211182e+00
 -1.01119751e+01
 -4.61606445e+00
 6.00817261e+00
 1.29509216e+01
 1.94292236e+01
 2.02465759e+01
 1.96359497e+01
 1.36013428e+01
 1.10441833e+01
 4.47164307e+00
 -3.95880127e-01
 -2.60358276e+00
 -2.49389648e-02
 4.84783325e+00
 7.52111206e+00
 1.31011597e+01
 1.82641235e+01
 2.13552795e+01
 2.13718811e+01
 1.56321350e+01
 9.69304810e+00
 -4.41416016e+00
 -4.21872559e+00
 -3.26883545e+00
 -2.42313232e+00
 2.87474976e+00
 1.02325073e+01
 1.14848877e+01
 1.71733643e+01
 2.07025696e+01
 2.19139648e+01
 1.46250244e+01
 1.31237732e+01
 5.06200562e+00
 2.18508301e+00
 -5.59418335e+00
 -4.28916016e+00
 1.97817383e+00
 6.24822388e+00
 1.22107178e+01
 1.41943604e+01
 1.87215820e+01
 1.78127380e+01
 1.54815918e+01
 1.09727722e+01
 1.09230957e+00
 -1.34143677e+00
 -1.22614136e+00
 -4.76721802e+00
 7.44997559e+00
 4.74746094e+00
 1.43633667e+01
 1.80685974e+01
 2.41291443e+01
 1.88058105e+01
 1.38873535e+01
 1.04338928e+01
 7.27407227e+00
 1.55605469e+00
 -4.90656128e+00
 -4.21549072e+00
 -2.23044434e+00
 7.31835327e+00
 1.23758179e+01
 1.66624084e+01
 1.67841431e+01
 1.75545288e+01
 1.47093445e+01
 1.00027100e+01
 1.93538818e+00
 -1.49572754e-01
 3.48534546e+00
 -2.60260010e-01
 4.07793579e+00
 9.46791992e+00
 1.42651306e+01
 1.62515503e+01
 1.81150452e+01
 1.85641724e+01
 1.35172363e+01
 9.45766602e+00
 1.99151001e+00
 -4.08069458e+00
 -7.80719604e+00
 -8.89670410e+00
 -6.08710327e+00
 6.18059692e+00
 1.36104370e+01
 1.91336304e+01
 2.10409485e+01
 1.55240723e+01
 1.43136841e+01
 8.33287964e+00
 2.95534668e+00
 -1.01428833e+00
 7.29394531e-01
 2.19713745e+00
 3.26766357e+00
 9.17211304e+00
 1.28395630e+01
 1.88020874e+01
 1.88784424e+01
 1.69292236e+01
 1.26402527e+01
 9.13826904e+00
 2.50267944e+00
 1.52832031e-02
 -2.97278442e+00
 2.67052612e+00
 3.27254639e+00
 6.97429810e+00
 1.34110352e+01
 1.77889954e+01
 1.98717285e+01
 1.77175537e+01
 1.42751404e+01
 1.11663757e+01
 2.97802124e+00
 1.80505371e-01
 -3.27139893e+00
 2.21887207e-01
 5.41311035e+00
 6.14199219e+00
 1.13157288e+01
 1.46072632e+01
 1.91025330e+01
 1.99657227e+01
 1.38479553e+01
 8.94423828e+00
 7.39733276e+00
 1.76110840e-01
 3.85827637e-01
 -6.54968262e-02
 5.18001709e+00
 7.98177490e+00
 1.19386536e+01
 1.93866211e+01
 1.93502136e+01
 1.93522888e+01
 1.37781006e+01
 1.19257751e+01
 3.27987061e+00
 -2.37280884e+00
 -2.34390869e+00
 -2.62845459e+00
 3.04140625e+00
 9.58272705e+00
 1.20738770e+01
 1.60385986e+01
 2.07971436e+01
 2.08005920e+01
 1.77654968e+01
 1.00383850e+01
 5.34755859e+00
 -2.08166504e-01
 -7.49375000e+00
 -4.86450806e+00
 1.20400391e+00
 7.94805298e+00
 1.02396179e+01
 1.78358704e+01
 1.89769531e+01
 1.63609253e+01
 1.63157593e+01
 9.61348877e+00
 4.95058594e+00
 -1.87848511e+00
 -3.79767456e+00
 -2.66266479e+00
 1.38854370e+00
 7.95247803e+00
 1.10371033e+01
 1.91200806e+01
 1.87618347e+01
 1.89449402e+01
 1.54798218e+01
 1.00208679e+01
 -1.60568848e+00
 2.26796875e+00
 -3.42667236e+00
 -2.98786011e+00
 3.55242310e+00
 1.03008362e+01
 1.14643799e+01
 1.79123169e+01
 1.87704712e+01
 1.90815979e+01
 1.52114807e+01
 1.05232788e+01
 5.90264282e+00
 5.36340332e-01
 1.23323975e+00
 4.34230957e+00
 3.89711914e+00
 9.72579346e+00
 1.17529541e+01
 1.60436035e+01
 1.80992676e+01
 2.21524292e+01
 1.64085632e+01
 7.79686890e+00
 4.30199585e+00
 2.02260742e+00
 -4.03488770e+00
 1.72878418e+00
 4.15020142e+00
 8.71282349e+00
 1.31434265e+01
 1.66067444e+01
 1.98517090e+01
 1.91414124e+01
 1.58539673e+01
 1.20097900e+01
 3.89437256e+00
 2.54241333e+00
 -4.20081177e+00
 -2.38519897e+00
 5.07091675e+00
 9.04464111e+00
 1.14035583e+01
 1.85846497e+01
 1.85654236e+01
 2.03592163e+01
 1.35799500e+01
 9.91988525e+00
 2.10479126e+00
 1.46489868e+00
 2.04628906e+00
 3.30550537e+00
 7.31566772e+00
 7.97197876e+00
 1.43380676e+01
 1.47570435e+01
 2.00578552e+01
 1.89700256e+01
 1.48232056e+01
 8.70659790e+00
 4.33599243e+00
 2.74743652e-01
 -1.37253418e+00
 1.13872681e+00
 3.83620605e+00
 7.97603760e+00
 1.19070068e+01
 1.73783813e+01
 1.94291016e+01
 1.79853149e+01
 1.32905518e+01
 9.21285400e+00
 4.10137329e+00
 1.98714600e+00
 -1.56317139e-01
 4.18535767e+00
 3.73012695e+00
 1.05261475e+01
 1.49043823e+01
 1.88149353e+01
 2.15199829e+01
 2.18990723e+01
 1.62317139e+01
 1.24316956e+01
 4.43059692e+00
 3.65426025e+00
 -5.50125732e+00
 -2.66309204e+00
 -9.78149414e-02
 8.94197998e+00
 1.09296509e+01
 2.02891479e+01
 1.87958923e+01
 2.17138000e+01
 1.51953064e+01
 1.06557861e+01
 3.31755981e+00
 -2.12619629e+00
 -5.05151978e+00
 -1.72659912e+00
 3.66567383e+00
 9.68966064e+00
 1.30197693e+01
 1.67296387e+01
 2.09527832e+01
 2.24031921e+01
 1.80803467e+01
 1.22202698e+01
 4.03215942e+00
 -1.37601318e+00
 1.12886963e+00
 -6.04553833e+00
 2.72884521e+00
 1.08613220e+01
 1.42618042e+01
 1.89842468e+01
 2.43757263e+01
 2.00880676e+01
 1.68495117e+01
 1.21805054e+01
 2.71737061e+00
 -2.87976685e+00
 -2.94861450e+00
 -1.23114014e-01
 7.48803101e+00
 1.23091064e+01
 1.23245483e+01
 1.57500549e+01
 2.02802063e+01
 1.83570190e+01
 1.89638000e+01
 1.16147705e+01
 4.00240479e+00
 -3.95330811e-01
 5.39453125e-01
 -8.69146729e-01
 2.94570313e+00
 1.16937805e+01
 1.44694153e+01
 1.68672729e+01
 1.98421265e+01
 2.12633606e+01
 1.65182434e+01
 1.33699585e+01
 2.29650269e+00
 9.18206787e-01
 -1.23117676e+00
 2.05043945e+00
 -3.87384644e+00
 5.24367676e+00
 1.36737915e+01
 1.67792603e+01
 1.92990051e+01
 1.87309204e+01
 1.58701721e+01
 9.01946411e+00
 3.70467529e+00
 1.47963867e+00
 3.41497192e+00
 1.25521240e+00
 2.50350342e+00
 9.23558960e+00
 1.39367310e+01
 1.74341064e+01
 1.89512573e+01
 2.05743347e+01
 1.44545532e+01
 1.06458374e+01
 2.27987061e+00
 -6.16516113e-02
 -7.10129395e+00
 -3.40549316e+00
 1.28121338e+00
 5.94127808e+00
 1.18434692e+01
 1.67548767e+01
 2.00035339e+01
 1.84669739e+01
 1.53686768e+01
 9.47762451e+00
 3.70665894e+00
 -3.70642090e-01
 -5.02762451e+00
 2.85952148e+00
 7.67852173e+00
 1.05366150e+01
 1.32426697e+01
 1.78132568e+01
 2.12280823e+01
 2.09959045e+01
 1.47443176e+01
 1.13698975e+01
 3.89144287e+00
 -5.34079590e+00
 -4.75174561e+00
 -6.83637085e+00
 1.96862793e-01
 7.91695557e+00
 1.14150024e+01
 1.76788574e+01
 2.03396545e+01
 2.15703064e+01
 1.50632568e+01
 8.42427979e+00
 5.02492676e+00
 -1.19122925e+00
 -1.19553223e+00
 2.09926758e+00
 4.96795044e+00
 7.03701172e+00
 1.44656616e+01
 1.88287292e+01
 2.13353516e+01
 1.82651917e+01
 1.65466858e+01
 9.77480469e+00
 5.11187134e+00
 3.70968018e+00
 -2.22781982e+00
 4.30584106e+00
 8.84786377e+00
 8.06591187e+00
 1.41160217e+01
 1.78799072e+01
 1.96270081e+01
 1.88696533e+01
 1.83235718e+01
 9.14425049e+00
 3.85588989e+00
 -5.33203735e+00
 -1.60010376e+00
 4.65447998e-01
 5.40810547e+00
 1.00174194e+01
 1.33486267e+01
 1.86130310e+01
 2.24836365e+01
 2.14456421e+01
 1.57253662e+01
 1.10236145e+01
 4.31115112e+00
 1.31917725e+00
 -5.43170776e+00
 -4.64923706e+00
 1.52856445e-01
 1.05683533e+01
 1.21180054e+01
 1.93804260e+01
 2.25443054e+01
 2.32908264e+01
 1.73337646e+01
 1.08737427e+01
 5.50026855e+00
 3.32275391e-02
 -1.33847656e+00
 1.75374756e+00
 1.00964905e+01
 9.62163696e+00
 1.64585205e+01
 1.63705383e+01
 1.97875000e+01
 1.99914185e+01
 1.63789307e+01
 1.30861755e+01
 5.01534424e+00
 -1.43814697e+00
 3.03121338e+00
 3.75909424e-01
 6.90093384e+00
 9.03029785e+00
 1.34623962e+01
 1.59003845e+01
 2.08118835e+01
 2.02709900e+01
 1.46708618e+01
 1.04283997e+01
 1.69460449e+00
 1.08471069e+00
 1.92672119e+00
 -1.18192139e+00
 3.98699341e+00
 7.36583862e+00
 1.17434021e+01
 1.67509399e+01
 2.00207764e+01
 1.90127502e+01
 1.19436279e+01
 1.23382813e+01
 3.34850464e+00
 -6.40354004e+00
 -1.27882141e+01
 -5.20834961e+00
 -5.49871826e-01
 6.57021484e+00
 1.34565979e+01
 1.74735962e+01
 1.95521179e+01
 1.97368408e+01
 1.46362549e+01
 1.02048279e+01
 7.07717285e+00
 -3.59869385e-01
 -7.63175049e+00
 -2.68213501e+00
 6.96645508e+00
 1.00627686e+01
 1.73170715e+01
 1.83837524e+01
 2.27030579e+01
 1.81643005e+01
 1.56892029e+01
 1.08911682e+01
 4.22289429e+00
 -3.00006714e+00
 -2.23538818e+00
 -1.05203857e+00
 5.47469482e+00
 1.21836182e+01
 1.53706604e+01
 1.63390747e+01
 2.55679565e+01
 2.11671997e+01
 1.82850281e+01
 9.81505737e+00
 2.91518555e+00
 2.02544556e+00
 -3.23773804e+00
 -4.62808838e+00
 -4.54581299e+00
 5.38732300e+00
 1.22492004e+01
 1.95558105e+01
 2.22003418e+01
 1.78931824e+01
 1.50057617e+01
 1.28109985e+01
 6.49550781e+00
 1.10906372e+00
 7.08306885e-01
 4.26415405e+00
 6.28707275e+00
 9.47377930e+00
 1.45393311e+01
 1.65691467e+01
 1.90813538e+01
 1.96576477e+01
 1.53138977e+01
 9.11193237e+00
 3.14254150e+00
 1.87001953e+00
 3.65166626e+00
 3.85781250e+00
 4.47670898e+00
 1.11387573e+01
 1.49146057e+01
 1.87790466e+01
 2.06684814e+01
 2.33429810e+01
 1.62597900e+01
 1.02807556e+01
 2.48363647e+00
 4.70702515e+00
 -5.37079468e+00
 9.81164551e-01
 5.13323364e+00
 7.26256714e+00
 1.42524048e+01
 1.53920532e+01
 1.76171204e+01
 1.84141479e+01
 1.74831177e+01
 8.76085815e+00
 6.93346558e+00
 4.50716553e+00
 1.21270752e-01
 3.10479126e+00
 5.46022949e+00
 8.84017334e+00
 1.38639465e+01
 1.93650757e+01
 1.90935608e+01
 1.76951538e+01
 1.64306885e+01
 1.38992554e+01
 7.90929565e+00
 -7.24340820e-01
 -2.54285278e+00
 2.70391235e+00
 3.66417847e+00
 5.25148926e+00
 1.21074158e+01
 1.87837158e+01
 1.98388306e+01
 1.92054382e+01
 1.66999756e+01
 1.29215332e+01
 5.72890625e+00
 2.57146606e+00
 5.09210205e-01
 5.13177490e-01
 3.87157593e+00
 1.02390686e+01
 1.28498779e+01
 1.59458252e+01
 1.85374390e+01
 2.07814270e+01
 1.82137390e+01
 9.24486694e+00
 -2.58795166e-01
 -2.53385010e+00
 -1.85584106e+00
 -1.21716919e+00
 8.25719604e+00
 1.04667603e+01
 1.31462341e+01
 2.20473572e+01
 2.35448242e+01
 2.18307129e+01
 1.77878357e+01
 1.15838562e+01
 3.17119751e+00
 1.34429321e+00
 -9.89355469e-01
 2.91616211e+00
 7.02266846e+00
 1.08077332e+01
 1.29498230e+01
 1.81961914e+01
 2.05386597e+01
 2.00476624e+01
 1.58497864e+01
 1.08763672e+01
 3.16680298e+00
 -4.12607422e+00
 -5.78125610e+00
 -2.76126709e+00
 3.07622681e+00
 5.11223755e+00
 1.41502319e+01
 1.95009094e+01
 2.28451172e+01
 2.10842834e+01
 1.71822449e+01
 1.16240479e+01
 3.97033081e+00
 2.26122437e+00
 5.90404663e+00
 1.24688721e-01
 5.84285889e+00
 1.27329346e+01
 1.68642822e+01
 2.18061462e+01
 2.18160034e+01
 1.94453979e+01
 1.51494995e+01
 1.03553406e+01
 3.99373779e+00
 1.66894531e-01
 -3.46835937e+00
 -1.52435913e+00
 1.25432739e+00
 8.13921509e+00
 1.59959961e+01
 1.78228394e+01
 2.10607239e+01
 1.94203125e+01
 1.29328857e+01
 8.89272461e+00
 4.68007813e+00
 1.50753174e+00
 3.55727539e+00
 -2.54880371e+00
 1.43117676e+00
 9.56133423e+00
 1.23820129e+01
 1.83615356e+01
 2.08215271e+01
 2.23506104e+01
 1.58214355e+01
 1.13323608e+01
 5.31340942e+00
 -5.37481689e-01
 -2.63181152e+00
 2.82268677e+00
 4.52504883e+00
 1.05777832e+01
 1.19814392e+01
 1.61326233e+01
 2.17382141e+01
 2.08931824e+01
 1.68663269e+01
 8.81353149e+00
 4.99776611e+00
 -4.89658203e+00
 2.98864136e+00
 -5.27435913e+00
 1.82817993e+00
 9.30593262e+00
 1.53424316e+01
 2.07103821e+01
 2.50821472e+01
 2.43770081e+01
 1.85286194e+01
 1.22950989e+01
 4.64431152e+00
 5.04979858e+00
 6.73699951e-01
 1.01000366e+00
 2.52681885e+00
 6.25991211e+00
 1.44827820e+01
 2.04008728e+01
 2.10356689e+01
 1.81818176e+01
 1.51336609e+01
 1.21979614e+01
 4.44829712e+00
 -1.25250854e+00
 -4.06134033e-01
 -6.05194702e+00
 -1.25562134e+00
 5.68352661e+00
 1.27605530e+01
 1.94570557e+01
 2.05299011e+01
 2.27913757e+01
 1.51246582e+01
 1.02002808e+01
 4.33681641e+00
 -7.26383057e+00
 2.68395386e+00
 2.47789917e+00
 -5.89414062e+00
 8.94167480e+00
 1.22319580e+01
 1.62493835e+01
 2.20243164e+01
 2.25578857e+01
 1.45479370e+01
 1.08447510e+01
 4.30690918e+00
 -6.92510986e-01
 -2.06061401e+00
 1.85061035e+00
 6.05123291e+00
 8.29412231e+00
 1.41777588e+01
 1.97290894e+01
 2.18188110e+01
 2.01678406e+01
 1.51698242e+01
 1.05618225e+01
 5.23571167e+00
 -2.11575928e+00
 -4.46021118e+00
 -3.34061279e+00
 -8.02923584e-01
 7.93120728e+00
 1.36817261e+01
 1.83414246e+01
 2.04203125e+01
 1.97049805e+01
 1.81386963e+01
 1.22914063e+01
 4.44948730e+00
 -1.22882690e+00
 -1.55649414e+00
 -3.07398071e+00
 1.84432373e+00
 6.47802124e+00
 1.34275146e+01
 1.57645813e+01
 1.87068420e+01
 2.04867798e+01
 1.51620117e+01
 1.06208435e+01
 5.28841553e+00
 1.13485107e+00
 1.86135254e+00
 4.31307373e+00
 4.52105103e+00
 9.24782715e+00
 1.20309998e+01
 2.00234009e+01
 2.24107910e+01
 2.04255615e+01
 1.73575684e+01
 8.39650879e+00
 5.08696899e+00
 4.39846191e+00
 2.15905762e-01
 -2.34085693e+00
 5.59032593e+00
 1.22549683e+01
 1.34500977e+01
 1.73933350e+01
 1.78778015e+01
 1.95252625e+01
 1.47936646e+01
 8.37255249e+00
 3.93728027e+00
 2.40761719e+00
 2.01616821e+00
 2.07018433e+00
 6.81731567e+00
 9.72158203e+00
 1.43433777e+01
 1.66927124e+01
 1.97470337e+01
 1.98745056e+01
 1.40877625e+01
 1.05823303e+01
 5.80541382e+00
 -5.89722290e+00
 -1.59641113e+00
 3.20244751e+00
 4.05901489e+00
 1.12250000e+01
 1.16642700e+01
 1.49107910e+01
 2.20564514e+01
 2.00967957e+01
 1.72603394e+01
 1.28708130e+01
 6.32268677e+00
 1.18707275e-01
 1.47149658e-01
 2.17098389e+00
 4.92968140e+00
 8.16124878e+00
 1.29580933e+01
 1.63012329e+01
 1.94546753e+01
 2.21965271e+01
 1.73777100e+01
 1.05912415e+01
 6.82631836e+00
 2.92406616e+00
 2.12990723e+00
 3.12029419e+00
 4.19088135e+00
 9.32283936e+00
 1.35484253e+01
 1.86863342e+01
 2.19993835e+01
 1.96129395e+01
 1.40919434e+01
 8.77352295e+00
 7.30797729e+00
 6.05065918e-01
 -9.31127930e-01
 6.05920410e-01
 6.29567871e+00
 8.99166260e+00
 1.43543335e+01
 1.50887085e+01
 2.00768066e+01
 1.94872375e+01
 1.56773010e+01
 1.09378601e+01
 7.90582275e-01
 -2.83353271e+00
 3.96608887e+00
 2.50299072e-01
 8.66790161e+00
 1.22074219e+01
 1.21754089e+01
 1.95075623e+01
 2.04211670e+01
 2.17257019e+01
 1.64150635e+01
 1.10111023e+01
 6.08471069e+00
 1.44320068e+00
 1.39788208e+00
 1.00811157e+00
 2.60537109e+00
 7.00457153e+00
 1.83486267e+01
 2.03165527e+01
 2.77654968e+01
 1.99637085e+01
 1.65726257e+01
 1.09681030e+01
 5.95092163e+00
 -9.75988770e-01
 -3.02829590e+00
 -1.65326538e+00
 7.84530029e+00
 9.83431396e+00
 1.29864441e+01
 1.96556030e+01
 2.17383667e+01
 2.18363586e+01
 1.65915466e+01
 1.11615540e+01
 4.86620483e+00
 3.55477295e+00
 -1.93347778e+00
 2.00142822e+00
 7.45263062e+00
 1.19084717e+01
 1.25173584e+01
 1.98746277e+01
 2.11812073e+01
 1.83606812e+01
 1.55712219e+01
 1.10396057e+01
 6.70433960e+00
 -4.16998291e-01
 -2.70679321e+00
 -4.01245728e+00
 6.65557251e+00
 1.06770569e+01
 1.26182800e+01
 1.86947266e+01
 2.26598755e+01
 1.94224182e+01
 1.55255676e+01
 1.30189758e+01
 6.53115234e+00
 3.28780518e+00
 2.06115112e+00
 2.06997070e+00
 9.78319702e+00
 1.15583435e+01
 1.43520447e+01
 1.73312012e+01
 2.15828491e+01
 2.16471191e+01
 2.06543213e+01
 1.26940247e+01
 4.62816772e+00
 3.21087036e+00
 -1.35004272e+00
 4.54064941e-01
 5.50371704e+00
 1.02478577e+01
 1.47594849e+01
 1.68646484e+01
 2.13150574e+01
 1.88683105e+01
 1.46151367e+01
 1.11519409e+01
 6.99163208e+00
 5.02559814e+00
 5.45678711e-01
 -1.83090820e+00
 5.16393433e+00
 1.14351440e+01
 1.34669434e+01
 1.71418396e+01
 1.95190979e+01
 2.19226318e+01
 1.70001465e+01
 1.33525940e+01
 5.45504150e+00
 2.62371216e+00
 5.63173828e+00
 -5.99279785e-01
 6.61568604e+00
 9.97066650e+00
 1.30757690e+01
 1.81598755e+01
 2.08755432e+01
 2.00766235e+01
 1.95912720e+01
 1.14658142e+01
 1.81301270e+00
 -8.85931396e-01
 -2.93421021e+00
 -2.24426880e+00
 -1.35462036e+00
 1.03483826e+01
 1.37878967e+01
 2.06347900e+01
 2.25241943e+01
 2.23184753e+01
 1.71829163e+01
 1.09394165e+01
 7.58779297e+00
 3.42360840e+00
 -8.86267090e-01
 6.01708984e-01
 6.25893555e+00
 8.16286621e+00
 1.33193909e+01
 2.01589294e+01
 2.34952637e+01
 1.96089417e+01
 1.60166565e+01
 1.05123840e+01
 6.16320190e+00
 4.55114136e+00
 2.48803101e+00
 9.53149414e-01
 9.33828125e+00
 1.09999329e+01
 1.38088013e+01
 1.92426697e+01
 2.14636169e+01
 1.97257019e+01
 1.76137939e+01
 1.09181763e+01
 5.77034912e+00
 -1.03122559e+00
 2.14995728e+00
 2.86614380e+00
 9.72463379e+00
 9.44109497e+00
 1.30236450e+01
 1.77301880e+01
 2.05296570e+01
 2.16825806e+01
 1.50346008e+01
 1.18919006e+01
 7.96053467e+00
 1.87883911e+00
 -4.89157715e+00
 2.29357300e+00
 3.77218018e+00
 1.07548157e+01
 1.34836365e+01
 1.98333679e+01
 2.54261719e+01
 2.68383118e+01
 1.78149048e+01
 1.34089600e+01
 4.49245605e+00
 2.33361816e-01
 -1.89008179e+00
 2.20302734e+00
 4.50515137e+00
 1.04381042e+01
 1.31864868e+01
 1.60930115e+01
 1.82216736e+01
 2.01949097e+01
 1.49171387e+01
 1.28865906e+01
 5.97402344e+00
 2.52440796e+00
 -5.82272949e+00
 2.72109375e+00
 4.98488770e+00
 9.77965698e+00
 1.23217407e+01
 1.71017700e+01
 1.94645935e+01
 1.98783813e+01
 1.72954041e+01
 1.06258789e+01
 6.48751221e+00
 3.16887817e+00
