 5.97712633e+01
 5.54080491e+01
 5.62196621e+01
 8.84223572e+01
 6.96412932e+01
 5.41815766e+01
 0.00000000e+00
 5.70885788e+00
 2.71785075e+01
 7.92945344e+01
 1.05630443e+02
 5.96460534e+01
 6.43874168e+01
 5.52828637e+01
 6.56787403e+01
 3.37670048e+01
 2.25981246e+01
 1.33564869e+00
 2.29201405e-02
 6.21900105e-01
 5.89873366e+01
 2.93825996e+01
 7.12061429e+01
 1.23821471e+02
 1.08313331e+02
 5.07665918e+01
 4.11654984e+01
 3.81812791e+01
 3.54538068e+01
 2.23380064e+01
 5.24996227e-02
 3.17967989e-01
 1.39500978e+02
 6.41093290e+01
 2.14075153e+01
 6.50224552e+01
 7.86839680e+01
 6.06874292e+01
 1.77057383e+01
 5.23547675e+01
 1.97426357e+01
 9.40444271e+00
 3.58977271e+01
 2.48311875e+01
 6.18721844e+01
 8.27362969e+01
 5.50449640e+01
 9.42926850e+01
 5.66307502e+01
 6.19322072e+01
 2.91059442e+01
 2.88948271e+01
 7.17511387e+01
 6.91941357e+01
 1.40571104e+01
 4.78262762e+01
 1.57538391e+00
 1.35226964e+02
 2.17342995e+01
 5.98686250e+01
 1.08264426e+02
 7.26498473e+01
 4.66508864e+01
 2.86042575e+01
 4.50708931e+01
 2.00895698e+01
 6.03970791e+01
 7.26762110e+01
 4.30713047e+01
 1.04884986e+02
 1.06601526e+02
 1.63587955e+02
 3.52618362e+01
 4.48786536e+01
 3.27973518e+01
 9.76944007e+01
 5.65887488e+01
 3.93590696e+01
 1.46438199e+01
 4.20885707e+00
 5.71045060e+01
 8.31879003e+01
 1.31118631e+02
 8.34261597e+01
 4.30997285e+01
 3.36589033e+01
 5.90561101e+00
 1.90954487e+01
 3.55683544e+01
 3.20566518e+01
 7.53290937e+00
 1.23748165e+01
 2.22837223e+01
 1.03575093e+01
 4.22300252e+01
 7.98426080e+01
 3.92506441e+01
 4.02325581e+01
 6.81622522e+01
 3.70229750e+01
 3.81707427e+01
 6.82226469e+01
 3.90795499e+01
 1.00753631e+01
 5.65036351e+01
 2.46174025e+01
 1.13975496e+02
 1.43496762e+02
 8.48685876e+01
 5.77034991e+01
 9.22676363e+01
 1.04576879e+02
 5.61150022e+01
 3.24881946e+01
 4.62300045e+00
 5.29971145e+01
 1.56817595e+01
 2.76823293e+01
 7.28731808e+01
 2.84304537e+01
 3.39841737e+01
 4.75264911e+01
 1.26723379e+02
 7.45085494e+01
 5.40735008e+01
 6.18348183e+00
 1.74130212e+01
 1.52099527e+01
 1.29224037e+01
 1.08534480e+02
 4.02235626e+01
 7.60425113e+01
 3.11564563e+01
 6.52207662e+01
 5.40339598e+01
 5.82383543e+01
 5.28469357e+01
 1.57608907e+01
 1.59857877e+01
 1.30660361e+01
 1.95051831e+01
 8.53257354e+01
 7.79427775e+01
 5.26738634e+01
 1.32680686e+01
 3.56593416e+01
 1.60904853e+01
 1.56150188e+01
 2.63034831e+01
 2.11259533e+01
 2.43825267e+01
 2.77623273e+00
 1.55947062e+01
 3.84749394e+01
 2.46925359e+01
 3.50403047e+01
 5.31177935e+01
 3.01357734e+01
 8.36909908e+01
 1.12205951e+01
 1.90941360e+01
 1.01376468e+02
 5.72761378e+00
 3.00052473e+00
 1.40127543e+01
 4.38333466e+01
 1.92120002e+01
 3.60505588e+01
 2.25022952e+01
 2.48888646e+01
 2.24427644e+01
 9.14394746e+01
 9.38675547e+00
 2.16183786e+01
 1.59506412e+01
 2.50119023e-04
 2.66870653e+01
 9.32406781e+01
 1.11598642e+02
 4.45823552e+01
 6.54394091e+01
 7.21471431e+01
 8.70636198e+01
 3.80355487e+01
 4.07692090e+01
 2.85419016e+01
 1.11732426e+00
 1.30401013e-03
 8.10030847e-01
 1.28987067e+02
 4.39439284e+01
 3.98660850e+01
 8.81497403e+01
 1.09206275e+01
 1.09660950e+02
 2.30171951e+01
 5.79531228e+01
 7.64771048e+01
 1.14517098e+00
 3.44203183e+01
 2.69745137e+01
 8.76346063e+01
 8.59014936e+01
 9.99374697e+01
 3.68046464e+01
 6.89216388e+01
 5.43385658e+01
 7.36503577e+01
 3.78680952e+01
 4.55460197e+01
 1.23197679e+01
 1.89114635e+01
 1.48876081e+01
 1.75530935e+02
 1.28180892e+02
 7.39673738e+01
 5.99573925e+01
 3.12191917e+01
 2.72248089e+01
 7.51444938e+01
 4.23977393e+01
 4.01872207e+01
 5.85752017e+01
 3.32325147e-01
 5.05073971e+01
 6.09654834e+01
 4.57993565e+01
 8.20970052e+01
 6.80800765e+01
 3.13147529e+01
 3.83520681e+01
 7.46957324e+01
 1.00323077e+02
 7.11466796e+01
 1.55101909e+01
 0.00000000e+00
 4.76740587e+01
 5.27694176e+01
 2.77259996e+01
 3.17203053e+01
 1.70212883e+01
 3.55654789e+01
 1.50443431e+01
 4.99425899e+01
 1.41288732e+02
 4.89319115e+01
 5.30253525e+00
 4.11916171e+01
 7.87185729e+01
 1.52269281e+02
 5.77822002e+01
 3.01935677e+01
 3.52876966e+01
 4.10061571e+01
 5.43077798e+01
 3.91401770e+01
 5.94046809e+01
 7.34920671e+01
 1.61538783e+01
 1.76113242e+01
 3.90672905e+01
 3.48538905e+01
 7.84428691e+01
 4.50844908e+01
 9.45030474e+01
 7.04570214e+01
 4.43632671e+01
 6.25640324e+01
 6.25205224e+01
 5.09731565e+00
 6.50120076e-02
 2.27324786e+00
 9.19223194e+01
 5.94487967e+01
 1.94119051e+01
 4.90141773e+01
 1.56264547e+01
 3.18270129e+01
 6.30870753e+01
 5.52144806e+01
 7.38426559e+01
 8.07451383e+00
 1.22333195e+01
 2.03274294e+01
 1.15645448e+01
 7.22944572e+01
 4.56518062e+01
 9.24379413e+01
 1.07285518e+02
 6.04609619e+01
 5.25323519e+01
 1.76477984e+01
 3.81296037e+01
 4.89156784e+01
 3.20039624e+00
 3.28949765e+01
 1.88274229e+01
 1.82772997e+01
 8.52107346e+01
 4.84406330e+01
 9.60962925e+01
 5.15943873e+01
 4.51890338e+01
 1.09258399e+01
 7.48389030e+01
 2.23765665e+01
 2.65076003e+00
 5.80258127e+01
 3.51878136e+01
 6.83350809e+01
 2.28685934e+01
 2.59740495e+01
 3.28135633e+01
 5.57713896e+01
 2.86416249e+01
 3.59400750e+01
 4.87520939e+01
 4.37778819e+01
 4.27641714e+00
 1.38350165e-01
 1.44800166e+01
 5.92605969e+01
 3.51079870e+01
 6.37249541e+01
 3.96056824e+01
 3.46669322e+01
 5.81268820e+01
 5.13885405e+01
 2.06684498e+01
 4.53857229e+00
 3.37460063e-02
 0.00000000e+00
 5.46064338e+01
 2.93284110e+01
 9.94183465e+01
 1.24312001e+02
 1.52804246e+01
 6.23846401e+01
 3.65717657e+01
 7.91591399e+01
 1.75906231e+01
 8.95506315e+00
 3.14254268e+00
 8.46901124e+00
 1.11687262e+02
 1.11213982e+02
 8.74982901e+01
 5.87336190e+01
 7.44195984e+00
 1.02301550e+01
 3.71413588e+01
 5.86092410e+01
 4.26073369e+01
 8.29515859e+00
 7.65228631e+00
 5.24613184e+01
 2.19958024e+01
 9.07918060e+01
 5.79031353e+01
 1.01032954e+02
 4.75230538e+01
 4.77370286e+01
 2.53225803e+01
 5.81440296e+01
 4.83382630e+01
 6.06450958e+01
 9.83643508e+00
 2.92269739e+01
 9.93921534e+00
 4.69718769e+01
 9.90357106e+01
 6.88430483e+01
 8.21292188e+01
 3.29673582e+01
 6.77869635e+01
 6.13912916e+01
 1.40951971e+02
 3.11237727e+01
 1.32766643e+02
 1.04488734e-01
 1.24336654e+02
 5.91752788e+01
 2.85321938e+01
 8.29243456e+01
 2.46799222e+01
 4.47251201e+01
 3.53107411e+01
 4.63925988e+01
 3.89571584e+01
 4.35490056e+01
 1.59402407e+01
 4.95566286e+01
 1.13955928e+01
 3.79909879e+00
 1.26467102e+02
 5.08535256e+01
 6.83096833e+01
 5.46658301e+01
 7.39276574e+01
 6.88477614e+01
 6.83449613e+01
 1.07595147e+02
 4.58085647e+01
 2.03810154e+00
 1.75616044e+01
 9.69217815e+01
 5.88835917e+01
 1.88369113e+02
 1.16901621e+02
 7.54659259e+00
 7.36593281e+01
 4.84190852e+01
 6.11775753e+01
 5.74225654e+00
 2.45454531e+01
 8.52124588e-01
 1.93279117e+01
 2.89290815e+01
 1.08004817e+02
 3.17215745e+01
 5.36684492e+01
 1.06623672e+02
 3.34621409e+01
 3.73342145e+01
 1.12843562e+02
 1.68302485e+01
 1.83387098e+01
 0.00000000e+00
 4.28145780e+01
 8.31039171e+01
 1.21737449e+02
 1.39554073e+02
 4.72421257e+01
 5.47678029e+01
 8.56459123e+01
 7.49137552e+01
 1.17945964e+01
 7.10691349e+01
 8.86938091e+00
 5.58937284e-01
 8.99555285e+00
 7.67669506e+01
 3.22908440e+01
 9.10371407e+00
 4.39246621e+01
 6.68410080e+01
 9.25760619e+01
 5.92255717e+01
 6.53890377e+01
 1.61794229e+01
 3.92888624e+00
 3.32023912e+01
 7.68814525e+01
 3.21808756e+01
 9.31368100e+01
 7.34657351e+01
 3.30346099e+01
 3.26967187e+01
 8.67973368e+01
 1.01303596e+02
 1.29661953e+02
 2.21354789e+01
 5.81030385e+01
 4.68090650e+01
 5.99628330e+01
 8.97965284e+01
 8.42164356e+01
 5.71173588e+01
 4.31177305e+01
 4.82545361e+01
 1.20657519e+02
 5.82538119e+00
 3.68809344e+01
 4.39421274e+01
 2.22345360e+01
 8.41495539e+00
 9.44874929e+01
 6.82663811e+01
 4.89848637e+01
 9.76825219e+01
 5.01825076e+01
 3.56867017e+01
 3.22297440e+01
 4.80770627e+01
 4.15578841e+00
 3.72827121e+01
 0.00000000e+00
 2.44546515e+01
 4.81562841e+00
 4.43521297e+01
 6.24704574e+01
 6.10749714e+01
 6.09077163e+01
 2.03020065e+01
 4.65238300e+01
 3.53765950e+01
 1.21494262e+02
 1.55347651e+02
 2.63800031e+00
 5.42933039e+00
 2.15043926e+02
 3.77875443e+01
 1.36933513e+02
 1.34487943e+02
 1.28374240e+02
 3.14113483e+01
 5.23364739e+01
 5.26770538e+01
 8.18730305e+01
 7.10887957e+01
 1.30055255e-02
 3.26003678e+01
 4.25332258e+01
 7.89085469e+01
 6.26054239e+01
 1.21075203e+02
 6.60089194e+01
 2.59102491e+01
 1.08500727e+02
 1.31929740e+02
 6.15315297e+01
 1.64442297e+01
 1.14304267e+01
 0.00000000e+00
 4.62044680e+01
 1.08046541e+02
 9.03560654e+01
 3.66254038e+01
 4.68347647e+01
 7.56191546e+01
 9.54113309e+01
 7.37839003e+01
 5.72721270e+01
 4.00113061e+01
 1.85062730e+01
 3.72190476e-01
 2.06002178e+00
 7.05559882e+01
 7.62034990e+01
 5.09717150e+01
 3.52517097e+01
 5.51813134e+01
 7.10184610e+01
 3.79968188e+01
 1.00198737e+01
 2.32736767e+01
 2.52141958e+01
 8.67217346e+00
 1.54929889e-02
 3.55035449e+01
 8.39807040e+01
 3.12876734e+01
 2.57776502e+01
 5.55090626e+01
 5.44474838e+01
 1.34480590e+02
 1.35085209e+02
 1.18090271e+01
 4.72797093e+00
 1.21097722e+01
 4.73438468e+01
 3.73634091e+01
 6.04020562e+01
 7.63785027e+01
 9.80760708e+01
 3.25282654e+01
 2.32008009e+01
 4.74242050e+00
 4.85431054e+01
 1.20156258e+01
 3.55517635e+00
 6.75307022e+00
 1.92464821e+01
 8.60292397e+01
 6.68625673e+01
 5.80974406e+01
 3.46908351e+01
 2.20163178e+01
 1.47960705e+02
 1.24500862e+02
 1.58843386e+02
 6.31015267e+01
 1.52972354e+01
 2.49542488e+01
 4.49823064e+01
 1.07647926e+02
 9.14550807e+01
 1.07656987e+02
 6.15802543e+01
 3.98839374e+01
 1.15795057e+01
 2.50364726e+01
 9.99145031e+01
 2.03852527e+01
 1.18734818e+00
 1.78013059e-02
 1.50142708e+00
 8.76956863e+00
 3.38863629e+01
 1.22945089e+02
 1.50051799e+02
 6.04262112e+01
 7.39657758e+01
 4.57649902e+01
 2.40158102e+01
 3.95311652e+00
 1.71872231e-01
 2.78146012e+01
 9.42844115e+00
 8.16456698e+01
 7.53429217e+01
 1.22245736e+02
 1.42784294e+02
 5.18123309e+01
 1.91889557e+01
 1.93372754e+01
 6.52855568e+01
 7.78708340e+01
 9.89934210e+00
 5.39388855e+00
 5.11582498e+01
 9.26368253e+01
 5.40565678e+01
 4.86704980e+01
 7.09207047e+01
 6.31297942e+01
 8.39989877e+01
 3.08355392e+01
 4.55104092e+01
 3.44422143e+01
 3.38355953e+01
 1.78965799e+01
 3.78845377e+01
 1.65154258e+02
 6.82303792e+01
 5.54873644e+01
 5.46346751e+01
 4.95803405e+01
 8.53191485e+01
 6.32166532e+01
 5.31679895e+01
 9.64735074e+01
 3.06231424e+01
 4.70206405e+01
 1.40083718e+01
 1.08348166e+02
 4.13941346e+01
 3.48941916e+01
 7.10588107e+01
 9.01624963e+01
 6.70089520e+01
 1.52322721e+01
 1.87738405e+02
 1.18156833e+01
 3.91167548e+01
 1.91376672e+01
 3.84673226e+01
 9.42008872e+01
 3.34782904e+01
 4.48754633e+01
 3.92748237e+01
 5.72629387e+01
 6.00053474e+01
 1.67382683e+01
 9.31641503e+00
 3.48217267e+01
 1.63266254e+01
 3.19863934e+01
 1.16238283e-03
 4.60697906e+01
 2.79235623e+01
 7.17001827e+01
 6.04573163e+01
 4.42556837e+01
 7.60491324e+01
 2.16354015e+01
 1.96045845e+01
 4.64345560e+01
 1.51334808e+01
 4.41158417e+00
 2.88173155e+01
 8.32619739e+01
 1.67712465e+02
 6.87257992e+01
 4.70667051e+01
 8.98409518e+01
 9.17042306e+01
 1.16898695e+02
 9.21469086e+01
 4.04635328e+01
 1.65105975e+01
 1.97996258e-02
 1.50697746e+01
 3.45568994e+01
 1.34779663e+01
 9.56469399e+01
 8.27298951e+01
 3.86012579e+01
 9.40013893e+01
 5.92068775e+01
 7.56683968e+01
 4.13680805e+01
 3.16549842e+01
 8.14914698e-02
 1.16335964e-02
 2.60281918e+01
 6.25136357e+01
 5.54846555e+00
 5.40291024e+01
 4.63332342e+01
 6.20613138e+01
 2.65614365e+01
 2.53075405e+01
 3.10027415e+00
 5.06368735e+01
 1.44201582e+01
 2.41590280e+01
 4.45618442e+01
 3.90653598e+01
 7.22723823e+01
 6.01074934e+01
 1.21047391e+02
 2.16730986e+01
 1.06408596e+02
 1.92037836e+01
 9.51821934e+01
 1.28594349e+01
 2.20239631e+00
 1.04535935e+02
 6.22416112e+01
 8.99644996e+01
 9.00706261e+01
 1.19302903e+02
 2.52227393e+01
 1.78168974e+01
 8.94176841e+01
 1.58663096e+01
 6.04006795e+01
 1.04332272e+01
 6.79566473e+00
 4.71692570e+01
 1.27909862e+02
 5.05777517e+01
 1.31276616e+02
 5.71642808e+01
 7.50972818e+01
 1.00251527e+02
 1.65635087e+01
 8.56634027e+01
 1.67511209e+01
 2.42738760e+00
 3.47468977e-01
 1.72708072e+01
 5.46982934e+01
 8.55288530e+01
 1.26564689e+02
 5.22994127e+01
 4.14942957e+01
 1.45054325e+01
 7.51222445e+01
 6.73466631e+01
 8.92915155e+01
 1.44505962e+00
 1.22924751e+01
 2.93761349e+01
 7.82072690e+01
 1.60164396e+02
 8.88483532e+01
 8.29220460e+01
 9.90766842e+01
 4.48120107e+01
 5.36677413e+01
 3.13915635e+01
 3.41089165e+01
 3.25060597e+00
 1.98723413e-01
 4.46422452e+01
 1.13665008e+02
 3.17747951e+01
 2.98711619e+01
 2.91991914e+01
 8.87450075e+01
 3.73947286e+01
 5.13658386e+01
 4.49885372e+01
 1.27137705e+01
 8.05582460e+00
 1.50121198e+01
 2.80531792e+00
 3.85711245e+01
 3.01381701e+01
 1.50554655e+02
 1.01405037e+02
 9.74157510e+01
 1.14354792e+02
 7.73353153e+01
 1.38236367e+02
 5.51343900e+01
 2.62192149e+01
 1.33433304e+00
 7.73277999e+01
 1.16588703e+02
 6.14907460e+01
 6.45139081e+01
 8.19384515e+01
 1.20164114e+02
 1.42068763e+01
 1.31321425e+02
 3.85326456e+01
 1.85895767e+01
 5.14678093e+01
 2.47133150e+00
 4.78241550e+01
 7.87721265e+01
 5.12088634e+01
 7.35531238e+01
 5.44209267e+01
 6.00719666e+01
 3.02452253e+01
 4.85242399e+01
 1.88889635e+01
 1.37628641e+01
 2.47005657e+00
 5.80986387e-01
 4.86107332e+01
 9.95815130e+01
 1.14119572e+02
 7.60565914e+01
 5.34461455e+01
 6.39744877e+01
 3.41036322e+01
 7.33095092e+01
 2.73743592e+01
 3.34280564e+01
 3.08410494e-01
 2.19411550e+01
 6.40161925e+01
 5.82076887e+01
 1.06297656e+02
 4.16877260e+01
 1.10734053e+02
 2.83157798e+01
 2.82950224e+01
 6.47644628e+01
 3.68576487e+01
 7.66462348e+01
 1.30882828e+01
 1.67821792e-03
 1.44371282e+00
 6.75060646e+01
 8.73504711e+01
 7.72053509e+01
 4.28344540e+01
 3.13542254e+01
 3.96480394e+01
 3.67834409e+01
 5.17687321e+01
 1.06748667e+02
 2.45028013e+00
 1.06948750e+00
 3.79128573e+01
 3.57264965e+01
 8.78597471e+01
 1.21308337e+02
 7.73515153e+01
 3.93229706e+01
 7.01717253e+01
 1.17239519e+02
 4.39729970e+01
 5.20493839e+01
 4.21135080e+01
 4.02926458e+00
 4.91978934e+01
 2.50354794e+01
 7.90863478e+01
 8.00695741e+01
 8.71454593e+01
 9.07419364e+01
 7.50936589e+01
 9.84827187e+01
 3.74719325e+01
 2.88234613e+01
 3.04648664e+01
 5.24695325e+00
 7.84985676e+00
 7.56272651e+00
 1.89059098e+02
 1.23091629e+02
 3.46072368e+01
 2.50113327e+01
 7.24812149e+01
 3.00198800e+01
 1.22170727e+01
 3.81464578e+01
 5.43053072e+00
 9.66600465e+00
 1.25634750e+01
 2.11091156e+01
 1.25636683e+01
 2.90414781e+01
 2.63333338e+01
 9.88247117e+01
 3.37838598e+01
 1.12076800e+02
 2.26756987e+01
 2.50086811e+01
 6.00473208e-01
 8.53985106e+00
 9.01879603e-01
 4.70275734e+01
 8.31237948e+01
 1.04381048e+02
 6.90302006e+01
 6.91243214e+01
 4.19326064e+01
 1.16198845e+02
 1.15977757e+02
 2.62908648e+01
 1.03391919e+01
 1.66611770e+00
 6.03859928e+01
 4.71240094e+01
 8.52168167e+01
 2.76452316e+01
 4.42525221e+01
 5.71004019e+01
 7.40805012e+01
 2.33865330e+01
 7.41974044e+01
 7.48496902e+01
 1.32811118e-03
 0.00000000e+00
 2.54897363e-06
 3.31560221e+01
 1.03012549e+02
 7.70485267e+01
 3.98669814e+01
 3.72826395e+01
 6.35962071e+01
 1.23680653e+02
 1.11770382e+02
 1.69074124e+01
 9.20251357e-04
 0.00000000e+00
 1.14253170e+00
 3.92649434e+01
 5.00960479e+01
 7.35652502e+01
 6.35706535e+01
 1.71457925e+01
 1.05074253e+02
 5.19371051e+01
 3.56927044e+01
 1.22301926e+02
 5.67685992e+00
 6.93458989e+00
 2.52847975e+01
 9.04094139e+01
 3.48807892e+01
 4.14315475e+01
 6.01437604e+01
 4.05055255e+01
 4.80765840e+01
 4.82692246e+01
 1.54716919e+00
 2.13442731e+01
 0.00000000e+00
 0.00000000e+00
 2.78182309e+01
 2.43189327e+01
 3.36758320e+01
 6.15171378e+01
 3.80206735e+01
 6.30637901e+00
 9.43917909e+01
 3.69689667e+01
 5.73571333e+01
 1.31754693e+01
 9.35300319e-03
 1.52692261e+00
 1.39313765e+01
 4.26036049e+01
 6.66530879e+01
 5.79023908e+01
 6.21461593e+01
 1.07722671e+02
 9.30609020e+01
 3.07245406e+01
 3.14583730e+01
 1.53218183e+01
 0.00000000e+00
 1.13106418e+01
 1.22659038e+01
 3.89416557e+01
 8.90204888e+01
 7.34205864e+01
 1.13865762e+02
 6.96109726e+01
 5.32667738e+01
 5.71895802e+01
 6.69197801e+01
 4.61618502e+00
 0.00000000e+00
 1.48992238e+01
 3.98676382e-05
 9.08319219e+01
 1.80030217e+02
 1.87269592e+01
 2.15223132e+01
 2.31704653e+01
 7.09352622e+01
 3.49145073e+01
 1.49802392e+02
 4.30775189e+01
 1.09262059e+01
 1.95074737e+00
 4.85825068e+00
 9.21590593e+01
 1.88481280e+01
 6.87040409e+01
 9.56898133e+01
 4.10387516e+01
 1.03689792e+02
 1.14533580e+02
 2.65398302e+01
 5.53775333e+01
 3.30340214e-02
 1.04788865e-01
 6.57464691e+00
 1.27373204e+02
 7.90244563e+01
 6.32136299e+01
 3.60887648e+01
 8.32657611e+01
 1.54966917e+02
 7.97282659e+01
 1.12827680e+02
 2.08422979e+01
 1.55112628e+01
 0.00000000e+00
 7.30974884e+01
 1.21707869e+02
 9.84536000e+01
 3.44293875e+01
 9.09408789e+01
 8.62327713e+01
 2.71477877e+01
 9.59725671e+01
 2.89730804e+01
 1.24089286e+02
 2.64383907e+01
 1.53100256e+01
 6.89049286e+01
 6.39815613e+01
 8.49317964e+01
 4.01839403e+01
 2.44376044e+01
 7.38043887e+01
 7.43470034e+01
 1.68114140e+01
 1.94616552e+02
 6.49714764e+01
 7.62238696e+00
 7.42016198e+00
 2.23341850e+01
 7.70355673e+01
 1.46260230e+02
 3.67413253e+01
 2.80164595e+01
 6.73675322e+01
 2.04574857e+01
 5.98139672e+01
 4.25319667e+00
 5.23767345e-04
 4.87037575e-01
 5.53537990e+01
 1.94587680e+01
 4.54879834e+01
 4.82098839e+01
 6.78441265e+01
 5.45858189e+01
 4.30496565e+01
 1.73886722e+01
 5.65568843e+01
 8.20312986e-01
 4.63863233e+01
 3.80235813e-08
 4.80309920e+01
 5.41314557e+00
 1.25193772e+02
 8.02359860e+01
 9.18596274e+01
 2.68084908e+01
 4.79470204e+01
 3.92462228e+01
 1.93073516e+01
 1.92898009e+02
 7.31681164e+01
 9.34599282e+00
 1.07151602e+01
 2.92385659e+01
 2.01942513e+01
 4.16786269e+01
 1.46810684e+02
 7.49038709e+01
 1.37259842e+01
 4.48453984e+01
 1.04253951e+02
 8.86187367e+01
 2.53285298e+01
 1.42417831e+00
 5.23597242e+00
 1.71055540e+01
 1.24722329e-01
 3.54909082e+01
 5.02353150e+01
 6.07275602e+01
 7.68534946e+01
 5.43933464e+01
 1.82621577e+02
 4.29336232e+01
 3.18158518e+01
 2.80116730e-01
 2.73846367e+01
 1.76996402e+01
 5.06847602e+01
 4.91778366e+01
 8.21761457e+01
 6.14488521e+01
 6.01747402e+01
 6.28612687e+01
 6.16372920e+01
 4.85434270e+01
 7.91696539e+01
 1.49633540e+00
 7.51663158e-04
 9.35402100e+01
 8.65149763e+01
 1.84538972e+01
 2.23167726e+01
 6.96686104e+01
 4.76182371e+01
 4.43492942e+01
 5.27921048e+01
 1.26408193e+01
 3.88337348e+01
 1.51303290e-02
 2.38299515e+01
 2.46911427e+01
 5.54426688e+01
 1.20857786e+02
 1.10486585e+02
 4.36357439e+01
 4.75493957e+01
 8.18533477e+01
 3.14555593e+01
 1.63599497e+01
 2.64662420e+01
 5.28719094e-04
 9.78576537e-02
 2.51666512e+00
 2.15763483e+00
 6.79195924e+01
 7.93537534e+01
 3.24113715e+01
 9.66324270e+01
 1.62974970e+01
 5.64271937e+01
 7.54044913e+01
 6.00900046e+00
 3.18345545e+00
 2.79619506e+00
 7.78087658e+00
 1.32683761e+02
 4.87868459e+01
 3.48037091e+01
 6.96814968e+01
 9.34850052e+01
 6.91714393e+01
 1.43013689e+02
 7.51040411e+01
 2.94403767e+00
 6.29625735e-02
 6.85986502e+01
 2.17190377e+01
 2.82891078e+01
 4.40787912e+01
 9.11710897e+01
 7.36583391e+01
 3.28894650e+01
 6.05367052e+01
 3.09925003e+01
 6.10448967e+01
 1.62190993e+01
 0.00000000e+00
 2.48700695e+00
 4.19045145e-01
 2.24178613e+01
 1.27184594e+02
 6.62734387e+01
