 4.25380768e+01
 6.30404333e+01
 4.66578631e+01
 8.09710171e+01
 1.77397545e+01
 2.72412223e+00
 1.34894636e+01
 7.25915458e-01
 7.59929257e+01
 9.27928651e+01
 1.67817380e+02
 5.52943949e+01
 1.18923639e+02
 7.63471203e+01
 4.73080777e+01
 5.65735465e+01
 9.40106814e+00
 1.65349228e+00
 1.71039838e+00
 3.69123757e+01
 2.20879252e+01
 8.29947457e+01
 1.17029050e+02
 3.76038219e+01
 6.12008878e+01
 5.13585382e+01
 5.37773915e+01
 5.10253861e+01
 4.74004066e+01
 1.77108403e+01
 2.81886889e+01
 8.03903271e+00
 1.99185514e+01
 5.24434674e+01
 1.27684676e+02
 1.42787002e+02
 1.15227764e+02
 3.43748623e+01
 1.21907844e+02
 3.37486925e+01
 2.14340597e+01
 7.63009249e+00
 4.36905391e+00
 0.00000000e+00
 2.29915017e+01
 6.44039085e+01
 1.24333910e+02
 1.13614076e+02
 4.58777273e+01
 7.51668185e+00
 6.40451553e+01
 6.57739860e+01
 9.02592497e+01
 9.07154953e-02
 1.62843475e+00
 9.09327341e+00
 1.05870880e+02
 1.58084829e+02
 7.00040758e+01
 5.89451848e+01
 5.14596926e+01
 8.21043902e+01
 7.73070292e+01
 4.69544781e+01
 1.15876663e+01
 6.50792478e+01
 4.61952398e+00
 3.02254152e+00
 5.26077271e+01
 6.53406005e+01
 2.94040702e+01
 1.03518785e+02
 8.04409555e+01
 5.98053183e+01
 1.12933031e+02
 8.86652082e+01
 2.11562496e+01
 3.22290840e+00
 6.04609581e+00
 1.71692440e+00
 2.68173122e+01
 9.86196767e+01
 1.35360876e+02
 7.24617952e+01
 2.18647233e+01
 6.20174273e+01
 8.21688864e+01
 3.36349427e+01
 7.69507753e+00
 9.72281156e+00
 9.30350001e+00
 6.02513106e+00
 3.68558040e+01
 3.69712633e+01
 5.19189389e+01
 4.64724793e+01
 1.11304377e+02
 2.73820642e+01
 5.48975282e+01
 1.47107752e+01
 3.02967343e+01
 5.55272665e+00
 9.64253327e+00
 3.76445717e+00
 1.46464677e+00
 2.53726107e+01
 1.12515128e+02
 1.61294733e+02
 2.89676286e+01
 2.47287481e+01
 9.40202146e+01
 3.05401604e+01
 3.16615102e+01
 1.13260421e+01
 2.08096142e+00
 2.15339572e+01
 1.43858295e+00
 9.92245039e+01
 1.11070903e+02
 3.95047228e+01
 2.78467197e+01
 3.71444242e+01
 4.86244090e+01
 3.05250777e+01
 6.38104427e+01
 1.56199211e+01
 9.95583957e-01
 9.37492223e-02
 1.23572561e+02
 1.01807619e+02
 4.46246495e+01
 1.68558682e+02
 2.22815832e+02
 8.22199737e+01
 6.99070841e+01
 1.51302681e+01
 4.04431931e+01
 2.72933417e+01
 2.45252832e-01
 3.60913598e+00
 2.89428924e+01
 7.58209580e+01
 3.36307512e+01
 1.29410666e+02
 1.50366356e+01
 9.96190898e+01
 6.54197263e+01
 5.93861633e+01
 1.55728775e+01
 1.96761637e+01
 5.39471473e-01
 1.39510217e+01
 6.86357830e+01
 8.86937750e+01
 1.87608254e+02
 1.64736457e+02
 2.71574830e+01
 4.98568987e+01
 4.69865903e+01
 7.34329432e+01
 4.60569304e+00
 4.30236126e+00
 1.69713121e+00
 4.46902209e+01
 9.73948681e+01
 5.58843578e+01
 4.29183607e+01
 7.47411321e+01
 1.17834878e+02
 7.15677030e+01
 4.11919532e+01
 8.84163694e+00
 2.03910002e+01
 6.31982677e+00
 1.13314968e+00
 3.96935611e-01
 3.51607435e+01
 3.64457495e+01
 8.42275531e+01
 1.32182599e+02
 3.25879077e+01
 8.04177229e+01
 9.07957718e+01
 4.59712588e+01
 4.18078740e+01
 1.75403420e+00
 1.47405735e+00
 4.58012853e+00
 1.06342296e+02
 1.66619887e+02
 1.02689112e+02
 1.04446186e+02
 6.90906813e+01
 1.96119269e+01
 3.67848224e+01
 2.92600536e+01
 9.30019900e+01
 9.57374249e+00
 2.28311043e+00
 4.08008397e-02
 5.17810257e+01
 6.16475900e+01
 8.19338684e+01
 1.61435914e+02
 3.38353176e+01
 9.38975431e+01
 4.51139761e+01
 1.33958129e+01
 4.31669034e+01
 7.84062337e+00
 2.66351091e+00
 2.81211334e+00
 2.10478900e+01
 9.56384529e+01
 1.13818927e+02
 6.27601751e+01
 5.12062083e+01
 1.36518235e+02
 2.18899042e+01
 8.61592245e+01
 3.22196639e+01
 1.58024801e+01
 2.72832605e+01
 2.29584977e+01
 6.64630617e+01
 7.43596413e+01
 4.22624396e+01
 9.45666560e+01
 6.89191048e+01
 2.41035186e+01
 4.52467424e+01
 6.16806165e+01
 5.07823216e+01
 9.22863353e-01
 1.80294471e+00
 2.28664292e+00
 2.44911397e+00
 4.90062262e+01
 5.77481497e+01
 1.60225207e+02
 4.16888271e+01
 7.38744975e+01
 4.61850811e+01
 1.44088864e+01
 3.01130826e+01
 5.02213784e+00
 4.79061152e-01
 2.46327568e+00
 5.76871211e+01
 4.38330396e+01
 1.53065366e+02
 9.55646619e+01
 1.04494175e+02
 2.90524937e+01
 3.42328640e+01
 4.00301701e+00
 1.21809250e+01
 1.49204928e+01
 3.29686086e+00
 2.09846980e+00
 6.82101196e+01
 1.97048096e+01
 5.29408574e+01
 1.13070275e+02
 5.59033341e+01
 1.21475436e+02
 9.76189425e+01
 7.40005557e+01
 7.05697077e+01
 9.15201770e+00
 2.14500042e+00
 2.89832884e+00
 1.42158027e+01
 1.24576823e+02
 6.74689640e+01
 1.04359933e+02
 8.43958885e+01
 5.71505148e+01
 1.10797798e+02
 1.28144261e+01
 4.62017579e+01
 2.86760878e+01
 9.25472265e-01
 1.02840459e+01
 1.83997592e+01
 1.47915372e+01
 1.43690285e+02
 7.25150946e+01
 4.04184531e+01
 9.67492866e+01
 1.23109938e+02
 3.56297950e+01
 4.58606851e+01
 3.27096686e+00
 6.98736273e-01
 2.72025098e+01
 2.48187375e+01
 3.08431830e+01
 6.89346461e+01
 8.16654939e+01
 2.12286117e+02
 5.18325160e+01
 4.81161152e+01
 2.05897886e+01
 1.12401832e+01
 5.48133602e+00
 1.01279415e+01
 4.88310351e-02
 3.65841289e+01
 1.93978724e+01
 2.13720948e+02
 8.10801594e+01
 1.45982077e+02
 9.83392134e+01
 4.38524252e+01
 4.69354821e+01
 1.86459125e+01
 4.88762930e-02
 4.57274200e+00
 4.26266019e+00
 1.71433904e+01
 7.68787857e+00
 1.23270039e+02
 1.14468602e+02
 1.39923361e+01
 6.63612216e+01
 3.07030478e+01
 6.87916361e+01
 3.11732086e+01
 6.95235885e+00
 9.90241677e-01
 3.14639173e+01
 2.25095551e-01
 3.30082087e+01
 7.11541290e+01
 5.91058676e+01
 4.85587591e+01
 2.27553178e+01
 5.16575876e+01
 8.98504952e+01
 5.57373847e+01
 7.62109661e+00
 7.96851017e+00
 8.10187883e+00
 5.16381289e+01
 8.63249300e+01
 1.45520475e+02
 1.39779450e+02
 1.00964951e+02
 1.42562435e+02
 5.06242648e+01
 2.45923695e+01
 8.74160200e+01
 1.13514797e+01
 7.57547252e-01
 8.87575407e+00
 2.05154406e+01
 3.36999983e+01
 8.41189236e+01
 1.30175002e+02
 4.56224501e+01
 8.30884034e+01
 2.07384894e+01
 6.25646218e+01
 2.94067914e+01
 3.81955438e+01
 1.45531414e+01
 1.91881363e-01
 2.46466748e+01
 5.61241421e+01
 5.74645486e+01
 4.77621268e+01
 1.02147322e+02
 9.61056168e+01
 3.93256263e+01
 4.59371047e+01
 4.92340449e+01
 1.25849192e+01
 3.35751928e+01
 9.26275746e+00
 6.02061460e+01
 1.15243900e+02
 9.25469199e+01
 1.46513630e+02
 1.44801654e+02
 1.13538379e+02
 1.30462205e+02
 1.18330661e+02
 2.90580234e+01
 1.58534567e+01
 1.88915791e+00
 3.50080839e+00
 9.31385922e+01
 1.74155809e+02
 6.41013138e+01
 6.59572618e+01
 3.34417054e+00
 6.71608143e+01
 4.25375457e+01
 3.19574095e+01
 3.10748409e+01
 4.23718753e+01
 2.44637950e+00
 9.56985975e+00
 1.48156764e+01
 9.95616158e+01
 1.06428992e+02
 1.02317686e+02
 1.19745942e+02
 7.75271582e+01
 1.92504414e+01
 7.79636877e+01
 3.81036360e+01
 6.70196934e+01
 4.18559032e+00
 1.06530559e+01
 2.67846998e+01
 8.30884729e+01
 9.26440075e+01
 1.83754255e+02
 9.75428032e+01
 2.78069941e+01
 6.36865093e+01
 9.10112369e+01
 1.15779905e+01
 4.08677862e+01
 6.80724726e+00
 2.01408313e+01
 4.59730864e+00
 8.24221028e+01
 1.17329686e+02
 1.21727396e+02
 6.21761756e+01
 8.67519466e+00
 1.23943095e+02
 3.73979535e+00
 1.47606110e+01
 5.06873147e+00
 1.34296193e+00
 5.06439060e-01
 2.73453745e+01
 5.72641905e+01
 5.21754582e+01
 1.04380025e+02
 1.81438135e+02
 1.10653931e+02
 4.50110896e+01
 1.54096684e+01
 9.49089322e+01
 1.18798331e+01
 4.67251104e+00
 1.92132574e-01
 7.63093515e+01
 6.17358654e+01
 1.76654368e+02
 3.23981173e+01
 9.63345811e+01
 2.07015807e+01
 2.18975922e+01
 2.95107454e+01
 5.27776025e+01
 1.10995579e+02
 4.54953447e-01
 2.97938368e+00
 3.74940752e+01
 4.44018240e+01
 4.28218860e+01
 5.48456270e+01
 9.17438788e+01
 5.30481979e+01
 1.13685411e+02
 2.32315356e+01
 1.17842848e+01
 9.12074739e-01
 4.75132325e+00
 3.80055886e+00
 1.04095069e+01
 1.27319242e+02
 6.00408491e+01
 9.43282115e+01
 5.83825343e+01
 2.46192703e+01
 1.87342118e+02
 5.73327599e+01
 2.33092390e+01
 4.37809041e+00
 4.63119816e+00
 1.26667602e+01
 1.13131459e+02
 1.03157333e+02
 3.26294082e+01
 1.37702778e+02
 8.75913041e+01
 1.87782730e+02
 1.28903883e+02
 4.61893759e+01
 1.48927014e+01
 1.67106323e+00
 1.74494773e+00
 2.61047392e+00
 5.78024362e+01
 3.88195225e+01
 6.90813996e+01
 8.73292597e+01
 1.00291936e+02
 9.73855284e+01
 5.83330496e+01
 5.40198865e+01
 6.68785388e+00
 8.03936426e+00
 3.36819207e-01
 3.86021155e-02
 3.41490656e+01
 4.24866725e+01
 1.73405781e+02
 7.07271847e+01
 2.86956303e+02
 7.37873940e+01
 1.08954951e+02
 2.63484044e+01
 5.42177650e+01
 6.51484943e+01
 4.12787409e+00
 6.15210525e+00
 4.98133519e+01
 1.13585195e+02
 9.47387080e+01
 6.14013942e+01
 1.79513546e+02
 1.34880906e+02
 2.72632780e+01
 1.89500542e+01
 3.20493005e+01
 1.85802213e+01
 3.43282195e-01
 7.52006972e-01
 6.06735214e+01
 9.24254885e+01
 1.57393166e+02
 9.00084401e+01
 1.47421260e+02
 2.21556649e+02
 1.01207663e+02
 4.95482140e+01
 3.30017582e+01
 4.49808524e+00
 8.40991426e-01
 1.77378958e+01
 1.51687234e+01
 5.19258340e+01
 7.47356623e+01
 5.87350709e+01
 1.20994416e+02
 2.42187478e+01
 1.47864788e+01
 1.25939764e+01
 3.68505917e+01
 1.50351937e+01
 2.04630321e+00
 2.51079075e-01
 7.50082025e+01
 3.68499778e+01
 1.24820989e+02
 5.93046396e+01
 6.08822261e+01
 1.25733086e+01
 2.84908955e+01
 1.91050205e+02
 1.48172673e+01
 1.98851608e+00
 3.84299747e+00
 1.13057011e+00
 1.53128707e+01
 4.65033872e+01
 3.76535964e+01
 6.76204051e+01
 1.37700264e+02
 1.63808529e+02
 3.79418131e+01
 8.52959974e+01
 8.46234003e+01
 8.32771973e+00
 2.98962623e+01
 1.05159352e+01
 5.58523157e+01
 1.34041221e+02
 1.13195599e+02
 1.07941034e+02
 9.03768983e+01
 8.85470554e+01
 5.76340567e+01
 1.07193265e+02
 5.20233321e+01
 2.18118984e+01
 8.96522039e-01
 3.15854470e+00
 8.12611200e+01
 1.74737835e+02
 1.15247527e+02
 7.10211601e+01
 4.20746052e+01
 8.26922793e+01
 3.16911684e+01
 5.96286229e+01
 6.39928497e+01
 3.66206211e+00
 1.35844393e+01
 1.93117431e+01
 1.08306830e+02
 7.71147565e+01
 6.15826520e+01
 1.16877378e+02
 6.15372396e+01
 4.06028073e+01
 1.10064462e+01
 2.62548860e+01
 1.56708128e+01
 1.13341504e+01
 1.33848391e+01
 8.37226221e-01
 2.96498514e+01
 6.78506598e+01
 1.43232118e+02
 1.34732965e+02
 1.66324508e+02
 8.85582855e+01
 7.67117072e+01
 3.05895128e+01
 4.98948074e+01
 3.87587716e+00
 6.68287713e-02
 6.57627970e-02
 2.34435540e+01
 4.43812155e+01
 5.66885221e+01
 3.14159429e+01
 1.16953371e+02
 6.59545187e+01
 1.07313795e+02
 1.02025388e+02
 5.97346066e+00
 9.65258254e+00
 2.97316856e+00
 4.23437681e+00
 1.08744120e+02
 3.07814891e+01
 6.37124684e+01
 4.53922003e+01
 1.58973205e+02
 1.23879535e+02
 1.16506172e+02
 5.46248782e+01
 2.16428119e+01
 8.52018460e+00
 8.03467731e-01
 9.65123036e+00
 7.08319276e+01
 1.42480925e+02
 1.55067279e+02
 6.59740262e+01
 6.87796784e+01
 2.55481452e+01
 9.74147285e+01
 8.39630705e+01
 7.23982682e+00
 7.07223669e+00
 1.02487863e-01
 4.70036355e+00
 1.82027272e+00
 2.12520556e+02
 3.75132126e+01
 8.72386993e+01
 3.91572287e+01
 6.02711904e+01
 5.11904816e+01
 1.06571286e+02
 7.38379301e+01
 1.22360178e+01
 1.72869622e-02
 1.80897881e-01
 1.59853350e+02
 1.03850070e+02
 1.13364192e+02
 1.50768350e+02
 2.68511986e+01
 1.38060315e+01
 1.36022861e+02
 8.19454550e+00
 5.05370246e+00
 2.24701716e-01
 2.00230663e+00
 1.41937256e-01
 4.75409499e+01
 4.59523953e+01
 1.29039157e+01
 2.23247080e+02
 8.96953471e+01
 3.25847509e-01
 8.57083625e+00
 8.57168140e+01
 9.65264105e+01
 1.03089869e+01
 2.62976575e+00
 9.73204679e+00
 1.92823548e+01
 3.43577377e+01
 9.23507268e+01
 1.28625751e+02
 5.51481575e+01
 7.17473622e+01
 3.37585133e+01
 3.31232432e+01
 2.21234304e+01
 4.32343385e+01
 7.73006749e+00
 6.49954632e+00
 3.47119114e+01
 1.09485734e+02
 6.92410717e+01
 1.05356253e+02
 9.48044867e+01
 3.36267911e+02
 2.25476825e+01
 8.76105028e+01
 2.50531866e+01
 1.96888371e+00
 6.23828450e+00
 1.42507205e+01
 6.15421894e+01
 6.81599624e+01
 1.54169700e+02
 1.77210639e+02
 1.50704527e+02
 4.50521828e+01
 5.29202882e+01
 3.51334400e+01
 8.25411155e+01
 2.90565644e+01
 1.07823957e-01
 6.94120847e+00
 3.67684619e+01
 8.76681547e+01
 7.10296624e+01
 9.94508562e+01
 9.85415983e+01
 9.38633689e+01
 5.86108744e+01
 3.58715875e+01
 1.22336898e+01
 4.10018622e+00
 2.12588900e+01
 4.19398023e+01
 1.86362829e+01
 5.97137594e+01
 2.30773454e+02
 8.24473397e+01
 5.88532311e+01
 2.86326619e+01
 7.07584190e+01
 3.16538105e+01
 4.71320774e+01
 2.27617391e+01
 1.15596204e-01
 1.32082501e+00
 8.42842476e+00
 5.06260723e+01
 2.10450989e+01
 7.27704254e+01
 7.51064137e+01
 4.25968231e+01
 1.73591346e+01
 4.41813904e+01
 3.14620806e+01
 3.50981112e-01
 1.34541132e-01
 1.67745967e+00
 4.04984413e+01
 5.05092665e+01
 8.19961417e+01
 9.49516984e+01
 1.90666252e+02
 5.99081624e+01
 7.17106964e+01
 1.06663206e+02
 1.38188827e+02
 1.27021084e+01
 2.06916544e+00
 1.23948883e+02
 6.63560872e+01
 7.75558510e+01
 1.03582240e+02
 2.49416421e+02
 1.52126298e+02
 7.22839810e+01
 1.55756957e+02
 6.36428494e+01
 1.91218783e+01
 1.12575676e+01
 5.42054194e+00
 7.19255916e-01
 1.36056719e+01
 1.19543813e+02
 7.47515984e+01
 1.22919180e+02
 2.43068112e+02
 4.79928076e+01
 6.70493407e+01
 3.91103840e+01
 3.54421872e+01
 1.02863699e+01
 3.33135236e+00
 7.96522874e-01
 2.10526379e+01
 1.76789327e+01
 9.91292526e+01
 9.59621181e+01
 4.65167997e+01
 7.96365815e+01
 7.15176637e+01
 3.11850371e+01
 5.97017402e+01
 1.37142802e+01
 4.97601857e-01
 6.17025642e+00
 1.37930448e+01
 7.74284487e+01
 1.13188102e+02
 5.21896470e+01
 8.85080940e+01
 5.04043604e+01
 4.47966006e+01
 4.51213794e+01
 2.75315263e+00
 2.12369378e+01
 2.60682206e-01
 3.43165640e+00
 6.67278602e+01
 9.11120316e+01
 7.02362524e+01
 1.39303419e+02
 1.02325413e+02
 8.89849227e+01
 1.40754558e+01
 4.01931991e+01
 1.17079360e+02
 2.63282769e+01
 3.52187697e+00
 6.97636575e-01
 1.60039350e+01
 1.48532988e+02
 7.96985366e+00
 1.18176784e+02
 1.68642617e+02
 5.17343760e+01
 5.68056884e+01
 7.34053568e+01
 7.58654879e+01
 4.50611782e+00
 3.63939738e+00
 2.18822576e+01
 6.22088096e+00
 7.30718841e+01
 1.20169912e+02
 1.22239461e+02
 4.82930071e+01
 4.89467830e+01
 6.56279694e+01
 1.17952834e+02
 4.91413993e+01
 2.13126791e+01
 2.90300015e+00
 4.44518562e+00
 5.27752541e+01
 8.45641181e+01
 2.17803247e+02
 7.90847128e+01
 2.78623929e+01
 3.77759619e+01
 4.47863012e+01
 6.37088993e+01
 5.48306164e+01
 7.92055549e+00
 2.04868847e-01
 9.63716632e-01
 2.31603442e+01
 9.02169804e+01
 7.58141539e+01
 9.56596655e+01
 1.44305872e+02
 4.50499738e+01
 6.62656825e+01
 2.90430045e+01
 5.22436724e+01
 9.32239022e+01
 1.10328694e+01
 3.52966270e+00
 3.31779475e+00
 1.32421434e+02
 1.45665172e+02
 1.19297486e+02
 1.72193745e+02
 1.67388264e+02
 1.19635094e+02
 4.34516729e+01
 6.40670889e+00
 4.67229285e+00
 8.34393621e-01
 2.93208819e-02
 9.45516805e+01
 1.79394740e+01
 9.78027096e+01
 9.76947408e+01
 9.52604067e+01
 6.23892298e+01
 6.85225791e+01
 4.74966070e+01
 2.11206183e+01
 1.03782724e+01
 1.57239540e-01
 1.36065069e+01
 1.81449350e+01
 1.47468596e+02
 5.94744483e+01
 1.24237587e+02
 5.90079652e+01
 4.45537779e+01
 3.14643606e+01
 5.54518105e+01
 4.67371594e+01
 1.18742225e+01
 1.31703370e+00
 1.71919611e+01
 1.09032629e+02
 1.44023891e+02
 1.24494431e+02
 5.38378479e+01
 1.13052492e+02
 4.88175536e+01
 4.06921148e+01
 3.33710730e+01
 1.23673989e+01
 3.85131883e+00
 1.24324123e+00
 5.97090844e-02
 1.35586888e+01
 4.79024302e+01
 9.42620679e+01
 6.94928926e+01
 1.16345114e+02
 8.05585653e+01
 3.97381297e+01
 6.32527970e+01
 8.84907790e+01
 5.67226150e+01
 3.85178043e+00
 2.09207822e-01
 1.06509691e+02
 6.22803239e+01
 9.14466223e+01
 7.08953704e+01
 1.13549639e+02
 2.22286133e+01
 4.83688054e+01
 3.09779716e+01
 2.67256915e+01
 1.59678253e+01
 4.03708380e+00
 1.79722345e+01
 9.14648498e+01
 1.01253051e+02
 5.59128540e+01
 1.37364760e+02
 5.86940098e+01
 4.63811072e+01
 9.41473441e+01
 7.72218673e+01
 9.42152595e+01
 8.01950897e+01
 2.00187425e-02
 9.63656387e+00
 1.49326774e-01
 1.24214231e+02
 1.45807456e+02
 1.54190966e+02
 8.46204576e+01
 3.94455817e+01
 8.02173364e+01
 6.31518527e+01
 2.48531869e+01
 1.40506885e+01
 1.34037618e+01
 6.48024658e+00
 3.10210014e+01
 1.10973988e+02
 4.65216481e+01
 9.26256100e+01
 5.62346678e+01
 8.22976777e+01
 7.59698628e+00
 7.60387066e+01
 5.41545706e+01
 2.31131818e+01
 1.12283280e+00
 1.52135872e+01
 1.33186207e+01
 8.31157268e+01
 1.14021098e+02
 1.99114189e+02
 1.53144630e+02
 1.26470311e+02
 9.57353176e+01
 1.03005401e+02
 1.93450382e+01
 5.76511517e+01
 1.89477476e+01
 9.72977157e+00
 4.62006599e-02
 9.44962559e+01
 2.98616506e+01
 2.10467503e+02
 1.96934993e+01
 1.18066064e+01
 4.16685792e+01
 5.59450279e+01
 1.16349184e+01
 5.75598787e+00
 3.03613252e+00
 3.45391420e-01
 6.23409130e+01
 8.00381596e+01
 1.66229353e+02
 1.11174139e+02
 6.70660954e+01
 7.36070351e+01
 6.66518163e+01
 2.61731269e+00
 8.77751337e+01
 3.19081444e+01
 9.21680981e+00
 2.38798789e+00
 6.65378954e+01
 1.10987688e+02
 1.27134636e+02
 9.95715351e+01
 7.27942592e+01
 6.69871838e+01
 5.52792479e+01
 1.89645877e+01
 9.84361881e+00
 1.54844996e+01
 5.37376255e-01
 7.62476023e+00
 3.88898624e+01
 8.32178825e+01
 7.39006723e+01
 1.09931540e+02
 7.00730847e+00
 4.50285258e+01
 4.82425334e+01
 7.67098189e+01
 9.48568410e+00
 4.98877990e+00
 5.40844360e+00
 6.31213095e+00
 1.23868435e+02
 8.52085545e+01
 5.04004885e+01
 1.62669158e+02
 1.30038021e+02
 1.63293160e+02
 1.24317672e+02
 6.72973162e+01
 3.04482773e+01
 5.56712334e-02
 2.40605742e-01
 2.50078872e+00
 4.09033312e+01
 4.27293605e+01
 8.53620049e+01
 6.18791017e+01
 8.64539693e+01
 3.69230615e+01
 1.62110147e+02
 4.58575892e+01
 1.29559829e+01
 5.43011539e+00
 1.45721537e+00
 4.93862718e+00
 1.56551278e+01
 7.30265260e+01
 8.93306014e+01
 4.58823460e+01
 9.08519750e+01
 5.39060136e+01
 1.70129389e+02
 2.23650223e+01
 1.11998907e+01
 6.77839803e-01
 3.35058062e-01
 3.39007313e+01
 3.99657845e+01
 3.43110617e+01
 6.08386627e+01
 3.24596285e+01
 9.60678986e+01
 3.43003332e+01
 1.31701296e+02
 6.42817394e+00
 6.78567157e+01
 1.09231772e+01
 1.40094709e+01
 1.22619461e+01
 8.24573737e+01
 1.44387039e+02
 1.45547707e+02
 8.35134168e+01
 1.25949406e+02
 4.75359742e+01
 6.03720030e+01
 1.08494704e+01
 5.46694269e+01
 1.78573922e+01
 1.31837042e+01
 7.99005955e+00
 2.51160446e+01
 7.81266621e+01
 6.76407390e+01
 1.11189739e+02
 1.07459945e+02
 9.75871681e+01
 1.22162863e+02
 1.11171809e+02
 2.42045021e+01
 8.50349060e+00
 2.40792937e+00
 8.81311181e-01
 2.90246709e+01
 1.69533877e+02
 3.41462084e+01
 1.29841232e+02
 4.94703555e+01
 2.56380848e+01
 4.49096500e+01
 3.64110031e+01
 6.29546147e+00
 1.00447290e+02
 3.65105079e+01
 7.58036856e+00
 2.43992481e+01
 6.97089552e+01
 1.23177798e+02
 6.86645535e+01
 8.08177058e+01
 5.06231708e+01
 7.37366026e+01
 5.27314722e+01
 3.54137616e+01
 1.95580032e+01
 8.59854519e-01
 1.20366547e+01
 1.53896259e+02
 4.46330482e+01
 1.84221485e+02
 7.00509878e+01
 9.07798014e+01
 3.42725045e+01
 2.64234825e+01
 6.89711529e+00
 5.31026026e+01
 1.59058054e+01
 1.66056273e+00
 4.02045756e+00
 5.66496119e+00
 1.33258781e+02
 5.76277992e+01
 5.08022480e+01
 4.66943201e+01
 3.68295245e+01
 1.82958505e+02
 1.14444508e+02
 3.51362657e+01
 7.21859958e+01
 6.58725965e+00
 2.44827546e+00
 4.28677754e+01
 3.01966249e+01
 1.85838970e+02
 2.78148540e+02
 1.63688299e+02
 1.20280533e+02
 6.72854661e+01
 3.05455683e+01
 1.36911722e+01
 4.62594570e+01
 6.80012442e+00
 2.38313437e-01
 1.72826850e+01
 8.56094893e+01
 5.30509296e+01
 7.67272245e+01
