 7.24819336e+00
 5.29955444e+00
 1.24342590e+01
 1.40666443e+01
 1.65699707e+01
 1.99968506e+01
 2.04592529e+01
 2.10276733e+01
 1.87904907e+01
 1.40863586e+01
 1.16225830e+01
 7.93840942e+00
 8.35640869e+00
 7.51198730e+00
 1.06786133e+01
 1.27998901e+01
 1.78875671e+01
 1.98139587e+01
 2.23728882e+01
 2.02708374e+01
 1.92260681e+01
 1.35284973e+01
 9.86159668e+00
 8.11437378e+00
 6.88292847e+00
 8.04110107e+00
 8.69704590e+00
 1.46250549e+01
 1.72263123e+01
 2.11549011e+01
 2.42339722e+01
 2.40915466e+01
 1.77056213e+01
 1.38612610e+01
 1.26018616e+01
 7.53002319e+00
 8.60296021e+00
 5.42897949e+00
 1.11002747e+01
 1.30518433e+01
 1.60170227e+01
 2.03129517e+01
 2.23491150e+01
 2.43437744e+01
 1.98020874e+01
 1.51734558e+01
 1.10491272e+01
 8.03142700e+00
 4.39901123e+00
 7.99031982e+00
 7.34533081e+00
 1.27943665e+01
 1.69586731e+01
 2.00374084e+01
 2.42499329e+01
 2.31524597e+01
 1.99511353e+01
 1.28765808e+01
 1.08625427e+01
 7.52379761e+00
 4.15804443e+00
 8.77324829e+00
 1.07727905e+01
 1.49090515e+01
 1.53676697e+01
 1.79808594e+01
 2.19037109e+01
 2.31296326e+01
 1.90213562e+01
 1.44570862e+01
 1.20201660e+01
 1.03317505e+01
 1.05275513e+01
 9.41240845e+00
 1.14555603e+01
 1.29215637e+01
 1.52408997e+01
 1.94426208e+01
 2.24276978e+01
 2.11937500e+01
 1.88380371e+01
 1.34302002e+01
 9.27544556e+00
 1.03524414e+01
 7.43642578e+00
 8.09429321e+00
 9.74611816e+00
 1.49435974e+01
 1.83406311e+01
 2.00815063e+01
 2.26161743e+01
 2.19075562e+01
 1.71345459e+01
 1.43266846e+01
 1.28476807e+01
 9.43734131e+00
 9.22905884e+00
 8.26995239e+00
 1.01450745e+01
 1.41870361e+01
 1.50963379e+01
 1.99013611e+01
 2.41476685e+01
 2.43960510e+01
 1.97521606e+01
 1.56455017e+01
 9.37969360e+00
 7.53634033e+00
 8.02449951e+00
 5.31246338e+00
 9.92727051e+00
 1.25926453e+01
 1.58616272e+01
 1.89675537e+01
 2.34469238e+01
 2.23748108e+01
 1.83420349e+01
 1.48078552e+01
 7.16521606e+00
 7.19393311e+00
 4.75814209e+00
 7.48546753e+00
 1.13889404e+01
 1.26863342e+01
 1.67453247e+01
 2.17097107e+01
 2.42315308e+01
 2.28165222e+01
 1.74234863e+01
 1.44356628e+01
 9.10320435e+00
 1.04138123e+01
 9.56990967e+00
 7.59578857e+00
 1.06705566e+01
 1.43468872e+01
 1.82262512e+01
 2.04131104e+01
 2.21591125e+01
 2.16578003e+01
 1.89692322e+01
 1.48390137e+01
 9.91195068e+00
 6.90847168e+00
 7.11419067e+00
 8.49666748e+00
 1.07838684e+01
 1.35123230e+01
 1.66842590e+01
 1.89410034e+01
 2.44642273e+01
 2.31449219e+01
 1.82167297e+01
 1.39994141e+01
 9.94390259e+00
 7.10939941e+00
 4.23186646e+00
 7.83757935e+00
 1.04359375e+01
 1.17824951e+01
 1.64963013e+01
 2.28879333e+01
 2.36130005e+01
 2.22685791e+01
 1.85050293e+01
 1.36906067e+01
 1.09297729e+01
 9.43016968e+00
 5.16176758e+00
 7.56224976e+00
 1.07034546e+01
 1.22281433e+01
 1.92062012e+01
 2.40255371e+01
 2.49304749e+01
 2.42924744e+01
 1.97327515e+01
 1.53585754e+01
 1.14454285e+01
 7.12157593e+00
 5.29876099e+00
 8.99340210e+00
 9.03572998e+00
 1.21830688e+01
 1.57367493e+01
 2.06312500e+01
 2.37906128e+01
 2.43489929e+01
 1.70926147e+01
 1.68202454e+01
 1.17425476e+01
 8.66597900e+00
 6.40410767e+00
 9.06130371e+00
 1.04462830e+01
 1.15609070e+01
 1.59562622e+01
 2.09940430e+01
 2.26155640e+01
 2.54993835e+01
 1.83664185e+01
 1.38176208e+01
 1.01009155e+01
 8.86049805e+00
 1.07308594e+01
 1.03734375e+01
 1.22295166e+01
 1.22540527e+01
 1.50786072e+01
 2.08906799e+01
 2.40814758e+01
 2.31294495e+01
 1.92398621e+01
 1.46525208e+01
 9.48955688e+00
 4.22695313e+00
 3.61528931e+00
 6.81350098e+00
 9.46959839e+00
 1.23095032e+01
 1.83918701e+01
 2.23069397e+01
 2.57051636e+01
 2.46511169e+01
 1.86784607e+01
 1.40523315e+01
 1.15526672e+01
 8.53899536e+00
 3.93218384e+00
 7.61620483e+00
 7.61382446e+00
 1.21791016e+01
 1.52998291e+01
 2.10348755e+01
 2.34232422e+01
 2.14128662e+01
 1.79441772e+01
 1.56920410e+01
 1.19763123e+01
 8.90151367e+00
 6.95842896e+00
 5.31441650e+00
 9.17336426e+00
 1.33821960e+01
 1.99203430e+01
 2.28536621e+01
 2.47654053e+01
 2.45420471e+01
 2.00270325e+01
 1.62856995e+01
 1.28268372e+01
 1.18758484e+01
 7.54741821e+00
 6.11098633e+00
 1.08350769e+01
 1.68944946e+01
 2.05097290e+01
 2.33505493e+01
 2.47644897e+01
 2.33383728e+01
 1.96447083e+01
 1.51329895e+01
 1.03193909e+01
 1.04436279e+01
 8.51043091e+00
 6.48345337e+00
 1.09595886e+01
 1.40594116e+01
 1.77426086e+01
 1.98354736e+01
 2.35145813e+01
 2.25807129e+01
 1.94096008e+01
 1.37669617e+01
 1.11474854e+01
 7.85823975e+00
 4.78603516e+00
 8.46352539e+00
 8.32808838e+00
 1.31792236e+01
 1.43572327e+01
 1.97635132e+01
 2.45821777e+01
 2.41117188e+01
 2.00735718e+01
 1.70524536e+01
 1.24233948e+01
 8.17369995e+00
 6.44246826e+00
 1.01480957e+01
 1.08066345e+01
 1.26119019e+01
 1.55401245e+01
 2.27467590e+01
 2.42059265e+01
 2.30961853e+01
 1.84663635e+01
 1.23102966e+01
 1.16464478e+01
 8.06188354e+00
 9.95876465e+00
 9.55104980e+00
 1.08759094e+01
 1.23833557e+01
 1.66837097e+01
 2.16812378e+01
 2.43305603e+01
 2.55481506e+01
 2.06962524e+01
 1.36931702e+01
 1.03816772e+01
 9.00902710e+00
 8.14492188e+00
 9.88268433e+00
 1.03237549e+01
 1.27530151e+01
 1.60240112e+01
 2.14218689e+01
 2.56350952e+01
 2.73806091e+01
 1.86242310e+01
 1.59893738e+01
 1.09457031e+01
 6.81023560e+00
 4.24294434e+00
 8.51104126e+00
 1.10862366e+01
 1.32143494e+01
 1.62148376e+01
 2.06025940e+01
 2.32358032e+01
 2.33069702e+01
 1.76607910e+01
 1.54908997e+01
 1.01226746e+01
 8.95717773e+00
 8.89949951e+00
 8.25060425e+00
 1.05986267e+01
 1.32183777e+01
 1.52052856e+01
 2.00959412e+01
 2.23885437e+01
 2.21708313e+01
 1.75410706e+01
 1.36227051e+01
 1.28036743e+01
 7.23259888e+00
 6.54830322e+00
 5.57186279e+00
 9.92022095e+00
 1.31887756e+01
 1.68337036e+01
 2.15878845e+01
 2.43232666e+01
 2.19551636e+01
 1.99908997e+01
 1.33665405e+01
 1.09546753e+01
 6.72811279e+00
 8.09304199e+00
 1.04990173e+01
 1.10820862e+01
 1.44094788e+01
 1.63792664e+01
 2.10084473e+01
 2.11821533e+01
 2.23469482e+01
 1.84918152e+01
 1.51978088e+01
 1.04622437e+01
 8.74270020e+00
 8.57198486e+00
 9.41723022e+00
 1.21264893e+01
 1.35588623e+01
 1.31355530e+01
 2.03956543e+01
 2.29088989e+01
 2.29055115e+01
 2.03415161e+01
 1.51607605e+01
 1.20403076e+01
 8.28722534e+00
 4.46688232e+00
 1.12760559e+01
 1.14806763e+01
 1.12583252e+01
 1.56295105e+01
 2.07838379e+01
 2.30450073e+01
 2.30627991e+01
 1.89381958e+01
 1.60275818e+01
 1.27517639e+01
 7.69024048e+00
 5.70479736e+00
 6.59636841e+00
 1.20915771e+01
 1.25214478e+01
 1.58750854e+01
 1.82766663e+01
 2.31520935e+01
 2.28383118e+01
 2.17847534e+01
 1.47041565e+01
 1.26307922e+01
 1.02473999e+01
 1.07452026e+01
 1.14155212e+01
 1.02357117e+01
 1.39302002e+01
 1.62799927e+01
 2.04038940e+01
 2.42808472e+01
 2.27549683e+01
 2.02109924e+01
 1.52354980e+01
 1.14855591e+01
 9.59002075e+00
 8.75090942e+00
 9.96032104e+00
 1.21463257e+01
 1.51522461e+01
 1.90191895e+01
 2.14973999e+01
 2.55225464e+01
 2.44848267e+01
 1.59596191e+01
 1.39253174e+01
 1.14859558e+01
 1.11600586e+01
 8.65722046e+00
 6.36525879e+00
 8.93197021e+00
 1.33204590e+01
 1.61106506e+01
 2.06223694e+01
 2.35964294e+01
 2.39687744e+01
 1.99661499e+01
 1.41804749e+01
 1.37565857e+01
 5.90087280e+00
 6.45989380e+00
 1.05328308e+01
 1.18825928e+01
 1.53327881e+01
 1.67924744e+01
 2.20635620e+01
 2.29472595e+01
 2.36302734e+01
 2.07525879e+01
 1.57992188e+01
 1.29170471e+01
 8.26909790e+00
 8.07653198e+00
 8.07656250e+00
 1.07166992e+01
 1.42435852e+01
 1.68170410e+01
 2.07067810e+01
 2.33108765e+01
 2.26380249e+01
 1.80627991e+01
 1.44640747e+01
 1.29959351e+01
 9.50701294e+00
 4.66283569e+00
 9.37087402e+00
 9.13039551e+00
 1.18882080e+01
 1.79533936e+01
 2.05580078e+01
 2.28678833e+01
 2.34052673e+01
 2.05957275e+01
 1.47929321e+01
 1.05485168e+01
 6.81926880e+00
 6.46975098e+00
 8.31408081e+00
 8.16289673e+00
 1.43501221e+01
 1.75662781e+01
 2.17930237e+01
 2.38842102e+01
 2.31950012e+01
 2.07259460e+01
 1.42289978e+01
 9.56585083e+00
 7.77211914e+00
 8.37304077e+00
 6.75130615e+00
 1.11668945e+01
 1.29715820e+01
 1.70321899e+01
 2.13762146e+01
 2.50540405e+01
 2.26466614e+01
 1.87332703e+01
 1.55364319e+01
 1.27697388e+01
 1.06127869e+01
 9.02111206e+00
 8.38146362e+00
 1.11898438e+01
 1.54213196e+01
 1.50411011e+01
 2.26946960e+01
 2.58168274e+01
 2.50153748e+01
 1.97061707e+01
 1.38235107e+01
 1.39993835e+01
 8.40249023e+00
 5.44039307e+00
 7.79815063e+00
 1.10408875e+01
 1.28495422e+01
 1.78792969e+01
 2.00558105e+01
 2.37636353e+01
 2.26603333e+01
 1.76312805e+01
 1.38953796e+01
 1.30407959e+01
 9.63378296e+00
 8.32015381e+00
 9.64788208e+00
 1.17412659e+01
 1.39092346e+01
 1.71815735e+01
 2.01552673e+01
 2.44764954e+01
 2.42845093e+01
 1.83138977e+01
 1.57968689e+01
 1.13514343e+01
 8.23699341e+00
 9.89327393e+00
 4.59914551e+00
 9.69487915e+00
 1.33538757e+01
 1.64392944e+01
 2.10117432e+01
 2.22465454e+01
 2.17383667e+01
 1.77564636e+01
 1.36151978e+01
 1.29740234e+01
 9.59368286e+00
 7.52504883e+00
 7.50576172e+00
 1.18543640e+01
 1.57544495e+01
 1.79822021e+01
 2.15574585e+01
 2.45660950e+01
 2.71220337e+01
 2.10369812e+01
 1.55939880e+01
 1.15957275e+01
 8.55233154e+00
 8.74337158e+00
 9.22124634e+00
 1.24350525e+01
 1.34671875e+01
 1.78385559e+01
 2.09027039e+01
 2.24497925e+01
 2.33103577e+01
 1.98203064e+01
 1.54974915e+01
 8.00606689e+00
 3.43483887e+00
 6.74651489e+00
 1.07518250e+01
 1.19330383e+01
 1.28778625e+01
 1.82560364e+01
 2.20982605e+01
 2.51170898e+01
 2.16568848e+01
 1.94685913e+01
 1.52726685e+01
 1.01753479e+01
 8.84670410e+00
 9.40667114e+00
 8.85619507e+00
 1.05277954e+01
 1.54685608e+01
 1.80322205e+01
 2.07664429e+01
 2.59414612e+01
 2.45631042e+01
 1.85633484e+01
 1.47216125e+01
 1.12623230e+01
 9.02166138e+00
 9.83355103e+00
 9.42714844e+00
 9.92492065e+00
 1.30433594e+01
 1.78120056e+01
 2.12881104e+01
 2.34202209e+01
 2.38305603e+01
 2.08734985e+01
 1.43539673e+01
 1.21588989e+01
 9.11049805e+00
 8.09240112e+00
 6.40798340e+00
 1.16732422e+01
 1.42867981e+01
 1.61897522e+01
 2.28538452e+01
 2.24083801e+01
 2.41080566e+01
 1.92226501e+01
 1.23740173e+01
 1.04492126e+01
 5.92479858e+00
 1.01140991e+01
 1.00926758e+01
 9.79985962e+00
 1.46399780e+01
 1.90163208e+01
 2.51955505e+01
 2.45273987e+01
 2.38214661e+01
 2.11188599e+01
 1.39414001e+01
 1.08083740e+01
 5.80751953e+00
 9.43489990e+00
 8.99141846e+00
 1.06431824e+01
 1.36081787e+01
 2.06790100e+01
 2.56236816e+01
 2.73269287e+01
 2.34735657e+01
 1.76172424e+01
 1.41524292e+01
 1.18452087e+01
 9.34652100e+00
 8.85012207e+00
 7.42214355e+00
 1.12550293e+01
 1.54047791e+01
 1.70358826e+01
 2.24045959e+01
 2.54779907e+01
 2.31408325e+01
 2.16177917e+01
 1.25325867e+01
 6.74950562e+00
 5.14992676e+00
 9.53176270e+00
 7.79625854e+00
 1.01188599e+01
 1.10078369e+01
 1.81219727e+01
 2.08540894e+01
 2.32326599e+01
 2.29780823e+01
 2.13119751e+01
 1.56175171e+01
 1.19148499e+01
 9.09111938e+00
 9.83526001e+00
 1.15855957e+01
 1.22625366e+01
 1.57377869e+01
 1.75378662e+01
 2.12359863e+01
 2.41005188e+01
 2.47336670e+01
 2.02267395e+01
 1.23977295e+01
 1.31227051e+01
 1.11383606e+01
 9.30767212e+00
 9.39864502e+00
 1.15147339e+01
 1.44601685e+01
 1.76016785e+01
 2.12035767e+01
 2.42580200e+01
 2.48811584e+01
 1.98364807e+01
 1.72697083e+01
 1.21533447e+01
 1.12816101e+01
 1.03017517e+01
 1.01387573e+01
 1.34637695e+01
 1.46160217e+01
 1.88350769e+01
 2.33069397e+01
 2.62874084e+01
 2.59669434e+01
 1.97239319e+01
 1.58407532e+01
 1.34995056e+01
 1.23660522e+01
 1.14336487e+01
 1.16775146e+01
 1.28671509e+01
 1.58621155e+01
 1.73460938e+01
 2.49096924e+01
 2.69021851e+01
 2.43917480e+01
 1.81138855e+01
 1.43610474e+01
 1.37862488e+01
 1.18068787e+01
 7.42815552e+00
 7.46535645e+00
 1.09707886e+01
 1.36093994e+01
 1.71050964e+01
 2.12794434e+01
 2.46026550e+01
 2.54515930e+01
 1.89700562e+01
 1.48125854e+01
 1.04653564e+01
 9.81881104e+00
 9.96700439e+00
 9.74974976e+00
 1.01214233e+01
 1.31203552e+01
 1.92184692e+01
 2.55573975e+01
 2.42690063e+01
 2.38179871e+01
 1.99891907e+01
 1.49996277e+01
 1.04735046e+01
 9.74328003e+00
 9.68206177e+00
 9.38762817e+00
 8.72631226e+00
 1.44643494e+01
 1.90885559e+01
 2.61004578e+01
 2.68031555e+01
 2.60985657e+01
 2.02130981e+01
 1.52248474e+01
 1.18433472e+01
 1.00579468e+01
 5.50463257e+00
 7.17299805e+00
 1.09574219e+01
 1.51234985e+01
 1.66049133e+01
 2.17864319e+01
 2.62165466e+01
 2.35830017e+01
 1.91013123e+01
 1.45031067e+01
 1.12712952e+01
 9.00371704e+00
 7.15706787e+00
 8.36547241e+00
 8.47918091e+00
 1.30630432e+01
 1.80517517e+01
 2.26075989e+01
 2.64687744e+01
 2.66870361e+01
 2.01556335e+01
 1.51762939e+01
 1.30866333e+01
 1.21331116e+01
 1.05735413e+01
 9.64632568e+00
 1.06084839e+01
 1.22873474e+01
 1.76538330e+01
 2.26528870e+01
 2.63146301e+01
 2.66808411e+01
 2.00876404e+01
 1.45941711e+01
 1.27774597e+01
 9.52642212e+00
 8.33495483e+00
 9.76912842e+00
 1.24842468e+01
 1.51988159e+01
 1.65685669e+01
 2.13412109e+01
 2.58937012e+01
 2.46783997e+01
 2.05609680e+01
 1.35734192e+01
 1.05545593e+01
 1.31877075e+01
 7.77092896e+00
 1.09336487e+01
 1.30107056e+01
 1.54313599e+01
 1.65469604e+01
 2.30243469e+01
 2.54480530e+01
 2.51204163e+01
 2.19933716e+01
 1.66086670e+01
 1.12770935e+01
 1.05797974e+01
 6.15221558e+00
 9.73500977e+00
 1.17790771e+01
 1.46318909e+01
 1.83517700e+01
 2.08204590e+01
 2.45649963e+01
 2.58473145e+01
 2.02950378e+01
 1.62000061e+01
 1.30960632e+01
 1.17188965e+01
 1.11564880e+01
 1.09050842e+01
 1.17457520e+01
 1.40101257e+01
 1.69264465e+01
 2.15145813e+01
 2.51337830e+01
 2.39346863e+01
 1.99367920e+01
 1.59577271e+01
 1.23706604e+01
 1.18753296e+01
 9.05956421e+00
 1.01182495e+01
 1.15793396e+01
 1.58506714e+01
 1.76563965e+01
 2.26643921e+01
 2.50927063e+01
 2.66106201e+01
 2.33948303e+01
 1.71170288e+01
 1.27939087e+01
 7.21160278e+00
 9.58397827e+00
 8.62490234e+00
 1.32069031e+01
 1.36540466e+01
 1.91781250e+01
 2.67271973e+01
 2.80226379e+01
 2.66889893e+01
 2.16132446e+01
 1.32885986e+01
 9.78670654e+00
 8.11687622e+00
 7.01088867e+00
 1.07828918e+01
 1.08122803e+01
 1.40877319e+01
 1.95209595e+01
 2.52872864e+01
 2.71530701e+01
 2.64858032e+01
 2.18780457e+01
 1.57636047e+01
 1.27792297e+01
 1.03276306e+01
 9.61010132e+00
 8.39977417e+00
 1.20008179e+01
 1.21114136e+01
 1.67035461e+01
 2.40403381e+01
 2.56014954e+01
 2.38324524e+01
 1.95441528e+01
 1.46409546e+01
 1.12054993e+01
 9.62951050e+00
 8.50170288e+00
 9.84288940e+00
 1.21268250e+01
 1.39164368e+01
 1.76902710e+01
 2.14366394e+01
 2.44743896e+01
 2.33337036e+01
 1.94705750e+01
 1.46864258e+01
 1.23201233e+01
 7.81926880e+00
 8.70049438e+00
 8.34017334e+00
 1.19806152e+01
 1.39599854e+01
 1.78872925e+01
 2.30407349e+01
 2.46495911e+01
 2.67372986e+01
 1.94226624e+01
 1.67791992e+01
 1.05322815e+01
 8.33971558e+00
 7.63176880e+00
 7.66002808e+00
 1.14345337e+01
 1.21491333e+01
 1.77729431e+01
 2.23607422e+01
 2.54450928e+01
 2.56372009e+01
 1.97658325e+01
 1.65990845e+01
 1.28671509e+01
 7.74505005e+00
 9.89632568e+00
 9.42711792e+00
 1.16274658e+01
 1.51399475e+01
 1.82553040e+01
 2.05165344e+01
 2.49153687e+01
 2.59184509e+01
 2.23460022e+01
 1.77246338e+01
 1.20148865e+01
 1.10318237e+01
 6.71236572e+00
 9.32488403e+00
 1.20814758e+01
 1.44572693e+01
 1.64837585e+01
 2.21844421e+01
 2.68466125e+01
 2.51859375e+01
 2.05802246e+01
 1.64210754e+01
 1.18201538e+01
 9.60839233e+00
 1.04003845e+01
 1.02543579e+01
 1.03749023e+01
 1.14637390e+01
 1.79140869e+01
 2.21967712e+01
 2.48593079e+01
 2.60037476e+01
 2.22583862e+01
 1.37065674e+01
 1.22167908e+01
 9.65911255e+00
 8.71010742e+00
 6.56475220e+00
 1.10002075e+01
 1.25626770e+01
 1.91777283e+01
 2.44666077e+01
 2.50111023e+01
 2.48501221e+01
 2.22455688e+01
 1.79959351e+01
 1.51405273e+01
 1.04829956e+01
 8.90822754e+00
 1.16752869e+01
 1.41202026e+01
 1.71407410e+01
 1.90020996e+01
 2.60013062e+01
 2.90736938e+01
 2.68615051e+01
 2.14960571e+01
 1.69008423e+01
 1.16130005e+01
 8.17766724e+00
 8.20089111e+00
 8.53820190e+00
 1.27518555e+01
 1.39212585e+01
 1.66997009e+01
 2.19894348e+01
 2.73593994e+01
 2.48704163e+01
 1.97236877e+01
 1.57836853e+01
 1.28885132e+01
 8.31044922e+00
 8.93721924e+00
 1.03044983e+01
 1.26160522e+01
 1.53893677e+01
 1.82585388e+01
 2.19880615e+01
 2.65619446e+01
 2.77873169e+01
 2.19017578e+01
 1.70639282e+01
 1.10190979e+01
 1.01998230e+01
 8.87618408e+00
 1.02154785e+01
 9.81166992e+00
 1.47326904e+01
 1.76256958e+01
 2.27383667e+01
 2.53729797e+01
 2.57167297e+01
 2.30200745e+01
 1.57484985e+01
 1.55276428e+01
 1.21859375e+01
 1.00382324e+01
 9.31270752e+00
 1.26393372e+01
 1.45894104e+01
 2.04017883e+01
 2.14881836e+01
 2.68740479e+01
 2.94218994e+01
 2.16779114e+01
 1.63875366e+01
 1.37420288e+01
 8.93175659e+00
 6.08864746e+00
 9.35354004e+00
 1.09609314e+01
 1.30552307e+01
 1.67031494e+01
 2.27040344e+01
 2.46152588e+01
 2.62679688e+01
 2.28924194e+01
 1.77623535e+01
 1.52364136e+01
 9.72716675e+00
 1.03964783e+01
 7.45549927e+00
 9.29931030e+00
 1.42185913e+01
 2.04135071e+01
 2.25050598e+01
 2.73603455e+01
 2.82808472e+01
 2.30309082e+01
 1.65253235e+01
 1.31310364e+01
 1.06744934e+01
 1.02426392e+01
 6.60088501e+00
 8.58474121e+00
 1.28021484e+01
 1.95615479e+01
 2.28231445e+01
 2.56494080e+01
 2.49374023e+01
 2.05902039e+01
 1.60538879e+01
 1.21894165e+01
 1.28310486e+01
 8.34600220e+00
 1.16325623e+01
 1.20179688e+01
 1.45080505e+01
 2.11097961e+01
 2.50423828e+01
 2.37329346e+01
 2.49907166e+01
 2.07293030e+01
 1.66451965e+01
 1.50536133e+01
 1.00947205e+01
 9.54577026e+00
 9.35686646e+00
 1.12245422e+01
 1.61197754e+01
 1.97702271e+01
 2.55421692e+01
 2.64478699e+01
 2.43715759e+01
 2.13822266e+01
 1.53617493e+01
 1.30519653e+01
 9.66054688e+00
 8.44469604e+00
 1.04146362e+01
 1.25799805e+01
 1.40435730e+01
 1.89137817e+01
 2.25020996e+01
 2.80096069e+01
 2.70221497e+01
 2.26201416e+01
 1.58825928e+01
 1.13476196e+01
 1.09935242e+01
 1.00122620e+01
 1.08659607e+01
 1.15481201e+01
 1.54393555e+01
 2.00735413e+01
 2.32577454e+01
 2.76158081e+01
 2.97213379e+01
 2.01739746e+01
 1.70858398e+01
 1.39956909e+01
 1.27815796e+01
 8.66134033e+00
 9.84710083e+00
 1.15843445e+01
 1.47806641e+01
 1.81130310e+01
 2.26199890e+01
 2.61225830e+01
 2.66271606e+01
 2.37796265e+01
 1.67629028e+01
 1.37904907e+01
 1.11891418e+01
 1.07957397e+01
 1.11513611e+01
 1.29951721e+01
 1.47184387e+01
 1.80801636e+01
 2.13641602e+01
 2.76827637e+01
 2.79589172e+01
 2.23231445e+01
 1.58405090e+01
 1.36471802e+01
 1.16157166e+01
 1.04212280e+01
 1.16751648e+01
 1.27903687e+01
 1.62763916e+01
 2.05771118e+01
 2.42056213e+01
 2.81797119e+01
 2.72167603e+01
 2.42814880e+01
 1.82625977e+01
 1.26792847e+01
 1.34663025e+01
 1.00169922e+01
 8.92037354e+00
 1.17556091e+01
 1.45597473e+01
 1.88346191e+01
 2.52995850e+01
 2.80989319e+01
 2.73015076e+01
 2.18663269e+01
 1.87136780e+01
 1.31194702e+01
 1.22353455e+01
 1.01830383e+01
 9.77034912e+00
 1.27821289e+01
 1.43501526e+01
 1.85291992e+01
 2.31764771e+01
 2.89933105e+01
 2.69993530e+01
 2.12777344e+01
 1.71768127e+01
 1.46072327e+01
 1.37364136e+01
 8.54802856e+00
 1.03176819e+01
 1.42754150e+01
 1.48995300e+01
 1.74249512e+01
 2.06202332e+01
 2.60590759e+01
 2.60195557e+01
 2.13336731e+01
 1.65550476e+01
 1.33262878e+01
 9.77327881e+00
 8.48861084e+00
 9.10164795e+00
 1.15173279e+01
 1.51679321e+01
 1.89630676e+01
 2.23336731e+01
 2.57943665e+01
 2.61531921e+01
 2.14835144e+01
 1.61738525e+01
 1.22717529e+01
 1.15942932e+01
