 6.48358730e+01
 1.44959527e+01
 2.32765236e+01
 5.24424726e+01
 9.78760077e+01
 7.05987891e+01
 1.64932727e+01
 5.72038133e+00
 3.52542950e+01
 6.37800074e+01
 5.89432200e+01
 9.15182866e+01
 1.04229763e+02
 3.78172342e+01
 1.08744326e+01
 1.03881735e+02
 6.41896241e+01
 5.12206080e+01
 2.04405653e+01
 1.71857725e+01
 5.23612174e+01
 7.62294005e+01
 1.21191727e+02
 1.95809583e+02
 6.39557593e+01
 5.34444584e+01
 4.87795281e+01
 1.57322340e+01
 3.34561508e+01
 3.85794834e+01
 5.92859945e+00
 6.62022201e+01
 2.48059038e+01
 4.57780368e+01
 1.74776681e+02
 1.58934765e+02
 9.19445655e+01
 6.08791193e+01
 1.27379391e+02
 2.38818201e+01
 4.32400903e+01
 4.32322593e+01
 1.54501753e-01
 2.62862899e+01
 4.84459031e+01
 1.80804017e+02
 1.30725594e+02
 9.24960250e+01
 7.74108852e+01
 5.94307302e+01
 1.79055042e+01
 6.73230497e+01
 2.57367864e+01
 2.06849149e+01
 7.07112838e+00
 7.90092897e+01
 1.72165066e+02
 2.55257186e+02
 3.88326080e+01
 8.58983199e+01
 9.00531552e+01
 3.44580075e+01
 9.98598200e+01
 8.42521810e+00
 3.51932240e+01
 5.12160723e+01
 3.73293180e+00
 1.01525658e+02
 6.03258411e+01
 2.79158775e+01
 3.41111796e+01
 6.71107130e+01
 7.98287764e+01
 8.33081732e+01
 2.87222196e+01
 5.82359922e+01
 7.43480363e+01
 3.97901763e+01
 2.96431191e+01
 8.52249926e+01
 8.80588257e+01
 8.49956684e+01
 1.03855181e+02
 1.23267790e+02
 3.42802610e+01
 4.69496913e+01
 5.62641433e+01
 1.45958265e+02
 7.25300005e+00
 1.22037366e+01
 1.54504020e+01
 2.22992773e+01
 1.21914141e+02
 1.45835438e+01
 6.20131481e+01
 3.88793943e+01
 9.64408292e+01
 5.63315731e+01
 7.65691871e+01
 5.38725154e+01
 9.77817934e+01
 1.41638596e+01
 6.14773919e-01
 1.44044777e+01
 4.90615078e+01
 1.67324375e+02
 6.03631259e+01
 1.21961816e+02
 5.81949582e+01
 5.02411194e+01
 2.20864813e+01
 1.89496381e+01
 1.16919257e+02
 4.19484749e+01
 1.16346419e+01
 4.35645253e+01
 1.30530278e+02
 1.57291560e+01
 1.24154662e+02
 4.90303084e+01
 3.14112731e+01
 3.54878409e+01
 3.37698284e+01
 1.56244447e+02
 5.78578366e+01
 2.21160043e+01
 9.91867473e+00
 2.33330605e+01
 3.85410883e+01
 7.60238711e+01
 1.19443576e+02
 2.59164067e+01
 5.10284589e+01
 8.20130534e+01
 8.80868528e+01
 5.38108833e+01
 3.19933311e+01
 3.48482499e+01
 5.14488403e+00
 2.79503638e+01
 9.36383632e+01
 1.20170077e+02
 5.58002546e+01
 8.10619626e+01
 1.83498398e+01
 9.36624157e+01
 1.03787260e+02
 1.13168036e+02
 5.58762508e+01
 3.55889317e+01
 6.11840405e+01
 2.94274365e+01
 3.34357062e+01
 1.95534472e+02
 1.11398904e+02
 1.75902063e+02
 7.55535983e+01
 4.13669276e+01
 2.69337762e+01
 1.46950583e+02
 3.55844417e+01
 6.06760486e+01
 1.42395234e+01
 1.26522198e+01
 4.87656717e+01
 1.34525253e+02
 1.19230013e+02
 9.53992386e+01
 8.49922775e+01
 5.76348249e+01
 5.48845534e-12
 4.80646816e+01
 7.48040586e+01
 2.94694223e+01
 6.26416812e+00
 5.12000550e+01
 2.51511488e+01
 1.92649051e+02
 6.98439699e+01
 4.47191799e+01
 4.77968543e+01
 5.29013488e+01
 6.61116646e+01
 3.91029369e+01
 5.55181407e+01
 1.21423178e+01
 1.64434737e+01
 4.90112882e+01
 1.06090553e+02
 2.85346288e+01
 1.43749965e+02
 1.30437612e+02
 9.71329526e+01
 3.43291367e+01
 2.89481309e+01
 2.37034891e+01
 4.77207004e+01
 4.51998340e+01
 4.21873532e+00
 4.26882020e+01
 4.08511005e+01
 1.80627359e+02
 6.61317041e+01
 5.88666193e+01
 8.31423960e+01
 7.19674003e+01
 9.49723069e+01
 4.06766898e+01
 8.83828257e+01
 5.95680375e+01
 3.21406818e+01
 1.24284329e+02
 1.32007667e+02
 2.37403694e+02
 1.42092602e+02
 1.13351734e+01
 7.28780426e+01
 5.38123269e+01
 4.36271692e+01
 3.68230761e+01
 1.15061006e+02
 4.34786982e+01
 3.47440804e+00
 8.17971640e+01
 4.21429236e+01
 1.05666920e+02
 5.17640005e+01
 6.21407758e+01
 2.76321016e+01
 6.12743634e+01
 3.80000942e+01
 1.17852526e+01
 2.39386600e+01
 1.03555894e+01
 1.85057944e+00
 3.18257715e+01
 6.53568010e+00
 1.81314601e+02
 1.71602305e+02
 1.05548560e+02
 1.41721763e+02
 5.35107827e+01
 6.73424440e+01
 9.55042298e+00
 1.84271143e+01
 1.96608558e+01
 3.57515750e+01
 3.31288730e+01
 1.90830023e+02
 8.65383130e+01
 1.14983054e+02
 8.37548625e+01
 1.63447029e+02
 4.02083202e+01
 1.36888799e+01
 8.25840704e+01
 4.07943314e+01
 7.37280532e+01
 5.73478327e+01
 1.33380023e+01
 8.92854617e+01
 6.85256533e+01
 2.99163548e+02
 1.10507983e+02
 5.78497540e+01
 3.19619828e+01
 6.41995045e+01
 4.02467972e+01
 4.00514979e+01
 3.64969071e+01
 7.29632925e+01
 4.72723661e+01
 6.71041029e+01
 2.51807765e+02
 1.28494579e+02
 1.50815852e+02
 1.32455547e+02
 4.00533390e+01
 1.18254521e+02
 6.19188894e+01
 5.17944221e+00
 5.65547438e+01
 2.01202642e+01
 1.10754350e+02
 5.76257106e+01
 1.21031014e+02
 7.96265389e+01
 1.11334758e+02
 1.31658462e+02
 1.41094252e+02
 3.22188064e+01
 3.99102439e+01
 3.90900807e+01
 2.27262766e+01
 3.41190155e+01
 1.75790437e+02
 2.35315443e+01
 7.14315027e+01
 7.90138951e+01
 3.24841662e+01
 7.85227542e+01
 1.07333121e+02
 2.49225200e+01
 4.02474431e+01
 4.07590558e+01
 4.25205383e+00
 8.79336765e+00
 9.20593981e+00
 5.94394784e+01
 1.29295970e+02
 1.44866491e+02
 1.96731564e+01
 1.61036752e+02
 7.15977232e+01
 1.32267153e+01
 7.59513740e+01
 5.61366289e+01
 1.34226532e+01
 2.02628098e+01
 4.31017747e+01
 2.78503110e+02
 1.24755722e+02
 7.00641143e+01
 2.27160275e+02
 2.59125919e+01
 4.40085032e+01
 4.84021298e+01
 3.46232772e-01
 9.91549905e+01
 2.63572707e+01
 1.41173341e+01
 7.30068639e+00
 1.92797687e+02
 2.31428316e+01
 1.67328792e+02
 1.39646699e+02
 4.28233995e+01
 3.47750767e+01
 1.73489010e+01
 8.17242097e+01
 8.48496746e+01
 2.43113474e+01
 2.78738615e+01
 4.34383227e+00
 5.77250424e+01
 8.36866158e+01
 5.76220330e+01
 1.46063154e+01
 1.42642227e+02
 3.13444695e+01
 5.01002004e+01
 6.11099158e+01
 3.32137040e+01
 3.73106899e+01
 2.49060932e+00
 1.12998959e+00
 7.14771225e+01
 1.62637032e+02
 5.69009153e+01
 1.57772379e+02
 8.67868036e+01
 4.36686219e+01
 5.72176826e+01
 6.73337995e+01
 6.48744737e+01
 3.28172302e+01
 6.22863019e+01
 2.76741322e+01
 1.01198540e+02
 1.62157795e+02
 1.20203199e+02
 3.24378263e+01
 9.34521124e+01
 3.97278385e+01
 2.75159463e+01
 8.97724649e+01
 7.07778923e+01
 1.01063192e+01
 4.67442482e+01
 9.67197014e+01
 8.76475236e+01
 6.33178659e+01
 2.96073898e+01
 1.23905737e+02
 3.63008203e+01
 4.05921757e+01
 1.09922006e+01
 5.58214902e+01
 3.17390356e+01
 1.56976543e+01
 1.95315864e+01
 6.44209068e+01
 6.01234669e+01
 9.42452612e+01
 1.00880346e+02
 1.29188348e+02
 1.75826489e+02
 1.27671304e+02
 9.21137694e+01
 2.63839825e+01
 6.67236341e+01
 2.38466429e+01
 6.95266676e+00
 4.61624362e+01
 4.52899107e+01
 1.92441894e+02
 1.02133838e+02
 1.60304211e+02
 1.24759951e+02
 5.99275994e+01
 1.17579362e+02
 8.95927643e+01
 6.27365655e+01
 3.36329507e+01
 5.44274295e+00
 1.20180912e+01
 8.62875148e+01
 9.05558170e+01
 2.54584396e+01
 9.79187253e+01
 1.75828048e+01
 1.25715062e+02
 1.16241340e+02
 5.29081366e+01
 4.72045140e+01
 2.48914400e+01
 9.11254454e-01
 3.98976164e+01
 4.78339147e+01
 1.15829794e+02
 1.93319750e+02
 6.77576586e+01
 9.39128654e+01
 1.07531768e+02
 6.00503402e+01
 2.91776221e+01
 2.99421704e+00
 5.16168792e+01
 7.56449528e+01
 1.08317901e+02
 5.19325978e+01
 6.46465819e+01
 3.66695096e+01
 5.39198336e+01
 4.96611228e+01
 7.94077467e+01
 2.42312395e+01
 4.45232243e+01
 6.20650993e+01
 1.96176339e+01
 2.27567715e+00
 2.41396024e+01
 4.54862217e+01
 1.13841354e+02
 2.38259797e+02
 6.40128930e+01
 1.15800816e+02
 8.14357872e+01
 5.52110207e+01
 5.48974797e+01
 2.34400005e+01
 3.17767824e+01
 5.70679581e+00
 1.42367306e+01
 6.88462998e+01
 1.17739825e+02
 6.57760935e+01
 1.63403200e+02
 2.58783346e+01
 3.16884693e-02
 4.52386842e+01
 4.32443811e+01
 1.34091578e+02
 1.70245852e+01
 3.85272280e+01
 5.96342803e+00
 1.44748875e+02
 1.56110721e+02
 1.14412871e+02
 1.34795901e+02
 1.30540761e+02
 3.31759991e+01
 5.08198066e+01
 2.62593462e+01
 2.05020010e+01
 6.84962350e+00
 1.04540805e+01
 1.14730675e+01
 5.44101605e+01
 8.90897599e+01
 1.53328293e+02
 1.73125307e+02
 4.89476796e+01
 2.72445134e+01
 7.00777594e+01
 6.75376919e+01
 5.62424679e+00
 1.22416131e+01
 3.77109251e+00
 9.71867003e+01
 1.83781705e+02
 1.34840645e+02
 5.63547882e+01
 5.01434197e+01
 1.00290912e+02
 3.22766867e+01
 3.60880267e+01
 7.47592175e+01
 1.59123584e+01
 4.43272811e+01
 7.16785852e+00
 8.53089368e+01
 3.84227534e+01
 6.35127306e+01
 1.23822465e+02
 9.56743984e+01
 4.42948840e+01
 8.78880103e+01
 2.64495329e+01
 7.46798435e+01
 5.96567815e+01
 7.08828359e+00
 7.14742056e+00
 1.34041626e+01
 8.61635244e+01
 6.35598718e+01
 1.35598597e+02
 3.63441638e+01
 2.27248424e+01
 2.85156856e+01
 5.56956002e+00
 4.86281922e+01
 1.38146401e+02
 1.50518088e+01
 1.15998048e+01
 4.76958581e+01
 7.31006992e+01
 6.85222429e+01
 2.81234165e+01
 1.19850602e+02
 5.87054687e+01
 7.02911402e+01
 4.32954311e+01
 9.24368855e+01
 4.22873695e+01
 1.43451090e+01
 8.14810175e+00
 8.41348186e+01
 6.14137011e+01
 9.57136471e+01
 1.33855245e+02
 1.80520702e+02
 1.71448020e+02
 9.25976357e+01
 1.15872005e+02
 1.19727955e+02
 7.39554934e+00
 6.32683983e+01
 4.75590821e+01
 3.12799245e+01
 1.10127656e+02
 1.51407389e+02
 1.35642831e+02
 6.62381851e+01
 4.92656154e+01
 1.87485335e+01
 1.52413268e+02
 9.20808128e+01
 2.11723458e-01
 1.21839072e+01
 7.92931021e+00
 6.69496746e+01
 1.65054759e+02
 4.82302658e+01
 7.09677003e+01
 1.05210775e+02
 9.58320070e+01
 2.53512339e+01
 6.73202034e+01
 9.33550496e+01
 8.54780628e+01
 3.98452925e+01
 5.73784251e+00
 6.80442821e+01
 1.15531934e+02
 1.53471033e+02
 5.85853510e+01
 9.31376357e+01
 1.67013441e+01
 1.43385988e+02
 9.62616280e+01
 3.73337500e+01
 5.63623089e+01
 3.39465758e+01
 5.45129328e+00
 3.53138159e+00
 1.32537113e+02
 9.75866413e+01
 1.17435703e+02
 2.90170670e+01
 9.54186876e+01
 4.74327253e+01
 1.63615102e+02
 9.55178321e+01
 6.62333764e+01
 3.96638002e+01
 1.08417160e+01
 4.68411373e+01
 1.02685642e+02
 4.49962593e+01
 3.50127948e+01
 6.32651560e+01
 3.89461428e+01
 1.50426892e+02
 5.14034164e+01
 9.08190231e+01
 5.89138824e+01
 4.84891003e+01
 1.16033236e+01
 3.00864840e+01
 2.02637305e+01
 1.81923949e+02
 5.13683469e+01
 7.78471419e+01
 1.40118940e+02
 5.53757671e+01
 9.14274826e+01
 6.86097714e+01
 4.61299595e+01
 5.34778189e+01
 1.53131303e+00
 5.10641024e+01
 1.11394556e+02
 6.58510379e+01
 1.08491038e+02
 5.30852389e+01
 2.00776646e+02
 9.35832067e+01
 9.03211921e+01
 3.73090397e+01
 1.33577180e+01
 5.32079697e+00
 7.99271052e+00
 1.25782843e+02
 4.81904400e+01
 3.61760269e+01
 1.20351905e+02
 3.95019117e+01
 4.89438600e+01
 8.92737363e+01
 3.74481402e+01
 2.50843917e+01
 4.49208459e+01
 1.80168404e+01
 5.02511672e+00
 6.40320168e+00
 7.69360313e+01
 9.72335201e+01
 1.44694966e+02
 2.77245499e+01
 6.38485367e+01
 7.90261178e+01
 7.73145320e+01
 7.00747805e+00
 1.47972800e+01
 2.87328330e+01
 4.66601791e+00
 1.20248085e+01
 9.97901479e+01
 1.55208333e+02
 4.11129522e+01
 7.14518042e+01
 6.55225592e+01
 1.08590264e+02
 2.10463401e+01
 4.67408401e+01
 1.50273508e+01
 6.26509454e+01
 5.15341657e+01
 4.36328152e+00
 6.83296969e+01
 3.72826219e+01
 4.13061891e+01
 1.29707574e+02
 5.54158778e+01
 4.01683460e+01
 8.04451259e+01
 1.36674415e+02
 1.09889449e+01
 2.59180050e+01
 1.03743895e+01
 2.09075569e+01
 3.69758692e+01
 3.68637923e+01
 1.09171575e+02
 9.41448301e+01
 9.76356924e+01
 5.23097061e+01
 6.68346910e+01
 1.11906991e+02
 3.31124155e+01
 5.34416279e+01
 2.35643816e+00
 5.65829706e+00
 2.30533154e+01
 3.90713016e+01
 1.52639222e+02
 3.43433629e+01
 1.78040866e+01
 2.01904605e+01
 4.41867796e+01
 4.24231159e+01
 5.06275046e+01
 1.36612500e+02
 6.30676751e+00
 3.42477430e+01
 2.30507175e+01
 1.44552930e+02
 8.17818908e+01
 9.00624509e+01
 1.01647798e+01
 6.83738735e+01
 5.93682872e+01
 7.41915248e+01
 5.56714035e+01
 6.54850146e+00
 1.78795981e+02
 5.53069257e+01
 1.06547136e+02
 2.76267235e+02
 6.57482902e+01
 5.89943334e+01
 6.85982166e+01
 4.56684463e+01
 2.77265864e+01
 4.75583617e+01
 8.70579781e+01
 1.05234877e+01
 3.72558120e-01
 3.27691089e+01
 1.07915585e+02
 1.72653407e+02
 1.79211045e+02
 7.65084238e+01
 3.58311052e+01
 6.98051535e+01
 1.18605957e+02
 8.30209457e+01
 3.65711397e+01
 4.25550036e+01
 2.92379237e+01
 1.93310775e+01
 5.52642267e+00
 7.82580935e+01
 3.24982537e+01
 2.73984283e+02
 1.00365951e+02
 1.08369883e+01
 4.88117708e+01
 2.42739376e+01
 1.19918605e+02
 7.67700908e+00
 2.97137506e+00
 2.99945740e+01
 9.34053473e+01
 1.18128334e+01
 5.57130729e+01
 5.28190095e+01
 3.97791883e+01
 7.59486639e+01
 7.95834040e+01
 1.56391502e+02
 4.18385187e+01
 3.43213145e+01
 8.38253113e+00
 2.70533833e+01
 9.48244706e+01
 1.22189058e+01
 4.45862614e+01
 1.02625069e+01
 2.77878165e+02
 3.43011121e+01
 1.10256650e+01
 8.35266479e+01
 3.87472028e+01
 4.60553665e+01
 5.62314755e+00
 8.64822950e+01
 5.87704596e+01
 5.52256123e+01
 9.33586234e+01
 1.31536848e+02
 7.46861518e+01
 5.25795667e+01
 5.42485072e+01
 4.95626979e+01
 7.57836727e+01
 3.17919429e+01
 2.13981702e+01
 1.33135340e+01
 2.26030689e+01
 4.40494482e+01
 1.81976853e+02
 1.40640622e+02
 1.19524052e+02
 5.00128721e+00
 5.70146952e+00
 7.92804145e+01
 1.05735902e+01
 7.45533684e+01
 7.16760091e+00
 2.10060951e+01
 2.90942711e+01
 1.71176683e+01
 1.10894852e+02
 9.53389430e+01
 7.16676476e+01
 2.79981126e+02
 1.37232418e+02
 7.32796267e+01
 3.85606035e+01
 1.46031453e+01
 3.98114737e+00
 4.40959464e+01
 2.25398641e+00
 4.09899268e+01
 3.85310740e+01
 8.88783938e+01
 1.27081635e+02
 6.09921462e+01
 3.25083897e+01
 1.17346989e+02
 8.77799764e+01
 5.91861040e+01
 1.13648146e+01
 3.95200500e-01
 4.90042369e+01
 2.91869871e+01
 2.93730207e+01
 1.30078761e+02
 1.16995621e+02
 1.92444073e+02
 9.61377628e+01
 5.62094115e+01
 2.93082507e+01
 1.78018893e+01
 3.73146716e-01
 1.61454693e+01
 3.36179717e+02
 1.30463219e+02
 1.36103592e+02
 9.49880434e+01
 3.34687960e+01
 9.03569455e+01
 7.61720671e+01
 1.90418400e+02
 2.43616308e+01
 7.51933134e+00
 9.11974350e+00
 1.84337828e+01
 1.47397558e+02
 6.25433622e+01
 1.41022149e+02
 1.08222332e+02
 4.81562884e+00
 2.04535289e+01
 4.92022504e+01
 1.06118512e+02
 1.00395163e+02
 2.23671345e+01
 5.25764335e+01
 4.82725448e+01
 3.90247181e+01
 1.59037164e+02
 1.35857441e+02
 1.19922122e+02
 1.25860697e+02
 2.75053288e+01
 7.25408267e-03
 5.03652911e-12
 7.02586804e+01
 5.77152450e+01
 1.22802770e+00
 4.93041771e+01
 1.44484365e+02
 6.60130557e+01
 5.07736996e+01
 6.69734742e+01
 5.90624534e+01
 1.03143793e+02
 5.22665999e+01
 8.92039613e+01
 5.83103364e+01
 6.06700890e+01
 2.49429142e+01
 1.11315816e+02
 5.79200757e+01
 1.38341251e+02
 8.39815055e+01
 4.24782440e+01
 4.20482526e+01
 1.44800713e+01
 6.27734366e+01
 7.77875845e+01
 7.77738624e+01
 3.36235210e+01
 2.04339869e+01
 5.63831463e+01
 8.45692833e+01
 9.67519442e+01
 1.21425196e+02
 2.01697820e+02
 8.73926929e+01
 1.30455772e+02
 1.30158467e+02
 3.93603190e+01
 1.35811105e+02
 1.14022343e+02
 2.51993241e+01
 3.62216305e+00
 3.81826346e+01
 1.02199550e+02
 1.79598547e+02
 7.51329612e+01
 2.12915966e+02
 9.35383656e+01
 4.29206393e+01
 6.73988829e+01
 6.40406292e+01
 1.59427837e+01
 4.31724495e+00
 9.24352909e+01
 6.67509958e+01
 2.56491960e+02
 1.32159277e+02
 1.18156331e+02
 1.08780135e+02
 3.49772774e+01
 1.59933989e+01
 5.34685024e+01
 1.67793822e+01
 1.25153355e+01
 7.70988470e+00
 1.31964347e+01
 8.90297676e+00
 1.62073422e+02
 1.09652195e+02
 1.08511311e+01
 6.23164497e+01
 3.13433958e+01
 9.82085692e+01
 8.70507876e+01
 1.44742742e+02
 6.18335394e+00
 3.89871625e+01
 4.59137702e+00
 2.96428876e+01
 1.22508647e+02
 1.17710228e+02
 7.22297768e+01
 7.85059945e+01
 2.87705582e+01
 9.82675019e+00
 7.63723933e+01
 5.06307445e+01
 2.52852383e+01
 2.29115221e+01
 7.56409249e+00
 3.11255243e+01
 1.45259026e+02
 1.44265569e+02
 2.36644678e+02
 4.12067494e+01
 6.46000098e+00
 6.75153701e+01
 5.56745245e+01
 1.53031054e+02
 6.87606126e+01
 4.08048280e+01
 4.41015394e+01
 2.64457183e+01
 7.02358357e+01
 9.52747265e+01
 2.57189672e+01
 7.82302550e+01
 1.24119115e+02
 3.12371850e+01
 3.13696294e+01
 1.42073525e+01
 7.48879109e+00
 2.16547093e+01
 1.01836003e+02
 1.55356095e+01
 2.62544988e+02
 8.87205048e+00
 1.31797771e+02
 5.56968011e+01
 1.17209487e+02
 1.70879272e+01
 5.79449440e+00
 3.69433030e+01
 5.75019041e+01
 3.13510481e+01
 9.49179904e+00
 3.03101149e+01
 1.67883464e+02
 7.46184000e+01
 6.66113788e+01
 7.26933507e+01
 3.55053285e+00
 4.67389474e+01
 1.53390123e+02
 4.58762219e+01
 1.71154704e+01
 7.18134270e+01
 3.79761131e+00
 7.76572256e+00
 1.18369743e+02
 1.07036280e+02
 9.27000539e+01
 1.01385452e+02
 1.36859616e+01
 9.62000462e+01
 1.63013576e+01
 9.99168222e+01
 8.52295751e+00
 2.94600270e+00
 7.30858204e+00
 7.16278742e+01
 4.35394248e+01
 1.22610813e+02
 9.76779519e+01
 4.75365687e+01
 7.58547045e+01
 1.62854995e+02
 9.18863830e+01
 3.43991861e+01
 4.68636046e+01
 1.20635310e+01
 3.79456571e+01
 1.63838175e+01
 2.55288016e+02
 2.06094895e+02
 4.65115282e+01
 6.36436456e+01
 7.87580834e+01
 7.21060187e+01
 3.22029857e+01
 8.87751566e+01
 6.43096947e+01
 2.13558741e+01
 2.47267395e+01
 3.56080868e+00
 2.49347755e+01
 4.53943581e+01
 2.39098149e+02
 9.61904545e+00
 4.13846792e+01
 2.84860698e+01
 4.34400886e+01
 1.56716910e+01
 4.46730330e+01
 6.99171740e+01
 1.14705719e+01
 4.69787547e+01
 2.68958853e+02
 3.21030008e+01
 8.08766080e+01
 7.30974620e+01
 6.29895811e+01
 5.76970904e+01
 6.13419887e+01
 5.67510150e+01
 9.60712518e+00
 1.21766452e-02
 1.62165527e+01
 7.95056132e+01
 1.75407577e+02
 5.32974629e+01
 5.94941012e+01
 8.47168742e+01
 1.41733636e+02
 1.73411643e+02
 5.18660009e+01
 4.72122263e+01
 3.40844572e+00
 1.01400070e+01
 3.70611173e+01
 2.06091972e+01
 7.53662901e+01
 1.66099902e+02
 1.08993177e+02
 1.62551402e+02
 2.37833008e+01
 9.27277754e+01
 1.12602008e+01
 2.77233709e+01
 3.57300062e+01
 1.76315721e+01
 1.04026307e+00
 1.19710812e+02
 1.36179748e+02
 1.18649571e+02
 1.24703514e+02
 8.33099726e+01
 1.20530341e+02
 2.45996806e+01
 5.64678850e+00
 6.21596985e+01
 7.30764698e+01
 6.15111355e+01
 2.79411198e+00
 4.26580036e+01
 2.61342281e+01
 2.82373016e+02
 8.05593203e+01
 2.01040200e+02
 6.45941264e+01
 5.47462045e+01
 1.47809506e+01
 6.85249469e+01
 1.41469416e+01
 3.26156092e+00
 1.60893148e+01
 9.63011229e+00
 1.76986294e+02
 1.59016601e+02
 8.25521944e+01
 1.04154598e+02
 4.48032950e+01
 4.28630818e+01
 7.17843166e+01
 1.05461098e+02
 1.36702002e+01
 8.68951916e-02
 5.39839270e+00
 1.21310343e+02
 1.20716245e+02
 2.39190224e+01
 1.61573567e+02
 6.53583199e+01
 7.12141449e+01
 8.71348482e+01
 3.73939960e+01
 5.72154208e+00
 6.75192617e+01
 6.94084125e+00
 1.19678689e+02
 2.78142445e+01
 1.18789353e+01
 2.13398265e+02
 4.05992012e+01
 1.63778567e+01
 3.37030463e+00
 1.51490290e+02
 8.80475573e+01
 9.49828499e+01
 1.04433864e+01
 1.20726306e+01
 2.45754060e+01
 7.74217285e+01
 9.59918177e+01
 5.21285881e+01
 5.78759652e+01
 1.05369768e+02
 1.19463484e+02
 7.79207965e+01
 6.22513550e+01
 1.37242030e+01
 1.65585806e+01
 1.59148577e+01
 2.64073952e+01
 6.29650987e+01
 1.08822219e+02
 1.65788027e+02
 1.09987217e+02
 9.13488294e+01
 9.01958080e+01
 6.14693973e+01
 1.56966842e+01
 2.54382582e+01
 3.36869660e+01
 3.36455881e+01
 2.18066518e+01
 7.59735007e+01
 1.32542700e+01
 9.35849254e+01
 1.77477194e+02
 1.13463629e+02
 1.24883185e+01
 7.07877775e+01
 1.21027086e+02
 3.46177310e+01
 1.14643337e+01
 1.27094302e+01
 3.64715978e+01
 1.24714594e+02
 5.39740637e+01
 7.76317596e+01
 1.20074586e+02
