 9.55463486e+01
 4.62181320e+01
 8.67994308e+01
 5.92365379e+01
 1.59632568e+01
 1.02938950e+02
 5.41741409e+01
 3.33643770e+00
 1.29485046e+02
 3.20826912e+01
 1.46194458e+01
 3.48379135e+01
 6.41632919e+01
 5.66154327e+01
 1.09191010e+02
 1.32387772e+02
 1.46144363e+02
 2.08552734e+02
 1.01439926e+02
 3.09325294e+01
 1.03308954e+01
 1.15780159e+02
 5.05735664e+01
 6.87362747e+01
 6.86937714e+01
 1.08559776e+02
 1.01687965e+02
 6.55826950e+01
 9.83285217e+01
 1.06108711e+02
 5.63023300e+01
 8.80292206e+01
 5.90709610e+01
 1.42704666e+02
 5.23007011e+01
 1.60466492e+02
 9.22936096e+01
 9.98193588e+01
 1.27856430e+02
 8.72240067e+01
 9.82249680e+01
 8.57402725e+01
 2.99197884e+01
 3.72671051e+01
 8.51153793e+01
 1.13607491e+02
 8.86332474e+01
 7.28512268e+01
 1.34810501e+02
 8.11413574e+01
 8.57613449e+01
 1.05173187e+02
 2.20206451e+02
 1.00103073e+02
 3.30151138e+01
 1.27495384e+01
 2.67577801e+01
 7.97534866e+01
 5.51824493e+01
 4.24104233e+01
 1.18615852e+02
 5.71979523e+01
 1.02436928e+02
 1.39985458e+02
 9.07336884e+01
 5.94962082e+01
 1.32129684e+02
 3.10372353e+01
 8.26095428e+01
 8.87336044e+01
 2.20393028e+01
 1.67919369e+01
 2.57510700e+01
 2.35178509e+01
 1.18268509e+02
 9.55005722e+01
 6.07530670e+01
 3.78851700e+01
 4.85815468e+01
 7.51782761e+01
 8.39977570e+01
 1.29723770e+02
 7.04360886e+01
 4.35943451e+01
 4.25348778e+01
 3.71608200e+01
 7.23609772e+01
 1.00384544e+02
 9.30853882e+01
 8.07677612e+01
 5.97677231e+00
 1.01669472e+02
 2.73526802e+01
 9.20082397e+01
 5.79790382e+01
 2.01943188e+01
 1.40606720e+02
 1.99981441e+01
 1.26330347e+01
 2.79000549e+01
 6.62120056e+01
 5.40496101e+01
 1.23243027e+02
 3.66377411e+01
 5.30661774e+01
 1.27587669e+02
 6.40094376e+01
 1.22450821e+02
 1.02565002e+02
 4.21125603e+01
 5.08933868e+01
 9.66505203e+01
 6.87921677e+01
 1.89884949e+02
 1.46254074e+02
 2.95755253e+01
 3.28952866e+01
 9.74916840e+01
 2.25948620e+01
 1.17950775e+02
 6.28273621e+01
 1.24124252e+02
 1.14102089e+02
 7.43923721e+01
 1.16286850e+02
 1.23349274e+02
 3.41537952e+00
 5.11919975e+01
 1.02796867e+02
 1.33501938e+02
 4.28995209e+01
 7.34064941e+01
 3.51514931e+01
 8.07766342e+01
 7.56266556e+01
 6.55938110e+01
 2.63811283e+01
 1.02069595e+02
 1.09076714e+02
 2.00137329e+01
 2.55766888e+01
 8.70350723e+01
 6.00041046e+01
 1.21202446e+02
 1.22266815e+02
 1.56982050e+01
 7.96025925e+01
 8.22159958e+01
 3.92245216e+01
 3.26827278e+01
 3.38041229e+01
 7.03763199e+01
 2.13101120e+01
 6.06117630e+01
 2.11985836e+01
 4.76991501e+01
 1.35171753e+02
 1.61203766e+02
 5.29725761e+01
 1.05522385e+02
 7.65619431e+01
 5.73942299e+01
 1.43692312e+01
 6.06943855e+01
 1.08075317e+02
 1.25696167e+02
 2.08864456e+02
 1.06305687e+02
 7.24989548e+01
 5.07328720e+01
 1.83075211e+02
 1.55907303e+02
 7.23289032e+01
 5.18484192e+01
 6.45276260e+01
 1.92467499e+01
 7.57942429e+01
 5.51203804e+01
 1.69771484e+02
 9.99388580e+01
 8.87120514e+01
 3.05269566e+01
 1.14648033e+02
 1.27787979e+02
 3.75272255e+01
 3.87010498e+01
 4.71421432e+01
 1.22424688e+01
 2.30873966e+01
 6.16285591e+01
 4.14703903e+01
 9.07673340e+01
 4.68878059e+01
 4.66771393e+01
 1.28397476e+02
 4.25550365e+00
 9.45376694e-01
 6.05118217e+01
 3.06631641e+01
 8.80692978e+01
 8.81111450e+01
 3.68239632e+01
 6.46583557e+01
 7.03699799e+01
 1.11048386e+02
 4.79155197e+01
 2.39829712e+01
 4.29007053e+00
 1.61397369e+02
 4.31134033e+01
 5.96233826e+01
 6.51123428e+01
 1.66959351e+02
 1.61118408e+02
 1.43710464e+02
 1.23754593e+02
 2.01490677e+02
 1.36992447e+02
 1.43515549e+02
 9.41896439e+01
 1.59000214e+02
 3.83136826e+01
 8.48328972e+00
 1.16605591e+02
 1.06455063e+02
 1.65845337e+02
 1.54665405e+02
 5.45173378e+01
 5.93572769e+01
 1.33249985e+02
 5.72332840e+01
 1.16842636e+02
 1.31015182e+02
 4.15542870e+01
 5.55271988e+01
 6.23102646e+01
 3.67044983e+01
 3.65150986e+01
 1.62366852e+02
 1.23669312e+02
 1.14593643e+02
 3.29092216e+01
 1.10952644e+02
 7.68657303e+01
 6.70041733e+01
 4.64474983e+01
 1.71371615e+00
 5.66516924e+00
 5.89312286e+01
 1.90389385e+01
 5.96161041e+01
 7.62294846e+01
 9.34930878e+01
 7.74073486e+01
 8.72084045e+01
 7.14753571e+01
 6.75341110e+01
 1.89301720e+01
 3.47263603e+01
 1.86505833e+01
 2.81430054e+00
 2.73123150e+01
 2.12269802e+01
 8.54974365e+01
 8.13661880e+01
 1.01000221e+02
 1.15631111e+02
 1.04940178e+02
 4.49852753e+01
 2.59841064e+02
 3.84893494e+01
 1.34717499e+02
 5.43858261e+01
 1.81672180e+02
 1.43821091e+02
 4.51421928e+01
 8.75251617e+01
 1.27542198e+02
 6.58082504e+01
 1.60655914e+02
 8.42728577e+01
 2.52263756e+01
 5.08907776e+01
 2.93452911e+01
 1.01273880e+02
 1.60816406e+02
 8.21225052e+01
 8.47629242e+01
 7.04564133e+01
 9.35092468e+01
 9.50629730e+01
 1.16245895e+02
 8.81643219e+01
 1.70379517e+02
 8.47041321e+01
 4.29265137e+01
 1.39965942e+02
 1.13598206e+02
 1.00135963e+02
 1.40126083e+02
 1.32614012e+01
 8.27313690e+01
 1.71433746e+02
 3.07706661e+01
 1.52906250e+02
 7.99567566e+01
 3.37440643e+01
 1.04669189e+02
 9.68175049e+01
 7.88320999e+01
 4.84871063e+01
 7.92434998e+01
 5.08199387e+01
 3.50152359e+01
 1.63805557e+02
 5.42594872e+01
 5.25256195e+01
 4.05536804e+01
 8.86048603e+00
 4.36283836e+01
 4.39744644e+01
 7.21430206e+01
 5.26293869e+01
 8.99430618e+01
 7.53337936e+01
 1.27351555e+02
 6.24266815e+01
 1.39972366e+02
 3.51945763e+01
 4.74176931e+00
 2.89999924e+01
 5.95870132e+01
 1.03321609e+02
 6.59820328e+01
 1.58714355e+02
 1.67330215e+02
 1.07388306e+02
 1.19399017e+02
 7.19986343e+01
 1.81877701e+02
 1.75107010e+02
 7.84000092e+01
 3.11041756e+01
 3.21626358e+01
 8.07527256e+00
 1.28528946e+02
 1.41180145e+02
 6.67217255e+01
 1.24811157e+02
 8.42774658e+01
 8.43794327e+01
 1.17527100e+02
 1.94181137e+02
 6.11895981e+01
 1.50808426e+02
 2.37419189e+02
 2.26565971e+01
 1.57041214e+02
 1.17858795e+02
 1.60668991e+02
 3.38069649e+01
 5.96953926e+01
 2.88901730e+01
 8.45264969e+01
 4.30102272e+01
 6.49346237e+01
 3.87881737e+01
 7.76996946e+00
 2.34422791e+02
 7.41855240e+01
 1.01926857e+02
 1.17375748e+02
 1.40037979e+02
 4.16422844e+01
 1.08444687e+02
 1.34859283e+02
 9.66198196e+01
 6.02145767e+01
 2.47344131e+01
 5.63611069e+01
 1.28922164e+00
 1.68343994e+02
 1.60095062e+02
 6.86206970e+01
 3.24346085e+01
 8.18881989e+01
 1.79834915e+02
 6.96402130e+01
 1.64057846e+02
 1.84017914e+02
 1.38864288e+02
 8.72108173e+00
 2.24467621e+02
 5.15753412e+00
 9.43050232e+01
 1.01727142e+02
 9.47839966e+01
 4.16899872e+00
 1.03405869e+02
 1.04953087e+02
 7.13702469e+01
 3.63215752e+01
 2.79931145e+01
 3.62380638e+01
 6.76280594e+01
 1.99520844e+02
 7.36755524e+01
 1.64883484e+02
 7.72673187e+01
 2.43551826e+01
 8.28320389e+01
 8.05428238e+01
 7.52030792e+01
 6.23897133e+01
 2.90104103e+01
 1.51688623e+01
 8.27566833e+01
 3.47056084e+01
 1.37228302e+02
 8.24206448e+00
 1.64062317e+02
 8.17434082e+01
 1.14936615e+02
 1.03817184e+02
 1.21744354e+02
 1.09267334e+02
 4.91342545e-01
 7.10386963e+01
 6.50500641e+01
 5.55638084e+01
 1.35606079e+02
 7.18636856e+01
 1.25043663e+02
 1.38918259e+02
 6.08832092e+01
 5.77830276e+01
 1.88298065e+02
 1.63527939e+02
 2.39974422e+01
 1.16873375e+02
 1.09042458e+02
 3.05435410e+01
 1.63509766e+02
 2.12191391e+02
 7.85680542e+01
 1.08838234e+02
 7.03712540e+01
 1.57848846e+02
 3.65251007e+01
 2.10194427e+02
 4.48184204e+01
 3.03144913e+01
 9.63183784e+00
 1.72600983e+02
 7.97710571e+01
 1.12202713e+02
 6.34130821e+01
 2.22121506e+01
 2.29153862e+01
 2.44120026e+01
 1.40521164e+02
 2.50434661e+00
 2.06909531e+02
 1.49084534e+02
 4.28742828e+01
 1.15420174e+02
 1.02373573e+02
 1.83067749e+02
 7.44668503e+01
 1.04231659e+02
 1.63421722e+02
 1.18795113e+02
 1.42116440e+02
 1.14825691e+02
 1.87837124e+01
 6.36973763e+01
 1.24642998e+02
 7.35314407e+01
 9.60636368e+01
 4.96770363e+01
 1.43871765e+02
 1.39260818e+02
 1.42660309e+02
 9.43221436e+01
 1.46613983e+02
 7.09957886e+01
 1.59223242e+01
 1.30405605e+00
 1.94213924e+01
 8.29504929e+01
 4.62989578e+01
 5.70892258e+01
 8.93034515e+01
 5.92388916e+01
 9.08009186e+01
 1.19544800e+02
 8.67105713e+01
 2.62558422e+01
 2.65662651e+01
 4.36191864e+01
 1.72744736e+02
 1.20495811e+02
 7.54770126e+01
 9.33481522e+01
 1.01140579e+02
 6.43684692e+01
 8.68409958e+01
 1.51869446e+02
 1.54923798e+02
 8.57535934e+01
 2.95428658e+01
 3.33620338e+01
 1.23508331e+02
 6.79259186e+01
 1.02610161e+02
 6.14207039e+01
 4.16854973e+01
 7.18774948e+01
 6.28642349e+01
 7.43628693e+01
 7.90514069e+01
 7.90552902e+01
 9.21922684e+00
 6.93176117e+01
 7.42610779e+01
 2.02121384e+02
 1.53192276e+02
 8.54800949e+01
 6.38654442e+01
 8.10688705e+01
 1.32835251e+02
 1.07657593e+02
 6.96122360e+01
 6.82452698e+01
 1.13761864e+01
 1.67268066e+01
 6.85789642e+01
 4.60686569e+01
 1.25600311e+02
 1.53045792e+02
 5.30427513e+01
 1.82884369e+01
 1.44606903e+02
 4.78757935e+01
 1.63927444e+02
 2.37856426e+01
 5.83099890e+00
 4.12712822e+01
 3.77102432e+01
 1.07348373e+02
 1.54754013e+02
 6.06250610e+01
 7.43559875e+01
 2.12268639e+01
 9.88639069e+01
 8.66716614e+01
 1.11205009e+02
 2.21010232e+00
 6.33942795e+01
 5.10359879e+01
 8.16870630e-02
 1.10412804e+02
 4.82156219e+01
 8.33933945e+01
 4.16329575e+01
 1.08140030e+02
 7.08676300e+01
 1.32455521e+02
 5.74734879e+01
 1.14592695e+01
 8.83452511e+00
 7.13502264e+00
 2.22208351e-03
 2.33247128e+01
 5.39457436e+01
 2.23082260e+02
 4.19076004e+01
 3.57562447e+01
 1.82786217e+01
 7.26174164e+01
 1.07031425e+02
 6.58807678e+01
 1.03015495e+02
 4.01124649e+01
 8.26316986e+01
 1.19021049e+02
 3.27385864e+01
 8.74077225e+01
 3.51579094e+01
 7.09342117e+01
 4.27510033e+01
 1.44473541e+02
 2.94782562e+01
 1.29939375e+01
 2.66164303e+00
 1.40635090e+01
 1.65860863e+01
 4.17730179e+01
 1.19184158e+02
 1.16255516e+02
 3.60621033e+01
 8.42391205e+01
 8.27233353e+01
 1.81739471e+02
 9.92078247e+01
 7.01187515e+01
 5.17902641e+01
 7.68313324e-03
 3.44576111e+01
 3.12751732e+01
 9.61794205e+01
 4.59049149e+01
 7.09485855e+01
 1.42131851e+02
 1.75803165e+01
 1.91111816e+02
 1.40753922e+02
 1.30200836e+02
 1.17803436e+02
 4.28618431e+00
 1.18180687e+02
 7.86298141e+01
 1.11138863e+02
 8.23035278e+01
 7.20687103e+01
 9.62594700e+00
 7.21058960e+01
 7.31435699e+01
 6.45882111e+01
 1.22397751e+02
 1.14452419e+01
 8.59970551e+01
 1.70352173e+02
 1.14909431e+02
 1.60081726e+02
 7.04204025e+01
 6.62472610e+01
 1.05847366e+02
 9.54844742e+01
 1.29861969e+02
 5.54400787e+01
 7.89603958e+01
 4.94664459e+01
 1.38848816e+02
 5.80906525e+01
 2.61598053e+01
 6.44742737e+01
 1.63748932e+02
 9.92104645e+01
 3.52531395e+01
 7.47647629e+01
 1.17711058e+01
 7.85692787e+00
 1.48748840e+02
 1.72059383e+01
 1.08269981e+02
 5.02889748e+01
 2.40330261e+02
 1.05973724e+02
 4.51372795e+01
 4.09321136e+01
 1.14309092e+01
 4.53020592e+01
 1.61678040e+02
 6.37671013e+01
 1.14320869e+01
 4.56948776e+01
 1.58239927e+01
 2.72832441e+00
 2.30216408e+01
 5.82432442e+01
 7.58356171e+01
 8.67048416e+01
 8.40932159e+01
 8.39792557e+01
 2.35975754e+02
 6.57220001e+01
 1.48491333e+02
 1.82127190e+01
 9.26617661e+01
 6.14754791e+01
 1.51937027e+01
 1.49876968e+02
 2.68736877e+01
 1.20414268e+02
 5.52304306e+01
 3.14042377e+01
 1.21768860e+02
 5.84910736e+01
 2.04239456e+02
 6.06608353e+01
 7.52314377e+01
 6.59705276e+01
 8.58863449e+01
 1.71050568e+02
 1.44681931e+02
 6.63473434e+01
 1.12441223e+02
 7.85279770e+01
 1.45754578e+02
 5.81555443e+01
 9.42740917e+00
 5.25149918e+01
 4.32397957e+01
 1.10850067e+02
 1.71855927e+02
 3.95451241e+01
 8.29035282e+00
 6.06477737e+01
 8.93037720e+01
 1.06013504e+02
 1.36588043e+02
 1.41644440e+02
 1.24782190e+01
 2.43760467e+00
 6.99335403e+01
 2.49299526e+01
 3.20056051e-01
 6.68111725e+01
 1.20244957e+02
 3.04847884e+00
 5.51771660e+01
 8.08366299e+00
 4.25581779e+01
 1.10168135e+00
 2.48821793e+01
 7.79556427e+01
 2.38382111e+01
 3.14105377e+01
 1.14006186e+00
 3.07620422e+02
 5.62280350e+01
 5.07915421e+01
 6.06846008e+01
 2.18657333e+02
 6.83841171e+01
 4.81710014e+01
 1.57958252e+02
 1.36627741e+01
 8.46743698e+01
 9.37747650e+01
 4.83624535e+01
 8.36323700e+01
 5.10921478e+01
 6.44527588e+01
 7.88825607e+01
 1.51545105e+02
 9.54745941e+01
 7.81600723e+01
 6.06859741e+01
 4.69151449e+00
 4.14829025e+01
 2.97235928e+01
 1.39497864e+02
 1.62291016e+02
 1.11780823e+02
 9.03418503e+01
 6.65552063e+01
 6.52971039e+01
 1.75299545e+02
 1.72324799e+02
 1.05752625e+02
 1.93342190e+01
 3.15392780e+01
 1.68117493e+02
 1.52666321e+02
 1.18837570e+02
 6.61876678e+01
 9.20041046e+01
 2.02850819e+01
 6.81576843e+01
 8.41098099e+01
 1.33438177e+01
 8.52188339e+01
 9.15516376e+00
 6.75473557e+01
 5.77466202e+01
 2.76991463e+01
 7.52747879e+01
 1.50649551e+02
 1.15742416e+02
 8.29341583e+01
 6.70402527e+01
 1.12074371e+02
 1.93127167e+02
 4.00484467e+01
 6.71996918e+01
 2.58372402e+01
 7.27712936e+01
 4.57002831e+01
 1.41282791e+02
 1.59993378e+02
 7.47555695e+01
 1.22135277e+01
 5.69193153e+01
 6.85955811e+01
 1.68023514e+02
 9.50032330e+00
 1.21306543e+01
 9.85338516e+01
 4.71761246e+01
 9.00038757e+01
 9.85765839e+01
 1.88983093e+02
 4.42308044e+01
 2.34854412e+01
 4.01130753e+01
 3.74047203e+01
 7.33193359e+01
 1.56664322e+02
 7.75238180e+00
 5.86176348e+00
 3.13113995e+01
 2.78663757e+02
 1.02615593e+02
 1.57429562e+01
 1.07112885e+02
 1.30066824e+01
 7.56241226e+01
 9.08964539e+01
 1.33798157e+02
 3.75218201e+01
 1.85443878e+01
 1.52356739e+01
 2.28205795e+01
 7.66300201e+01
 8.44326401e+01
 9.52426987e+01
 1.34509277e+02
 9.63933716e+01
 1.07168564e+02
 6.06717033e+01
 1.65633133e+02
 8.73096008e+01
 4.02623177e+00
 2.84851623e+00
 5.58634682e+01
 1.21558380e+02
 1.01942665e+02
 5.59654465e+01
 7.89922638e+01
 5.30903015e+01
 1.09354126e+02
 1.49688660e+02
 1.47263489e+02
 7.47445984e+01
 5.40491867e+01
 1.54573536e+00
 1.26566410e+01
 2.78539677e+01
 1.62061005e+02
 8.66188889e+01
 6.78168259e+01
 1.71212097e+02
 6.80984116e+01
 9.70266037e+01
 1.52019226e+02
 3.77955399e+01
 1.14359871e+02
 4.40074587e+00
 8.30062256e+01
 1.58160309e+02
 1.46054413e+02
 3.50576553e+01
 5.11701050e+01
 4.62562675e+01
 3.27811813e+01
 1.55469757e+02
 2.00438583e+02
 3.57648163e+01
 2.40464439e+01
 4.28461418e+01
 1.36382156e+02
 2.01336761e+02
 1.72819992e+02
 9.95770340e+01
 6.64534912e+01
 2.30387478e+01
 1.58570618e+02
 8.14514923e+01
 2.40500736e+01
 5.15337944e+00
 1.59713764e+01
 7.83049850e+01
 1.44892836e+00
 1.47196671e+02
 9.53278427e+01
 1.72421783e+02
 5.89769745e+01
 5.37547302e+01
 1.77127029e+02
 9.05084457e+01
 2.34230957e+01
 1.05807877e+02
 1.38393712e+00
 8.08233871e+01
 1.51258102e+02
 4.12245255e+01
 1.05157791e+02
 1.03366699e+02
 1.13091599e+02
 1.02689072e+02
 1.15377167e+02
 9.98104630e+01
 6.12486877e+01
 5.58892488e+00
 1.04275742e+02
 1.80365982e+01
 2.08817017e+02
 6.56055987e-01
 1.28387665e+02
 1.05427567e+02
 6.93440781e+01
 1.15986450e+02
 1.22002777e+02
 1.52827728e+02
 2.45580383e+02
 9.84963036e+00
 5.80750465e+01
 3.83298531e+01
 1.20460260e+00
 1.41642090e+02
 8.02468338e+01
 9.60045853e+01
 6.07796631e+01
 1.34774628e+02
 8.61041260e+01
 1.55974472e+02
 1.00878838e+02
 1.02367897e+01
 1.73460579e+01
 9.98221817e+01
 1.06504402e+02
 7.53326035e+01
 1.88202087e+02
 3.34574318e+01
 9.61259995e+01
 1.03852585e+02
 1.68095978e+02
 1.01130875e+02
 7.69818420e+01
 6.76015930e+01
 3.18959484e+01
 5.40482330e+00
 3.44812469e+01
 1.57085327e+02
 6.58714600e+01
 1.45221848e+02
 9.53463898e+01
 1.10253181e+02
 1.34542160e+02
 5.93950348e+01
 1.21937500e+02
 1.04290176e+02
 1.68188000e+01
 5.37927485e+00
 5.19808693e+01
 1.18761467e+02
 1.80681362e+01
 3.19303436e+01
 5.73831139e+01
 6.11038094e+01
 6.53911400e+00
 1.55235815e+01
 1.50883293e+01
 3.97838898e+01
 1.33703751e+02
 3.60609474e+01
 5.39082813e+00
 5.16500702e+01
 1.55104599e+02
 5.32111855e+01
 1.85584526e+01
 4.83057632e+01
 1.05815491e+02
 8.15712738e+01
 1.54271301e+02
 1.93542213e+01
 8.79701138e+00
 5.39116592e+01
 7.03814621e+01
 7.89291840e+01
 1.73664520e+02
 8.25186005e+01
 1.84927559e+01
 1.13086662e+02
 1.01918137e+02
 8.97303772e+01
 1.00920662e+02
 3.45682831e+01
 2.11644745e+02
 1.32044647e+02
 1.29150604e+02
 1.00039375e+02
 1.86443268e+02
 6.65159378e+01
 5.50594025e+01
 1.15566238e+02
 1.19113525e+02
 4.55330391e+01
 1.78483154e+02
 7.66076431e+01
 2.66757431e+01
 2.19833088e+01
 3.25255036e+00
 2.02431747e+02
 1.11337860e+02
 1.52832916e+02
 9.23508224e+01
 2.73575989e+02
 9.25530701e+01
 8.95991898e+01
 1.27485687e+02
 1.19046860e+01
 1.08663971e+02
 1.46672449e+01
 2.48264008e+01
 1.10427561e+01
 7.81604614e+01
 1.16301193e+02
 1.32267242e+02
 1.11590561e+02
 8.71561050e+01
 6.57485580e+01
 1.04405792e+02
 6.86364031e+00
 6.17536621e+01
 2.35589695e+01
 9.13198318e+01
 1.37796616e+02
 1.36292160e+02
 8.64675980e+01
 8.29245071e+01
 8.39816132e+01
 1.61264877e+02
 1.52897507e+02
 2.02203476e+02
 1.10509911e+02
 2.18871899e+01
 4.50270195e+01
 1.04049316e+02
 1.42629700e+02
 7.32266922e+01
 1.60702423e+02
 1.25239586e+02
 6.92911224e+01
 8.54193726e+01
 1.19711174e+02
 1.09843857e+02
 2.67530918e+01
 1.30122149e+00
 9.39430847e+01
 1.20729317e+02
 1.08457954e+02
 1.73374954e+02
 9.99412689e+01
 6.89227676e+01
 6.64693985e+01
 9.01428833e+01
 1.68436676e+02
 4.76791725e+01
 1.23775208e+02
 9.52417755e+01
 3.96357489e+00
 7.30940247e+01
 1.14950813e+02
 2.22387009e+01
 4.20268173e+01
 1.17874008e+02
 1.11566605e+02
 6.43108597e+01
 1.03458633e+02
 1.26332916e+02
 1.48001282e+02
 1.18387405e+02
 1.09687376e+01
 4.94234161e+01
 9.04041748e+01
 7.78638306e+01
 5.88495293e+01
 1.33979050e+02
 3.16601105e+01
 9.45491333e+01
 1.80322983e+02
 1.89532806e+02
 9.48311691e+01
 4.38491592e+01
 2.21457767e+01
 2.68119831e+01
 2.66036102e+02
 1.49484375e+02
 1.34236588e+02
 6.99954681e+01
 9.59764557e+01
 5.99003716e+01
 4.82575531e+01
 2.90386848e+01
 2.06450958e+02
 1.23618713e+02
 1.39539928e+01
 3.05128517e+01
 9.58965378e+01
 7.38795853e+01
 5.17495308e+01
 3.28573761e+01
 9.36988831e+01
 1.40763474e+02
 1.56806915e+02
 9.14014664e+01
 5.11325684e+01
 8.77993927e+01
 1.50575066e+01
 2.37153912e+01
 1.54873871e+02
 5.66139526e+01
 8.39925156e+01
 5.79094276e+01
 1.08865715e+02
 2.07739807e+02
 1.31402481e+02
 1.12635452e+02
 1.42402481e+02
 1.46529617e+01
 1.49820374e+02
 1.29896484e+02
 3.58109550e+01
 1.44676514e+02
 1.61674820e+02
 7.42578430e+01
 4.74009895e+01
 7.81859970e+01
 1.75480148e+02
 6.97257919e+01
 1.00225166e+02
 2.68711877e+00
 2.45088177e+01
 3.68319817e+01
 3.54775925e+01
 9.65963974e+01
 7.20436401e+01
 4.58513374e+01
 4.17549744e+01
 1.19477173e+02
 6.02459488e+01
 1.75224514e+01
 5.67338028e+01
 4.13682365e+01
 2.60427513e+01
 9.99885101e+01
 5.01107903e+01
 3.74693489e+01
 1.30204315e+02
 1.15838036e+02
 1.77211411e+02
 7.10931854e+01
 3.75920105e+01
 3.86525846e+00
 3.08665428e+01
 5.91108322e+01
 6.75335464e+01
 1.85075012e+02
 1.02722900e+02
 6.07217712e+01
 4.12330894e+01
 1.16704926e+02
 5.97742195e+01
 2.17517681e+01
 1.51674271e+02
 1.93918839e+01
 7.88934097e+01
 6.62760620e+01
 6.32982407e+01
 6.22966843e+01
 6.41317596e+01
 2.73620777e+01
 2.55916233e+01
 5.26967773e+01
 1.06608780e+02
 1.05830307e+02
 5.48248978e+01
 1.04646820e+02
 9.15770416e+01
 7.82371044e+00
 3.07046280e+01
 4.72878313e+00
 1.35902424e+01
 8.07067337e+01
 7.67472534e+01
 8.00734177e+01
 6.49546280e+01
 7.72934647e+01
 1.15350868e+02
 4.22129593e+01
 1.00247030e+01
 4.70156975e+01
 1.05680878e+02
 2.83857880e+01
 8.24425507e+01
 8.82399445e+01
 4.03068199e+01
