 1.68333694e+02
 3.50675492e+01
 7.23075628e+01
 1.06743924e+02
 1.21081907e+02
 7.21743077e+01
 2.35892405e+02
 1.35631536e+01
 8.12631191e+01
 9.20471207e+01
 2.33539224e+02
 3.94230684e+01
 7.69797880e+01
 1.32022086e+02
 9.52772832e+01
 7.64172549e+01
 4.34761329e+01
 2.54640102e+01
 3.08814305e+01
 1.27600781e+01
 1.21906588e+02
 1.12488054e+02
 1.94335397e+02
 1.18790926e+02
 1.92085830e+02
 2.49363368e+02
 1.38555005e+02
 3.78816476e+01
 1.25643757e+02
 1.32580883e+01
 6.18635259e+01
 4.46383392e+01
 6.65817196e+01
 3.81095774e+01
 1.35455295e+02
 5.80323315e+01
 1.33839706e+02
 1.45190606e+02
 4.04155080e+01
 9.01759121e+01
 1.27564731e+02
 7.88920642e+01
 2.24329596e+01
 4.38309057e+01
 1.55806808e+02
 5.26772153e+01
 9.27362860e+01
 5.41334993e+01
 2.68124926e+02
 4.61571658e+01
 1.30771401e+02
 3.69949831e+01
 6.41939699e+01
 1.08251619e+02
 3.22800935e+01
 2.39471786e+01
 1.61550930e+02
 6.19862853e+01
 1.62275353e+02
 1.28380934e+02
 2.28930188e+02
 2.72390986e+01
 8.63682712e+01
 1.13166669e+02
 9.43177952e+01
 1.47799685e+02
 3.03692465e+01
 9.67664530e+01
 1.03300671e+02
 1.52521620e+02
 7.12040212e+01
 1.32555101e+02
 2.02113069e+02
 6.00775200e+01
 1.06489047e+02
 3.90752445e+01
 1.28532170e+02
 3.40853801e+01
 1.14717326e+02
 1.18020335e+02
 1.18701284e+02
 6.90491282e+01
 7.30104811e+01
 1.80667796e+02
 9.12411878e+01
 2.95835658e+01
 1.37372477e+02
 1.07618315e+02
 6.62017962e+01
 6.97798507e+00
 3.77513918e+01
 3.12964259e+01
 1.05199207e+02
 2.27870142e+02
 1.60066083e+02
 7.11864225e+01
 9.46137876e+01
 1.36016252e+02
 9.62673380e+01
 1.17384000e+02
 8.03683435e+01
 5.01946489e+01
 3.37432737e+01
 2.74291349e+01
 1.19711104e+02
 5.93960282e+01
 8.13048229e+00
 3.23915839e+01
 2.10175555e+02
 5.35479229e+01
 5.09081502e+01
 1.13275082e+02
 2.24327433e+02
 1.03096133e+02
 5.01217150e+01
 2.84976797e+01
 4.14972996e+01
 1.49956172e+02
 2.52095174e+02
 1.30704258e+01
 1.30237278e+01
 1.71005584e+00
 4.20348596e+01
 7.60981181e+01
 8.14566759e+01
 1.14183771e+01
 1.04719119e+01
 2.06053406e+01
 1.98670015e+02
 1.41281541e+02
 8.60111744e+00
 8.10085900e+01
 2.24179076e+01
 6.73420379e+00
 8.21502657e+01
 1.48808421e+02
 4.14056432e+01
 1.81812928e+02
 6.78106511e+01
 7.42746155e+01
 2.31478414e+02
 7.15773844e+01
 1.85696507e+02
 1.47316288e+02
 1.99120893e+02
 7.81056038e+01
 8.59320145e+01
 9.69290910e+01
 2.10631027e+02
 1.14097726e+01
 1.43662127e+02
 9.48120285e+01
 7.84501393e+01
 1.93095056e+01
 9.46731060e+01
 2.37354496e+01
 1.50032652e+02
 1.26444982e+02
 1.54997347e+02
 1.19423962e+02
 8.61641936e+01
 7.10293230e+01
 4.30825499e+01
 4.63987516e+01
 1.08354742e+02
 1.04567986e+02
 1.25506099e+02
 1.54930786e+02
 1.21763527e+02
 1.31239589e+02
 1.64565022e+02
 5.86247810e+01
 2.28329858e+01
 2.70786406e+01
 1.07347490e+02
 4.12834637e+01
 6.90497019e+01
 1.09630598e+02
 1.51554172e+02
 1.44890402e+02
 3.03722817e+02
 7.61093702e+01
 9.05682503e+01
 9.79490293e+01
 1.15943740e+02
 7.49695739e+01
 1.56052102e+02
 5.44065835e+01
 1.78731133e+02
 2.04999309e+02
 9.28139674e+01
 4.46514886e+01
 7.63171157e+01
 1.29650376e+02
 2.65974609e+02
 1.55533622e+02
 1.17313206e+02
 8.32386006e+01
 4.23933205e+01
 3.34402377e+00
 1.14702361e+02
 2.25961729e+02
 1.04051073e+02
 1.98660627e+02
 1.24485522e+02
 3.92730425e+01
 7.05337183e+01
 2.00810454e+01
 1.13508013e+02
 2.27591384e+02
 1.07085161e+01
 3.75601641e+01
 1.33006492e+02
 1.41157383e+02
 7.82571853e+01
 1.42961575e+02
 1.70329491e+02
 9.20639608e+01
 6.31478776e+01
 6.81887803e+01
 8.75883224e+01
 1.14402508e+02
 7.60007585e+01
 3.85059155e+01
 8.76258072e+01
 1.36964985e+02
 1.25540725e+02
 1.31180652e+00
 6.59841112e+01
 1.01141759e+02
 6.87201526e+01
 1.49283326e+02
 7.37560662e+01
 3.02236027e+01
 3.03385164e+01
 4.45354527e+01
 8.68755000e+01
 1.94367204e+02
 8.21108439e+01
 3.59598498e+01
 1.38202532e+00
 1.11692308e+02
 1.26837393e+02
 6.77535458e+01
 7.53341594e+01
 9.57087540e+01
 7.64071645e+01
 3.45289781e+01
 1.04702114e+02
 1.39287185e+02
 9.26285618e+01
 8.62704710e+01
 8.81367711e+01
 1.33503285e+02
 1.83145238e+02
 1.00589932e+02
 4.94317158e+01
 3.28432814e+02
 9.17639904e+01
 4.61440883e+01
 1.48061848e+02
 3.42186646e+01
 1.15705732e+02
 3.28199768e+02
 6.79962979e+01
 4.08060356e+01
 1.45141904e+02
 9.00571930e+01
 1.13929702e+02
 8.18173463e+01
 9.89142756e+01
 9.47411996e+01
 8.70837820e+01
 9.70332329e+01
 9.35120343e+01
 9.03118671e+01
 2.58715338e+02
 1.64625261e+02
 9.71778821e+01
 5.34769467e+01
 3.22775284e+01
 1.12365736e+01
 1.90847368e+01
 1.05384676e+02
 9.83031595e+01
 8.22279738e+01
 9.47916083e+01
 1.86780671e+02
 6.69635256e+01
 3.71501669e+01
 6.35756668e+01
 6.54686966e+01
 3.37809341e+01
 4.38709336e+01
 9.04597378e+00
 1.32610486e+02
 1.00315888e+02
 1.21878466e+02
 2.28777803e+01
 2.42448513e+02
 6.59723442e+00
 8.17254456e+01
 9.55535538e+01
 7.01543796e+01
 1.29527019e+02
 1.01251469e+02
 1.93378605e+01
 1.44287212e+02
 1.34174193e+02
 1.22090972e+02
 1.61317698e+02
 2.24972229e+02
 4.96720214e+01
 1.07615844e+02
 9.37445579e+01
 1.40916245e+02
 1.23302059e+02
 1.03527199e+02
 5.73101674e+01
 7.95493196e+01
 7.44538669e+01
 5.70286449e+01
 1.47012923e+02
 1.08638799e+02
 1.66485186e+02
 8.97500639e+01
 6.85949231e+01
 3.26770892e+01
 6.78778357e+01
 9.68335405e+01
 2.72454709e+01
 7.29183144e+01
 9.77343164e+01
 1.00252356e+02
 2.67476177e+01
 3.47178819e+01
 3.92344107e+01
 3.76096362e+01
 6.76670056e+01
 6.72888248e+01
 4.11258112e+01
 6.70862856e+01
 1.39258022e+02
 7.78985998e+01
 6.86186305e+01
 1.31072908e+02
 1.83999172e+02
 2.06861984e+01
 1.50472563e+02
 1.47308945e+02
 9.27778886e+01
 7.45309259e+01
 9.59239388e+00
 3.59350372e+01
 5.04433827e+01
 6.19634844e+01
 1.25078691e+02
 1.47600413e+02
 1.47801514e+02
 8.10607202e+01
 1.45681904e+02
 1.14913852e+02
 1.84872764e+02
 5.80943119e+01
 1.27083360e+02
 2.63820329e+01
 6.87077339e+01
 1.54739361e+01
 9.67549161e+01
 1.50088153e+02
 1.73078893e+02
 2.68974190e+02
 1.37920946e+02
 5.64622063e+01
 4.79589890e+01
 3.53993771e+01
 8.37641192e+01
 5.45233751e+00
 1.17821314e+01
 1.56892107e+01
 7.16657672e+01
 2.57503013e+02
 3.10700978e+02
 3.80582194e+01
 1.87248226e+02
 1.02178816e+02
 1.44783141e+02
 7.68805756e+01
 7.96919030e+01
 1.91423675e+02
 1.90001967e+02
 1.22693627e+02
 1.26766616e+02
 9.56754702e+01
 1.66269938e+02
 7.85008546e+01
 1.97965844e+02
 7.87545718e+01
 1.98209131e+02
 3.91402100e+01
 1.06233161e+02
 1.41655816e+01
 2.87789538e+01
 3.84227362e+01
 1.74262916e+02
 1.09986077e+02
 1.71328016e+02
 1.73086799e+02
 6.49285186e+01
 1.88307604e+02
 1.04767990e+02
 4.02875285e+01
 1.06744261e+02
 4.59638613e+01
 1.26340692e+01
 9.19177209e+01
 9.80034666e+01
 7.36616569e+01
 1.61534787e+02
 1.05710309e+02
 2.29708341e+02
 1.87919268e+02
 5.37552825e+01
 7.66722276e+01
 4.87467201e+01
 5.62768806e+01
 2.46569532e+01
 1.29959407e+02
 1.92042712e+02
 8.54437640e+01
 1.75570317e+02
 2.25946821e+02
 1.23424180e+02
 1.75134498e+02
 1.24197656e+02
 9.80952642e+01
 1.31050039e+02
 5.16869933e+01
 1.34352599e+02
 6.12334424e+01
 2.15133301e+02
 9.04245658e+01
 3.46778370e+02
 1.52438690e+02
 1.88637912e+01
 1.20834873e+02
 7.93665228e+01
 5.92359585e+01
 1.31842399e+02
 1.41488535e+01
 3.59566123e+01
 1.10611523e+02
 1.36508255e+02
 8.32086452e+01
 9.10614874e+01
 1.61261360e+02
 3.01263265e+02
 9.59788384e+01
 2.14633924e+02
 1.17702270e+02
 5.95813974e+01
 1.16404157e+02
 1.05374922e+02
 9.89491785e+01
 1.29797567e+02
 7.46688855e+01
 1.24839546e+02
 1.18296781e+02
 6.71747893e+01
 7.69186308e+01
 2.30288492e+01
 1.69894916e+01
 6.99617575e+01
 1.40644869e+02
 7.46527202e+01
 4.42936367e+01
 6.81605338e+01
 1.61020840e+02
 6.32796008e+01
 7.91393521e+01
 1.20457144e+02
 1.24996971e+02
 2.34995970e+01
 2.35328527e+01
 5.39682514e+01
 3.15144522e+01
 8.86137381e+01
 1.90061035e+02
 9.51946029e+01
 1.74790316e+02
 3.73865608e+01
 1.04649952e+02
 4.75761536e+01
 1.97310004e+02
 6.53959559e+01
 4.29414303e+01
 1.02904838e+02
 9.49610884e+00
 2.26950892e+01
 1.10566944e+02
 1.25580508e+02
 7.24730105e+01
 1.48369320e+02
 1.07981578e+02
 3.60712428e+01
 6.09540995e+01
 1.05534957e+02
 4.69216299e+01
 8.39823938e+01
 8.29498650e+01
 1.73535119e+02
 9.12764220e+01
 9.06194730e+01
 7.41401147e+01
 1.56793252e+02
 1.50774859e+02
 2.69936602e+01
 1.11464820e+02
 6.58142399e+01
 8.00828298e+01
 3.78651160e+01
 1.05101610e+02
 1.26402822e+02
 4.47622872e+01
 1.49943457e+02
 1.87080610e+02
 2.12860135e+02
 7.97760762e+01
 1.29482840e+02
 9.72423098e+01
 6.89707965e+01
 2.89931759e+01
 8.85984303e+01
 3.42243683e+01
 1.35133120e+01
 5.48764666e+01
 2.13219027e+02
 1.61947676e+02
 1.27372074e+02
 3.06460067e+01
 2.12329243e+02
 1.87236927e+02
 6.65601646e+01
 7.91055984e+01
 6.56683630e+01
 1.30386299e+00
 2.08593077e+02
 3.85889998e+01
 4.82643495e+01
 4.79661654e+01
 1.38050502e+02
 8.59080711e+00
 1.03791821e+02
 4.57470090e+00
 9.91478969e+01
 5.75856487e+01
 8.13190716e+01
 9.58451821e+01
 2.59797327e+01
 1.03993287e+02
 5.90408309e+01
 1.68845369e+02
 1.37541640e+02
 2.52547156e+02
 1.02576125e+02
 6.33264922e+01
 7.81515335e+01
 5.09179118e+01
 7.92843715e+01
 8.21025741e+01
 1.46698931e+02
 1.06295366e+02
 6.09275230e+01
 9.34250826e+01
 2.44218651e+02
 2.32724799e+02
 3.22749229e+02
 8.53777015e+01
 7.03870327e+01
 1.99406470e+02
 8.65523346e+01
 1.17627219e+02
 4.61176286e+01
 1.25148793e+02
 1.57362567e+02
 1.42326815e+02
 1.09920732e+02
 1.49710575e+02
 1.29024932e+02
 1.20207872e+02
 1.37244939e+02
 1.43668389e+02
 5.41318428e+01
 2.05464995e+01
 8.49681027e+01
 3.08027627e+01
 7.33571336e+01
 2.48693302e+01
 1.61629442e+02
 2.37342658e+02
 8.80880318e+01
 1.62994192e+01
 5.07877587e+01
 4.46530186e+01
 1.05705671e+02
 4.52698727e+01
 1.51109455e+01
 4.74679176e+01
 1.63199552e+02
 1.01354359e+02
 1.36777557e+02
 2.36423549e+02
 9.16200233e+01
 1.92236708e+01
 9.82409289e+01
 2.12658633e+01
 7.10582456e+01
 2.00989574e+02
 9.85052338e+01
 1.66847058e+02
 1.04989237e+02
 1.12297822e+02
 1.01975307e+02
 2.06355142e+02
 5.35692507e+01
 7.11784920e+01
 7.35941556e+01
 7.89094524e+01
 1.40180317e+02
 4.69960345e+01
 1.30622757e+02
 4.23055517e+01
 1.09402922e+02
 1.22770068e+02
 2.15568045e+02
 5.85790116e+01
 3.29645966e+02
 7.96763620e+01
 1.12415607e+02
 8.43603224e+01
 4.89962581e+01
 7.69011888e+01
 4.52102221e+01
 1.50930470e+01
 3.14574146e+02
 1.80367838e+02
 1.97090192e+02
 1.55933751e+02
 1.97339268e+02
 1.22064073e+02
 4.30713931e+01
 1.42931048e+02
 4.61200548e+01
 7.33293327e+00
 2.13918001e+01
 1.34200954e+02
 1.97186016e+02
 8.55008539e+01
 1.20427172e+02
 8.68162986e+01
 1.20555304e+02
 2.34961819e+02
 6.58072486e+01
 9.94905587e+01
 1.28448343e+02
 3.16881155e+01
 1.02387560e+02
 1.90566006e+02
 9.14824078e+01
 4.01407892e+01
 1.01393291e+02
 9.29095405e+00
 4.29041818e+01
 4.27690631e+01
 7.93534464e+01
 2.42704345e+01
 5.76091414e+01
 1.22412225e+02
 1.61034655e+01
 2.88771705e+01
 8.56790766e+01
 3.96665871e+01
 1.65445335e+02
 1.95117411e+02
 3.31619470e+02
 1.18977942e+02
 4.44122305e+01
 4.40137502e+01
 2.49209147e+01
 6.52431491e+01
 1.78918419e+01
 2.69213527e+01
 8.70566152e+01
 2.09920965e+02
 9.36921121e+01
 3.24065434e+01
 1.96329326e+02
 1.17467928e+02
 4.16302708e+01
 8.08656598e+01
 3.87045072e+01
 9.31960093e+01
 4.29860603e+01
 8.13798545e+01
 8.78324389e+01
 1.54253571e+02
 1.15025176e+02
 2.46343058e+02
 6.42737145e+01
 8.01880432e+01
 1.29475161e+02
 7.56736051e+01
 1.46444516e+02
 6.01999413e+01
 8.22013826e+01
 1.84593795e+02
 6.17637058e+01
 9.58268524e+01
 1.34231601e+02
 9.84042961e+01
 4.35519750e+01
 2.09967089e+01
 1.02062881e+02
 5.62713595e+01
 9.64351777e+01
 9.65249838e+01
 3.83424824e+01
 6.74612424e+01
 6.35794256e+01
 1.59195650e+02
 2.36964296e+02
 4.23630996e+01
 4.97640921e+01
 5.67875352e+01
 1.18963248e+02
 9.65621083e+01
 8.28125141e+01
 3.00605948e+01
 2.41560186e+01
 1.65568825e+02
 1.30436415e+02
 1.27831530e+02
 9.36123845e+01
 1.49775148e+02
 1.39839415e+02
 9.30176985e+01
 7.35823752e+01
 4.89605588e+01
 4.03644765e+01
 6.35966394e+01
 9.49078993e+01
 1.25229171e+02
 1.10229298e+01
 1.21254804e+02
 1.05587831e+02
 3.80599017e+02
 1.95304729e+02
 4.62691233e+01
 2.72670124e+01
 1.82047462e+02
 5.76662508e+01
 6.79149530e+01
 1.10513040e+02
 3.69729490e+01
 8.96137641e+01
 2.19827554e+02
 2.06174161e+02
 2.88047198e+02
 2.02166485e+02
 7.82900815e+01
 2.77597670e+01
 7.59966316e+01
 1.05161140e+02
 7.97048804e+01
 4.44167273e+01
 2.10147502e+01
 7.37950084e+01
 1.41745324e+02
 2.08799750e+02
 2.76743364e+02
 7.08821478e+01
 4.28094728e+01
 5.46773195e+01
 3.56123926e+01
 1.88665271e+02
 1.04196336e+02
 3.67551837e+01
 1.42163593e+02
 1.13811421e+02
 1.36717988e+01
 3.63094176e+02
 1.13301947e+02
 6.93277909e+01
 3.00383398e+01
 1.06054846e+02
 6.09742468e+01
 6.34237243e+01
 4.97644215e+01
 1.87360880e+01
 6.13547108e+01
 1.23400819e+02
 2.26502733e+02
 7.90568613e+01
 2.07954048e+02
 8.03124180e+01
 5.10885632e+01
 1.48746641e+01
 1.30565573e+02
 2.15443906e+01
 8.37273672e+01
 6.99583568e+01
 5.98963125e+01
 1.00489158e+02
 5.00899254e+01
 2.90319657e+02
 7.40348653e+01
 1.91066904e+02
 9.67803102e+01
 1.08381188e+02
 1.02626433e+02
 6.30401922e+01
 6.16568397e+01
 9.70005614e+01
 1.07770826e+02
 1.04540254e+02
 3.23480747e+01
 7.70652739e+01
 8.85621438e+01
 6.52518135e+01
 6.70613982e+01
 5.40328246e+01
 4.41330965e+01
 7.84430047e+01
 8.11712461e+01
 3.09991814e+01
 1.18583078e+02
 5.28833178e+01
 6.76798676e+01
 1.22027872e+02
 2.21086902e+02
 1.82429427e+02
 1.75516180e+02
 1.17579761e+02
 2.10733595e+01
 4.76810717e+01
 4.74813546e+01
 9.54121299e+01
 5.89127423e+01
 9.96626214e+01
 2.01353469e+02
 2.14162726e+02
 1.55205848e+02
 5.79436858e+01
 3.43897662e+00
 3.66228144e+01
 8.12613463e+01
 1.61782253e+02
 1.79399829e+01
 9.86184977e+00
 7.68021896e+01
 1.47710952e+02
 1.25778934e+00
 2.56153258e+02
 1.56729288e+02
 1.07420891e+02
 4.32827157e+01
 1.11407702e+02
 1.31343254e+02
 7.39484510e+01
 1.13525476e+01
 5.74251510e+01
 7.52692305e+01
 7.54803022e+01
 1.20882594e+02
 6.08397094e+01
 9.12529975e+01
 9.52393500e+01
 1.51813595e+02
 1.17481581e+02
 9.86650314e+01
 8.91135644e+01
 2.45857070e+02
 6.18653493e+00
 6.78650955e+01
 6.48029687e+01
 1.97141407e+02
 2.53672904e+02
 1.51718737e+02
 2.28927869e+02
 2.03924746e+02
 2.25267550e+02
 6.10460724e+01
 2.31561029e+01
 9.13791343e+01
 3.59604174e+01
 7.61246578e+01
 1.93146169e+02
 7.94371812e+01
 5.54657947e+01
 1.42193956e+02
 1.54081473e+01
 4.13330174e+01
 1.03680330e+02
 6.92064284e+00
 1.16801940e+02
 1.03605739e+02
 6.86004090e+01
 4.30742237e+01
 4.60684219e+01
 2.52494324e+02
 6.95229661e+01
 2.60363178e+02
 6.47805114e+00
 2.62654794e+00
 1.20442235e+02
 1.96344741e+02
 1.48293169e+02
 7.82687932e+01
 9.81575790e+01
 5.17042076e+01
 3.97487330e+01
 1.28564471e+02
 1.08378590e+02
 1.30365896e+02
 7.20462541e+01
 5.90722392e+01
 8.35798902e+01
 7.54476049e+01
 6.11655610e+01
 5.19683408e+01
 3.62726285e+01
 7.86897998e+01
 6.98686839e+00
 8.58958607e+00
 2.46987816e+02
 1.99590084e+02
 5.61516639e+01
 1.17082744e+02
 1.29175983e+02
 7.13686038e+00
 5.01179587e+01
 2.76456873e+01
 1.80199409e+01
 2.99959065e+01
 2.93863637e+01
 9.80411387e+01
 1.62554018e+02
 1.82817821e+02
 2.72162922e+02
 9.42899269e+01
 9.04402828e+01
 4.35780159e+01
 6.23093463e+01
 3.25465547e+01
 8.89535161e+00
 9.08376513e+01
 1.59317169e+01
 3.90604975e+02
 1.90020054e+02
 1.99560989e+02
 1.70611637e+02
 1.02788092e+02
 5.35792188e+01
 7.33494390e+01
 7.14816500e+01
 3.12820398e+01
 1.43838181e+02
 1.01660727e+01
 1.07554637e+02
 1.90517267e+02
 2.17925945e+02
 2.32936574e+02
 1.90627003e+02
 1.80859213e+02
 2.33744777e+02
 2.10431568e+02
 1.07791366e+02
 7.35111833e+00
 7.43393739e+01
 4.73484274e+01
 1.58742312e+02
 7.98455214e+01
 2.57519914e+02
 1.75574803e+02
 2.16792621e+02
 1.01471533e+02
 7.91999401e+01
 2.81772456e+01
 1.09567467e+02
 3.57945049e+01
 8.82534745e+01
 1.49144753e+02
 2.59867801e+01
 3.66533714e+01
 1.37728423e+02
 6.36662954e+01
 1.57021275e+02
 1.64172362e+02
 3.43837103e+01
 1.58577387e+02
 5.53934472e+01
 4.55397679e+01
 1.89768346e+02
 3.90655332e+01
 1.74361362e+02
 2.70356703e+02
 7.79730985e+01
 1.71133056e+02
 1.70439481e+02
 1.71841341e+02
 1.09232118e+02
 7.15398249e+01
 1.75583650e+02
 1.28621417e+02
 1.23840440e+01
 3.59149374e+01
 5.76161536e+01
 1.06874937e+02
 3.11032850e+00
 1.10933979e+02
 1.07279721e+02
 8.18367518e+01
 1.26310995e+02
 4.72809558e+01
 5.40972468e+01
 1.14017515e+02
 7.27518461e+00
 6.53838880e+01
 3.87800330e+01
 8.80061046e+01
 1.81197003e+02
 1.91452609e+02
 1.68330264e+02
 1.35199115e+02
 4.69353468e+01
 6.85233534e+01
 5.32432811e+01
 1.87720202e+02
 8.31246961e+00
 1.03920724e+01
 1.09522037e+02
 2.40662991e+02
 1.88373995e+01
 5.59813102e+01
 2.52022863e+01
 5.28465802e+01
 1.18897291e+02
 2.00750953e+01
 2.31612258e+01
 6.04643861e+01
 1.05250960e+02
 5.97633025e+01
 8.90707865e+01
 7.46152644e+01
 2.09413525e+02
 3.37669613e+02
 1.44761256e+02
 1.33379438e+02
 9.94482350e+01
 1.25600254e+02
 3.70737235e+01
 2.49498449e+01
 6.45990021e+01
 4.45847425e+01
 9.69876302e+01
 5.97293448e+01
 2.18028672e+02
 1.01293186e+02
 2.58182265e+01
 6.19478202e+01
 1.64324599e+02
 5.99516258e+01
 3.95810935e+01
 6.65457644e+01
 6.12749078e+00
 5.94319932e+01
 1.36966017e+02
 1.13663419e+02
 1.06119229e+02
 1.08704424e+02
 1.98905181e+02
 1.20099567e+02
 1.01186957e+02
 6.73081933e+01
 6.08503974e+01
 4.13673073e+01
 5.65871508e+01
 6.12596439e+01
 2.51795839e+01
 1.73751415e+02
 1.78094180e+02
 1.98037111e+02
 1.31365929e+02
 9.23611441e+01
 1.52367003e+02
 1.41318836e+01
 8.77348229e+01
 7.39715690e+01
 1.46469236e+02
 1.16552095e+02
 3.47155678e+01
 1.76270775e+02
 2.37907015e+01
 5.08982017e+01
 1.57278340e+02
 3.44852796e+01
 1.76217631e+02
 1.31489732e+01
 4.55872501e+01
 5.47624943e+01
 6.91300275e+01
 3.09228448e+01
 5.52813886e+01
 1.19043392e+02
 1.80629169e+02
 1.25415369e+02
 1.65594647e+02
 6.96750747e+01
 1.62244312e+02
 4.75027268e+01
 2.93094517e+01
 2.34438157e+01
 1.18258029e+02
 1.36487774e+01
 5.01320832e+01
 8.16349855e+01
 2.68046392e+02
 1.62592883e+02
 2.22309750e+02
 3.23175541e+01
 7.17867968e+01
 2.43534719e+01
 1.01819201e+01
 3.10991731e+01
 4.99114196e+00
 4.21187600e+01
 6.95687282e+01
 3.01927258e+02
 2.66067582e+02
 7.28964490e+01
 7.51604099e+01
 2.56007770e+02
 2.25200550e+02
 1.50968667e+02
 8.37254174e+00
 2.48789623e+01
 1.13815035e+02
 1.44074082e+02
 6.21029136e+01
 8.39252941e+01
 2.28821311e+02
 8.01472530e+01
 1.71904252e+02
 2.29856884e+01
 8.76547665e+01
 1.22047326e+02
 8.79979489e+01
 3.71657657e+01
 4.43345955e+01
 6.27502752e+01
 6.78188555e+01
 9.63169542e+01
 2.90478820e+01
 2.81418965e+02
 1.17749053e+02
 2.90327267e+01
 5.37814791e+01
 5.25610409e+01
 1.31464518e+02
 6.82860954e+00
 3.35778821e+01
 3.47404489e+01
 7.05086984e+01
 1.00479875e+01
 4.35774568e+02
 1.55429881e+02
 1.14869361e+02
 1.19746374e+02
 1.27702082e+02
 7.75510478e+00
 3.84604794e+01
 6.72259527e+01
 2.58370080e+01
 8.87020281e+01
 3.83634409e+01
 1.16524899e+02
 2.20193510e+02
 1.15609474e+02
 1.35540768e+02
 1.02465086e+02
 1.21414205e+02
 4.98845740e+01
 6.90099526e+01
 3.01375548e+01
 1.89880316e+01
 5.04408152e+01
 1.97700016e+01
 2.40380396e+02
 1.16962797e+02
 8.14540596e+01
