 4.15020142e+00
 2.48958740e+00
 2.98232422e+00
 1.03968445e+01
 1.33779236e+01
 1.67737366e+01
 1.88752991e+01
 2.05449158e+01
 1.68089233e+01
 1.37645203e+01
 1.07947937e+01
 7.12413940e+00
 4.66512451e+00
 7.81976318e-01
 4.69835815e+00
 9.60726318e+00
 1.31490723e+01
 1.69333130e+01
 2.06514832e+01
 2.13454529e+01
 1.72112366e+01
 1.46121155e+01
 8.44130859e+00
 4.49517212e+00
 1.50435791e+00
 4.10936890e+00
 5.37954102e+00
 9.52742920e+00
 1.47157227e+01
 1.82355896e+01
 2.35413452e+01
 2.02608582e+01
 1.62974182e+01
 1.31776672e+01
 1.09169556e+01
 7.96184692e+00
 3.25536499e+00
 3.02901611e+00
 8.16994629e+00
 9.64830933e+00
 1.31899353e+01
 1.75031677e+01
 2.25973450e+01
 2.01907288e+01
 1.57278076e+01
 1.05386902e+01
 7.37169800e+00
 6.13280640e+00
 4.72176514e+00
 6.45220337e+00
 6.71450195e+00
 1.13182922e+01
 1.43085876e+01
 1.72895142e+01
 2.06194702e+01
 2.00940796e+01
 1.47699524e+01
 1.12478271e+01
 1.01868835e+01
 5.59728394e+00
 4.38533936e+00
 5.67214355e+00
 6.68834839e+00
 1.02319275e+01
 1.40114685e+01
 1.74395386e+01
 1.91838928e+01
 1.84261414e+01
 1.71389099e+01
 1.37712341e+01
 4.69393311e+00
 4.25185547e+00
 2.73708496e+00
 3.14727173e+00
 5.45098267e+00
 9.17257080e+00
 1.23200012e+01
 1.56268860e+01
 1.90752197e+01
 1.93439880e+01
 1.42143799e+01
 1.09371582e+01
 8.45116577e+00
 7.32189331e+00
 -6.21466064e-01
 1.24376831e+00
 5.70885620e+00
 8.24007568e+00
 1.31930481e+01
 1.81722046e+01
 2.05150085e+01
 2.05513245e+01
 1.82370544e+01
 1.06353699e+01
 7.99852905e+00
 5.04827271e+00
 6.15337524e+00
 6.22387085e+00
 7.70525513e+00
 6.74938354e+00
 1.22481934e+01
 1.95096680e+01
 2.36468750e+01
 2.12507568e+01
 1.82935120e+01
 1.19608704e+01
 7.09108887e+00
 4.33568726e+00
 4.47069702e+00
 4.87850342e+00
 7.81188354e+00
 7.65691528e+00
 1.24969116e+01
 1.78692566e+01
 2.18593994e+01
 2.17570740e+01
 1.49677063e+01
 8.58522949e+00
 8.75280151e+00
 5.59298096e+00
 3.66161499e+00
 5.28539429e+00
 8.06569824e+00
 1.16764160e+01
 1.57270447e+01
 1.72943054e+01
 2.14913574e+01
 2.01453491e+01
 1.51563354e+01
 1.25310303e+01
 1.01503540e+01
 5.50731812e+00
 5.63613281e+00
 3.35009155e+00
 6.96846924e+00
 1.16197144e+01
 1.36229187e+01
 1.52044006e+01
 2.01176392e+01
 1.89688354e+01
 1.52481628e+01
 1.46277405e+01
 8.53243408e+00
 3.33379517e+00
 5.18776855e+00
 4.07155762e+00
 6.68251953e+00
 9.63503418e+00
 1.28692566e+01
 1.66825195e+01
 1.85567871e+01
 2.07896057e+01
 1.59250122e+01
 1.33076721e+01
 8.48198853e+00
 5.07103882e+00
 3.49791870e+00
 4.64473877e+00
 4.73497925e+00
 1.08714539e+01
 1.63116699e+01
 1.72713562e+01
 2.16375061e+01
 2.27578369e+01
 1.77332397e+01
 1.34631287e+01
 9.22524414e+00
 6.27098999e+00
 6.62087402e+00
 6.87847290e+00
 5.99343262e+00
 1.09088074e+01
 1.23214966e+01
 1.85511108e+01
 2.39167114e+01
 2.06025940e+01
 1.61592346e+01
 1.38207947e+01
 7.26067505e+00
 5.63842163e+00
 4.84258423e+00
 1.60308228e+00
 6.71999512e+00
 1.00800720e+01
 1.33384644e+01
 1.74008423e+01
 1.89565063e+01
 2.03581787e+01
 1.64021240e+01
 1.21880127e+01
 8.91555176e+00
 6.58129272e+00
 3.16179810e+00
 2.89205322e+00
 4.31197510e+00
 1.05023743e+01
 1.48120972e+01
 1.85453430e+01
 2.17083679e+01
 2.13888489e+01
 1.72892395e+01
 1.16642700e+01
 8.15340576e+00
 6.42217407e+00
 4.21071777e+00
 6.87975464e+00
 8.09621582e+00
 1.07354065e+01
 1.38175903e+01
 1.84251648e+01
 2.04770752e+01
 1.86058899e+01
 1.57481018e+01
 1.24550720e+01
 5.92687378e+00
 3.52382813e+00
 2.87042236e-01
 3.36968384e+00
 7.69106445e+00
 1.01556641e+01
 1.27358643e+01
 1.88838440e+01
 2.25594116e+01
 2.17375122e+01
 1.76539551e+01
 1.23122803e+01
 9.86364136e+00
 5.37548218e+00
 5.80327759e+00
 2.65163574e+00
 4.66906128e+00
 9.55272827e+00
 1.79120117e+01
 1.78783813e+01
 2.16183716e+01
 1.91655212e+01
 1.87013794e+01
 1.47953430e+01
 9.26409302e+00
 8.86913452e+00
 5.29784546e+00
 3.02150879e+00
 4.24154053e+00
 1.16281677e+01
 1.46621338e+01
 2.01484314e+01
 2.23753601e+01
 2.40570007e+01
 1.75175415e+01
 1.34967590e+01
 6.98214111e+00
 8.14833984e+00
 6.63292847e+00
 5.94991455e+00
 3.30910645e+00
 1.07363220e+01
 1.26563049e+01
 1.54211365e+01
 1.98319641e+01
 2.10163818e+01
 1.53327271e+01
 1.31944824e+01
 4.65001831e+00
 4.42498169e+00
 4.99111328e+00
 3.99892578e+00
 4.62435303e+00
 1.11953674e+01
 1.30653625e+01
 1.69813477e+01
 1.98293396e+01
 1.99000793e+01
 1.57629639e+01
 1.43112122e+01
 8.59612427e+00
 5.02590332e+00
 6.49776611e+00
 6.03551636e+00
 6.71837769e+00
 1.08487793e+01
 1.39569641e+01
 1.53615356e+01
 1.98625427e+01
 1.90321594e+01
 1.45518738e+01
 1.17752930e+01
 6.54033813e+00
 5.84621582e+00
 7.82332764e+00
 7.34359131e+00
 7.50438843e+00
 1.30787903e+01
 1.38925720e+01
 1.85162903e+01
 1.98623596e+01
 2.03428894e+01
 1.75190063e+01
 1.38564392e+01
 1.05165344e+01
 7.69783936e+00
 5.94979248e+00
 5.75570068e+00
 4.72783813e+00
 1.16751343e+01
 1.34089294e+01
 1.96521240e+01
 2.32219482e+01
 2.38460938e+01
 1.77803894e+01
 1.39825684e+01
 8.23552856e+00
 6.66991577e+00
 5.34368286e+00
 5.06386719e+00
 7.63253174e+00
 1.01922852e+01
 1.42159058e+01
 1.85530334e+01
 2.30895935e+01
 2.02691895e+01
 1.64312073e+01
 1.15959717e+01
 9.43358765e+00
 9.12917480e+00
 2.24462280e+00
 1.32708130e+00
 5.76885376e+00
 1.28500000e+01
 1.42473999e+01
 1.83165833e+01
 2.16348511e+01
 2.19462830e+01
 1.68253113e+01
 1.36348511e+01
 1.11289307e+01
 8.09502563e+00
 8.88915405e+00
 4.26900635e+00
 5.90767822e+00
 7.12471924e+00
 1.45729309e+01
 1.72721802e+01
 2.15489136e+01
 2.40757690e+01
 1.83568359e+01
 1.08170105e+01
 8.48699341e+00
 3.75762329e+00
 6.53466187e+00
 4.66674194e+00
 6.36870728e+00
 8.34761963e+00
 1.44653564e+01
 1.75540710e+01
 2.17280823e+01
 2.30031372e+01
 1.89652649e+01
 1.34724976e+01
 9.54866943e+00
 7.72280273e+00
 5.20855103e+00
 4.05989990e+00
 8.44762573e+00
 1.08697144e+01
 1.45537354e+01
 1.62645203e+01
 1.88099915e+01
 2.00986267e+01
 1.52665955e+01
 1.31656433e+01
 9.69811401e+00
 5.55385742e+00
 6.50673828e+00
 3.55712280e+00
 7.10958252e+00
 1.05193420e+01
 1.54210754e+01
 1.87279602e+01
 2.03210083e+01
 1.85046021e+01
 1.58432556e+01
 1.37574097e+01
 7.35201416e+00
 6.36000977e+00
 6.01952515e+00
 6.14421997e+00
 9.12871704e+00
 1.03173157e+01
 1.37624146e+01
 1.99708191e+01
 2.17207886e+01
 2.14755188e+01
 1.75070435e+01
 1.30898682e+01
 1.08605896e+01
 7.88680420e+00
 5.39013062e+00
 6.92800293e+00
 5.39235840e+00
 1.09941650e+01
 1.55487305e+01
 1.69569336e+01
 2.23961731e+01
 2.08040100e+01
 1.71730896e+01
 1.14583984e+01
 7.41265259e+00
 6.46300659e+00
 8.40169678e+00
 5.46239624e+00
 9.42641602e+00
 1.10219055e+01
 1.39677368e+01
 1.84267517e+01
 2.30212952e+01
 2.39670959e+01
 1.63988586e+01
 1.23157898e+01
 8.59377441e+00
 7.43029175e+00
 4.42788086e+00
 4.18682251e+00
 7.11766968e+00
 9.23650513e+00
 1.37994324e+01
 1.69269043e+01
 2.36880432e+01
 2.24824158e+01
 1.60634399e+01
 1.47795959e+01
 1.04107605e+01
 7.20845947e+00
 6.46450195e+00
 7.48278198e+00
 5.23470459e+00
 1.00380493e+01
 1.33395935e+01
 1.70516296e+01
 1.98233276e+01
 2.11628662e+01
 1.57563721e+01
 1.44347168e+01
 1.00822693e+01
 3.79772339e+00
 2.38454590e+00
 1.70668945e+00
 2.94417725e+00
 1.11102234e+01
 1.50070740e+01
 1.89531799e+01
 2.00513550e+01
 2.28154236e+01
 1.52553345e+01
 1.31890808e+01
 8.60524902e+00
 4.54943237e+00
 6.01510010e+00
 3.68245850e+00
 9.10195313e+00
 1.07115417e+01
 1.34009644e+01
 1.78227173e+01
 2.04890381e+01
 2.08707520e+01
 1.71361633e+01
 1.33358398e+01
 7.45919189e+00
 6.11098633e+00
 3.00682983e+00
 5.36077271e+00
 5.77974854e+00
 1.09393250e+01
 1.35673157e+01
 1.73906494e+01
 2.25766235e+01
 1.84218994e+01
 1.77762695e+01
 1.35224548e+01
 8.54888306e+00
 6.09554443e+00
 3.23778687e+00
 3.60616455e+00
 7.51611328e-01
 8.17302856e+00
 1.25514465e+01
 1.83744751e+01
 2.22785889e+01
 2.08190247e+01
 1.66586548e+01
 1.35181824e+01
 1.06692749e+01
 7.67455444e+00
 7.34737549e+00
 5.74147949e+00
 6.10323486e+00
 8.35888062e+00
 1.52358948e+01
 1.74428040e+01
 2.40856873e+01
 2.35662476e+01
 1.95187622e+01
 1.38784424e+01
 9.06115112e+00
 4.35906372e+00
 7.45214233e+00
 4.32924805e+00
 6.01622925e+00
 1.18573547e+01
 1.37350708e+01
 1.79431702e+01
 2.30467163e+01
 1.95606018e+01
 1.85461365e+01
 9.70284424e+00
 1.20270935e+01
 9.40108643e+00
 5.56520996e+00
 4.82387695e+00
 7.23406372e+00
 1.13038574e+01
 1.47753845e+01
 1.77883850e+01
 2.14228760e+01
 2.26083618e+01
 1.72972961e+01
 1.21846252e+01
 1.03244873e+01
 4.60491333e+00
 5.97374878e+00
 6.25332031e+00
 4.12224731e+00
 9.28063354e+00
 1.38593689e+01
 1.65554749e+01
 2.21259399e+01
 2.12714783e+01
 1.56032959e+01
 1.45209900e+01
 9.56813965e+00
 3.78655396e+00
 6.46267090e+00
 5.83480225e+00
 1.04541260e+01
 1.17235962e+01
 1.49590088e+01
 1.79672485e+01
 2.33522583e+01
 2.16500488e+01
 1.87565857e+01
 1.41254822e+01
 7.26488647e+00
 5.54290161e+00
 5.48339233e+00
 2.52321777e+00
 4.55455933e+00
 1.09710632e+01
 1.31485535e+01
 1.75678955e+01
 1.98530518e+01
 1.97150208e+01
 1.73851868e+01
 1.30568176e+01
 6.93227539e+00
 4.26989136e+00
 2.63002930e+00
 4.46865234e+00
 4.15416870e+00
 1.13008362e+01
 1.44587952e+01
 1.86737915e+01
 2.31422363e+01
 2.31640259e+01
 1.75252319e+01
 1.18371826e+01
 1.02835327e+01
 5.83968506e+00
 1.39568481e+00
 1.61367188e+00
 3.10927734e+00
 1.05344177e+01
 1.46960388e+01
 2.05043579e+01
 2.37927490e+01
 2.22519470e+01
 1.81148010e+01
 1.18428284e+01
 7.83239136e+00
 7.82702026e+00
 7.47597656e+00
 5.59914551e+00
 5.79125366e+00
 1.03125244e+01
 1.32206055e+01
 1.76244446e+01
 2.11362854e+01
 2.13353210e+01
 1.88131653e+01
 1.26360718e+01
 9.37410889e+00
 6.03356323e+00
 6.08663330e+00
 2.08052979e+00
 9.31090698e+00
 1.32871643e+01
 1.69993225e+01
 2.22680603e+01
 2.37373596e+01
 2.40322510e+01
 1.66656128e+01
 1.26086060e+01
 9.73394165e+00
 6.71505127e+00
 5.20000610e+00
 5.42543945e+00
 5.58806763e+00
 1.07964722e+01
 1.63132874e+01
 1.76986633e+01
 2.27190491e+01
 2.34702087e+01
 1.88770996e+01
 1.32495667e+01
 1.10295044e+01
 5.24062500e+00
 4.60958252e+00
 6.00194702e+00
 7.06777344e+00
 1.27661072e+01
 1.46368042e+01
 1.90888306e+01
 2.23391968e+01
 1.98008362e+01
 1.66136719e+01
 1.48808228e+01
 8.84191284e+00
 5.25960693e+00
 8.23653564e+00
 8.09581909e+00
 9.00942383e+00
 9.82381592e+00
 1.39559265e+01
 1.75669800e+01
 2.12012573e+01
 2.10467468e+01
 1.71222778e+01
 1.28106934e+01
 6.73723755e+00
 9.21230469e+00
 3.95339355e+00
 3.76207886e+00
 7.48763428e+00
 1.11025024e+01
 1.51214539e+01
 2.02315002e+01
 2.25521484e+01
 2.11895386e+01
 1.76043945e+01
 1.56582275e+01
 7.43605957e+00
 8.89235840e+00
 6.24788818e+00
 7.15789185e+00
 8.15615234e+00
 1.06593872e+01
 1.48466736e+01
 2.14459167e+01
 2.24457947e+01
 2.31321655e+01
 1.70787292e+01
 1.39304443e+01
 7.87816772e+00
 8.54070435e+00
 5.30269775e+00
 6.55104980e+00
 8.72600708e+00
 9.55761108e+00
 1.59293152e+01
 1.78982788e+01
 2.17233521e+01
 2.07479187e+01
 1.71623169e+01
 1.11819397e+01
 8.04573975e+00
 8.61312256e+00
 5.19515381e+00
 5.24923096e+00
 8.44783936e+00
 1.18551880e+01
 1.68347107e+01
 1.72954346e+01
 2.18756653e+01
 2.10137573e+01
 1.64538818e+01
 1.17992188e+01
 5.65548096e+00
 7.92199097e+00
 2.70760498e+00
 5.43386230e+00
 4.78179321e+00
 1.07786499e+01
 1.38595520e+01
 1.81590210e+01
 2.20867859e+01
 2.21238953e+01
 1.74058167e+01
 1.36785217e+01
 9.53597412e+00
 6.25655518e+00
 6.07155762e+00
 7.94518433e+00
 8.80446777e+00
 1.15966431e+01
 1.61703735e+01
 1.88206116e+01
 2.18816772e+01
 2.11244446e+01
 1.62440735e+01
 1.24359680e+01
 1.03873535e+01
 7.28939209e+00
 4.48754883e-01
 4.02205811e+00
 5.04866943e+00
 1.11439453e+01
 1.39988953e+01
 1.85872742e+01
 2.35428101e+01
 2.00307861e+01
 1.68274170e+01
 1.54810730e+01
 1.01158081e+01
 1.27715454e+00
 1.88390503e+00
 6.17714844e+00
 6.01174316e+00
 1.26251160e+01
 1.37751709e+01
 2.05459839e+01
 2.61382996e+01
 2.24771057e+01
 1.84138733e+01
 1.44876648e+01
 1.20538879e+01
 3.90599976e+00
 6.43010864e+00
 5.86791382e+00
 9.41234741e+00
 1.47840820e+01
 1.39763428e+01
 1.93584534e+01
 2.07614075e+01
 2.06543518e+01
 1.84710327e+01
 1.42145630e+01
 1.11551758e+01
 6.52984009e+00
 4.29149780e+00
 6.62899170e+00
 6.29458008e+00
 1.06853577e+01
 1.28705383e+01
 2.04666077e+01
 2.45067383e+01
 2.38242126e+01
 1.74806152e+01
 1.12227417e+01
 9.54531250e+00
 7.23381958e+00
 2.97200928e+00
 6.36205444e+00
 7.93010864e+00
 1.24154297e+01
 1.42482239e+01
 2.06927429e+01
 2.49132935e+01
 2.12472778e+01
 1.86000610e+01
 1.34206482e+01
 7.88720093e+00
 4.69732056e+00
 5.67168579e+00
 2.13717041e+00
 5.18770752e+00
 1.04301392e+01
 1.49599243e+01
 1.81129089e+01
 2.32665039e+01
 2.14090820e+01
 1.78485046e+01
 1.22347046e+01
 8.98882446e+00
 5.27083740e+00
 3.86672363e+00
 6.64681396e+00
 4.90612183e+00
 1.13516174e+01
 1.34219910e+01
 1.88303162e+01
 2.34074341e+01
 2.00244995e+01
 1.66822449e+01
 1.11552063e+01
 9.10103760e+00
 4.65789185e+00
 3.59282837e+00
 4.08086548e+00
 6.11806641e+00
 9.93581543e+00
 1.65233093e+01
 1.83597961e+01
 2.16916138e+01
 2.26884094e+01
 1.87574402e+01
 1.28960815e+01
 1.12459961e+01
 5.95717773e+00
 5.82311401e+00
 8.72661743e+00
 8.85662231e+00
 1.17221008e+01
 1.62653137e+01
 1.90094238e+01
 2.29558044e+01
 2.13983398e+01
 1.82005554e+01
 1.48241821e+01
 9.07378540e+00
 6.96252441e-01
 7.56353149e+00
 4.48937378e+00
 9.11431274e+00
 1.18890320e+01
 1.73391968e+01
 1.83503052e+01
 2.27307678e+01
 2.29325806e+01
 1.95097595e+01
 1.51892029e+01
 1.32948547e+01
 5.53466187e+00
 6.83065186e+00
 7.06490479e+00
 1.04987427e+01
 1.26864868e+01
 1.67057434e+01
 2.03114563e+01
 2.35281311e+01
 2.02563110e+01
 1.78532654e+01
 1.33994385e+01
 9.85869751e+00
 5.13448486e+00
 4.02691040e+00
 3.58544922e-01
 5.78441772e+00
 9.84353027e+00
 1.40244080e+01
 2.06856628e+01
 2.39647156e+01
 2.44869934e+01
 1.89735962e+01
 1.37679688e+01
 9.01976929e+00
 4.88784180e+00
 3.82543335e+00
 6.69497070e+00
 8.27913818e+00
 1.08950439e+01
 1.44444214e+01
 1.88252808e+01
 2.29362122e+01
 2.26096130e+01
 1.94311157e+01
 1.29094177e+01
 1.00343872e+01
 5.95720825e+00
 9.19701538e+00
 6.12365112e+00
 6.83544312e+00
 1.08497253e+01
 1.47625671e+01
 1.90372559e+01
 2.26295715e+01
 2.29713074e+01
 1.74778076e+01
 1.39064880e+01
 8.78801880e+00
 9.17971191e+00
 7.52175293e+00
 5.02947388e+00
 7.49666748e+00
 1.02373291e+01
 1.50811401e+01
 2.02493225e+01
 2.47672363e+01
 2.13669067e+01
 1.66931702e+01
 1.30003601e+01
 1.12665344e+01
 5.28884277e+00
 7.09087524e+00
 7.02123413e+00
 8.21099243e+00
 1.40796143e+01
 1.76565796e+01
 2.06110168e+01
 2.25336548e+01
 2.07472168e+01
 1.78745667e+01
 1.51840149e+01
 9.14415894e+00
 8.10796509e+00
 6.13985596e+00
 5.77181396e+00
 8.81682739e+00
 1.31476685e+01
 1.55214783e+01
 1.76630798e+01
 2.29755798e+01
 2.19254395e+01
 1.92852112e+01
 1.59978271e+01
 1.06886841e+01
 6.97637329e+00
 3.80425415e+00
 3.34398804e+00
 7.77739868e+00
 1.33399292e+01
 1.54683167e+01
 2.04457642e+01
 2.36400391e+01
 2.18921753e+01
 1.74161316e+01
 1.21203857e+01
 1.05414978e+01
 7.05944214e+00
 7.09993896e+00
 1.06807861e+00
 4.81011353e+00
 1.25234009e+01
 1.60954834e+01
 1.83164307e+01
 1.88268372e+01
 1.89178711e+01
 1.55292908e+01
 1.54150024e+01
 1.04095093e+01
 6.14421997e+00
 2.21682129e+00
 1.93325195e+00
 5.50475464e+00
 1.25406128e+01
 1.51077515e+01
 1.78976990e+01
 2.18984314e+01
 1.99453979e+01
 1.83045593e+01
 1.45296875e+01
 5.95574341e+00
 3.67257080e+00
 2.82714233e+00
 7.53606567e+00
 6.64379272e+00
 1.11754395e+01
 1.43046204e+01
 1.93083740e+01
 2.25767456e+01
 2.28861938e+01
 1.72640625e+01
 1.30418030e+01
 8.80428467e+00
 6.35131226e+00
 3.95186768e+00
 5.29970703e+00
 7.36095581e+00
 1.07339111e+01
 1.44507996e+01
 1.83366333e+01
 2.29828735e+01
 2.10122925e+01
 1.72177063e+01
 1.52662292e+01
 9.89983521e+00
 7.70598755e+00
 6.16817627e+00
 5.45455322e+00
 6.70089111e+00
 1.13250977e+01
 1.52574097e+01
 1.78060547e+01
 1.88745667e+01
 2.10027100e+01
 1.82512451e+01
 1.23394104e+01
 6.25240479e+00
 5.19518433e+00
 1.94057617e+00
 3.12468872e+00
 6.56066895e-02
 6.15203247e+00
 1.69289490e+01
 2.22315918e+01
 2.48731934e+01
 2.33131958e+01
 1.70301147e+01
 1.32118469e+01
 8.49038086e+00
 7.73876343e+00
 7.48699341e+00
 7.20671997e+00
 7.57647095e+00
 1.19094788e+01
 1.69532104e+01
 1.97011963e+01
 2.22286011e+01
 2.47120911e+01
 2.15570618e+01
 1.63173157e+01
 1.06794983e+01
 9.10726318e+00
 7.17202148e+00
 8.84472046e+00
 8.51717529e+00
 1.15428101e+01
 1.50003296e+01
 1.94671875e+01
 2.25145203e+01
 2.18835083e+01
 1.85181824e+01
 1.35061890e+01
 7.50509033e+00
 5.86049805e+00
 -6.47436523e-01
 4.96828613e+00
 7.53075562e+00
 1.15129028e+01
 1.65186707e+01
 1.71008850e+01
 2.23488403e+01
 2.00759827e+01
 2.02329651e+01
 1.55517517e+01
 1.14129272e+01
 5.01827393e+00
 2.90047607e+00
 6.03914795e+00
 7.00576172e+00
 1.19792725e+01
 1.55711304e+01
 1.88979126e+01
 2.26132446e+01
 2.03562561e+01
 1.72159973e+01
 1.45250793e+01
 9.42788086e+00
 6.05571899e+00
 5.69625244e+00
 6.21895752e+00
 6.51415405e+00
 1.18191162e+01
 1.59589783e+01
 1.99934937e+01
 2.04808594e+01
 2.15907837e+01
 1.73721252e+01
 1.30286194e+01
 1.15116211e+01
 1.00042358e+01
 4.19649658e+00
 5.06932983e+00
 6.04915771e+00
 1.30894714e+01
 1.84434143e+01
 1.85774780e+01
 2.17447449e+01
 2.16282898e+01
 1.80837341e+01
 1.46886536e+01
 9.99788818e+00
 6.51424561e+00
 5.20153198e+00
 4.43938599e+00
 8.38671265e+00
 1.03507629e+01
 1.42628113e+01
 1.90000244e+01
 2.34463745e+01
 2.48568970e+01
 1.77980286e+01
 1.35674072e+01
 1.11033264e+01
 6.01647339e+00
 4.69518433e+00
 6.96270142e+00
 8.11000977e+00
 1.29682861e+01
 1.62755371e+01
 1.92833191e+01
 2.41755005e+01
 2.30304504e+01
 2.00076538e+01
 1.46507813e+01
 1.05269409e+01
 4.54152832e+00
 2.04940186e+00
 2.55019531e+00
 1.00604187e+01
 1.16365906e+01
 1.61915527e+01
 2.06969238e+01
 2.24938904e+01
 2.28484741e+01
 1.57606445e+01
 1.54216553e+01
 7.35106812e+00
 8.74465332e+00
 5.32793579e+00
 5.65969238e+00
 6.56490479e+00
 1.07894836e+01
 1.56783997e+01
 2.10552002e+01
 2.39499146e+01
 2.56053711e+01
 1.95930115e+01
 1.63522583e+01
 1.10384766e+01
 8.25106201e+00
 7.00725708e+00
 6.57970581e+00
 7.97841797e+00
 9.70964966e+00
 1.44868713e+01
 1.84872375e+01
 2.36162048e+01
 1.97212769e+01
 1.78287903e+01
 1.48326355e+01
 7.93755493e+00
 7.00817261e+00
 7.35390625e+00
 6.78777466e+00
 8.47292480e+00
 1.13061462e+01
 1.77350403e+01
 2.23220154e+01
 2.32520386e+01
 2.31910950e+01
 1.99669128e+01
 1.67058655e+01
 1.08695923e+01
 4.41869507e+00
 9.34008179e+00
 8.46407471e+00
 5.38393555e+00
 9.43868408e+00
 1.37794434e+01
 1.84152466e+01
 2.12711121e+01
 2.17319580e+01
 1.73290039e+01
 1.59193665e+01
 1.07470337e+01
 8.39458618e+00
 7.77855835e+00
 6.76567993e+00
 9.08577881e+00
 1.23496948e+01
 1.40230347e+01
 1.80649353e+01
 2.27481628e+01
 2.36699463e+01
 1.98753296e+01
 1.50099426e+01
 8.57821045e+00
 7.41213379e+00
 8.32167969e+00
 4.95714722e+00
 1.09238220e+01
 1.22088562e+01
 1.61162048e+01
 2.28238159e+01
 2.42454773e+01
 2.51523376e+01
 1.78605286e+01
 1.43189026e+01
 1.05244080e+01
 6.65926514e+00
 3.23250732e+00
 7.79073486e+00
 6.96480713e+00
 1.11932922e+01
 1.82468811e+01
 1.93778320e+01
 2.37208801e+01
 2.51440979e+01
 1.95829407e+01
 1.49903809e+01
 9.35939941e+00
 5.46685181e+00
