 8.92022705e-01
 2.66973267e+00
 5.03075562e+00
 8.21898804e+00
 1.52531677e+01
 1.96003357e+01
 2.06972900e+01
 1.96993042e+01
 1.76575256e+01
 1.07008606e+01
 6.25896606e+00
 2.71364746e+00
 2.32177124e+00
 6.35323486e+00
 5.42012939e+00
 1.31887146e+01
 1.60210815e+01
 2.33745056e+01
 2.35228210e+01
 2.40942017e+01
 1.93925110e+01
 1.63521057e+01
 2.57235107e+00
 -1.67416992e+00
 5.57402954e+00
 4.50991211e+00
 5.98796997e+00
 9.25219116e+00
 1.35624329e+01
 1.78174988e+01
 2.41229797e+01
 2.43150879e+01
 1.58970886e+01
 1.44422241e+01
 4.32479248e+00
 6.10021362e+00
 2.86016235e+00
 3.87453613e+00
 3.99984131e+00
 9.08495483e+00
 1.35918518e+01
 2.02530151e+01
 2.13101440e+01
 2.16682068e+01
 1.86380554e+01
 1.02867676e+01
 7.08733521e+00
 -4.94006958e+00
 -3.00961914e+00
 3.24230347e+00
 7.54491577e+00
 9.32750854e+00
 1.37911316e+01
 2.13729187e+01
 2.24844299e+01
 2.33677917e+01
 1.95594421e+01
 1.28870789e+01
 -9.67443848e-01
 7.91925049e-01
 -9.88562012e-01
 -3.24295654e+00
 4.90624390e+00
 8.82189331e+00
 1.37691895e+01
 1.75566650e+01
 2.32336060e+01
 2.48468872e+01
 1.77363525e+01
 1.61451050e+01
 8.82043457e-01
 2.35439453e+00
 1.67229614e+00
 8.13546143e+00
 5.67510376e+00
 1.02517334e+01
 1.63099915e+01
 2.05131775e+01
 1.95389648e+01
 1.95024353e+01
 1.90845276e+01
 1.23015991e+01
 2.60347900e+00
 -2.20495605e-01
 -7.41156006e-01
 3.26705322e+00
 7.76650391e+00
 1.06147095e+01
 1.29242493e+01
 1.58449951e+01
 2.13897949e+01
 2.31702209e+01
 1.38028809e+01
 9.74862061e+00
 7.63421631e-01
 -2.19928589e+00
 -2.50524902e-01
 -2.46219482e+00
 5.39514160e-01
 9.52016602e+00
 1.50300232e+01
 1.90490662e+01
 2.10269714e+01
 2.02620178e+01
 1.65942932e+01
 1.38469177e+01
 8.04265747e+00
 3.89434204e+00
 4.09173584e-01
 2.55935059e+00
 4.57552490e+00
 7.59142456e+00
 1.58567139e+01
 1.72747437e+01
 1.82357117e+01
 1.75399109e+01
 1.37569519e+01
 1.15804382e+01
 4.06566772e+00
 -5.15875244e-01
 -1.00012207e-01
 -7.23150635e-01
 4.05626831e+00
 9.51067505e+00
 1.41274353e+01
 2.05413452e+01
 2.47861267e+01
 2.16330811e+01
 1.34068237e+01
 9.67992554e+00
 4.49828491e+00
 -9.83679199e-01
 -1.49829712e+00
 2.61102295e-01
 4.26809082e+00
 1.25344177e+01
 1.37777039e+01
 1.98979736e+01
 2.19066711e+01
 2.07490784e+01
 1.76454102e+01
 1.31337830e+01
 6.42794189e+00
 1.23220215e+00
 -3.41049805e+00
 -1.61447754e+00
 7.38018188e+00
 1.04867188e+01
 1.59019104e+01
 1.85045410e+01
 2.34471985e+01
 1.92703491e+01
 1.94188477e+01
 1.40391479e+01
 5.16579590e+00
 -2.08362427e+00
 -2.96423950e+00
 5.72869873e-01
 4.02077637e+00
 9.01632080e+00
 1.45232483e+01
 1.97988831e+01
 2.50374390e+01
 2.40691772e+01
 1.71504150e+01
 1.33728577e+01
 6.73665771e+00
 3.24382935e+00
 -1.36536255e+00
 1.31801758e+00
 5.48757324e+00
 8.14891968e+00
 1.47119690e+01
 1.89709412e+01
 2.32533203e+01
 2.00586487e+01
 1.75198914e+01
 1.11726929e+01
 6.44039307e+00
 -4.16143799e-01
 2.78380737e+00
 -4.32928467e-01
 5.28420410e+00
 1.08740479e+01
 1.61065002e+01
 2.21372925e+01
 2.12331177e+01
 2.28663574e+01
 1.55190674e+01
 1.30938049e+01
 4.45964966e+00
 2.23433838e+00
 -3.57993164e+00
 -1.75720825e+00
 5.93480835e+00
 1.26118713e+01
 1.37699219e+01
 1.83578735e+01
 2.06826416e+01
 2.05873047e+01
 2.16495911e+01
 1.23385864e+01
 7.22738037e+00
 2.08968506e+00
 2.38787231e+00
 5.41207275e+00
 4.43596802e+00
 1.10099121e+01
 1.34788757e+01
 1.89773804e+01
 2.43181396e+01
 2.42489868e+01
 1.87966858e+01
 1.14241272e+01
 3.00469360e+00
 -1.75115967e-01
 6.54504395e-01
 2.15264282e+00
 7.96655273e-01
 8.81514893e+00
 1.70993286e+01
 1.91140381e+01
 1.95639893e+01
 2.26812683e+01
 1.65032593e+01
 9.20266113e+00
 2.73290405e+00
 5.71801758e-01
 -2.43674316e+00
 -4.23685303e+00
 4.73778687e+00
 9.86916504e+00
 1.59432617e+01
 1.97400146e+01
 2.21952148e+01
 2.41929260e+01
 2.18481995e+01
 8.66826782e+00
 5.66323242e+00
 -3.00049438e+00
 2.25850830e+00
 5.09502563e+00
 5.72014771e+00
 9.64058838e+00
 1.58190247e+01
 2.10661560e+01
 2.52644592e+01
 2.43837524e+01
 1.94354187e+01
 1.63525940e+01
 6.53902588e+00
 2.30114136e+00
 4.73077393e-01
 4.59084473e+00
 6.14287720e+00
 1.03884216e+01
 1.54304749e+01
 2.01352478e+01
 2.20078064e+01
 2.27192017e+01
 1.94095398e+01
 1.04475647e+01
 6.43828735e+00
 2.81047974e+00
 -1.34705200e+00
 3.68700562e+00
 5.81609497e+00
 1.00194946e+01
 1.75761963e+01
 2.17544189e+01
 2.42303406e+01
 2.46766907e+01
 1.96372620e+01
 1.15261475e+01
 5.62584839e+00
 3.66109619e+00
 -2.73565674e-01
 4.46618652e-01
 6.58522949e+00
 9.29515991e+00
 1.32499329e+01
 2.01917664e+01
 2.05208374e+01
 1.95701538e+01
 1.55309998e+01
 1.21841980e+01
 1.43206177e+00
 1.91503296e+00
 -1.57413330e+00
 -3.64758911e+00
 2.54552612e+00
 5.86617432e+00
 1.47246338e+01
 1.86566711e+01
 2.41972290e+01
 2.14334351e+01
 1.60669800e+01
 1.03601013e+01
 3.21270142e+00
 1.21444092e+00
 -1.53751221e+00
 1.73946533e+00
 4.91594849e+00
 1.08586670e+01
 1.31733643e+01
 1.73742004e+01
 2.36192871e+01
 2.38469482e+01
 1.41990906e+01
 1.23086792e+01
 3.73998413e+00
 -3.96228638e+00
 -2.06619873e+00
 4.33435059e-01
 4.30947266e+00
 1.06403137e+01
 1.66049438e+01
 1.76466003e+01
 2.42534729e+01
 2.46310974e+01
 1.57068726e+01
 1.38018433e+01
 9.06212769e+00
 3.94451294e+00
 1.97844849e+00
 -3.52728271e-01
 3.22115479e+00
 9.49608765e+00
 1.34977051e+01
 1.78736206e+01
 2.15202881e+01
 1.91407715e+01
 1.42137085e+01
 1.09498840e+01
 4.70852051e+00
 2.69802246e+00
 2.12883911e+00
 4.24312744e+00
 4.09829102e+00
 8.26833496e+00
 1.47590881e+01
 1.86318298e+01
 2.11941772e+01
 2.39351135e+01
 1.69842773e+01
 1.26181580e+01
 5.60588989e+00
 -1.41989746e+00
 2.90264282e+00
 2.98967896e+00
 4.07467041e+00
 1.05387817e+01
 1.60638977e+01
 1.86392761e+01
 2.21860596e+01
 2.40212952e+01
 1.88986145e+01
 1.13352600e+01
 7.43804321e+00
 9.73840332e-01
 3.61382446e+00
 2.78994141e+00
 4.30950317e+00
 8.89611206e+00
 1.15105530e+01
 2.03890320e+01
 2.27200256e+01
 2.60469299e+01
 2.18846069e+01
 1.53011108e+01
 5.38381348e+00
 3.27996826e-01
 1.73098145e+00
 3.37310181e+00
 1.08687744e+00
 9.48815308e+00
 1.45995422e+01
 1.70436340e+01
 2.23357178e+01
 2.20068909e+01
 1.66129395e+01
 9.85289917e+00
 5.05764160e+00
 3.69292603e+00
 -2.75464478e+00
 2.61843262e+00
 5.70427856e+00
 1.18712097e+01
 1.27415100e+01
 1.86169983e+01
 2.24989563e+01
 1.97624756e+01
 1.57724548e+01
 7.95589600e+00
 6.23772583e+00
 3.19671021e+00
 6.05102539e-02
 1.23491821e+00
 3.96288452e+00
 1.26364380e+01
 1.27645813e+01
 1.80157715e+01
 2.20231567e+01
 2.18898560e+01
 1.80401550e+01
 1.04339233e+01
 4.93160400e+00
 4.07567749e+00
 2.43145142e+00
 2.43953857e+00
 4.27370605e+00
 1.03048035e+01
 1.65342651e+01
 1.91130920e+01
 2.48681580e+01
 2.41622864e+01
 1.61679932e+01
 1.63988586e+01
 6.98540649e+00
 2.20464478e+00
 3.28484497e+00
 2.00505981e+00
 3.57863770e+00
 8.19643555e+00
 1.59620911e+01
 1.88560425e+01
 2.40230347e+01
 2.57495667e+01
 1.78862854e+01
 1.41217896e+01
 2.76726685e+00
 1.93886719e+00
 8.19238281e-01
 -2.02835693e+00
 3.47802124e+00
 9.81716309e+00
 1.37633911e+01
 1.80835205e+01
 2.09187561e+01
 2.17842346e+01
 1.79359985e+01
 9.12087402e+00
 7.66390381e+00
 4.71865234e+00
 -5.41440430e+00
 1.06981812e+00
 4.23787842e+00
 9.43593750e+00
 1.59600464e+01
 1.98250671e+01
 2.06944214e+01
 2.32434021e+01
 1.63006226e+01
 1.22679077e+01
 7.09691772e+00
 2.14650879e+00
 -2.81955566e+00
 2.61934814e+00
 5.44509277e+00
 9.81752930e+00
 1.20936218e+01
 1.67235962e+01
 2.28258606e+01
 2.57141357e+01
 1.98566833e+01
 1.07430054e+01
 3.21877441e+00
 7.28542480e+00
 -5.23651733e+00
 -1.71747437e+00
 6.90380249e+00
 1.21188293e+01
 1.53687378e+01
 1.65371338e+01
 2.18818909e+01
 2.38796936e+01
 1.58161255e+01
 1.22066284e+01
 3.30654297e+00
 2.28902588e+00
 -1.63062134e+00
 -1.09039917e+00
 7.77385864e+00
 8.01458130e+00
 1.51909729e+01
 2.04225708e+01
 2.42315613e+01
 2.69243103e+01
 1.84840027e+01
 8.88109741e+00
 5.82857666e+00
 -1.25473633e+00
 6.29998779e-01
 5.45946655e+00
 7.03087769e+00
 8.02294312e+00
 1.32307678e+01
 1.79649597e+01
 2.23874146e+01
 2.30472961e+01
 1.67164246e+01
 1.24794250e+01
 3.77730713e+00
 1.51201782e+00
 3.02733765e+00
 1.82915649e+00
 3.98198853e+00
 1.20688721e+01
 1.53181091e+01
 1.77577454e+01
 2.41390320e+01
 1.93472839e+01
 1.58702026e+01
 1.12241150e+01
 7.26482544e+00
 3.44130859e+00
 2.89025269e+00
 3.89675293e+00
 4.41524658e+00
 1.00667969e+01
 1.42519165e+01
 1.93738953e+01
 2.31169373e+01
 2.43495728e+01
 2.22539612e+01
 1.29128357e+01
 3.58977661e+00
 3.89156494e+00
 1.20702515e+00
 3.23568115e+00
 8.35271606e+00
 9.77721558e+00
 1.56076294e+01
 2.14898010e+01
 2.04920593e+01
 2.01613708e+01
 2.06374451e+01
 1.28770386e+01
 3.20144043e+00
 5.15093384e+00
 2.49947510e+00
 1.30565796e+00
 2.66152344e+00
 9.26543579e+00
 1.43174683e+01
 1.85218140e+01
 2.20878235e+01
 2.03608032e+01
 1.43126770e+01
 1.07114502e+01
 3.47045288e+00
 2.57042847e+00
 -3.04825439e+00
 5.62988281e-02
 3.57650146e+00
 7.65801392e+00
 1.54517456e+01
 1.90245605e+01
 2.42508789e+01
 2.09890991e+01
 1.84690491e+01
 1.15841309e+01
 6.04229126e+00
 -7.99353027e-01
 -2.90735474e+00
 -1.42114868e+00
 5.89233398e-02
 1.78701416e+01
 1.41933533e+01
 1.97031189e+01
 2.25849243e+01
 2.29025208e+01
 1.80235535e+01
 1.08827148e+01
 1.89592896e+00
 5.09142456e+00
 4.66585693e+00
 2.78243408e+00
 7.36647949e+00
 1.05099121e+01
 1.63212219e+01
 1.87859741e+01
 2.17686707e+01
 2.30231567e+01
 1.71481567e+01
 1.47128845e+01
 6.62767944e+00
 2.48851929e+00
 2.40322266e+00
 4.30809937e+00
 4.72927246e+00
 1.00004517e+01
 1.51194092e+01
 2.05974670e+01
 2.20436646e+01
 2.52133728e+01
 1.78630005e+01
 8.34191284e+00
 3.94768677e+00
 2.24370728e+00
 -3.68573608e+00
 -2.54935303e+00
 4.91027222e+00
 8.41234741e+00
 1.60322510e+01
 1.85807739e+01
 2.29911438e+01
 2.53565613e+01
 1.79774414e+01
 1.22216736e+01
 1.72435913e+00
 1.83049927e+00
 3.31621704e+00
 1.50570068e+00
 3.21218262e+00
 9.87905273e+00
 1.57226807e+01
 2.08600708e+01
 2.53384644e+01
 2.52478882e+01
 1.59975220e+01
 1.50688721e+01
 9.95073853e+00
 -1.33463135e+00
 1.20980225e+00
 2.62499390e+00
 3.13915405e+00
 8.71834717e+00
 1.69522644e+01
 1.63303772e+01
 2.25712830e+01
 2.48481384e+01
 1.89524780e+01
 8.57253418e+00
 9.46102295e+00
 2.32372437e+00
 2.19585571e+00
 5.14876709e+00
 6.81984863e+00
 8.70028076e+00
 1.63227478e+01
 2.13294617e+01
 2.50881897e+01
 2.34351440e+01
 1.74130188e+01
 1.11106201e+01
 4.52858887e+00
 3.11025391e+00
 -2.04611816e+00
 -1.79486694e+00
 4.72955322e-01
 8.53402100e+00
 1.51273743e+01
 1.94793640e+01
 2.31451355e+01
 2.39758545e+01
 2.05597168e+01
 1.01141602e+01
 7.16243896e+00
 -1.01978149e+00
 -8.17114258e-01
 1.05681763e+00
 4.29744873e+00
 1.22101074e+01
 1.46560608e+01
 2.02102295e+01
 2.54672180e+01
 2.30240723e+01
 1.87019592e+01
 9.91457520e+00
 4.33236084e+00
 -8.60510254e-01
 -8.83001709e-01
 4.52712402e+00
 6.37709961e+00
 8.57607422e+00
 1.34218384e+01
 1.88681885e+01
 2.40514771e+01
 2.37080322e+01
 1.63406006e+01
 1.39357544e+01
 6.49120483e+00
 6.72133789e+00
 4.19158325e+00
 1.45410156e-01
 4.35765991e+00
 1.34368530e+01
 1.91036316e+01
 2.42288757e+01
 2.36840759e+01
 2.40912109e+01
 2.02101074e+01
 1.58926636e+01
 7.36938477e-02
 3.15820313e-01
 1.36980591e+00
 8.33117065e+00
 6.01983032e+00
 1.21163269e+01
 1.51236816e+01
 2.04937073e+01
 2.86174561e+01
 2.45207458e+01
 1.71872498e+01
 1.23819519e+01
 2.52871094e+00
 1.98122559e+00
 2.14965210e+00
 4.10204468e+00
 6.65484009e+00
 8.18038330e+00
 1.46601501e+01
 1.84748474e+01
 2.15600220e+01
 2.14469543e+01
 2.02782532e+01
 1.07318054e+01
 6.40432129e+00
 2.76302490e+00
 -1.23758545e+00
 7.32235107e+00
 4.29317627e+00
 1.14887634e+01
 1.40821777e+01
 1.89672180e+01
 2.40464722e+01
 2.28029419e+01
 1.90707336e+01
 1.04677368e+01
 2.63167725e+00
 -4.30883789e-01
 -2.30673828e+00
 1.55532227e+00
 7.10338745e+00
 9.78350220e+00
 1.26979309e+01
 2.16953979e+01
 2.24791199e+01
 2.20073792e+01
 1.85944153e+01
 8.03783569e+00
 8.38628540e+00
 3.14348755e+00
 -5.30969849e+00
 6.16418457e-01
 6.44359741e+00
 1.23304688e+01
 1.73808228e+01
 2.07087036e+01
 2.58133789e+01
 2.36030212e+01
 1.88015991e+01
 1.68271118e+01
 6.51189575e+00
 5.61578369e-01
 4.45428467e-01
 4.19555664e-02
 3.34017334e+00
 1.22019592e+01
 1.44775024e+01
 1.81265503e+01
 2.12919556e+01
 1.96228271e+01
 1.75614868e+01
 1.39576050e+01
 7.19631348e+00
 2.49151001e+00
 1.42785034e+00
 4.66561279e+00
 5.36153564e+00
 9.65963135e+00
 1.79752747e+01
 2.14055725e+01
 2.40861450e+01
 2.69336792e+01
 1.95224548e+01
 1.02893616e+01
 5.62935791e+00
 4.31978760e+00
 -1.41608276e+00
 2.43316040e+00
 4.10695801e+00
 1.15001465e+01
 1.31974121e+01
 2.01249023e+01
 2.46106201e+01
 2.30922485e+01
 1.80616699e+01
 1.26663757e+01
 4.62398682e+00
 2.88738403e+00
 1.39876709e+00
 5.36290894e+00
 5.58880005e+00
 1.26592957e+01
 1.39052979e+01
 2.16232239e+01
 2.16128174e+01
 2.40252625e+01
 2.05223633e+01
 9.93309937e+00
 9.46874390e+00
 3.45400391e+00
 -4.51691284e+00
 1.16335449e+00
 5.06054077e+00
 1.04706055e+01
 1.36101013e+01
 1.75210205e+01
 2.28274475e+01
 2.33232056e+01
 2.18833557e+01
 1.47004333e+01
 9.87032471e+00
 2.18221436e+00
 5.18590698e+00
 1.76433716e+00
 6.32525024e+00
 1.13896423e+01
 1.59247375e+01
 1.94400269e+01
 2.53655029e+01
 2.63094727e+01
 1.91824585e+01
 9.10289917e+00
 3.02895508e+00
 -2.41461182e-01
 1.71077881e+00
 5.39693604e+00
 1.14583984e+01
 1.04049927e+01
 1.64612366e+01
 2.28467651e+01
 2.65344177e+01
 2.36029602e+01
 2.14984375e+01
 1.71179138e+01
 7.71547852e+00
 4.32363281e+00
 1.84826050e+00
 3.75060425e+00
 8.50988159e+00
 1.11355835e+01
 1.44239136e+01
 1.96800171e+01
 2.14627014e+01
 2.03387390e+01
 1.85028015e+01
 1.54334351e+01
 5.73830566e+00
 2.05965576e+00
 2.14525757e+00
 3.65106201e-01
 3.04735718e+00
 1.34368530e+01
 1.65610291e+01
 1.93979736e+01
 1.83340393e+01
 2.14431396e+01
 1.53603760e+01
 9.24755249e+00
 8.08385620e+00
 5.49584961e-01
 -5.33344116e+00
 1.02205811e+00
 6.15413818e+00
 1.17759338e+01
 1.65567566e+01
 1.88994995e+01
 2.23266846e+01
 2.72490479e+01
 1.96690002e+01
 1.37249390e+01
 4.03048096e+00
 2.35229492e-02
 3.64678955e-01
 2.19274292e+00
 4.15169678e+00
 9.69106445e+00
 1.25592590e+01
 1.95588928e+01
 2.67671753e+01
 2.59522949e+01
 2.01127258e+01
 1.43100830e+01
 6.04262695e+00
 3.09185181e+00
 1.57207642e+00
 1.46083984e+00
 3.50698242e+00
 8.59368286e+00
 1.44609009e+01
 2.02450500e+01
 2.52793213e+01
 2.29525085e+01
 1.94739929e+01
 1.84741455e+01
 8.91066895e+00
 2.93367920e+00
 5.29049072e+00
 1.12883911e+00
 1.36049805e+00
 1.30911194e+01
 1.57486511e+01
 1.69411255e+01
 2.32479797e+01
 2.48833557e+01
 2.01727539e+01
 1.21428162e+01
 7.72161255e+00
 1.85146484e+00
 -3.13696289e-01
 7.18200073e+00
 6.31975708e+00
 1.00968567e+01
 1.41582886e+01
 1.89253479e+01
 2.18044373e+01
 1.95195251e+01
 1.82651917e+01
 1.49505859e+01
 6.73485718e+00
 4.99245605e+00
 3.33739624e+00
 -8.91180420e-01
 7.42440186e+00
 8.93456421e+00
 1.57840210e+01
 1.94346558e+01
 2.42616211e+01
 2.13502441e+01
 1.57724854e+01
 1.33116394e+01
 7.81496582e+00
 -1.37848511e+00
 -1.40875244e-01
 4.05199585e+00
 6.76915894e+00
 9.55993042e+00
 1.45837036e+01
 2.03096558e+01
 2.25842834e+01
 2.26073853e+01
 1.67858215e+01
 1.48096558e+01
 4.93999634e+00
 2.33464966e+00
 3.54952393e+00
 3.27141724e+00
 6.54717407e+00
 8.73793945e+00
 1.56688171e+01
 2.35113770e+01
 2.45728699e+01
 2.66724487e+01
 1.98698669e+01
 1.21878906e+01
 8.28197632e+00
 5.43969116e+00
 -7.86169434e-01
 3.83876953e+00
 5.24633179e+00
 8.15450439e+00
 1.57962280e+01
 2.19184509e+01
 2.67840210e+01
 2.63655334e+01
 1.85393921e+01
 1.14451233e+01
 6.66799316e+00
 3.38060913e+00
 2.48543701e+00
 4.10082397e+00
 8.71331177e+00
 1.03906494e+01
 1.50873047e+01
 2.12325378e+01
 2.38358093e+01
 2.37293945e+01
 1.83377625e+01
 1.05425659e+01
 4.21990356e+00
 5.65044556e+00
 -1.68073120e+00
 3.81212769e+00
 6.88179932e+00
 8.98253784e+00
 1.35491577e+01
 1.85514160e+01
 2.35413147e+01
 2.63352600e+01
 2.03155762e+01
 1.27433105e+01
 8.30620728e+00
 4.59151611e+00
 1.95769653e+00
 2.94436035e+00
 7.04003296e+00
 8.96605835e+00
 1.38390442e+01
 2.11999756e+01
 2.54677673e+01
 2.62467590e+01
 1.76811768e+01
 1.18244263e+01
 5.68120728e+00
 5.22265015e+00
 5.00127563e+00
 4.41146240e+00
 7.09847412e+00
 9.85796509e+00
 1.36749512e+01
 2.06747681e+01
 2.41943298e+01
 2.32933594e+01
 1.68722473e+01
 1.21893250e+01
 6.56633911e+00
 3.45012817e+00
 2.91002808e+00
 4.55675659e+00
 6.33373413e+00
 1.27632080e+01
 1.62712646e+01
 2.02806641e+01
 2.29337097e+01
 2.34719788e+01
 1.59550110e+01
 1.33352905e+01
 7.44692383e+00
 -5.26464844e-01
 1.59008179e+00
 5.30999146e+00
 8.65758667e+00
 9.30245361e+00
 1.57824951e+01
 1.87203308e+01
 2.30259644e+01
 2.22734619e+01
 1.67352844e+01
 1.32044922e+01
 9.37532959e+00
 5.07576904e+00
 4.36947021e+00
 4.35146484e+00
 1.03954407e+01
 1.02383972e+01
 1.40596252e+01
 1.67124878e+01
 2.28502136e+01
 2.17931763e+01
 1.85063110e+01
 1.08650757e+01
 7.45272217e+00
 3.15477905e+00
 3.12334595e+00
 3.69335327e+00
 7.35289917e+00
 1.21362854e+01
 1.67344910e+01
 2.00453125e+01
 2.09296204e+01
 2.32163025e+01
 1.62035461e+01
 1.89433533e+01
 8.40355835e+00
 2.92275391e+00
 1.30233154e+00
 4.11580811e+00
 5.35796509e+00
 1.05745789e+01
 1.26816040e+01
 1.97945496e+01
 2.46473633e+01
 2.62637573e+01
 1.98219543e+01
 1.70157715e+01
 5.83812866e+00
 5.83684692e+00
 5.61165771e+00
 1.89874268e-01
 5.94677124e+00
 9.47588501e+00
 1.54168030e+01
 1.80883118e+01
 2.29909607e+01
 2.34194580e+01
 1.89968811e+01
 1.27445007e+01
 9.68456421e+00
 4.04461060e+00
 3.03911743e+00
 5.12819824e+00
 5.17772827e+00
 1.10533386e+01
 1.67093750e+01
 1.90982300e+01
 2.60909363e+01
 2.82675720e+01
 2.02047058e+01
 1.53938538e+01
 8.15978394e+00
 5.87093506e+00
 6.94210205e+00
 3.37301025e+00
 6.86977539e+00
 8.94320068e+00
 1.57475220e+01
 1.79321533e+01
 2.25404297e+01
 2.16018616e+01
 1.90779663e+01
 1.64093872e+01
 1.01543518e+01
 5.63073120e+00
 3.61037598e+00
 4.98327026e+00
 6.77514038e+00
 1.34008728e+01
 1.92181030e+01
 2.18718506e+01
 2.56928650e+01
 2.34355713e+01
 2.18578125e+01
 1.39864136e+01
 6.53746948e+00
 5.65584717e+00
 1.40679321e+00
 5.18087158e+00
 8.96727905e+00
 9.82485352e+00
 1.49649292e+01
 1.95693909e+01
 2.77048279e+01
 2.91225525e+01
 2.20643860e+01
 1.15384155e+01
 5.89345703e+00
 3.12743530e+00
 -2.59924316e-01
 4.78560791e+00
 1.03339172e+01
 9.89510498e+00
 1.35713135e+01
 1.92772766e+01
 2.33745667e+01
 2.33802429e+01
 1.83433167e+01
 1.33470703e+01
 4.80135498e+00
 9.52813721e-01
 5.98474121e-01
 7.75045166e+00
 8.61934814e+00
 1.29108215e+01
 1.57419373e+01
 1.82210327e+01
 2.37521606e+01
 2.55169617e+01
 1.95497070e+01
 1.44691711e+01
 5.67962036e+00
 1.45806274e+00
 -1.62274780e+00
 4.87172852e+00
 1.07766052e+01
 1.53008057e+01
 1.59948059e+01
 1.84508911e+01
 2.35677734e+01
 2.35503479e+01
 2.04152771e+01
 1.25865723e+01
 8.63497314e+00
 3.75237427e+00
 2.31536255e+00
 2.31142578e+00
 4.32106934e+00
 1.17473999e+01
 1.95173889e+01
 2.30533997e+01
 2.65444885e+01
 2.88060547e+01
 2.30030151e+01
 1.20375305e+01
 7.30077515e+00
 5.86397705e+00
 1.71602783e+00
 2.57967529e+00
 1.03238770e+01
 1.02929626e+01
 1.42858215e+01
 2.35884949e+01
 2.29391113e+01
 2.48085266e+01
 1.85443970e+01
 1.31608215e+01
 8.83654175e+00
 4.13894043e+00
