 -1.48859253e+00
 3.49892578e+00
 6.23891602e+00
 1.06390015e+01
 1.79319092e+01
 2.06461731e+01
 1.76475464e+01
 2.10717407e+01
 1.70867249e+01
 1.10442444e+01
 3.77410278e+00
 -4.40527954e+00
 1.68938599e+00
 9.09417725e-01
 6.56817017e+00
 1.39938599e+01
 1.58044983e+01
 1.79568115e+01
 1.92319275e+01
 2.06830994e+01
 1.54060913e+01
 8.26287231e+00
 3.72695313e+00
 -5.83374634e+00
 -2.41303101e+00
 3.28789673e+00
 7.28347168e+00
 1.19453369e+01
 1.38913208e+01
 1.93829590e+01
 2.00396057e+01
 2.06884705e+01
 1.57973877e+01
 8.60408936e+00
 4.33117065e+00
 -8.86358643e-01
 -2.21756592e+00
 1.50826416e+00
 5.53347168e+00
 1.02463318e+01
 1.49229675e+01
 1.92991882e+01
 2.08410278e+01
 1.98661743e+01
 1.69594055e+01
 1.20218750e+01
 7.63857422e+00
 1.01171265e+00
 1.82885742e-01
 2.40838013e+00
 7.10869751e+00
 1.59870544e+01
 1.31032654e+01
 1.82571045e+01
 2.00624634e+01
 1.91929260e+01
 1.54849792e+01
 9.54314575e+00
 4.05471191e+00
 -2.83618774e+00
 -7.14996948e+00
 2.70070801e+00
 1.19367310e+01
 1.34829041e+01
 1.64709717e+01
 1.68499695e+01
 1.95899902e+01
 1.79652039e+01
 1.50475098e+01
 8.34102783e+00
 7.77480469e+00
 -2.46588135e-01
 1.83501587e+00
 2.01537476e+00
 7.15361938e+00
 1.26510864e+01
 1.88280273e+01
 2.12282349e+01
 2.28515259e+01
 1.93307129e+01
 1.52437683e+01
 1.17403809e+01
 4.75237427e+00
 3.64547119e+00
 -1.95038452e+00
 4.08197021e-01
 7.23378906e+00
 1.05549561e+01
 1.68645264e+01
 1.56428162e+01
 2.06138550e+01
 1.98953796e+01
 1.55028320e+01
 1.16018311e+01
 5.22088013e+00
 -1.48764648e+00
 -1.08627930e+00
 5.73034058e+00
 2.83776245e+00
 1.18299194e+01
 1.37412964e+01
 1.99055115e+01
 2.10785156e+01
 1.92644592e+01
 1.43405701e+01
 1.11685120e+01
 6.59166870e+00
 1.81005249e+00
 3.23330078e+00
 6.95733032e+00
 1.25828491e+01
 1.17236877e+01
 1.63782288e+01
 2.03512512e+01
 2.08690735e+01
 2.05761047e+01
 1.54315735e+01
 1.05091187e+01
 3.54281006e+00
 4.20729980e+00
 2.30440674e+00
 6.38717041e+00
 6.41848145e+00
 1.45838257e+01
 1.47252747e+01
 1.94327637e+01
 2.23729797e+01
 1.82517334e+01
 1.66093384e+01
 1.09597107e+01
 7.09270630e+00
 1.68596802e+00
 -7.07159424e-01
 6.06670532e+00
 9.31218872e+00
 8.55217896e+00
 1.40837952e+01
 1.82648254e+01
 2.23362976e+01
 2.02807251e+01
 1.46325317e+01
 1.11492554e+01
 6.87059937e+00
 2.22515259e+00
 -3.07897949e-01
 2.61736450e+00
 9.36992798e+00
 1.06343933e+01
 1.46965576e+01
 1.93633667e+01
 2.10616394e+01
 1.92915283e+01
 1.54523865e+01
 1.19129883e+01
 2.23888550e+00
 -3.86447754e+00
 1.58568726e+00
 1.84011230e+00
 6.73961792e+00
 1.05936218e+01
 1.83618408e+01
 1.96604248e+01
 2.18241821e+01
 2.09060913e+01
 1.58133484e+01
 8.68572388e+00
 8.35143433e+00
 9.63830566e-01
 -1.79834595e+00
 4.41832886e+00
 5.92586670e+00
 1.47183777e+01
 1.52171875e+01
 1.85833984e+01
 2.17848755e+01
 1.98294006e+01
 1.54863525e+01
 1.16454102e+01
 8.31780396e+00
 3.43584595e+00
 -2.08096924e+00
 2.55593262e+00
 5.00698242e+00
 1.09636780e+01
 1.56617371e+01
 1.82383057e+01
 2.38496338e+01
 1.93482910e+01
 1.69720703e+01
 1.35027100e+01
 3.97536621e+00
 2.81295166e+00
 -4.92786255e+00
 -5.00452271e+00
 2.54567871e+00
 1.02693420e+01
 1.53963562e+01
 1.73659302e+01
 2.03319031e+01
 2.09685913e+01
 1.89036804e+01
 1.03371826e+01
 3.82467041e+00
 -3.00015869e+00
 -1.65955200e+00
 -1.44018555e-01
 6.84386597e+00
 1.02667175e+01
 1.42562500e+01
 1.88233887e+01
 2.15841309e+01
 1.95072571e+01
 1.67585083e+01
 1.14613892e+01
 4.31109009e+00
 -1.45426025e+00
 -2.33402100e+00
 5.24758301e+00
 4.25914917e+00
 1.16082397e+01
 1.55654846e+01
 1.90533997e+01
 2.18937927e+01
 1.98036133e+01
 1.67371765e+01
 1.01861206e+01
 2.75020752e+00
 1.08712158e+00
 3.86193848e-01
 4.90780029e+00
 9.28362427e+00
 1.24460999e+01
 1.65546204e+01
 1.88603149e+01
 2.10263916e+01
 1.80778442e+01
 1.53264099e+01
 1.06473022e+01
 3.96209106e+00
 -8.97283936e-01
 -4.67626953e-01
 4.84929810e+00
 6.10994873e+00
 1.01134888e+01
 1.25477234e+01
 1.59268433e+01
 1.84978882e+01
 2.02295471e+01
 1.43662659e+01
 1.16700989e+01
 5.08461914e+00
 -4.42780151e+00
 -2.98828125e-02
 -7.49725952e+00
 8.18111572e+00
 1.36109863e+01
 1.58686462e+01
 1.86366821e+01
 2.14042297e+01
 2.10671021e+01
 1.72556091e+01
 1.20083252e+01
 9.68502197e+00
 -2.50610352e-02
 4.17397461e+00
 3.12670288e+00
 8.34075317e+00
 1.32167603e+01
 1.54171387e+01
 1.94009033e+01
 2.11818481e+01
 2.05463196e+01
 1.63898254e+01
 1.09327332e+01
 4.85216675e+00
 2.70220337e+00
 3.10704956e+00
 1.13704834e+00
 3.33950195e+00
 7.77190552e+00
 1.39063049e+01
 1.82899719e+01
 2.19519287e+01
 1.92432495e+01
 1.55807434e+01
 1.20931946e+01
 5.67064819e+00
 4.06539307e+00
 5.15917358e+00
 4.79787598e+00
 4.08562622e+00
 1.49308716e+01
 1.47860962e+01
 1.76906982e+01
 2.16433960e+01
 1.81880432e+01
 1.70974976e+01
 8.70815430e+00
 5.61510620e+00
 -9.16296387e-01
 -3.99716797e+00
 2.09697876e+00
 5.99224243e+00
 1.38474670e+01
 1.34980103e+01
 1.81621033e+01
 2.07853333e+01
 1.91285950e+01
 1.60219055e+01
 1.04814392e+01
 5.09298096e+00
 8.11761475e-01
 1.78249512e+00
 4.08013916e-01
 5.00795898e+00
 1.13292786e+01
 1.40303284e+01
 1.87257629e+01
 2.04299255e+01
 2.01727234e+01
 1.62191101e+01
 8.92675171e+00
 -3.51599121e-01
 -2.71390381e+00
 -2.61646118e+00
 2.54149780e+00
 3.55565796e+00
 1.09545532e+01
 1.58715759e+01
 1.62056519e+01
 1.89719177e+01
 2.14800659e+01
 1.41205688e+01
 6.78865967e+00
 7.43752441e+00
 -4.78704834e-01
 -7.91967773e-01
 1.32055054e+00
 6.17443237e+00
 1.58158813e+01
 1.86384521e+01
 1.73549133e+01
 2.26529175e+01
 1.96409241e+01
 1.56790100e+01
 1.20877625e+01
 7.15529785e+00
 3.94420776e+00
 3.65358887e+00
 -2.75119629e+00
 4.93401489e+00
 1.14514404e+01
 1.52176147e+01
 1.72420288e+01
 1.93545776e+01
 1.76564575e+01
 1.61131226e+01
 8.54393921e+00
 4.88683472e+00
 3.76973877e+00
 3.60039673e+00
 5.96044312e+00
 7.85146484e+00
 1.20227295e+01
 1.63850952e+01
 2.00908447e+01
 1.89888550e+01
 1.83080994e+01
 1.65751587e+01
 8.90615234e+00
 6.71804199e+00
 3.16893921e+00
 1.49691162e+00
 2.19124756e+00
 4.56841431e+00
 7.95498047e+00
 1.52374512e+01
 1.93126465e+01
 2.22404724e+01
 2.03613220e+01
 1.42708679e+01
 1.30503479e+01
 7.81810913e+00
 2.66329346e+00
 7.64062500e-01
 4.40517578e+00
 5.96434937e+00
 1.26805664e+01
 1.53985840e+01
 1.71594788e+01
 2.12996765e+01
 1.98062988e+01
 1.98123413e+01
 1.12168823e+01
 4.34526978e+00
 -3.14230957e+00
 2.54388428e-01
 9.93432617e-01
 7.49395142e+00
 1.26504761e+01
 1.67765442e+01
 1.89498535e+01
 2.18183228e+01
 1.95577637e+01
 1.61675049e+01
 1.25315491e+01
 9.77395020e+00
 1.30092773e+00
 -1.72009888e+00
 5.04449463e-01
 9.14989624e+00
 1.48937927e+01
 1.84138733e+01
 2.04700867e+01
 2.18691956e+01
 2.07320190e+01
 1.49251648e+01
 1.47975403e+01
 4.46917114e+00
 1.37569580e+00
 6.19707642e+00
 3.54897461e+00
 9.11971436e+00
 1.10314880e+01
 1.82905823e+01
 1.67385803e+01
 2.03677307e+01
 2.05929199e+01
 1.71690918e+01
 8.51064453e+00
 -5.74865723e-01
 1.71132813e+00
 1.95726929e+00
 5.72506104e+00
 7.64556274e+00
 1.55631348e+01
 1.61164795e+01
 1.90039001e+01
 2.19635559e+01
 2.20439697e+01
 1.89614502e+01
 1.17873779e+01
 5.42284546e+00
 3.98314819e+00
 1.10262451e+00
 8.54241943e-01
 8.35781250e+00
 1.26469360e+01
 1.53656860e+01
 1.85321594e+01
 2.28089844e+01
 2.38472229e+01
 1.60402161e+01
 1.17273193e+01
 6.65529785e+00
 -9.19860840e-02
 -4.18829346e-01
 1.57372437e+00
 7.58065186e+00
 1.38317810e+01
 1.50478149e+01
 2.02804199e+01
 2.17167297e+01
 1.84352356e+01
 1.67158447e+01
 1.22505737e+01
 6.82375488e+00
 -1.60385742e+00
 -6.88574219e-01
 2.77395020e+00
 1.04540649e+01
 1.04866882e+01
 1.54747864e+01
 1.92640320e+01
 1.97881714e+01
 1.63631531e+01
 1.68623596e+01
 1.28676697e+01
 7.92510376e+00
 3.78130493e+00
 -1.23761597e+00
 4.29357300e+00
 9.13952026e+00
 1.56432129e+01
 1.79681641e+01
 1.96357361e+01
 2.23249451e+01
 2.06752258e+01
 1.49179932e+01
 1.15390869e+01
 3.69085083e+00
 -2.13321533e+00
 4.18718872e+00
 3.14760742e+00
 7.03777466e+00
 1.12835022e+01
 1.65053040e+01
 1.86478516e+01
 2.05962463e+01
 2.07704712e+01
 1.87695862e+01
 1.49016357e+01
 4.72142944e+00
 -2.30438843e+00
 9.44635010e-01
 1.89019165e+00
 9.88683472e+00
 1.31089417e+01
 1.71646973e+01
 2.01914307e+01
 2.07195374e+01
 2.08547302e+01
 1.40284058e+01
 7.70968018e+00
 5.33019409e+00
 4.07726440e+00
 -8.09820557e-01
 6.23488770e+00
 6.18609009e+00
 9.97493896e+00
 1.33753296e+01
 1.92613159e+01
 2.29276062e+01
 2.19612366e+01
 1.66867920e+01
 1.03654114e+01
 6.69497070e+00
 1.37450562e+00
 3.08934937e+00
 3.82009277e+00
 4.35979614e+00
 1.11548096e+01
 1.49305359e+01
 1.91428772e+01
 2.05863586e+01
 1.97725159e+01
 1.58698669e+01
 1.19649902e+01
 4.04631958e+00
 3.66781006e+00
 -1.26541748e+00
 4.83806763e+00
 9.54024658e+00
 1.47278076e+01
 1.80219360e+01
 1.95188843e+01
 2.32916809e+01
 2.21442810e+01
 1.74332520e+01
 1.33188110e+01
 6.89266357e+00
 -5.93405762e+00
 -3.56864014e+00
 8.25750122e+00
 9.18432007e+00
 1.43860107e+01
 1.74930664e+01
 1.91671997e+01
 2.32228027e+01
 2.34145142e+01
 1.77155090e+01
 1.35733276e+01
 8.16805420e+00
 7.78619385e-01
 3.94848022e+00
 3.40731201e+00
 8.56932983e+00
 1.29660583e+01
 1.71600281e+01
 2.07580811e+01
 2.26644836e+01
 2.23817688e+01
 1.84717041e+01
 1.13314148e+01
 1.15098206e+01
 2.45961914e+00
 3.76375732e+00
 6.30593262e+00
 6.87008057e+00
 1.14190002e+01
 1.61217896e+01
 1.78546692e+01
 2.22828308e+01
 2.22642761e+01
 1.42198730e+01
 1.07208496e+01
 7.08538208e+00
 1.46557007e+00
 2.19484863e+00
 5.14583740e+00
 9.19204102e+00
 1.32579285e+01
 1.89368530e+01
 2.13675171e+01
 2.13863770e+01
 2.01955505e+01
 1.64106079e+01
 9.75054321e+00
 6.47850952e+00
 2.56893311e+00
 1.49953613e+00
 6.51727295e-01
 9.52544556e+00
 1.13603760e+01
 1.57813965e+01
 1.87418457e+01
 2.13857056e+01
 1.87326599e+01
 1.63996826e+01
 1.21939026e+01
 5.52169189e+00
 -2.07788696e+00
 2.98165283e+00
 1.63649902e+00
 7.81826172e+00
 1.10867554e+01
 1.45803772e+01
 1.87523132e+01
 1.82982727e+01
 1.79137512e+01
 1.78759094e+01
 1.31802917e+01
 4.81279907e+00
 6.21636963e-01
 -2.72690430e+00
 1.40160522e+00
 6.31166992e+00
 1.19640747e+01
 1.50902649e+01
 1.84522949e+01
 2.07271667e+01
 2.12049805e+01
 1.46884399e+01
 1.04202515e+01
 5.91759644e+00
 2.34877930e+00
 1.40496216e+00
 7.01986084e+00
 7.71022949e+00
 1.45814453e+01
 1.64685608e+01
 1.76310364e+01
 2.41192261e+01
 2.03125549e+01
 1.68973633e+01
 9.12987671e+00
 5.76979980e+00
 2.76439819e+00
 1.00289307e+00
 1.03502808e+00
 8.36947021e+00
 1.19367615e+01
 1.83187195e+01
 1.87738586e+01
 2.11165710e+01
 2.15603271e+01
 1.73731323e+01
 1.30966736e+01
 6.19457397e+00
 5.30208740e+00
 3.01061401e+00
 4.67647705e+00
 7.57427368e+00
 1.23434692e+01
 1.77080017e+01
 2.05306030e+01
 1.99135376e+01
 2.09794250e+01
 1.38687988e+01
 1.21037537e+01
 2.91442261e+00
 2.63652954e+00
 2.46881104e-01
 1.51381836e+00
 7.41973267e+00
 1.09208618e+01
 1.88688599e+01
 2.18233887e+01
 2.39117676e+01
 2.22462097e+01
 1.71367737e+01
 1.09547668e+01
 6.59816895e+00
 1.89156494e+00
 -3.39111328e-02
 4.17815552e+00
 9.67977295e+00
 1.36757446e+01
 1.62742859e+01
 1.99094788e+01
 2.28601929e+01
 1.95635315e+01
 1.92619263e+01
 1.13360840e+01
 3.34234009e+00
 -2.25891113e-02
 -6.06140137e-02
 -1.78519287e+00
 7.20214233e+00
 1.04585510e+01
 1.57073914e+01
 1.91042419e+01
 2.09912354e+01
 2.06535583e+01
 1.61194397e+01
 1.24831482e+01
 5.46721802e+00
 -1.33896484e+00
 -1.75552979e+00
 2.53881226e+00
 4.75530396e+00
 8.95140991e+00
 1.42321411e+01
 1.88030640e+01
 1.97689453e+01
 2.01353699e+01
 1.70555359e+01
 1.47556396e+01
 8.53176270e+00
 7.54406128e+00
 2.61727295e+00
 3.29949341e+00
 3.78304443e+00
 1.23135620e+01
 1.59689270e+01
 1.78171326e+01
 2.16847168e+01
 2.04966064e+01
 1.94783875e+01
 1.23993469e+01
 4.35671387e+00
 1.47628174e+00
 1.02654419e+00
 1.59093628e+00
 7.87066040e+00
 1.08125244e+01
 1.44117065e+01
 1.91487366e+01
 2.23047119e+01
 2.19577271e+01
 1.88756348e+01
 1.56347595e+01
 4.50222168e+00
 4.31472168e+00
 2.39144287e+00
 4.83181152e+00
 6.83678589e+00
 1.28882996e+01
 1.71514832e+01
 1.99540039e+01
 2.26093384e+01
 2.33003479e+01
 1.75257507e+01
 1.25138184e+01
 6.89321289e+00
 6.02813110e+00
 6.77553711e+00
 6.34652100e+00
 6.70705566e+00
 1.23252502e+01
 1.56942078e+01
 2.16449829e+01
 2.18235413e+01
 2.07227112e+01
 1.84706970e+01
 1.40303284e+01
 8.72380981e+00
 1.78978882e+00
 4.29775391e+00
 3.09157715e+00
 8.35680542e+00
 1.14480530e+01
 1.71010071e+01
 1.98601013e+01
 2.31668945e+01
 2.29407898e+01
 1.70018555e+01
 1.55569397e+01
 6.90117798e+00
 4.97512207e+00
 -2.42209473e+00
 -1.27091064e+00
 7.67263184e+00
 1.36463257e+01
 1.89678894e+01
 1.89859558e+01
 2.25826355e+01
 2.20278259e+01
 1.99214111e+01
 1.00340210e+01
 9.22088013e+00
 4.40459595e+00
 6.06780396e+00
 5.49663696e+00
 7.30843506e+00
 1.30127808e+01
 1.86222168e+01
 2.00990845e+01
 2.19746948e+01
 2.07590881e+01
 1.59175354e+01
 1.44254089e+01
 3.10173950e+00
 3.54985962e+00
 3.10036621e+00
 4.88430176e+00
 8.94341431e+00
 1.29151550e+01
 1.68457275e+01
 1.64890991e+01
 1.96910950e+01
 2.13588501e+01
 1.72101685e+01
 1.26169678e+01
 6.60485229e+00
 4.31563721e+00
 2.60405884e+00
 8.80507813e+00
 1.02851196e+01
 1.17708374e+01
 1.96453186e+01
 2.38862549e+01
 2.26314026e+01
 2.21821838e+01
 1.79536682e+01
 1.05924927e+01
 4.80742798e+00
 2.81896362e+00
 1.89586792e+00
 3.87734375e+00
 7.21337280e+00
 1.38111206e+01
 1.43603455e+01
 1.81816650e+01
 2.46946960e+01
 2.34004150e+01
 1.68422791e+01
 1.09539429e+01
 9.19170532e+00
 3.90731201e+00
 4.72567139e+00
 5.04311523e+00
 8.79512939e+00
 1.51705872e+01
 2.06193481e+01
 2.12561890e+01
 2.45465942e+01
 2.12906738e+01
 1.80114380e+01
 1.55121094e+01
 6.44872437e+00
 3.11931763e+00
 8.97766113e-02
 4.69451294e+00
 7.48159180e+00
 1.50540405e+01
 1.75913940e+01
 2.24693848e+01
 2.65699097e+01
 2.20335022e+01
 1.83574158e+01
 1.26286255e+01
 5.22481689e+00
 7.54085693e+00
 4.72762451e+00
 3.61437378e+00
 7.41005859e+00
 1.38069092e+01
 1.66026550e+01
 2.13877502e+01
 2.38200012e+01
 2.16660095e+01
 1.71392151e+01
 1.66649414e+01
 7.44982300e+00
 4.10735474e+00
 3.72335205e+00
 5.64757690e+00
 6.40923462e+00
 9.76333008e+00
 1.51580444e+01
 2.04976746e+01
 2.38850037e+01
 2.38458496e+01
 1.59839722e+01
 1.40885864e+01
 5.12032471e+00
 4.49422607e+00
 2.96093140e+00
 8.40688477e+00
 9.18975220e+00
 1.21397339e+01
 1.66529175e+01
 2.19365173e+01
 2.25046326e+01
 2.18586975e+01
 1.81384827e+01
 1.23572327e+01
 8.93456421e+00
 2.26775513e+00
 2.51979980e+00
 5.48598633e+00
 6.94204102e+00
 1.00277954e+01
 1.74186951e+01
 1.76265503e+01
 2.42803589e+01
 1.83031250e+01
 1.66946960e+01
 1.15831238e+01
 1.00389038e+01
 5.33666382e+00
 2.17449341e+00
 3.46325073e+00
 9.03453979e+00
 1.38443237e+01
 1.55815979e+01
 1.88362061e+01
 2.01639954e+01
 2.08728577e+01
 1.50385681e+01
 1.25912415e+01
 4.84795532e+00
 -3.85663452e+00
 -9.22247314e-01
 1.66344604e+00
 7.55776367e+00
 1.43947998e+01
 1.79955688e+01
 2.24401184e+01
 2.14921509e+01
 1.96289307e+01
 1.67594238e+01
 1.13388000e+01
 8.00969849e+00
 5.41433105e+00
 3.57109985e+00
 3.41015015e+00
 7.57824097e+00
 9.98552856e+00
 1.73593689e+01
 2.09291016e+01
 2.21820923e+01
 2.10230347e+01
 1.72844177e+01
 1.13815552e+01
 5.21764526e+00
 6.06139526e+00
 5.13857422e+00
 6.71517334e+00
 8.57378540e+00
 1.21781250e+01
 1.69640137e+01
 2.21907593e+01
 2.27520081e+01
 2.30887085e+01
 1.75980469e+01
 1.43191467e+01
 7.77187500e+00
 4.35512695e+00
 4.78563843e+00
 9.01384888e+00
 1.13489929e+01
 1.26067139e+01
 1.48850342e+01
 1.89326721e+01
 2.50259644e+01
 2.21354614e+01
 1.76010681e+01
 1.58747192e+01
 7.40099487e+00
 1.64507446e+00
 4.93926392e+00
 8.61974487e+00
 1.19395081e+01
 1.39044128e+01
 1.81510559e+01
 2.26138550e+01
 2.47013184e+01
 2.23523499e+01
 1.80250793e+01
 1.10178162e+01
 6.54888306e+00
 6.09279785e+00
 -2.35449219e-01
 1.50185547e+00
 1.04924866e+01
 1.40957886e+01
 1.64032532e+01
 2.21103149e+01
 2.52639709e+01
 2.05994202e+01
 1.75920044e+01
 1.47441040e+01
 7.53884277e+00
 4.26284180e+00
 -1.17566528e+00
 2.69054565e+00
 1.21901184e+01
 1.23167664e+01
 1.42469421e+01
 2.03608337e+01
 2.33606812e+01
 2.20710083e+01
 1.98219238e+01
 1.39363647e+01
 6.25087891e+00
 -2.98288574e+00
 1.59664307e+00
 1.15139160e+00
 9.36702881e+00
 1.45730835e+01
 1.89217468e+01
 2.08064209e+01
 2.62557007e+01
 2.43474060e+01
 1.89476257e+01
 1.10891357e+01
 6.98943481e+00
 5.08519897e+00
 5.74703369e+00
 6.81231079e+00
 1.25966431e+01
 1.54403320e+01
 2.02256409e+01
 2.37875610e+01
 2.60369812e+01
 2.46741577e+01
 1.80608765e+01
 1.58180481e+01
 9.75853882e+00
 2.78814087e+00
 5.32918701e+00
 4.90441284e+00
 9.23549805e+00
 1.32046448e+01
 1.94886719e+01
 2.27180420e+01
 2.46650635e+01
 2.55720764e+01
 2.14906250e+01
 1.29021545e+01
 7.29735718e+00
 1.58458862e+00
 1.82341919e+00
 3.16765747e+00
 9.81017456e+00
 1.31175476e+01
 1.69951416e+01
 2.25847107e+01
 2.14392944e+01
 2.39829651e+01
 1.95375610e+01
 1.51181580e+01
 1.22878052e+01
 4.74144897e+00
 2.42629395e+00
 3.09102783e+00
 7.29076538e+00
 1.50468689e+01
 1.70908142e+01
 2.28204590e+01
 2.34092957e+01
 2.19604431e+01
 1.84050232e+01
 1.26343628e+01
 9.14071045e+00
 2.10973511e+00
 2.32262573e+00
 7.11321411e+00
 1.19983154e+01
 1.61443115e+01
 1.80589233e+01
 2.19526001e+01
 2.35840698e+01
 2.37194763e+01
 1.94084106e+01
 1.34000793e+01
 8.86907349e+00
 6.48156738e-01
 -2.82297363e+00
 7.16011963e+00
 1.47616821e+01
 1.68802124e+01
 1.54071594e+01
 2.32500549e+01
 2.21288391e+01
 2.38004395e+01
 1.72925964e+01
 1.27025085e+01
 8.65682373e+00
 5.48708496e+00
 -4.98953857e+00
 5.56667480e+00
 6.71080933e+00
 1.08680969e+01
 1.56655518e+01
 2.08800293e+01
 2.15455566e+01
 2.30377747e+01
 1.99215027e+01
 1.51196838e+01
 7.24489746e+00
 7.39904175e+00
 5.23314819e+00
 7.85402832e+00
 9.54354248e+00
 1.49213806e+01
 1.57394653e+01
 2.07564331e+01
 2.27512451e+01
 2.28423096e+01
 1.89844604e+01
 1.25646912e+01
 4.52944336e+00
 2.51006470e+00
 1.95357666e+00
 1.87130127e+00
 5.66625366e+00
 1.27518860e+01
 1.48713318e+01
 1.89849487e+01
 2.28682495e+01
 1.98166443e+01
 1.72134644e+01
 1.34103943e+01
 6.52248535e+00
 3.97332764e-01
 2.38826904e+00
 4.17333374e+00
 7.41619263e+00
 1.31974426e+01
 1.80383850e+01
 1.99483276e+01
 2.15199829e+01
 2.03553406e+01
 1.84405457e+01
 1.28361145e+01
 5.31350098e+00
 9.80584717e-01
 -5.18201294e+00
 3.53759155e+00
 1.11022278e+01
 1.37949768e+01
 1.95910278e+01
 2.22862793e+01
 2.24597412e+01
 2.04828125e+01
 1.78515869e+01
 1.38329712e+01
 9.37642822e+00
 2.34108887e+00
 4.62725220e+00
 6.11361084e+00
 8.92501221e+00
 1.25515991e+01
 1.68727356e+01
 2.13313843e+01
 2.39095093e+01
 2.27742249e+01
 1.85945068e+01
 1.54431702e+01
 1.11953369e+01
 8.08281860e+00
 6.77124023e-02
 2.92614136e+00
 8.65313110e+00
 1.51834351e+01
 1.92396179e+01
 2.28624512e+01
 2.60208069e+01
 2.40243774e+01
 1.73736206e+01
 1.51402222e+01
 5.59288940e+00
 1.96410522e+00
 4.46883545e+00
 6.62386475e+00
 9.95324097e+00
 1.38850342e+01
 1.75642029e+01
 2.20390564e+01
 2.41106812e+01
 2.48367554e+01
 2.10977417e+01
 1.28823792e+01
 9.29152832e+00
 4.37841187e+00
 6.97933350e+00
 6.73140869e+00
 7.40160522e+00
 1.59425293e+01
 1.76155945e+01
 2.30994202e+01
 2.68061768e+01
 2.49526001e+01
 1.92519775e+01
 1.33680969e+01
 7.58687744e+00
 3.64803467e+00
