 -3.76294556e+00
 -2.89758911e+00
 5.01949463e+00
 9.64406738e+00
 1.63006836e+01
 1.94804016e+01
 2.86591125e+01
 2.49137512e+01
 1.91491943e+01
 1.19784790e+01
 4.46785889e+00
 4.59526978e+00
 1.35156250e-01
 1.72878418e+00
 2.91286621e+00
 8.93581543e+00
 1.51957947e+01
 2.53870483e+01
 2.84570251e+01
 2.37141357e+01
 1.68736206e+01
 9.56328735e+00
 5.92507324e+00
 2.11373291e+00
 -4.47913208e+00
 -1.60996094e+00
 1.73784790e+00
 1.06267029e+01
 1.57801758e+01
 2.22011963e+01
 2.83068176e+01
 2.56102234e+01
 1.31414429e+01
 1.12839294e+01
 3.34923706e+00
 1.55016479e+00
 -4.33233643e-01
 1.49678955e+00
 4.76513062e+00
 1.06492554e+01
 1.54700256e+01
 2.05578552e+01
 2.23679749e+01
 2.31219421e+01
 1.48886658e+01
 7.49453125e+00
 1.98708496e+00
 3.15462646e+00
 -6.12768555e-01
 -2.04169312e+00
 5.54448853e+00
 9.87267456e+00
 1.37898499e+01
 1.94989868e+01
 2.46730591e+01
 2.57843262e+01
 1.83471313e+01
 9.47667847e+00
 7.32695923e+00
 3.32573853e+00
 -4.97991943e-01
 -1.62039795e+00
 4.27572021e+00
 1.06481873e+01
 1.60884338e+01
 2.00642029e+01
 2.42618042e+01
 2.22135559e+01
 1.70561768e+01
 1.08867432e+01
 5.79097900e+00
 -1.23056641e+00
 6.12298584e-01
 2.28218994e+00
 4.97261963e+00
 1.03420044e+01
 1.31318298e+01
 1.99934937e+01
 2.24732910e+01
 2.36154114e+01
 1.69305359e+01
 1.16092468e+01
 5.95107422e+00
 1.41748047e-01
 1.74249268e-01
 2.00213013e+00
 4.40413818e+00
 1.21805969e+01
 1.71888062e+01
 2.10910583e+01
 2.45497375e+01
 2.28228394e+01
 1.79805542e+01
 1.06783997e+01
 6.12758789e+00
 2.54747925e+00
 7.81335449e-01
 1.20534668e+00
 6.32372437e+00
 9.84728394e+00
 1.42022949e+01
 2.03434387e+01
 2.42411743e+01
 2.50726257e+01
 1.71863647e+01
 1.07629944e+01
 5.26369629e+00
 -1.88660278e+00
 -1.80158081e+00
 -2.09387207e-01
 4.03038940e+00
 8.77495728e+00
 1.30583435e+01
 2.09276367e+01
 2.28116699e+01
 2.01269165e+01
 1.85322815e+01
 1.23780457e+01
 2.59490356e+00
 1.71914063e+00
 -4.74157715e-01
 2.10604248e+00
 4.28344116e+00
 1.11565186e+01
 1.49037415e+01
 2.25556885e+01
 2.58333984e+01
 2.28814636e+01
 1.96902710e+01
 1.16426331e+01
 4.22579346e+00
 3.78747559e-01
 1.55269775e+00
 5.00756226e+00
 6.12011108e+00
 1.03824097e+01
 1.54037415e+01
 1.86606689e+01
 2.32625366e+01
 2.26564575e+01
 1.87605530e+01
 1.10102783e+01
 3.20781860e+00
 -2.27239990e-01
 -1.15668335e+00
 -4.91583252e-01
 2.33803711e+00
 1.55229126e+01
 1.61904846e+01
 2.19062439e+01
 2.51655823e+01
 2.29323364e+01
 1.82442871e+01
 1.14431702e+01
 6.87578735e+00
 -2.09967041e-01
 -8.99353638e+00
 -1.47344971e-01
 7.01168213e+00
 1.11014038e+01
 1.79931885e+01
 1.95109802e+01
 2.32072998e+01
 2.41952454e+01
 1.88979126e+01
 1.07655579e+01
 7.42489014e+00
 2.32830200e+00
 -7.32214355e-01
 4.78762207e+00
 8.87883911e+00
 8.54760132e+00
 1.88860413e+01
 2.30727783e+01
 2.49658142e+01
 3.05755554e+01
 1.78052917e+01
 1.33168884e+01
 7.95284424e+00
 3.36971436e+00
 1.62957153e+00
 3.60665283e+00
 4.27221069e+00
 1.25821777e+01
 1.56728760e+01
 2.19784790e+01
 2.80379272e+01
 2.38102966e+01
 2.03423401e+01
 6.37197266e+00
 -5.04492187e-01
 -3.14072266e+00
 2.89968262e+00
 -2.73514404e+00
 4.61684570e+00
 7.65804443e+00
 1.39900452e+01
 2.12513672e+01
 2.47210022e+01
 2.51245361e+01
 1.69117371e+01
 8.79836426e+00
 4.91906128e+00
 2.63204346e+00
 2.30797729e+00
 2.83406982e+00
 4.43609009e+00
 1.10686890e+01
 1.65622803e+01
 1.94598022e+01
 2.40078979e+01
 2.47019897e+01
 1.75143677e+01
 1.32658936e+01
 6.10744629e+00
 2.34307861e-01
 4.18624268e+00
 -3.45642700e+00
 6.28414307e+00
 1.05861450e+01
 1.56731812e+01
 1.92946411e+01
 2.00989014e+01
 2.35030457e+01
 1.87004333e+01
 8.22426758e+00
 7.41250000e+00
 2.77578125e+00
 -7.83392334e-01
 2.12960205e+00
 5.56432495e+00
 8.78405151e+00
 1.30646912e+01
 2.09607788e+01
 2.38170105e+01
 2.66960693e+01
 1.91427551e+01
 1.23995911e+01
 6.19832764e+00
 2.38802490e+00
 2.07964478e+00
 4.56697998e+00
 9.77263794e+00
 9.19252930e+00
 1.73022400e+01
 1.95594727e+01
 2.51347290e+01
 2.50302673e+01
 1.52913757e+01
 9.47149048e+00
 2.99739990e+00
 -2.42981567e+00
 2.82705078e+00
 8.46154785e-01
 5.70601807e+00
 9.49361572e+00
 1.34610535e+01
 1.91494080e+01
 2.39804626e+01
 2.66114746e+01
 1.61363159e+01
 8.93755493e+00
 6.10979614e+00
 -3.97360840e+00
 -1.68280029e-01
 2.85852051e-01
 4.32280884e+00
 8.15938721e+00
 1.37679688e+01
 2.29181152e+01
 2.79936768e+01
 2.49285828e+01
 1.69646240e+01
 8.97768555e+00
 4.86251221e+00
 -2.70751953e-02
 -3.08203735e+00
 2.16793213e+00
 1.73488770e+00
 1.00189453e+01
 1.44949585e+01
 2.00492493e+01
 2.23796021e+01
 2.48426453e+01
 1.79216248e+01
 1.22048279e+01
 7.81215820e+00
 1.52910767e+00
 6.70770264e-01
 3.53197632e+00
 2.99660645e+00
 1.07000366e+01
 1.81393677e+01
 1.99705139e+01
 2.49198242e+01
 2.44949585e+01
 1.89058777e+01
 1.19713379e+01
 7.46065674e+00
 2.41170654e+00
 1.69512329e+00
 1.96621094e+00
 7.24401245e+00
 1.00308167e+01
 1.59593750e+01
 2.27978149e+01
 2.58001648e+01
 2.12730652e+01
 1.36461426e+01
 9.56658325e+00
 7.64446411e+00
 8.35076904e-01
 2.03518066e+00
 6.39815674e+00
 7.71346436e+00
 1.20778748e+01
 1.84508606e+01
 2.31487671e+01
 2.54704224e+01
 3.01740356e+01
 2.05906006e+01
 9.57308350e+00
 7.43615112e+00
 2.00505981e+00
 -1.91031494e+00
 -3.19699707e+00
 2.68139038e+00
 1.31855103e+01
 1.74116760e+01
 2.66194702e+01
 3.06331116e+01
 2.77377563e+01
 1.87566162e+01
 1.14982544e+01
 1.07833252e+00
 -2.47403564e+00
 3.96234131e-01
 3.80614624e+00
 8.13250122e+00
 9.00444946e+00
 1.68200317e+01
 2.25539795e+01
 2.84583679e+01
 2.59963623e+01
 1.55209595e+01
 7.60515747e+00
 8.24492798e+00
 3.16152344e+00
 2.80135498e+00
 1.14998779e+00
 4.39211426e+00
 1.04758545e+01
 1.67507568e+01
 2.12127319e+01
 2.62329956e+01
 2.30143982e+01
 1.96372620e+01
 1.08009888e+01
 5.02391968e+00
 -3.51993408e+00
 -3.54831543e+00
 3.08898315e+00
 5.29949341e+00
 1.08606201e+01
 1.69996887e+01
 2.33160950e+01
 2.62454163e+01
 2.54250122e+01
 2.11306091e+01
 1.08571716e+01
 3.97503052e+00
 -9.21118164e-01
 -3.42307129e+00
 4.20159302e+00
 5.30376587e+00
 1.03286682e+01
 1.54036804e+01
 1.92040649e+01
 2.35225464e+01
 2.67384277e+01
 1.50592896e+01
 1.01390625e+01
 8.62648926e+00
 4.71004639e+00
 -1.72790527e-02
 -7.64349365e-01
 4.47915039e+00
 9.58486328e+00
 1.62066284e+01
 1.98918701e+01
 2.77519165e+01
 2.64492126e+01
 2.05292603e+01
 1.65136047e+01
 3.55797729e+00
 -1.06128540e+00
 3.05291748e-01
 3.19048462e+00
 6.72060547e+00
 7.53020630e+00
 1.56427856e+01
 1.70004211e+01
 2.23849426e+01
 2.22652222e+01
 1.88590332e+01
 1.07792908e+01
 2.37206421e+00
 1.91156006e-01
 1.21413574e+00
 -9.64086914e-01
 4.72039185e+00
 9.26168213e+00
 1.63218323e+01
 2.30131165e+01
 2.87962891e+01
 2.54535461e+01
 1.82309204e+01
 1.13559204e+01
 2.12401733e+00
 -2.94019165e+00
 -1.48233643e+00
 1.80892334e+00
 6.40880737e+00
 1.19629761e+01
 1.52780090e+01
 1.90418335e+01
 2.35965515e+01
 2.56275269e+01
 1.92733398e+01
 1.24078003e+01
 7.48189697e+00
 1.25103149e+00
 -1.17407227e-01
 2.78835449e+00
 4.98784790e+00
 1.07446533e+01
 1.49221741e+01
 2.22444092e+01
 2.60581604e+01
 2.56195007e+01
 1.87939697e+01
 1.03889404e+01
 6.91622314e+00
 1.94402466e+00
 -8.30358887e-01
 -8.39788818e-01
 5.03060303e+00
 8.74407349e+00
 1.57133728e+01
 1.82746216e+01
 2.19278809e+01
 2.58981873e+01
 2.15687500e+01
 1.23380371e+01
 5.94402466e+00
 2.05513916e+00
 4.94399414e+00
 2.46373901e+00
 7.58028564e+00
 1.12423340e+01
 1.73293396e+01
 2.11452576e+01
 2.60105530e+01
 2.62783447e+01
 1.92686707e+01
 1.19707275e+01
 8.31005249e+00
 6.01088867e+00
 3.87023315e+00
 3.85878906e+00
 6.00451050e+00
 1.08856750e+01
 1.58296753e+01
 2.21411682e+01
 2.58534180e+01
 2.74891602e+01
 1.67055603e+01
 8.75258789e+00
 6.71297607e+00
 1.89153442e+00
 4.16488037e+00
 3.01778564e+00
 5.68914185e+00
 1.14522339e+01
 1.49938599e+01
 2.03315979e+01
 2.33462463e+01
 2.27992188e+01
 2.03348938e+01
 8.90838013e+00
 6.79461060e+00
 2.83019409e+00
 3.17904053e+00
 -1.36765137e+00
 4.61623535e+00
 7.37044678e+00
 1.49025208e+01
 2.14872986e+01
 2.32510620e+01
 2.55305115e+01
 1.79048096e+01
 1.06132751e+01
 7.45177612e+00
 1.81536255e+00
 -2.74243774e+00
 1.92287598e+00
 3.01064453e+00
 1.07538696e+01
 1.69799438e+01
 2.28253418e+01
 2.87648254e+01
 2.71163269e+01
 2.13020569e+01
 1.43056274e+01
 6.01555786e+00
 3.94973145e+00
 3.76159058e+00
 3.91961060e+00
 6.12844238e+00
 1.00767151e+01
 1.61123901e+01
 2.30833069e+01
 2.78019043e+01
 2.72884155e+01
 2.10892578e+01
 1.42371155e+01
 6.92699585e+00
 6.04364014e-01
 -1.00150146e+00
 1.34374390e+00
 7.26986084e+00
 1.09507080e+01
 1.91526428e+01
 2.01283203e+01
 2.77913757e+01
 2.96555420e+01
 2.20052124e+01
 9.85390625e+00
 5.17925415e+00
 6.80627441e-01
 -4.79428711e+00
 -7.91015625e-03
 6.23571167e+00
 1.58774048e+01
 1.79749084e+01
 1.98453918e+01
 2.75535217e+01
 2.39698425e+01
 2.00929504e+01
 1.12666565e+01
 7.95711670e+00
 2.95488892e+00
 3.30645142e+00
 -3.16809082e-01
 6.27971802e+00
 9.54812012e+00
 1.54167725e+01
 2.12986084e+01
 2.25141846e+01
 2.46537720e+01
 2.04187256e+01
 1.31854797e+01
 3.92907104e+00
 4.27419434e+00
 4.46462402e+00
 2.67260132e+00
 6.73702393e+00
 1.03745667e+01
 1.68303162e+01
 1.68810974e+01
 1.97655273e+01
 2.40742432e+01
 2.15403076e+01
 1.33622986e+01
 1.05800415e+01
 4.26494751e+00
 -5.88870850e+00
 3.29696045e+00
 8.65444336e+00
 1.11877380e+01
 1.81586853e+01
 2.46421448e+01
 3.05883423e+01
 3.00833984e+01
 1.73014771e+01
 1.33745361e+01
 4.68819580e+00
 -4.78372803e+00
 2.05706177e+00
 3.67931519e+00
 5.06932983e+00
 1.38753296e+01
 1.77552429e+01
 2.13294922e+01
 2.85188538e+01
 3.08303162e+01
 2.20339294e+01
 1.23199707e+01
 8.18871460e+00
 4.49859009e+00
 5.53857422e-01
 5.10790405e+00
 6.46050415e+00
 1.16018005e+01
 1.77851501e+01
 2.37703186e+01
 2.87569824e+01
 2.81874329e+01
 2.28380676e+01
 1.60314270e+01
 9.41088257e+00
 7.09802246e-01
 2.29616699e+00
 3.68587646e+00
 8.25145874e+00
 9.58220825e+00
 1.54745117e+01
 2.13324219e+01
 2.48144165e+01
 2.77570435e+01
 1.77076660e+01
 1.35541931e+01
 9.32439575e+00
 5.13442383e+00
 2.32482910e-02
 8.52258301e-01
 4.14144287e+00
 1.24083191e+01
 1.58722778e+01
 2.02898193e+01
 2.78481995e+01
 2.62969910e+01
 2.15266968e+01
 1.35776611e+01
 4.59331665e+00
 3.27572021e+00
 2.16289673e+00
 5.11754761e+00
 8.77669678e+00
 1.19302307e+01
 1.44177185e+01
 2.12962891e+01
 2.68962341e+01
 2.72919250e+01
 2.37378174e+01
 1.45559326e+01
 9.58037720e+00
 3.52807007e+00
 4.33242188e+00
 6.38378296e+00
 7.12081299e+00
 1.10968262e+01
 1.34075867e+01
 2.05806824e+01
 2.86124512e+01
 2.61902710e+01
 2.05037476e+01
 1.22557007e+01
 6.95791016e+00
 1.41893921e+00
 -3.30871582e-02
 4.43489990e+00
 5.92479858e+00
 1.01324707e+01
 1.66447998e+01
 2.32837769e+01
 2.71489197e+01
 2.80909058e+01
 1.92937561e+01
 1.47501160e+01
 6.29958496e+00
 3.85616455e+00
 -4.05554199e-01
 1.77315674e+00
 6.87102661e+00
 9.38036499e+00
 1.56613708e+01
 2.07762085e+01
 2.49767090e+01
 2.26251770e+01
 1.57232300e+01
 1.16480652e+01
 8.06597290e+00
 3.47579346e+00
 4.00600586e+00
 1.70040283e+00
 8.12151489e+00
 1.25559021e+01
 1.64597717e+01
 2.26868530e+01
 3.10935608e+01
 2.49065491e+01
 2.08708130e+01
 1.35865112e+01
 7.85653076e+00
 -1.02866211e+00
 2.85958252e+00
 6.46227417e+00
 3.94127808e+00
 1.50953613e+01
 1.45061890e+01
 2.08765198e+01
 2.48738342e+01
 2.41377808e+01
 1.80269714e+01
 9.80147705e+00
 7.45559082e+00
 -9.11535645e-01
 -3.13410034e+00
 2.46618042e+00
 5.95607910e+00
 1.01725708e+01
 1.30384155e+01
 1.86857544e+01
 2.50423523e+01
 2.66541687e+01
 1.94184814e+01
 1.33409668e+01
 6.43132935e+00
 5.62932739e+00
 4.30611572e+00
 5.79219971e+00
 6.22716675e+00
 1.21671997e+01
 1.93279358e+01
 2.07737061e+01
 2.42482544e+01
 2.53723694e+01
 1.92003723e+01
 1.16570068e+01
 5.11693726e+00
 -1.47803345e+00
 4.67617188e+00
 2.90389404e+00
 6.03927002e+00
 1.15255981e+01
 1.67362610e+01
 2.28778931e+01
 2.85533691e+01
 2.58873535e+01
 2.19127747e+01
 1.42172180e+01
 1.05002075e+01
 3.21801147e+00
 4.33904419e+00
 1.65303955e+00
 3.52251587e+00
 1.05077759e+01
 1.76578003e+01
 2.31816345e+01
 2.45040527e+01
 2.49568726e+01
 2.01242615e+01
 1.46617676e+01
 6.94600830e+00
 2.44152222e+00
 -3.40213623e+00
 8.28316650e+00
 6.38564453e+00
 9.89000854e+00
 1.95714050e+01
 2.44605652e+01
 3.19063049e+01
 2.90723511e+01
 2.16240173e+01
 1.28177124e+01
 8.16893921e+00
 7.51900635e+00
 1.94866333e+00
 2.14232788e+00
 3.80971680e+00
 1.07118774e+01
 1.64273926e+01
 2.17337280e+01
 2.82962891e+01
 2.91900574e+01
 1.69131104e+01
 9.49898682e+00
 7.34023438e+00
 -3.46219482e+00
 1.37719116e+00
 1.18035278e+00
 5.83205566e+00
 1.21298462e+01
 1.85911194e+01
 2.16108337e+01
 2.93091370e+01
 2.74092041e+01
 2.48188416e+01
 1.42868591e+01
 3.99407349e+00
 -9.23529053e-01
 -2.23483887e+00
 1.76073608e+00
 8.18456421e+00
 1.03253418e+01
 1.63753601e+01
 2.29129883e+01
 2.47307678e+01
 2.53039185e+01
 2.07230469e+01
 1.09431396e+01
 8.28688965e+00
 6.81557617e+00
 -2.13873291e-01
 4.32714233e+00
 9.13662109e+00
 1.00746399e+01
 1.41309753e+01
 2.23857056e+01
 2.65190979e+01
 2.84432312e+01
 2.47497498e+01
 1.75081726e+01
 6.79271851e+00
 4.56484375e+00
 4.84441528e+00
 5.11339722e+00
 7.49797974e+00
 8.54158936e+00
 1.63052612e+01
 2.27335754e+01
 3.03113647e+01
 2.83547302e+01
 2.14992310e+01
 1.40031982e+01
 7.78823242e+00
 4.58339844e+00
 3.92846680e-01
 1.52163086e+00
 3.06487427e+00
 1.23483521e+01
 1.81530701e+01
 2.60151306e+01
 2.79876038e+01
 2.87366577e+01
 2.46823059e+01
 1.84790283e+01
 7.67229614e+00
 3.12157593e+00
 3.21126709e+00
 5.68078003e+00
 8.37334595e+00
 1.34518372e+01
 1.94096008e+01
 2.32694641e+01
 3.31963745e+01
 3.19936462e+01
 2.26911560e+01
 1.22511230e+01
 5.40303955e+00
 7.14199219e+00
 3.36968994e-01
 4.02086792e+00
 7.11916504e+00
 1.37698608e+01
 1.67649780e+01
 2.18156067e+01
 2.71544434e+01
 2.74517456e+01
 2.57085510e+01
 1.25984131e+01
 5.71953735e+00
 5.53142700e+00
 3.05669556e+00
 3.25884399e+00
 9.13082275e+00
 1.13779846e+01
 1.47617432e+01
 2.46939636e+01
 3.03871399e+01
 2.87537476e+01
 1.84581848e+01
 1.34881531e+01
 1.29912659e+01
 3.81548462e+00
 3.35000000e+00
 4.06243286e+00
 5.22582397e+00
 7.72673950e+00
 1.57408386e+01
 2.06194397e+01
 2.52630859e+01
 2.53662354e+01
 2.50230042e+01
 1.62351929e+01
 8.48720703e+00
 1.17113647e+00
 3.43560791e-01
 7.00280762e-01
 3.91100464e+00
 1.15037781e+01
 1.50267883e+01
 2.04789368e+01
 2.71347900e+01
 2.69751831e+01
 1.79563843e+01
 1.08618713e+01
 8.88430176e+00
 2.12529907e+00
 3.19347534e+00
 1.59414063e+00
 4.48485718e+00
 9.12722168e+00
 1.76055237e+01
 2.23181091e+01
 2.58175903e+01
 2.61687866e+01
 1.68102966e+01
 1.38655640e+01
 7.96636353e+00
 4.24270020e+00
 1.35143433e+00
 2.83843384e+00
 8.84087524e+00
 1.05012756e+01
 1.70407959e+01
 2.32027527e+01
 2.97014404e+01
 2.89782654e+01
 2.16055542e+01
 1.26745850e+01
 6.57891235e+00
 2.95992432e+00
 -3.70349731e+00
 3.19869385e+00
 5.34285889e+00
 1.28777405e+01
 1.51251770e+01
 2.28266541e+01
 3.03714844e+01
 3.11686035e+01
 1.94773499e+01
 1.16741882e+01
 6.58123169e+00
 1.06759033e+00
 3.00716553e+00
 2.10561523e+00
 6.37435303e+00
 1.18194214e+01
 2.13685852e+01
 2.50247131e+01
 3.28648926e+01
 2.88825928e+01
 2.45420776e+01
 1.32837463e+01
 7.38622437e+00
 1.60781250e+00
 2.21096191e+00
 6.60272217e-01
 7.90007935e+00
 1.18853699e+01
 1.74660278e+01
 2.38750244e+01
 2.87428833e+01
 3.14788757e+01
 2.47145935e+01
 1.55555969e+01
 4.22780762e+00
 5.61669922e-01
 3.07726440e+00
 2.78640137e+00
 6.14727173e+00
 1.32296997e+01
 1.70985657e+01
 2.14080444e+01
 2.93935791e+01
 2.73029114e+01
 2.07187134e+01
 1.50485474e+01
 1.01883789e+01
 2.54296265e+00
 4.67098389e+00
 4.02611694e+00
 7.04976807e+00
 1.17705322e+01
 1.72259460e+01
 2.69872681e+01
 3.04362732e+01
 2.75382629e+01
 2.24472595e+01
 1.27933594e+01
 4.92580566e+00
 4.13997803e+00
 2.41289673e+00
 5.24462280e+00
 7.60778198e+00
 1.29034363e+01
 2.03070923e+01
 2.31928345e+01
 3.40087219e+01
 2.86150757e+01
 2.07723328e+01
 1.28493896e+01
 7.87282715e+00
 6.51235352e+00
 4.71264038e+00
 3.70827637e+00
 8.45614014e+00
 1.19454895e+01
 1.98249146e+01
 2.34477783e+01
 3.00006653e+01
 2.97471252e+01
 2.12528931e+01
 1.31319824e+01
 7.59551392e+00
 2.24022827e+00
 -1.47253418e-01
 2.04250488e+00
 5.86379395e+00
 1.14498535e+01
 1.83157593e+01
 2.27802673e+01
 3.08990723e+01
 3.00916687e+01
 2.06123291e+01
 1.44452759e+01
 3.80303345e+00
 3.58672485e+00
 2.29134521e+00
 -5.65740967e-01
 3.70653687e+00
 1.10877319e+01
 1.81032654e+01
 2.40763184e+01
 2.82227722e+01
 2.65651489e+01
 2.16934448e+01
 1.48337646e+01
 1.03114868e+01
 3.95263062e+00
 3.05895386e+00
 2.89205322e+00
 8.81173096e+00
 8.84560547e+00
 1.68826843e+01
 2.15740295e+01
 2.74236694e+01
 2.75873962e+01
 2.09674316e+01
 1.54934937e+01
 8.56890259e+00
 1.36696777e+00
 3.41738281e+00
 7.19994507e+00
 7.51857910e+00
 1.08937927e+01
 1.89021851e+01
 2.71574646e+01
 3.25732971e+01
 3.02034241e+01
 2.38154846e+01
 1.62809387e+01
 4.23693237e+00
 2.90441284e+00
 1.86034546e+00
 7.24086914e+00
 7.20357666e+00
 1.18314148e+01
 1.75451294e+01
 2.40771423e+01
 2.82567078e+01
 3.20743042e+01
 2.12975098e+01
 1.72775208e+01
 9.29009399e+00
 3.09246216e+00
 6.02224121e+00
 2.74239502e+00
 7.60378418e+00
 1.38279968e+01
 1.93471008e+01
 2.60743347e+01
 3.34844910e+01
 2.99186646e+01
 2.14433228e+01
 1.55725647e+01
 6.60009155e+00
 4.47197876e+00
 2.34432373e+00
 1.38170776e+00
 7.34304199e+00
 1.17410828e+01
 1.61130310e+01
 2.45103699e+01
 3.20019470e+01
 2.97386719e+01
 2.59118896e+01
 1.30017639e+01
 8.43151245e+00
 4.74196777e+00
 2.41304932e+00
 5.80968628e+00
 8.93526611e+00
 1.41671387e+01
 2.05745483e+01
 2.30405518e+01
 3.04631592e+01
 3.01917969e+01
 2.51298767e+01
 1.70973145e+01
 7.10579834e+00
 6.99688110e+00
 3.02095947e+00
 2.89327393e+00
 1.12532593e+01
 1.44107300e+01
 2.01459900e+01
 2.49942871e+01
 3.04307190e+01
 3.18142334e+01
 2.18329712e+01
 1.52591797e+01
 8.49779663e+00
 5.08019409e+00
 4.99825439e+00
 3.65404663e+00
 6.76183472e+00
 1.27752625e+01
 1.95712524e+01
 2.41824280e+01
 3.06667114e+01
 2.79125610e+01
 1.92447449e+01
 1.25008789e+01
 9.14342651e+00
 4.58229980e+00
 -2.11920166e-01
 2.95202026e+00
 5.60277710e+00
 1.15265442e+01
 1.65143677e+01
 2.05995728e+01
 2.40243469e+01
 2.87567383e+01
 2.20271851e+01
 1.59395996e+01
 1.10365845e+01
 7.33150635e+00
 2.84008179e+00
 3.53325806e+00
 9.04259644e+00
 1.20572449e+01
 1.74883057e+01
 2.59084717e+01
 2.87742859e+01
 2.94656921e+01
 2.28060547e+01
 1.33738953e+01
 1.04199768e+01
 7.96163330e+00
 6.04189453e+00
 4.99642334e+00
 7.87316284e+00
 1.15683838e+01
 1.60122314e+01
 2.35738159e+01
 2.79835754e+01
 3.01982361e+01
 2.34885193e+01
 1.68248840e+01
 6.49035034e+00
 3.59160767e+00
 5.98119507e+00
 4.25356445e+00
 1.07996460e+01
 9.63005981e+00
 1.90950562e+01
 2.74362732e+01
 2.86664673e+01
 3.35179993e+01
 2.31017090e+01
 1.76336609e+01
 1.00330139e+01
 1.41472778e+00
 3.56438599e+00
 5.77956543e+00
 5.82476196e+00
 1.22686096e+01
 2.04629761e+01
 2.13998047e+01
 3.10425964e+01
 2.92957397e+01
 2.30663696e+01
 1.49535461e+01
 9.99590454e+00
 3.00747070e+00
 3.92080078e+00
 2.17589722e+00
 7.34078369e+00
 1.38064209e+01
 1.83384644e+01
 2.64258057e+01
 3.27052551e+01
 3.06424500e+01
 2.39541870e+01
 1.78206421e+01
 1.35784851e+01
 2.36885986e+00
