 5.34430859e+01
 1.01050106e+02
 5.15271160e+01
 6.47210487e+01
 5.10183886e+01
 4.63584918e+01
 2.51706988e+01
 6.81309157e+01
 5.50502116e+01
 1.47968695e+02
 1.36857558e+02
 2.11793208e+01
 4.46390212e+01
 1.24767080e+02
 5.70408589e+01
 1.28424884e+02
 1.04599391e+02
 4.19991593e+01
 1.02198088e+01
 4.17760356e+01
 4.06781608e+01
 2.77774669e+01
 5.08136341e+01
 9.55620797e+01
 4.73320283e+01
 4.14986081e+01
 6.01622350e+01
 5.11388483e+01
 1.35270841e+02
 3.82829754e+01
 1.26102428e+01
 3.78076583e+01
 6.40917239e+01
 7.29988921e+01
 1.25744490e+02
 7.32686586e+01
 4.17088412e+01
 1.84546682e+01
 8.04915510e+01
 2.32995422e+01
 5.95449501e+01
 3.41946626e+01
 1.11615170e+02
 5.19602984e+01
 7.97717837e+01
 3.22218100e+01
 3.30663448e+01
 8.41363386e+01
 1.14789773e+02
 6.23649347e+01
 3.55237149e+01
 3.58721463e+01
 5.60893415e+01
 2.26361292e+01
 6.72562002e+01
 3.02338419e+01
 1.45192257e+02
 7.80555165e+01
 4.47692766e+01
 7.47479187e+01
 2.65771472e+01
 2.88024134e+01
 2.22186265e+01
 5.88620355e+01
 3.12099507e+01
 6.80435544e+01
 4.92697127e+01
 8.25516098e+01
 8.35987469e+01
 8.92118907e+01
 1.30748593e+02
 4.36906706e+01
 5.47191747e+01
 4.16824742e+01
 1.36811591e+01
 5.00388099e+01
 8.84004135e+01
 8.58442179e+01
 4.65808273e+01
 1.03534210e+02
 7.99206223e+00
 6.00271252e+01
 5.76897190e+01
 5.13931803e+01
 9.59658501e+01
 7.50915787e+01
 7.31151571e+01
 2.60623374e+01
 2.88269989e+01
 6.56366998e+01
 3.07672557e+01
 8.31968745e+01
 9.15752331e+01
 5.33704593e+01
 8.38603063e+01
 1.32418537e+01
 6.46663719e+01
 6.97497468e+01
 6.00461259e+01
 2.87454145e+01
 1.68821506e+01
 8.95583744e+01
 5.46200202e+01
 7.12900496e+01
 8.17755541e+01
 1.89580214e+01
 4.60451684e+01
 1.11050157e+02
 8.52741509e+01
 8.27354834e+01
 2.23516145e+01
 2.51363750e+01
 1.01208131e+02
 6.47153673e+01
 5.58492015e+01
 7.19175802e+01
 4.50790592e+01
 1.01127982e+01
 4.98164732e+01
 5.94076333e+01
 2.08270035e+01
 4.87270705e+01
 3.51889903e+01
 5.23528014e+01
 1.00605311e+02
 1.33683154e+02
 1.03317874e+02
 9.88040422e+01
 8.14506181e+01
 3.07735844e+01
 2.30493714e+01
 3.53570712e+01
 6.03567098e+01
 1.78896969e+01
 3.85908780e+01
 3.43250557e+01
 3.80148271e+01
 4.24275431e+01
 9.04201031e+01
 1.18460128e+02
 4.77427112e+01
 3.30892419e+01
 2.08789344e+01
 7.26780721e+01
 6.35607634e+01
 7.60676270e+01
 7.46318146e+01
 6.63796707e+01
 1.31041045e+02
 1.01799321e+02
 4.59610626e+01
 4.88842708e+01
 5.21386543e+01
 1.37096908e+02
 5.15948987e+01
 8.39670080e+01
 5.01269281e+01
 3.73646208e+01
 4.01216350e+01
 1.07190464e+02
 1.04857264e+02
 2.50784275e+01
 7.39746915e+01
 5.73629310e+01
 1.03869967e+02
 1.00179461e+02
 4.41099278e+01
 7.72940161e+01
 1.75379582e+01
 1.74666802e+01
 3.87181853e+01
 5.45922422e+01
 1.70389475e+02
 1.10983811e+02
 1.42492452e+02
 5.87946260e+01
 3.70470088e+01
 8.99739075e+01
 2.45837838e+01
 3.91195927e+01
 3.14508653e+01
 5.09158348e+01
 9.52882354e+01
 3.90558477e+01
 1.58228930e+01
 1.28346314e+01
 5.94520122e+01
 9.37589303e+01
 7.95124308e+01
 8.32641273e+01
 1.85077227e+01
 8.29617137e+01
 9.02185589e+01
 2.65356942e+01
 4.91751914e+01
 1.84231212e+01
 1.05339454e+02
 1.82903436e+01
 1.21473790e+02
 8.73587742e+01
 1.41830034e+02
 7.14415438e+01
 5.26158884e+01
 7.36344421e+01
 9.75708171e+01
 6.18364435e+01
 6.95907902e+01
 4.07670588e+01
 7.37147226e+01
 4.24894252e+01
 5.29228509e+01
 1.59909220e+02
 4.98025361e+01
 7.89688864e+01
 3.84260773e+01
 2.36067368e+01
 4.96618926e+01
 5.14677190e+01
 4.39119073e+01
 5.62883470e+01
 1.39302903e+02
 6.99431368e+01
 1.11849220e+02
 8.25649980e+01
 1.03867506e+02
 1.01935216e+02
 7.26935886e+01
 2.93429466e+01
 6.63751218e+01
 8.72056865e+01
 8.00566633e+01
 6.13687971e+01
 1.08934567e+02
 4.61096105e+01
 1.49732772e+02
 1.61538527e+01
 4.66916363e+01
 9.53852560e+01
 6.46288551e+01
 6.34745635e+01
 1.17824004e+02
 5.18437328e+01
 5.16128092e+01
 6.71865132e+01
 1.24313775e+02
 3.50819282e+01
 8.98166790e+01
 1.21521935e+02
 1.69041132e+01
 1.00642328e+02
 9.35401723e+01
 3.93307833e+01
 7.28744471e+01
 4.77776760e+01
 4.70852674e+01
 1.03625947e+02
 3.62397816e+01
 2.63290218e+01
 6.08027884e+01
 5.52863416e+01
 9.89207538e+01
 1.36229876e+01
 5.45585359e+01
 3.98901063e+01
 1.25944466e+02
 3.46909875e+01
 6.90253529e+01
 1.98652504e+01
 4.29753420e+01
 3.81635349e+01
 5.77350042e+01
 1.60278109e+01
 7.30216647e+01
 1.15557490e+02
 6.76000831e+01
 6.35726023e+01
 9.13189251e+01
 2.50452716e+01
 4.57375994e+01
 1.03672284e+02
 4.05142485e+01
 7.60790690e+00
 6.65897521e+01
 8.68145276e+00
 1.89689206e+01
 4.74328930e+01
 7.71866334e+01
 4.74522932e+01
 5.62675440e+01
 5.17660948e+01
 6.23587628e+01
 1.62189850e+01
 4.03070991e+01
 6.71954619e+01
 5.11666527e+01
 8.41750027e+01
 8.88561396e+01
 5.73377087e+01
 3.02499019e+01
 2.66408654e+01
 7.56722700e+01
 6.04964827e+01
 7.69173145e+01
 6.56159688e+01
 6.30373324e+01
 1.17553715e+02
 4.32036040e+01
 1.22649789e+02
 1.04555502e+02
 1.02518830e+02
 9.73011941e+01
 5.50110892e+01
 1.16109358e+02
 4.53314385e+01
 3.02709201e+01
 1.07408487e+02
 4.28401396e+01
 3.85422717e+01
 5.07081359e+01
 8.88203588e+01
 7.22499334e+01
 2.57714652e+01
 8.09375042e+01
 7.97193225e+01
 5.03702933e+01
 1.02537290e+02
 1.15316278e+02
 9.64584482e+01
 7.64611022e+01
 1.92822298e+02
 1.73441382e+02
 8.44615726e+01
 3.36096076e+01
 6.91848129e+01
 4.34016769e+01
 4.87308911e+01
 2.72199710e+01
 5.80785493e+01
 3.56695211e+01
 4.25797941e+01
 1.05328590e+02
 8.26152071e+01
 5.36121729e+01
 9.86431889e+01
 8.49350025e+01
 2.34763820e+01
 7.01114464e+01
 2.32032978e+01
 5.29024227e+01
 3.46357217e+01
 7.64241336e+01
 3.10515912e+01
 8.22821783e+00
 5.24790690e+01
 1.12820800e+02
 1.13591294e+02
 5.46919064e+00
 7.12883882e+01
 2.29795709e+01
 8.63738155e+01
 7.56531085e+01
 6.30324112e+01
 4.75203304e+01
 6.07883886e+01
 9.09783347e+01
 4.69667602e+01
 3.99338688e+01
 8.23532130e+01
 1.10032643e+02
 4.33092286e+01
 5.43536345e+01
 3.25789311e+01
 4.02841984e+01
 9.01272219e+01
 6.56288512e+01
 3.31351788e+01
 6.66897544e+01
 8.66421730e+01
 3.84972214e+01
 1.12900574e+02
 9.95270232e+01
 4.90864385e+01
 4.70527444e+01
 6.75676318e+01
 4.38447860e+01
 7.77536167e+01
 7.84010375e+01
 8.67912745e+01
 2.21430255e+01
 7.63089460e+00
 1.30535509e+02
 4.97272112e+01
 1.96053306e+01
 2.43513314e+01
 7.29944649e+01
 7.77334981e+01
 4.17854239e+01
 9.62982091e+01
 7.94232473e+01
 3.01920770e+01
 3.42198412e+01
 1.34928192e+01
 3.64818679e+01
 2.03589961e+02
 8.57725998e+01
 2.00507420e+02
 7.15882932e+01
 5.38100679e+01
 3.63461906e+01
 8.63445968e+01
 1.09909139e+02
 2.24774448e+01
 4.43067570e+01
 4.83360006e+01
 4.17071117e+01
 7.84791499e+01
 6.44446141e+01
 3.10929720e+01
 9.31591665e+00
 2.62818052e+01
 4.95953218e+01
 6.92636632e+01
 6.92610886e+01
 1.18899693e+02
 4.96543897e+01
 6.68699083e+01
 1.71779164e+01
 4.35898742e+01
 8.63708728e+01
 1.14008346e+02
 9.78343083e+01
 8.43160173e+01
 7.03388537e+01
 2.04827108e+01
 1.17127661e+02
 7.15515601e+01
 1.57252402e+02
 9.33236018e+01
 3.34971485e+01
 7.05999675e+01
 1.61120015e+02
 1.48830364e+02
 8.28602174e+01
 1.26666425e+02
 5.14564235e+01
 5.53987333e+01
 7.36503539e+01
 3.42088943e+01
 2.45651943e+01
 1.22786298e+02
 8.96115491e+01
 1.11389120e+02
 1.63725349e+02
 6.87255361e+01
 2.10026160e+01
 6.16965485e+01
 1.05290140e+02
 6.05638896e+01
 1.47919839e+02
 8.08631515e+01
 1.07619639e+02
 4.86730019e+01
 1.56370525e+02
 6.81681181e+01
 3.10878788e+01
 6.46229625e+01
 7.69036593e+01
 8.41436076e+01
 6.32372931e+01
 4.84115679e+01
 9.61557501e+01
 9.55818028e+01
 4.60374406e+01
 5.39064574e+01
 7.69924015e+01
 2.19592179e+01
 1.05474930e+02
 9.29733720e+01
 1.81657756e+01
 1.50145911e+01
 1.41028617e+02
 4.01801746e+01
 6.69746630e+01
 1.00346110e+02
 6.07153948e+01
 1.70703359e+02
 6.31318634e+01
 5.40535111e+01
 5.15916597e+01
 2.78241162e+01
 1.12717479e+02
 1.05395141e+02
 4.62434670e+01
 5.75115141e+01
 7.50294949e+01
 1.85326356e+02
 9.15494575e+01
 4.74632261e+01
 2.26226745e+01
 3.33870564e+01
 4.67562623e+01
 6.95910582e+01
 6.07150354e+01
 8.78228304e+01
 5.94164223e+01
 1.55819893e+01
 6.75711640e+01
 9.79410047e+01
 9.04704209e+01
 6.12376686e+01
 4.03626251e+01
 1.00048755e+02
 6.34617767e+01
 6.17995373e+01
 3.32550437e+01
 6.84230055e+01
 3.59419404e+01
 1.08561423e+02
 4.77624922e+01
 1.06765862e+01
 9.60769897e+01
 7.94595305e+01
 4.16142225e+01
 1.47559790e+01
 1.10671369e+02
 6.08306854e+01
 2.86061505e+01
 1.06890379e+01
 1.47371712e+02
 1.06404895e+01
 8.75115303e+01
 5.03916577e+01
 5.56269418e+01
 7.20731984e+01
 1.03402968e+02
 1.04279715e+01
 5.68453418e+01
 8.78637550e+01
 5.09958902e+01
 5.76698122e+01
 1.07573647e+02
 1.18288225e+02
 1.10850407e+00
 2.49607196e+01
 7.87668502e+01
 4.29896723e+01
 2.93202309e+01
 3.81749107e+01
 1.25705546e+02
 1.18945914e+02
 4.23112945e+01
 1.39620819e+02
 8.00178434e+01
 4.72026936e+01
 6.48907802e+01
 8.80673312e+01
 7.62915524e+01
 1.23176629e+02
 9.97215337e+01
 3.52325507e+01
 5.38582012e+01
 9.63276824e+01
 5.60497724e+01
 1.09773688e+02
 8.62133811e+01
 5.10658291e+00
 4.57881170e+01
 3.80543915e+01
 1.71053214e+02
 6.16804185e+01
 4.36731607e+01
 1.77395231e+01
 4.65213134e+01
 1.50269567e+02
 3.77313697e+01
 3.03691417e+01
 7.10812072e+01
 1.03011734e+02
 1.41724143e+01
 1.27970102e+02
 9.57029190e+01
 8.81724246e+01
 5.65434930e+01
 2.21890584e+01
 7.10239575e+01
 2.30452823e+01
 3.33048369e+01
 2.48483466e+01
 9.18264881e+01
 4.43020561e+01
 7.12214716e+01
 4.80037614e+01
 6.46178762e+01
 1.58895940e+02
 2.68126636e+01
 1.27407473e+02
 1.65760530e+02
 5.90556570e+01
 5.86645930e+01
 5.96986757e+01
 9.07647665e+01
 1.17514204e+02
 3.55076763e+01
 4.71502091e+01
 5.89902166e+01
 4.52299995e+01
 1.02415047e+02
 8.10252230e+01
 7.78769020e+01
 1.80405262e+01
 1.53750604e+01
 4.64396665e+01
 6.34372928e+01
 6.72723009e+01
 6.39242960e+01
 4.01221939e+01
 6.30958303e+01
 1.09845861e+02
 5.25292484e+01
 2.69176451e+01
 8.86562406e+01
 1.00146575e+02
 2.84189320e+01
 6.57371067e+01
 6.40550162e+01
 6.59952893e+01
 1.13446256e+02
 3.02771725e+01
 2.48481493e+01
 7.34997145e+01
 1.20025282e+02
 8.37889956e+01
 8.12363767e+01
 4.54480917e+01
 3.81450693e+01
 2.03052718e+02
 1.25016232e+01
 5.68920295e+01
 5.40684973e+01
 4.14152429e+01
 1.24078536e+02
 9.24713131e+01
 1.13971026e+02
 8.78501817e+01
 2.09430065e+01
 7.27555366e+01
 7.97773283e+01
 4.77339083e+01
 9.17572086e+01
 6.71145739e+01
 4.09821316e+01
 1.02812225e+02
 1.26517927e+02
 8.55073959e+00
 1.00443658e+01
 6.07346148e+01
 1.31990210e+01
 1.24065353e+02
 4.09857463e+01
 4.76900556e+01
 3.24848093e+01
 4.19962298e+01
 7.91127608e+01
 4.27913434e+01
 1.54539692e+02
 7.82441158e+01
 9.74157809e+01
 7.47783638e+01
 7.98477489e+01
 1.58192304e+01
 1.40982780e+02
 6.71027522e+01
 6.30504234e+01
 1.82666903e+02
 5.74097605e+01
 5.16052714e+01
 4.89067355e+01
 6.37192955e+01
 3.86544695e+01
 3.86382750e+01
 4.01216894e+01
 6.73649866e+01
 6.47378193e+01
 9.14351219e+01
 9.39703158e+01
 2.30082057e+01
 5.98881714e+01
 1.54667726e+02
 1.77203837e+02
 1.01791976e+02
 8.88003155e+01
 7.71502001e+01
 6.13336434e+01
 5.24059093e+01
 1.24229835e+02
 8.60529176e+01
 5.83611707e+01
 3.06421499e+01
 3.75852255e+01
 7.73048104e+01
 1.06589566e+02
 9.98820114e+01
 4.93404246e+01
 5.64347601e+01
 1.15710003e+02
 6.02315048e+01
 7.32016765e+01
 1.22232922e+02
 8.58909047e+01
 4.04384795e+01
 3.20864907e+01
 9.11141991e+01
 1.22920154e+02
 7.85199234e+01
 3.30582196e+01
 3.23528566e+01
 1.31183149e+02
 8.05793051e+01
 1.05520098e+02
 2.89511418e+01
 7.43901789e+01
 5.28916193e+01
 3.40043364e+01
 1.05935568e+02
 4.30402562e+01
 4.86008651e+01
 3.93389390e+01
 7.50124381e+01
 3.50782601e+01
 4.54891430e+01
 3.69397066e+01
 1.29187549e+02
 6.43618828e+01
 2.61122188e+01
 2.95035539e+01
 4.47689607e+01
 1.54191521e+02
 6.39138431e+01
 4.63701580e+01
 2.16339498e+01
 3.38518127e+01
 8.46192786e+01
 8.07379824e+01
 6.10255062e+01
 5.54590241e+01
 1.47373707e+01
 7.75988560e+01
 8.12777304e+00
 3.19348235e+01
 3.42743832e+01
 4.60915050e+01
 5.21552167e+01
 3.69863668e+01
 7.19104087e+01
 7.94511570e+01
 9.35913731e+01
 4.59995804e+01
 4.84017328e+01
 1.70283137e+01
 3.66665287e+00
 3.85082199e+01
 5.86503165e+01
 1.24987229e+02
 3.13187176e+01
 9.13605862e+01
 7.40417982e+01
 2.76964518e+01
 1.22442729e+02
 1.08856162e+01
 5.26684744e+01
 3.28390389e+01
 8.30960622e+01
 7.30686345e+01
 3.77594701e+01
 4.80912779e+01
 6.55769013e+01
 9.54322770e+01
 4.61518104e+01
 2.91048583e+01
 4.25444639e+01
 3.93282255e+01
 5.60101386e+01
 1.16577790e+02
 5.83036876e+01
 8.23531253e+01
 4.63108108e+01
 2.95294436e+01
 5.42582220e+01
 7.74941152e+01
 3.61795347e+01
 1.31202187e+02
 1.95665160e+01
 5.38531849e+01
 4.07774323e+01
 7.05033854e+01
 8.75635904e+01
 6.20224451e+01
 7.02281241e+01
 2.20406287e+02
 7.14430980e+01
 9.18789902e+01
 8.07198813e+01
 8.23825212e+01
 5.29149632e+01
 6.56916998e+01
 9.78020180e+01
 5.76266123e+01
 4.29564470e+01
 2.28459399e+02
 3.60949451e+01
 1.28963662e+02
 6.13134013e+01
 6.60966730e+01
 3.52354008e+01
 1.18959156e+02
 3.18289529e+01
 2.42279339e+01
 4.53492209e+01
 7.22364368e+01
 5.83003118e+01
 4.93462954e+01
 2.94561595e+01
 1.71160629e+01
 9.84633056e+01
 3.71259773e+01
 1.28474320e+02
 7.93957107e+01
 5.16309379e+01
 4.18799403e+01
 4.66921345e+01
 1.30153712e+01
 4.18677384e+01
 6.29225680e+01
 1.72804325e+01
 1.47469683e+01
 3.39782737e+01
 9.56641330e+01
 1.85600288e+02
 1.03016980e+02
 3.58725414e+01
 1.01084607e+02
 5.21681860e+01
 7.40472998e+00
 1.08815995e+01
 1.30108772e+02
 9.85105644e+01
 3.35020181e+01
 8.87145881e+01
 1.78039544e+02
 1.16491526e+02
 8.04855886e+01
 1.89705838e+01
 7.02352900e+01
 1.06094996e+02
 4.55800882e+01
 3.91501323e+01
 1.89681941e+01
 1.00620013e+02
 7.79355684e+01
 3.17736900e+01
 1.74382953e+01
 9.95759881e+01
 5.99912680e+01
 5.38313536e+01
 4.86681838e+01
 2.96913186e+01
 3.95416865e+01
 2.38894912e+01
 6.32351592e+01
 1.38555874e+02
 1.44583926e+02
 6.43062789e+01
 3.80912968e+01
 1.44235842e+02
 1.46028035e+01
 1.12910094e+02
 3.80214895e+01
 3.76820948e+01
 3.60504589e+01
 1.31698262e+02
 2.75369007e+01
 5.72589494e+01
 1.19822422e+02
 4.99170382e+01
 5.41627362e+01
 5.35953889e+01
 2.46281880e+01
 9.33460786e+01
 5.20089695e+01
 4.68120437e+01
 4.01895626e+01
 5.11958316e+01
 4.86222800e+01
 3.65364244e+01
 9.57251449e+01
 9.81074171e+01
 1.70013147e+02
 5.26778097e+01
 9.95777546e+01
 6.66520794e+01
 1.39927101e+02
 3.20648774e+01
 5.77344780e+01
 7.54771927e+00
 6.72921115e+01
 1.10479881e+02
 3.73261579e+01
 1.08362558e+02
 2.47186371e+01
 3.43202576e+01
 1.48876097e+02
 7.93055597e+01
 6.47786808e+01
 4.53734721e+01
 6.85330271e+00
 6.02787448e+01
 1.13484696e+02
 6.39179733e+01
 7.25984494e+01
 7.55067639e+01
 5.94456549e+01
 1.82644827e+02
 1.98552644e+01
 1.00979830e+02
 6.05802120e+01
 2.54284494e+01
 4.59619493e+01
 8.84113340e+01
 2.88843421e+01
 2.71377644e+01
 5.12980111e+01
 2.81398766e+01
 6.23474100e+01
 1.91889570e+01
 1.92878405e+01
 3.16005203e+01
 2.27347791e+00
 7.11374838e+01
 5.47636169e+01
 3.24252565e+01
 9.85897140e+01
 7.49256082e+01
 7.65442962e+01
 6.07186347e+01
 3.23349347e+01
 4.84857037e+01
 5.72115419e+01
 5.30198228e+01
 9.21666109e+01
 5.65617808e+01
 4.42467390e+01
 1.58493690e+02
 8.76780936e+01
 4.63568133e+01
 2.06990215e+01
 4.47474813e+01
 4.92211186e+01
 8.72977185e+01
 5.48534998e+01
 1.40695568e+02
 4.96670325e+01
 3.92478980e+01
 1.52257228e+02
 7.97181762e+01
 9.38002739e+01
 2.62418966e+01
 7.93654461e+01
 6.37618106e+01
 6.12330009e+01
 2.95539058e+01
 5.76943018e+01
 7.83998779e+01
 1.02026215e+02
 6.21986310e+01
 1.12954721e+02
 2.80048553e+01
 6.79010799e+01
 4.48020022e+01
 1.09736183e+02
 6.63751365e+01
 1.58390223e+01
 6.86486465e+01
 7.29263782e+01
 7.88366510e+01
 2.22385553e+01
 9.79471817e+01
 2.96098313e+01
 7.60554914e+01
 3.19743402e+01
 3.68096765e+01
 2.09510563e+01
 2.13048669e+01
 4.04308497e+01
 1.57225265e+02
 4.97461940e+01
 1.60911138e+01
 5.14322926e+01
 8.98289648e+01
 7.25665330e+01
 1.15539299e+02
 6.56030297e+01
 9.26640043e+00
 6.12139885e+01
 1.82117130e+01
 2.01815385e+02
 8.82982870e+01
 3.25605247e+01
 3.01523020e+01
 6.82318729e+01
 3.99311371e+01
 4.65905713e+01
 5.53675331e+01
 1.30164946e+02
 8.37997491e+01
 7.62986180e+00
 7.54775661e+01
 9.35684306e+00
 1.61927385e+01
 4.66574161e+01
 1.04478692e+02
 8.84864819e+01
 4.84338476e+01
 2.12889745e+01
 6.37814510e+01
 1.08475549e+02
 1.13038020e+02
 5.23580129e+01
 4.05152838e+01
 7.50040440e+01
 1.89091413e+02
 5.27651219e+01
 6.85459890e+01
 8.28599477e+01
 7.54966183e+01
 7.60070092e+01
 7.08645541e+01
 7.66957320e+01
 5.72202737e+01
 1.50976973e+01
 4.83244704e+01
 1.12780431e+02
 5.97957694e+01
 5.19705521e+01
 1.02312361e+01
 2.54635536e+01
 4.79348266e+01
 6.50550342e+01
 2.03355726e+01
 9.73976181e+01
 1.47677067e+01
 7.55172874e+01
 4.86811628e+01
 5.04948180e+01
 1.47392036e+01
 1.14021221e+02
 1.04018319e+02
 5.57980847e+01
 3.59129797e+01
 7.53702169e+01
 6.67382658e+01
 6.54193073e+01
 5.52600164e+01
 2.16743726e+02
 1.75154448e+02
 5.95972599e+01
 9.55858355e+01
 7.04145292e+01
 8.06090047e+01
 3.78209417e+01
 1.08048184e+02
 9.77094249e+01
 1.55384042e+01
 1.72757433e+02
 7.29317342e+01
 7.20289489e+01
 6.40873807e+01
 6.32151114e+01
 3.30395112e+00
 1.37590307e+02
 6.99848117e+01
 4.16765497e+01
 8.36481469e+01
 6.31350010e+01
 6.07450877e+01
 5.64353301e+01
 1.14996217e+02
 5.93924376e+01
 1.06749406e+02
 2.69167902e+01
 1.36789223e+02
 4.16358399e+01
 5.02214737e+01
 5.85294197e+01
 7.87110245e+01
 5.98604109e+01
 4.75385218e+01
 1.06964523e+02
 1.29063007e+02
 5.59519760e+01
 1.39513742e+02
 9.01453695e+01
 7.39265807e+01
 1.22461881e+02
 3.60144890e+01
 8.72070899e+01
 3.37700621e+01
 7.23548503e+01
 1.33919612e+02
 2.29027988e+01
 6.76574059e+01
 2.86438708e+01
 1.80102712e+01
 4.90368917e+01
 2.52119011e+01
 4.50743585e+01
 1.27595308e+02
 6.95024125e+01
 9.07856334e+01
 8.08182612e+01
 2.87234741e+01
 3.78825869e+01
 4.42084299e+01
 7.50440962e+01
 4.17417807e+01
 7.26512401e+01
 1.24819019e+02
 5.35617851e+01
 6.47754409e+01
 1.56296061e+02
 1.65278073e+01
 3.03853825e+01
 7.20807327e+01
 2.00845794e+01
 7.73257253e+01
 5.82552831e+01
 1.21610624e+02
 1.19538702e+02
 4.81619167e+01
 6.11976775e+01
 7.86409338e+01
 1.31390532e+02
 5.69771747e+01
 8.26321631e+01
 3.94830576e+01
 2.70517244e+01
 6.69326578e+01
 4.75987596e+01
 2.86238494e+01
 1.90692388e+02
 1.32688467e+02
 3.23241660e+01
 8.10215641e+01
 1.07618255e+02
 1.39151335e+02
 8.67348488e+01
 1.01811891e+02
 1.28978502e+02
 1.18233922e+02
 4.71424060e+01
 1.25050623e+02
 1.35443451e+01
 1.02876015e+02
 4.72253775e+01
 7.54135142e+01
 6.38439278e+01
 3.10573590e+01
 2.90471613e+01
 8.55327286e+01
 1.48539146e+02
 9.71539880e+01
 9.08028556e+01
 2.52719020e+01
 8.54464568e+01
 7.72635468e+01
 8.02226525e+01
 5.30058159e+01
 5.66672169e+01
 9.29975003e+01
 5.00152866e+01
 1.04416499e+02
 8.89357273e+01
 9.22676988e+01
 1.23514176e+02
 2.47605632e+01
 1.42402290e+02
 1.56553321e+02
 3.12715493e+01
 6.56676566e+01
 1.05485253e+02
 5.24468300e+01
 7.13659989e+01
 6.97461374e+01
 1.49328163e+02
 3.73391957e+01
 2.38979448e+01
 3.17327118e+01
 1.29111353e+01
 3.92033420e+01
 1.65111836e+01
 2.99416107e+01
