 1.54492200e+02
 1.43958660e+02
 2.24814967e+01
 1.99572224e+02
 9.80513321e+00
 8.32589392e+00
 9.19014058e+00
 6.57389702e+00
 4.84646304e+01
 7.94181999e+01
 2.48420688e+02
 1.35082666e+02
 1.53373779e+02
 5.46678808e+01
 1.65326006e+02
 3.43637290e+01
 1.70322210e+00
 2.82966437e+01
 1.43806254e+00
 4.08137818e-01
 2.14129591e+02
 1.35483376e+02
 4.40754766e+01
 3.02744757e+02
 1.73643218e+02
 1.39832620e+02
 1.37403337e+02
 4.54250186e+01
 3.15420103e+00
 7.96386112e+00
 6.23052222e+00
 2.07661720e+01
 1.71573055e+02
 2.28572838e+02
 1.16709696e+02
 1.80749607e+02
 5.11688714e+02
 1.68901297e+02
 3.83027490e+01
 1.65025437e+01
 2.30868924e+00
 3.75092616e+01
 3.34926054e+00
 1.11039638e+00
 1.24496307e+02
 4.37238098e+01
 3.11639038e+02
 2.75960436e+02
 3.03594333e+02
 1.18838983e+02
 3.31966813e+00
 1.88624458e+01
 1.87661214e+01
 7.02064595e+01
 6.28738092e+01
 1.66693619e+01
 9.52647971e+01
 3.22060623e+02
 4.40912006e+01
 1.10259999e+02
 4.85592824e+02
 1.06530619e+02
 7.35897709e+01
 6.34369909e+01
 7.13192766e+01
 5.76786533e+01
 1.71050255e+01
 1.14050605e+02
 1.66219784e+01
 1.18257853e+02
 2.81662209e+02
 3.21035967e+02
 4.72882049e+00
 1.53734783e+02
 4.74284997e+00
 6.41881702e+01
 7.91078986e+01
 2.81997512e+00
 2.53559461e+01
 2.50045788e+01
 8.09303848e+01
 1.97356047e+02
 2.02979851e+02
 1.41192461e+02
 9.91301629e+01
 1.27685183e+02
 2.78886943e+01
 1.47382584e+02
 3.39683446e+01
 5.88485653e+01
 2.22012774e+01
 8.90064295e+01
 8.91549932e+01
 8.03570405e+01
 3.41155965e+02
 4.06792854e+02
 7.59309284e+01
 5.50339803e+01
 7.27307236e+01
 1.09868841e+02
 1.73680491e+01
 6.01612373e+01
 6.16590087e+00
 1.37267328e+01
 6.40059283e+01
 3.70649345e+01
 1.47116856e+02
 1.51166976e+02
 2.86358628e+02
 1.35018756e+02
 1.67301535e+02
 5.54760824e+01
 4.07360405e+01
 1.11591693e+01
 5.38300089e+00
 3.75963044e+01
 6.93960101e+01
 3.06523154e+02
 1.91042001e+02
 2.37460754e+02
 8.24415615e+01
 2.65975164e+02
 1.72439079e+02
 8.39773600e+00
 1.51909485e+02
 9.01914758e+00
 2.63883677e+01
 1.56765874e+01
 5.75774685e+01
 2.90570085e+02
 1.64663485e+02
 7.87948641e+01
 1.15061882e+02
 9.33243605e+01
 2.66871395e+01
 8.92303360e+01
 3.38700256e+01
 4.14449728e+00
 5.60221021e+00
 1.85996633e+02
 1.36084205e+02
 3.59616797e+02
 1.65896222e+02
 1.21431520e+02
 5.64068047e+01
 1.63857304e+02
 6.05820682e+01
 1.69113764e+01
 2.57467131e+01
 1.84423376e+01
 3.57105700e+01
 4.65846956e+01
 5.72996854e+00
 2.19830102e+01
 1.21792386e+02
 9.76542546e+01
 2.35935610e+02
 5.46772538e+01
 7.15717475e+01
 1.66560730e+00
 1.67240353e+01
 8.78964131e+00
 4.13393727e+00
 3.37401483e+01
 2.54069609e+01
 9.20989878e+01
 3.88734388e+02
 4.96786230e+01
 7.75412122e-01
 7.46163776e+01
 1.94017273e+01
 4.86103325e+01
 2.64812252e+01
 7.44388454e+01
 6.06223059e-01
 7.26489474e+01
 1.09296640e+02
 2.02721852e+02
 3.48412262e+02
 4.05950313e+02
 1.56188887e+02
 1.30305680e+02
 2.24134444e+02
 4.07735935e+01
 4.30271993e+01
 2.89782771e+01
 6.82130886e-01
 5.12558544e-02
 1.46501503e-02
 1.68236215e+02
 1.08932637e+02
 1.69382865e+02
 1.40594981e+02
 2.60852102e+00
 5.88618301e+01
 2.46811499e+00
 2.03396093e+01
 1.93162425e+01
 4.01544429e+00
 8.56913898e+00
 2.60693419e+00
 3.88777826e+02
 1.39033702e+02
 2.68588602e+02
 1.32396246e+02
 1.04854064e+02
 2.01186457e+02
 8.08626988e+01
 3.28117801e+01
 7.20170095e+00
 5.15149713e+00
 7.26191151e+00
 2.19227044e+00
 9.52019331e+01
 2.55993255e+02
 6.23810570e+01
 1.38140194e+02
 5.43445057e+01
 4.93069882e+01
 5.84328501e+01
 1.82896867e+01
 1.40820987e+01
 2.27648389e+01
 1.12981098e+01
 3.24464119e+01
 2.22652733e+01
 3.86727723e+02
 2.80072427e+02
 1.53271126e+02
 1.65063538e+01
 8.32657582e+00
 1.69190651e+01
 5.58214897e+01
 2.41766965e+00
 1.27084851e+01
 9.02680452e-01
 8.47265603e+01
 4.18632733e+01
 3.06403174e+02
 2.42532740e+02
 7.09191749e+01
 6.11263306e+01
 4.88354380e-01
 9.35054618e+01
 5.36585347e+01
 1.05028766e+02
 6.99288071e+00
 3.58931889e+01
 1.74571398e+02
 1.02901778e+02
 2.45000293e+02
 8.35606166e+01
 1.39366043e+02
 8.34919820e+01
 8.16578059e+01
 7.51901474e+01
 4.97304267e+01
 1.35402939e+01
 2.13108936e+01
 8.96843803e+00
 4.36338253e+01
 7.04612671e+01
 1.23091715e+02
 2.11129508e+02
 2.92206876e+02
 1.44357838e+02
 7.50553067e+01
 1.11919901e+02
 2.26528567e+00
 3.15874588e+00
 5.51881711e+00
 2.92006555e+01
 9.53789523e+01
 3.28630451e+02
 2.11012264e+02
 2.79262607e+02
 1.67320059e+01
 2.56633349e+01
 1.75749882e+02
 6.17368549e+01
 5.85267547e+01
 3.29271326e+01
 1.57687238e+01
 4.20341824e+01
 9.39359721e+01
 2.48358110e+02
 4.87620271e+01
 2.93208945e+02
 3.60153494e+02
 1.81261155e+02
 1.83710738e+02
 5.63055278e+01
 1.66572758e+01
 7.15560356e+00
 1.16904334e+01
 3.42546758e+01
 4.39403310e+01
 1.31174479e+02
 2.14443541e+02
 3.04532482e+02
 3.07182430e+02
 1.93686756e+02
 4.31176769e+01
 2.07844707e+01
 1.75600161e+01
 1.09053999e+01
 3.78824602e+01
 1.49158372e+01
 7.24132077e+01
 1.65392362e+02
 1.21696336e+02
 1.80424119e+02
 3.91611702e+01
 5.45591973e+01
 7.84483005e+01
 8.42530178e+00
 2.46718907e+01
 1.57213864e+01
 5.94883084e+01
 7.97523761e-01
 6.37019167e+00
 1.47485453e+02
 2.68030928e+02
 1.41424826e+02
 1.83091958e+02
 1.87913425e+02
 1.10989949e+02
 7.47903023e+00
 2.04635099e+02
 1.20919812e+01
 1.93505594e+01
 8.38734100e+00
 7.45538352e+01
 2.04296418e+02
 2.12495340e+02
 1.83854696e+02
 4.83166850e+01
 1.73795250e+02
 2.24292159e+02
 1.84179976e+02
 8.71249093e+00
 7.03314847e+00
 4.90287104e+01
 1.25083623e+01
 1.12538570e+02
 1.52788605e+02
 2.35825083e+02
 2.84910149e+02
 1.14599278e+01
 2.26432437e+01
 2.65243051e+00
 9.06961384e+00
 3.91304060e+01
 9.52782544e+00
 5.04074847e+00
 1.04553535e+02
 2.69520406e+01
 3.41914239e+02
 1.63011752e+02
 2.00765518e+02
 4.66311510e+02
 1.57003491e+02
 6.16542013e+01
 4.53293313e+01
 4.48018672e+01
 7.51465636e+01
 3.75679233e-01
 3.66468332e+01
 9.55353948e+00
 2.04878503e+01
 2.38528165e+02
 2.50395533e+02
 1.52339866e+02
 6.31200691e+01
 1.58247075e+02
 3.96663067e+00
 1.41344496e+02
 1.80182937e+01
 8.09386077e+00
 6.63893724e+01
 3.35407731e+02
 4.86774259e+02
 1.67504655e+02
 1.08592379e+02
 2.82344685e+01
 7.63189307e+01
 1.76002446e+02
 2.36442554e+02
 3.02149216e+01
 8.21670869e+00
 3.55399033e+00
 3.38161025e+01
 1.03261925e+02
 1.06556137e+01
 1.15256787e+02
 6.33850749e+01
 2.77238415e+02
 2.52285106e+01
 1.29267839e+02
 1.46578169e+02
 9.82120867e+01
 7.71173397e+01
 6.74187928e+00
 1.57362268e+00
 2.95548172e+01
 8.50369049e+01
 1.26775103e+02
 3.06607108e+02
 5.60020989e+01
 1.10422870e+02
 2.13908837e+02
 1.20347671e+02
 1.89767871e+01
 1.74263940e+01
 4.31968417e+01
 6.86299283e+01
 3.98990603e+01
 4.39053252e+01
 1.37293462e+02
 2.99848861e+01
 4.69811336e+01
 3.77386879e+02
 9.07492054e+01
 2.03297359e+00
 1.03229024e+01
 1.86890736e+01
 5.29428516e+00
 2.52205659e+01
 2.64679237e+02
 2.66849305e+02
 3.50120876e+02
 2.11460569e+02
 1.44834891e+02
 1.72947168e+02
 3.24952923e+02
 6.27100363e+01
 5.12979524e-12
 5.03908279e+01
 4.10355346e+00
 2.24837207e+01
 1.36761036e+02
 4.46251030e+02
 1.73276161e+02
 6.19223161e+01
 2.65110105e+02
 2.76702736e+02
 1.59706097e+02
 9.95884950e+01
 2.43494289e+01
 2.83785667e+00
 4.08039480e+00
 3.53555779e+00
 1.27100633e+02
 6.71423468e+01
 2.03065736e+02
 2.63347383e+02
 2.24841660e+02
 2.19198280e+02
 2.30265481e+02
 8.45361475e+01
 4.95055945e+01
 3.76249751e-01
 6.49107684e-01
 1.36978402e+02
 9.40099193e+01
 2.74721725e+02
 1.95150118e+02
 1.37687763e+02
 3.80309192e+02
 2.56521079e+02
 1.51561031e+02
 5.03957811e-01
 1.77220314e+01
 1.97789527e+01
 1.07459219e+01
 6.98844355e+00
 1.41398326e+02
 1.86527815e+02
 4.26823038e+01
 3.68276997e+02
 5.91691401e+01
 2.40905459e+01
 3.33787569e+01
 1.99692711e+01
 1.95156099e+01
 3.19316548e+01
 4.47992802e+00
 2.11854693e+02
 5.96297403e+01
 2.54076276e+02
 2.64490060e+02
 3.67242266e+02
 1.64811524e+02
 5.12171678e+01
 2.13164126e+02
 1.11017757e+02
 1.24434191e+02
 3.08229318e+01
 1.16419013e+00
 4.31872780e+01
 1.40778082e+02
 2.92365547e+01
 1.15749957e+02
 5.98769454e+02
 3.01575891e+02
 1.05527490e+02
 7.58547939e+01
 9.52006567e+01
 3.87534341e+01
 2.23556516e+01
 1.14182028e+00
 3.80101476e+01
 7.64228738e+00
 1.02188627e+02
 1.54883863e+02
 2.49634004e+02
 1.77189416e+02
 5.36672249e+01
 2.14056828e+02
 2.41228286e+02
 6.42194650e+01
 5.71915274e+00
 2.35428359e+01
 2.18395376e+01
 1.28646566e+02
 4.78068224e+02
 1.83978973e+02
 1.79238260e+02
 1.17464149e+02
 3.22033435e+01
 2.29241430e+02
 4.89893050e+01
 1.73030518e+02
 4.24523290e+01
 4.00053749e+01
 6.20645536e+01
 4.05727893e+01
 2.08620516e+02
 1.44166718e+02
 1.51675805e+02
 9.49020724e+01
 2.84182014e+01
 2.74174485e+02
 1.50233030e+01
 8.06690178e+01
 5.96000605e+01
 6.52127353e+01
 5.00254575e+00
 2.41016840e+01
 2.90137668e+02
 3.45102157e+02
 3.29805797e+01
 8.97826920e+01
 2.35550377e+02
 9.58626420e+01
 1.91508844e+02
 6.79522699e+01
 4.75685222e+01
 1.03496873e+01
 1.31578644e+01
 9.28523554e+01
 2.31972662e+01
 3.31602682e+02
 3.89301389e+02
 2.73007294e+02
 1.44833708e+02
 1.41051106e+02
 9.41264885e+01
 4.42735544e+01
 5.71179291e+01
 8.28233945e+00
 1.95064823e+01
 8.54358862e+01
 1.50225592e+02
 1.79063490e+02
 1.60553169e+02
 1.28615383e+02
 6.37656928e+01
 1.64890041e+02
 3.70766297e+01
 6.21075635e+01
 1.92505333e+01
 2.26762834e+00
 7.25114406e+01
 5.64207250e+01
 6.00037202e+01
 3.31811304e+02
 2.40346273e+02
 3.64212517e+02
 3.08470591e+01
 9.52800639e+00
 2.25142440e+01
 1.36027431e+02
 7.78544783e+01
 2.40360265e+01
 4.37451929e+01
 5.46216249e+01
 9.47134780e+01
 5.23512173e+01
 1.56100120e+02
 4.68712266e+02
 3.04487400e+02
 5.32558167e+01
 3.11579269e+01
 4.83193451e+01
 2.63178748e+00
 1.19702508e+01
 1.61588368e+02
 2.85921484e+02
 1.23391713e+02
 1.58434246e+02
 2.56913036e+02
 3.64559402e+02
 1.98016636e+02
 1.37304192e+02
 3.83775312e+00
 3.63926741e+01
 1.22898575e+01
 2.36894801e+01
 9.91631973e+00
 2.34103475e+01
 8.57416174e+01
 2.57497359e+02
 5.00514270e+01
 1.02248533e+02
 1.38025089e+02
 2.25563064e+02
 5.80338820e+01
 2.63205838e+01
 9.40295872e+00
 9.42299631e-01
 5.64148824e+01
 1.06969094e+02
 1.84137641e+02
 1.69767297e+02
 2.38668616e+02
 1.86538222e+02
 1.52672221e+02
 1.11541564e+02
 6.78455603e+01
 3.17120400e+01
 1.09812036e+01
 1.15739431e+01
 2.43927920e+01
 2.92547070e+01
 4.47269800e+01
 1.69344699e+02
 4.06720130e+01
 1.87157958e+02
 3.11817716e+02
 1.46817856e+02
 2.23647677e+01
 1.06775315e+02
 3.78456906e+00
 2.81184740e+01
 7.67096853e+01
 6.92062905e+01
 1.29962886e+02
 8.11014196e+01
 1.17157614e+02
 1.37979555e+02
 1.83040382e+02
 1.42940022e+02
 2.13153618e+01
 2.12015636e+00
 6.97634491e+00
 1.63110704e+01
 8.05255282e+01
 5.73161354e+01
 1.96350548e+02
 2.71996054e+02
 1.43033807e+02
 4.21190455e+02
 1.73385053e+02
 1.43936819e+02
 2.89728409e+01
 7.92387795e+00
 2.77549085e+01
 7.95683812e+00
 1.92616031e+00
 1.39692956e+02
 1.56027625e+02
 5.77964578e+02
 3.51560255e+02
 2.09305906e+02
 1.99174795e+02
 1.20604365e+02
 1.00494401e+02
 9.61511315e+01
 2.63386731e+01
 7.91304607e+01
 5.43659025e+00
 5.98017747e+01
 1.57703996e+02
 7.44010880e+00
 3.24226394e+02
 3.03123875e+02
 1.45820388e+02
 1.10590846e+02
 8.38411736e+01
 5.94593299e+01
 8.78285963e+00
 3.48738973e+01
 2.47458571e+01
 2.64163332e+01
 6.80452955e+01
 3.01909365e+02
 1.29068782e+01
 1.73179055e+02
 1.46277978e+02
 2.18040920e+02
 6.74909775e+01
 3.31913854e+01
 7.91352452e+00
 4.36072964e+01
 3.00894583e+01
 5.34626230e+01
 9.65133925e+01
 9.00063578e+01
 2.63279526e+02
 4.58469725e+02
 1.98007747e+02
 5.66210890e+01
 1.48521550e+01
 7.83929244e+00
 1.72859126e+00
 2.41420174e+00
 1.04957316e+02
 8.83289000e+01
 1.71982847e+02
 3.36623061e+02
 1.84150172e+02
 2.20201547e+02
 2.12617852e-01
 1.51708458e+02
 1.72936953e+01
 2.79017146e+01
 4.65908617e+01
 1.03260728e+01
 1.85974217e+01
 1.06257486e+01
 3.00770163e+02
 3.70255121e+02
 2.91797162e+02
 2.50582871e+02
 3.28782204e+02
 3.47087347e+02
 1.58784689e+01
 1.25222329e+01
 5.63831243e+01
 1.57995732e+01
 7.77505400e-01
 1.17908967e+02
 1.74218385e+02
 5.52126843e+01
 1.74573669e+02
 2.75658217e+02
 3.48560635e+01
 2.18389694e+00
 8.17052561e+01
 2.18071024e+01
 3.54776195e+01
 2.59860516e+00
 2.20547160e+01
 1.25441402e+02
 1.92609237e+02
 2.07186357e+02
 2.70456403e+02
 9.61222699e+01
 3.55191712e+02
 6.37230345e+01
 1.01863999e+02
 4.07045718e+00
 7.82275244e+00
 8.63978831e+01
 3.91640982e+01
 4.77981528e+01
 1.58210272e+02
 2.17457556e+02
 1.43777505e+02
 1.53634819e+02
 1.46715837e+02
 4.14460222e+01
 2.80196480e+01
 1.07925356e+02
 9.95495930e+00
 1.39983835e+01
 8.16725534e+00
 6.69475803e+01
 1.11835208e+02
 9.56345616e+01
 1.28409601e+02
 3.46039755e+02
 2.49131550e+02
 1.50980515e+02
 3.64364631e+01
 8.86620194e+01
 8.60513329e+00
 1.48903190e+01
 1.88705706e+01
 1.59286138e+02
 2.04227684e+02
 1.94006642e+02
 1.31059627e+02
 2.47608214e+02
 2.51960102e+02
 1.91643264e+00
 1.53993358e+01
 1.04269353e+02
 8.24484203e+00
 1.82934746e+01
 7.01229860e+01
 3.20228018e+01
 5.88483786e+01
 2.61747694e+02
 3.18106718e+02
 2.59897943e+02
 3.25759448e+02
 2.87392277e+01
 9.06150882e+01
 2.83052828e+01
 2.20868715e+01
 7.10694962e+00
 4.86952720e+01
 1.75974849e+02
 4.79285713e+02
 4.23097169e+02
 1.18870417e+02
 8.37547163e+01
 3.21971938e+01
 4.53051672e+01
 2.31376234e+02
 9.74338693e-01
 5.99552433e+00
 2.15445663e+00
 1.23046510e-01
 6.86272445e+01
 1.83088820e+02
 1.54581483e+02
 2.95376490e+02
 2.90880742e+02
 1.54480238e+01
 1.39617330e+02
 1.22089853e+01
 3.15315629e+00
 3.72391873e+01
 1.22518111e+01
 4.26298570e+00
 6.98943572e+01
 3.59449279e+02
 2.66748214e+02
 1.84016290e+02
 7.54001504e+01
 3.94843457e+01
 2.17039504e+01
 1.59178859e+01
 1.95239501e+00
 2.22111848e+01
 6.28045120e-01
 4.99338125e+00
 1.52363773e+02
 2.17516637e+02
 3.06557593e+02
 1.89306930e+02
 3.35767669e+02
 1.22866240e+02
 1.69516786e+02
 1.22416449e+02
 7.19096340e+01
 5.93798643e+00
 3.30043330e+01
 1.77306232e+01
 1.11500263e+02
 1.05453215e+02
 5.21236762e+02
 1.94262709e+02
 3.59327011e+02
 8.60761751e+01
 1.94200699e+02
 1.03714595e+02
 1.33327795e+01
 3.33236333e-01
 1.53815336e-01
 4.16412912e+01
 4.00447200e+01
 8.01431849e+01
 3.42259535e+02
 3.11698289e+02
 4.23183913e+02
 3.89785171e+01
 1.58266578e+01
 5.62368847e+01
 3.44349416e+01
 4.96844110e+01
 6.72581209e+00
 5.66007680e+01
 3.07763871e+01
 3.69714168e+01
 2.69730017e+02
 6.50085262e+01
 7.26962593e+01
 1.49611656e+02
 9.11338191e+01
 6.19026374e+01
 9.11758216e+00
 1.54676489e+01
 4.85540461e+00
 1.35911370e+01
 1.48057930e+01
 1.96268621e+02
 1.62236409e+01
 3.80044079e+02
 3.22676558e+02
 1.15224369e+02
 1.08426049e+00
 9.56230103e+01
 5.13453375e+01
 3.02934203e+00
 6.38680381e+00
 1.57939108e+01
 1.08215089e+02
 6.57690669e+01
 1.96624556e+02
 1.56718603e+01
 1.98727310e+01
 4.33306768e+01
 1.86338802e+02
 1.18046718e+01
 5.32166801e+01
 1.18836957e+01
 9.24887018e-01
 2.26587247e+01
 3.28034134e+01
 4.58475503e+01
 3.89460282e+02
 9.89200441e+01
 1.13487015e+02
 9.90293701e+01
 2.50176352e+02
 1.93455235e+02
 1.39167666e+02
 6.98036842e+00
 8.01932859e+00
 1.31051605e+01
 3.86651871e+01
 1.07203818e+01
 2.56571670e+02
 6.75644991e+01
 8.83141599e+01
 6.39425202e+00
 2.02597266e+02
 1.97154973e+02
 2.80986074e-01
 3.14386166e+01
 4.83324653e+01
 2.05924664e+01
 7.03303273e+01
 4.86545276e+02
 2.22760513e+01
 4.98303462e+01
 5.98552953e+01
 1.24745324e+02
 6.69517939e+01
 1.50575573e+01
 7.26373667e+01
 2.40585788e+01
 6.36784266e+00
 6.14651489e+01
 4.97129451e+01
 1.45557844e+02
 4.42034152e+02
 3.57890011e+02
 1.14513346e+02
 2.00487380e+01
 6.68068476e+01
 3.89848213e+01
 2.96756566e+01
 1.81766115e+01
 2.98621877e+01
 4.66542091e+01
 7.56597577e+01
 1.81984459e+02
 1.96179797e+02
 1.40718262e+02
 1.62630709e+02
 1.93815040e+02
 1.57489775e+02
 3.91786593e+01
 3.33313989e+01
 1.33309453e+01
 5.22139423e+00
 1.29096175e+01
 7.85901836e+01
 1.04620321e+02
 2.23132220e+02
 1.50542407e+02
 4.06489427e+02
 1.24272147e+02
 1.51812226e+01
 7.04874817e+01
 3.93766019e+01
 2.34511844e+00
 5.75476777e+00
 1.81796493e+01
 7.65094379e+00
 8.89125562e+01
 1.96012233e+02
 1.97300370e+02
 2.45949266e+02
 1.68121280e+01
 1.47985718e+02
 7.49352064e+00
 4.24927016e+00
 1.29363525e+01
 2.66416224e+00
 1.68837681e+01
 2.12695950e+01
 1.35915170e+02
 8.89449008e+01
 1.63352746e+02
 1.84306367e+02
 1.37466595e+02
 7.19407027e+01
 4.93524924e+01
 2.88614371e+00
 1.62174061e+00
 1.54448382e+00
 4.27814566e+01
 7.90461021e+01
 8.94172057e+01
 7.42905361e+01
 2.10999875e+02
 3.47931175e+02
 1.64558022e+02
 1.89323904e+02
 2.19703635e+01
 3.80551062e+01
 5.15754631e+00
 3.24375474e+00
 4.27000945e+01
 1.22883263e+01
 1.33811585e+02
 3.33052810e+02
 1.45872681e+02
 1.49719267e+02
 1.33972801e+02
 6.27062569e+01
 5.90696385e+01
 6.73043061e+01
 2.52017342e+01
 3.23437265e+01
 1.89267616e+01
 1.52949815e+02
 1.86151270e+02
 2.62744350e+02
 3.27840001e+01
 1.56197335e+02
 1.27231175e+02
 1.24081976e+02
 7.71728331e+01
 1.57607021e+01
 7.81445058e+01
 2.43887650e+00
 7.47170986e+01
 2.33112208e+01
 3.06068306e+02
 1.79232658e+02
 1.00593735e+02
 1.26410929e+02
 8.20249260e+01
 2.64586857e-02
 7.15178020e+01
 9.67985569e+00
 6.90541633e+00
 6.44016662e+00
 2.69921718e+01
 1.24444653e+00
 5.75785454e+01
 1.32355574e+02
 3.17355049e+02
 1.60609704e+02
 6.46048504e+01
 9.73472760e+00
 1.95726496e+02
 3.57088770e+01
 1.13395984e+01
 1.69900175e+01
 1.59001583e+00
 5.32953110e-01
 2.92494264e+02
 1.01149506e+02
 2.91980387e+02
 4.75494344e+00
 7.71801700e+01
 2.91543108e+01
 3.44067233e-01
 2.77592652e+01
 4.04832555e+00
 9.40771230e+00
 2.52445458e+01
 6.78363994e+01
 1.01012346e+01
 1.82110075e+02
 1.44537349e+02
 1.32616069e+02
 5.16447423e+00
 5.07881923e+01
 6.72487866e+01
 1.76162960e+01
 1.11332719e+01
 4.01906569e+00
 1.94813940e+01
 4.53895631e+01
 1.74623804e+01
 5.62327876e+01
 1.34683212e+02
 1.49569044e+02
 1.41205488e+02
 1.30175577e+02
 1.11625479e+02
 9.25818267e+00
 2.76536866e+00
 1.21600693e+01
 2.54918744e+01
 1.03263075e+02
 3.80291147e+02
 1.42546036e+02
 1.68791855e+02
 1.83099246e+02
 3.09053503e+01
 1.40761976e+01
 5.95190976e+01
 3.36677410e+01
 1.06336327e+02
 7.44228504e+00
 3.27962945e+01
 2.54826573e+01
 4.82659628e+01
 1.96102446e+01
 4.97963787e+01
 1.30266985e+02
 5.92596828e+01
 1.14212745e+02
 5.65375158e+01
 1.62889248e+01
 4.31743896e+01
 1.26336867e+01
 4.73287592e+01
 5.70263107e+01
 9.95691674e+01
 1.09823352e+02
 2.85216752e+02
 8.55380076e+01
 2.50201698e+02
 8.80509463e+01
 5.79992211e-01
 2.91859957e+01
 5.24813887e+01
 1.75862779e+00
 2.67827667e+01
 2.42853348e+00
 3.90298983e-01
 1.88786400e+01
 1.60720502e+02
 7.56543947e+01
 1.82222382e+02
 1.05557407e+02
 8.35570585e+01
 4.97867468e+01
 1.67521334e+01
 6.76893826e+00
 3.95705207e+00
 1.03404850e+02
 1.72550705e+02
 1.12766447e+02
 1.78200080e+02
 1.73534651e+02
 1.59337551e+02
 2.67206168e+02
 1.17718941e+02
 1.77269424e+01
 1.20676551e+01
 1.27019834e+01
 1.96683599e+01
 2.92482784e+01
 1.98764829e+02
 1.75801061e+02
 2.09465142e+02
 3.65143378e+02
 2.15624500e+00
 4.02607120e+02
 5.16350973e+01
 2.11281870e+01
 1.23199788e+02
 2.13575873e+00
 2.17909348e+01
 1.21619102e+01
 9.79425200e+01
 4.80885480e+01
 2.18755698e+02
