 -3.53381958e+00
 -1.18841553e-01
 5.71785889e+00
 8.40874634e+00
 1.45608154e+01
 1.96271912e+01
 2.43983398e+01
 2.19426208e+01
 1.87305237e+01
 1.13192993e+01
 4.60137329e+00
 5.05993042e+00
 3.31960449e+00
 3.54351196e+00
 6.71938477e+00
 8.25194702e+00
 1.49450623e+01
 2.04764954e+01
 2.37619568e+01
 2.23654114e+01
 1.55776917e+01
 1.02386414e+01
 6.95668945e+00
 5.98165283e+00
 1.10674438e+00
 2.48500977e+00
 3.86025391e+00
 1.01105591e+01
 1.63503357e+01
 2.02481018e+01
 2.38377930e+01
 2.43484436e+01
 1.35502258e+01
 1.22783142e+01
 4.02736816e+00
 3.72628174e+00
 1.03994141e+00
 4.95845947e+00
 5.56633911e+00
 9.28591309e+00
 1.52928406e+01
 1.87581116e+01
 2.09158569e+01
 2.25989319e+01
 1.58114868e+01
 1.04081055e+01
 1.52956543e+00
 3.64064941e+00
 2.63732300e+00
 1.29207764e+00
 6.11770020e+00
 9.93682251e+00
 1.60628296e+01
 1.94715210e+01
 2.22451721e+01
 2.32485596e+01
 1.60227600e+01
 9.29717407e+00
 5.80193481e+00
 3.90380249e+00
 2.73641357e+00
 1.94902954e+00
 6.23214111e+00
 1.08988281e+01
 1.55938660e+01
 2.24470459e+01
 2.53948914e+01
 2.10039917e+01
 1.83438965e+01
 1.26752869e+01
 7.81221924e+00
 4.06029663e+00
 1.10921631e+00
 5.22448120e+00
 6.56112061e+00
 1.38885132e+01
 1.44022766e+01
 1.97611328e+01
 2.13796936e+01
 2.21363159e+01
 1.82309509e+01
 1.12689758e+01
 8.27730713e+00
 2.11638794e+00
 3.44732056e+00
 3.73592529e+00
 3.17470703e+00
 1.08577209e+01
 1.71105896e+01
 2.14667908e+01
 2.37116333e+01
 2.11666199e+01
 1.61525208e+01
 9.76259766e+00
 9.28621826e+00
 5.78850708e+00
 1.52092896e+00
 3.30837402e+00
 7.49910889e+00
 8.84096680e+00
 1.47708679e+01
 1.94312683e+01
 2.47943970e+01
 2.53923279e+01
 1.75276123e+01
 9.78069458e+00
 5.27657471e+00
 -1.62769165e+00
 -4.33294678e-01
 2.75975952e+00
 6.48543701e+00
 1.02767578e+01
 1.34959351e+01
 1.95220581e+01
 2.34118896e+01
 1.94603210e+01
 1.69014526e+01
 1.18054138e+01
 4.37795410e+00
 3.48430786e+00
 -2.44907227e+00
 1.61577759e+00
 5.68251953e+00
 8.67919312e+00
 1.40137573e+01
 2.12286621e+01
 2.29964233e+01
 2.09458557e+01
 1.74406067e+01
 1.13807617e+01
 3.75481567e+00
 2.13378296e+00
 2.49324951e+00
 7.57662354e+00
 7.74083862e+00
 1.07308594e+01
 1.90479370e+01
 2.40463501e+01
 2.21860901e+01
 2.18131042e+01
 1.65400024e+01
 1.07165161e+01
 4.27620850e+00
 1.55416260e+00
 4.80493164e-01
 2.17437134e+00
 3.17925415e+00
 1.13731628e+01
 1.44564453e+01
 1.99521423e+01
 2.32645508e+01
 2.26917969e+01
 1.52623535e+01
 1.05578247e+01
 6.26622925e+00
 8.32940674e-01
 -8.41803589e+00
 -3.60953369e+00
 7.90621338e+00
 1.05224854e+01
 1.65096375e+01
 2.24793945e+01
 2.46388794e+01
 2.56050964e+01
 1.84287659e+01
 1.13426453e+01
 5.63936768e+00
 3.19100342e+00
 -6.96905518e-01
 5.65783081e+00
 8.48586426e+00
 1.12192932e+01
 1.74945923e+01
 2.35406433e+01
 2.31043030e+01
 2.57171570e+01
 1.68621460e+01
 1.43226563e+01
 8.07451782e+00
 4.65270386e+00
 3.65581665e+00
 5.76064453e+00
 6.52288208e+00
 1.10270325e+01
 1.48701721e+01
 2.18488708e+01
 2.65696045e+01
 2.24932495e+01
 1.83967834e+01
 7.53484497e+00
 6.41173706e+00
 3.00592041e-01
 5.27315674e+00
 -7.84704590e-01
 5.43148193e+00
 8.29793701e+00
 1.40939880e+01
 2.03965088e+01
 2.55859314e+01
 2.46758057e+01
 1.85229126e+01
 1.29800964e+01
 4.43026123e+00
 3.11098633e+00
 3.20556030e+00
 4.04787598e+00
 5.99541626e+00
 1.07149292e+01
 1.78531433e+01
 2.14624878e+01
 2.47934509e+01
 2.38148743e+01
 1.78504272e+01
 1.09130188e+01
 8.39968262e+00
 1.80559692e+00
 6.29732666e+00
 -1.84711304e+00
 6.16378174e+00
 1.06721130e+01
 1.62918640e+01
 2.03727051e+01
 2.12718140e+01
 2.24800964e+01
 2.01685425e+01
 8.28331909e+00
 8.64919434e+00
 5.04396973e+00
 -5.98272705e-01
 4.08516846e+00
 7.15456543e+00
 1.02202087e+01
 1.41014954e+01
 2.17652527e+01
 2.39542786e+01
 2.29576965e+01
 1.85673462e+01
 1.31547180e+01
 7.95470581e+00
 4.29091797e+00
 2.52837524e+00
 5.67168579e+00
 8.77529297e+00
 9.47042236e+00
 1.66603638e+01
 1.72268616e+01
 2.42216431e+01
 2.24046265e+01
 1.68951050e+01
 1.13111816e+01
 5.37185059e+00
 -3.05242920e-01
 3.54882202e+00
 3.11364136e+00
 6.06249390e+00
 8.38277588e+00
 1.31026245e+01
 2.11757751e+01
 2.36524902e+01
 2.35533997e+01
 1.57599121e+01
 9.63540039e+00
 8.25316772e+00
 -1.31479492e+00
 1.61666260e+00
 2.91268311e+00
 5.92159424e+00
 8.70629272e+00
 1.48003784e+01
 2.41986938e+01
 2.42293945e+01
 2.40226379e+01
 1.74754578e+01
 9.86992798e+00
 4.54824219e+00
 1.43190918e+00
 -3.91062012e+00
 1.61007080e+00
 3.25234375e+00
 9.42141113e+00
 1.51539246e+01
 2.14113708e+01
 2.36006409e+01
 2.53550964e+01
 1.70162292e+01
 1.19432922e+01
 9.08742676e+00
 5.35738525e+00
 3.94454346e+00
 4.46172485e+00
 6.60311279e+00
 1.08002869e+01
 1.71560303e+01
 2.18184753e+01
 2.25830627e+01
 2.33368469e+01
 1.87875916e+01
 1.07569824e+01
 8.51403198e+00
 4.16826782e+00
 4.76040039e+00
 4.79293213e+00
 7.98360596e+00
 1.04392334e+01
 1.69676453e+01
 2.33182617e+01
 2.42985779e+01
 2.06061951e+01
 1.46501709e+01
 9.28441772e+00
 7.34942017e+00
 2.94506226e+00
 3.16051636e+00
 9.01131592e+00
 9.88033447e+00
 1.21173950e+01
 1.60867859e+01
 2.44890991e+01
 2.34956604e+01
 2.57398621e+01
 1.94582458e+01
 1.05264221e+01
 7.91903076e+00
 4.98296509e+00
 -7.67889404e-01
 -1.66312256e+00
 3.27684937e+00
 1.12370850e+01
 1.38576599e+01
 2.32309509e+01
 2.72338501e+01
 2.66780029e+01
 1.74704224e+01
 1.08776794e+01
 3.12642822e+00
 3.21594238e-02
 1.45153198e+00
 5.97872314e+00
 7.18480835e+00
 1.16337524e+01
 1.68063599e+01
 2.26140991e+01
 2.44392944e+01
 2.64654175e+01
 1.61361938e+01
 8.97283325e+00
 6.60195313e+00
 5.08294067e+00
 2.07305298e+00
 2.38726196e+00
 7.02547607e+00
 1.15329529e+01
 1.48058411e+01
 2.12757813e+01
 2.56334473e+01
 2.31821228e+01
 1.83770996e+01
 1.29038940e+01
 6.86580811e+00
 1.12514648e+00
 -2.61475220e+00
 5.45540771e+00
 6.47704468e+00
 1.11661316e+01
 1.66706177e+01
 2.11739746e+01
 2.67105957e+01
 2.32282043e+01
 1.94042297e+01
 1.14092957e+01
 6.70745239e+00
 4.80035400e-01
 -3.19000854e+00
 4.47927246e+00
 7.08184204e+00
 1.05880676e+01
 1.68504883e+01
 2.13305603e+01
 2.69662109e+01
 2.33162476e+01
 1.54378906e+01
 1.28546692e+01
 8.95659790e+00
 5.47643433e+00
 4.97277832e-01
 7.73004150e-01
 7.00841675e+00
 1.07745300e+01
 1.52395569e+01
 2.03990112e+01
 2.77860657e+01
 2.58189941e+01
 1.92606750e+01
 1.26245972e+01
 6.16439209e+00
 5.49005127e-01
 2.81701050e+00
 4.59041748e+00
 7.69381104e+00
 8.35808716e+00
 1.49530884e+01
 1.78283630e+01
 2.20555664e+01
 2.48940063e+01
 1.78152710e+01
 9.31661377e+00
 4.21120605e+00
 3.85756836e+00
 7.13973389e+00
 1.39641724e+00
 6.68544922e+00
 1.01757141e+01
 1.54917236e+01
 1.98023926e+01
 2.22301880e+01
 2.13882385e+01
 1.66779114e+01
 1.16034485e+01
 2.79918823e+00
 -2.06000366e+00
 9.02581787e-01
 3.37551270e+00
 7.25731812e+00
 1.15875488e+01
 1.43600708e+01
 2.25706116e+01
 2.48312622e+01
 2.28248230e+01
 1.89624878e+01
 1.29601990e+01
 8.80031738e+00
 4.06432495e+00
 4.13155518e+00
 1.11367188e+00
 9.76619873e+00
 1.01237427e+01
 1.55787292e+01
 2.01983887e+01
 2.46531311e+01
 2.40004211e+01
 1.87748047e+01
 1.20261475e+01
 8.49172363e+00
 4.74627075e+00
 2.93666992e+00
 5.39113770e+00
 6.41875610e+00
 1.22125488e+01
 1.45712524e+01
 2.11017700e+01
 2.53143555e+01
 2.05719543e+01
 1.61604248e+01
 1.27958008e+01
 8.91124878e+00
 2.63274536e+00
 3.73500977e+00
 3.87993774e+00
 5.81768188e+00
 1.50067078e+01
 1.53730713e+01
 2.19745117e+01
 2.36231018e+01
 2.18802429e+01
 1.87877441e+01
 1.28014160e+01
 7.00188599e+00
 4.00307617e+00
 6.28717041e-01
 4.84697876e+00
 8.62835083e+00
 1.06975037e+01
 1.73273254e+01
 2.56331116e+01
 2.43170410e+01
 2.35391174e+01
 1.84005981e+01
 1.64285828e+01
 3.09960327e+00
 -4.59308472e+00
 9.01733398e-02
 3.92644653e+00
 6.13097534e+00
 1.01732727e+01
 1.84014221e+01
 2.66354309e+01
 2.57273804e+01
 2.59992310e+01
 1.83327271e+01
 1.37521912e+01
 5.62651978e+00
 2.25710449e+00
 2.91921387e+00
 6.79076538e+00
 5.96996460e+00
 1.07314392e+01
 1.59222656e+01
 2.19469238e+01
 2.52326599e+01
 2.38267456e+01
 1.61047302e+01
 1.25869690e+01
 6.97365723e+00
 1.61568604e+00
 4.27971802e+00
 8.48446045e+00
 8.89306030e+00
 1.41237427e+01
 1.91512695e+01
 2.18471008e+01
 2.60614258e+01
 2.51863037e+01
 1.88982788e+01
 1.12055908e+01
 4.98452148e+00
 5.12099609e+00
 4.95144043e+00
 4.82521973e+00
 8.92873535e+00
 1.42381531e+01
 1.56525818e+01
 2.21808105e+01
 2.56788879e+01
 2.28575989e+01
 1.95993591e+01
 1.34438721e+01
 1.04201904e+01
 1.54110107e+00
 -2.14667358e+00
 4.54287109e+00
 6.74361572e+00
 1.00274902e+01
 1.65988098e+01
 1.99850098e+01
 2.31280762e+01
 2.28259521e+01
 1.90270630e+01
 1.09300476e+01
 3.82875977e+00
 6.44841919e+00
 6.55590210e+00
 5.43111572e+00
 7.80120239e+00
 1.24530579e+01
 1.68637329e+01
 2.11306396e+01
 2.54631287e+01
 2.09086243e+01
 1.81033875e+01
 1.20414673e+01
 8.07698975e+00
 1.99428711e+00
 3.30874023e+00
 -2.87976685e+00
 4.10137329e+00
 9.47475586e+00
 1.73801208e+01
 2.69254089e+01
 3.01970764e+01
 2.52707458e+01
 1.77297913e+01
 1.44360596e+01
 7.41887817e+00
 3.39156494e+00
 3.46602783e+00
 5.17843018e+00
 7.74810181e+00
 1.36756531e+01
 1.67488953e+01
 2.38334290e+01
 2.73863464e+01
 2.19241272e+01
 1.88945251e+01
 1.29453369e+01
 6.95607910e+00
 2.28203735e+00
 2.70379028e+00
 7.01757202e+00
 8.73293457e+00
 1.09344421e+01
 1.91313416e+01
 2.51745850e+01
 2.74552856e+01
 2.31043030e+01
 1.97283569e+01
 1.17242981e+01
 8.41347656e+00
 3.65960083e+00
 3.76970825e+00
 1.95989380e+00
 7.14348755e+00
 1.16333862e+01
 1.71048218e+01
 2.18462769e+01
 2.82006165e+01
 2.65170227e+01
 2.03415161e+01
 1.43339783e+01
 1.14022156e+01
 5.16207275e+00
 2.22622070e+00
 2.62978516e+00
 7.41948853e+00
 1.07460876e+01
 1.51281677e+01
 2.13165833e+01
 2.60643860e+01
 2.35226379e+01
 1.79537598e+01
 1.16160217e+01
 1.15271240e+01
 6.93279419e+00
 -5.35650635e-01
 4.18801270e+00
 8.15407715e+00
 1.31496216e+01
 1.70314880e+01
 2.12533203e+01
 2.53119446e+01
 2.39124084e+01
 1.84690491e+01
 1.18933350e+01
 2.59493408e+00
 6.85876465e-01
 5.12078857e-01
 4.93062744e+00
 6.55419312e+00
 1.03095032e+01
 1.68234802e+01
 2.41552979e+01
 2.55449463e+01
 2.67802063e+01
 1.88103882e+01
 1.58895508e+01
 9.71547852e+00
 3.52501831e+00
 2.09765015e+00
 4.35936890e+00
 9.11815796e+00
 1.34403931e+01
 1.88364807e+01
 2.25856567e+01
 2.43811584e+01
 2.63260132e+01
 1.70248352e+01
 1.58587585e+01
 6.85131226e+00
 4.68319092e+00
 3.00393066e+00
 5.41701660e+00
 8.89000854e+00
 1.16209656e+01
 1.80969177e+01
 2.55380798e+01
 2.25338989e+01
 2.13678528e+01
 1.62506653e+01
 1.02325073e+01
 7.81240234e+00
 1.88573608e+00
 -3.31540527e+00
 -1.25714722e+00
 9.05684814e+00
 1.44112183e+01
 1.69558350e+01
 2.33117615e+01
 2.79161011e+01
 2.84486633e+01
 1.57870422e+01
 1.26572205e+01
 8.20595703e+00
 5.46645508e+00
 6.46398315e+00
 -2.07006836e-01
 6.35555420e+00
 7.93496094e+00
 1.64719177e+01
 2.44474426e+01
 2.93008667e+01
 2.42090088e+01
 1.84128662e+01
 1.18550049e+01
 7.31548462e+00
 4.73299561e+00
 4.55172119e+00
 5.31316528e+00
 9.44408569e+00
 1.22286926e+01
 1.51661621e+01
 2.02100769e+01
 2.75165955e+01
 2.73572021e+01
 1.74919373e+01
 1.24023071e+01
 9.38771973e+00
 2.64406738e+00
 1.25942383e+00
 6.93035278e+00
 8.44033203e+00
 7.49999390e+00
 1.85066467e+01
 2.22321716e+01
 2.79247070e+01
 2.47492615e+01
 1.85550171e+01
 1.39428345e+01
 1.15965820e+01
 5.58919678e+00
 5.80092773e+00
 6.07302246e+00
 8.06411133e+00
 1.11677795e+01
 1.81877075e+01
 2.39005066e+01
 2.62186218e+01
 2.59546448e+01
 1.56297546e+01
 1.07963501e+01
 3.41106567e+00
 4.08147583e+00
 6.59423218e+00
 3.14183960e+00
 8.15355835e+00
 1.20963379e+01
 1.69619690e+01
 2.20084473e+01
 2.61368958e+01
 2.52871643e+01
 2.24466797e+01
 1.59852234e+01
 1.29444519e+01
 1.83941040e+00
 3.26476440e+00
 -3.67437744e-01
 7.52977905e+00
 9.21090088e+00
 1.72481934e+01
 2.31469055e+01
 2.62783142e+01
 2.57404114e+01
 1.94232422e+01
 1.21387573e+01
 6.11339722e+00
 5.40377197e+00
 2.62072144e+00
 3.98867188e+00
 6.92540894e+00
 1.28617188e+01
 1.71812988e+01
 2.25131165e+01
 2.97411438e+01
 2.70019470e+01
 2.10032593e+01
 1.33705383e+01
 6.18639526e+00
 4.52959595e+00
 5.65960083e+00
 5.57409058e+00
 7.56945190e+00
 1.29525085e+01
 1.66907288e+01
 2.36087891e+01
 2.38921448e+01
 2.37293030e+01
 1.80389038e+01
 1.59659363e+01
 1.20564514e+01
 2.31148682e+00
 1.25414429e+00
 6.65667114e+00
 1.00164734e+01
 1.38077026e+01
 1.85597473e+01
 2.46573730e+01
 2.41701904e+01
 2.70475708e+01
 1.95174194e+01
 1.17202087e+01
 6.29696045e+00
 9.34981689e+00
 5.25692139e+00
 4.19741211e+00
 5.20137939e+00
 1.09609314e+01
 1.65392395e+01
 1.94545837e+01
 2.46840454e+01
 2.45556580e+01
 1.59356018e+01
 1.41523376e+01
 1.10463501e+01
 2.64708862e+00
 9.59619141e-01
 3.14147339e+00
 8.64653931e+00
 1.18991028e+01
 1.70559021e+01
 2.09393860e+01
 2.69837280e+01
 2.70497681e+01
 1.97463318e+01
 1.21990601e+01
 5.20284424e+00
 4.26360474e+00
 2.16241455e-01
 3.59975586e+00
 8.58046875e+00
 1.18949829e+01
 1.63046814e+01
 1.95054565e+01
 2.38733459e+01
 2.45970398e+01
 2.03215576e+01
 1.07409607e+01
 9.37017212e+00
 7.60583496e-01
 2.92177734e+00
 6.02169189e+00
 7.18340454e+00
 8.56130371e+00
 1.44683472e+01
 2.36515442e+01
 2.71946655e+01
 2.56723877e+01
 1.98975464e+01
 1.23064209e+01
 8.63561401e+00
 2.95140991e+00
 1.22308350e-01
 3.81786499e+00
 7.09960327e+00
 1.37981812e+01
 1.71242615e+01
 2.48161865e+01
 2.82427917e+01
 2.64250427e+01
 2.09458557e+01
 1.34060608e+01
 7.31441650e+00
 9.43566895e-01
 -2.50402832e-01
 6.52016602e+00
 5.56969604e+00
 1.34083191e+01
 1.61243835e+01
 2.25839172e+01
 2.41892944e+01
 2.51806885e+01
 1.87377563e+01
 1.16103455e+01
 4.42348633e+00
 1.85820923e+00
 1.72808228e+00
 -4.36838379e+00
 5.81826172e+00
 1.02784668e+01
 1.51428467e+01
 2.31042114e+01
 2.59974304e+01
 2.81794067e+01
 2.11591736e+01
 9.88796387e+00
 2.90331421e+00
 1.43813477e+00
 -7.54370117e-01
 3.42067871e+00
 7.73772583e+00
 1.06296021e+01
 1.69861694e+01
 2.05800415e+01
 2.49908081e+01
 2.11574036e+01
 1.81050964e+01
 1.63749634e+01
 1.16036011e+01
 4.20897827e+00
 2.82634888e+00
 5.25902710e+00
 7.60875854e+00
 1.03949829e+01
 1.46612793e+01
 2.23160950e+01
 2.68332458e+01
 2.29067322e+01
 1.73409058e+01
 1.14414307e+01
 8.67876587e+00
 4.41112671e+00
 5.28151855e+00
 5.24312744e+00
 1.06391235e+01
 1.14753967e+01
 1.65689941e+01
 2.26604553e+01
 2.70136658e+01
 2.71062561e+01
 1.79518677e+01
 1.24155212e+01
 4.90056763e+00
 9.26446533e-01
 5.11937866e+00
 3.87426147e+00
 5.17202148e+00
 1.21228577e+01
 1.37820679e+01
 2.02594238e+01
 2.54924866e+01
 2.58765503e+01
 2.11696716e+01
 1.06840759e+01
 1.07620789e+01
 6.39110718e+00
 5.93197021e+00
 5.09697876e+00
 8.53566895e+00
 1.13645569e+01
 1.42884766e+01
 2.25885559e+01
 2.58195435e+01
 2.72245728e+01
 2.10133301e+01
 1.07239624e+01
 8.04827271e+00
 4.52242432e+00
 2.50399170e+00
 5.46880493e+00
 7.68630371e+00
 1.15912415e+01
 1.64005676e+01
 2.22970215e+01
 2.60651489e+01
 2.21559082e+01
 1.62505432e+01
 1.60073792e+01
 8.46718750e+00
 2.13488159e+00
 4.93557129e+00
 5.96633301e+00
 4.80721436e+00
 1.18580261e+01
 1.61583191e+01
 2.04882751e+01
 2.53848206e+01
 2.28090454e+01
 2.05351196e+01
 1.28268066e+01
 7.58348999e+00
 7.28884277e+00
 1.70250854e+00
 3.30193481e+00
 8.33504639e+00
 1.35692383e+01
 1.69099365e+01
 2.47895752e+01
 2.80178467e+01
 2.65004822e+01
 1.86124817e+01
 1.01523376e+01
 7.19753418e+00
 4.13140869e-01
 -5.03759766e-01
 4.76345215e+00
 7.17971191e+00
 1.17509399e+01
 1.71596924e+01
 2.59175659e+01
 2.68382507e+01
 2.62362000e+01
 1.98485657e+01
 1.33922058e+01
 9.79055176e+00
 3.62597046e+00
 7.75365601e+00
 5.98940430e+00
 8.59920654e+00
 1.15073181e+01
 1.63478027e+01
 2.60064026e+01
 2.61847168e+01
 2.22047363e+01
 1.89863831e+01
 1.54651123e+01
 6.85885010e+00
 4.47014771e+00
 3.82833252e+00
 3.81926880e+00
 9.88231812e+00
 1.35899902e+01
 1.67270447e+01
 2.18040405e+01
 2.66901184e+01
 2.36124207e+01
 2.03898254e+01
 1.55223633e+01
 9.21071777e+00
 6.23476563e+00
 7.19686279e+00
 7.89690552e+00
 8.29158936e+00
 1.40348145e+01
 1.75014587e+01
 2.51166016e+01
 2.73402954e+01
 2.59777771e+01
 1.93173767e+01
 1.33649841e+01
 7.92891846e+00
 5.72701416e+00
 7.37749634e+00
 6.31090698e+00
 9.75774536e+00
 1.22384583e+01
 1.69483887e+01
 2.25089661e+01
 2.46876465e+01
 2.40718628e+01
 1.82455688e+01
 1.58142944e+01
 6.10457764e+00
 4.85146484e+00
 5.47265625e-01
 3.12053833e+00
 7.54018555e+00
 1.31431213e+01
 1.85000549e+01
 2.32035461e+01
 2.63980652e+01
 2.57675415e+01
 1.78644958e+01
 1.39181458e+01
 8.21904907e+00
 6.73568115e+00
 2.05804443e-01
 7.04415283e+00
 9.99666748e+00
 1.20729309e+01
 1.91644226e+01
 2.36872192e+01
 2.87445313e+01
 2.82198425e+01
 2.06224915e+01
 1.34346863e+01
 8.13042603e+00
 -2.04138794e+00
 8.01427612e+00
 4.61290894e+00
 6.20150146e+00
 9.87923584e+00
 1.64741760e+01
 2.38786865e+01
 2.29751831e+01
 2.62285095e+01
 1.96312500e+01
 1.42223755e+01
 8.43706665e+00
 4.18163452e+00
 3.99208984e+00
 3.31490479e+00
 9.62661133e+00
 1.14494263e+01
 1.68767639e+01
 1.95916687e+01
 2.48628479e+01
 2.55044495e+01
 2.09829041e+01
 1.45310608e+01
 9.70867310e+00
 1.23437500e-01
 -1.86466064e+00
 4.33052979e+00
 9.65731201e+00
 1.39693848e+01
 1.64628845e+01
 2.24352051e+01
 2.55069824e+01
 2.69602905e+01
 2.11748291e+01
 1.10417419e+01
 9.39919434e+00
 4.27160034e+00
 -7.74816895e-01
 3.52959595e+00
 8.52114258e+00
 1.24490906e+01
 1.72856689e+01
 2.63410583e+01
 2.60580078e+01
 2.61000000e+01
 1.68839050e+01
 1.12852112e+01
 9.92559204e+00
 5.23092041e+00
 5.72753296e+00
 5.87377319e+00
 5.78194580e+00
 1.18577820e+01
 1.56609741e+01
 2.19400269e+01
 2.39574219e+01
 2.38312622e+01
 1.95971924e+01
 1.12785889e+01
 1.08117920e+01
 7.70086060e+00
 4.17144165e+00
 8.53362427e+00
 1.00889832e+01
 1.23738342e+01
 1.60356995e+01
 2.34063660e+01
 2.86066833e+01
 2.53454834e+01
 1.80782104e+01
 1.40533997e+01
 6.22536621e+00
 3.30059204e+00
 2.02288208e+00
 6.39339600e+00
 5.77141724e+00
 1.17305542e+01
 1.55908447e+01
 2.28871704e+01
 2.77845093e+01
 2.34935547e+01
 1.76099792e+01
 1.55015503e+01
 8.78853760e+00
 4.29265747e+00
 2.74874268e+00
 5.90603027e+00
 8.64980469e+00
 1.37546936e+01
 1.74145142e+01
 2.34753662e+01
 2.79481140e+01
 2.35117126e+01
 1.84142090e+01
 1.32634216e+01
 9.48568115e+00
 6.30700073e+00
 -8.53460693e-01
 1.12798462e+00
 7.73763428e+00
 1.27794128e+01
 1.57681213e+01
 2.09081360e+01
 2.39825073e+01
 2.58535706e+01
 1.75638672e+01
 1.25627380e+01
 6.13497314e+00
 7.41979370e+00
 4.95852051e+00
 2.95946655e+00
 6.06548462e+00
 1.12050110e+01
 1.49684692e+01
 2.42517029e+01
 2.70175720e+01
 2.53981873e+01
 2.18358398e+01
 1.41549011e+01
 8.84188232e+00
 7.51906738e+00
 6.25551758e+00
 4.75222168e+00
 8.71026001e+00
 1.50574585e+01
 1.39485718e+01
 1.86451660e+01
 2.57782532e+01
 2.14154602e+01
 1.89574219e+01
 1.24475952e+01
 8.57018433e+00
 4.10408936e+00
 5.55449829e+00
 2.65871582e+00
 9.20250854e+00
 1.28483826e+01
 1.58791138e+01
 2.27347961e+01
 2.37854858e+01
 2.26131531e+01
 1.97924133e+01
 1.24405762e+01
 6.18386230e+00
 6.53533325e+00
 -8.14916992e-01
 5.66774902e+00
 8.32943115e+00
 1.12340637e+01
 1.51271301e+01
 2.09831787e+01
 2.60632568e+01
 2.41237732e+01
 1.67510620e+01
 1.33413025e+01
 9.84758911e+00
 5.18792114e+00
