 2.89318237e+00
 -2.37280273e-01
 6.95763550e+00
 1.07801758e+01
 1.48192078e+01
 1.89724670e+01
 1.94281250e+01
 2.15772034e+01
 1.74333130e+01
 1.23113037e+01
 8.36065063e+00
 3.81200562e+00
 3.48647461e+00
 3.73955688e+00
 5.99010620e+00
 1.08693787e+01
 1.68880554e+01
 2.12526184e+01
 2.25954224e+01
 1.94769531e+01
 1.86624390e+01
 1.03470093e+01
 6.58794556e+00
 2.91289673e+00
 2.14336548e+00
 3.95748291e+00
 4.90163574e+00
 1.27673584e+01
 1.74139954e+01
 2.04770447e+01
 2.07311646e+01
 2.30666138e+01
 1.57013489e+01
 9.57482300e+00
 9.21846924e+00
 1.13842163e+00
 2.38689575e+00
 3.38802490e+00
 8.10463867e+00
 1.08817383e+01
 1.55126587e+01
 1.97869812e+01
 2.21372620e+01
 2.41280457e+01
 1.84571472e+01
 1.26415039e+01
 7.14391479e+00
 3.95079956e+00
 -3.78580322e+00
 2.39544067e+00
 4.33175049e+00
 1.06788574e+01
 1.46471497e+01
 1.94258972e+01
 2.43438965e+01
 2.31321655e+01
 1.85552307e+01
 9.98815308e+00
 7.16442261e+00
 5.24135742e+00
 -8.79949951e-01
 3.83565674e+00
 7.33880005e+00
 1.27336975e+01
 1.59005981e+01
 1.76387878e+01
 2.23738342e+01
 2.50201050e+01
 1.69468933e+01
 1.10745789e+01
 7.10231934e+00
 5.83999023e+00
 7.04918823e+00
 5.38607178e+00
 8.49276123e+00
 9.98995361e+00
 1.62567383e+01
 1.98940369e+01
 2.34400574e+01
 2.14496094e+01
 1.70560547e+01
 1.06288696e+01
 5.30623779e+00
 5.13900146e+00
 3.06282959e+00
 3.65798340e+00
 7.22240601e+00
 1.30145203e+01
 1.78144470e+01
 2.39571167e+01
 2.42981201e+01
 2.37316833e+01
 1.59567200e+01
 1.19935547e+01
 9.23919067e+00
 5.15706787e+00
 4.95220337e+00
 4.65581665e+00
 7.08822021e+00
 1.15397583e+01
 1.40552917e+01
 1.83016907e+01
 2.46244751e+01
 2.27752319e+01
 1.75442139e+01
 1.39701172e+01
 5.72423706e+00
 4.65096436e+00
 3.30202637e+00
 7.90979004e-01
 6.91716919e+00
 1.09705750e+01
 1.51852051e+01
 2.22929932e+01
 2.64549194e+01
 2.24375244e+01
 1.72306458e+01
 1.32824951e+01
 3.84441528e+00
 2.96151123e+00
 -2.73792114e+00
 2.44680176e+00
 7.86824951e+00
 1.27248779e+01
 1.68806396e+01
 2.10549561e+01
 2.56378723e+01
 2.30367065e+01
 1.48329407e+01
 1.09378601e+01
 5.28295288e+00
 5.60424194e+00
 3.42946777e+00
 3.69115601e+00
 7.91488037e+00
 1.23474060e+01
 1.65320068e+01
 1.94473511e+01
 2.30438782e+01
 2.23366333e+01
 1.56215149e+01
 1.02135864e+01
 4.85106812e+00
 1.85851440e+00
 1.87679443e+00
 5.47661743e+00
 7.63207397e+00
 1.24938599e+01
 1.65703979e+01
 2.07567383e+01
 2.45364014e+01
 2.24903503e+01
 1.66898132e+01
 1.07115112e+01
 5.68132935e+00
 3.25835571e+00
 -2.40579834e+00
 2.98848877e+00
 6.78215942e+00
 9.48638306e+00
 1.40473572e+01
 2.18946472e+01
 2.47601563e+01
 2.25209900e+01
 1.64241882e+01
 1.05413757e+01
 6.14302979e+00
 3.77025757e+00
 -5.56982422e-01
 3.16094360e+00
 7.29424438e+00
 1.04305359e+01
 1.73667542e+01
 2.08848511e+01
 2.56751038e+01
 2.31585632e+01
 1.65677124e+01
 1.28802429e+01
 8.14745483e+00
 4.39132080e+00
 2.75319824e+00
 3.42092285e+00
 6.80867920e+00
 1.03990723e+01
 1.59385925e+01
 2.17515808e+01
 2.57836853e+01
 2.34191528e+01
 1.46292969e+01
 1.38018433e+01
 7.52242432e+00
 1.89272461e+00
 -4.84442139e-01
 3.17769775e+00
 7.60448608e+00
 1.01715637e+01
 1.47541748e+01
 2.03483215e+01
 2.42308289e+01
 2.55311523e+01
 1.66803223e+01
 1.06416565e+01
 4.39779053e+00
 3.81945190e+00
 4.47689209e+00
 6.98238525e+00
 9.60277710e+00
 1.33101135e+01
 1.49674316e+01
 1.93760315e+01
 2.38855835e+01
 2.45602051e+01
 1.72155701e+01
 1.12624451e+01
 5.23861084e+00
 -1.33661499e+00
 -5.54312744e+00
 -1.11301270e+00
 3.95882568e+00
 1.10594421e+01
 1.71242615e+01
 1.94013916e+01
 2.36155640e+01
 2.40028015e+01
 1.78087097e+01
 1.26650940e+01
 7.03777466e+00
 4.33733521e+00
 -6.29431152e-01
 3.77916870e+00
 4.57497559e+00
 1.09569336e+01
 1.60021912e+01
 2.23938232e+01
 2.29738403e+01
 2.06045471e+01
 1.44842163e+01
 1.19377075e+01
 8.38878784e+00
 4.88759766e+00
 1.52401123e+00
 2.23308716e+00
 6.03545532e+00
 1.04473206e+01
 1.94420410e+01
 2.39861084e+01
 2.47997681e+01
 2.29666077e+01
 1.81203247e+01
 1.30960938e+01
 8.43541870e+00
 6.45522461e+00
 2.86947021e+00
 2.00829468e+00
 7.47951660e+00
 1.37652527e+01
 2.05485474e+01
 2.48754211e+01
 2.76827637e+01
 2.42665344e+01
 1.80210815e+01
 1.13401123e+01
 6.54119263e+00
 6.51976929e+00
 3.83114014e+00
 4.15563354e+00
 9.01473389e+00
 1.20732056e+01
 1.59782349e+01
 1.93683716e+01
 2.27022034e+01
 2.31498962e+01
 1.66524597e+01
 1.09568726e+01
 7.44725952e+00
 4.31118164e+00
 -1.23959961e+00
 -2.74848022e+00
 5.56548462e+00
 1.01033875e+01
 1.42742249e+01
 1.72881104e+01
 2.37248474e+01
 2.19430481e+01
 1.89454590e+01
 1.24070984e+01
 8.91771851e+00
 2.44408569e+00
 2.87347412e-01
 5.03048096e+00
 6.87883911e+00
 1.00647217e+01
 1.43038269e+01
 2.30658508e+01
 2.51245667e+01
 2.29004456e+01
 1.62033020e+01
 1.01882263e+01
 7.95461426e+00
 2.66942749e+00
 4.97301636e+00
 7.13274536e+00
 7.66542969e+00
 1.10865417e+01
 1.70626770e+01
 2.39671265e+01
 2.51721130e+01
 2.50969177e+01
 1.89153992e+01
 8.68023071e+00
 4.57772217e+00
 3.76250610e+00
 2.23549805e+00
 7.07448730e+00
 6.97445068e+00
 1.16315552e+01
 1.43827759e+01
 2.25789429e+01
 2.52408386e+01
 2.88802429e+01
 2.08872009e+01
 1.37881409e+01
 6.86937866e+00
 3.70418701e+00
 -3.22546387e-01
 5.21859131e+00
 8.41683350e+00
 1.25046021e+01
 1.68904968e+01
 2.29128052e+01
 2.50499207e+01
 1.96409546e+01
 1.51552979e+01
 1.20931641e+01
 6.40920410e+00
 3.76854858e+00
 3.23259888e+00
 5.21877441e+00
 7.22921143e+00
 1.19760681e+01
 1.76909119e+01
 2.10146118e+01
 2.20687500e+01
 2.24410645e+01
 1.54595276e+01
 1.01983887e+01
 9.28435669e+00
 3.56789551e+00
 -4.54465332e+00
 -3.09595337e+00
 4.71248779e+00
 9.91182861e+00
 1.51603943e+01
 2.18041626e+01
 2.47922607e+01
 2.35686584e+01
 1.67947937e+01
 1.02602478e+01
 5.94228516e+00
 5.10803223e-02
 3.13543091e+00
 6.60082397e+00
 8.59359131e+00
 1.18194824e+01
 1.58391663e+01
 2.06383911e+01
 2.04164063e+01
 2.19192444e+01
 1.67836853e+01
 1.10145203e+01
 5.56594238e+00
 3.84288940e+00
 3.17653809e+00
 5.23647461e+00
 9.36788330e+00
 1.10268494e+01
 9.99135742e+00
 1.96397034e+01
 2.37214600e+01
 2.05558411e+01
 1.64781128e+01
 1.25648132e+01
 7.50798950e+00
 1.02230225e+00
 -2.87213745e+00
 6.69826660e+00
 7.61379395e+00
 9.03939209e+00
 1.54520203e+01
 2.06347290e+01
 2.23086792e+01
 2.17877136e+01
 1.74539124e+01
 1.30503479e+01
 7.56691895e+00
 3.86986694e+00
 8.52294922e-02
 2.17601929e+00
 1.04521118e+01
 1.09763428e+01
 1.54795166e+01
 1.95510498e+01
 2.50037170e+01
 2.27328125e+01
 2.06152588e+01
 1.25136047e+01
 9.06911621e+00
 6.56868896e+00
 7.51412354e+00
 9.13570557e+00
 6.75075684e+00
 1.23174988e+01
 1.91710144e+01
 2.01535889e+01
 2.30843140e+01
 2.09394775e+01
 1.86056152e+01
 1.37668091e+01
 5.63253174e+00
 5.22042236e+00
 4.04638062e+00
 3.37981567e+00
 8.93367920e+00
 1.10341125e+01
 1.47681824e+01
 2.49179626e+01
 2.72866760e+01
 2.23723999e+01
 1.69245239e+01
 1.17073608e+01
 7.08001099e+00
 2.54573975e+00
 4.30071411e+00
 5.85033569e+00
 5.21373901e+00
 1.07884766e+01
 1.67060486e+01
 1.91534058e+01
 2.46304871e+01
 2.54779602e+01
 1.52406250e+01
 9.78139648e+00
 7.43666992e+00
 2.81878052e+00
 3.29876099e+00
 2.88149414e+00
 7.42589722e+00
 9.90447388e+00
 1.58926636e+01
 1.92717529e+01
 2.66855713e+01
 2.44853760e+01
 1.89409119e+01
 1.16850220e+01
 8.16433105e+00
 4.28136597e+00
 1.74068604e+00
 5.58394775e+00
 9.33638916e+00
 1.08442932e+01
 1.70780884e+01
 1.86780029e+01
 2.28568359e+01
 2.33279663e+01
 1.78816467e+01
 1.36714722e+01
 7.54287109e+00
 3.25270996e+00
 1.40819702e+00
 3.73674927e+00
 1.00476624e+01
 1.19901672e+01
 1.57984863e+01
 2.14513794e+01
 2.33518921e+01
 2.09950806e+01
 1.58120361e+01
 1.08820740e+01
 8.01870117e+00
 2.63924561e+00
 4.35088501e+00
 5.35958252e+00
 8.77843628e+00
 1.29543396e+01
 1.64666687e+01
 2.36714111e+01
 2.66978699e+01
 2.21757751e+01
 1.72354980e+01
 1.23426758e+01
 5.67995605e+00
 -2.56101074e+00
 1.87502441e+00
 4.12709961e+00
 7.87603149e+00
 1.17067810e+01
 1.50049988e+01
 2.04559570e+01
 2.63000122e+01
 2.52037598e+01
 2.21761719e+01
 1.10801025e+01
 5.54427490e+00
 4.88692627e+00
 1.89882813e+00
 5.96877441e+00
 6.33797607e+00
 1.18503052e+01
 1.66974731e+01
 2.00536743e+01
 2.21191956e+01
 2.18608643e+01
 1.79099060e+01
 1.13187195e+01
 9.95479736e+00
 3.60650024e+00
 -1.51098633e-01
 4.77932129e+00
 1.04522949e+01
 1.28250061e+01
 1.55350891e+01
 1.89672485e+01
 2.47170044e+01
 2.13600708e+01
 1.45309082e+01
 1.14430786e+01
 8.17070923e+00
 5.96846924e+00
 2.69448242e+00
 2.67031250e+00
 7.46862183e+00
 9.99950562e+00
 1.60305115e+01
 2.10448547e+01
 2.61791626e+01
 2.34233337e+01
 2.10717102e+01
 1.27011047e+01
 6.82497559e+00
 1.38125000e+00
 8.79052734e-01
 5.33663330e+00
 8.77840576e+00
 1.14673096e+01
 1.61061035e+01
 2.08962952e+01
 2.54707275e+01
 2.25850159e+01
 1.88077332e+01
 1.06400696e+01
 6.66997681e+00
 9.06102905e+00
 2.66149292e+00
 2.94707642e+00
 6.86580811e+00
 1.28232971e+01
 1.82175232e+01
 1.90161987e+01
 2.21397339e+01
 2.46272827e+01
 1.53407837e+01
 1.06668335e+01
 4.16872559e+00
 2.05895386e+00
 4.03511963e+00
 1.93090210e+00
 8.77953491e+00
 1.21016174e+01
 1.63271423e+01
 1.91883484e+01
 2.20886475e+01
 2.34077698e+01
 1.75179077e+01
 1.18190247e+01
 5.60598145e+00
 2.41423950e+00
 1.18224487e+00
 8.91052246e-02
 5.89086304e+00
 1.20496460e+01
 1.67078796e+01
 2.23659912e+01
 2.54365784e+01
 2.24555908e+01
 1.92621399e+01
 9.48583374e+00
 9.74297485e+00
 5.76485596e+00
 4.83681641e+00
 4.48095093e+00
 1.16895996e+01
 1.06627136e+01
 1.53306213e+01
 2.08157898e+01
 2.47149292e+01
 2.50745178e+01
 1.59143616e+01
 1.21858154e+01
 8.69640503e+00
 4.29345093e+00
 5.54055176e+00
 7.34157715e+00
 6.85051880e+00
 1.42216125e+01
 1.70239197e+01
 2.34237000e+01
 2.38229309e+01
 2.35065247e+01
 1.51292664e+01
 1.11682678e+01
 5.27718506e+00
 5.37386475e+00
 3.43251953e+00
 6.44701538e+00
 6.82756958e+00
 9.57174072e+00
 1.62586609e+01
 2.22101990e+01
 2.70358826e+01
 2.28874451e+01
 1.74157349e+01
 1.29746643e+01
 8.60051880e+00
 5.87148438e+00
 1.87847290e+00
 9.47686768e-01
 8.48824463e+00
 1.10421082e+01
 1.74875427e+01
 2.44439636e+01
 2.53616272e+01
 2.62077271e+01
 1.86375061e+01
 1.24975525e+01
 9.24880371e+00
 3.23122559e+00
 1.35186157e+00
 2.39251099e+00
 6.08504639e+00
 1.30528503e+01
 1.60897156e+01
 2.34164673e+01
 2.78951355e+01
 2.54856812e+01
 1.99316956e+01
 1.33691040e+01
 7.05153809e+00
 4.13601074e+00
 2.28679810e+00
 5.49160156e+00
 7.72966919e+00
 1.44070068e+01
 1.81151367e+01
 2.05917908e+01
 2.66806274e+01
 2.58526855e+01
 1.69247375e+01
 1.06551758e+01
 7.54412231e+00
 1.59627686e+00
 1.61675415e+00
 5.55004272e+00
 8.17751465e+00
 1.13660217e+01
 1.61297546e+01
 2.27231384e+01
 2.57424866e+01
 2.51769653e+01
 1.96725098e+01
 1.13977905e+01
 3.53716431e+00
 4.72884521e+00
 4.42833862e+00
 5.99581299e+00
 7.16750488e+00
 1.25290161e+01
 1.78330322e+01
 2.32737061e+01
 2.29248596e+01
 2.16185852e+01
 1.58507019e+01
 9.74328003e+00
 8.45494995e+00
 6.27153931e+00
 1.78295288e+00
 6.98186646e+00
 8.63726196e+00
 1.04632202e+01
 1.43156372e+01
 2.20762573e+01
 2.19392944e+01
 2.22433105e+01
 1.70004211e+01
 1.40013062e+01
 6.20879517e+00
 2.90593872e+00
 -6.59399414e-01
 1.02556763e+00
 6.32763062e+00
 1.21595398e+01
 1.40738159e+01
 1.81427551e+01
 2.18985535e+01
 2.17514587e+01
 1.70274902e+01
 1.12675110e+01
 7.04067383e+00
 4.22744141e+00
 -1.96997070e-01
 4.00109253e+00
 8.15645752e+00
 9.11364136e+00
 1.46310364e+01
 1.88755432e+01
 2.15116211e+01
 2.29589172e+01
 1.90744263e+01
 1.25156494e+01
 8.60161743e+00
 5.03792725e+00
 -7.09234619e-01
 6.85280762e+00
 9.56801758e+00
 1.29613892e+01
 1.43339172e+01
 1.97573792e+01
 2.44350525e+01
 2.29916321e+01
 1.65292297e+01
 1.38222595e+01
 7.55468140e+00
 5.34316406e+00
 5.71801147e+00
 9.32821045e+00
 9.53865967e+00
 1.51121460e+01
 1.86554810e+01
 2.69759460e+01
 2.92033936e+01
 2.51632019e+01
 1.81504150e+01
 1.16108337e+01
 7.90221558e+00
 8.48204956e+00
 5.90349731e+00
 7.66240845e+00
 9.88439331e+00
 1.02293030e+01
 1.41989685e+01
 2.06573730e+01
 2.47044312e+01
 2.30966736e+01
 1.87868286e+01
 9.67824707e+00
 4.30767212e+00
 5.38485107e+00
 -6.91534424e-01
 6.73897705e+00
 6.90490112e+00
 1.28080383e+01
 1.77560974e+01
 1.97343689e+01
 2.64667603e+01
 2.87383667e+01
 1.56949097e+01
 1.35817810e+01
 5.02196655e+00
 3.71013794e+00
 6.36083374e+00
 3.19887695e+00
 8.71892700e+00
 1.32332092e+01
 1.94173828e+01
 2.14278198e+01
 2.63667236e+01
 2.35634705e+01
 1.90694519e+01
 1.13221069e+01
 8.26281128e+00
 6.86626587e+00
 7.18914185e+00
 4.94756470e+00
 8.83666382e+00
 1.20772949e+01
 1.77374512e+01
 2.24162231e+01
 2.66564575e+01
 2.44747864e+01
 1.63788086e+01
 1.13247314e+01
 9.93566284e+00
 6.68322144e+00
 -1.08572998e+00
 1.94051514e+00
 7.54842529e+00
 1.37813965e+01
 1.65164429e+01
 2.33681274e+01
 2.69264465e+01
 2.50092102e+01
 1.82413879e+01
 1.18484741e+01
 6.11141357e+00
 4.92904053e+00
 3.72515259e+00
 5.81255493e+00
 1.16551453e+01
 1.45195862e+01
 1.45991150e+01
 2.15176025e+01
 2.38902832e+01
 2.41192871e+01
 1.76490112e+01
 1.12847839e+01
 8.13833008e+00
 5.06807861e+00
 2.79598389e+00
 6.70995483e+00
 1.00024353e+01
 1.26090027e+01
 1.76791016e+01
 2.22624756e+01
 2.47829224e+01
 2.52166077e+01
 1.86397339e+01
 1.17461182e+01
 8.94042358e+00
 4.64882813e+00
 3.66503296e+00
 4.22429810e+00
 7.11000977e+00
 1.11143127e+01
 1.65527893e+01
 2.37376038e+01
 2.77671448e+01
 2.73854309e+01
 1.91812988e+01
 1.37172485e+01
 7.79979858e+00
 4.12487183e+00
 2.68544922e+00
 4.96700439e+00
 6.75686035e+00
 1.18210999e+01
 1.74410645e+01
 2.20894714e+01
 2.69765259e+01
 2.44642578e+01
 1.77944275e+01
 1.29798218e+01
 5.93044434e+00
 6.55458984e+00
 1.62709961e+00
 6.63765869e+00
 8.36300049e+00
 1.37678467e+01
 1.61118408e+01
 2.44948059e+01
 2.75905396e+01
 2.55269409e+01
 1.90768677e+01
 1.41903625e+01
 8.10033569e+00
 2.65222168e-01
 5.88006592e-01
 3.41869507e+00
 8.76790771e+00
 1.14002319e+01
 1.52371765e+01
 2.28644348e+01
 2.26645142e+01
 2.36625610e+01
 1.91326538e+01
 1.06156555e+01
 1.06617676e+01
 1.35619507e+00
 3.88851318e+00
 8.05059204e+00
 9.47789917e+00
 1.29560181e+01
 1.82184387e+01
 2.12007690e+01
 2.67638794e+01
 2.59686523e+01
 2.01644836e+01
 1.26143738e+01
 9.36742554e+00
 5.70299683e+00
 4.77697144e+00
 7.35863647e+00
 9.82491455e+00
 1.25670410e+01
 1.53557373e+01
 1.94569946e+01
 2.23182922e+01
 2.29493042e+01
 1.78806091e+01
 1.36675964e+01
 8.48015747e+00
 5.68602905e+00
 5.77327881e+00
 6.66106567e+00
 1.09043213e+01
 1.39204956e+01
 1.86397949e+01
 2.20952087e+01
 2.85816895e+01
 2.61648193e+01
 1.78571106e+01
 9.77739868e+00
 7.26305542e+00
 6.01198730e+00
 3.90892944e+00
 5.62496338e+00
 9.30724487e+00
 1.26100098e+01
 2.01532837e+01
 2.21536194e+01
 2.53293396e+01
 2.47089478e+01
 1.75017029e+01
 1.50757996e+01
 6.56817017e+00
 4.32619629e+00
 3.79546509e+00
 4.77782593e+00
 7.00847778e+00
 1.35703674e+01
 1.84522034e+01
 2.43684937e+01
 2.60843750e+01
 2.29017273e+01
 1.80821472e+01
 1.36997314e+01
 8.29638062e+00
 6.29244385e+00
 2.15239868e+00
 8.77248535e+00
 9.01183472e+00
 1.17159973e+01
 1.56433960e+01
 2.05384460e+01
 2.56979309e+01
 2.48437439e+01
 1.74742981e+01
 1.20732666e+01
 9.54247437e+00
 7.27776489e+00
 3.13500977e-01
 3.27739868e+00
 1.04665466e+01
 1.22326294e+01
 1.88371826e+01
 2.08097473e+01
 2.43637329e+01
 2.16934753e+01
 1.77190491e+01
 1.34565369e+01
 9.88518677e+00
 6.10354004e+00
 5.04461060e+00
 9.50396118e+00
 1.04155823e+01
 1.21048828e+01
 1.37291809e+01
 2.11830383e+01
 2.61736694e+01
 2.53128601e+01
 1.95499207e+01
 1.30176636e+01
 6.49669800e+00
 7.81359253e+00
 3.62526855e+00
 4.23726807e+00
 8.37920532e+00
 1.30881897e+01
 1.65087524e+01
 1.93201233e+01
 2.58842407e+01
 2.28487183e+01
 1.87177979e+01
 1.01339661e+01
 5.14403687e+00
 5.55004272e+00
 3.63414917e+00
 4.08660278e+00
 6.68483887e+00
 1.08983704e+01
 1.62022034e+01
 1.88467957e+01
 2.44497925e+01
 2.37716614e+01
 1.74477783e+01
 1.20700623e+01
 9.39098511e+00
 6.37401733e+00
 7.04027710e+00
 7.60827026e+00
 8.37169800e+00
 1.26502014e+01
 1.63604980e+01
 2.31667419e+01
 2.50318542e+01
 2.22903992e+01
 2.00740601e+01
 1.13539673e+01
 9.07344971e+00
 8.31347046e+00
 2.99868164e+00
 7.53978882e+00
 9.84212646e+00
 1.39293457e+01
 1.53821655e+01
 2.32874695e+01
 2.58932739e+01
 2.69149414e+01
 2.13669678e+01
 1.40577026e+01
 9.75393066e+00
 2.58233032e+00
 1.87078247e+00
 6.76754150e+00
 7.10503540e+00
 1.10124146e+01
 1.72912537e+01
 2.04008423e+01
 2.35136047e+01
 2.38788696e+01
 1.72532593e+01
 1.22643372e+01
 7.62563477e+00
 6.82518921e+00
 3.42980347e+00
 8.71242676e+00
 9.99590454e+00
 1.38256165e+01
 1.77675720e+01
 2.53440491e+01
 2.57761780e+01
 2.40036560e+01
 1.84579712e+01
 1.08355042e+01
 9.58071289e+00
 3.53899536e+00
 -6.21771240e-01
 4.98247681e+00
 1.02229858e+01
 1.38187500e+01
 1.73911377e+01
 2.54591614e+01
 3.05247437e+01
 2.47283569e+01
 1.80043579e+01
 1.51856018e+01
 1.14084717e+01
 5.41753540e+00
 5.07769165e+00
 7.11461792e+00
 9.46547852e+00
 1.34871765e+01
 1.81131531e+01
 1.98986450e+01
 2.43074890e+01
 2.45887695e+01
 1.79929138e+01
 1.06358582e+01
 8.38985596e+00
 4.85061035e+00
 6.58455811e+00
 4.01009521e+00
 1.05475098e+01
 1.28518005e+01
 1.85607239e+01
 2.41986023e+01
 2.38077637e+01
 2.55174805e+01
 1.66879822e+01
 1.16896606e+01
 1.00025574e+01
 3.69823608e+00
 -3.17144775e-01
 2.25103149e+00
 8.72911987e+00
 1.26778809e+01
 1.47730347e+01
 2.36414734e+01
 2.54550415e+01
 2.47862183e+01
 1.75064941e+01
 1.13326660e+01
 1.03198181e+01
 3.60708008e+00
 6.26119385e+00
 5.85210571e+00
 8.88604126e+00
 1.00109497e+01
 1.67028137e+01
 2.47944580e+01
 2.67962891e+01
 2.60834290e+01
 1.76027161e+01
 1.16086670e+01
 7.76656494e+00
 4.38491211e+00
 4.02709351e+00
 2.79491577e+00
 8.54155884e+00
 1.18117920e+01
 1.47836548e+01
 2.26119629e+01
 2.85769592e+01
 2.51542603e+01
 1.72156006e+01
 1.07964417e+01
 9.23571167e+00
 6.26729736e+00
 3.37807617e+00
 4.39443359e+00
 8.19109497e+00
 1.32408691e+01
 1.63142944e+01
 2.13325439e+01
 2.47880798e+01
 2.28148743e+01
 2.14077087e+01
 1.23985229e+01
 9.49855957e+00
 3.67278442e+00
 3.39449463e+00
 4.65130005e+00
 6.80043945e+00
 1.28398376e+01
 1.48903748e+01
 2.09793030e+01
 2.82164551e+01
 2.33697754e+01
 1.60163818e+01
 1.13406616e+01
 8.59810791e+00
 1.99385986e+00
 8.13555298e+00
 5.63936768e+00
 9.47423706e+00
 1.58314148e+01
 1.58261047e+01
 2.30491272e+01
 2.72924133e+01
 2.40283752e+01
 2.00854126e+01
 1.22885071e+01
 1.02469116e+01
 4.52190552e+00
 1.05935059e+00
 3.30443726e+00
 8.72478638e+00
 1.27896667e+01
 1.58574768e+01
 2.28012634e+01
 2.39686829e+01
 2.30036560e+01
 1.70934082e+01
 1.08587891e+01
 1.08030029e+01
 5.25386963e+00
 3.19814453e+00
 4.78902588e+00
 9.53106079e+00
 1.33145996e+01
 1.58602234e+01
 2.16643311e+01
 2.70060364e+01
 2.34697205e+01
 1.75849243e+01
 1.28123718e+01
 1.05345093e+01
 4.63930664e+00
 3.72435913e+00
 8.83986816e+00
 9.18837891e+00
 1.01695190e+01
 1.81583801e+01
 2.35859924e+01
 2.92292114e+01
 2.69510132e+01
 1.97098328e+01
 1.33087402e+01
 9.66289673e+00
 7.91784058e+00
 2.33925781e+00
 5.20696411e+00
 7.59957275e+00
 1.07174622e+01
 1.53316284e+01
 2.29827209e+01
 2.58347717e+01
 2.70780579e+01
 1.99487854e+01
 1.58070313e+01
 8.45885620e+00
 7.13640747e+00
