 6.08688720e+01
 7.91153159e+01
 3.57079099e+01
 6.13332333e+01
 4.08759322e+01
 6.63405188e+01
 2.11035104e+01
 3.19394568e+01
 4.32329099e+01
 9.82821751e+01
 1.05575968e+02
 2.98819533e+01
 4.81576927e+01
 8.86499303e+01
 7.92860816e+01
 1.25329312e+02
 6.00922977e+01
 2.81796360e+01
 5.96311318e+00
 1.78360382e+01
 1.75719027e+01
 1.75488617e+01
 3.48402088e+01
 4.08335825e+01
 7.81784269e+01
 3.59991085e+01
 5.65197128e+01
 3.50822936e+01
 1.18101063e+02
 3.32608877e+01
 8.22730798e+00
 2.34896874e+01
 4.09133927e+01
 4.55402501e+01
 1.20398987e+02
 8.23017746e+01
 3.44155584e+01
 2.95603971e+01
 5.37954081e+01
 2.53960437e+01
 9.29641834e+01
 8.04233400e+00
 1.32217746e+02
 4.64409819e+01
 5.07754629e+01
 5.46069779e+01
 9.25054295e+01
 6.30434272e+01
 7.97022413e+01
 8.91858847e+01
 3.65954972e+01
 6.17601838e+01
 7.31392588e+01
 7.70813043e+01
 5.23210881e+01
 3.11770526e+01
 5.67482683e+01
 5.19452148e+01
 4.76919137e+01
 8.49687556e+01
 3.57763588e+01
 4.13588263e+01
 3.45610918e+01
 3.98142313e+01
 2.03132007e+01
 1.28038090e+02
 5.03006629e+01
 9.85603262e+01
 3.01129694e+01
 1.04522082e+02
 1.30466939e+02
 4.80625624e+01
 5.74584559e+01
 2.76509127e+01
 1.70429004e+01
 4.50900259e+01
 6.34322454e+01
 5.55654613e+01
 3.83262587e+01
 9.68841503e+01
 5.60624552e+01
 6.08267099e+01
 2.20847946e+01
 6.92594663e+01
 6.08215163e+01
 2.85748305e+01
 7.77814725e+01
 3.52872704e+01
 3.37841155e+01
 6.33046129e+01
 2.90113863e+01
 6.36603077e+01
 5.12550356e+01
 3.17232772e+01
 5.71700090e+01
 2.31388853e+01
 7.56122618e+01
 5.08111513e+01
 6.66037444e+01
 2.41076695e+01
 1.75672340e+01
 4.73471613e+01
 6.10835656e+01
 4.34188384e+01
 4.80323992e+01
 1.77699863e+01
 1.43123033e+01
 4.01073016e+01
 6.92625210e+01
 6.40158304e+01
 2.46666144e+01
 5.58800530e+01
 9.04713271e+01
 7.69081526e+01
 1.78995031e+01
 3.77410900e+01
 3.48843678e+01
 4.19219173e+01
 7.36370666e+01
 3.67282903e+01
 2.73773993e+01
 4.16376243e+01
 3.13954197e+01
 4.63262990e+01
 6.19471438e+01
 1.21677373e+02
 1.52072511e+02
 4.81803474e+01
 3.70623273e+01
 4.55913133e+01
 1.91037998e+01
 3.22456510e+01
 4.29359715e+01
 2.35011276e+01
 6.00105020e+01
 3.83180419e+01
 4.68297904e+01
 4.69006160e+01
 6.09043644e+01
 7.40543484e+01
 1.94483589e+01
 4.67624207e+01
 3.07940347e+01
 7.65576990e+01
 6.16725930e+01
 5.21992360e+01
 7.68465198e+01
 4.64368615e+01
 1.30059439e+02
 7.06838728e+01
 2.90694140e+01
 4.08629922e+01
 4.49302736e+01
 1.31790502e+02
 5.78941866e+01
 5.71476576e+01
 5.96576244e+01
 7.46526905e+01
 4.22314099e+01
 3.72417380e+01
 7.65050085e+01
 2.35438995e+01
 3.60338332e+01
 1.77121291e+01
 2.84731289e+01
 7.27166680e+01
 7.22599241e+01
 3.32149220e+01
 2.23476999e+01
 2.25412291e+01
 1.44707464e+01
 5.76750606e+01
 1.45343886e+02
 9.14396632e+01
 1.23530039e+02
 6.38427245e+01
 5.06817983e+01
 4.46038260e+01
 2.01928998e+01
 5.07093393e+01
 4.21495752e+01
 7.51905547e+01
 8.40985126e+01
 3.33201860e+01
 2.78043968e+01
 3.39583087e+01
 4.12369655e+01
 1.23981243e+02
 4.65024211e+01
 4.32222345e+01
 1.58541852e+01
 3.97108929e+01
 9.85946152e+01
 3.55246973e+01
 3.19987731e+01
 3.02746595e+01
 4.78228512e+01
 1.19704201e+01
 8.92315930e+01
 4.18029484e+01
 1.25725904e+02
 7.85414236e+01
 8.07039131e+01
 4.38297705e+01
 4.74963700e+01
 6.39705888e+01
 5.52759301e+01
 4.35769174e+01
 1.62631936e+02
 4.57863011e+01
 7.91695876e+01
 9.04987758e+01
 1.52073095e+01
 4.57088255e+01
 5.78685851e+01
 3.44854981e+01
 6.31321314e+01
 3.63970589e+01
 2.77145965e+01
 5.12515042e+01
 1.05976076e+02
 4.78699123e+01
 1.52492038e+02
 9.77526784e+01
 1.76920095e+02
 4.74254291e+01
 1.03783488e+02
 5.22847432e+01
 6.81332347e+01
 9.01834074e+01
 4.75718857e+01
 3.66367251e+01
 9.61768945e+01
 7.98704554e+01
 1.10228556e+02
 3.67392084e+01
 4.75519071e+01
 3.75818809e+01
 9.68147189e+01
 4.13713639e+01
 5.70266181e+01
 6.98462277e+01
 9.83341299e+01
 1.15994269e+02
 1.01825869e+02
 6.20481415e+01
 5.82877110e+01
 6.22653572e+01
 5.42795600e+01
 2.30207885e+01
 9.01036528e+01
 4.92560322e+01
 5.77224637e+01
 6.25315860e+01
 7.61219880e+01
 7.41527124e+01
 2.58823028e+01
 2.67742659e+01
 7.30748609e+01
 4.72641665e+01
 4.40798190e+01
 1.15901973e+01
 4.32930050e+01
 6.15203046e+01
 4.09760270e+01
 1.52136246e+01
 6.37022701e+01
 3.63820871e+01
 4.96633980e+01
 4.06114697e+01
 4.39598719e+01
 4.04442698e+01
 1.31532705e+02
 5.45530645e+01
 6.46374926e+01
 4.87831382e+01
 5.68879664e+01
 3.33021768e+01
 5.89042553e+01
 7.37667996e+01
 3.02784205e+01
 3.97337139e+00
 2.89166458e+01
 6.91758972e+00
 3.77212116e+01
 5.37771431e+01
 8.00664788e+01
 4.66140493e+01
 4.69245456e+01
 3.88887821e+01
 3.34234379e+01
 4.40630720e+01
 5.68763077e+01
 5.61002728e+01
 4.21263895e+01
 7.32576284e+01
 6.53895678e+01
 4.34747493e+01
 5.08634556e+01
 3.06184678e+01
 5.09949348e+01
 5.00426349e+01
 5.57906160e+01
 4.31070289e+01
 7.71635347e+01
 7.84277628e+01
 2.04910804e+01
 4.87278120e+01
 1.35887153e+02
 1.03609920e+02
 7.72330933e+01
 5.88717884e+01
 5.55365909e+01
 4.74139131e+01
 2.02461635e+01
 8.46925476e+01
 4.30132167e+01
 5.53349537e+01
 5.11810786e+01
 4.88881245e+01
 7.32821727e+01
 4.32958940e+01
 3.63984805e+01
 1.05214088e+02
 4.76751571e+01
 6.19577169e+01
 4.83147264e+01
 8.15713552e+01
 7.46246528e+01
 1.27451293e+02
 1.87876789e+02
 1.55647172e+02
 5.10214398e+01
 5.88166035e+01
 2.65088804e+01
 2.74612218e+01
 5.49967412e+01
 5.47881772e+01
 2.54924858e+01
 2.62838303e+01
 3.81116334e+01
 3.90707088e+01
 1.87762234e+01
 6.34018248e+01
 3.24363292e+01
 2.92751992e+01
 4.29097326e+01
 3.13057509e+01
 8.33036683e+01
 1.87620320e+01
 8.26838159e+01
 3.62505813e+01
 1.28096932e+01
 4.39185910e+01
 4.25356262e+01
 7.85502662e+01
 1.50399899e+01
 8.60569126e+01
 6.80388820e+01
 5.96826761e+01
 2.29249590e+01
 6.97001355e+01
 2.45476576e+01
 2.25180300e+01
 9.41688393e+01
 4.58390694e+01
 2.81969129e+01
 6.99064995e+01
 1.21506555e+02
 2.24510224e+01
 2.45841162e+01
 1.78706281e+01
 3.03695412e+01
 6.50141848e+01
 3.10755863e+01
 2.13503976e+01
 1.15900360e+02
 4.41133084e+01
 5.54521692e+01
 1.27455716e+02
 6.05877023e+01
 2.23457901e+01
 7.80068472e+01
 7.30971502e+01
 4.97964811e+01
 7.60300028e+01
 5.29821234e+01
 6.24602922e+01
 3.46123475e+01
 3.67921327e+01
 6.12269090e+01
 5.13855216e+01
 2.40433570e+01
 5.54473410e+01
 5.62692520e+01
 7.46277659e+01
 4.87754161e+01
 6.02752740e+01
 5.28830614e+01
 4.92314724e+01
 5.74932760e+01
 1.28207215e+01
 2.44263307e+01
 1.46957321e+02
 7.90948816e+01
 6.10286243e+01
 2.59352659e+01
 8.98254583e+01
 6.78267043e+01
 6.15818967e+01
 5.20129451e+01
 2.99192256e+01
 5.35829654e+01
 6.91760213e+01
 1.92993073e+01
 1.00839751e+02
 7.34009909e+01
 2.34070489e+01
 6.90572515e+00
 4.14836485e+01
 3.69190430e+01
 3.75305152e+01
 6.11391305e+01
 8.92075823e+01
 3.48865182e+01
 4.26289320e+01
 4.30488535e+00
 2.79865090e+01
 4.87884160e+01
 9.97174607e+01
 7.31643399e+01
 7.07640948e+01
 4.18767053e+01
 2.23687274e+01
 9.70138522e+01
 3.51776815e+01
 9.82361543e+01
 6.79396351e+01
 2.43011597e+01
 2.32462443e+01
 1.49278969e+02
 7.96888726e+01
 4.69198006e+01
 9.21223051e+01
 6.14389328e+01
 3.24245676e+01
 4.85219708e+01
 3.56596517e+01
 2.67038820e+01
 1.07761863e+02
 1.17509702e+02
 1.07869084e+02
 1.27088949e+02
 6.97167602e+01
 1.35360847e+01
 8.16192587e+01
 8.87405850e+01
 7.33304681e+01
 1.11578026e+02
 9.19238093e+01
 9.61936249e+01
 2.57121889e+01
 9.02702507e+01
 5.24066353e+01
 3.27272266e+01
 4.79548527e+01
 2.91468744e+01
 4.12962867e+01
 7.77527960e+01
 6.22804627e+01
 7.59631906e+01
 6.69323042e+01
 1.40846675e+01
 1.32772769e+02
 6.59147829e+01
 2.65542001e+01
 9.30612880e+01
 6.49317243e+01
 7.00369806e+01
 5.36332174e+00
 7.70183205e+01
 3.84066898e+01
 3.09247912e+01
 5.83041167e+01
 5.30209726e+01
 1.18484298e+02
 8.18066546e+01
 3.01848956e+01
 1.03834379e+02
 1.98482042e+01
 1.31649407e+02
 6.85054297e+01
 8.91128336e+01
 5.45201516e+01
 6.13990313e+01
 8.37963073e+01
 8.88916261e+01
 6.99365832e+01
 1.58528873e+01
 3.15336159e+01
 3.77525746e+01
 5.58122183e+01
 8.78706949e+01
 6.51320456e+01
 6.75378835e+01
 2.24123297e+01
 5.94279836e+01
 1.43381889e+02
 1.30376751e+02
 2.48680309e+01
 4.81214257e+01
 5.46064712e+01
 5.11680095e+01
 3.67267971e+01
 5.09300383e+01
 9.12303915e+01
 5.05153809e+01
 5.50919965e+01
 2.85866567e+01
 5.05474377e+00
 6.24316720e+01
 4.17728196e+01
 8.30408980e+00
 4.01853922e+00
 5.41392234e+01
 7.36429096e+01
 3.54333709e+01
 1.74022261e+01
 1.12396305e+02
 5.97743674e+00
 8.18598762e+01
 1.04134619e+02
 4.57752939e+01
 1.02988380e+02
 5.94798360e+01
 2.26583895e+00
 4.86360471e+01
 4.44043233e+01
 5.42331567e+01
 4.54249644e+01
 8.15283525e+01
 4.78575979e+01
 7.29701748e-01
 3.36998328e+01
 9.08865076e+01
 5.78350486e+01
 3.26314559e+01
 6.33308839e+01
 7.07529921e+01
 3.69844883e+01
 5.01753794e+01
 8.44925486e+01
 5.46897187e+01
 4.09773250e+01
 7.30549394e+01
 9.22340445e+01
 6.40148759e+01
 9.63954865e+01
 6.51955908e+01
 7.05680110e+00
 8.23108748e+01
 4.27980165e+01
 1.36070899e+01
 5.26823212e+01
 5.54949500e+01
 5.30130830e+00
 7.22330897e+01
 2.74490911e+01
 1.11847593e+02
 1.68530105e+01
 5.02928141e+01
 3.52935528e+01
 2.17001030e+01
 1.32600118e+02
 3.02509722e+01
 1.00135301e+02
 6.24308584e+01
 9.46025823e+01
 2.45730431e+01
 7.22661147e+01
 7.96640742e+01
 7.42831149e+01
 8.55896311e+01
 1.32794764e+01
 4.86476550e+01
 1.98448511e+01
 2.26689514e+01
 3.59041557e+01
 7.11795335e+01
 2.73378348e+01
 3.60895419e+01
 2.79081119e+01
 9.90690293e+01
 1.06985973e+02
 8.04204980e+01
 4.70369276e+01
 1.11743434e+02
 5.24985890e+01
 6.43236412e+01
 7.95948434e+01
 8.20925717e+01
 7.65897639e+01
 3.93354190e+01
 7.19487507e+01
 7.69009057e+01
 7.69219151e+01
 1.00515569e+02
 6.84671360e+01
 3.81328414e+01
 1.29769982e+01
 1.66968203e+01
 6.47244264e+01
 6.10448090e+01
 6.12804801e+01
 2.78134660e+01
 3.79562454e+01
 5.99671706e+01
 9.08285942e+01
 1.45590974e+01
 3.65806498e+01
 5.23863662e+01
 4.26702487e+01
 1.02915103e+02
 4.60046327e+01
 3.90924095e+01
 2.80252192e+01
 8.73248944e+01
 1.95983515e+01
 1.22612920e+01
 2.21010183e+01
 8.13366790e+01
 3.67663186e+01
 4.87076322e+01
 5.37481743e+01
 1.55203865e+01
 1.15124205e+02
 1.96898417e+01
 7.93598253e+01
 3.39416608e+01
 5.70534351e+01
 8.38195721e+01
 8.62479951e+01
 1.31160633e+02
 5.73852105e+01
 3.53718095e+01
 6.78990337e+01
 1.05163204e+02
 2.48076753e+01
 6.09174846e+01
 3.91204552e+01
 5.80573734e+01
 9.96258835e+01
 3.38176908e+01
 1.72957899e+01
 5.96082761e+00
 1.95495713e+01
 2.46118417e+01
 7.04258819e+01
 3.81622477e+01
 3.92678860e+01
 4.01781207e+01
 3.30920134e+01
 6.08131122e+01
 5.15389008e+01
 1.40744356e+02
 5.98288425e+01
 1.03648701e+02
 4.07731139e+01
 2.76187115e+01
 5.43675955e+00
 1.98692061e+02
 3.26530096e+01
 5.90353165e+01
 6.78242204e+01
 6.76819090e+01
 3.53181525e+01
 3.06085606e+01
 8.96512375e+01
 1.56361889e+01
 1.42229526e+01
 2.32492963e+01
 4.55685855e+01
 6.16185412e+01
 9.35281250e+01
 7.18248372e+01
 4.36128324e+01
 3.16654858e+01
 1.08940643e+02
 1.40255024e+02
 5.25349821e+01
 6.64525571e+01
 3.57099756e+01
 4.56837396e+01
 3.36225655e+01
 4.28400145e+01
 6.25991220e+01
 3.42188254e+01
 2.70115070e+01
 4.66659262e+01
 3.51497037e+01
 6.58895022e+01
 4.56119376e+01
 3.97601267e+01
 6.81504279e+01
 1.27597744e+02
 7.84996902e+01
 4.82177247e+01
 4.99107241e+01
 7.84043699e+01
 4.32142572e+01
 4.17244900e+01
 6.03661953e+01
 1.06966189e+02
 1.11968171e+02
 3.49791614e+01
 1.66637470e+01
 7.07605688e+01
 3.61215070e+01
 1.01783546e+02
 5.99342604e+01
 6.90085885e+01
 4.62137474e+01
 3.21553440e+01
 1.09722398e+02
 3.57061633e+01
 9.54553230e+01
 8.80254951e+01
 6.28292939e+01
 3.97680213e+01
 3.05416415e+01
 4.70875303e+01
 8.07144100e+01
 5.10902990e+01
 2.77617327e+01
 2.63904090e+01
 3.69482923e+01
 1.40954699e+02
 6.16529877e+01
 2.74824441e+01
 5.24974551e+00
 2.54671573e+01
 5.32802935e+01
 1.11044123e+02
 5.70054981e+01
 6.34076955e+01
 1.21999868e+01
 2.88519312e+01
 1.70709342e+01
 2.64504927e+01
 1.73826840e+01
 3.96091318e+01
 1.74992065e+01
 1.61525378e+01
 1.77969369e+01
 3.51737092e+01
 7.93102953e+01
 5.29499635e+01
 7.08357944e+01
 1.13385826e+01
 8.18125825e-01
 6.38576717e+01
 5.77398564e+01
 8.94821492e+01
 1.48963895e+01
 7.40250587e+01
 5.37763392e+01
 2.09906993e+01
 1.22898260e+02
 4.16506356e+01
 5.79407212e+01
 2.52147512e+01
 3.39224642e+01
 5.97340024e+01
 1.19575770e+01
 4.20724956e+01
 9.93431659e+01
 1.24414797e+02
 5.66436901e+01
 4.57771732e+01
 5.81018059e+01
 5.43482172e+01
 3.33044584e+01
 5.80013457e+01
 4.80120265e+01
 6.47808780e+01
 4.35790249e+01
 1.91572440e+01
 2.10344988e+01
 3.54347854e+01
 1.36655772e+01
 8.16728653e+01
 7.14412223e+00
 5.14997744e+01
 5.52402669e+01
 2.73028312e+01
 5.11351330e+01
 3.28208980e+01
 1.00423518e+02
 9.53473520e+01
 5.64607521e+01
 1.49234454e+01
 8.66761901e+01
 3.34067855e+01
 3.53548520e+01
 6.10434741e+01
 8.92615469e+01
 5.11710862e+01
 5.77607666e+01
 7.61864053e+01
 1.94330558e+01
 8.06710445e+01
 7.74340807e+01
 5.10066777e+01
 3.71732849e+01
 4.82373477e+01
 5.88391803e+01
 4.35154059e+01
 4.80884260e+01
 8.42211793e+01
 7.30944757e+01
 5.76218475e+01
 4.50655689e+00
 9.07994976e+00
 6.51362355e+01
 1.71867656e+01
 7.71707842e+01
 4.27718806e+01
 8.73920206e+01
 9.13887601e+01
 2.12466353e+01
 2.43891818e+01
 2.82545144e+01
 3.54138225e+01
 3.69174750e+00
 1.14798737e+01
 1.86598379e+01
 5.11987312e+01
 2.07723818e+02
 7.56811535e+01
 7.24522753e+01
 7.80440089e+01
 6.56489172e+01
 8.66249892e+00
 1.19935708e+00
 8.16034979e+01
 7.99440632e+01
 1.65772011e+01
 4.56336362e+01
 8.88607695e+01
 6.30263996e+01
 7.46253920e+01
 2.50464608e+01
 4.67721061e+01
 4.82167094e+01
 1.76678319e+01
 3.11870550e+01
 1.92077092e+01
 8.95488693e+01
 3.60064746e+01
 2.89195422e+01
 1.23792328e+01
 9.36814658e+01
 3.85414985e+01
 8.28392808e+01
 7.15514557e+01
 3.08862389e+01
 8.29451879e+01
 4.44507575e+01
 6.31787465e+01
 6.34226107e+01
 9.98305004e+01
 5.36592021e+01
 1.95703714e+01
 1.08140892e+02
 1.50654334e+01
 9.75982658e+01
 2.92699375e+01
 1.04564160e+02
 3.48115360e+01
 5.06837314e+01
 1.49008425e+01
 1.02462367e+02
 6.22995488e+01
 2.79536207e+01
 2.77220014e+01
 2.12565832e+01
 2.41844409e+01
 5.41688309e+01
 6.85388710e+01
 4.85690618e+01
 5.22674379e+01
 5.60956806e+01
 6.29249017e+01
 5.40894773e+01
 2.42367302e+01
 5.46276594e+01
 1.16012657e+02
 5.25680148e+01
 6.90467268e+01
 7.08109389e+01
 9.23503041e+01
 2.53432118e+01
 2.51063570e+01
 1.49754440e+01
 4.77909446e+01
 5.50788871e+01
 2.15044233e+01
 5.95275522e+01
 2.74828421e+01
 6.21231684e+01
 7.96683877e+01
 4.09746190e+01
 4.90286227e+01
 4.45752215e+01
 1.44447325e+01
 5.90546831e+01
 1.00522556e+02
 1.12160149e+02
 6.92964349e+01
 4.81994651e+01
 2.54326637e+01
 1.00555422e+02
 2.25782925e+01
 7.38412869e+01
 3.29649455e+01
 1.57628861e+01
 2.64937242e+01
 5.72530747e+01
 2.91351566e+01
 1.34514242e+01
 2.70280734e+01
 4.15866081e+01
 6.04541361e+01
 4.45059820e+01
 2.27183345e+01
 1.52446533e+01
 2.09641260e+00
 3.33215258e+01
 9.82482953e+01
 1.56088813e+01
 9.78408807e+01
 4.95076571e+01
 3.37212597e+01
 3.26244671e+01
 1.57274237e+01
 9.37424423e+00
 6.97849828e+01
 6.47391349e+01
 6.04323815e+01
 5.11750066e+01
 4.47214990e+01
 1.26070312e+02
 5.08026475e+01
 9.05494579e+01
 1.91214873e+01
 3.63401006e+01
 5.13646175e+01
 7.62033988e+01
 4.30748361e+01
 7.58672905e+01
 3.07095787e+01
 2.00794733e+01
 7.54080040e+01
 1.02972737e+02
 5.59753810e+01
 2.25037818e+01
 2.28003094e+01
 6.31063781e+01
 4.91149927e+01
 3.45395625e+01
 4.15890783e+01
 1.14724410e+02
 5.83251034e+01
 6.46337396e+01
 8.42344895e+01
 1.61013868e+01
 4.35878426e+01
 1.47152189e+01
 1.46013599e+02
 6.78780306e+01
 4.84367835e+00
 9.29419185e+01
 5.94188794e+01
 7.90852829e+01
 2.83580780e+01
 9.28694633e+01
 1.07992092e+01
 4.80191647e+01
 2.84910051e+01
 2.22532151e+01
 1.81395980e+01
 2.89842957e+01
 4.17343938e+01
 9.32515232e+01
 6.23735631e+01
 2.44914033e+01
 5.50079127e+01
 6.60689052e+01
 4.91017463e+01
 1.20266189e+02
 5.60126760e+01
 2.16865101e+01
 1.88540899e+01
 1.51233118e+01
 1.02276339e+02
 8.20758121e+01
 1.87693976e+01
 5.31237276e+01
 7.92219663e+01
 3.21391557e+01
 4.75384932e+01
 5.28400781e+01
 4.05156370e+01
 8.97015163e+01
 1.69950782e+01
 5.95231041e+01
 1.31767182e+00
 1.30729300e+01
 8.85392376e+01
 6.02394948e+01
 1.11620305e+02
 6.40334676e+01
 3.44499278e+01
 1.05290099e+02
 7.76403702e+01
 1.06429898e+02
 1.61691812e+01
 2.53312768e+01
 4.03621406e+01
 5.43944864e+01
 5.90943489e+01
 8.93163362e+01
 8.33591797e+01
 3.54526787e+01
 4.12525461e+01
 4.48998300e+01
 6.56283835e+01
 3.43650586e+01
 6.17519381e+01
 2.36133554e+01
 5.76725193e+01
 6.01457823e+01
 6.30118791e+01
 3.92953713e+01
 4.08908940e+01
 4.20280542e+01
 2.50764990e+01
 1.69008600e+01
 5.10944938e+01
 4.44128079e+01
 1.99963380e+01
 6.07718221e+01
 8.65735441e+01
 3.17518173e+01
 1.46249442e+02
 6.03166524e+01
 8.43611903e+01
 3.78287943e+01
 3.72217611e+01
 7.62776679e+01
 3.97425266e+01
 1.77386105e+01
 2.08518087e+02
 1.21728702e+02
 5.13311328e+01
 2.74798425e+01
 5.04871328e+01
 7.86480177e+01
 3.23709755e+01
 8.53336437e+01
 8.63939562e+01
 4.13116866e+01
 9.50255772e+01
 5.09968615e+01
 6.81394806e+01
 3.58329663e+01
 5.74749530e+00
 1.29190189e+00
 7.43083109e+01
 8.10742010e+01
 4.11878949e+01
 9.44430202e+01
 3.04443359e+01
 3.65789686e+01
 5.10315575e+01
 8.73574961e+01
 4.51972675e+01
 6.99849822e+01
 2.31436631e+01
 7.10055356e+01
 5.81948601e+01
 4.24135976e+01
 4.76508946e+01
 5.73429618e+01
 4.34026439e+01
 3.61272015e+01
 5.09690208e+01
 8.40523315e+01
 5.78316497e+01
 9.21240980e+01
 6.07619196e+01
 2.84309872e+01
 6.48220732e+01
 7.26709103e+01
 7.93136911e+01
 5.62990050e+01
 7.09530059e+01
 5.65022725e+01
 1.80160275e+01
 3.14999588e+01
 4.13881820e+01
 1.14764499e+01
 1.37401339e+01
 1.14504226e+01
 2.83104157e+01
 8.42126436e+01
 4.25354946e+01
 7.27078019e+01
 7.19828453e+01
 1.73725342e+01
 9.76212336e+00
 1.54358227e+01
 7.90155307e+01
 2.60777740e+01
 1.56409749e+02
 6.19613797e+01
 4.94009513e+01
 1.01952813e+02
 7.88914072e+01
 6.48682422e+00
 1.54829164e+01
 8.81908218e+01
 1.92291788e+01
 5.92117998e+01
 2.83108880e+01
 2.85262076e+01
 9.39501448e+01
 1.02609442e+01
 2.68320979e+01
 4.77186883e+01
 5.11875048e+01
 4.61194711e+01
 5.85238267e+01
 1.94374170e+01
 5.16646715e+01
 6.40772447e+01
 2.66854781e+01
 1.62482571e+01
 7.22157934e+01
 1.51683766e+02
 5.47313812e+01
 1.11890642e+02
 1.15797708e+02
 1.38081248e+02
 1.22797916e+02
 7.71804099e+01
 9.79544856e+01
 6.12922992e+01
 3.75396092e+01
 9.84556858e+01
 1.59687954e+01
 7.03834567e+01
 4.51722618e+01
 6.21881753e+01
 5.71114929e+01
 3.96759874e+01
 2.51385900e+01
 7.41040319e+01
 1.63217441e+02
 8.42579448e+01
 5.71880999e+01
 2.02531633e+01
 3.00720613e+01
 7.13706662e+01
 8.67280487e+01
 4.72251517e+01
 8.04534570e+01
 8.15519515e+01
 5.23690479e+01
 5.20025610e+01
 9.30640980e+01
 6.69234215e+01
 9.87681065e+01
 2.49783067e+01
 4.99983144e+01
 5.22435603e+01
 3.48130019e+01
 7.04375259e+01
 1.07463609e+02
 1.54507147e+01
 6.09876412e+01
 7.81676603e+01
 7.54528457e+01
 8.68874533e+00
 3.51897406e+01
 3.85855505e+01
 1.47918017e+01
 1.49342107e+01
 2.48514796e+01
 4.70267841e+01
