 -1.51403809e-01
 1.35100708e+00
 2.25014648e+00
 9.17055664e+00
 1.30845581e+01
 2.14621826e+01
 2.15807739e+01
 2.17524353e+01
 1.97032104e+01
 1.17651001e+01
 4.46026001e+00
 3.19417725e+00
 3.02605591e+00
 3.66204224e+00
 8.35552368e+00
 1.36422058e+01
 1.70236450e+01
 2.06606079e+01
 2.47735535e+01
 2.59295593e+01
 1.97808472e+01
 1.36721130e+01
 1.01668945e+01
 -3.70336914e-01
 -6.41327515e+00
 -6.55194702e+00
 2.34719238e+00
 1.05407349e+01
 1.55554443e+01
 2.04033447e+01
 2.32349487e+01
 2.12811218e+01
 1.42540833e+01
 1.19599854e+01
 7.32488403e+00
 3.45705566e+00
 5.09404907e+00
 2.00493774e+00
 4.27025757e+00
 9.11947021e+00
 1.46523682e+01
 1.97824036e+01
 2.31089111e+01
 2.25723816e+01
 1.60157104e+01
 1.21941467e+01
 6.42788086e+00
 7.29241943e-01
 -5.07059326e+00
 2.20946655e+00
 5.64714966e+00
 8.80458984e+00
 1.56809631e+01
 2.46960388e+01
 2.70691467e+01
 2.44515625e+01
 2.10856567e+01
 1.28694092e+01
 5.82726440e+00
 -1.52451172e+00
 -3.25140381e-01
 -4.65490723e-01
 7.62227783e+00
 1.09905640e+01
 1.57646423e+01
 2.13991028e+01
 2.32957397e+01
 2.44031006e+01
 1.78353516e+01
 1.10330444e+01
 2.07567749e+00
 7.13983154e-01
 1.68801270e+00
 2.17699585e+00
 9.35381470e+00
 9.06820068e+00
 1.66856934e+01
 2.09635864e+01
 2.13468567e+01
 2.03358398e+01
 1.80168091e+01
 1.51693970e+01
 7.25414429e+00
 4.62770996e+00
 -1.62607422e+00
 -1.20142212e+00
 5.46584473e+00
 1.33863159e+01
 1.54628235e+01
 2.11046387e+01
 2.28511597e+01
 2.40235229e+01
 1.96515137e+01
 1.11691833e+01
 6.98491821e+00
 1.94606934e+00
 1.26116333e+00
 4.94362793e+00
 7.98949585e+00
 1.15970093e+01
 1.85190979e+01
 2.16260925e+01
 2.29414307e+01
 2.20592590e+01
 1.77068420e+01
 1.08817078e+01
 5.49291382e+00
 5.87416992e+00
 7.96899414e-01
 4.34475098e+00
 6.05046997e+00
 1.11141907e+01
 1.45840393e+01
 1.83690735e+01
 2.31227051e+01
 2.32223450e+01
 1.79003540e+01
 1.34677063e+01
 6.51928101e+00
 7.76208496e-01
 -8.60968018e-01
 2.33614502e+00
 7.50402222e+00
 1.15125977e+01
 1.51937805e+01
 2.46543213e+01
 2.77446838e+01
 2.17022949e+01
 1.81275879e+01
 1.05863281e+01
 8.02694092e+00
 3.31295166e+00
 3.14409790e+00
 7.33999023e+00
 7.07369385e+00
 1.08875671e+01
 1.62698303e+01
 1.92443787e+01
 2.44958435e+01
 2.12123047e+01
 1.64109741e+01
 8.26763306e+00
 7.42171631e+00
 6.01928101e+00
 3.16790161e+00
 3.00957642e+00
 6.16332397e+00
 9.11812744e+00
 1.74540955e+01
 2.51530090e+01
 2.31268250e+01
 2.07751404e+01
 1.71843201e+01
 1.03745361e+01
 7.73162231e+00
 5.33806763e+00
 4.28331909e+00
 4.63036499e+00
 5.65886841e+00
 1.21101624e+01
 1.47188965e+01
 1.83963257e+01
 2.53757263e+01
 2.19505859e+01
 1.56975952e+01
 1.20904480e+01
 3.20458374e+00
 6.01705322e+00
 2.54946289e+00
 4.50173340e+00
 7.39003906e+00
 1.08137756e+01
 1.59815002e+01
 2.08884216e+01
 2.28198792e+01
 2.51061340e+01
 2.05503784e+01
 1.15731140e+01
 6.26983032e+00
 2.47472534e+00
 2.74416504e+00
 3.22777710e+00
 6.66735229e+00
 1.43357788e+01
 1.53385254e+01
 2.14265991e+01
 2.56016479e+01
 2.21924683e+01
 1.67253357e+01
 1.14016663e+01
 4.59697876e+00
 3.00426636e+00
 2.64370117e+00
 8.67517090e-01
 7.95348511e+00
 1.12182556e+01
 1.46056763e+01
 2.15373779e+01
 2.67585999e+01
 2.24818054e+01
 1.69079224e+01
 1.02849060e+01
 4.61727295e+00
 3.03637085e+00
 -1.85114136e+00
 1.42202148e+00
 7.69216309e+00
 1.20094238e+01
 1.48329102e+01
 1.86682983e+01
 2.34701477e+01
 2.03164612e+01
 1.88224121e+01
 1.34257141e+01
 6.45446167e+00
 6.86334229e-01
 2.48699341e+00
 7.38031006e-01
 7.89101563e+00
 1.04244934e+01
 1.70942932e+01
 2.44097534e+01
 2.33771606e+01
 2.28295227e+01
 1.82266174e+01
 1.57306458e+01
 6.27373657e+00
 5.98446045e+00
 1.41473389e-01
 5.83599243e+00
 3.20437012e+00
 1.02943970e+01
 1.54440857e+01
 1.89305664e+01
 2.29633118e+01
 2.50950867e+01
 1.66665894e+01
 1.20291077e+01
 7.38878784e+00
 4.90065918e+00
 2.97734985e+00
 -9.42138672e-02
 3.66457520e+00
 1.06726624e+01
 1.64344421e+01
 2.01651855e+01
 2.31494690e+01
 2.48969360e+01
 1.70893799e+01
 1.16867615e+01
 9.09795532e+00
 4.52483521e+00
 2.57879028e+00
 3.68715820e+00
 5.49044189e+00
 1.09801270e+01
 1.58570496e+01
 2.07343079e+01
 2.50113159e+01
 2.16252075e+01
 1.47661377e+01
 1.40522400e+01
 9.86263428e+00
 4.10396729e+00
 6.13704834e+00
 6.48262939e+00
 7.32656250e+00
 1.20784241e+01
 1.66402222e+01
 1.98765198e+01
 2.09909912e+01
 1.96844421e+01
 1.42828613e+01
 9.15728149e+00
 1.27599487e+00
 3.18752441e+00
 3.54134521e+00
 2.89757690e+00
 7.62877808e+00
 1.08245789e+01
 1.53677307e+01
 2.23977905e+01
 2.54868103e+01
 2.41870667e+01
 1.77963196e+01
 1.12695251e+01
 8.42955933e+00
 3.31185303e+00
 -3.71353760e+00
 -4.68427124e+00
 4.19692383e+00
 9.92427979e+00
 1.67463623e+01
 2.30602356e+01
 2.29544922e+01
 2.09334045e+01
 2.02675415e+01
 1.19201294e+01
 7.38192139e+00
 1.17803345e+00
 -2.27362671e+00
 2.48397217e+00
 5.03246460e+00
 1.12668091e+01
 1.62384888e+01
 1.96844116e+01
 2.31065613e+01
 2.52878967e+01
 1.98788391e+01
 1.46471497e+01
 9.55001221e+00
 2.01339111e+00
 1.36519775e+00
 4.58928833e+00
 8.89391479e+00
 1.23794800e+01
 1.96057678e+01
 2.17654663e+01
 2.45578857e+01
 2.33695007e+01
 2.20181824e+01
 1.39606567e+01
 1.03605896e+01
 3.73827515e+00
 4.77800903e+00
 6.21752319e+00
 9.53045044e+00
 1.37170044e+01
 1.69375854e+01
 2.37579590e+01
 2.32293640e+01
 2.56906677e+01
 1.81414734e+01
 9.97628174e+00
 1.71834717e+00
 7.32110596e-01
 2.58498535e+00
 2.87685547e+00
 7.79549561e+00
 1.10880371e+01
 1.61504456e+01
 2.05647217e+01
 2.62388855e+01
 2.76687256e+01
 2.07095886e+01
 1.32268616e+01
 5.72243652e+00
 1.56664429e+00
 3.13623047e-01
 4.62783203e+00
 5.21645508e+00
 1.17860352e+01
 1.58935791e+01
 1.91350952e+01
 2.28423706e+01
 2.36706787e+01
 1.69198242e+01
 1.08734985e+01
 7.97936401e+00
 5.70928345e+00
 -2.97296753e+00
 9.45092773e-01
 5.75002441e+00
 1.16524292e+01
 1.64052979e+01
 2.24919983e+01
 2.52531982e+01
 2.52611023e+01
 1.93249756e+01
 1.19569336e+01
 7.82146606e+00
 3.73568115e+00
 -2.66088867e-01
 5.82851563e+00
 7.13125000e+00
 1.36581360e+01
 1.34528442e+01
 2.01036316e+01
 2.52047668e+01
 2.56894775e+01
 2.12147156e+01
 1.17039124e+01
 8.37908325e+00
 5.83596191e+00
 5.85076904e-01
 -8.57611084e-01
 6.07378540e+00
 8.76680908e+00
 1.38554626e+01
 1.82655884e+01
 2.15614868e+01
 2.23984314e+01
 2.14958740e+01
 1.26263672e+01
 8.66838989e+00
 5.00338135e+00
 5.46743164e+00
 6.49736938e+00
 8.58300171e+00
 1.36899353e+01
 1.50657288e+01
 1.89506165e+01
 2.38802429e+01
 2.45900818e+01
 1.90539795e+01
 1.13149353e+01
 7.91729126e+00
 7.48452148e+00
 1.18905029e+00
 7.67861328e+00
 1.00923401e+01
 1.16966797e+01
 1.41581055e+01
 2.35361877e+01
 2.58302551e+01
 2.12233215e+01
 1.91669556e+01
 1.38519531e+01
 3.61794434e+00
 5.10982666e+00
 5.95086670e-01
 7.07702026e+00
 7.70824585e+00
 1.48812195e+01
 1.89409729e+01
 1.96765076e+01
 2.28410889e+01
 2.58905579e+01
 1.87756287e+01
 1.31790405e+01
 8.20345459e+00
 8.47634277e+00
 6.66503296e+00
 7.48372803e+00
 8.84472046e+00
 1.13211609e+01
 1.62287842e+01
 2.28414856e+01
 2.78427063e+01
 2.64592224e+01
 2.17618347e+01
 1.41397034e+01
 7.83580933e+00
 3.25124512e+00
 3.90810547e+00
 3.78692017e+00
 7.34520874e+00
 1.50888611e+01
 1.99425598e+01
 2.32069336e+01
 2.65761047e+01
 2.37017761e+01
 1.97614075e+01
 1.23576599e+01
 7.97564087e+00
 4.27297363e+00
 -3.31823730e-01
 4.66484985e+00
 7.53859863e+00
 1.29726501e+01
 1.61788574e+01
 1.97339111e+01
 2.51401611e+01
 2.30855347e+01
 1.86131836e+01
 1.44981628e+01
 6.28118286e+00
 6.57982788e+00
 5.92470703e+00
 1.28408203e+00
 7.17305908e+00
 1.04946838e+01
 1.39087463e+01
 1.97309204e+01
 2.16533752e+01
 2.30916382e+01
 1.53267456e+01
 7.73873291e+00
 5.43752441e+00
 6.15148315e+00
 3.98553467e-01
 3.92437134e+00
 5.81481323e+00
 1.06068054e+01
 1.78805481e+01
 2.39625488e+01
 2.76145569e+01
 2.53938843e+01
 1.91311890e+01
 1.34021240e+01
 5.88826904e+00
 2.34725342e+00
 1.18386230e+00
 4.46877441e+00
 7.51152954e+00
 1.11236206e+01
 1.64255005e+01
 2.08418823e+01
 2.44665466e+01
 2.04183899e+01
 1.61300598e+01
 1.48146301e+01
 6.14501343e+00
 5.87838135e+00
 3.81093750e+00
 2.36071167e+00
 7.50512085e+00
 1.38358704e+01
 1.48411499e+01
 2.09077698e+01
 2.45011841e+01
 2.33124939e+01
 1.69674316e+01
 1.21238342e+01
 8.29277954e+00
 1.70791016e+00
 3.76665649e+00
 5.99505005e+00
 7.13610229e+00
 1.17459045e+01
 1.67017761e+01
 1.98543945e+01
 2.47153259e+01
 2.45066772e+01
 1.99845825e+01
 1.40397278e+01
 4.79299316e+00
 5.07601318e+00
 3.63897095e+00
 3.99370728e+00
 9.60064087e+00
 1.65409485e+01
 1.58624817e+01
 1.95748535e+01
 2.26872192e+01
 2.64613281e+01
 1.99809814e+01
 1.07901550e+01
 5.94835815e+00
 1.83422241e+00
 -5.21856689e-01
 4.24431763e+00
 9.83477173e+00
 1.49038330e+01
 1.63754517e+01
 1.96560913e+01
 2.30328613e+01
 2.21412292e+01
 1.87676941e+01
 1.25561157e+01
 1.00597473e+01
 5.71593628e+00
 1.13909302e+00
 4.68602905e+00
 7.82097778e+00
 1.33362976e+01
 1.51922241e+01
 1.82386414e+01
 2.22993408e+01
 2.78217407e+01
 1.91582886e+01
 1.61827637e+01
 7.81295166e+00
 2.38579712e+00
 3.87001953e+00
 4.78881226e+00
 7.61403809e+00
 1.40594421e+01
 1.75339294e+01
 2.31592346e+01
 2.28767639e+01
 2.15197083e+01
 1.91801697e+01
 1.25045105e+01
 5.04158936e+00
 3.00567017e+00
 3.63048706e+00
 1.56481323e+00
 8.76421509e+00
 1.03652588e+01
 1.60836731e+01
 2.35414063e+01
 2.59211975e+01
 2.64735962e+01
 1.72247559e+01
 1.16586853e+01
 8.44069824e+00
 4.34765015e+00
 -3.96726074e+00
 3.41329346e+00
 8.85576782e+00
 1.47380615e+01
 1.91503235e+01
 2.57234741e+01
 2.56885620e+01
 2.57138916e+01
 1.83978210e+01
 1.39757935e+01
 7.57232056e+00
 3.41118774e+00
 6.33184204e+00
 5.68312988e+00
 9.91054688e+00
 1.51074463e+01
 1.88545166e+01
 2.12059875e+01
 2.42231995e+01
 2.21819702e+01
 1.93726135e+01
 1.40087524e+01
 5.27462158e+00
 5.65764771e+00
 1.43579102e-01
 4.70748291e+00
 6.16246948e+00
 1.27939392e+01
 2.13990723e+01
 2.24720703e+01
 2.50960022e+01
 2.29082275e+01
 2.05032898e+01
 1.64500977e+01
 7.81185303e+00
 2.97136841e+00
 4.54448853e+00
 4.86013184e+00
 9.18422852e+00
 1.64893433e+01
 1.86895081e+01
 2.34936462e+01
 2.63010803e+01
 2.77972046e+01
 2.03895203e+01
 1.45423828e+01
 8.32824097e+00
 4.97554932e+00
 2.82595215e+00
 3.49236450e+00
 4.52004395e+00
 1.31648804e+01
 1.56077515e+01
 2.27802063e+01
 2.38612305e+01
 2.49359985e+01
 1.71397339e+01
 1.14732300e+01
 8.75966797e+00
 5.96270142e+00
 2.51268921e+00
 3.19530640e+00
 1.11108032e+01
 1.21948792e+01
 1.68131653e+01
 1.89591614e+01
 2.38077942e+01
 2.34403320e+01
 1.66850220e+01
 1.11727234e+01
 8.50444946e+00
 7.29326782e+00
 1.95870361e+00
 1.00911865e+00
 7.65462646e+00
 1.23121582e+01
 1.46498962e+01
 2.11975037e+01
 2.69047180e+01
 2.37726685e+01
 1.95519958e+01
 1.15403076e+01
 8.25695190e+00
 3.45995483e+00
 3.20540771e+00
 6.94249878e+00
 9.11269531e+00
 1.00058228e+01
 1.73988281e+01
 2.13583618e+01
 2.62748962e+01
 2.36052185e+01
 2.07176758e+01
 1.16971375e+01
 1.06138245e+01
 3.03096924e+00
 1.12294922e+00
 4.09447632e+00
 8.05666504e+00
 1.19469238e+01
 1.43966309e+01
 1.89864746e+01
 2.16406494e+01
 2.42246338e+01
 1.53962952e+01
 1.12329651e+01
 7.93856201e+00
 3.96172485e+00
 2.62545166e+00
 2.90948486e-01
 5.12346802e+00
 1.30980164e+01
 1.44780212e+01
 2.16000000e+01
 2.49638611e+01
 2.13691956e+01
 1.76029907e+01
 1.38428284e+01
 5.28838501e+00
 4.34682617e+00
 -3.02465820e-01
 -1.53631592e-01
 8.42025146e+00
 1.26947266e+01
 1.96449524e+01
 2.26485840e+01
 2.23605591e+01
 2.30815979e+01
 1.77206360e+01
 1.18456970e+01
 4.96706543e+00
 2.75246582e+00
 4.17382202e+00
 3.63787231e+00
 9.20076904e+00
 1.06098267e+01
 1.68215576e+01
 2.27172180e+01
 2.34622437e+01
 2.35135132e+01
 2.03174683e+01
 1.28506714e+01
 1.00101257e+01
 8.58727417e+00
 4.73027954e+00
 5.03371582e+00
 1.05963074e+01
 1.21660706e+01
 1.62845703e+01
 1.99385315e+01
 2.26045471e+01
 2.31210876e+01
 2.20985657e+01
 1.58297668e+01
 8.11144409e+00
 5.35384521e+00
 4.96010742e+00
 8.34984741e+00
 9.13594971e+00
 1.40542236e+01
 1.79663330e+01
 2.19735352e+01
 2.35888306e+01
 2.49401184e+01
 2.02225586e+01
 1.16747375e+01
 1.00035339e+01
 3.75710449e+00
 4.51043091e+00
 5.98412476e+00
 1.07488037e+01
 1.40299622e+01
 2.03269287e+01
 2.33330627e+01
 2.65321289e+01
 2.50491577e+01
 1.98099609e+01
 1.22183777e+01
 9.28496704e+00
 3.24514160e+00
 5.17501221e+00
 5.76717529e+00
 7.94088135e+00
 1.27640015e+01
 1.55077454e+01
 2.12129456e+01
 2.59641357e+01
 2.23393188e+01
 2.05122009e+01
 1.32910095e+01
 9.05977783e+00
 5.84472046e+00
 1.25063477e+00
 1.99016724e+00
 7.60085449e+00
 1.00184570e+01
 1.84392639e+01
 2.37479797e+01
 2.68354126e+01
 2.68716064e+01
 2.11327454e+01
 1.31328064e+01
 8.51165161e+00
 2.77916870e+00
 4.50716553e+00
 5.23900757e+00
 9.17745361e+00
 1.34363647e+01
 1.57117859e+01
 2.05530640e+01
 2.68447815e+01
 2.32792908e+01
 1.93879333e+01
 1.42197510e+01
 9.20931396e+00
 4.17101440e+00
 2.81664429e+00
 4.39617310e+00
 1.01356140e+01
 1.21022278e+01
 1.97641846e+01
 2.47160889e+01
 2.38196045e+01
 2.64177795e+01
 2.06717773e+01
 1.30997864e+01
 4.64016113e+00
 3.71160278e+00
 4.00490723e+00
 7.88973389e+00
 8.38457642e+00
 1.43097778e+01
 1.78521057e+01
 2.61741577e+01
 2.73563477e+01
 2.10436340e+01
 2.06307617e+01
 1.36525818e+01
 9.60903320e+00
 6.31395874e+00
 1.81493530e+00
 2.93908081e+00
 1.08008972e+01
 1.38562561e+01
 2.17393433e+01
 2.61089111e+01
 2.83553711e+01
 2.47710205e+01
 2.27374207e+01
 1.55155884e+01
 1.25114380e+01
 5.23015747e+00
 4.67501221e+00
 5.24535522e+00
 9.38320313e+00
 1.25146423e+01
 1.47577759e+01
 1.90684753e+01
 2.48281799e+01
 2.59841553e+01
 1.76490723e+01
 1.18325745e+01
 6.28234253e+00
 4.65395508e+00
 1.73665771e+00
 9.26131592e+00
 1.01983276e+01
 1.33872925e+01
 1.64990173e+01
 2.50388123e+01
 2.71253601e+01
 2.54092957e+01
 1.84810730e+01
 1.22032410e+01
 8.57753906e+00
 6.08117065e+00
 3.31600342e+00
 4.92916260e+00
 8.00914917e+00
 1.38920837e+01
 1.60772644e+01
 2.17985779e+01
 2.21889587e+01
 2.58605286e+01
 2.13600098e+01
 1.53798767e+01
 8.08345947e+00
 5.49044189e+00
 1.86644897e+00
 7.35424194e+00
 8.87023315e+00
 1.41321960e+01
 1.77090088e+01
 2.19518982e+01
 2.47070862e+01
 2.12972656e+01
 1.64538513e+01
 1.00920349e+01
 9.26040039e+00
 7.72823486e+00
 5.10158691e+00
 2.83483276e+00
 9.36663208e+00
 1.29237915e+01
 1.74858948e+01
 1.97908569e+01
 2.44067932e+01
 2.73493896e+01
 1.97430969e+01
 1.34506775e+01
 1.07838989e+01
 6.63912354e+00
 2.73705444e+00
 6.67058716e+00
 8.18114624e+00
 1.28348633e+01
 1.72574707e+01
 2.52600342e+01
 2.75817505e+01
 2.60590454e+01
 1.95776611e+01
 1.65429932e+01
 1.00415283e+01
 1.47310791e+00
 2.19500122e+00
 3.03066406e+00
 1.10693604e+01
 1.25573059e+01
 2.03983398e+01
 2.67883850e+01
 2.70385681e+01
 2.67408691e+01
 2.01700684e+01
 1.68801514e+01
 7.07311401e+00
 4.04473267e+00
 5.67553101e+00
 6.87392578e+00
 9.73739014e+00
 1.24589478e+01
 1.73846375e+01
 2.48471008e+01
 2.75607239e+01
 2.72589966e+01
 2.12234741e+01
 1.36301819e+01
 9.63179932e+00
 5.69701538e+00
 2.54073486e+00
 4.09130249e+00
 9.12612305e+00
 1.39494873e+01
 1.95851379e+01
 2.33301025e+01
 2.61137329e+01
 2.68574768e+01
 2.01310974e+01
 1.51243225e+01
 9.14452515e+00
 7.29464111e+00
 5.04772339e+00
 6.80455933e+00
 7.13375244e+00
 1.16054626e+01
 1.54563538e+01
 2.40753113e+01
 2.65328003e+01
 2.59178101e+01
 1.91633545e+01
 1.41685730e+01
 9.35271606e+00
 7.33034668e+00
 4.25469360e+00
 4.26561890e+00
 6.66832886e+00
 1.24825989e+01
 1.71311279e+01
 2.33755432e+01
 2.11099487e+01
 2.43152710e+01
 2.02138611e+01
 1.65462585e+01
 9.14180908e+00
 4.46233521e+00
 5.13292847e+00
 3.06697998e+00
 7.13082275e+00
 1.65640808e+01
 1.90496460e+01
 2.67393433e+01
 2.59032227e+01
 2.82846619e+01
 2.06697327e+01
 1.42053467e+01
 1.01375366e+01
 4.31978760e+00
 2.15953979e+00
 7.10604248e+00
 7.62673340e+00
 1.20562988e+01
 1.51559692e+01
 2.11847168e+01
 2.68319641e+01
 2.27108093e+01
 2.00052734e+01
 1.61545044e+01
 9.92165527e+00
 1.91323242e+00
 3.69655762e+00
 3.67604980e+00
 8.16082153e+00
 1.55966736e+01
 2.02535034e+01
 2.47822510e+01
 2.30512329e+01
 2.33645569e+01
 1.93955627e+01
 1.69413696e+01
 8.47835693e+00
 8.53341064e+00
 8.17675171e+00
 4.71624146e+00
 1.15127502e+01
 1.67938171e+01
 1.82702576e+01
 2.19494263e+01
 2.53075500e+01
 2.50621277e+01
 2.35818726e+01
 1.46708618e+01
 1.00716797e+01
 6.63451538e+00
 4.76940308e+00
 8.86092529e+00
 1.09057861e+01
 1.33323608e+01
 1.62961975e+01
 2.73964172e+01
 2.92938477e+01
 2.56173950e+01
 2.37775818e+01
 1.42303406e+01
 9.68132935e+00
 8.29717407e+00
 6.59285889e+00
 7.84392700e+00
 1.09739624e+01
 1.31899048e+01
 1.89457947e+01
 2.19808899e+01
 2.74324890e+01
 2.45417419e+01
 1.83269897e+01
 1.07416321e+01
 1.06530701e+01
 7.60674438e+00
 1.80449829e+00
 2.83184204e+00
 5.52224121e+00
 1.22031189e+01
 1.61034790e+01
 2.16838928e+01
 2.74905334e+01
 2.37534424e+01
 1.85240112e+01
 1.33963867e+01
 5.20562134e+00
 5.13396606e+00
 5.14180908e+00
 7.11391602e+00
 9.59874878e+00
 1.00312134e+01
 1.69261108e+01
 2.17091614e+01
 2.81851440e+01
 2.78153625e+01
 2.08765198e+01
 1.24774719e+01
 1.16996399e+01
 8.19835815e+00
 6.62182007e+00
 8.16469727e+00
 1.10644165e+01
 1.40797668e+01
 2.18451172e+01
 2.40311829e+01
 2.80682007e+01
 2.67634216e+01
 1.95659729e+01
 1.32309814e+01
 9.44335327e+00
 5.48095093e+00
 5.99660645e+00
 8.78923950e+00
 7.58492432e+00
 1.35971619e+01
 1.72634827e+01
 2.32671448e+01
 2.51222473e+01
 2.11785217e+01
 2.05575806e+01
 1.62080627e+01
 4.99959717e+00
 4.94323120e+00
 2.70177612e+00
 3.88317261e+00
 9.24816284e+00
 1.47975403e+01
 1.73576904e+01
 2.20896240e+01
 2.58542725e+01
 2.59659668e+01
 2.09485413e+01
 1.34751831e+01
 9.28908691e+00
 7.23058472e+00
 3.97741089e+00
 3.69478760e+00
 1.03821045e+01
 1.42099243e+01
 1.78621155e+01
 2.69753967e+01
 2.82696777e+01
 3.04732605e+01
 2.14974304e+01
 1.52238708e+01
 1.11490723e+01
 7.78908691e+00
 4.77031860e+00
 6.91484985e+00
 1.17277161e+01
 1.44338623e+01
 1.71083008e+01
 2.23785950e+01
 2.81419006e+01
 2.62360474e+01
 1.85699097e+01
 1.40057007e+01
 8.89608154e+00
 4.29372559e+00
 6.37737427e+00
 8.38988647e+00
 7.80782471e+00
 1.22307678e+01
 2.04538513e+01
 2.09227844e+01
 2.79530273e+01
 2.68006226e+01
 2.00519043e+01
 1.81380249e+01
 1.01561523e+01
 7.68236694e+00
 4.15648804e+00
 2.67049561e+00
 1.02238708e+01
 1.59156128e+01
 2.12883240e+01
 2.60248962e+01
 2.69661194e+01
 2.87878357e+01
 2.28590332e+01
 1.51594482e+01
 1.14464661e+01
 1.80285034e+00
 6.22860107e+00
 6.96199951e+00
 9.90664063e+00
 1.45839478e+01
 1.84437500e+01
 2.08262878e+01
 2.81438538e+01
 2.61988464e+01
 1.87835632e+01
 1.29289490e+01
 9.75835571e+00
 5.94802246e+00
 4.15154419e+00
 6.91628418e+00
 1.15363403e+01
 1.30996338e+01
 1.73343750e+01
 2.32441040e+01
 2.57994629e+01
 2.36157166e+01
 2.34150024e+01
 1.70671936e+01
 9.51000366e+00
 7.22527466e+00
 1.10215698e+01
 8.16140137e+00
 7.10061035e+00
 1.32313782e+01
 1.73119141e+01
 2.19237915e+01
 2.74011169e+01
 2.64649902e+01
 2.28523193e+01
 1.45666748e+01
 1.17346436e+01
 7.04277954e+00
 4.69735107e+00
 5.42614136e+00
 5.74758301e+00
 1.15350281e+01
 1.69922424e+01
 2.39026123e+01
 3.03705688e+01
 2.70051514e+01
 2.16362244e+01
 1.46918884e+01
 1.20223938e+01
 5.71581421e+00
