 2.57567749e+00
 2.59526978e+00
 7.07338867e+00
 9.19487915e+00
 1.55598694e+01
 1.95277954e+01
 2.37616516e+01
 2.38296753e+01
 1.87301880e+01
 1.57657715e+01
 7.99239502e+00
 8.32082520e+00
 4.60045776e+00
 4.66359863e+00
 6.24739990e+00
 9.23034058e+00
 1.81881042e+01
 2.48487793e+01
 2.57646729e+01
 2.27676941e+01
 1.75744263e+01
 1.21343933e+01
 9.45485840e+00
 6.29326782e+00
 3.97515869e-01
 1.26061401e+00
 3.34948120e+00
 1.14652344e+01
 1.60859619e+01
 2.22242065e+01
 2.44992004e+01
 2.34286438e+01
 1.50645691e+01
 1.50351807e+01
 9.02321777e+00
 5.07570801e+00
 3.48793945e+00
 6.86202393e+00
 7.36217651e+00
 1.14351135e+01
 1.59522339e+01
 1.90726257e+01
 2.23684937e+01
 2.26390015e+01
 1.64309937e+01
 1.11838623e+01
 7.61354980e+00
 9.91436157e+00
 3.64110718e+00
 3.44613037e+00
 6.76436768e+00
 1.10750061e+01
 1.61469971e+01
 1.98981262e+01
 2.30090576e+01
 2.43687378e+01
 1.85092712e+01
 1.29760376e+01
 1.00779663e+01
 5.86950073e+00
 4.98296509e+00
 1.73549805e+00
 6.74035034e+00
 1.12027832e+01
 1.59476257e+01
 2.05404602e+01
 2.47626892e+01
 2.23756348e+01
 1.91250244e+01
 1.39092346e+01
 8.92217407e+00
 7.41610107e+00
 1.73876343e+00
 6.44472656e+00
 6.99373779e+00
 1.32448975e+01
 1.48073669e+01
 2.33563171e+01
 2.29864441e+01
 2.11035095e+01
 1.75311218e+01
 1.43658691e+01
 1.08957153e+01
 5.95836792e+00
 4.40859375e+00
 4.90749512e+00
 6.18132935e+00
 1.21260315e+01
 1.67486511e+01
 1.94291321e+01
 2.42100464e+01
 2.19605347e+01
 1.74966675e+01
 1.24085327e+01
 1.08663269e+01
 6.88994751e+00
 4.25118408e+00
 4.91573486e+00
 8.22881470e+00
 1.13742004e+01
 1.61223389e+01
 2.10728394e+01
 2.44961487e+01
 2.47928711e+01
 1.83946167e+01
 1.23350769e+01
 8.74172363e+00
 2.53133545e+00
 2.26729736e+00
 3.86812744e+00
 6.28869019e+00
 1.05382019e+01
 1.47204834e+01
 2.33804565e+01
 2.44196411e+01
 2.05286499e+01
 1.81698853e+01
 1.55830933e+01
 6.49318848e+00
 5.97478638e+00
 3.41887817e+00
 6.41475830e+00
 6.72969971e+00
 1.14054199e+01
 1.65608765e+01
 2.25030762e+01
 2.43230835e+01
 2.24445129e+01
 1.96715637e+01
 1.52817322e+01
 9.36071167e+00
 4.26610718e+00
 5.47942505e+00
 8.78060303e+00
 1.03714233e+01
 1.29439026e+01
 1.89811340e+01
 2.42597900e+01
 2.46167542e+01
 2.24658752e+01
 1.84694763e+01
 1.26218201e+01
 8.02071533e+00
 3.81801758e+00
 1.64672241e+00
 3.51439819e+00
 3.43956909e+00
 1.33609863e+01
 1.58278137e+01
 2.08971497e+01
 2.35661560e+01
 2.18155762e+01
 1.94148804e+01
 1.33518616e+01
 9.92675171e+00
 3.95321045e+00
 -3.98105469e+00
 3.65136719e-01
 8.36989746e+00
 1.34950195e+01
 1.98065430e+01
 2.14209839e+01
 2.46201111e+01
 2.36441284e+01
 1.87000977e+01
 1.38714539e+01
 1.13102966e+01
 7.96254883e+00
 2.93059692e+00
 6.84938965e+00
 9.52697144e+00
 1.17426392e+01
 1.87047363e+01
 2.21977478e+01
 2.26697632e+01
 2.27392822e+01
 1.67783447e+01
 1.65608459e+01
 1.12018372e+01
 7.56212769e+00
 4.79671631e+00
 6.55791626e+00
 7.57167969e+00
 1.36931091e+01
 1.70985657e+01
 2.46457458e+01
 2.86993042e+01
 2.59774719e+01
 2.20527893e+01
 1.16113220e+01
 5.65978394e+00
 2.07775269e+00
 6.67382202e+00
 1.16652832e+00
 6.94359741e+00
 9.83355103e+00
 1.53252808e+01
 1.96472107e+01
 2.37641235e+01
 2.47013794e+01
 1.83779236e+01
 1.17351929e+01
 6.91140137e+00
 5.66323242e+00
 5.55465088e+00
 6.52678833e+00
 5.37368164e+00
 1.23938538e+01
 1.78626343e+01
 2.28836609e+01
 2.67148376e+01
 2.62815796e+01
 2.08925110e+01
 1.58149658e+01
 9.83574829e+00
 4.43230591e+00
 7.78759155e+00
 3.30346680e-01
 7.45375977e+00
 1.16273132e+01
 1.76005188e+01
 2.08810364e+01
 2.25091797e+01
 2.32410828e+01
 2.06437622e+01
 1.21649414e+01
 1.10441223e+01
 7.49129639e+00
 3.27547607e+00
 4.90108643e+00
 8.42617188e+00
 1.18935181e+01
 1.54820496e+01
 2.33307739e+01
 2.48411804e+01
 2.61064697e+01
 2.00356079e+01
 1.46407410e+01
 1.18807922e+01
 6.26549683e+00
 5.59163818e+00
 8.13030396e+00
 1.05963989e+01
 1.09441772e+01
 1.78178040e+01
 1.92221619e+01
 2.47052246e+01
 2.24284912e+01
 1.70667664e+01
 1.28265930e+01
 6.92318115e+00
 2.01458130e+00
 6.42495117e+00
 3.35634766e+00
 7.56832275e+00
 9.99913940e+00
 1.53592468e+01
 2.08066040e+01
 2.34210449e+01
 2.50396057e+01
 1.78523804e+01
 1.30478455e+01
 9.63955078e+00
 1.91808472e+00
 4.20162354e+00
 3.37526855e+00
 5.67128906e+00
 8.51586304e+00
 1.62620178e+01
 2.36798035e+01
 2.62489868e+01
 2.48610779e+01
 1.76236816e+01
 1.29820496e+01
 8.71764526e+00
 3.13448486e+00
 2.75136719e+00
 3.90212402e+00
 2.55681763e+00
 1.10868164e+01
 1.45829407e+01
 2.14307190e+01
 2.31337219e+01
 2.36527954e+01
 1.96981140e+01
 1.41736694e+01
 1.16216370e+01
 8.00625000e+00
 6.78984985e+00
 6.49010620e+00
 5.82402954e+00
 1.11393066e+01
 1.82766663e+01
 2.17123352e+01
 2.45934387e+01
 2.42454773e+01
 1.91083313e+01
 1.52932983e+01
 1.09415222e+01
 9.05397949e+00
 6.47484741e+00
 5.45528564e+00
 8.85814819e+00
 1.19183594e+01
 1.72510315e+01
 2.32841125e+01
 2.40429321e+01
 2.10341431e+01
 1.58032166e+01
 1.11010071e+01
 1.07538391e+01
 4.80748901e+00
 4.42644653e+00
 8.56353149e+00
 9.13430176e+00
 1.33989197e+01
 1.65053955e+01
 2.30680786e+01
 2.58763367e+01
 2.74281555e+01
 2.04347168e+01
 1.23907410e+01
 1.04789063e+01
 6.27337036e+00
 3.03298340e+00
 3.92052612e+00
 5.63588867e+00
 1.39395691e+01
 1.71815125e+01
 2.55775085e+01
 2.81950317e+01
 2.69114929e+01
 2.02195068e+01
 1.44003845e+01
 5.31505737e+00
 3.58065186e+00
 4.57839355e+00
 6.15429077e+00
 7.78334961e+00
 8.69606934e+00
 1.83591248e+01
 2.34222351e+01
 2.70350586e+01
 2.57172485e+01
 1.77124268e+01
 1.24796692e+01
 9.62130127e+00
 7.07979736e+00
 4.51406250e+00
 4.50112305e+00
 9.07030640e+00
 1.39507996e+01
 1.58231140e+01
 2.27330566e+01
 2.50509583e+01
 2.27604004e+01
 2.10415283e+01
 1.60227600e+01
 8.24230347e+00
 2.70113525e+00
 4.73291016e-01
 5.62832031e+00
 6.69490967e+00
 1.26376892e+01
 1.83560425e+01
 2.28076721e+01
 2.53724609e+01
 2.28829285e+01
 1.99945313e+01
 1.37812134e+01
 7.12151489e+00
 5.65938721e+00
 1.62529907e+00
 6.55944214e+00
 7.26555786e+00
 1.35779663e+01
 1.76046997e+01
 2.37768799e+01
 2.54762207e+01
 2.45009094e+01
 1.76087585e+01
 1.46996094e+01
 1.24119202e+01
 9.51613770e+00
 6.02175293e+00
 7.69344482e+00
 1.04276367e+01
 1.14936768e+01
 1.60322205e+01
 2.13829895e+01
 2.73185364e+01
 2.37180420e+01
 1.93970581e+01
 1.65797058e+01
 8.91658936e+00
 2.89827881e+00
 5.97835693e+00
 6.06472168e+00
 9.85512695e+00
 9.94613037e+00
 1.58658081e+01
 1.94614197e+01
 2.36153503e+01
 2.37037292e+01
 1.97486816e+01
 1.35571533e+01
 6.07695923e+00
 5.79677734e+00
 9.46038208e+00
 2.90029297e+00
 7.23595581e+00
 1.09085022e+01
 1.76965576e+01
 2.22837158e+01
 2.56545349e+01
 2.20194031e+01
 1.75046631e+01
 1.40659119e+01
 8.95879517e+00
 4.12301025e+00
 4.52523193e+00
 6.17571411e+00
 9.10970459e+00
 1.39705139e+01
 1.65614563e+01
 1.96198975e+01
 2.45705811e+01
 2.41512390e+01
 2.00013367e+01
 1.58051392e+01
 1.19965454e+01
 5.42327271e+00
 3.95708618e+00
 5.71077881e+00
 5.15612183e+00
 1.14522644e+01
 1.63928772e+01
 2.37052551e+01
 2.49478394e+01
 2.55007874e+01
 2.13305603e+01
 1.33650757e+01
 1.09788147e+01
 6.25704346e+00
 2.10402832e+00
 7.01654053e-01
 6.94320068e+00
 1.10169312e+01
 1.80437256e+01
 2.09486633e+01
 2.32620789e+01
 2.57450195e+01
 2.02862793e+01
 1.36956421e+01
 1.08681885e+01
 5.52483521e+00
 6.91558228e+00
 5.40081177e+00
 9.18227539e+00
 1.38111206e+01
 1.71351868e+01
 2.68904053e+01
 2.91063171e+01
 2.64530579e+01
 2.25319458e+01
 1.46765991e+01
 1.12085205e+01
 9.40624390e+00
 7.59313354e+00
 7.54308472e+00
 8.98827515e+00
 1.27744385e+01
 1.74609924e+01
 2.56172119e+01
 2.54006592e+01
 2.46055847e+01
 1.92647339e+01
 1.57139832e+01
 1.12368408e+01
 7.16176758e+00
 7.59923706e+00
 6.97289429e+00
 9.42357788e+00
 1.22276855e+01
 1.73564392e+01
 2.24302612e+01
 2.26638428e+01
 2.42756592e+01
 2.09661804e+01
 1.28802124e+01
 9.57766113e+00
 7.07750854e+00
 5.33004150e+00
 2.10540161e+00
 7.13915405e+00
 1.04603210e+01
 1.73235718e+01
 2.52031189e+01
 2.38373352e+01
 2.45267578e+01
 2.11138245e+01
 1.50843750e+01
 1.24270874e+01
 6.26821289e+00
 3.49202881e+00
 5.26229248e+00
 8.03032837e+00
 1.13078247e+01
 1.58608643e+01
 2.20055786e+01
 2.50026489e+01
 2.72130981e+01
 2.17290283e+01
 1.75591064e+01
 9.79412231e+00
 6.93737183e+00
 7.81292114e+00
 7.39461670e+00
 8.12243042e+00
 1.33274780e+01
 1.81448914e+01
 2.52382446e+01
 2.76845032e+01
 2.58420654e+01
 2.23698975e+01
 1.67322021e+01
 1.07658020e+01
 4.20775757e+00
 6.05767822e-01
 4.32879028e+00
 9.43105469e+00
 1.33858582e+01
 2.06960999e+01
 2.46758057e+01
 2.97058350e+01
 2.97010742e+01
 2.25235535e+01
 1.41748901e+01
 1.03762146e+01
 6.10588989e+00
 -7.22998047e-01
 3.67421875e+00
 6.82729492e+00
 1.52902161e+01
 1.93914429e+01
 2.05644165e+01
 2.52499329e+01
 2.29371582e+01
 1.98977600e+01
 1.72352844e+01
 1.11402222e+01
 6.42690430e+00
 8.70693359e+00
 4.31673584e+00
 9.91460571e+00
 1.27567383e+01
 1.78614136e+01
 2.47913452e+01
 2.68276001e+01
 2.59558960e+01
 2.09226013e+01
 1.59819580e+01
 6.67116699e+00
 8.19851074e+00
 7.43621216e+00
 6.85903320e+00
 1.05622498e+01
 1.29942871e+01
 2.18554626e+01
 2.31675964e+01
 2.44100281e+01
 2.84342896e+01
 2.13965698e+01
 1.57082458e+01
 1.27557617e+01
 8.65688477e+00
 7.70593262e-01
 7.26632080e+00
 1.02800232e+01
 1.30627686e+01
 2.15397278e+01
 2.42575623e+01
 2.68500000e+01
 2.80254456e+01
 1.91010681e+01
 1.59218079e+01
 1.02545715e+01
 2.88125000e+00
 8.31374512e+00
 7.70598755e+00
 8.73470459e+00
 1.36711365e+01
 1.89262329e+01
 2.19045044e+01
 2.49045349e+01
 2.83447815e+01
 2.14639832e+01
 1.58718506e+01
 1.17825562e+01
 8.28368530e+00
 6.44268188e+00
 8.65523682e+00
 9.65624390e+00
 1.41310669e+01
 1.93441406e+01
 2.10466858e+01
 2.46149841e+01
 2.39930054e+01
 2.27045227e+01
 1.68255859e+01
 1.21893555e+01
 3.39937744e+00
 3.25585327e+00
 7.41567383e+00
 1.09205566e+01
 1.08546692e+01
 1.71193787e+01
 2.24830261e+01
 2.58209167e+01
 2.42371460e+01
 1.99611755e+01
 1.67316223e+01
 1.24997192e+01
 8.08294067e+00
 6.92916260e+00
 5.84395752e+00
 4.54610596e+00
 1.24482666e+01
 1.51164795e+01
 2.06839844e+01
 2.52812744e+01
 2.45824219e+01
 1.99100281e+01
 1.45151306e+01
 8.51055298e+00
 5.68633423e+00
 4.37114868e+00
 7.92196045e+00
 1.15847412e+01
 1.37718140e+01
 1.63803345e+01
 2.48636414e+01
 2.67473083e+01
 2.79151245e+01
 2.20267883e+01
 1.58594604e+01
 1.08162476e+01
 5.05770264e+00
 7.76598511e+00
 9.31530151e+00
 1.05794922e+01
 1.26696716e+01
 1.49898010e+01
 2.36468750e+01
 2.58602844e+01
 2.51389099e+01
 2.05016418e+01
 1.38645569e+01
 1.04727417e+01
 7.94878540e+00
 5.10415039e+00
 7.69542847e+00
 9.32540283e+00
 1.31091248e+01
 1.90572144e+01
 2.50911499e+01
 2.86764160e+01
 2.91833435e+01
 2.05629517e+01
 1.61718994e+01
 1.05407959e+01
 8.05724487e+00
 4.19667969e+00
 4.50423584e+00
 1.00690247e+01
 1.24431396e+01
 1.71200500e+01
 2.18468262e+01
 2.37364746e+01
 2.33368469e+01
 1.81588074e+01
 1.57183472e+01
 1.11184021e+01
 7.27895508e+00
 8.91631470e+00
 4.79726563e+00
 1.02100159e+01
 1.53127686e+01
 1.91748596e+01
 2.26499573e+01
 2.68348328e+01
 2.35412231e+01
 2.15809265e+01
 1.59578186e+01
 1.26991211e+01
 2.92687378e+00
 6.63958130e+00
 8.91250000e+00
 7.59987793e+00
 1.47910095e+01
 1.93801819e+01
 2.53491150e+01
 2.71170593e+01
 2.51631409e+01
 2.20927979e+01
 1.52201477e+01
 1.15535522e+01
 3.59749756e+00
 1.29464111e+00
 5.12267456e+00
 8.14147339e+00
 1.14629761e+01
 1.50948425e+01
 2.16342102e+01
 2.73653198e+01
 2.65603577e+01
 2.19952026e+01
 1.52372986e+01
 1.31117798e+01
 9.71437988e+00
 1.04358765e+01
 1.11480042e+01
 9.88399658e+00
 1.38260742e+01
 1.96264893e+01
 2.18302246e+01
 2.48140503e+01
 2.59514709e+01
 2.16042725e+01
 1.33429199e+01
 1.01954590e+01
 5.75783691e+00
 9.03240356e+00
 5.62499390e+00
 7.80898438e+00
 1.27851196e+01
 1.74959656e+01
 2.15149475e+01
 2.64100891e+01
 2.38558289e+01
 2.02829834e+01
 1.65434204e+01
 1.32473389e+01
 9.09917603e+00
 7.70751343e+00
 5.62670288e+00
 8.35073242e+00
 1.37014404e+01
 2.07001587e+01
 2.79214417e+01
 2.55495239e+01
 2.51816650e+01
 2.13693176e+01
 1.72902161e+01
 1.12398926e+01
 7.21587524e+00
 2.17003784e+00
 1.05100037e+01
 8.91994629e+00
 1.13090454e+01
 1.89119812e+01
 2.41274353e+01
 2.77495056e+01
 2.79254395e+01
 2.50141235e+01
 1.68685852e+01
 1.26599976e+01
 1.25031677e+01
 8.62914429e+00
 7.25286255e+00
 6.89067993e+00
 1.32149292e+01
 1.87495972e+01
 2.34263855e+01
 2.88719116e+01
 2.74961487e+01
 1.70331055e+01
 1.25353943e+01
 9.68520508e+00
 1.30596313e+00
 5.32363281e+00
 6.31810913e+00
 8.18404541e+00
 1.25504089e+01
 1.87970215e+01
 2.40888000e+01
 2.61785522e+01
 2.70527588e+01
 2.31964355e+01
 1.68729187e+01
 8.43850098e+00
 3.58724365e+00
 4.29885254e+00
 6.64168701e+00
 1.14815613e+01
 1.34294678e+01
 1.62586304e+01
 2.26723877e+01
 2.50634094e+01
 2.49512573e+01
 2.02933289e+01
 1.42848450e+01
 1.22368713e+01
 1.05315491e+01
 4.88311157e+00
 8.63668213e+00
 1.15845276e+01
 1.38375488e+01
 1.66901794e+01
 2.29285217e+01
 2.79700867e+01
 2.69630066e+01
 2.25918518e+01
 1.83121582e+01
 1.22048889e+01
 9.08916626e+00
 9.08538208e+00
 8.50780640e+00
 1.09085632e+01
 1.16871582e+01
 1.71821533e+01
 2.38992249e+01
 2.77992493e+01
 2.63561951e+01
 2.18636414e+01
 1.49599243e+01
 1.06175781e+01
 7.99718628e+00
 1.29561768e+00
 2.24419556e+00
 6.52019653e+00
 1.33365723e+01
 1.85136658e+01
 2.56589600e+01
 2.70158936e+01
 2.31693665e+01
 2.29953552e+01
 1.81548401e+01
 1.02729431e+01
 6.46349487e+00
 7.24346313e+00
 8.57915649e+00
 1.06173340e+01
 1.64571167e+01
 1.96052490e+01
 2.19908081e+01
 2.68164612e+01
 2.83835999e+01
 2.15704285e+01
 1.50627075e+01
 9.28432617e+00
 1.08345581e+01
 4.11181030e+00
 9.31939087e+00
 1.01859375e+01
 1.60732971e+01
 2.10162903e+01
 2.60060669e+01
 2.71082092e+01
 2.74335266e+01
 2.50382324e+01
 1.62852722e+01
 9.75802002e+00
 9.96303711e+00
 7.07656250e+00
 7.95214233e+00
 1.09817444e+01
 1.35560242e+01
 1.74437805e+01
 2.50354858e+01
 2.85469604e+01
 2.66681458e+01
 1.86100708e+01
 1.76711365e+01
 1.50938965e+01
 7.95897827e+00
 8.94213257e+00
 9.10296021e+00
 8.54223022e+00
 1.02764832e+01
 1.82920471e+01
 2.23866821e+01
 2.68249146e+01
 2.54185730e+01
 2.42057434e+01
 1.83833862e+01
 1.16564270e+01
 6.11724243e+00
 4.52297363e+00
 3.59191284e+00
 7.57988892e+00
 1.31915527e+01
 1.80353638e+01
 2.31036621e+01
 2.74511353e+01
 2.56469055e+01
 1.87306763e+01
 1.32859436e+01
 1.24726501e+01
 7.20699463e+00
 7.21309814e+00
 6.40334473e+00
 6.19823608e+00
 1.12712341e+01
 2.07638489e+01
 2.44234253e+01
 2.46852661e+01
 2.51497437e+01
 1.93603149e+01
 1.61463867e+01
 1.12012878e+01
 6.23424683e+00
 3.39498291e+00
 5.62627563e+00
 1.04745728e+01
 1.56511780e+01
 2.16958862e+01
 2.38631226e+01
 2.75988403e+01
 2.86713196e+01
 2.43191772e+01
 1.61327454e+01
 1.02100464e+01
 7.14574585e+00
 2.35128174e+00
 7.67824707e+00
 8.11638794e+00
 1.59742065e+01
 1.83996521e+01
 2.09731384e+01
 2.78666626e+01
 2.59917847e+01
 2.09226318e+01
 1.49362427e+01
 1.09218384e+01
 8.82946167e+00
 7.80925903e+00
 6.10857544e+00
 9.79195557e+00
 1.33765808e+01
 1.98135620e+01
 2.40439087e+01
 2.72485901e+01
 2.69769531e+01
 2.32977539e+01
 1.65416809e+01
 1.18659302e+01
 7.79192505e+00
 8.19182739e+00
 6.55584106e+00
 1.09957825e+01
 1.59913269e+01
 1.84655701e+01
 2.63759705e+01
 2.90040833e+01
 2.85992676e+01
 2.33333069e+01
 1.82056213e+01
 9.82265625e+00
 4.48958740e+00
 8.13927612e+00
 7.30339966e+00
 8.92806396e+00
 1.43594910e+01
 1.87007080e+01
 2.35938965e+01
 2.98999878e+01
 2.77866760e+01
 2.20639893e+01
 1.62398315e+01
 1.32764526e+01
 6.82595215e+00
 7.55678711e+00
 7.21352539e+00
 1.02379700e+01
 1.43127075e+01
 1.71241699e+01
 2.70837036e+01
 2.61158997e+01
 2.34763428e+01
 2.27777649e+01
 1.46166016e+01
 9.00533447e+00
 8.65212402e+00
 6.63503418e+00
 9.53280029e+00
 9.94790039e+00
 1.43863464e+01
 1.94243713e+01
 2.24933411e+01
 3.07151123e+01
 2.67845703e+01
 2.10690247e+01
 1.45175415e+01
 1.04558350e+01
 9.97054443e+00
 8.29262695e+00
 6.93163452e+00
 1.03690735e+01
 1.55425354e+01
 2.05954834e+01
 2.84363953e+01
 2.99408203e+01
 2.83441101e+01
 2.20081726e+01
 1.74635864e+01
 1.14015442e+01
 6.88778076e+00
 4.35164795e+00
 5.69506226e+00
 8.99956665e+00
 1.49617249e+01
 1.98495422e+01
 2.38768250e+01
 2.99861084e+01
 2.67961670e+01
 2.27603088e+01
 1.81470886e+01
 1.02377563e+01
 7.79085693e+00
 7.46340332e+00
 3.31704102e+00
 8.08214722e+00
 1.29784790e+01
 2.02180725e+01
 2.36442200e+01
 2.63548218e+01
 2.57037292e+01
 2.13650757e+01
 1.67264648e+01
 1.42514893e+01
 7.79848633e+00
 6.64296875e+00
 6.88234863e+00
 1.02640625e+01
 1.21641785e+01
 1.70486694e+01
 2.53101135e+01
 2.77835327e+01
 2.56266418e+01
 2.08975159e+01
 1.83032166e+01
 1.24918457e+01
 8.27059326e+00
 8.81441650e+00
 1.09324890e+01
 1.09473511e+01
 1.29742371e+01
 1.92824646e+01
 2.65120789e+01
 2.86086060e+01
 2.84229065e+01
 2.45055481e+01
 1.66465393e+01
 8.87194214e+00
 5.98577271e+00
 6.49654541e+00
 1.06389709e+01
 1.02717224e+01
 1.46201111e+01
 1.93967529e+01
 2.59456726e+01
 2.88645874e+01
 2.96307617e+01
 2.17571350e+01
 1.93538757e+01
 1.37468506e+01
 8.35579834e+00
 9.53807983e+00
 7.94573364e+00
 1.13217407e+01
 1.57312256e+01
 2.23285767e+01
 2.45548950e+01
 2.89932190e+01
 2.84130798e+01
 2.10201355e+01
 1.64187256e+01
 1.33466736e+01
 9.98574219e+00
 7.87581787e+00
 6.21898804e+00
 1.05111633e+01
 1.52727905e+01
 1.83683411e+01
 2.29607788e+01
 2.92602173e+01
 2.85911194e+01
 2.39777466e+01
 1.57566772e+01
 1.24329773e+01
 9.41173706e+00
 7.45433960e+00
 1.00319458e+01
 1.06019226e+01
 1.63146301e+01
 2.12750183e+01
 2.47122437e+01
 3.00525757e+01
 2.68066650e+01
 2.51319519e+01
 1.81824585e+01
 9.51326904e+00
 1.02311646e+01
 7.31591187e+00
 8.02321777e+00
 1.40526062e+01
 1.65057007e+01
 1.99731384e+01
 2.32825867e+01
 2.63289429e+01
 2.78584534e+01
 2.14899536e+01
 1.80920959e+01
 1.27964417e+01
 8.32268677e+00
 8.03978882e+00
 7.76607666e+00
 8.96593628e+00
 1.41149536e+01
 2.19472595e+01
 2.48807922e+01
 2.86075684e+01
 2.44680725e+01
 2.26095825e+01
 1.75848328e+01
 1.31117188e+01
 8.88759766e+00
 7.41900024e+00
 6.98653564e+00
 9.22545776e+00
 1.47352234e+01
 1.86030212e+01
 2.28931213e+01
 2.83446289e+01
 2.97109619e+01
 2.26591125e+01
 1.82578064e+01
 1.44221130e+01
 1.16874634e+01
 6.81603394e+00
 8.32280884e+00
 1.13425842e+01
 1.47869507e+01
 1.95102478e+01
 2.43150269e+01
 2.79294983e+01
 2.68665405e+01
 2.30132385e+01
 1.58423401e+01
 1.32143188e+01
 1.22704407e+01
 9.86132202e+00
 8.77935181e+00
 1.09268127e+01
 1.42275330e+01
 1.89879089e+01
 2.46029602e+01
 2.78461548e+01
 2.87264038e+01
 2.27867065e+01
 1.77208801e+01
 1.22963196e+01
 6.99361572e+00
 9.79143677e+00
 8.95693359e+00
 1.29974915e+01
 1.33106934e+01
 1.96641479e+01
 2.80533386e+01
 2.94137512e+01
 3.01464783e+01
 2.37109009e+01
 1.93301636e+01
 1.23955322e+01
 8.14776001e+00
 7.32073364e+00
 8.09301147e+00
 7.57375488e+00
 1.41049438e+01
 2.17609497e+01
 2.56664368e+01
 2.96683289e+01
 2.60138489e+01
 2.23608948e+01
 1.71124512e+01
 1.04365173e+01
 5.99770508e+00
 8.04128418e+00
 5.00426636e+00
 9.57555542e+00
 1.50300232e+01
 1.98547607e+01
 2.98998962e+01
 3.23891846e+01
 3.04989563e+01
 2.74211670e+01
 1.97086121e+01
 1.62054382e+01
 8.99215088e+00
