 -4.27213135e+00
 -4.88443604e+00
 -9.69335937e-01
 8.07378540e+00
 1.15231262e+01
 1.55734497e+01
 1.56140076e+01
 1.72691895e+01
 1.42668396e+01
 9.93966064e+00
 6.61278687e+00
 2.13958130e+00
 -7.14941406e-01
 -2.20633545e+00
 -1.46518555e+00
 7.33144531e+00
 1.17311646e+01
 1.57834717e+01
 1.75841003e+01
 1.64652649e+01
 1.37193237e+01
 1.05961243e+01
 2.01122437e+00
 -5.55118408e+00
 -5.16141357e+00
 -4.89319458e+00
 1.49630127e+00
 8.64809570e+00
 1.47879883e+01
 1.74997803e+01
 2.13009888e+01
 1.73984924e+01
 1.33775269e+01
 9.66494141e+00
 4.81069336e+00
 -1.36968994e-01
 -1.66586914e+00
 -4.14566650e+00
 4.15062866e+00
 7.77941284e+00
 1.21902405e+01
 1.60546814e+01
 1.90727783e+01
 1.78760620e+01
 1.26744019e+01
 6.70754395e+00
 -6.67785645e-02
 -5.72119141e-01
 -1.76000977e-01
 1.98919067e+00
 3.30272827e+00
 8.88491211e+00
 1.27876526e+01
 1.55684143e+01
 1.80205627e+01
 1.67322937e+01
 1.07769409e+01
 7.29909668e+00
 4.64309082e+00
 -9.07904053e-01
 -4.01715698e+00
 -2.99173584e+00
 2.68242798e+00
 9.73021851e+00
 1.40140320e+01
 1.65062195e+01
 1.80773254e+01
 1.69756104e+01
 1.44663330e+01
 1.04946228e+01
 7.94458008e-01
 -1.55365601e+00
 -3.59549561e+00
 4.20892334e-01
 3.68328247e+00
 4.95714722e+00
 1.12545715e+01
 1.50089355e+01
 1.72058960e+01
 1.61826721e+01
 1.11515442e+01
 7.27251587e+00
 3.39220581e+00
 3.20256958e+00
 -3.71301880e+00
 -2.59894409e+00
 3.53249512e+00
 5.92498169e+00
 1.24665466e+01
 1.56104675e+01
 1.80093628e+01
 1.68728271e+01
 1.52587830e+01
 7.48339233e+00
 3.90654907e+00
 1.58556519e+00
 8.64739990e-01
 -6.33428955e-01
 3.28655396e+00
 4.02312622e+00
 1.12023254e+01
 1.71917358e+01
 2.16380249e+01
 1.86775146e+01
 1.52694031e+01
 9.38372192e+00
 1.46514282e+00
 -2.98538818e+00
 -9.51513672e-01
 4.61114502e-01
 5.72423706e+00
 6.84563599e+00
 1.24007507e+01
 1.63568970e+01
 1.90472351e+01
 1.89353882e+01
 1.20137268e+01
 4.01503906e+00
 2.11776123e+00
 -4.40711060e+00
 -6.29843750e+00
 -5.11737671e+00
 1.74768066e-01
 9.63552246e+00
 1.47184692e+01
 1.56315552e+01
 1.80634399e+01
 1.71560303e+01
 1.15001465e+01
 1.04920288e+01
 2.82064209e+00
 7.51977539e-01
 7.82708740e-01
 -5.16904297e+00
 3.28170166e+00
 1.12510620e+01
 1.24582458e+01
 1.48365723e+01
 1.91238953e+01
 1.59659363e+01
 1.26142212e+01
 1.03380371e+01
 5.15100098e-01
 -5.07752075e+00
 -1.24973145e+00
 8.54608154e-01
 1.16652832e+00
 8.40041504e+00
 1.21542297e+01
 1.50588928e+01
 1.71919495e+01
 1.84506470e+01
 1.40356689e+01
 1.01571899e+01
 7.72644043e-02
 -1.40020752e-01
 -2.51196289e-01
 -8.23339844e-01
 1.02044678e-01
 9.50646362e+00
 1.59895569e+01
 1.58163391e+01
 1.89206177e+01
 1.87812439e+01
 1.47513977e+01
 9.60509644e+00
 1.78334961e+00
 6.59539795e-01
 1.57689819e+00
 1.77156982e+00
 3.47512207e+00
 8.50405273e+00
 1.08890320e+01
 1.65324036e+01
 2.12071167e+01
 1.55307556e+01
 1.29716431e+01
 1.03914124e+01
 2.20571289e+00
 2.37911377e+00
 -6.38586426e-01
 -4.51566162e+00
 1.43731079e+00
 8.07036743e+00
 1.22428833e+01
 1.56412292e+01
 1.75406128e+01
 1.88290344e+01
 1.38307739e+01
 9.13591919e+00
 8.52777100e-01
 9.65820313e-02
 -4.42651978e+00
 -3.32611694e+00
 1.93050537e+00
 8.04006348e+00
 1.37354675e+01
 1.63423401e+01
 1.82488342e+01
 1.89883667e+01
 1.49250427e+01
 8.70812378e+00
 4.39965210e+00
 5.95056152e-01
 9.99963379e-01
 2.43926392e+00
 2.82192383e+00
 8.64440308e+00
 1.24923035e+01
 1.70250793e+01
 1.83986450e+01
 1.50399109e+01
 1.36788879e+01
 9.49965820e+00
 1.79162598e-01
 -2.58252563e+00
 -2.07080688e+00
 -1.86591187e+00
 6.44201050e+00
 8.51415405e+00
 1.02929016e+01
 1.72941223e+01
 1.96717163e+01
 1.80173279e+01
 1.40210510e+01
 8.20940552e+00
 6.74172363e+00
 9.63006592e-01
 1.26397095e+00
 -5.71573486e+00
 -9.11932373e-01
 8.76763306e+00
 1.61765076e+01
 1.66077209e+01
 1.69143005e+01
 1.53696838e+01
 1.55133911e+01
 1.15099121e+01
 4.59951172e+00
 3.32821045e+00
 -1.89276123e-01
 -2.45532837e+00
 1.77721558e+00
 1.09809509e+01
 1.37307983e+01
 1.79381348e+01
 2.01197144e+01
 2.11101624e+01
 1.43150879e+01
 1.09714905e+01
 4.89739990e-01
 3.45208130e+00
 1.73208008e+00
 3.09377441e+00
 1.08345947e+00
 7.93596802e+00
 1.09393860e+01
 1.32576843e+01
 1.74692932e+01
 1.75738159e+01
 1.16386353e+01
 8.64022217e+00
 -2.46008301e-01
 -1.05475464e+00
 4.29626465e-02
 1.82808838e+00
 -2.85559082e-01
 1.00826965e+01
 1.17564636e+01
 1.59829956e+01
 1.86425720e+01
 1.67879578e+01
 1.26223694e+01
 1.06975952e+01
 2.06185303e+00
 -2.63494873e-01
 1.83995972e+00
 3.36885986e+00
 3.33245239e+00
 6.74291382e+00
 1.31946960e+01
 1.31876160e+01
 1.83149658e+01
 1.56099792e+01
 1.13331848e+01
 8.90795288e+00
 1.21654663e+00
 2.00603638e+00
 2.63750610e+00
 9.63677979e-01
 5.37365112e+00
 1.11541992e+01
 1.21462952e+01
 1.76310364e+01
 1.72026611e+01
 1.84904724e+01
 1.58243652e+01
 1.01320435e+01
 6.34111938e+00
 1.30962524e+00
 -2.84124756e-01
 -2.81781616e+00
 3.89520264e-01
 1.04247986e+01
 1.20687805e+01
 1.73592468e+01
 2.10950256e+01
 1.98213135e+01
 1.60459229e+01
 1.10138794e+01
 3.41445313e+00
 1.16420898e+00
 3.07031250e-01
 -6.73101807e-01
 5.14248047e+00
 8.13973389e+00
 1.37423645e+01
 1.67271362e+01
 2.02117249e+01
 1.66494080e+01
 1.35772949e+01
 7.73613892e+00
 3.83254395e+00
 -5.31439209e-01
 -3.92178955e+00
 -8.98565674e-01
 2.37224731e+00
 1.34158875e+01
 1.44921814e+01
 1.74895569e+01
 1.92575928e+01
 1.81897522e+01
 1.34052673e+01
 1.11868530e+01
 7.34890137e+00
 2.08358154e+00
 1.65511475e+00
 6.70776367e-03
 3.24166260e+00
 5.27929077e+00
 1.44101807e+01
 1.65784546e+01
 1.89215637e+01
 2.15815979e+01
 1.54142090e+01
 8.10064087e+00
 4.38872681e+00
 -3.22332764e-01
 6.84136963e-01
 -5.84777832e-02
 3.57787476e+00
 5.65529785e+00
 1.34027039e+01
 1.54241882e+01
 1.92446838e+01
 2.09637695e+01
 1.59683472e+01
 9.16680298e+00
 3.52175293e+00
 -1.36447754e+00
 -4.32531738e-01
 1.28582153e+00
 6.21059570e+00
 8.56725464e+00
 1.38473450e+01
 1.53445068e+01
 1.70292603e+01
 1.85274292e+01
 1.21736084e+01
 9.88863525e+00
 3.19097290e+00
 -1.10574951e+00
 -4.05310059e-01
 -1.39822998e+00
 3.99511108e+00
 6.47466431e+00
 1.46762939e+01
 1.74323364e+01
 1.75513245e+01
 1.61531311e+01
 1.22248474e+01
 9.22835693e+00
 3.91124878e+00
 -5.26068115e-01
 4.60754395e-02
 1.54067383e+00
 5.86629639e+00
 9.35592041e+00
 1.31432739e+01
 1.86816956e+01
 1.97672363e+01
 1.88599182e+01
 1.43618103e+01
 9.72326050e+00
 6.90450439e+00
 4.16005859e+00
 7.89971924e-01
 3.38826904e+00
 5.57885742e-01
 8.81578979e+00
 1.54708191e+01
 1.63866821e+01
 1.86435486e+01
 1.88563782e+01
 1.42254883e+01
 6.66256104e+00
 3.31301270e+00
 -2.28870239e+00
 1.37719116e+00
 6.86212158e-01
 3.62352905e+00
 8.55434570e+00
 1.29586121e+01
 1.76330505e+01
 2.02778259e+01
 2.00746704e+01
 1.34595276e+01
 8.59615479e+00
 5.31051025e+00
 1.87416992e+00
 4.22418213e-01
 5.10164795e+00
 2.73900757e+00
 9.96206055e+00
 1.17919250e+01
 1.62894836e+01
 1.96235596e+01
 1.78821350e+01
 1.32522217e+01
 6.62978516e+00
 4.74611816e+00
 -7.07067871e-01
 -3.55386963e+00
 -8.38385010e-01
 4.65532837e+00
 1.04961792e+01
 1.63401123e+01
 1.87643372e+01
 1.75785156e+01
 1.96890808e+01
 1.49253174e+01
 1.17930847e+01
 1.65078125e+00
 -1.85507812e+00
 -3.55966797e+00
 4.32848511e+00
 6.57064209e+00
 9.86379395e+00
 1.50490356e+01
 1.61935364e+01
 2.12951904e+01
 1.96649719e+01
 1.50865723e+01
 9.99428711e+00
 8.09291992e+00
 -4.92102661e+00
 -1.39227905e+00
 -7.25992432e+00
 2.21260986e+00
 7.61239014e+00
 1.30395752e+01
 1.46435486e+01
 1.90206238e+01
 1.91778503e+01
 1.50358215e+01
 1.16147400e+01
 6.14241943e+00
 -3.26416626e+00
 -3.05332031e+00
 -1.85932007e+00
 -8.02313232e-01
 6.81984863e+00
 1.07318970e+01
 1.68686462e+01
 1.93619019e+01
 1.88258911e+01
 1.31815735e+01
 1.20071045e+01
 3.33236084e+00
 1.95165405e+00
 2.07910156e-01
 1.59432373e+00
 3.77013550e+00
 1.22918640e+01
 1.60651489e+01
 1.79422241e+01
 1.87308289e+01
 1.87626282e+01
 1.64155212e+01
 1.07923828e+01
 7.63985596e+00
 2.94271240e+00
 -2.61670532e+00
 -2.05280151e+00
 1.89098511e+00
 9.97466431e+00
 1.35557800e+01
 1.84643494e+01
 2.20970398e+01
 1.89346558e+01
 1.43038269e+01
 9.67730103e+00
 5.01174316e+00
 -4.34667969e-01
 3.72888184e-01
 -2.43902588e-01
 3.50756226e+00
 7.94234619e+00
 1.47819763e+01
 1.72167603e+01
 2.12599426e+01
 1.66075073e+01
 1.47933594e+01
 8.83919678e+00
 4.63817749e+00
 1.06902466e+00
 2.46331787e-01
 -1.54358521e+00
 -1.03812256e+00
 1.22099854e+01
 1.43980042e+01
 1.70472656e+01
 2.21055847e+01
 1.87355286e+01
 1.37746216e+01
 1.04549194e+01
 4.61214600e+00
 2.53579102e+00
 -1.26843872e+00
 1.21746216e+00
 4.49056396e+00
 8.64421997e+00
 1.61415649e+01
 1.73231750e+01
 2.06911865e+01
 1.78135925e+01
 1.54153076e+01
 1.21395203e+01
 3.26937256e+00
 -2.79236450e+00
 -2.66919556e+00
 4.57055054e+00
 3.05370483e+00
 5.69167480e+00
 1.29972778e+01
 1.65383850e+01
 1.95225159e+01
 1.92790161e+01
 1.41188293e+01
 9.74331055e+00
 5.25005493e+00
 -3.80902710e+00
 -3.15662231e+00
 -5.40640869e+00
 -2.34122314e+00
 5.59481201e+00
 1.41686951e+01
 1.43017822e+01
 1.79468018e+01
 1.65113464e+01
 1.42296692e+01
 7.62966309e+00
 4.89116821e+00
 1.71947632e+00
 1.21660767e+00
 3.85827026e+00
 7.25463257e+00
 9.65166626e+00
 1.67058044e+01
 2.03003784e+01
 2.27752930e+01
 2.16812378e+01
 1.48881470e+01
 1.11998230e+01
 6.09752808e+00
 2.23510132e+00
 -1.15018311e+00
 1.87355957e+00
 -1.43543091e+00
 1.00197083e+01
 1.29396912e+01
 1.88225342e+01
 2.20770203e+01
 2.08457581e+01
 1.47750183e+01
 9.77279053e+00
 4.52333984e+00
 -4.33905029e-01
 4.15984497e+00
 4.28194580e+00
 5.82723389e+00
 1.19569336e+01
 1.27155090e+01
 1.69951111e+01
 2.18149963e+01
 2.20024048e+01
 1.53326660e+01
 1.26805054e+01
 4.35207520e+00
 -2.97155762e-01
 2.26955566e+00
 -3.10529175e+00
 6.28115234e+00
 1.10953918e+01
 1.29713684e+01
 1.69691101e+01
 2.04082275e+01
 1.79510437e+01
 1.42158752e+01
 8.69655762e+00
 4.34890137e+00
 2.61855469e+00
 3.63671875e-01
 1.39709473e-02
 4.01360474e+00
 9.10274658e+00
 1.19898926e+01
 1.50131775e+01
 1.85139709e+01
 1.94591309e+01
 1.80212036e+01
 1.06010681e+01
 6.72475586e+00
 2.87731323e+00
 -2.12622681e+00
 1.96954346e-01
 1.22582397e+00
 8.46480713e+00
 1.69131409e+01
 1.60391785e+01
 2.16075684e+01
 1.77809692e+01
 1.28319641e+01
 9.16945801e+00
 7.66076050e+00
 3.69836426e-01
 -6.74108887e-01
 8.89520264e-01
 3.44899902e+00
 1.14551331e+01
 1.33683716e+01
 1.78147217e+01
 2.26177307e+01
 2.01612793e+01
 1.73215881e+01
 8.60091553e+00
 4.17040405e+00
 -3.27295532e+00
 -1.38699951e+00
 3.11647949e+00
 4.57640991e+00
 9.50441895e+00
 1.52041565e+01
 1.80216919e+01
 1.95884949e+01
 1.97094666e+01
 1.51124512e+01
 9.73922119e+00
 6.59792480e+00
 7.88262939e-01
 -1.65634766e+00
 -2.97214355e+00
 5.30932007e+00
 1.35725037e+01
 1.46100098e+01
 2.14131714e+01
 2.19444824e+01
 2.03210388e+01
 1.95774475e+01
 1.03536316e+01
 5.74944458e+00
 2.31829224e+00
 -9.22064209e-01
 3.13924561e+00
 6.99053345e+00
 1.36082703e+01
 1.76649109e+01
 1.70768677e+01
 1.72683350e+01
 2.12477051e+01
 1.52726685e+01
 1.29566284e+01
 7.68581543e+00
 3.02270508e-01
 2.22640381e+00
 1.71688232e+00
 5.35726318e+00
 1.11386963e+01
 1.45111328e+01
 1.75536133e+01
 2.03917175e+01
 1.79928833e+01
 1.54314819e+01
 9.71471558e+00
 6.46373901e+00
 -4.02878418e+00
 -3.08856812e+00
 2.67877197e-01
 2.88799438e+00
 8.98259888e+00
 1.31795288e+01
 1.71960999e+01
 1.96292969e+01
 1.75768372e+01
 1.56400696e+01
 1.05194946e+01
 7.08861694e+00
 3.39904785e-02
 -1.33109131e+00
 8.22991943e-01
 3.05706177e+00
 1.00902039e+01
 1.40389038e+01
 1.54713684e+01
 1.84393555e+01
 1.91920715e+01
 1.62689453e+01
 9.51134644e+00
 3.72347412e+00
 2.27541504e+00
 3.68129883e+00
 1.54067383e+00
 -2.06891479e+00
 8.75115356e+00
 1.20737549e+01
 1.74686829e+01
 1.96107727e+01
 1.61625916e+01
 1.36823364e+01
 1.26257263e+01
 4.90493164e+00
 -1.14386597e+00
 1.38491211e+00
 4.49099121e+00
 6.19286499e+00
 9.30153809e+00
 1.52557617e+01
 1.76559998e+01
 2.07048279e+01
 2.08475586e+01
 1.44203430e+01
 9.05248413e+00
 2.63378296e+00
 -2.09155884e+00
 -3.36951294e+00
 1.12451172e-01
 4.62316284e+00
 1.10176025e+01
 1.48825012e+01
 1.76274658e+01
 1.88796021e+01
 1.94385620e+01
 1.64627930e+01
 1.17946106e+01
 5.90764771e+00
 1.65810547e+00
 -2.14450684e+00
 3.57143555e+00
 6.47399292e+00
 1.05506226e+01
 1.46444946e+01
 1.86786743e+01
 2.33353821e+01
 1.87656494e+01
 1.53994995e+01
 8.14888916e+00
 6.05446777e+00
 1.69176636e+00
 1.66925049e-01
 -2.29770508e+00
 3.40166626e+00
 6.67232666e+00
 1.27535339e+01
 1.69510742e+01
 2.04448792e+01
 2.03504883e+01
 1.46392151e+01
 1.07033630e+01
 2.94713745e+00
 -2.86960449e+00
 -3.04578247e+00
 -1.18231201e-01
 4.67379150e+00
 1.16012207e+01
 1.38427063e+01
 1.54609619e+01
 1.89852539e+01
 1.79152771e+01
 1.52089783e+01
 1.11378113e+01
 4.17192993e+00
 2.79403076e+00
 4.36123047e+00
 2.43142090e+00
 5.14977417e+00
 9.01516113e+00
 1.40971924e+01
 1.77918335e+01
 2.03274780e+01
 1.99011475e+01
 1.78462158e+01
 1.00346924e+01
 5.88738403e+00
 1.41280518e+00
 1.10607300e+00
 2.80651245e+00
 6.09346924e+00
 1.11424805e+01
 1.46102539e+01
 1.79566895e+01
 2.15437866e+01
 1.92350098e+01
 1.71995483e+01
 1.03853699e+01
 7.95964966e+00
 7.97052002e-01
 1.38445435e+00
 3.61809692e+00
 6.46114502e+00
 7.74184570e+00
 1.56385437e+01
 1.80996643e+01
 2.47676941e+01
 2.12691895e+01
 2.15920959e+01
 1.49785706e+01
 7.06673584e+00
 1.02111206e+00
 1.35451660e+00
 -1.15607300e+00
 5.80608521e+00
 1.03751465e+01
 1.56964966e+01
 1.79015747e+01
 1.93539063e+01
 2.15816284e+01
 1.75023743e+01
 9.25640259e+00
 1.09566650e+00
 -2.83692017e+00
 -3.89209595e+00
 -1.25546875e+00
 4.71923218e+00
 1.03227783e+01
 1.41783081e+01
 1.87897583e+01
 1.93807312e+01
 2.09255920e+01
 1.38142944e+01
 9.68129883e+00
 5.43624268e+00
 1.76024780e+00
 -3.96723022e+00
 -6.40430298e+00
 1.25307617e+00
 1.22157532e+01
 1.30214478e+01
 1.91058899e+01
 2.22479187e+01
 2.02375732e+01
 1.58878723e+01
 1.27334534e+01
 6.51983032e+00
 3.43554077e+00
 -3.12259521e+00
 -2.48815918e-01
 5.78780518e+00
 1.02034241e+01
 1.26300903e+01
 1.71367432e+01
 1.92413269e+01
 1.88951660e+01
 1.39329773e+01
 1.15527588e+01
 7.09804688e+00
 3.55843506e+00
 7.09436035e-01
 3.86446533e+00
 4.65694580e+00
 1.38308350e+01
 1.56288696e+01
 1.50104309e+01
 2.37191406e+01
 2.16270081e+01
 1.52303711e+01
 1.19119202e+01
 7.37120972e+00
 2.52462158e+00
 1.20406494e+00
 5.21651611e+00
 5.00823364e+00
 1.16030823e+01
 1.44105469e+01
 1.56234375e+01
 1.92911926e+01
 1.70997559e+01
 1.36371704e+01
 1.35691162e+01
 -4.21875610e+00
 -4.79797363e-02
 -4.33460083e+00
 2.04705200e+00
 7.09023438e+00
 9.34792480e+00
 1.39791504e+01
 1.68604370e+01
 1.94895874e+01
 1.81397949e+01
 1.54505249e+01
 1.21340271e+01
 3.94732056e+00
 1.13125000e+00
 -3.29859009e+00
 1.18007813e+00
 5.44768677e+00
 8.94732056e+00
 1.40127808e+01
 1.65333496e+01
 1.92223145e+01
 2.23106018e+01
 1.56041504e+01
 9.24553833e+00
 4.51140747e+00
 3.08614502e+00
 -4.88195801e-01
 -2.05020752e+00
 3.31384277e-01
 9.89031372e+00
 1.36760193e+01
 1.77163025e+01
 2.05450073e+01
 1.90922180e+01
 1.50729614e+01
 1.07594543e+01
 3.37905273e+00
 3.26146851e+00
 1.39513550e+00
 3.34844360e+00
 3.50866089e+00
 1.19993225e+01
 1.48265015e+01
 1.97817932e+01
 2.41851746e+01
 2.07844177e+01
 1.74906250e+01
 1.11485535e+01
 5.44066772e+00
 -1.91961670e-01
 2.80315552e+00
 3.85552979e-01
 4.74221191e+00
 1.16901489e+01
 1.41079346e+01
 1.74630371e+01
 2.05956970e+01
 2.08076721e+01
 1.73744751e+01
 1.24821716e+01
 4.99276123e+00
 3.02080688e+00
 1.86715088e+00
 5.59935913e+00
 4.40270386e+00
 1.14784180e+01
 1.52753845e+01
 1.78905579e+01
 1.96634766e+01
 2.34197021e+01
 1.81265198e+01
 1.20426880e+01
 7.56487427e+00
 -5.30920410e-01
 -1.15332642e+00
 1.83254395e+00
 7.23153076e+00
 1.18534485e+01
 1.16856018e+01
 1.62161499e+01
 1.95080505e+01
 1.67839905e+01
 1.57880493e+01
 1.08276001e+01
 4.22100220e+00
 -2.11356201e+00
 -3.38904419e+00
 1.10857544e+00
 4.11803589e+00
 1.25400635e+01
 1.49166504e+01
 2.19774109e+01
 2.36166321e+01
 2.18707214e+01
 1.69248596e+01
 9.96367798e+00
 3.87740479e+00
 -5.68579102e-01
 2.88311157e+00
 6.97240601e+00
 5.37160645e+00
 9.77858887e+00
 1.31162964e+01
 1.61672607e+01
 1.91189514e+01
 1.78672424e+01
 1.65973145e+01
 9.59960327e+00
 5.98037109e+00
 -1.28571167e+00
 -4.76755371e+00
 -2.21600952e+00
 2.89156494e+00
 1.07863403e+01
 1.56592041e+01
 1.61985413e+01
 1.98724915e+01
 1.98632751e+01
 1.64802490e+01
 1.03629089e+01
 3.76125488e+00
 -1.87686768e+00
 9.37677002e-01
 3.59502563e+00
 4.54171143e+00
 1.12846313e+01
 1.23916565e+01
 1.59030701e+01
 2.11492554e+01
 2.13364502e+01
 1.60619751e+01
 1.13660522e+01
 6.60402832e+00
 3.50866089e+00
 4.05025635e+00
 4.69088135e+00
 5.71883545e+00
 1.03799377e+01
 1.49117371e+01
 1.88097473e+01
 1.99924255e+01
 2.15514465e+01
 1.74936462e+01
 1.10508362e+01
 6.42595825e+00
 5.72595215e-01
 -3.29260254e-01
 -5.86798706e+00
 -2.74085083e+00
 1.09707886e+01
 1.31417480e+01
 1.67212158e+01
 2.08531433e+01
 2.05319153e+01
 1.79075256e+01
 1.44701477e+01
 6.85790405e+00
 -1.83557739e+00
 -5.13550415e+00
 3.81685791e+00
 7.98177490e+00
 1.19281555e+01
 1.58949829e+01
 1.74730774e+01
 1.95508972e+01
 2.13539063e+01
 1.70924316e+01
 9.10369263e+00
 5.28386841e+00
 -3.15161133e-01
 3.59832153e+00
 4.05980835e+00
 6.36757813e+00
 1.07118469e+01
 1.43855225e+01
 1.63554321e+01
 2.17520996e+01
 2.15764099e+01
 1.41154724e+01
 1.01397034e+01
 6.12590942e+00
 4.26427612e+00
 -1.14563599e+00
 1.12865601e+00
 1.49981079e+00
 6.64241943e+00
 1.31241089e+01
 1.90890137e+01
 1.91221863e+01
 1.91787048e+01
 1.68619934e+01
 1.16231018e+01
 5.01983032e+00
 5.41753540e+00
 7.59088135e-01
 3.28145752e+00
 6.28896484e+00
 1.08566833e+01
 1.39962402e+01
 1.71494385e+01
 2.11745850e+01
 2.24488464e+01
 1.66928955e+01
 9.23565063e+00
 5.84636841e+00
 2.41235352e-01
 -4.37515869e+00
 -3.84464111e+00
 -1.45935059e-02
 1.01501099e+01
 1.44922729e+01
 1.76416565e+01
 1.95115601e+01
 2.14638000e+01
 1.48351379e+01
 1.23261658e+01
 8.92647705e+00
 2.93438110e+00
 4.46129761e+00
 2.14672241e+00
 6.20440063e+00
 1.15921570e+01
 1.32911621e+01
 1.80240723e+01
 2.26285950e+01
 2.12646729e+01
 1.78396240e+01
 1.24731689e+01
 6.26793823e+00
 3.27385864e+00
 2.99526367e+00
 6.30950317e+00
 5.35686646e+00
 1.18238464e+01
 1.47476746e+01
 1.72681824e+01
 2.24878784e+01
 2.23896118e+01
 1.68466431e+01
 1.13798157e+01
 5.70089111e+00
 -2.10437622e+00
 3.63176880e+00
 1.47390137e+00
 3.28164063e+00
 1.03431335e+01
 1.56016785e+01
 1.87072693e+01
 2.09903503e+01
 2.10249268e+01
 1.95191895e+01
 1.22578979e+01
 7.99938354e+00
 6.63140869e-01
 -1.02762451e+00
 3.89580688e+00
 8.63442383e+00
 1.17625977e+01
 1.39680420e+01
 1.85148865e+01
 2.21269470e+01
 1.98470093e+01
 1.65341431e+01
 1.08210693e+01
 6.64626465e+00
 4.59398804e+00
 2.55272827e+00
 9.87023926e-01
 6.28966675e+00
 7.98885498e+00
 1.52408386e+01
 1.98312012e+01
 2.37320496e+01
 2.02576843e+01
 1.65452820e+01
 9.25924072e+00
 5.38720093e+00
 2.88845215e+00
 2.10122070e+00
 -1.10547485e+00
 6.22423706e+00
 1.40385376e+01
 1.51260315e+01
 1.79254089e+01
 2.08106018e+01
 2.19459473e+01
 1.57324158e+01
 1.27816101e+01
 6.98327637e-01
 2.52102051e+00
 3.89965210e+00
 4.98458252e+00
 5.44896851e+00
 1.26156555e+01
 1.55115601e+01
 2.06452881e+01
 2.05024048e+01
 2.36044250e+01
 1.73673035e+01
 1.19966980e+01
 1.02727905e+01
 6.64727783e-01
