 5.24667019e+01
 2.27430668e+01
 2.73884051e+01
 1.18987898e+02
 1.04573023e+02
 3.14151156e+01
 1.13650167e+02
 4.92714812e+01
 6.54627890e+01
 9.21571885e+01
 3.53119949e+01
 4.91975635e+01
 2.45994492e+01
 4.28943541e+01
 6.57154410e+01
 5.05951258e+01
 3.35657168e+01
 2.00862576e+01
 8.98423543e+01
 3.67061764e+01
 5.22919425e+01
 2.45461157e+01
 3.47677208e+01
 9.49741388e+01
 6.34413560e+01
 5.44578098e+01
 6.03041655e+01
 2.99476089e+01
 6.82918372e+01
 1.40397341e+02
 7.79542427e+01
 5.75607480e+01
 7.09115845e+01
 4.55762540e+01
 1.41218870e+01
 4.08434409e+01
 3.97880797e+01
 3.53996681e+01
 5.85060147e+01
 3.14848879e+01
 7.72493303e+01
 4.84949325e+01
 3.82182542e+01
 5.70819395e+01
 5.11093524e+01
 1.83319560e+01
 3.02657461e+01
 1.92444525e+01
 6.60994115e+01
 5.13024318e+01
 4.68435927e+01
 5.97165684e+01
 7.92078668e+01
 6.23740865e+01
 6.44928027e+01
 1.08255773e+02
 3.05196132e+01
 4.21104922e+01
 8.55873073e+01
 8.63322770e+01
 6.55989909e+01
 3.79062871e+01
 1.65142761e+02
 6.54900689e+01
 6.98463402e+01
 1.07888842e+02
 7.87384222e+01
 3.35516270e+01
 8.78478281e+01
 4.61627285e+01
 6.60205381e+01
 5.60323539e+01
 1.10405642e+02
 3.68347919e+01
 1.05936223e+02
 3.93098044e+01
 3.67018355e+01
 7.33238988e+01
 7.46755016e+01
 3.85748467e+01
 4.40724874e+01
 5.99378315e+01
 6.49633480e+01
 6.20300600e+01
 2.47788331e+01
 4.85112172e+01
 5.61617440e+01
 4.90827952e+01
 3.52716167e+01
 5.24268524e+01
 7.37173388e+01
 2.88572807e+01
 1.72888584e+02
 2.39800791e+01
 2.04508193e+01
 5.92943305e+01
 1.07946159e+02
 5.36988425e+01
 3.32245782e+01
 4.84100375e+01
 7.72886326e+01
 6.34583490e+01
 3.98753831e+01
 4.71260556e+01
 1.29028212e+02
 2.53262100e+01
 2.43105293e+01
 4.92900484e+01
 4.65761648e+01
 2.48342115e+00
 1.65659042e+01
 3.97329713e+01
 9.03755634e+01
 1.36007881e+02
 2.73132451e+01
 4.14841162e+01
 4.68455139e+01
 3.31937776e+01
 1.50163083e+02
 8.71306193e+01
 1.28636050e+02
 5.27069479e+01
 8.02244105e+01
 8.87780904e+01
 3.87284603e+01
 6.61305679e+01
 4.75289928e+01
 3.80967860e+01
 5.10895549e+01
 1.15772402e+01
 9.22609284e+01
 2.48190026e+01
 6.58494010e+01
 1.71359981e+01
 3.86045043e+00
 5.30157995e+01
 4.84498411e+01
 8.41667413e+01
 7.45587543e+01
 1.60657795e+01
 6.87111306e+01
 5.26055290e+01
 3.30069852e+01
 7.71287244e+01
 5.03302553e+01
 1.12674913e+02
 5.71224305e+01
 4.88144936e+01
 9.68540707e+01
 9.54836968e+01
 4.99925978e+01
 5.30289091e+01
 8.56784071e+01
 1.27576414e+02
 3.31613413e+01
 3.53431373e+01
 3.57108842e+01
 1.24323948e+01
 5.93959551e+01
 7.89474633e+01
 1.11679802e+02
 8.69521442e+01
 2.56675994e+01
 5.86302064e+01
 3.79705101e+01
 1.59105051e+02
 3.88598243e+01
 5.09553792e+01
 7.46094814e+01
 1.91086484e+01
 1.80602821e+01
 2.27616754e+01
 3.85550567e+01
 4.21324472e+01
 2.30806749e+01
 2.41340240e+01
 9.95161696e+01
 3.81170266e+01
 4.20721258e+01
 1.12012753e+02
 8.49053321e+01
 3.20255700e+01
 8.79890234e+01
 4.32070821e+01
 3.45698272e+01
 4.71636464e+01
 9.17447558e+01
 7.47899786e+01
 5.85686087e+01
 1.67547161e+02
 1.89779612e+01
 6.15057958e+01
 5.73480812e+01
 3.65533360e+01
 1.21014469e+02
 8.90049959e+01
 9.47496964e+01
 1.14766474e+02
 2.55634048e+01
 7.08283709e+01
 7.65556490e+01
 1.37779337e+02
 2.52934351e+01
 1.15038692e+02
 2.31637738e+01
 5.94090930e+01
 9.00332678e+01
 7.21423931e+01
 1.05853974e+02
 1.63882070e+01
 5.73080725e+01
 5.30012654e+01
 4.10132573e+01
 1.35720467e+02
 4.30559910e+01
 5.46433862e+01
 3.81294356e+01
 1.40751484e+01
 3.78366539e+01
 8.40960379e+01
 1.02142470e+02
 1.10835237e+02
 2.36300833e+01
 2.28495724e+01
 8.98156527e+01
 6.26608452e+01
 1.72314078e+01
 3.91662614e+01
 2.09399141e+01
 8.93212704e+01
 4.57121628e+01
 6.77231729e+01
 5.54486565e+01
 1.90138490e+02
 1.24592023e+02
 1.28452728e+02
 2.42130504e+01
 4.15967661e+01
 1.48299465e+02
 1.21126544e+02
 4.92949106e+01
 7.65011554e+01
 3.37768928e+01
 6.34251143e+01
 9.55928804e+01
 6.98970211e+01
 4.59064623e+01
 2.29323133e+01
 1.57686996e+01
 1.06713075e+01
 5.08746392e+01
 9.33360131e+01
 5.79551641e+01
 9.80487892e+01
 4.43664485e+01
 3.83593178e+01
 2.38844080e+01
 6.36540754e+01
 2.59326011e+01
 3.37294811e+01
 7.27161490e+01
 5.04259215e+01
 2.79235623e+01
 7.21260182e+01
 2.90401773e+01
 3.51929437e+01
 2.00889775e+01
 1.66737492e+00
 2.35486978e+02
 8.50161728e+01
 5.22915785e+01
 2.76850722e+01
 1.40456163e+02
 7.79091768e+01
 4.84730888e+01
 3.82566601e+01
 1.55591032e+01
 2.32195573e+01
 4.24954713e+01
 4.90347936e+01
 2.98877388e+01
 2.45008407e+01
 5.85081632e+01
 5.19149062e+01
 2.71679534e+01
 7.51764387e+01
 3.86693055e+01
 2.64818683e+01
 1.63005432e+01
 4.06627861e+01
 3.64154994e+01
 2.79493288e+01
 1.55730980e+02
 1.15980936e+02
 7.07103082e+01
 5.98611806e+01
 2.60081453e+01
 3.79323103e+01
 8.09438975e+01
 3.06267112e+01
 6.79980567e+01
 3.83124575e+01
 3.08615626e+01
 1.86400571e+01
 8.19873662e+01
 3.82224890e+01
 3.74188060e+01
 7.27824738e+01
 5.05532204e+01
 7.61425234e+01
 4.77505614e+01
 1.04308962e+02
 6.01557260e+01
 1.29339141e+01
 6.04359624e+01
 9.00716014e+01
 5.04668608e+01
 4.00448096e+01
 6.26744087e+01
 7.38187004e+01
 3.35421315e+01
 9.41955767e+01
 1.22412677e+01
 6.11916164e+01
 4.24982191e+01
 3.12122147e+01
 1.25642890e+01
 2.87324204e+01
 1.05207346e+02
 3.76144469e+01
 2.33663313e+01
 6.15597823e+01
 9.39283435e+01
 1.41160238e+02
 4.40115107e+01
 6.42067638e+01
 3.96327901e+01
 1.75714385e+01
 3.90912645e+01
 2.90817627e+01
 1.16474406e+02
 9.96792458e+01
 4.06060463e+01
 2.05920474e+01
 3.77333217e+01
 7.63884951e+01
 4.30278765e+01
 3.91734792e+01
 5.95991509e+01
 2.05024273e+01
 4.53689707e+01
 6.75416995e+01
 8.89194062e+01
 2.39018039e+01
 1.55971577e+02
 1.37968613e+02
 1.66380712e+01
 9.63542736e+01
 1.17007352e+02
 2.61480645e+01
 6.27420757e+01
 2.38218932e+00
 3.45326370e+01
 3.90774463e+01
 1.50802751e+01
 2.72173459e+01
 1.31151177e+01
 1.13654143e+02
 3.16737141e+01
 8.99914662e+01
 2.66523807e+01
 4.90332755e+01
 1.70513691e+01
 9.07815277e+00
 9.99410165e+01
 8.11727832e+01
 1.77604068e+01
 5.54508676e+01
 1.02754615e+02
 4.52883248e+01
 4.83794477e+01
 1.11199473e+02
 6.15996112e+01
 6.37733718e+01
 3.35111774e+01
 1.02663514e+01
 5.80138289e+00
 4.40406553e+00
 1.20384132e+02
 1.90886770e+01
 4.95101596e+01
 9.37871098e+01
 3.19511624e+01
 2.77278166e+01
 3.56751422e+01
 3.41996760e+01
 4.72792940e+01
 4.95908357e+01
 8.06194600e+01
 3.71380520e+01
 6.92216889e+01
 1.82299868e+01
 2.31703339e+01
 4.48908052e+01
 1.80301395e+02
 1.33096400e+01
 2.04719441e+01
 8.39276814e+01
 1.02354637e+01
 1.75461488e+01
 9.74457923e+01
 2.09795676e+01
 6.73527969e+01
 8.20506922e+01
 2.73876841e+01
 6.51410100e+01
 6.87690003e+01
 3.26048647e+01
 3.69345321e+01
 1.05696049e+01
 5.08783678e+01
 1.42751346e+01
 7.07616588e+01
 4.35983981e+01
 3.98302735e+01
 4.21637206e+01
 3.91974153e+01
 2.14336237e+01
 6.97783727e+01
 6.07947204e+01
 2.62639479e+01
 1.64032945e+01
 3.09523836e+01
 5.72285709e+01
 1.64010583e+01
 2.02308635e+01
 6.49006801e+01
 6.99476394e+01
 5.31614610e+01
 2.09858447e+01
 9.32284473e+01
 1.05586093e+02
 3.39667152e+01
 5.96656924e+01
 1.54879625e+01
 1.15253331e+01
 4.59214485e+01
 7.12182647e+01
 7.08346460e+01
 6.41540019e+01
 3.26478575e+01
 8.58910119e+01
 8.96022128e+01
 3.14482880e+01
 2.92397611e+01
 4.51847513e+01
 2.35239350e+01
 8.09518027e+01
 3.95404758e+01
 5.87276396e+01
 1.23224770e+02
 1.06556429e+01
 5.64993577e+01
 2.96595011e+01
 1.04773034e+02
 6.13239979e+01
 1.05961188e+02
 7.59989558e+01
 3.51245778e+01
 3.86115903e+01
 3.65397349e+01
 3.28383431e+01
 5.19955521e+01
 1.26632866e+01
 2.29979827e+01
 4.12486339e+01
 3.95168817e+01
 7.97725879e+01
 8.00253750e+01
 2.40853773e+01
 3.35512641e+01
 1.73294517e+01
 8.88754305e+00
 8.36470279e+00
 1.02424967e+02
 1.05159329e+02
 1.48372544e+02
 9.13729457e+01
 1.76121687e+02
 9.60746706e+01
 3.19311574e+01
 2.82664141e+01
 4.31243564e+01
 2.04506664e+01
 1.30479296e+02
 3.34257272e+01
 4.48341928e+01
 9.37378365e+01
 1.46214149e+02
 2.71824494e+01
 2.13576066e+01
 2.14532119e+02
 1.84776231e+02
 1.80012739e+01
 1.39044432e+01
 5.35577273e+00
 1.02889946e+01
 6.02422474e+01
 4.51950604e+01
 5.85886938e+01
 1.99045109e+01
 8.75981151e+01
 4.73379627e+01
 3.69043710e+01
 2.77316432e+01
 1.95647828e+01
 1.70882524e+01
 2.80494990e+01
 1.72976222e+01
 4.03624895e+01
 8.73368697e+01
 4.20993398e+01
 3.63799875e+01
 2.92433730e+01
 9.05380481e+01
 6.98654043e+01
 1.40343128e+01
 2.86761891e+01
 6.13612978e+01
 2.32539373e+00
 1.57485916e+01
 4.32129568e+01
 7.28258783e+01
 2.88648267e+01
 4.84383773e+01
 2.82288950e+01
 1.10903055e+02
 3.97879043e+01
 3.15167577e+01
 5.04099658e+01
 1.96188813e+01
 7.28557379e+01
 7.45905391e+01
 5.34895541e+01
 2.84228632e+01
 1.26038167e+02
 9.80848269e+00
 7.02829185e+01
 8.40000147e+00
 1.66345468e+01
 1.09308362e+02
 1.03328495e+02
 5.94585309e+01
 1.02774943e+02
 5.55839270e+01
 4.84298492e+01
 1.43606665e+02
 1.24143742e+02
 2.41383040e+01
 4.00522287e+01
 1.00643653e+02
 8.85196699e+01
 4.49162564e+01
 2.65543317e+01
 2.62433507e+01
 1.77473749e+01
 2.39149724e+01
 8.75665701e+00
 1.77747828e+01
 1.87062426e+01
 7.70989384e+00
 3.09377963e+00
 5.04016861e+01
 3.91810064e+01
 7.57263262e+01
 6.01287547e+01
 8.94316170e+01
 3.80581263e+01
 1.61743881e+02
 3.62224079e+01
 9.75674457e+01
 9.20934461e+00
 1.11501848e+02
 6.18103044e+01
 6.59946537e+01
 7.31274881e+01
 5.44414528e+01
 5.41474721e+01
 3.47069467e+01
 3.81410405e+01
 8.48612407e+01
 1.81247426e+01
 9.87079570e+01
 5.31503180e+01
 2.82766794e+01
 2.82243177e+01
 9.82673363e+01
 2.60122410e+01
 9.05338613e+01
 1.97652259e+01
 3.26421962e+01
 4.71113568e+01
 3.74733307e+01
 2.69807609e+01
 4.53233543e+01
 7.65254270e+01
 5.26345904e+01
 6.17482208e+01
 6.95443431e+01
 4.88657914e+01
 2.48335326e+01
 3.07563716e+01
 5.42304858e+01
 4.96014013e+01
 4.08285863e+01
 4.60521133e+01
 1.62768917e+02
 6.59638754e+01
 3.86389035e+02
 1.20777087e+02
 3.27970790e+01
 5.88497232e+01
 3.36295513e+01
 6.88430678e+01
 1.04090765e+02
 6.83805975e+01
 6.02679131e+01
 1.31169174e+02
 9.73581843e+01
 7.97473137e+01
 1.16745240e+01
 3.81113069e+01
 2.09861070e+01
 1.28834330e+01
 2.16986154e+01
 4.39219192e+01
 2.93205695e+01
 1.83602346e+01
 3.55659014e+01
 1.25202399e+02
 6.76224854e+01
 7.75288587e+01
 1.34096820e+02
 6.57924670e+01
 5.95121385e+01
 2.48233752e+01
 9.27104771e+01
 4.92726895e+01
 1.26072638e+02
 1.53641827e+02
 5.09947789e+01
 8.57841700e+01
 3.31497154e+01
 6.25610763e+01
 1.45841423e+02
 5.12079038e+01
 1.42869706e+01
 4.88366472e+01
 6.02841715e+01
 9.19020136e+01
 3.78102745e+01
 1.12534592e+01
 6.76960572e+01
 4.89075076e+01
 3.29461201e+01
 5.73053008e+01
 2.43121217e+01
 3.65896678e+01
 7.23065962e+01
 1.84718069e+02
 5.68469259e+01
 7.75875969e+01
 7.59642381e+01
 4.12377422e+01
 3.13388950e+01
 7.40374963e+01
 5.50380605e+01
 3.06780218e+01
 4.70667392e+01
 3.35312110e+01
 6.16030624e+01
 2.94625318e+01
 8.86702813e+01
 5.89682975e+01
 7.65337337e+01
 9.54233282e+00
 2.64880435e+01
 8.38551106e+01
 5.75836025e+01
 5.26349269e+01
 4.88297728e+01
 4.93902114e+01
 1.31170480e+01
 4.40188034e+01
 4.42451442e+01
 4.72099462e+01
 9.05347895e+01
 3.53226858e+01
 4.80643310e+01
 7.97614488e+01
 1.04702443e+02
 2.65120936e+01
 4.75496646e+01
 3.93354482e+01
 2.65129965e+01
 1.50877463e+02
 8.63058837e+01
 1.43762695e+02
 6.92337130e+01
 1.35625232e+02
 5.34309011e+01
 1.24926403e+02
 4.73358821e+01
 2.85799879e+01
 1.55290319e+02
 5.50660988e+01
 2.60467243e+02
 3.13124157e+01
 1.65808098e+01
 3.05179807e+01
 3.78467048e+01
 7.98967654e+01
 5.44399956e+01
 7.93248564e+01
 5.61161179e+01
 3.81607319e+01
 2.46598813e+01
 3.98856752e+01
 1.20232285e+01
 1.27515465e+02
 8.05282389e+01
 2.84154115e+01
 2.78457039e+01
 1.08213978e+02
 3.54730682e+01
 6.70123242e+01
 1.18600646e+02
 3.27244472e+01
 4.88289689e+01
 8.51154802e+01
 6.87089146e+01
 4.15820917e+01
 9.25136899e+00
 3.40574580e+01
 6.66852916e+01
 4.12372625e+01
 1.71421804e+01
 3.14881435e+01
 1.10707686e+02
 4.51433081e+01
 6.68676061e+01
 1.98074866e+01
 1.57741139e+02
 2.50540319e+01
 6.02553640e+01
 3.93729260e+01
 9.86060985e+00
 5.28298451e+01
 5.60302444e+01
 1.16133771e+02
 1.19396767e+02
 7.10859150e+01
 6.26985981e+01
 2.18328825e+01
 5.43512913e+01
 4.36105216e+01
 3.88312949e+01
 1.33298600e+01
 6.47251328e+01
 7.51575422e+01
 8.23501631e+01
 1.77330643e+02
 1.51833219e+02
 5.67657509e+01
 2.54716922e+01
 4.20496850e+01
 8.80618149e+01
 4.68769804e+01
 6.53991483e+01
 3.85381169e+01
 9.14032494e+01
 8.15361538e+01
 3.84451083e+01
 1.05637039e+01
 1.08373169e+02
 1.52869722e+01
 2.10129305e+01
 5.59477276e+01
 4.39687072e+00
 3.36254595e+01
 6.26883104e+01
 9.95956027e+01
 1.56015089e+01
 7.46971884e+01
 1.60576201e+01
 2.37404910e+01
 7.80874914e+01
 4.49490810e+01
 1.00211142e+01
 6.07571563e+00
 5.91639113e+01
 6.65372078e+01
 3.30532965e+01
 1.15607798e+02
 3.59944603e+01
 6.40021140e+01
 2.90623716e+01
 4.85944671e+01
 3.02730224e+01
 6.50872818e+01
 9.86857700e+01
 8.74126485e+01
 1.76915210e+02
 2.99125177e+01
 1.85888565e+01
 7.78463721e+01
 4.34435686e+01
 1.05501598e+02
 7.08214040e+01
 4.77668794e+01
 5.24473748e+01
 1.55139199e+02
 7.26927612e+01
 6.34045580e+01
 2.26722447e+01
 8.16443446e+01
 1.32493011e+02
 5.05408077e+01
 2.58502330e+01
 2.01558638e+01
 4.80722772e+01
 3.53537046e+01
 1.50329550e+02
 8.62557935e+01
 2.46480960e+01
 3.06001662e+01
 6.88966022e+01
 1.18865760e+02
 5.93515470e+01
 4.18651636e+01
 7.52887769e+01
 1.14082193e+02
 8.08831803e+01
 2.43205295e+01
 7.76101200e+01
 7.01462465e+01
 1.39440283e+02
 1.01559976e+02
 6.09699799e+01
 4.06289325e+01
 8.51261885e+01
 8.43127725e+01
 7.72701142e+01
 4.63925001e+01
 4.03304493e+00
 1.83886129e+02
 4.74395968e+01
 6.00272280e+01
 3.95993537e+01
 8.22817800e+01
 2.54404715e+01
 3.12469802e+01
 5.25913713e+01
 1.76600433e+02
 3.35552031e+01
 6.20358434e+01
 2.21712489e+01
 8.16236520e+01
 7.36344810e+01
 5.73023776e+01
 6.49288840e+01
 3.91013276e+01
 3.59083773e+01
 8.11170403e+01
 7.99622624e+01
 5.45676707e+01
 3.57946385e+01
 5.80808199e+01
 1.13667648e+02
 1.36519420e+02
 1.46409126e+02
 1.24080488e+02
 1.88348455e+01
 6.26759824e+01
 1.42545564e+02
 9.01807621e+01
 1.89330031e+02
 1.18508147e+02
 5.13475055e+01
 1.06994423e+02
 5.46137597e+01
 1.04535379e+02
 4.51426915e+01
 9.40927776e+01
 1.74866709e+02
 2.21235108e+01
 1.29706080e+02
 5.22400232e+01
 3.95497511e+01
 5.25782082e+00
 8.19935926e+01
 2.40669240e+01
 5.12222566e+01
 1.01679843e+01
 1.05364496e+02
 5.02638766e+01
 1.15980426e+02
 2.06150723e+01
 5.98378619e+01
 3.16287730e+01
 5.78187447e+01
 4.62345269e+01
 7.01333292e+01
 2.17808801e+01
 1.44394196e+01
 4.93464197e+01
 8.47220190e+01
 6.19573812e+01
 9.67612205e+01
 5.12387921e+01
 4.27252558e+01
 1.04773866e+02
 2.54906489e+01
 8.52176456e+01
 6.58291092e+01
 5.44629495e+01
 1.70691577e+02
 3.74531765e+01
 6.01849579e+01
 3.82863654e+01
 1.50605061e+02
 2.07148262e+01
 5.52971550e+01
 1.56446372e+02
 5.99661899e+01
 1.21874530e+02
 1.14360990e+02
 4.48950630e+01
 7.72217695e+01
 4.33076587e+01
 7.89266463e+01
 4.16368253e+01
 1.74389486e+01
 2.26851431e+01
 1.42119703e+02
 6.85690627e+01
 2.97941532e+01
 2.63292900e+01
 1.58401276e+01
 5.26562146e+01
 1.07337727e+02
 3.45618198e+01
 6.27577878e+01
 8.22753251e+01
 5.08279867e+01
 2.64797124e+01
 5.73933548e+01
 2.35779263e+01
 6.24052750e+01
 4.81174130e+00
 4.03019592e+01
 3.06830657e+01
 9.69554176e+01
 1.17588020e+02
 8.34250976e+01
 1.68427383e+02
 1.39108433e+02
 5.28373525e+01
 2.09783054e+02
 9.45939099e+01
 2.48070094e+01
 1.16269101e+01
 2.56926341e+01
 1.20406555e+02
 3.79154630e+01
 5.56271547e+01
 8.43866318e+01
 1.04903213e+01
 6.49352127e+01
 7.71513743e+01
 3.44262711e+01
 1.69768570e+02
 1.03765279e+02
 5.76055459e+01
 2.83504801e+01
 1.50520911e+01
 6.21313534e+01
 4.11915671e+01
 5.32758600e+01
 4.99257391e+01
 7.52261975e+00
 9.78740882e+01
 5.87109302e+01
 4.73660104e+01
 8.91074772e+01
 5.80901765e+01
 8.87248387e+01
 8.16055408e+01
 3.13169077e+01
 1.73671605e+01
 1.20935017e+02
 4.79637844e+01
 6.36308566e+01
 5.96210650e+01
 5.82666244e+01
 7.03172854e+01
 3.26056361e+01
 3.39493853e+01
 6.16997202e+01
 7.83889343e+01
 3.31635323e+01
 3.91819055e+01
 2.95622223e+01
 1.44315859e+01
 1.09921728e+02
 8.20866864e+01
 9.19206303e+00
 5.79363875e+01
 3.23575634e+01
 4.57301258e+01
 2.05640603e+01
 1.06546877e+01
 1.42238198e+01
 3.90426933e+01
 5.55521374e+01
 9.05908163e+01
 6.63594584e+01
 6.19909818e+01
 6.66750589e+01
 6.95176520e+01
 4.68400211e+01
 5.93487067e+01
 4.98589204e+01
 2.69054110e+01
 8.26085145e+01
 3.91638299e-01
 3.26869015e+01
 1.09956942e+02
 6.23827135e+01
 2.86833509e+01
 5.58763990e+00
 3.14503659e+01
 1.05203148e+02
 4.46983279e+01
 7.11168409e+01
 5.02424132e+01
 2.95691088e+01
 1.17553477e+01
 8.56142444e+01
 1.31510970e+02
 2.77183333e+01
 4.46956434e+01
 1.75949672e+02
 7.62431541e+01
 9.60545908e+00
 8.54376253e+01
 1.28829799e+01
 1.26445527e+01
 1.31641651e+01
 3.66867164e+01
 3.95875733e+01
 8.15870084e+01
 9.01947155e+01
 5.12544653e+01
 6.19004167e+01
 1.82044833e+02
 4.67938913e+01
 6.39353993e+00
 2.72164948e+01
 1.56016948e+01
 1.99281315e+01
 4.57149140e+01
 5.29211652e+01
 4.05178381e+01
 7.02803607e+01
 1.14713282e+02
 8.86595881e+01
 6.58815463e+01
 6.88771488e+01
 2.96436842e+01
 7.82772404e+01
 4.00116267e+01
 5.60374793e+01
 1.32329371e+01
 1.61874392e+02
 7.03343254e+01
 5.13208168e+01
 1.51824905e+01
 1.09837704e+02
 1.62867984e+02
 1.83530330e+02
 8.36752153e+01
 1.96931400e+01
 2.39180661e+01
 6.92690007e+01
 3.90596455e+01
 3.31876803e+01
 4.37507670e+01
 2.27787850e+01
 1.84229195e+01
 7.87137544e+01
 1.73819954e+02
 4.51323225e+01
 2.32655178e+01
 1.03475434e+02
 4.17180566e+01
 3.92046355e+01
 3.54050891e+01
 1.14635945e+02
 1.25992216e+02
 1.21679465e+02
 3.93927208e+01
 2.61940200e+01
 7.21035925e+01
 4.93453589e+01
 1.20150779e+01
 7.87808522e+01
 6.98312572e+01
 3.35623746e+01
 9.40526262e+01
 1.00308383e+02
 2.37906874e+01
 2.43456872e+01
 4.53010845e+01
 1.49764850e+02
 3.59748433e+01
 3.28910360e+01
 7.21185836e+01
 1.02395854e+01
 3.61354426e+01
 8.88143760e+01
 6.95124992e+01
 5.27811688e+01
 1.24644409e+02
 6.38598446e+01
 3.86306991e+01
 4.99133486e+01
 3.37656848e+01
 1.29409650e+02
 3.72442161e+01
 1.74394102e+01
 1.29643132e+02
 1.02947509e+01
 1.84743795e+01
 8.78907555e+01
 8.21063931e+01
 8.20016411e+01
 7.09244415e+01
 6.13419745e+01
 5.28663749e+01
 9.94084643e+01
 6.11396713e+01
 9.43418238e+01
 8.66817894e+01
 6.07666530e+01
 7.82474586e+01
 3.52668299e+01
 1.05059233e+02
 2.31338330e+01
 1.47635144e+00
 1.20618075e+02
 5.49523185e+01
 7.28813045e+01
 6.77491180e+01
 8.25761841e+01
 6.23850274e+01
 2.40156641e+01
 8.58353258e+01
 5.22149325e+01
 1.38371760e+02
 2.83872076e+01
 2.43484107e+01
 5.27662393e+01
 4.40723611e+01
 6.68798330e+01
 2.84697438e+01
 7.41929660e+01
 2.20990582e+01
 6.80460506e+01
 5.63246935e+01
 1.53501049e+01
 7.55370733e+01
 8.38144078e+01
 3.24703858e+01
 1.20163566e+02
 1.97574039e+02
 5.60361701e+01
 5.93042888e+01
 3.55320947e+01
 8.60753655e+01
 2.71990702e+01
 3.02330229e+01
 4.72668851e+01
 1.79548193e+02
 5.75902138e+01
 4.45900042e+01
 1.03401823e+02
 4.78753712e+01
 1.25191196e+02
 1.60800751e+01
