 -5.22757568e+00
 -2.60959473e+00
 7.70491943e+00
 9.84291992e+00
 1.72018066e+01
 2.04868408e+01
 2.27728516e+01
 2.03728577e+01
 1.74184204e+01
 1.28901001e+01
 5.07433472e+00
 5.10186157e+00
 6.64758301e-01
 3.25939331e+00
 3.65377197e+00
 9.43465576e+00
 1.80913025e+01
 2.21125122e+01
 2.16619507e+01
 1.98864075e+01
 1.66295410e+01
 9.72036133e+00
 6.72933350e+00
 3.15148315e+00
 -5.22192993e+00
 1.06704102e+00
 3.34581909e+00
 1.10019165e+01
 1.74298645e+01
 2.22282654e+01
 2.38830811e+01
 2.19790588e+01
 1.36584717e+01
 1.40839783e+01
 4.93602905e+00
 1.63292847e+00
 -7.40722656e-02
 3.69942627e+00
 6.83587036e+00
 1.23266541e+01
 1.62105347e+01
 1.81834961e+01
 1.92193542e+01
 2.01571899e+01
 1.36552063e+01
 8.90477905e+00
 -1.16974487e+00
 3.43810425e+00
 -8.07470703e-01
 -1.50955811e+00
 7.88280640e+00
 1.07588745e+01
 1.70743042e+01
 1.99026123e+01
 2.09153687e+01
 2.13131042e+01
 1.63367554e+01
 1.12579590e+01
 7.55233154e+00
 2.69039307e+00
 7.24725342e-01
 -8.88311768e-01
 7.60796509e+00
 1.23518921e+01
 1.65845581e+01
 2.18880554e+01
 2.31739136e+01
 1.86425415e+01
 1.66841064e+01
 1.41375061e+01
 6.34240112e+00
 -4.55737915e+00
 -2.31604614e+00
 4.08370361e+00
 8.35131226e+00
 1.34276062e+01
 1.53177734e+01
 2.22496277e+01
 2.04475342e+01
 2.07666870e+01
 1.63456665e+01
 1.24383179e+01
 7.60173950e+00
 2.98995361e+00
 1.88735352e+00
 2.56078491e+00
 5.43224487e+00
 1.18999573e+01
 1.73505188e+01
 2.07590881e+01
 2.18275085e+01
 1.94303833e+01
 1.55297791e+01
 9.33678589e+00
 4.59707031e+00
 2.26485596e+00
 1.75576172e+00
 4.14901123e+00
 9.54653320e+00
 1.11651245e+01
 1.70544678e+01
 2.06344238e+01
 2.22359863e+01
 2.31290222e+01
 1.70222107e+01
 1.12707764e+01
 6.20385132e+00
 -1.61218872e+00
 -9.54382324e-01
 2.74086914e+00
 6.38457642e+00
 1.15571228e+01
 1.53652588e+01
 2.17363220e+01
 2.20510193e+01
 1.87690674e+01
 1.70579773e+01
 1.13630310e+01
 3.78902588e+00
 -8.28405762e-01
 -2.98398437e+00
 4.59283447e-01
 4.98418579e+00
 1.26910645e+01
 1.57141052e+01
 2.15156189e+01
 2.12838989e+01
 1.85436035e+01
 1.68615967e+01
 1.16507813e+01
 4.45717773e+00
 5.78247070e-02
 1.74065552e+00
 6.73186646e+00
 9.01702271e+00
 1.26884399e+01
 1.87065979e+01
 2.19430481e+01
 2.21048828e+01
 2.06524597e+01
 1.75594727e+01
 1.04151855e+01
 2.52227173e+00
 4.07342529e-01
 -1.13364258e+00
 2.74788818e+00
 5.44338379e+00
 1.43008057e+01
 1.55387817e+01
 2.04071594e+01
 2.11230713e+01
 1.86404663e+01
 1.72730652e+01
 1.10294434e+01
 5.99218140e+00
 -1.91150513e+00
 -5.24768677e+00
 2.38430176e+00
 1.05688110e+01
 1.33747803e+01
 1.92809692e+01
 2.16728149e+01
 2.19920288e+01
 2.20712219e+01
 1.97056824e+01
 1.22718750e+01
 6.55568848e+00
 3.05086670e+00
 -2.15811768e+00
 6.79577026e+00
 1.06402527e+01
 1.19523560e+01
 1.98889099e+01
 2.21269775e+01
 2.20132080e+01
 2.36090637e+01
 1.51617981e+01
 1.40583435e+01
 8.63680420e+00
 3.58098755e+00
 3.51149902e+00
 5.96270142e+00
 7.49642334e+00
 1.44831482e+01
 1.79146667e+01
 2.28078857e+01
 2.63560425e+01
 2.45900513e+01
 2.17761780e+01
 9.16579590e+00
 2.66665039e+00
 -8.30511475e-01
 3.17043457e+00
 -5.71386719e-01
 7.89745483e+00
 1.11554810e+01
 1.72093750e+01
 2.14605347e+01
 2.41540466e+01
 2.35892883e+01
 1.87457825e+01
 9.97673950e+00
 6.23656616e+00
 1.23369751e+00
 2.49126587e+00
 4.21245728e+00
 6.63598022e+00
 1.40818115e+01
 1.63209473e+01
 2.12773376e+01
 2.51182190e+01
 2.41714722e+01
 1.84241272e+01
 1.36157471e+01
 7.78588257e+00
 -1.48819580e+00
 3.84435425e+00
 -2.24213257e+00
 7.78954468e+00
 1.09712463e+01
 1.84445740e+01
 2.05782104e+01
 2.08399292e+01
 2.25391479e+01
 1.95430847e+01
 1.29550720e+01
 7.86861572e+00
 4.11644897e+00
 -1.13757935e+00
 4.31530151e+00
 9.01238403e+00
 1.29540649e+01
 1.77322632e+01
 2.42110840e+01
 2.43195740e+01
 2.51957031e+01
 1.95402771e+01
 1.54675232e+01
 8.48070679e+00
 2.59368286e+00
 1.66433105e+00
 6.48742065e+00
 1.16758972e+01
 1.14443909e+01
 1.96007629e+01
 2.00303894e+01
 2.51474243e+01
 2.40426880e+01
 1.53586975e+01
 1.12291504e+01
 4.44017944e+00
 -1.46619263e+00
 3.85195313e+00
 2.90053711e+00
 8.59923706e+00
 1.10657898e+01
 1.56523376e+01
 2.19071289e+01
 2.23797852e+01
 2.29052063e+01
 1.77143494e+01
 1.09032227e+01
 7.10784302e+00
 -3.28287354e+00
 2.64846191e+00
 2.43798218e+00
 7.21563110e+00
 9.33623657e+00
 1.72932678e+01
 2.28874146e+01
 2.41979614e+01
 2.24995361e+01
 1.70897156e+01
 9.44140015e+00
 3.33474121e+00
 1.66680298e+00
 -5.36292114e+00
 3.07116089e+00
 4.75347290e+00
 1.30441223e+01
 1.57777954e+01
 2.04480530e+01
 2.11769348e+01
 2.17757202e+01
 1.62529846e+01
 1.28051697e+01
 9.64760742e+00
 4.36528931e+00
 2.70742188e+00
 4.58687744e+00
 5.24318848e+00
 1.08829285e+01
 1.91812988e+01
 2.25680176e+01
 2.24408813e+01
 2.11969238e+01
 1.87497192e+01
 1.36085754e+01
 9.96575317e+00
 3.07985840e+00
 3.57207642e+00
 4.22362671e+00
 1.01003662e+01
 1.25371948e+01
 1.78034302e+01
 2.36285034e+01
 2.25610291e+01
 2.27453857e+01
 1.60832764e+01
 9.76384888e+00
 8.97655640e+00
 1.99120483e+00
 2.14776001e+00
 9.79494629e+00
 1.13294312e+01
 1.38427979e+01
 1.65678650e+01
 2.30804382e+01
 2.17054382e+01
 2.42874695e+01
 1.96660095e+01
 1.19514099e+01
 8.67601929e+00
 2.49904785e+00
 -4.93924561e+00
 -1.86032715e+00
 6.25203857e+00
 1.55061279e+01
 1.56430298e+01
 2.45246216e+01
 2.51692749e+01
 2.37204224e+01
 1.78897034e+01
 1.25073181e+01
 1.04244385e+00
 1.73577881e-01
 1.41290283e-01
 5.55971680e+00
 8.03594360e+00
 1.07441650e+01
 1.97199951e+01
 2.20790955e+01
 2.38026672e+01
 2.32883240e+01
 1.55082642e+01
 1.02066589e+01
 8.29619751e+00
 2.07064209e+00
 2.67272949e-02
 2.73253784e+00
 8.33498535e+00
 1.46874329e+01
 1.73318726e+01
 2.05610596e+01
 2.34506165e+01
 2.15807434e+01
 2.00576721e+01
 1.42025696e+01
 5.19359741e+00
 -3.02631226e+00
 -5.48795166e+00
 6.07286987e+00
 8.90917358e+00
 1.21655518e+01
 1.86281677e+01
 1.96881348e+01
 2.38363586e+01
 2.17570129e+01
 1.98369385e+01
 1.24680420e+01
 4.27150879e+00
 -3.86142578e+00
 -5.72391357e+00
 5.43901978e+00
 7.61007080e+00
 1.27380310e+01
 1.69176270e+01
 2.22446838e+01
 2.43242432e+01
 2.22187744e+01
 1.41884705e+01
 9.60054932e+00
 8.12722168e+00
 4.76366577e+00
 -2.01752319e+00
 -5.80511475e-01
 6.72591553e+00
 1.15888611e+01
 1.55822693e+01
 2.21262451e+01
 2.45186096e+01
 2.16026245e+01
 1.65750061e+01
 1.43369690e+01
 5.28072510e+00
 -2.86749268e-01
 -4.57525635e-01
 5.49019775e+00
 8.93093262e+00
 9.21535645e+00
 1.61627747e+01
 1.92735229e+01
 2.35165039e+01
 2.15962158e+01
 1.83158203e+01
 1.09894653e+01
 3.96007690e+00
 -4.10986328e-01
 5.05916748e+00
 1.99609375e-01
 8.32470093e+00
 1.17137085e+01
 1.83732849e+01
 2.23255554e+01
 2.40383850e+01
 2.09782959e+01
 1.74550415e+01
 1.27914063e+01
 3.55751953e+00
 -2.86774292e+00
 -5.94220581e+00
 1.80468140e+00
 9.02419434e+00
 1.46806885e+01
 1.75198608e+01
 1.96961609e+01
 2.35107666e+01
 2.27959229e+01
 1.94189697e+01
 1.13720642e+01
 7.72426758e+00
 3.33037720e+00
 1.19667969e+00
 3.85601196e+00
 6.20006714e+00
 1.19125305e+01
 1.75566956e+01
 2.01746765e+01
 2.26415649e+01
 2.24550415e+01
 1.75501343e+01
 1.01805664e+01
 3.57216797e+00
 2.78753052e+00
 -4.57769775e-01
 1.77166138e+00
 8.08590088e+00
 1.13666931e+01
 1.77625061e+01
 1.92566467e+01
 2.18844849e+01
 2.23936401e+01
 2.01585022e+01
 1.29005981e+01
 7.95525513e+00
 3.30886230e+00
 5.01564941e+00
 3.35170898e+00
 9.51436768e+00
 1.52700439e+01
 1.91118103e+01
 2.30994507e+01
 2.57562805e+01
 2.52999817e+01
 2.06014038e+01
 1.56148010e+01
 8.10000000e+00
 7.11571655e+00
 5.32723389e+00
 7.50045166e+00
 9.45522461e+00
 1.24844910e+01
 1.82616211e+01
 2.43277527e+01
 2.43031555e+01
 2.31401001e+01
 1.77300049e+01
 1.09231812e+01
 5.64586792e+00
 1.29891357e+00
 5.63289795e+00
 5.71651611e+00
 7.52150879e+00
 1.27172485e+01
 1.58559814e+01
 2.18383118e+01
 2.20198608e+01
 2.30972839e+01
 1.95762878e+01
 9.34258423e+00
 8.06179199e+00
 2.99959717e+00
 -1.28515625e-01
 1.06697998e+00
 9.25469360e+00
 1.05107361e+01
 1.52671143e+01
 2.35009399e+01
 2.21650330e+01
 2.55251099e+01
 1.97639709e+01
 1.25438171e+01
 9.74923096e+00
 2.35277710e+00
 -5.31577148e+00
 3.30483398e+00
 5.44963989e+00
 1.02097107e+01
 1.68740479e+01
 2.27874084e+01
 2.24371277e+01
 2.23559204e+01
 1.84378601e+01
 1.28128906e+01
 6.09301147e+00
 3.68377075e+00
 5.99767456e+00
 5.49672852e+00
 7.50954590e+00
 1.23109985e+01
 1.73420959e+01
 2.32754456e+01
 2.54739929e+01
 2.34717346e+01
 2.09341370e+01
 1.42589966e+01
 8.90078125e+00
 -4.39855957e-01
 2.90161133e-02
 4.24364624e+00
 1.04653564e+01
 1.36301819e+01
 1.99887024e+01
 2.06529785e+01
 2.54943481e+01
 2.70577026e+01
 2.20948425e+01
 1.03002258e+01
 7.91655884e+00
 2.29207764e+00
 -6.04749146e+00
 1.77346191e+00
 6.70620117e+00
 1.53885437e+01
 1.63851257e+01
 2.42942139e+01
 2.53712402e+01
 2.21727844e+01
 1.85954834e+01
 1.53590027e+01
 7.21459351e+00
 2.48778687e+00
 3.39888916e+00
 2.83760986e+00
 9.89162598e+00
 1.22567688e+01
 1.67531677e+01
 2.38374268e+01
 2.28895813e+01
 2.26090027e+01
 1.87853333e+01
 1.41975342e+01
 4.19411621e+00
 4.24904785e+00
 5.71306763e+00
 5.26088867e+00
 1.04814392e+01
 1.08430420e+01
 2.12589355e+01
 2.20001770e+01
 2.33719421e+01
 2.53401733e+01
 2.20248657e+01
 1.44077393e+01
 9.77651367e+00
 4.12633667e+00
 -7.15198364e+00
 5.15416870e+00
 1.19104858e+01
 1.50584351e+01
 2.06942078e+01
 2.36794678e+01
 2.61466614e+01
 2.64723450e+01
 1.75725952e+01
 1.49501892e+01
 3.45647583e+00
 -6.87463989e+00
 5.13851318e+00
 6.08175049e+00
 8.60796509e+00
 1.39404846e+01
 1.87992188e+01
 2.11209656e+01
 2.40694824e+01
 2.43007751e+01
 2.03359619e+01
 1.11721741e+01
 7.91433105e+00
 6.93773804e+00
 3.70711670e+00
 8.32790527e+00
 9.48793945e+00
 1.53346191e+01
 1.91185547e+01
 1.94736877e+01
 2.35759216e+01
 2.31423279e+01
 2.11074768e+01
 1.51812378e+01
 7.70812378e+00
 -2.16013184e+00
 3.50244141e-01
 5.36037598e+00
 8.44609985e+00
 1.37575012e+01
 1.62089478e+01
 2.20193726e+01
 2.36306396e+01
 2.15384460e+01
 1.63364502e+01
 1.42514587e+01
 9.32708130e+00
 4.54476318e+00
 3.04528198e+00
 3.12972412e+00
 6.71273193e+00
 1.27574097e+01
 1.49448792e+01
 2.04514404e+01
 2.49188782e+01
 2.28297363e+01
 1.94391113e+01
 1.34775330e+01
 7.23513184e+00
 4.95821533e+00
 3.12731323e+00
 8.22823486e+00
 1.26468140e+01
 1.38521057e+01
 1.70249878e+01
 2.48229004e+01
 2.71087280e+01
 2.71848694e+01
 2.30159241e+01
 1.53059021e+01
 8.42623291e+00
 3.08553467e+00
 4.58297119e+00
 8.82775269e+00
 8.15126953e+00
 1.38271729e+01
 1.85742737e+01
 2.48945557e+01
 2.67326294e+01
 2.51480652e+01
 2.00215393e+01
 1.33732849e+01
 5.20876465e+00
 1.23925781e-01
 1.06066284e+00
 4.64663086e+00
 8.47133789e+00
 1.11363770e+01
 1.76027161e+01
 2.44725281e+01
 2.47468201e+01
 2.54244324e+01
 1.87852112e+01
 1.57379089e+01
 6.86455688e+00
 4.31871948e+00
 1.81597290e+00
 4.81166992e+00
 9.91005859e+00
 1.21357666e+01
 1.77768799e+01
 2.26942688e+01
 2.35681396e+01
 2.11840149e+01
 1.54423462e+01
 1.28211609e+01
 7.55043945e+00
 4.63128052e+00
 3.46172485e+00
 2.20308838e+00
 1.01420837e+01
 1.39841553e+01
 1.83237854e+01
 2.04235474e+01
 2.15524536e+01
 1.94600464e+01
 1.86928040e+01
 1.08775269e+01
 9.71056519e+00
 -2.85467529e-01
 2.81612549e+00
 8.24843750e+00
 6.98916016e+00
 1.36539856e+01
 1.78961426e+01
 2.28270203e+01
 2.47223450e+01
 2.24418579e+01
 1.72739197e+01
 1.10104309e+01
 7.95754395e+00
 -5.71875000e-01
 -4.22629395e+00
 4.26821289e+00
 8.81109009e+00
 1.16457153e+01
 1.52246948e+01
 2.24220215e+01
 2.42818848e+01
 2.33787170e+01
 1.91260620e+01
 1.26848083e+01
 4.70855103e+00
 6.32189331e+00
 5.17638550e+00
 9.17083130e+00
 9.41228638e+00
 1.55201660e+01
 1.94074341e+01
 2.03013550e+01
 2.25138489e+01
 2.29793030e+01
 1.91509338e+01
 1.12108093e+01
 6.20925293e+00
 5.08666992e-02
 6.77941284e+00
 3.40044556e+00
 7.71947632e+00
 1.19714600e+01
 1.64666077e+01
 2.27321411e+01
 2.58548523e+01
 2.23066956e+01
 2.00711304e+01
 1.36719604e+01
 1.22809387e+01
 4.12377319e+00
 4.74221191e+00
 4.31887207e+00
 6.88826904e+00
 1.41241699e+01
 1.91557251e+01
 2.33193604e+01
 2.34101807e+01
 2.23684021e+01
 1.97822205e+01
 1.10901428e+01
 4.35674438e+00
 2.55184326e+00
 -4.07282104e+00
 9.80767212e+00
 9.54165039e+00
 1.25276123e+01
 2.07542969e+01
 2.46377197e+01
 2.50191895e+01
 2.34267822e+01
 2.02304321e+01
 1.59093872e+01
 7.75731812e+00
 4.71193848e+00
 7.76055908e-01
 5.67183838e+00
 8.10747681e+00
 1.31600891e+01
 1.80574280e+01
 2.31984497e+01
 2.62976013e+01
 2.40477539e+01
 1.63756348e+01
 1.23570496e+01
 7.66878662e+00
 -4.07675781e+00
 -2.40048828e+00
 2.61016235e+00
 8.58941040e+00
 1.29999329e+01
 1.90402466e+01
 2.28130737e+01
 2.46841064e+01
 2.71154114e+01
 2.40129333e+01
 1.41878601e+01
 4.05965576e+00
 -2.89661255e+00
 -7.85253906e-01
 4.54689941e+00
 1.27757202e+01
 1.45005127e+01
 1.66932922e+01
 2.08511902e+01
 2.31768433e+01
 2.29768005e+01
 1.90822998e+01
 8.95913086e+00
 9.10595093e+00
 8.49898682e+00
 1.73089600e-01
 6.17925415e+00
 1.16326538e+01
 1.41776672e+01
 1.72595764e+01
 2.29632202e+01
 2.45132690e+01
 2.50203491e+01
 2.16094910e+01
 1.77846008e+01
 6.74746094e+00
 7.02785645e+00
 6.86477051e+00
 8.69237671e+00
 1.07846008e+01
 1.17258545e+01
 1.74470764e+01
 2.35729919e+01
 2.59630676e+01
 2.44760986e+01
 1.98838440e+01
 1.47644287e+01
 6.66018066e+00
 4.62810669e+00
 1.12172852e+00
 2.33492432e+00
 6.28362427e+00
 1.28067566e+01
 2.07458435e+01
 2.66748291e+01
 2.47105042e+01
 2.32477661e+01
 2.24601990e+01
 1.50469604e+01
 5.44381104e+00
 2.68636475e+00
 3.17781982e+00
 7.22213135e+00
 1.16492554e+01
 1.60873352e+01
 2.09554688e+01
 2.30647827e+01
 2.72495056e+01
 2.78828064e+01
 2.19829651e+01
 1.25757385e+01
 6.13353882e+00
 7.63494263e+00
 1.55056152e+00
 8.41188965e+00
 1.09527832e+01
 1.56596313e+01
 2.11607910e+01
 2.40836426e+01
 2.33397156e+01
 2.39361511e+01
 2.37520081e+01
 1.35757385e+01
 6.83236084e+00
 6.37703857e+00
 4.32393799e+00
 4.77831421e+00
 1.16050354e+01
 1.26450134e+01
 1.82288757e+01
 2.50984131e+01
 2.49576355e+01
 2.59873291e+01
 1.72745300e+01
 1.57958923e+01
 1.27729431e+01
 4.71785889e+00
 5.17171631e+00
 6.78865967e+00
 6.96102295e+00
 1.02150208e+01
 1.87770020e+01
 2.23266541e+01
 2.53826538e+01
 2.21571289e+01
 2.32312561e+01
 1.62578674e+01
 8.20913086e+00
 -3.37774658e-01
 1.93450317e+00
 2.89150391e+00
 7.09609375e+00
 1.34837585e+01
 1.74096924e+01
 2.08439575e+01
 2.38430420e+01
 2.33008362e+01
 1.72602783e+01
 1.25425659e+01
 8.34539185e+00
 9.08776855e-01
 1.36806641e+00
 4.94640503e+00
 8.96145020e+00
 1.22485291e+01
 2.09374023e+01
 2.36297546e+01
 2.51105896e+01
 2.46626221e+01
 1.68848206e+01
 1.44204346e+01
 6.20168457e+00
 3.60274658e+00
 1.52834473e+00
 5.77700195e+00
 1.25420471e+01
 1.42799011e+01
 2.27876526e+01
 2.26984497e+01
 2.69220215e+01
 2.59310242e+01
 2.32951904e+01
 1.45940186e+01
 7.18129883e+00
 2.15807495e+00
 -5.02036133e+00
 6.27004395e+00
 7.90374146e+00
 1.62965027e+01
 1.63421570e+01
 2.41597229e+01
 2.63346802e+01
 2.33269287e+01
 1.81788879e+01
 1.19525085e+01
 8.90996704e+00
 1.60765991e+00
 4.01986084e+00
 4.25164185e+00
 9.23336182e+00
 1.44841553e+01
 2.10149170e+01
 2.29497925e+01
 2.48833557e+01
 2.42914978e+01
 2.31963440e+01
 1.49908081e+01
 8.11400757e+00
 1.72326660e-01
 2.56972656e+00
 3.04268799e+00
 1.07986694e+01
 1.40250793e+01
 1.96328979e+01
 2.54286438e+01
 2.78508850e+01
 2.69457336e+01
 2.18561646e+01
 1.58399902e+01
 6.25097046e+00
 1.62770996e+00
 3.20693359e+00
 4.28011475e+00
 8.93117676e+00
 1.34989258e+01
 1.79659668e+01
 2.25247131e+01
 2.84999634e+01
 2.48597656e+01
 2.12944275e+01
 1.63545471e+01
 1.18110901e+01
 3.79595337e+00
 6.74166260e+00
 5.91597900e+00
 1.11167236e+01
 1.46509949e+01
 1.69290710e+01
 2.76719910e+01
 2.52440125e+01
 2.20431763e+01
 1.98437134e+01
 1.39562622e+01
 5.94338379e+00
 3.77663574e+00
 3.98778687e+00
 8.16338501e+00
 1.05252930e+01
 1.50465027e+01
 2.10199219e+01
 2.30783325e+01
 2.90787292e+01
 2.48477417e+01
 2.02237793e+01
 1.42579895e+01
 8.46865234e+00
 6.98137817e+00
 6.21755371e+00
 5.23137817e+00
 1.15638062e+01
 1.54515015e+01
 2.09641357e+01
 2.51916443e+01
 2.48381287e+01
 2.43232666e+01
 1.80849243e+01
 1.46643616e+01
 7.66561279e+00
 2.02361450e+00
 1.46816406e+00
 5.18471680e+00
 9.15740356e+00
 1.38363586e+01
 2.01048828e+01
 2.48617493e+01
 2.71032654e+01
 2.40510193e+01
 2.06747681e+01
 1.71205994e+01
 3.25618896e+00
 4.24840698e+00
 2.41423950e+00
 1.08294067e+00
 6.42006836e+00
 1.27807861e+01
 1.96567322e+01
 2.38547302e+01
 2.49770142e+01
 2.46687866e+01
 2.19226929e+01
 1.56039063e+01
 1.13707825e+01
 2.77315674e+00
 4.00924072e+00
 5.44625244e+00
 1.18287903e+01
 1.19577881e+01
 1.86834656e+01
 2.50300232e+01
 2.46987549e+01
 2.45023438e+01
 1.82959229e+01
 1.40613647e+01
 9.08870850e+00
 2.88750610e+00
 5.35512695e+00
 9.15438232e+00
 1.03851868e+01
 1.60921265e+01
 2.23337646e+01
 2.71915527e+01
 2.81346985e+01
 2.60173584e+01
 2.38340088e+01
 1.58824097e+01
 5.68691406e+00
 3.59929810e+00
 3.28389893e+00
 1.15515686e+01
 8.61531982e+00
 1.41370178e+01
 1.77495972e+01
 2.46117493e+01
 2.55009094e+01
 2.84533630e+01
 2.00302368e+01
 1.63052917e+01
 1.11563965e+01
 4.42870483e+00
 8.20366821e+00
 5.61153564e+00
 1.03171021e+01
 1.61320435e+01
 2.31842285e+01
 2.49124084e+01
 2.77609497e+01
 2.61032654e+01
 2.04177490e+01
 1.36526428e+01
 6.33547363e+00
 5.88692627e+00
 2.99019775e+00
 3.91832886e+00
 1.17454773e+01
 1.51867615e+01
 1.75843750e+01
 2.52459656e+01
 2.76386047e+01
 2.68758179e+01
 2.36671082e+01
 1.40431152e+01
 8.90398560e+00
 6.17714844e+00
 2.74184570e+00
 7.18282471e+00
 1.14607788e+01
 1.85253845e+01
 2.16654907e+01
 2.48554932e+01
 2.80383545e+01
 2.68728882e+01
 2.39137817e+01
 1.79739624e+01
 7.33629761e+00
 6.19222412e+00
 4.20729980e+00
 5.53542480e+00
 1.42278381e+01
 1.59499756e+01
 2.19491821e+01
 2.81475769e+01
 2.71694275e+01
 2.69253174e+01
 2.13243958e+01
 1.64140259e+01
 1.05968872e+01
 5.55611572e+00
 4.10042725e+00
 5.80397949e+00
 9.59420166e+00
 1.49895569e+01
 2.22702271e+01
 2.38883301e+01
 2.70877930e+01
 2.29985901e+01
 2.08941284e+01
 1.44717651e+01
 9.12218628e+00
 1.91311035e+00
 -1.51022949e+00
 5.25042114e+00
 8.59725342e+00
 1.38561340e+01
 1.96632935e+01
 2.24347168e+01
 2.60454346e+01
 2.70718628e+01
 2.08065735e+01
 1.40821777e+01
 1.22000366e+01
 9.74660645e+00
 3.70061646e+00
 6.77568970e+00
 1.09266907e+01
 1.43610168e+01
 1.83518616e+01
 2.40757996e+01
 2.60779053e+01
 2.45429932e+01
 2.17084595e+01
 1.38074890e+01
 1.30598999e+01
 1.05923401e+01
 7.00090942e+00
 6.60375366e+00
 1.13102661e+01
 1.49113708e+01
 1.72647034e+01
 2.31468445e+01
 2.57336365e+01
 2.59990173e+01
 2.29958435e+01
 1.64714905e+01
 6.56270752e+00
 3.47088013e+00
 5.37008057e+00
 6.45086060e+00
 1.40708252e+01
 1.38817993e+01
 2.04865051e+01
 2.73773132e+01
 2.70756775e+01
 2.83049561e+01
 2.26711365e+01
 1.81075684e+01
 1.04276367e+01
 3.92150269e+00
 3.33007202e+00
 2.52620850e+00
 6.63143311e+00
 1.45320068e+01
 2.26195923e+01
 2.22142578e+01
 2.60705200e+01
 2.42227112e+01
 2.02005249e+01
 1.51681458e+01
 8.98851929e+00
 8.88146973e-01
 5.26812134e+00
 5.16332397e+00
 9.87517700e+00
 1.40885254e+01
 1.78126770e+01
 2.67464844e+01
 2.70193115e+01
 2.76555115e+01
 2.39528442e+01
 1.82410828e+01
 1.45430542e+01
 3.89574585e+00
