 6.59539683e+01
 6.51145866e+01
 5.56096560e+01
 8.64554661e+01
 5.13588524e+01
 6.94897785e+01
 1.95021304e+01
 7.15224041e+01
 5.53537658e+01
 1.14001379e+02
 8.83472690e+01
 2.58799667e+01
 1.91138322e+01
 7.12974287e+01
 6.74638732e+01
 1.36938370e+02
 7.36597569e+01
 3.40051528e+01
 4.35778453e+01
 1.43512226e+02
 4.72793198e+01
 3.26753111e+01
 8.26890034e+01
 5.24679979e+01
 3.62191098e+01
 4.44268059e+01
 5.13949927e+01
 8.03931216e+01
 1.02627563e+02
 8.63147004e+01
 2.77384716e+01
 2.67623288e+01
 1.30882890e+02
 4.39880612e+01
 9.95794520e+01
 6.03982240e+01
 1.60444694e+01
 2.94353746e+01
 1.23769146e+02
 8.88813544e+01
 1.18746835e+02
 3.54254901e+01
 6.13419706e+01
 5.02850701e+00
 4.20274435e+01
 2.16606317e+02
 8.61500212e+01
 1.20693854e+02
 7.32222286e+01
 4.31234661e+01
 5.00434223e+01
 1.43613452e+02
 1.08896322e+02
 5.64660816e+01
 4.27164497e+01
 9.82914123e+01
 1.09704472e+02
 4.08583492e+01
 3.65308963e+01
 9.92729314e+01
 1.95822391e+01
 3.48558544e+01
 1.21010338e+02
 1.30265164e+02
 3.51324339e+01
 5.63793477e+01
 5.14305338e+01
 3.22826050e+01
 2.46449304e+01
 9.10524570e+01
 7.74743601e+01
 5.52461916e+01
 5.40786164e+01
 2.22053302e+01
 1.84604569e+01
 9.78921497e+01
 9.70694512e+01
 3.86048869e+01
 4.02027778e+01
 1.01180497e+02
 2.74186216e+01
 9.13976856e+01
 4.08733874e+01
 3.26415823e+01
 6.61664013e+01
 6.70772092e+01
 5.11079989e+01
 5.14172160e+01
 9.29322622e+01
 1.07504660e+02
 4.61616664e+01
 1.14931606e+02
 5.58709392e+01
 1.56218348e+01
 6.30284894e+01
 8.31465895e+00
 4.48261686e+01
 2.64670245e+01
 5.02153886e+01
 3.53460595e+01
 3.01970146e+01
 5.53674718e+01
 5.16180515e+01
 3.29014660e+01
 8.63568792e+01
 5.20195612e+01
 9.49597294e+01
 4.05936886e+01
 4.30346193e+01
 4.68860293e+01
 4.38492049e+01
 1.11407824e+02
 7.96471977e+01
 3.85821756e+01
 3.87200902e+01
 1.50537618e+01
 4.38744838e+01
 3.70363116e+01
 6.09718375e+01
 5.53854815e+01
 1.51927107e+01
 3.88121430e+01
 3.61226787e+01
 9.88843365e+01
 1.19220840e+02
 8.95384967e+01
 8.79033058e+01
 1.09655289e+01
 3.24094783e+01
 4.32587402e+01
 5.96331503e+00
 4.74899049e+01
 4.52633997e+01
 3.60943639e+01
 4.56299627e+01
 1.11181069e+02
 7.09872998e+01
 6.41446855e+01
 6.87645607e+01
 4.59115437e+01
 2.11815316e+01
 1.37541620e+01
 3.77947204e+01
 8.58529909e+01
 3.89983607e+01
 2.90119497e+01
 7.52855614e+01
 3.40109685e+01
 1.22984874e+02
 8.42400568e+01
 6.25183105e+01
 2.71608617e+01
 7.41488887e+01
 6.46731926e+01
 1.38409252e+02
 3.99189654e+01
 6.07239452e+01
 3.28270813e+01
 2.82388898e+01
 3.00057002e+01
 5.87135611e+01
 6.94717254e+01
 3.49991876e+01
 2.74136152e+01
 2.70440078e+01
 7.22098114e+01
 5.64165147e+01
 8.97525442e+01
 1.58037838e+01
 2.11725815e+01
 2.61780564e+01
 2.43082521e+01
 1.47791638e+02
 8.31120549e+01
 4.51228820e+01
 3.27446735e+01
 2.25229452e+01
 6.66375657e+01
 1.99043622e+01
 4.40241285e+01
 3.22553146e+01
 9.93629807e+01
 9.10371200e+01
 5.65231121e+01
 1.32649579e+02
 3.02875686e+01
 6.25120013e+01
 2.14216410e+01
 4.89703232e+01
 4.48733099e+01
 2.25108576e+00
 3.24241409e+01
 3.52514077e+01
 7.66276577e+00
 4.35999202e+01
 3.68491443e+01
 7.13882297e+01
 2.43117104e+01
 7.24258838e+01
 7.51884628e+01
 2.13354851e+02
 8.34949618e+01
 8.79445856e+01
 1.21479892e+01
 6.60721285e+01
 1.74213375e+01
 1.45354800e+02
 1.75641228e+02
 1.27167343e+02
 8.79005492e+01
 5.14715072e+01
 6.64101660e+01
 1.53744923e+01
 6.21280648e+01
 5.56636757e+01
 2.80487486e+01
 2.77433752e+01
 2.39810241e+01
 4.38689607e+01
 6.42623485e+01
 7.84822534e+01
 9.87096902e+01
 9.51396595e+01
 1.46089202e+02
 1.31304706e+02
 8.53051464e+01
 3.83902117e+01
 3.31878727e+01
 6.59902012e+01
 4.69078073e+01
 7.63587175e+01
 1.47860817e+02
 1.42297670e+02
 1.02734129e+02
 6.54435259e+01
 4.35654461e+01
 1.33624626e+01
 4.39615917e+01
 1.27244406e+02
 2.11582081e+01
 8.50495720e+01
 6.72484546e+01
 7.98718106e+01
 8.61235050e+01
 1.13632414e+02
 1.01341211e+02
 1.18915649e+02
 1.39340670e+02
 6.29277384e+01
 4.73235365e+01
 3.94653888e+01
 9.05576196e+01
 7.34360793e+01
 4.20178758e+01
 4.44764091e+01
 9.61102870e+01
 6.07411043e+01
 2.83874865e+01
 4.32911925e+01
 6.40923014e+01
 9.23635700e+01
 1.93770008e+01
 6.57175873e+01
 1.99446183e+01
 5.10290192e+01
 2.41876583e+01
 4.21904122e+01
 5.99896131e+01
 9.16203449e+01
 7.06284076e+01
 3.76261088e+01
 4.18605839e+01
 1.56029583e+02
 9.57094864e+01
 3.48475309e+01
 5.31120933e+01
 4.29634056e+01
 9.14113931e+00
 5.60542584e+01
 1.08083036e+02
 8.25614902e+01
 4.13019599e+01
 1.65603879e+01
 2.84328117e+01
 1.15226942e+02
 4.01705472e+01
 5.24548679e+01
 2.32662876e+01
 4.84160831e+01
 6.22340066e+01
 7.40355620e+01
 1.18622820e+02
 9.86062690e+01
 4.28744987e+01
 5.15815116e+01
 4.27209563e+01
 7.14000540e+01
 7.93100322e+01
 3.57912494e+01
 1.14851963e+01
 3.63879727e+01
 4.71799562e+01
 7.32876934e+01
 5.62241123e+01
 1.12814282e+02
 1.15208148e+02
 3.20637434e+01
 3.97775684e+01
 6.82864573e+01
 1.28336336e+02
 1.27642535e+02
 8.84532355e+01
 3.88711411e+01
 7.02801741e+01
 4.98776093e+01
 4.78840191e+01
 2.68129438e+01
 5.42782398e+01
 3.50730152e+01
 5.85657062e+01
 4.38784207e+01
 3.94704776e+01
 2.78458833e+01
 7.46056959e+01
 2.82138747e+01
 8.93300274e+01
 4.78352699e+01
 5.20585683e+01
 3.00306340e+01
 7.29592970e+01
 7.08709861e+01
 9.74776551e+01
 1.88164374e+01
 3.25168377e+01
 6.90956949e+01
 1.48051483e+01
 3.12464515e+01
 5.16982611e+01
 3.25430270e+01
 5.16307408e+01
 3.65420735e+01
 3.34500463e+01
 2.80205959e+01
 4.33943811e+01
 1.08391555e+02
 3.48163178e+01
 2.16015208e+01
 3.67164197e+01
 2.82522391e+01
 1.84350343e+01
 4.72241968e+01
 8.90242324e+01
 6.02303453e+01
 3.90399587e+01
 1.01775386e+02
 4.94305825e+00
 9.27463486e+00
 3.38720792e+01
 3.21441188e+01
 4.63644577e+01
 6.45063175e+01
 3.23363970e+01
 9.11293076e+01
 7.11478489e+01
 1.35948573e+02
 3.08879610e+01
 4.64243149e+01
 6.83787777e+01
 1.35362960e+02
 1.16190594e+02
 5.50122997e+01
 2.67687841e+01
 4.57190469e+01
 2.78467768e+01
 3.30818584e+01
 3.21957838e+01
 1.49603908e+02
 1.09263354e+02
 3.60705388e+01
 4.53626615e+01
 9.47462706e+01
 5.14798090e+01
 5.58281334e+01
 4.95184956e+01
 7.76846126e+01
 6.26066981e+01
 7.45574681e+01
 7.54557049e+01
 4.18007998e+01
 4.57116184e+01
 6.39121404e+01
 5.39329685e+01
 6.57441471e+00
 2.54285606e+01
 9.10098224e+01
 7.34153686e+01
 4.65680578e+01
 4.38776148e+01
 6.02806339e+01
 9.64823618e+01
 9.50744139e+01
 3.02616230e+01
 3.86788343e+01
 5.23605658e+01
 7.98698802e+01
 1.23843746e+02
 3.01245796e+01
 6.27218131e+01
 4.98799381e+01
 1.07239012e+02
 6.22004868e+01
 1.31045806e+02
 1.06957020e+02
 8.16809088e+01
 4.35826393e+01
 2.02759289e+01
 3.14414078e+01
 2.61505175e+01
 9.16969887e+00
 1.32620164e+01
 2.41207332e+01
 5.11906547e+01
 8.01656642e+01
 7.19105277e+01
 9.26786269e+01
 6.67374454e+01
 1.37280007e+01
 3.17745037e+01
 8.35885440e+01
 8.34274264e+01
 4.73215929e+01
 9.00309974e+01
 3.28583149e+01
 1.73331977e+01
 7.03367685e+01
 1.05711397e+02
 1.29784094e+02
 6.97874062e+01
 9.13370477e+00
 3.79451030e+00
 1.02971058e+02
 8.70428359e+01
 5.33080759e+01
 7.02335653e+01
 3.44328125e+01
 2.17622924e+01
 1.06172670e+02
 5.17972871e+01
 2.35112045e+01
 1.08641186e+02
 4.07547270e+01
 5.19317097e+01
 2.94573194e+01
 3.84810513e+01
 3.67421579e+01
 6.23015463e+01
 1.12110339e+02
 7.41190948e+01
 6.02634309e+01
 6.63460540e+01
 1.16286533e+02
 1.03955003e+02
 5.25925452e+01
 1.99903114e+01
 2.74763616e+01
 1.81372838e+01
 7.72913920e+01
 7.33518233e+01
 5.14367602e+01
 5.38502548e+01
 1.01685692e+02
 5.66801580e+01
 7.73722845e+01
 5.69919538e+01
 9.63575866e+01
 2.40105144e+01
 8.47548964e+01
 1.18553885e+02
 3.88749824e+01
 3.91785169e+01
 7.09874459e+01
 4.93690329e+01
 7.18013884e+01
 9.05045917e+01
 1.25589640e+02
 9.25639216e+01
 7.78611927e+01
 1.35686699e+01
 6.37043024e+01
 2.09064923e+01
 1.05495514e+02
 9.26081878e+01
 3.43982458e+01
 3.17121444e+01
 5.18197320e+01
 1.04825086e+02
 1.12192646e+02
 5.53262407e+01
 3.88469371e+01
 5.75901894e+01
 1.00750104e+02
 5.60291920e+01
 8.49768230e+01
 1.16166380e+02
 4.36553731e+01
 2.37764526e+00
 4.98145512e+01
 8.25013159e+01
 1.03131794e+02
 5.30482988e+01
 5.34439775e+01
 8.61005655e+01
 9.23332914e+01
 4.45835147e+01
 2.71653838e+01
 6.11155648e+01
 5.55160847e+01
 2.33028763e+01
 2.51697292e+01
 2.51024495e+01
 2.67534301e+01
 4.18979462e+01
 1.98326760e+01
 2.32342032e+01
 7.13420099e+01
 3.04061785e+01
 9.22893021e+01
 1.18197468e+01
 1.00162000e+02
 1.33225299e+01
 7.35516622e+01
 4.52471850e+01
 3.91520060e+01
 5.82292076e+01
 1.10304714e+02
 1.43548712e+01
 6.58556137e+01
 5.41439643e+01
 7.26692319e+01
 4.85383552e+01
 9.33088859e+01
 4.33529565e+01
 6.39069424e-01
 1.84677905e+01
 6.54136363e+01
 5.12920658e+01
 4.34175327e+01
 4.97077769e+01
 8.21274495e+01
 1.44339488e+02
 3.70748050e+01
 7.14727586e+01
 6.40958336e+01
 6.77721889e+01
 4.10652768e+01
 5.12654177e+01
 7.18680127e+01
 2.81991012e+01
 3.38695993e+01
 3.59184258e+01
 1.17817707e+02
 6.04151931e+01
 3.68152518e+01
 4.18371302e+01
 5.82197955e+01
 5.11837240e+00
 3.75217461e+01
 6.11867014e+01
 9.95897661e+01
 3.72601918e+01
 2.96880923e+01
 2.49035729e+01
 4.58675894e+01
 1.85882356e+02
 1.71237543e+01
 4.14490087e+01
 7.87411261e+01
 6.89685570e+01
 1.93536336e+01
 6.53372757e+01
 7.71815806e+01
 4.85114674e+01
 4.20758037e+01
 6.84761248e+01
 4.68037075e+01
 4.34733754e+01
 2.51608826e+01
 4.13377034e+01
 1.82196946e+01
 4.74669039e+01
 3.24457555e+01
 4.99006374e+01
 3.81146516e+01
 1.06071779e+02
 5.47755338e+01
 3.95159040e+01
 4.09677876e+01
 2.67213992e+01
 1.16466147e+02
 5.67536751e+01
 7.09266046e+01
 6.81675209e+01
 5.35226502e+01
 5.79724479e+01
 8.06622165e+01
 5.80720768e+01
 1.08671383e+02
 5.23348271e+01
 3.16089560e+01
 1.89868241e+02
 2.96798683e+01
 6.87059215e+01
 4.06651605e+01
 2.75382534e+01
 4.17804106e+01
 2.87965255e+01
 7.58269359e+01
 1.12339633e+02
 1.06364923e+01
 3.90946019e+01
 4.03765443e+01
 6.99859810e+01
 1.01431151e+02
 6.24584923e+01
 1.80490912e+01
 5.71891292e+01
 1.22748027e+02
 7.56050092e+01
 5.63797116e+01
 5.29665909e+01
 4.51290451e+01
 2.12518841e+01
 2.61982633e+01
 5.18642912e+01
 1.91360315e+01
 1.79295125e+02
 1.12171594e+01
 7.20444883e+01
 2.58981879e+01
 8.69084189e+01
 9.56356954e+01
 1.17227657e+02
 7.09778969e+01
 5.65481847e+01
 3.04366795e+01
 6.37362863e+01
 1.88893683e+02
 2.33073048e+01
 3.41296413e+01
 3.00938037e+01
 7.72032463e+01
 5.96139834e+01
 1.34849249e+02
 1.50827969e+01
 3.65019113e+01
 2.04483190e+01
 8.06739328e+00
 8.55031242e+01
 3.95488034e+01
 7.39061281e+01
 2.24137420e+01
 2.88814617e+01
 9.43305793e+01
 7.02029988e+01
 9.17020188e+01
 1.41597046e+02
 4.05567735e+01
 2.21820598e+01
 1.63051754e+01
 1.71513239e+01
 1.64893380e+02
 4.13295039e+01
 3.07494510e+01
 9.55694160e+01
 7.60684839e+01
 1.14004078e+02
 4.36843419e+01
 8.41269766e+01
 6.46056572e+01
 3.62052831e+01
 3.76870928e+01
 3.82080109e+01
 5.80397850e+01
 4.84324384e+01
 7.73151021e+01
 4.87057941e+01
 7.17752502e+01
 1.39121530e+02
 2.22188808e+02
 5.20359466e+01
 1.74899780e+02
 3.27542956e+01
 6.27511401e+01
 3.11987427e+01
 2.50308973e+01
 5.80379342e+01
 5.46057501e+01
 1.36498776e+01
 2.79889353e+01
 4.83679200e+01
 3.55456583e+01
 3.93230389e+01
 4.39954130e+01
 6.82393026e+01
 1.78770587e+02
 6.96746321e+01
 4.04831983e+01
 7.05278037e+01
 7.20366466e+01
 2.54144867e+01
 3.98109025e+01
 7.58117776e+01
 1.22262905e+02
 8.21976908e+01
 1.06830378e+02
 9.16663084e+00
 4.16613754e+01
 8.04537347e+01
 5.09724293e+01
 2.31493722e+01
 7.73133823e+01
 1.17375949e+02
 3.58896616e+01
 1.25440931e+02
 2.94545344e+01
 7.74957842e+01
 1.71741382e+01
 5.87377066e+01
 7.14264712e+01
 1.29172519e+01
 7.17454382e+01
 3.89011501e+01
 3.67263074e+01
 3.14971954e+01
 3.05446305e+01
 7.82723953e+01
 9.78079364e+01
 5.42744161e+01
 4.92878560e+01
 1.22823511e+01
 3.28768326e+01
 2.68529939e+01
 1.07422971e+02
 4.72100632e+01
 4.18896307e+01
 2.16079141e+00
 3.19142564e+01
 3.31440285e+01
 7.69783556e+01
 1.02742552e+01
 3.35084929e+01
 2.12533871e+01
 4.21097124e+01
 9.75615116e+01
 3.84416928e+01
 9.50187369e+01
 2.23275396e+01
 2.87719157e+01
 8.21731068e+00
 2.63124657e+01
 1.24786262e+01
 8.39110943e+01
 4.84247991e+01
 6.55299354e+01
 5.50504096e+01
 7.26803961e+01
 1.14491590e+01
 1.12661945e+02
 8.98922556e+00
 5.35110468e+01
 3.15556957e+01
 8.47419966e+01
 1.17301678e+02
 1.79069426e+01
 8.73648154e+01
 2.06629566e+01
 3.90669110e+01
 6.60589692e+01
 4.09664627e+01
 9.48854590e+01
 2.35621167e+01
 3.60640687e+01
 3.66203248e+01
 8.29030846e+01
 6.58172118e+01
 2.31542526e+01
 6.42911416e+01
 3.72132571e+01
 3.58380110e+01
 8.97175536e+01
 8.91945317e+01
 2.21798431e+01
 3.78455136e+01
 4.53108354e+01
 7.98092057e+01
 7.83821327e+01
 1.18102613e+02
 7.86410565e+01
 8.53231338e+01
 2.15753788e+01
 1.25219674e+02
 5.58710767e+01
 4.24370388e+01
 3.43833814e+01
 5.81952797e+01
 9.56456502e+01
 6.18559890e+01
 1.19312503e+02
 8.44058664e+01
 8.01850848e+01
 6.45406553e+01
 5.04070475e+01
 5.35252170e+01
 1.15263719e+02
 1.40978650e+02
 4.98310916e+01
 7.68950301e+01
 3.78484953e+01
 7.45906707e+01
 2.35011220e+01
 8.19588358e+01
 4.55286975e+01
 6.32318267e+01
 9.45746266e+01
 7.04522289e+01
 7.32648000e+01
 4.40298560e+01
 3.36696288e+01
 7.00760590e+01
 3.23351693e+01
 3.80411114e+01
 9.52254189e+01
 1.24075866e+02
 6.24699576e+01
 3.20420339e+01
 2.34621875e+01
 7.96007394e+01
 8.33847283e+01
 8.48968785e+01
 1.28808158e+02
 9.03290945e+01
 9.60912360e+01
 2.28699763e+01
 1.62469014e+01
 1.84802744e+02
 9.51085668e+01
 1.33717432e+01
 8.01447780e+01
 1.26850907e+02
 2.04072726e+01
 4.84459455e+01
 3.26774499e+01
 3.77312144e+01
 4.84818087e+01
 5.20099585e+01
 4.01730951e+01
 2.77747995e+01
 9.70874713e+01
 3.52809416e+01
 2.52744330e+01
 2.78610580e+01
 1.14480431e+02
 3.84076188e+01
 5.46783670e+01
 4.57579009e+01
 1.16543876e+01
 7.80036543e+01
 2.93933511e+01
 6.71205106e+01
 1.03831598e+02
 5.01048580e+01
 9.89458169e+01
 2.24268666e+01
 5.69732699e+01
 1.12875373e+01
 7.02806969e+01
 2.49866694e+01
 1.29008572e+02
 4.67573148e+01
 1.30683274e+02
 4.53770484e+01
 5.17367017e+01
 8.16028499e+01
 8.99150248e+01
 4.52303908e+01
 7.92762889e+01
 9.08158182e+00
 5.09088713e+01
 4.05376803e+01
 1.59483859e+01
 5.26890640e+01
 8.25356303e+01
 5.47650590e+01
 3.58421459e+01
 1.48989485e+01
 5.81437634e+01
 1.16125360e+02
 8.04584800e+01
 7.38276350e+01
 4.87643713e+01
 4.62281300e+01
 3.05024604e+01
 6.51180532e+01
 1.03954532e+01
 7.46217929e+01
 7.94867539e+01
 2.54760746e+01
 5.83039103e+01
 7.35286823e+01
 1.16803109e+02
 1.27739566e+02
 5.08928230e+01
 4.95746744e+01
 4.41107929e+01
 1.89237896e+01
 8.21450546e+01
 1.21327260e+02
 7.81769108e+01
 5.36375949e+01
 6.65942197e+01
 6.74310992e+01
 2.58398971e+02
 1.89546547e+01
 8.89686424e+01
 1.98784093e+01
 2.88508365e+01
 7.70565850e+01
 7.41401899e+01
 2.82995216e+01
 2.27495749e+01
 2.03426019e+01
 1.29396228e+01
 1.31574224e+02
 6.40191486e+01
 6.61137312e+01
 2.28576818e+01
 1.28470369e+01
 5.39249665e+01
 8.34682925e+01
 6.12327699e+01
 5.46418613e+01
 3.31759361e+01
 2.37369015e+01
 3.00621095e+01
 4.76864051e+00
 5.08858073e+01
 3.30218699e+01
 4.11471700e+01
 2.23909972e+01
 7.80211846e+01
 6.13937841e+01
 1.60764932e+02
 4.63891636e+01
 1.97729880e+02
 3.73812868e+01
 1.14573298e+01
 5.28520679e+01
 8.40722623e+01
 7.64478069e+01
 7.97722712e+01
 3.87930311e+01
 3.27879983e+01
 8.06153870e+01
 8.99800302e+01
 6.85337847e+01
 3.65884053e+01
 1.44043425e+01
 8.17850912e+01
 8.02844544e+01
 1.38520426e+01
 5.80992624e+01
 9.74552050e+01
 3.61270318e+01
 7.02151260e+01
 1.12773786e+02
 4.49845318e+01
 1.26457856e+02
 4.28173504e+01
 7.39600707e+01
 3.11725826e+01
 1.73898447e+01
 5.87235048e+01
 1.06474613e+02
 4.41921144e+01
 2.54131870e+01
 4.31015604e+01
 5.74427876e+01
 1.47214312e+02
 6.64997617e+01
 6.36028394e+01
 3.85820012e+01
 4.40372926e+01
 4.15448062e+01
 9.31609725e+01
 1.60501178e+01
 8.25351133e+01
 5.57772521e+01
 9.50977793e+01
 1.07538676e+02
 1.89268021e+02
 9.19673956e+01
 7.17653536e+01
 3.94553331e+01
 1.59721522e+01
 1.35756166e+02
 6.98138149e+01
 5.41879746e+01
 3.78165301e+01
 7.38667138e+01
 4.67818166e+01
 6.35872134e+01
 6.97448314e+01
 1.46249481e+02
 6.92530238e+01
 1.59830447e+01
 2.95392630e+01
 6.35957330e+00
 3.89993059e+01
 4.86014686e+01
 7.29859424e+01
 1.53222591e+02
 3.22063007e+01
 4.75900144e+01
 9.91918937e+01
 6.87622660e+01
 9.82674588e+01
 2.57960736e+01
 6.67759349e+01
 4.74778939e+01
 1.95256438e+01
 3.18334216e+01
 4.12527750e+01
 3.45283107e+01
 6.41565363e+01
 5.70123724e+01
 1.19413486e+02
 1.43418187e+02
 1.07447676e+02
 3.33803282e+01
 3.13614425e+01
 1.14512778e+02
 1.03312427e+02
 3.68981831e+01
 2.44675257e+01
 2.27925824e+01
 3.73511465e+01
 4.44672206e+01
 9.79317636e+01
 1.14890993e+02
 2.48642779e+01
 7.09785789e+01
 4.23362208e+01
 5.04311773e+01
 1.82977973e+01
 5.43205129e+01
 5.28672421e+01
 9.17521417e+01
 5.39108453e+01
 3.92761221e+01
 1.01820859e+02
 4.89006017e+01
 5.57900612e+01
 1.03249988e+02
 6.94385603e+01
 1.52178622e+02
 1.08420174e+02
 8.13251850e+01
 5.53469977e+01
 2.08129868e+01
 7.07366511e+01
 6.79782132e+01
 1.07596108e+02
 1.82318872e+02
 9.28993622e+01
 5.08440447e+01
 5.54807141e+01
 2.80547899e+01
 8.89414641e+00
 1.60676011e+02
 7.32585151e+01
 4.08588218e+01
 4.97791286e+01
 6.12215547e+01
 4.30124308e+01
 6.26947493e+01
 1.17474091e+02
 8.20656492e+01
 2.73309084e+01
 3.98361505e+01
 1.68034886e+02
 3.52936448e+01
 5.76211801e+01
 6.01402331e+01
 5.02580790e+01
 7.72744113e+01
 6.25620051e+01
 1.61763087e+02
 1.44240627e+02
 1.36496476e+02
 8.65539229e+01
 7.28999045e+01
 2.68199570e+01
 6.30765994e+01
 3.52528157e+01
 8.10808123e+01
 3.05873966e+01
 6.52591702e+01
 9.04025630e+01
 4.52493148e+01
 4.30343547e+01
 5.73791060e+01
 7.34868210e+01
 3.73845711e+01
 2.76938637e+01
 6.33657641e+01
 9.30014444e+01
 8.66732767e+01
 8.44116511e+01
 7.07026397e+01
 4.07384870e+01
 6.36899586e+01
 3.95644401e+01
 3.14425780e+01
 7.79020004e+01
 1.34501816e+02
 8.72915213e+01
 4.50670694e+01
 1.21384486e+02
 1.36059673e+02
 2.71340015e+01
 3.13261572e+01
 9.42433124e+01
 3.00058576e+01
 1.00661711e+02
 1.86804914e+01
 6.39988861e+01
 5.91064754e+01
 1.02731144e+01
 2.52135354e+01
 5.75482660e+01
 1.09963851e+02
 5.26875065e+01
 9.08476681e+01
 7.18119643e+01
 4.04688343e+01
 4.83870197e+01
 1.38825473e+01
 2.28938831e+01
 9.23490955e+01
 2.25378947e+01
 7.07298659e+01
 9.04905227e+01
 1.00610027e+02
 9.76883532e+01
 9.42399897e+01
 6.43051261e+01
 9.20580242e+01
 8.26437883e+01
 3.42996613e+01
 9.72358781e+01
 4.44447538e+00
 2.98445804e+01
 4.23549066e+01
 5.76465875e+01
 8.23456809e+01
 2.92193255e+01
 4.92187956e+01
 1.05282263e+02
 1.96965860e+02
 1.19292956e+02
 6.07221669e+01
 2.02753869e+01
 1.17054670e+02
 6.45201393e+01
 3.79911493e+01
 2.25486813e+01
 5.22203404e+01
 5.89918245e+01
 3.84150969e+01
 9.35420960e+01
 9.48898048e+01
 3.22243863e+01
 1.66721692e+02
 1.05587794e+01
 3.92175990e+01
 1.61249346e+02
 6.76391690e+00
 5.29058379e+01
 6.55724386e+01
 6.35120040e+01
 8.15449464e+01
 1.09343742e+02
 4.98090215e+01
 1.66681895e+01
 5.23152661e+01
 3.85837527e+01
 5.89533616e+01
 8.80315168e+01
 2.37770427e+01
 4.56984092e+01
