 5.09699757e+01
 4.28501907e+01
 4.19453954e+01
 9.87379885e+01
 2.60590266e+01
 3.24456693e+01
 2.49896934e-01
 4.93754834e+00
 9.73459849e+01
 1.35658417e+02
 9.15368451e+01
 6.31357513e+01
 5.43191315e+01
 1.41602563e+01
 7.32840687e+01
 1.68720489e+01
 1.02532238e+02
 1.15754304e+02
 5.16550639e+01
 4.83006269e+00
 7.45692857e+01
 1.22276195e+02
 4.96043817e+01
 2.10404328e+01
 1.35000154e+02
 1.93542534e+01
 3.60139726e+01
 5.31559063e+00
 6.87805408e+01
 1.38025413e+00
 5.72119982e+00
 3.54566691e+01
 1.08743460e+02
 4.01109093e+01
 7.37261673e+01
 4.69004634e+01
 2.17070733e+01
 1.55334826e+01
 9.25582013e+01
 1.16696400e+02
 6.35102166e+01
 7.01512820e+01
 6.43899186e+00
 5.56995343e+00
 9.80308031e+01
 9.88695703e+01
 1.56932106e+01
 1.43943796e+02
 7.88614153e+01
 8.08466923e+01
 3.51587718e+01
 2.35194838e+01
 4.94029468e+01
 7.97452369e+00
 3.83974335e+01
 8.45806511e+00
 3.61148416e+01
 6.96209673e+01
 5.42372916e+01
 5.25443028e+01
 2.88322052e+00
 8.18258386e+01
 5.12491889e+01
 4.45359024e+01
 3.59638692e+01
 5.10158999e+01
 4.82572760e+01
 2.94354192e+01
 7.84433688e+01
 4.50433372e+01
 8.88489259e+01
 1.25429498e+02
 3.10000755e+01
 6.36497572e+01
 9.68511475e+01
 6.63558090e+01
 1.53560341e+01
 5.68359027e+01
 2.07438193e+01
 1.40488852e+01
 1.01076106e+02
 1.35621419e+02
 7.34058896e+01
 1.27806196e+02
 1.68595982e+02
 7.86777215e+01
 2.51395132e+01
 7.22993070e+01
 3.92542908e+01
 4.67139438e+00
 2.82497787e+01
 1.25903858e+01
 9.13984274e+01
 6.85568973e+01
 1.32889942e+02
 3.47071733e+01
 6.05007110e+01
 2.77676096e+01
 7.62750900e+01
 2.27022593e+01
 6.30083343e+01
 4.82001714e+01
 1.38812017e+00
 5.06398746e+01
 1.38758894e+02
 1.05949514e+02
 6.09646805e+01
 1.13648911e+02
 2.61185768e+01
 3.93446870e+01
 6.82360287e+01
 1.17838981e+02
 6.49321969e+01
 1.07394995e+01
 5.83222290e+01
 9.82681535e+01
 8.28287130e+01
 8.20279400e+01
 1.22201371e+01
 1.89173647e+01
 5.36434364e+01
 4.66279488e+01
 2.08003562e+01
 4.39037582e+01
 9.71905139e+00
 1.66876782e+01
 1.84866003e+00
 8.93232057e+01
 1.41931600e+02
 6.70681807e+01
 7.14146087e+01
 8.53297791e+01
 8.61201412e+01
 6.12893867e+01
 4.21044851e+01
 1.24563993e+02
 6.43128512e+01
 5.19864410e+01
 3.42922193e+01
 3.88064851e+01
 3.40942016e+01
 6.11829540e+01
 2.00636868e+02
 3.80359057e+01
 5.48404383e+01
 6.34904020e+01
 3.36488596e+01
 3.06916335e+01
 1.02347824e+02
 9.78521869e+01
 3.70480652e+01
 7.82861854e+01
 1.10453978e+02
 1.16605190e+02
 9.90077328e+01
 4.87547784e+01
 6.87114463e+01
 7.19905998e+01
 6.00455267e+01
 7.77877636e+01
 3.84773048e+01
 3.49084817e+01
 2.45970473e+01
 2.75287097e+00
 5.28994047e+01
 5.72009035e+01
 1.24258633e+02
 8.86350091e+01
 1.70186988e+01
 4.83475670e+01
 8.15652821e+01
 2.40998240e+01
 5.87738178e+01
 8.60846549e+01
 6.00547347e+01
 2.69177035e+01
 2.89921528e+01
 1.81305227e+01
 5.20062055e+01
 1.17999775e+02
 2.71713023e+01
 8.31553262e+01
 1.34716955e+01
 2.61283897e+01
 7.54707210e+01
 3.16081026e+01
 1.76007736e+00
 7.11925320e+01
 4.80686656e+01
 3.27298432e+01
 1.76812673e+02
 1.77577791e+02
 9.59538942e+01
 1.32371085e+00
 7.88562169e+01
 5.36791182e+01
 1.00512493e+01
 1.83989553e+01
 1.00368256e-01
 2.02497185e+00
 1.21493865e+01
 2.25972856e+02
 1.18723858e+02
 2.90890579e+01
 5.25618030e+01
 3.22500394e+01
 6.73305758e+01
 5.28426619e+01
 4.51812922e+01
 3.31266025e+01
 6.62203950e+00
 9.44608853e+01
 9.68482130e+01
 1.61760251e+02
 1.21303256e+01
 6.22749306e+01
 6.33519552e+01
 3.05238622e+01
 7.42598948e+00
 5.04838371e+01
 9.24420532e+01
 1.70970251e+00
 1.60520649e+01
 7.99934250e+00
 8.48029781e+01
 2.03446316e+02
 9.77516669e+01
 9.49898461e+01
 1.93140110e+01
 5.64968999e+01
 5.23298285e+01
 8.94451904e+01
 5.24858244e+01
 6.40691540e+01
 1.16478316e+01
 3.98703796e+01
 1.26584963e+02
 1.38176578e+02
 1.42863032e+02
 1.34900775e+02
 1.08480762e+02
 1.26971202e+02
 1.73785093e+01
 2.23619058e+01
 1.45904203e+02
 1.93798891e+01
 1.56538060e+01
 2.10239068e+00
 2.78145887e+01
 1.54800733e+02
 7.55573470e+01
 1.20076320e+02
 5.73031420e+01
 3.65333907e+01
 1.41926367e+01
 1.17385629e+01
 2.87954065e+01
 2.25702891e+01
 8.46817959e+01
 7.10292841e+00
 8.92364087e+01
 1.21585163e+02
 1.25520536e+02
 6.54779026e+01
 8.38969002e+01
 1.79754186e+01
 7.18198239e+01
 1.38233578e+02
 7.56912853e+01
 6.83763878e+01
 1.34985170e+01
 1.67392914e+02
 2.24259967e+01
 4.96030731e+01
 1.77415359e+02
 1.01655350e+02
 5.89790938e+01
 4.91075641e+01
 2.10358873e+01
 5.42641944e+01
 6.93951948e+01
 7.60812626e+01
 1.00117430e+01
 7.14291093e+00
 4.85576868e+01
 4.45053536e+01
 3.03877798e+01
 3.62152268e+01
 6.21655790e+01
 2.58806623e+01
 2.53296701e-01
 7.27900444e+01
 4.69556191e+01
 1.86335158e+02
 1.69628635e+01
 6.90507116e+01
 1.82281185e+01
 1.70003380e+02
 6.03514049e+01
 7.19384421e+01
 9.06179347e+01
 4.13512574e+01
 5.69318337e+01
 2.37178953e+01
 1.25027140e+02
 4.53069831e+01
 9.18187892e+00
 4.86760764e+01
 9.84324021e+01
 5.79508427e+01
 8.28023289e+01
 3.87400093e+01
 7.44983759e+01
 6.64507762e+01
 1.12870105e+02
 1.04880070e+02
 1.28428280e+02
 9.23203351e+01
 6.31438607e-01
 7.76761524e+00
 3.13913930e+01
 7.11958839e+01
 1.85699595e+01
 4.96863986e+01
 1.62934654e+01
 6.91436308e+01
 9.58656821e+00
 9.51811845e+01
 1.49789270e+01
 7.29778593e+01
 3.53060055e+01
 1.60649647e+01
 3.67955863e+01
 7.96317535e+01
 1.52839913e+02
 2.35830395e+01
 7.26512762e+01
 1.16254279e+02
 8.83839754e+01
 7.12000938e+01
 1.24348941e+01
 1.60996352e+01
 3.05167844e-05
 7.10069095e+01
 6.03114421e+01
 7.75207338e+01
 8.42328997e+01
 3.15186905e+01
 7.76006732e+01
 4.31238181e+01
 9.99176797e+01
 5.71119979e+01
 4.35667956e+01
 1.55238342e+01
 2.17674762e+02
 4.35306309e+01
 9.93002026e+01
 1.40276558e+02
 6.79862328e+00
 9.30108570e+01
 6.71385223e+01
 1.22690966e+01
 7.12152549e+01
 2.22625575e+01
 7.26600361e+01
 4.29816619e+01
 1.00036741e+02
 5.42235578e+01
 2.03910520e-03
 1.18218517e+02
 6.53116743e+01
 1.18694071e+02
 6.04636352e+01
 1.24208533e+02
 8.19328389e+01
 2.40941827e+01
 1.65595938e+01
 2.55572363e+01
 0.00000000e+00
 2.90724517e+01
 6.36231603e+01
 5.77127149e+01
 2.28252194e+01
 5.30718458e+01
 5.86892353e+01
 6.93934120e+01
 7.55363904e+01
 2.94292238e+01
 8.88301807e+01
 2.58390671e+01
 6.37906673e+01
 2.63740258e+00
 1.08735040e+00
 2.04315049e+02
 3.27303313e+01
 4.77365830e+01
 6.30469058e+01
 3.29842209e+01
 7.98354754e+01
 1.00967967e+02
 1.09493247e+02
 8.00615943e+01
 2.33477057e+01
 6.83817399e+01
 4.64943257e+01
 1.13007806e+02
 2.39263893e+01
 3.13690257e+01
 7.49132153e+01
 1.11193452e+01
 4.24727484e+01
 4.32763523e+01
 5.59822748e+01
 4.95838486e+01
 1.34558360e+01
 7.92942032e+01
 6.19587721e+01
 2.12654136e+01
 2.84684282e+01
 8.95466348e+01
 1.16320111e+02
 5.99378966e+01
 2.20350210e+01
 6.90874204e+01
 8.50314775e+01
 1.25671410e+02
 1.40655097e-01
 4.58537809e+00
 1.45818640e+02
 1.53145195e+02
 2.11051284e+02
 1.27536707e+02
 7.78617481e+01
 2.55620464e+01
 5.07783996e+01
 3.49874950e+01
 6.23631622e+01
 6.07914957e+01
 1.14182103e+01
 3.52069947e+01
 7.37460403e+01
 2.44256218e+01
 2.04555412e+01
 1.08370791e+02
 3.84312158e+01
 1.08211425e+02
 5.87898953e+01
 4.81846738e+01
 5.40639615e+01
 1.37687458e+01
 7.76589543e+00
 5.40816711e+01
 4.93501585e+01
 3.95177700e+01
 1.22961859e+01
 5.44504168e+01
 6.06652524e+01
 3.59635371e+01
 1.14791595e+02
 1.20145527e+02
 4.42096828e+01
 2.02114927e+01
 2.41383813e-01
 1.82085548e+01
 7.70094976e+01
 1.38505379e+02
 1.06816635e+02
 9.27088234e+01
 3.04406380e+01
 5.00511191e+01
 6.27697193e+01
 6.51368157e+01
 5.83098541e+01
 8.47169090e+00
 5.21130923e+00
 0.00000000e+00
 1.10298568e+02
 1.03828945e+02
 4.95070206e+01
 8.00707580e+01
 4.94829593e+01
 5.55569268e+01
 1.05864449e+02
 3.39057031e+01
 7.69738746e+00
 7.53753833e+01
 1.33559531e+01
 2.60194564e+01
 1.91340638e+02
 2.94792841e+01
 7.91038350e+01
 1.38704350e+02
 8.19313189e+01
 9.61090052e+01
 3.53548082e+01
 1.49605452e+01
 5.96874312e+01
 7.82363552e+01
 1.92896992e+00
 5.06919951e+01
 1.21647745e+02
 5.31371011e+01
 5.18105075e+01
 1.07372357e+02
 4.93513184e+01
 8.17945511e+01
 3.34158035e+01
 1.53258749e+02
 4.59868207e+01
 5.11730355e+01
 1.34095924e+01
 6.41706794e+00
 1.52764712e+01
 9.00849984e+01
 1.22304255e+02
 9.76875985e+01
 1.55017985e+02
 7.23570865e+01
 1.24899085e+01
 6.06393956e+01
 9.88289770e+01
 5.67996787e+01
 1.33304617e+01
 1.52101701e+00
 3.59693511e-01
 1.64855255e+02
 7.15805609e+01
 4.91658080e+01
 8.68958385e+01
 1.39677247e+02
 7.12219782e+01
 1.61023606e+02
 1.02589065e+02
 5.59600776e+01
 4.28418058e+01
 8.59115424e+01
 9.25913901e+01
 8.69871394e+01
 7.70408276e+01
 1.88104954e+02
 4.72472266e+01
 4.25857867e+01
 1.51914182e+02
 7.39695416e+01
 1.11000092e+02
 9.10592338e+01
 1.40898415e+01
 7.22484365e+01
 1.64119320e+02
 5.78016626e+01
 1.05631245e+02
 1.63351209e+01
 2.91434219e+01
 4.18332221e+01
 8.44421224e+00
 2.79811491e+01
 8.38419540e+01
 5.40405752e+01
 5.61773272e-01
 6.16262751e+01
 1.02540708e+02
 9.58615507e+01
 1.58123822e+02
 5.74407657e+01
 2.17468043e+01
 4.30171140e-01
 1.93781323e+01
 1.19577816e+02
 2.88314421e+01
 8.59885492e+00
 3.78652110e+01
 1.09623024e+01
 4.60293313e+01
 2.67852173e+02
 5.91016427e+00
 6.80014379e+01
 8.62375462e+01
 4.59713459e+01
 6.82076640e+01
 9.62914060e-01
 9.21151140e+01
 1.01326432e+01
 8.02243874e+00
 7.09519901e+00
 9.34464323e+01
 1.03967914e+02
 1.55218983e+02
 3.70433467e+01
 3.74856958e+01
 7.88261415e+01
 9.84460295e+01
 7.57766098e+01
 3.68208994e+01
 2.36634485e+01
 4.96779263e+01
 2.72653194e+01
 8.33050136e+01
 1.24944852e+02
 1.07032112e+02
 7.68440058e+01
 6.85269736e+01
 1.43763505e+01
 5.55114563e+01
 4.50528165e+01
 3.68551518e+01
 4.01568243e+01
 1.49062299e+02
 7.10080983e+01
 8.34349729e+01
 2.36321588e+02
 1.02959761e+02
 4.18220173e+01
 6.78476879e+01
 1.38444412e+02
 5.60296646e+01
 9.16986106e+01
 6.49604641e+01
 3.81470967e+01
 4.27262522e+01
 9.04980060e+01
 1.16212613e+02
 8.31822585e+01
 3.03701864e+01
 7.14650024e+01
 3.68027537e+01
 4.42165853e+01
 9.30645170e+01
 5.01217578e+01
 8.90196033e+01
 9.11552794e+00
 7.46276977e+01
 3.28445637e+01
 4.06214793e+01
 2.35377066e+02
 7.79321267e+01
 7.61013844e+01
 9.53612567e+01
 4.35227629e+01
 1.59595299e+02
 3.65563044e+01
 8.42731012e+00
 3.04794972e+01
 3.47125130e+01
 9.32285700e+00
 2.05978981e+01
 7.47756549e+01
 1.64796104e+02
 5.11890541e+01
 5.80275618e+01
 7.95554363e+01
 4.18998716e+01
 2.30994169e+01
 3.16263930e+00
 2.51779007e+01
 1.43966874e+01
 9.52703443e+00
 1.46763914e+02
 1.26119487e+02
 8.71457347e+01
 4.48637456e+00
 1.03328473e+01
 3.07775664e+01
 5.20218121e+01
 5.40652950e+01
 4.63019794e+01
 3.79590013e+01
 4.39194308e+00
 4.07149960e+01
 4.88812178e+01
 7.75028975e+01
 1.34322352e+02
 2.08436340e+01
 5.01229964e+01
 1.02320187e+02
 6.60336495e+01
 6.05774428e+01
 4.89822609e+01
 2.87926499e+01
 1.47141445e+01
 1.57762489e+02
 8.90274667e+01
 2.74400603e+02
 8.55804803e+01
 1.21556516e+02
 4.24394094e+01
 2.71791484e+01
 3.84400926e+01
 8.61287856e+01
 7.03712524e+01
 3.06475334e+01
 1.95047503e-01
 1.49298020e-03
 7.43345112e+01
 5.62225220e+01
 8.81103363e+00
 1.02986502e+02
 7.62128943e+01
 1.89796653e+01
 4.05627758e+01
 5.76397277e+01
 6.03988379e+01
 1.19983189e+01
 1.33115949e+01
 5.57112416e+01
 1.08292968e+02
 8.85272056e+00
 1.02394294e+02
 2.24530151e+01
 1.56394349e+02
 5.18928072e+01
 5.77538782e+01
 8.76893346e+01
 9.05336787e+01
 6.52564637e+01
 3.32437300e+01
 1.10932873e+00
 1.85782091e+02
 3.50793464e+01
 1.52841987e+02
 1.26712602e+02
 6.03182066e+01
 7.79053107e+01
 7.22070539e+01
 8.31293017e+01
 1.36348180e+01
 1.01991351e+01
 1.21110328e+01
 1.64709688e+01
 3.92337496e+01
 9.91674628e+01
 2.98974738e+01
 1.32692233e+01
 2.00708148e+01
 1.15061445e+02
 6.38722146e+01
 3.74640677e+01
 4.68710658e+01
 1.36917087e+02
 9.65355445e-01
 2.81839704e+01
 7.65898644e+01
 1.02980675e+02
 6.77871106e+01
 3.98598927e+01
 1.08202659e+02
 6.90010943e+01
 7.52810645e+01
 6.99747166e+01
 6.61431278e+01
 7.90085344e+01
 2.14864846e+01
 2.58656671e-02
 8.73450019e+01
 1.14521901e+02
 1.97143092e+02
 2.12394557e+01
 6.13281049e+01
 4.01414766e+01
 1.26134157e+01
 7.89553606e+01
 2.04915311e+01
 2.08003667e+01
 3.37349938e+01
 6.58147319e+01
 1.06349793e+02
 4.21926241e+01
 5.88205592e+01
 7.69128859e+01
 7.35982920e+01
 5.98170281e+01
 1.00866771e+02
 1.85225803e+01
 3.07985871e-01
 4.06856904e+01
 1.09532396e-01
 1.33772376e+01
 2.22433370e+02
 1.17841884e+02
 3.65877240e+01
 5.91856756e+01
 2.90989041e+01
 4.75070761e+01
 1.98161831e+01
 7.74059197e+01
 7.84733035e+01
 5.25117522e+01
 3.80020564e+00
 5.41464928e+01
 7.65634332e+01
 1.40002548e+02
 9.98877258e+01
 1.27100353e+02
 8.52540588e+01
 2.47905333e+01
 5.14532762e+01
 9.53966706e+01
 1.37217480e+02
 7.20268187e+01
 1.72311925e-02
 2.70167497e+00
 1.47188069e+01
 1.13608288e+02
 1.67588190e+01
 3.66728764e+01
 3.50181129e+01
 2.15924309e+01
 3.59377553e+01
 4.16410168e+01
 3.75022167e+01
 3.91150847e+01
 2.80902847e+01
 2.16430141e+01
 1.30133950e+02
 1.18052996e+02
 5.08370385e+01
 1.35102514e+02
 9.72316297e+01
 1.52457901e+01
 1.61478675e+01
 7.19422961e+01
 1.36383134e+02
 3.35747415e+01
 9.75174007e+01
 6.99455849e+00
 3.21146700e+01
 8.45409664e+01
 3.15615537e+02
 1.10365166e+02
 3.25473509e+01
 6.29064073e+01
 7.44649736e+01
 3.93775540e+01
 9.01615470e+01
 4.06261375e+01
 3.03010771e+00
 1.13109689e+02
 5.30085292e+01
 2.58059052e+01
 5.12692084e+01
 3.44736811e+01
 7.33167694e+01
 2.28799312e+01
 1.56105713e+02
 1.39939909e+02
 6.82031233e+01
 1.61535291e+01
 2.71978108e+01
 3.70764805e+00
 5.49262306e+01
 5.09208369e+01
 4.58760996e+01
 6.05047060e+01
 5.03727536e+01
 1.14649936e+02
 5.58317014e+01
 9.75707310e+01
 7.91490327e+01
 6.77219235e+01
 3.59672795e+01
 9.26602985e+01
 7.87011092e+01
 5.76238987e+01
 9.26701936e+01
 2.88596192e+01
 1.02466554e+02
 1.11784393e+02
 1.33826230e+02
 1.01922378e+02
 5.27021842e+01
 1.39349520e+02
 3.54206652e+01
 3.22160684e+01
 7.84449389e+01
 6.19929891e+00
 3.95217739e+00
 5.69424693e+01
 8.67621903e+01
 6.17048334e+01
 6.22674132e+01
 5.19763105e-01
 1.79101065e+02
 4.34074762e+01
 2.28913417e+00
 8.16904153e+00
 1.01656434e+02
 1.58818695e+02
 1.13166688e+02
 1.54235720e+02
 5.94469697e+01
 3.66294756e+01
 6.56415428e+01
 3.13192492e+01
 9.77816959e+01
 1.09425902e+02
 9.77100680e+00
 2.22464090e+01
 1.44349888e+02
 5.11200668e+01
 4.99686440e+01
 4.91953370e+01
 7.16231128e+01
 1.28837850e+02
 5.15945734e+01
 1.24550084e+02
 2.00504682e+01
 7.54107397e+01
 4.00162199e+01
 2.54203781e+01
 1.24667672e+02
 1.03552139e+02
 8.95941881e+01
 2.16161646e+01
 8.34283326e+01
 3.23254948e+01
 8.18463028e+01
 5.18920173e+01
 1.41253802e+01
 1.83163246e+01
 6.97324245e-02
 3.47002691e+00
 2.57536723e+01
 8.70570609e+00
 4.74625189e+01
 7.36596253e+01
 1.61070915e+01
 1.94770186e+01
 1.23938087e+02
 8.16299604e+01
 2.72700282e+01
 1.09222059e+01
 3.00171821e-03
 4.64654149e+01
 8.78854523e+01
 7.12865953e+01
 6.75123639e+01
 6.45508645e+00
 3.99992606e+01
 2.79807698e+01
 5.55776276e+01
 4.37899848e+01
 8.44841591e+01
 5.99462179e+01
 1.64819429e+01
 9.70676291e+01
 7.85351381e+01
 1.04074094e+02
 1.22512480e+02
 3.92722854e+01
 8.05315743e+01
 5.17939236e+01
 1.70947980e+01
 1.13436338e+02
 1.21393938e+02
 9.92268022e+01
 1.98914334e-01
 2.58043238e+02
 2.22490740e+02
 7.78183777e+01
 7.23218769e+01
 5.77063862e+01
 1.46810836e+00
 2.02838237e+01
 6.26982863e+01
 2.22432432e+01
 5.27336037e+01
 2.85787739e+01
 8.80691188e+01
 1.41705459e+01
 6.31688944e+00
 2.88981858e+01
 9.43215690e+01
 2.08567665e+02
 6.87128251e+01
 5.36722942e+01
 4.02199102e+01
 4.21951355e+01
 1.97704097e+01
 5.48321275e+01
 6.40125593e+00
 1.96551447e+01
 8.70326639e+00
 1.15735132e+02
 1.95606984e+02
 1.59042602e+02
 1.20699262e+02
 8.03457747e+01
 5.43323248e+01
 5.71124505e+01
 9.29673697e+01
 5.18916354e+01
 4.83208243e+00
 3.52387137e+01
 8.07242104e+00
 4.27651062e+01
 1.38548811e+02
 9.51849884e+01
 3.09413291e+01
 1.02296433e+02
 1.38638242e+01
 1.44210813e+01
 4.65906297e+01
 7.34223396e+01
 5.74921798e+01
 8.27236687e+01
 3.45981900e+01
 3.30843115e+01
 6.48379857e+01
 9.78985358e+01
 3.89042779e+01
 6.05039284e+01
 8.48871207e+01
 6.02048400e+01
 1.49161503e+02
 7.99670810e+01
 2.51285707e+01
 5.30788469e+01
 5.87938969e+01
 7.97100414e+01
 6.72747417e+01
 3.38251181e+00
 8.25742840e+01
 1.30485956e+01
 1.17180503e+02
 1.60490209e+02
 3.69479558e+01
 2.02002737e+01
 1.81351304e+01
 1.60645222e+00
 1.35201109e+02
 7.11368452e+01
 1.56156393e+02
 4.24147815e+01
 8.52901797e+01
 3.20678192e+01
 6.04459694e+01
 2.30558449e+01
 6.04106037e+01
 6.12859530e+01
 3.11160871e+01
 7.89309823e+01
 5.19745455e+01
 4.38588611e+01
 8.04617788e+01
 1.17893407e+01
 3.59635671e+01
 9.40403217e+01
 5.31576877e+00
 4.54576263e+01
 3.37245772e-01
 8.03469446e+01
 5.42804577e+01
 1.99681171e+01
 6.77653942e+01
 1.63654273e+02
 1.11766641e+02
 9.60028674e+01
 1.12528862e+02
 8.55048055e+01
 8.17094927e+01
 4.66573124e+01
 7.40709764e+01
 3.62431083e+01
 5.66639430e+01
 2.48047886e+01
 6.23726909e+01
 1.07530657e+02
 1.31567133e+02
 2.49522343e+01
 5.69181386e+01
 7.50416683e+01
 6.07139138e+01
 9.65301701e+01
 1.72841134e+02
 2.52898919e+01
 2.62507878e+01
 7.22650256e+00
 7.58247952e+01
 8.15189593e+01
 1.54461689e+02
 9.35749837e+01
 2.83884840e+01
 3.07327143e+01
 1.91322045e+01
 5.33044408e+01
 4.96630813e+01
 3.19493708e+01
 9.40110833e+00
 1.29319633e-01
 1.43520811e+01
 4.77062793e+01
 3.80086412e+01
 1.40944819e+02
 1.41352374e+01
 1.23339391e+01
 2.32588164e+01
 2.47092499e+01
 5.42983720e+01
 9.31143675e+01
 2.10693639e+00
 4.07846385e+01
 1.22202094e+02
 4.97782355e+01
 4.83955347e+01
 1.59322253e+02
 4.40986600e+01
 8.41496982e+01
 4.73800563e+01
 2.20237141e+01
 2.09348546e+01
 5.05227061e+01
 3.61596790e+01
 4.11014659e+01
 1.14080778e+02
 1.46870259e+02
 1.09972982e+02
 1.31199736e+02
 6.10853341e+01
 1.79871776e+02
 7.23474692e+01
 1.66057712e+01
 1.05780785e+01
 6.95253612e+01
 7.86281790e+01
 6.75966347e+01
 4.47376308e+01
 2.99159563e+02
 1.26879055e+02
 1.80773869e+02
 8.15455700e+01
 2.40921939e+01
 3.74062923e+01
 1.55828697e+01
 1.42138079e+01
 8.09838226e+01
 3.13589139e+01
 4.88631185e+00
 6.28010040e+01
 1.37830697e+02
 4.61694039e+01
 1.16518488e+02
 1.95801941e+01
 1.24806376e+02
 8.76251546e+01
 1.19415004e+02
 4.89728872e+01
 3.64762208e+01
 3.50514902e+00
 6.68172980e+01
 4.27164673e+01
 5.99273032e+01
 2.08704190e+02
 1.23048044e+02
 9.25438776e+01
 2.39307704e+01
 4.56485834e+01
 2.99972276e+01
 1.38870436e+02
 6.10910848e+01
 3.98685825e+00
 6.72487996e+01
 4.55870104e+01
 2.25504425e+02
 1.49487572e+02
 4.11875149e+01
 6.64816331e+01
 5.62064141e+01
 8.73488548e+01
 7.43438182e+01
 1.35223946e+01
 3.60777384e+01
 9.01426632e+00
 7.30726685e+01
 1.10199359e+02
 4.31991997e+01
 8.51226335e+01
 4.73633503e+01
 9.15427050e+01
 5.56977824e+01
 2.83702336e+01
 3.84080408e+01
 1.14634834e+02
 2.53983210e+01
 5.93614067e-01
 9.87580312e+01
 8.04738016e+01
 1.42264307e+02
 1.49555993e+01
 1.27801753e+02
 8.31199751e+01
 6.94546669e+01
 4.05371882e+01
 7.55578798e+01
 1.04366997e+02
 3.13198644e+01
 3.82425167e+01
 1.07719456e+02
 3.77753519e+01
 3.13532960e+02
 2.81624694e+01
 7.82042679e+01
