 -2.27805176e+00
 3.84676514e+00
 4.40471802e+00
 1.01160522e+01
 1.63450867e+01
 1.97009216e+01
 2.01938416e+01
 2.42534424e+01
 2.07666260e+01
 1.07295166e+01
 2.96773682e+00
 -3.69018555e-02
 1.42745361e+00
 7.87957764e-01
 5.12703857e+00
 1.47516724e+01
 1.71731506e+01
 1.67265259e+01
 1.92273804e+01
 2.08829895e+01
 1.59636475e+01
 1.17898499e+01
 3.73159180e+00
 -6.01557007e+00
 -4.20883789e+00
 7.13281250e-01
 6.75441895e+00
 1.09898621e+01
 1.55257202e+01
 2.19940125e+01
 2.47728516e+01
 2.36233154e+01
 1.61351563e+01
 8.28087769e+00
 4.07946167e+00
 -7.41003418e-01
 -5.02447510e-01
 9.93646240e-01
 4.30883179e+00
 1.02641235e+01
 1.61249023e+01
 1.83298889e+01
 2.10078064e+01
 2.25532166e+01
 1.97052856e+01
 1.26491333e+01
 7.92647705e+00
 2.49270020e+00
 -2.16351929e+00
 1.87508545e+00
 6.59060059e+00
 1.54352051e+01
 1.41970764e+01
 1.89829651e+01
 2.02975098e+01
 2.05777832e+01
 1.72922607e+01
 8.78295288e+00
 4.58458862e+00
 -1.61191406e+00
 -5.11752930e+00
 3.11639404e-01
 9.44356689e+00
 1.11834351e+01
 1.63616272e+01
 1.77117249e+01
 2.04476257e+01
 2.05964600e+01
 1.45835205e+01
 1.05204712e+01
 8.69924316e+00
 1.38894043e+00
 1.29476318e+00
 1.88775024e+00
 5.45891724e+00
 9.04387817e+00
 1.70407349e+01
 1.89735657e+01
 2.27954956e+01
 1.94802795e+01
 1.30298401e+01
 1.13554321e+01
 3.70137939e+00
 2.69301758e+00
 -2.71420898e+00
 7.02966309e-01
 7.80840454e+00
 1.04061218e+01
 1.82940918e+01
 2.03831421e+01
 2.33015991e+01
 2.28692871e+01
 1.58012329e+01
 1.27136169e+01
 6.54982910e+00
 1.52086792e+00
 1.74572144e+00
 5.51992188e+00
 1.79570923e+00
 9.56389771e+00
 1.36811462e+01
 1.77990662e+01
 2.30858093e+01
 2.07886292e+01
 1.53590332e+01
 1.14430176e+01
 6.46489868e+00
 2.86736450e+00
 2.67293701e+00
 6.75966797e+00
 9.26995239e+00
 1.15064026e+01
 1.41443115e+01
 1.92524963e+01
 1.89548584e+01
 2.08042236e+01
 1.39876648e+01
 8.81240234e+00
 2.84844360e+00
 2.69133911e+00
 1.73879395e+00
 4.90239868e+00
 5.10167847e+00
 1.27560364e+01
 1.48754822e+01
 1.97658936e+01
 2.19469849e+01
 1.77309204e+01
 1.59933716e+01
 1.14324585e+01
 6.45473633e+00
 2.67455444e+00
 3.75573730e-01
 5.59249268e+00
 7.25744019e+00
 1.01900574e+01
 1.23675476e+01
 1.66204468e+01
 2.20615784e+01
 2.16992126e+01
 1.40309998e+01
 1.18500000e+01
 5.30553589e+00
 1.65979004e-01
 -1.49420166e-01
 2.40114746e+00
 7.35421143e+00
 9.97414551e+00
 1.41239258e+01
 1.63405701e+01
 1.96701294e+01
 2.01334167e+01
 1.51337830e+01
 1.22019287e+01
 2.51787720e+00
 -3.41708984e+00
 1.62127075e+00
 -1.21923828e-01
 8.01503906e+00
 1.02816711e+01
 1.57177673e+01
 1.87397095e+01
 2.31717163e+01
 2.44872681e+01
 1.71363770e+01
 8.83919678e+00
 6.94707642e+00
 -4.90576172e-01
 -1.27664795e+00
 3.29650269e+00
 3.01812134e+00
 1.27529846e+01
 1.84337402e+01
 1.81528564e+01
 1.96831604e+01
 2.01909119e+01
 1.62707764e+01
 1.32600647e+01
 6.83623657e+00
 3.61925659e+00
 -2.43433228e+00
 2.87408447e-01
 4.66179810e+00
 1.11940247e+01
 1.56953979e+01
 1.86092163e+01
 2.44061523e+01
 2.03136536e+01
 1.56523071e+01
 1.42055908e+01
 5.77413330e+00
 2.86920166e-01
 -3.11972656e+00
 -7.34308472e+00
 -1.68125000e+00
 7.76049194e+00
 1.64583679e+01
 1.83934875e+01
 2.38941895e+01
 2.42616516e+01
 1.96524597e+01
 9.62328491e+00
 2.43276367e+00
 -4.13244629e-01
 -1.09125366e+00
 5.54376221e-01
 3.85860596e+00
 7.88338623e+00
 1.33113342e+01
 1.93530823e+01
 2.12588440e+01
 2.05029846e+01
 1.80892273e+01
 1.14205872e+01
 5.35881958e+00
 1.80571899e+00
 -6.65869141e-01
 5.17769775e+00
 3.71224365e+00
 1.15451904e+01
 1.35681396e+01
 2.01307007e+01
 2.36820313e+01
 2.31076904e+01
 1.84357239e+01
 1.20255676e+01
 3.02297363e+00
 1.90725098e+00
 1.25090942e+00
 4.89205322e+00
 8.81545410e+00
 1.09600464e+01
 1.60181519e+01
 1.80458923e+01
 2.24628540e+01
 1.86981445e+01
 1.68765198e+01
 1.00349976e+01
 4.32256470e+00
 -2.92285767e+00
 -1.39298096e+00
 3.55657349e+00
 3.74712524e+00
 1.03385864e+01
 1.38352905e+01
 1.62885986e+01
 2.21598145e+01
 2.27929016e+01
 1.59205261e+01
 1.21378418e+01
 5.19246826e+00
 -1.97528687e+00
 -1.26928711e-01
 -5.20780029e+00
 7.80416260e+00
 1.27348572e+01
 1.62152954e+01
 2.00686279e+01
 2.22448059e+01
 2.28274475e+01
 1.77519470e+01
 1.00335327e+01
 8.63698730e+00
 1.52474365e+00
 3.62041626e+00
 2.52147827e+00
 7.16484985e+00
 1.06820007e+01
 1.31043030e+01
 1.83382813e+01
 2.27505127e+01
 2.15301453e+01
 1.74398438e+01
 1.13874756e+01
 4.84197388e+00
 2.91671143e+00
 3.45241699e+00
 2.33636475e-01
 2.17049561e+00
 7.85030518e+00
 1.27027832e+01
 1.62561279e+01
 2.19396301e+01
 2.17535645e+01
 1.56419922e+01
 1.17491394e+01
 4.66497192e+00
 2.56881104e+00
 3.42647705e+00
 3.31203613e+00
 4.95769653e+00
 1.58363281e+01
 1.43263184e+01
 1.64975525e+01
 2.02176758e+01
 1.85038391e+01
 1.66863037e+01
 9.89821777e+00
 7.14129028e+00
 1.30986938e+00
 -1.57205811e+00
 2.26213989e+00
 4.96868286e+00
 1.30724426e+01
 1.44505249e+01
 1.64144531e+01
 2.11673218e+01
 1.96131226e+01
 1.54327332e+01
 1.05393616e+01
 4.76555786e+00
 1.94161377e+00
 1.49672852e+00
 1.82128906e-02
 4.47844849e+00
 1.16971069e+01
 1.34836365e+01
 1.89496094e+01
 2.22905212e+01
 2.32640015e+01
 1.84353577e+01
 1.09800354e+01
 3.24068604e+00
 7.55975342e-01
 -1.40323486e+00
 2.99614868e+00
 3.50631104e+00
 1.04384094e+01
 1.56991516e+01
 1.80197388e+01
 2.08142944e+01
 2.14351440e+01
 1.63861328e+01
 8.46251831e+00
 8.49962769e+00
 2.83840332e+00
 -1.64617920e-01
 2.58352051e+00
 5.24205933e+00
 1.20229126e+01
 1.91022278e+01
 1.97248474e+01
 2.58138977e+01
 2.23042847e+01
 1.67741333e+01
 1.07213379e+01
 7.06844482e+00
 4.77520142e+00
 2.87041626e+00
 -2.97250977e+00
 3.25798950e+00
 1.10124451e+01
 1.40541931e+01
 1.87066895e+01
 1.89691101e+01
 1.82869812e+01
 1.80093018e+01
 1.09314209e+01
 6.51622925e+00
 4.71920166e+00
 2.33687744e+00
 5.74004517e+00
 8.26763306e+00
 1.12744995e+01
 1.82866760e+01
 1.96370178e+01
 2.03494812e+01
 1.94973694e+01
 1.80677429e+01
 9.26723633e+00
 7.47109375e+00
 1.23607788e+00
 1.64055786e+00
 1.94057617e+00
 5.55181274e+00
 7.70897827e+00
 1.58941895e+01
 2.11113831e+01
 2.77119690e+01
 2.52690979e+01
 1.81893250e+01
 1.37182556e+01
 8.80993042e+00
 1.99361572e+00
 1.06408081e+00
 2.96804199e+00
 3.76217041e+00
 1.25208374e+01
 1.44089294e+01
 1.84098450e+01
 2.12534729e+01
 2.10178772e+01
 2.10260864e+01
 1.04973083e+01
 2.15065918e+00
 -2.89127197e+00
 2.86584473e-01
 3.77893066e-01
 5.90007935e+00
 1.16663147e+01
 1.47048889e+01
 1.79021240e+01
 2.21782776e+01
 2.18400818e+01
 1.50163513e+01
 1.29354797e+01
 8.96517334e+00
 1.20357666e+00
 -3.01154175e+00
 -9.25695801e-01
 7.18566284e+00
 1.30203186e+01
 1.69635559e+01
 2.24314514e+01
 2.46111694e+01
 2.24125916e+01
 1.51753174e+01
 1.43322693e+01
 3.48711548e+00
 3.80782471e+00
 3.20644531e+00
 7.64556274e+00
 8.91735229e+00
 1.17364441e+01
 1.34124390e+01
 1.64055420e+01
 2.27588745e+01
 2.52050720e+01
 1.85764404e+01
 1.06046082e+01
 5.80129395e+00
 1.33721313e+00
 3.43984375e+00
 1.37752686e+00
 8.11126099e+00
 9.77193604e+00
 1.47955261e+01
 1.79792725e+01
 2.38331848e+01
 1.95798584e+01
 1.61815430e+01
 8.47310791e+00
 6.85561523e+00
 7.63116455e-01
 -4.06653442e+00
 3.68743286e+00
 5.03649292e+00
 1.36982666e+01
 1.66588074e+01
 1.99874207e+01
 2.58420044e+01
 2.41432434e+01
 1.67279602e+01
 1.16635986e+01
 5.15648804e+00
 2.06228027e+00
 -8.33044434e-01
 3.95107422e+00
 2.30468140e+00
 9.10946045e+00
 1.62566772e+01
 2.04873596e+01
 2.42258240e+01
 2.34732300e+01
 1.63448425e+01
 1.06702209e+01
 5.89699707e+00
 2.64241943e+00
 1.95995483e+00
 5.41802368e+00
 7.80169067e+00
 1.09441162e+01
 1.42156921e+01
 1.83866821e+01
 2.30273376e+01
 2.39631897e+01
 1.74340454e+01
 1.05798279e+01
 7.21419678e+00
 9.13323975e-01
 1.83010254e+00
 1.05989990e+00
 2.70107422e+00
 1.13037048e+01
 1.43316284e+01
 1.85451599e+01
 2.47080017e+01
 2.51547180e+01
 1.59231201e+01
 9.09362183e+00
 4.13314209e+00
 1.02163086e+00
 -2.01486816e+00
 -3.96063232e-01
 3.23958740e+00
 1.33431641e+01
 1.47537781e+01
 1.67462097e+01
 2.21976563e+01
 2.07926270e+01
 1.55146118e+01
 1.16334167e+01
 5.63631592e+00
 1.00255737e+00
 -3.02692261e+00
 2.50655518e+00
 6.63802490e+00
 1.20650269e+01
 1.56534668e+01
 1.74960876e+01
 2.25576721e+01
 2.26941772e+01
 1.87702271e+01
 1.10271851e+01
 5.39983521e+00
 1.84557495e+00
 4.40072021e+00
 -1.26745605e-01
 3.79641113e+00
 8.47637329e+00
 1.61286255e+01
 1.73895508e+01
 2.29632507e+01
 2.44539429e+01
 2.12449890e+01
 1.38058716e+01
 6.21441040e+00
 2.76192627e+00
 4.61669922e-02
 2.61425171e+00
 1.07970581e+00
 8.83486328e+00
 1.27541138e+01
 1.69465576e+01
 2.12155090e+01
 2.26653076e+01
 1.69453674e+01
 7.07164917e+00
 3.10436401e+00
 8.52380371e-01
 3.11119995e+00
 3.55996094e+00
 5.61535034e+00
 9.97954712e+00
 1.34914185e+01
 1.58307129e+01
 2.16721741e+01
 2.04917542e+01
 1.68850647e+01
 1.06910950e+01
 3.36443481e+00
 2.08034668e+00
 -7.57299805e-01
 1.09749756e+00
 5.65279541e+00
 1.05100037e+01
 1.39550415e+01
 1.47750793e+01
 2.06542908e+01
 1.96483398e+01
 1.65217529e+01
 1.29774109e+01
 4.39351807e+00
 4.28630981e+00
 1.93663940e+00
 5.03930664e-01
 2.50652466e+00
 1.37368713e+01
 1.81948486e+01
 1.98871704e+01
 2.19966675e+01
 2.07853027e+01
 1.87296692e+01
 1.50554138e+01
 4.50188599e+00
 2.17943726e+00
 -1.26053467e+00
 1.17937622e+00
 5.80736694e+00
 1.35272461e+01
 1.51620422e+01
 1.97885376e+01
 2.47310425e+01
 2.37830444e+01
 1.69703918e+01
 1.24756409e+01
 4.92595825e+00
 2.90798340e+00
 3.13329468e+00
 4.27889404e+00
 6.84758911e+00
 7.43486938e+00
 1.60850769e+01
 1.68614441e+01
 1.94754272e+01
 1.85605103e+01
 1.54084717e+01
 1.30996338e+01
 6.86196289e+00
 2.43273315e+00
 3.51415405e+00
 3.13982544e+00
 3.82085571e+00
 1.21871582e+01
 1.34411865e+01
 2.01216675e+01
 2.05996948e+01
 1.96603333e+01
 1.75696045e+01
 1.01361328e+01
 9.09700928e+00
 1.46997070e-01
 -3.69970703e-01
 -3.83551636e+00
 1.66744385e+00
 8.88872681e+00
 1.50633789e+01
 1.67421509e+01
 2.12997986e+01
 2.01684814e+01
 1.74777161e+01
 1.14160706e+01
 1.34368286e+00
 4.07827148e+00
 1.37868652e+00
 2.14257202e+00
 7.89354858e+00
 1.18529907e+01
 1.50442139e+01
 1.78095947e+01
 1.89963623e+01
 1.91802612e+01
 1.72682739e+01
 1.29086548e+01
 7.06905518e+00
 -8.65148926e-01
 -1.09808960e+00
 5.97408447e+00
 2.80294189e+00
 1.25671936e+01
 1.93649231e+01
 2.02743774e+01
 2.32730347e+01
 2.26324707e+01
 1.92336060e+01
 1.27823730e+01
 5.36907349e+00
 -2.07645264e+00
 -3.05234375e+00
 3.16875610e+00
 5.83767090e+00
 1.23382507e+01
 1.96836487e+01
 2.07904907e+01
 2.40219360e+01
 2.45201050e+01
 1.88478333e+01
 1.43218628e+01
 5.70238647e+00
 1.19714355e-01
 3.07354126e+00
 3.04809570e-02
 4.87215576e+00
 1.09341675e+01
 1.55567566e+01
 1.95245605e+01
 2.42511230e+01
 2.34793030e+01
 1.68602234e+01
 1.14424988e+01
 6.45232544e+00
 2.56377563e+00
 -3.98077393e-01
 2.36593018e+00
 7.26162109e+00
 8.43407593e+00
 1.53879639e+01
 1.78832642e+01
 2.15548645e+01
 1.88171936e+01
 1.53534790e+01
 1.10922180e+01
 4.73348389e+00
 5.97680664e-01
 1.89296875e+00
 -3.42352295e-01
 5.92843018e+00
 6.86254272e+00
 1.52040039e+01
 1.93298584e+01
 2.30636536e+01
 2.36392456e+01
 1.90767761e+01
 1.10091797e+01
 5.05660400e+00
 1.34896240e+00
 3.05675659e+00
 -3.50833740e+00
 4.99010620e+00
 8.96572266e+00
 1.54018494e+01
 2.02116638e+01
 2.16521851e+01
 2.48205505e+01
 1.73647400e+01
 1.30719238e+01
 7.63555298e+00
 4.55388794e+00
 1.74166260e+00
 3.53161011e+00
 3.34359131e+00
 9.71090088e+00
 1.25192810e+01
 1.84612061e+01
 2.08965698e+01
 2.11198975e+01
 1.66930786e+01
 1.21275269e+01
 5.97930298e+00
 4.19646606e+00
 1.31799316e-01
 4.03460083e+00
 4.37151489e+00
 7.71099243e+00
 1.79909912e+01
 2.17867065e+01
 2.42625671e+01
 2.13374268e+01
 1.83014160e+01
 1.19590393e+01
 6.26537476e+00
 1.89208374e+00
 2.79077148e-01
 7.34277344e-01
 2.22826538e+00
 1.25956970e+01
 1.65006653e+01
 1.69135986e+01
 2.32453247e+01
 2.10729004e+01
 1.52691589e+01
 1.02184998e+01
 6.95238647e+00
 1.75531006e-01
 1.09047852e+00
 7.13964233e+00
 8.43242798e+00
 1.43485046e+01
 1.55179993e+01
 1.76806885e+01
 2.17661377e+01
 2.52517944e+01
 1.73954102e+01
 1.35415283e+01
 7.86812744e+00
 4.11461792e+00
 1.58965454e+00
 1.14648438e-01
 6.69848022e+00
 1.39468933e+01
 1.78497253e+01
 1.78166443e+01
 2.14847046e+01
 2.12022949e+01
 1.65619446e+01
 1.23914429e+01
 6.40444336e+00
 -3.18616333e+00
 1.21132813e+00
 1.34246216e+00
 4.22185669e+00
 1.14623962e+01
 1.88991333e+01
 2.37259766e+01
 2.41277405e+01
 2.54143311e+01
 1.85924927e+01
 1.22979980e+01
 5.10625610e+00
 -7.82659912e-01
 -1.63037720e+00
 3.01723633e+00
 5.31847534e+00
 1.09111267e+01
 1.34945007e+01
 1.67270752e+01
 2.18374573e+01
 1.89073120e+01
 1.67000366e+01
 1.13798157e+01
 6.39229736e+00
 4.96279297e+00
 -5.16455078e-01
 2.44106445e+00
 4.21569214e+00
 9.14718018e+00
 1.49514099e+01
 1.57779480e+01
 2.19443298e+01
 2.28617188e+01
 2.10520264e+01
 1.12206055e+01
 6.66417847e+00
 4.10402832e+00
 8.26806641e-01
 3.83541260e+00
 3.82454834e+00
 1.16359192e+01
 1.47092529e+01
 1.89662109e+01
 2.27264038e+01
 2.56264893e+01
 1.68174683e+01
 1.16435791e+01
 5.23409424e+00
 6.09038696e+00
 1.37078247e+00
 -6.51739502e-01
 2.94155273e+00
 1.24770447e+01
 1.55109802e+01
 1.90234619e+01
 2.05049072e+01
 2.00349670e+01
 1.92278076e+01
 8.45519409e+00
 5.34179077e+00
 3.22249756e+00
 3.62813721e+00
 4.32277832e+00
 6.12575684e+00
 1.18623901e+01
 1.44619385e+01
 1.88388611e+01
 2.28469788e+01
 2.41018005e+01
 1.59234558e+01
 1.25080505e+01
 8.48711548e+00
 2.23156128e+00
 2.95461426e+00
 3.61993408e-01
 9.18474731e+00
 1.09905945e+01
 1.67666870e+01
 1.84983765e+01
 2.28062683e+01
 2.58983398e+01
 1.74411560e+01
 1.02007690e+01
 4.84917603e+00
 2.67879639e+00
 3.41469727e+00
 6.92745361e+00
 7.06881104e+00
 1.41590210e+01
 1.69113098e+01
 1.83524414e+01
 2.37724243e+01
 2.00680786e+01
 1.85323730e+01
 1.17216431e+01
 5.51125488e+00
 2.98388062e+00
 1.91765747e+00
 1.80254517e+00
 3.59914551e+00
 9.60357056e+00
 1.54843994e+01
 1.75471436e+01
 1.94907471e+01
 2.33279053e+01
 1.57797485e+01
 1.33645874e+01
 7.94646606e+00
 1.97945557e+00
 3.67836914e+00
 5.25576172e+00
 4.38833008e+00
 1.45995117e+01
 1.54102722e+01
 1.97205139e+01
 2.35475403e+01
 2.48553711e+01
 1.59564453e+01
 1.24412170e+01
 7.59404907e+00
 5.79104004e+00
 5.39806519e+00
 4.32647095e+00
 2.93319092e+00
 1.06163574e+01
 1.70732056e+01
 1.90370728e+01
 2.23276611e+01
 2.15833374e+01
 1.79227844e+01
 1.29595886e+01
 6.93578491e+00
 5.79009399e+00
 3.45266113e+00
 7.31731567e+00
 5.24086914e+00
 9.72045288e+00
 1.63577820e+01
 1.77739807e+01
 2.36653992e+01
 2.15340210e+01
 1.71969238e+01
 1.01923157e+01
 9.48873291e+00
 7.75170898e-01
 2.56555176e-01
 -2.68865967e-01
 8.86843262e+00
 1.16975952e+01
 1.70810486e+01
 1.87781311e+01
 2.53878113e+01
 2.40858398e+01
 2.08058411e+01
 1.17904907e+01
 2.62786255e+00
 3.60656738e-02
 9.03436279e-01
 5.77803955e+00
 5.10775146e+00
 1.16146179e+01
 1.43545166e+01
 2.10935608e+01
 2.47210327e+01
 2.26567932e+01
 1.85863892e+01
 1.01030212e+01
 9.14507446e+00
 3.74993896e-01
 -2.16812744e+00
 2.13586426e-01
 7.88164673e+00
 1.18544250e+01
 1.57589355e+01
 1.79265381e+01
 2.12821594e+01
 2.20331360e+01
 1.53690430e+01
 1.07463623e+01
 5.08922729e+00
 1.61284790e+00
 7.51000977e-01
 -5.94626465e+00
 7.13622437e+00
 9.82872925e+00
 1.47806641e+01
 1.66092468e+01
 2.66770874e+01
 2.04654480e+01
 1.57932678e+01
 9.91686401e+00
 5.45821533e+00
 1.97045288e+00
 -1.24426880e+00
 3.09807739e+00
 9.49389038e+00
 1.21877380e+01
 1.61985413e+01
 1.90690247e+01
 2.34186951e+01
 2.12371765e+01
 1.93295532e+01
 1.52035767e+01
 4.09255371e+00
 4.89943848e+00
 3.16784058e+00
 9.40789795e-01
 9.95537720e+00
 1.20481506e+01
 1.78122803e+01
 1.88916870e+01
 2.22789551e+01
 2.17150208e+01
 2.00981079e+01
 1.42685181e+01
 6.80928955e+00
 2.65783081e+00
 -1.55310059e-01
 -1.49884644e+00
 6.80007324e+00
 1.14491516e+01
 1.53304993e+01
 1.84059082e+01
 2.16521545e+01
 2.25920654e+01
 1.77571655e+01
 9.01604614e+00
 3.93508301e+00
 -3.82672729e+00
 -1.88800659e+00
 4.11370850e-01
 2.61318359e+00
 1.35545898e+01
 1.66830994e+01
 1.56606384e+01
 2.00032898e+01
 1.87314087e+01
 1.51544434e+01
 1.24102417e+01
 3.35918579e+00
 1.81163940e+00
 3.58324585e+00
 3.28624878e+00
 7.40664063e+00
 1.09028259e+01
 1.65076843e+01
 1.80519958e+01
 2.22935730e+01
 2.39485413e+01
 1.95518738e+01
 1.29536987e+01
 7.24212036e+00
 5.12236938e+00
 3.60540161e+00
 8.37191162e+00
 6.97683105e+00
 1.10732666e+01
 1.46059814e+01
 1.99050842e+01
 2.43615662e+01
 2.40389038e+01
 1.85356689e+01
 1.44760071e+01
 8.25502930e+00
 -3.83276367e-01
 -2.95334473e+00
 2.74022827e+00
 3.88347778e+00
 7.31856689e+00
 1.61291138e+01
 1.97863403e+01
 2.20055786e+01
 1.96230103e+01
 1.69589172e+01
 1.27290588e+01
 4.53258667e+00
 1.85003052e+00
 1.01519165e+00
 -2.40662231e+00
 5.92742310e+00
 1.13790222e+01
 1.73383118e+01
 2.06092163e+01
 2.57500549e+01
 2.40425354e+01
 1.83994995e+01
 1.88448730e+01
 7.59768066e+00
 4.75640869e-01
 5.15230713e+00
 1.40902100e+00
 3.86141357e+00
 1.34373108e+01
 1.58605591e+01
 1.93929382e+01
 2.07073914e+01
 2.21954895e+01
 1.69811035e+01
 1.27806946e+01
 6.50887451e+00
 -1.40198364e+00
 9.38354492e-02
 5.88961182e+00
 7.50103149e+00
 1.33483215e+01
 1.45819336e+01
 1.82679993e+01
 2.31634766e+01
 2.37826477e+01
 1.89518677e+01
 6.61989746e+00
 5.76256714e+00
 9.09783936e-01
 2.47530518e+00
 5.37865601e+00
 7.04866943e+00
 9.56875000e+00
 1.64888245e+01
 1.92383972e+01
 2.29207703e+01
 2.31386963e+01
 1.89913574e+01
 1.26879211e+01
 2.20427856e+00
 2.15102539e+00
 2.87347412e-01
 2.60256348e+00
 7.89718018e+00
 1.18297974e+01
 1.69501587e+01
 1.89418579e+01
 2.63057495e+01
 2.53119751e+01
 1.77121826e+01
 1.04305969e+01
 7.11101685e+00
 3.79433594e+00
 -2.53027344e-01
 5.29779053e-01
 7.99401245e+00
 1.24420715e+01
 1.76913696e+01
 2.34550110e+01
 2.28313538e+01
 2.28521057e+01
 1.61795593e+01
 1.22219482e+01
 8.63549194e+00
 3.89083252e+00
 5.29412842e-01
 -2.43890991e+00
 7.50832520e+00
 1.21054626e+01
 1.83132263e+01
 1.94599243e+01
 2.03371521e+01
 2.19013611e+01
 1.73778625e+01
 9.19896851e+00
 6.20678101e+00
 4.16024170e+00
 2.63210449e+00
 6.63537598e-01
 7.02370605e+00
 1.29281250e+01
 1.67758728e+01
 1.87818542e+01
 2.15404297e+01
 2.47190186e+01
 1.61094910e+01
 9.54027710e+00
 2.15886841e+00
 2.92708740e+00
 3.99477539e+00
 7.45021973e+00
 7.33678589e+00
 8.82149658e+00
 1.62385498e+01
 1.77149902e+01
 2.26340576e+01
 2.04421326e+01
 1.52314392e+01
 1.13167969e+01
 6.42162476e+00
 2.84362793e-02
 3.19170532e+00
 3.46361694e+00
 8.58669434e+00
 1.37929321e+01
 1.54499146e+01
 1.78993774e+01
 2.26413208e+01
 2.13012329e+01
 1.74338013e+01
 1.25976501e+01
 7.19918213e+00
 6.54901123e-01
 3.42470703e+00
 2.47304688e+00
 6.95824585e+00
 1.03514343e+01
 1.67008301e+01
 2.03924500e+01
 2.43423401e+01
 2.31059509e+01
 1.71825500e+01
 1.08113037e+01
 6.48012695e+00
 2.16994629e+00
 2.05175171e+00
 6.30523071e+00
 9.42250977e+00
 1.00036865e+01
 1.27277161e+01
 1.91829163e+01
 2.44955688e+01
 1.89906555e+01
 1.73315063e+01
 1.21943604e+01
 6.48244629e+00
 4.23198853e+00
 1.86879883e+00
 1.87969360e+00
 3.98159180e+00
 8.98128662e+00
 1.52673279e+01
 1.67649170e+01
 1.98798157e+01
 2.29319702e+01
 1.75417419e+01
 1.38383118e+01
 7.66643677e+00
 2.88302002e+00
