 1.79985173e+02
 1.19556634e+02
 7.16934642e+01
 1.22284283e+02
 1.97670370e+01
 3.82273618e+01
 2.61899879e+01
 1.07959693e+01
 1.17401276e+02
 8.13471099e+01
 5.32151270e+02
 9.15305250e+01
 2.44600234e+02
 2.02880754e+02
 7.70446828e+01
 6.92921002e+01
 9.00373797e+00
 6.23271929e+00
 2.04500315e+01
 2.71626497e+01
 8.66015112e+00
 1.06853890e+02
 6.92958768e+01
 4.09395115e+01
 2.48178626e+02
 9.41466906e+01
 8.50919485e+01
 6.69474765e+01
 2.40713874e+02
 8.98245920e+01
 3.86013576e+01
 1.55322425e+02
 2.41431759e+02
 1.10669090e+02
 2.84340360e+02
 3.16546729e+02
 3.36460465e+02
 9.63136636e+01
 1.10300924e+02
 1.95151985e+02
 1.42353162e+02
 4.78918551e+01
 1.38879625e+01
 2.81507155e+00
 8.60648904e+01
 3.13337555e+02
 1.57644570e+02
 2.96990908e+02
 2.96387679e+02
 1.11994013e+01
 1.23190462e+02
 9.91873109e+01
 9.66848181e+01
 1.62974561e+01
 1.64797429e+00
 2.43101281e+00
 2.55067529e+02
 9.88390425e+01
 1.50206837e+02
 1.19428444e+02
 2.94183015e+01
 8.65210480e+01
 6.82367692e+01
 3.44602249e+01
 4.76828012e+01
 9.90694970e+01
 1.90890558e+01
 3.02553018e+00
 1.25617171e+02
 4.87961854e+01
 8.56003721e+00
 5.13610808e+02
 1.47624129e+02
 1.16950377e+02
 1.66457591e+02
 9.89445259e+01
 3.40911502e+01
 2.38544506e+01
 1.39979036e+01
 1.29184199e+01
 5.04209792e+01
 2.12288202e+02
 3.91162219e+02
 1.71752305e+02
 1.21231935e+02
 4.07552010e+01
 2.29440908e+02
 7.84621715e+01
 2.07221098e+01
 5.89069300e+01
 8.59001712e+01
 1.97972031e+01
 9.41869797e+01
 4.03114196e+02
 5.20848488e+01
 1.09732500e+02
 2.78265585e+02
 2.75315646e+01
 6.17717086e+01
 1.25626205e+02
 1.14174724e+02
 1.12839140e+01
 2.18157039e+01
 1.08809464e+01
 6.22905116e+00
 6.13381851e+01
 3.21023304e+02
 4.45686815e+02
 6.63754921e+01
 6.71172714e+01
 2.81686417e+02
 6.96011897e+01
 9.57357659e+01
 5.40700192e+01
 1.14473045e+01
 1.37073036e+02
 4.06404423e+01
 1.68344237e+02
 3.60367953e+02
 1.84438593e+02
 1.73806176e+02
 6.94542885e+01
 1.00880656e+02
 2.09194154e+02
 1.50916731e+02
 2.07060160e+01
 5.17873516e+00
 1.72866785e+01
 1.53998788e+02
 1.83201987e+02
 8.12710117e+01
 3.50477818e+02
 2.73063615e+02
 8.79608913e+01
 1.37561276e+02
 7.00456417e+01
 7.88286378e+00
 7.68064397e+01
 1.28437641e+01
 6.78617899e+00
 4.42613867e+01
 1.74245804e+02
 2.67518106e+02
 2.32753388e+02
 6.58405815e+00
 2.02613996e+02
 1.42875663e+02
 1.83211023e+02
 5.90631891e+01
 9.22291564e+00
 3.95018288e+00
 5.42428314e+01
 2.64060860e+02
 3.78377549e+02
 4.68226111e+02
 5.60741497e+02
 6.52040340e+01
 2.92006863e+02
 2.06187721e+02
 2.13729152e+02
 8.36023634e+00
 4.76449883e+00
 1.69254905e+01
 2.47675375e+01
 2.01818779e+02
 8.06343390e+01
 6.19917381e+01
 2.78365188e+02
 1.79606348e+02
 8.39465536e+01
 3.93462835e+01
 2.19603988e+01
 3.06729365e+01
 9.12620842e+01
 3.28846723e+01
 3.62714647e+00
 1.63334868e+02
 1.50106979e+02
 4.07887385e+02
 4.89144303e+02
 1.52995995e+02
 2.20947373e+02
 1.48544320e+02
 1.50547133e+02
 2.26089628e+02
 2.03974758e-01
 9.65183266e+00
 2.63131735e+01
 9.54576521e+01
 3.14888618e+02
 2.97559679e+02
 1.87064338e+02
 1.45143940e+02
 1.18122115e+02
 2.97195458e+01
 1.76953457e+02
 5.07165547e+01
 1.57165702e+01
 5.83679379e+01
 8.58947797e-01
 1.61590195e+02
 4.23767811e+02
 2.39720580e+02
 3.21544135e+02
 1.66293289e+01
 1.84264953e+02
 9.73117544e+01
 1.88448718e+02
 9.25389082e+01
 3.27221582e+01
 1.30070486e+01
 1.92015666e+00
 8.68853198e+00
 1.45521451e+02
 3.29784044e+02
 2.50505679e+02
 1.10920016e+02
 2.56340606e+02
 9.13948403e+01
 1.31969600e+02
 1.40854005e+02
 4.33169846e+01
 6.25353186e+01
 9.05466382e+01
 2.14621214e+02
 2.13080172e+02
 1.22505833e+02
 1.44997323e+02
 1.45856253e+02
 1.74616603e+01
 1.90304575e+02
 1.46887339e+02
 1.53894593e+02
 1.33848074e+01
 7.60045635e+00
 4.28512185e+01
 1.16662565e+01
 2.51235697e+02
 1.52109106e+02
 3.54450821e+02
 1.02418877e+02
 1.70505490e+02
 4.98671345e+01
 4.84125835e+01
 3.34341027e+01
 1.49178937e+01
 2.95395091e+01
 2.75997833e+01
 9.56766178e+01
 6.63988240e+01
 5.11578735e+02
 2.40090357e+02
 7.81704125e+01
 9.74915540e+01
 1.91756954e+01
 7.37962708e+00
 1.15440913e+01
 1.09571835e+02
 2.89927364e+01
 2.52526406e+01
 2.81333681e+02
 3.40460795e+01
 2.35260737e+02
 2.33833603e+02
 1.70866871e+02
 2.35149421e+02
 8.59790193e+01
 4.29953207e+01
 3.82318885e+01
 1.23373074e+01
 2.60710409e+01
 5.30362268e+01
 5.94748962e+01
 7.90130168e+01
 1.07448139e+02
 2.56107308e+02
 1.36603182e+02
 9.02016167e+01
 2.83954461e+02
 2.19126164e+01
 1.14855807e+02
 2.64127830e+01
 1.57387672e+01
 1.28356377e+01
 1.35602284e+02
 9.94435872e+01
 3.82997017e+02
 2.18158549e+02
 1.53747050e+02
 1.79689332e+02
 3.22680242e+02
 1.52801751e+02
 1.22809297e+02
 1.40492175e+01
 8.68379801e+00
 4.85220292e+01
 5.28308076e+00
 2.75656171e+02
 4.09368536e+01
 2.05086322e+02
 6.31066558e+02
 1.48039129e+02
 8.35095680e+01
 1.07611856e+02
 3.29038484e+01
 3.60877786e+01
 2.26654578e+01
 2.11735512e+00
 2.12905171e+02
 2.15612920e+02
 6.42538383e+02
 1.84403164e+02
 3.20604836e+02
 1.10976875e+02
 1.10510595e+02
 1.97010077e+02
 3.92994346e+01
 6.32851206e+00
 2.64796681e+02
 2.60795084e+01
 2.22176186e+02
 9.13108961e+01
 2.66167404e+02
 3.25912509e+02
 4.65302561e+01
 1.23695664e+02
 6.87721951e+01
 1.35100420e+02
 5.35713067e+00
 1.02890011e+00
 5.55798297e+00
 2.24643083e+01
 1.26964990e+01
 1.74323756e+02
 1.83867440e+02
 1.30305737e+02
 5.56649676e+00
 4.00593633e+01
 4.06258485e+01
 8.33932185e+01
 6.45574685e+01
 2.76982104e+01
 7.91366676e+01
 2.55286067e+01
 9.08466708e+01
 1.21526349e+02
 2.86390005e+02
 4.71919550e+02
 3.71459882e+02
 3.87396008e+02
 5.03143678e+01
 1.22385954e+02
 1.22314041e+02
 4.31406315e+01
 2.58411321e+01
 7.85274605e+01
 6.03533663e+01
 4.99780793e+01
 1.76322840e+02
 1.44199721e+02
 1.25506487e+01
 2.06175074e+02
 1.07563370e+01
 9.86915546e+00
 5.04726341e+01
 2.05424283e+01
 1.01604693e+01
 3.26939293e+01
 1.01232883e+02
 1.64224353e+02
 9.00307805e+01
 6.19988452e+01
 3.35965043e+02
 2.54143419e+02
 4.44672790e+01
 1.27202011e+02
 3.47009513e+02
 8.65764295e+01
 1.29062278e+01
 6.01565981e+01
 1.39547410e+02
 3.64554881e+02
 1.39833383e+02
 4.67786707e+02
 1.03413852e+02
 2.04363775e+02
 1.76753861e+02
 5.00257546e+01
 6.84587074e+01
 6.10714019e-01
 3.65917701e+01
 2.00804979e+01
 3.51127056e+02
 3.72409216e+02
 1.90707607e+02
 1.17119038e+02
 6.14217006e+00
 1.07280183e+02
 9.49356599e+01
 1.12430205e+02
 2.73862761e+01
 4.40929309e+01
 3.90232541e+00
 2.32487265e+01
 1.18406242e+00
 2.40341498e+02
 2.31538368e+02
 1.25317637e+02
 3.20899571e+02
 2.11761402e+02
 7.29350984e+01
 1.02183051e+02
 6.09176259e+01
 4.17630693e+01
 3.13876343e+01
 3.74798032e+01
 3.90509985e+01
 1.60677629e+02
 3.82854592e+02
 6.21032264e+02
 2.24586096e+02
 3.61212532e+01
 1.47616861e+02
 1.38417767e+02
 4.15525870e+01
 3.42500924e+01
 1.36068163e+01
 4.60680318e+01
 2.29251636e+00
 3.05997798e+02
 2.36544130e+02
 2.09336483e+02
 1.45811840e+02
 7.83984955e-01
 1.48596285e+02
 1.38525077e+02
 1.03849719e+02
 8.44245843e+00
 4.18345091e+01
 1.05534580e+01
 6.20393719e+01
 1.01717809e+02
 1.32412227e+02
 1.36729727e+02
 4.83341695e+02
 2.87793437e+02
 1.57027677e+02
 8.82655046e+01
 5.36070427e+01
 1.29348909e+01
 2.67422513e+01
 9.86679422e+00
 1.87714054e+02
 2.76061539e+02
 4.36486468e+02
 2.42322680e+02
 1.71160067e+02
 4.38770955e+01
 8.04528626e+01
 6.40173052e+01
 9.38489377e+00
 1.27149422e+02
 6.68069937e+00
 4.36072866e+01
 3.27690635e+01
 6.91789519e+01
 7.57242423e+01
 8.82639396e+01
 2.42619773e+02
 1.50277064e+02
 1.84677067e+02
 1.19620240e+02
 1.18218795e+01
 1.17496062e+01
 5.49614096e+01
 8.27903807e+00
 9.96927019e+01
 3.60941547e+02
 2.05976874e+02
 1.18095607e+02
 5.44824500e+01
 2.19897872e+01
 2.59359491e+02
 1.21889643e+02
 9.46608996e+01
 9.43034181e+00
 3.92746264e+01
 9.85723308e+01
 4.23615875e+02
 2.52209917e+02
 1.04040040e+02
 4.64618360e+02
 1.44039589e+02
 2.31752148e+02
 3.01568446e+02
 6.81439565e+01
 5.57166544e+01
 3.46444471e+01
 3.63001120e+00
 5.68384427e+01
 2.04834115e+02
 1.73921486e+02
 2.97172357e+01
 2.12003795e+02
 4.10249856e+02
 5.08865098e+01
 3.65671398e+01
 1.39161455e+02
 7.58867833e+01
 7.66012708e+00
 2.34029223e+01
 2.35434449e+01
 1.59747606e+02
 2.16251188e+02
 2.34926268e+02
 2.30286528e+02
 4.58237974e+02
 2.85620929e+02
 3.31401400e+02
 3.76562485e+01
 3.65686355e+01
 7.19464074e+01
 1.96049121e+01
 1.09574914e+01
 1.05468687e+02
 1.59444676e+02
 3.58779625e+02
 3.28785847e+02
 2.36129788e+02
 2.01303281e+02
 2.49756816e+02
 6.93787869e+01
 4.71436483e+01
 1.33444662e+01
 1.63106867e+01
 1.43677573e+00
 1.28347986e+02
 1.45699249e+02
 4.73378769e+02
 2.89496944e+02
 1.89882155e+02
 2.75404378e+02
 2.30622929e+02
 4.78383702e+01
 6.29799843e+01
 4.49756367e+00
 2.13764315e+01
 1.22473832e+02
 2.26740199e+01
 9.70111044e+01
 1.52270844e+02
 1.49074562e+01
 2.07972562e+02
 3.49466543e+01
 5.33671074e+01
 7.82956299e+01
 4.07507296e+01
 1.20823453e+01
 3.74140290e+01
 4.47249277e+00
 1.66566538e+02
 1.06321850e+02
 1.17736848e+02
 5.44463340e+01
 1.10460209e+02
 7.74262812e+01
 2.44178827e+02
 6.93714271e+01
 4.06792917e+01
 1.75139411e+01
 9.22214280e+00
 6.25025131e+00
 1.19117697e+02
 1.22168203e+02
 1.57417560e+02
 1.05494792e+02
 3.85127972e+02
 2.77004927e+02
 1.03482440e+02
 5.44087131e+01
 6.39112196e+01
 8.72665661e+01
 6.09250216e+01
 2.36059822e-01
 3.01167035e+01
 1.69789832e+02
 2.49671756e+02
 3.26965675e+02
 2.33621945e+02
 2.84206344e+02
 1.29967729e+02
 1.68280432e+02
 8.79567806e+01
 2.50485614e+01
 3.95072398e+00
 2.39716214e+01
 1.87189615e+02
 7.44775482e+02
 1.68993124e+02
 3.03548731e+02
 5.71008817e+01
 2.65225618e+02
 4.97218862e+01
 8.03072270e+01
 9.07595730e+01
 4.16290930e+01
 6.90366316e+01
 4.66876966e+00
 3.26068577e+02
 1.25275348e+02
 6.80113239e+01
 4.31018098e+02
 1.18981352e+02
 6.86351883e+01
 2.00820788e+01
 5.93581336e+01
 2.53051362e+01
 1.21336621e+00
 1.73291232e+01
 1.20813405e+01
 1.64936379e+02
 7.49607025e+01
 3.46630965e+02
 5.33139073e+02
 5.94964943e+02
 1.52705735e+02
 7.66501351e+01
 3.96750309e+01
 2.50867531e+02
 4.79496588e+01
 4.06048972e+00
 3.37670782e+01
 4.30145194e+01
 2.56205585e+02
 2.28593076e+02
 6.53202258e+01
 5.23083654e+02
 1.63050851e+02
 6.71289878e+01
 1.29125639e+02
 1.08102062e+02
 1.48242020e+01
 4.05643897e+00
 1.66098166e+01
 1.40176622e+02
 4.93622609e+01
 2.10228322e+02
 1.14485858e+02
 5.20136729e+02
 4.43034828e+02
 1.00125275e+02
 5.25086781e+01
 1.06114080e+02
 1.46545239e+01
 2.35422561e+01
 2.16772178e+01
 1.35340894e+02
 1.58407100e+02
 2.56545908e+02
 1.69490984e+02
 1.81622510e+02
 6.00986248e+01
 9.71270575e+01
 2.07651352e+02
 1.19812327e+02
 8.73007580e+01
 1.94806911e-01
 8.64194891e+00
 1.24979402e+01
 3.80493470e+02
 2.52270942e+02
 1.29657890e+02
 1.01755878e+02
 2.51228141e+02
 1.01725828e+02
 1.15030796e+02
 1.10610480e+02
 6.60849520e+01
 4.63485002e+00
 4.44644563e+00
 1.30484780e+02
 3.56909456e+02
 2.33916240e+02
 4.25784772e+02
 5.88328175e+01
 5.61003049e+01
 1.30276232e+02
 2.42716745e+01
 2.78762129e+00
 1.85330413e+01
 1.35715848e+02
 1.34112245e+01
 3.35632232e+02
 3.99985566e+02
 1.94975875e+01
 4.46338335e+02
 3.01022102e+02
 5.93820959e-01
 3.26887711e+00
 8.03109045e+01
 6.80681402e+01
 2.10369587e+01
 1.66172147e+01
 2.00347207e+01
 2.36047886e+02
 1.86843676e+02
 1.12287270e+02
 2.21809027e+02
 3.64583558e+01
 2.16896168e+02
 4.49372790e+01
 6.34197347e+01
 1.82831658e+02
 4.52523100e+01
 1.09946183e+01
 3.36088679e+01
 2.44990727e+01
 1.66088860e+02
 3.74538554e+02
 4.03105426e+02
 1.96571561e+02
 5.52136016e+02
 6.74154750e+01
 1.30588035e+02
 1.61426452e+02
 1.00700608e+02
 1.10747441e+02
 3.68926978e+01
 1.11896185e+02
 3.03492762e+02
 4.86175924e+02
 5.28013320e+02
 4.14607784e+02
 5.70371711e+01
 1.08895640e+02
 1.08278890e+02
 3.23984023e+01
 1.98078053e+00
 1.44001600e+01
 9.43168111e+01
 1.02402234e+02
 2.65002259e+02
 1.97558600e+02
 2.60294152e+02
 4.00007665e+02
 4.31800459e+02
 7.13712947e+01
 6.52923105e+01
 2.65059529e-01
 2.37356575e+00
 1.32892983e+01
 6.19067696e+01
 3.32827291e+01
 1.26777838e+02
 5.17755641e+02
 3.94201316e+02
 4.03795211e+01
 1.19984415e+02
 1.06834334e+02
 6.41084804e+01
 4.20369984e+01
 1.82903660e+01
 5.49729514e+00
 1.75630629e+00
 2.12178844e+00
 1.29055557e+02
 2.61221449e+01
 6.37950716e+01
 9.09920054e+01
 1.24974467e+02
 2.14971177e+01
 5.44057144e+01
 1.75080784e+01
 7.77784200e+00
 1.08765374e+00
 3.46468411e+01
 3.21163730e+02
 1.96141365e+02
 1.15804008e+02
 2.67905999e+02
 3.62589173e+02
 1.57340569e+02
 1.32727180e+02
 2.74775818e+02
 3.76292108e+02
 3.48042347e+01
 8.12879713e+00
 6.37233658e+01
 8.08965607e+01
 1.11380497e+02
 1.96538256e+02
 6.11764938e+02
 2.61226941e+02
 1.00132514e+02
 1.75490167e+02
 5.77774429e+01
 9.54356323e+01
 4.58776885e+01
 1.10242156e+01
 1.56748468e+01
 4.42579732e+01
 2.76160090e+02
 1.15026298e+02
 2.37371110e+02
 4.93343912e+02
 4.61339707e+01
 1.74881461e+02
 3.74328744e+01
 5.51358655e+01
 2.42446232e+01
 1.51324419e+01
 8.10554146e+01
 3.91023712e+01
 1.12622150e+02
 1.63467279e+02
 1.78606091e+02
 7.56589744e+01
 1.23884102e+02
 2.12313575e+02
 3.62613618e+01
 1.08030600e+02
 1.57328033e+01
 1.53966835e+01
 2.55800061e+01
 3.12409171e+01
 5.15702369e+02
 5.03487085e+02
 7.86476571e+01
 2.46475167e+02
 7.44889216e+01
 6.48710243e+01
 1.07168323e+02
 2.66966331e+00
 1.32759992e+02
 4.24050485e+00
 1.35220998e+01
 9.16108395e+01
 1.80455904e+02
 2.39514335e+02
 3.16142822e+02
 1.71904427e+02
 2.64371411e+02
 5.58569054e+00
 1.50808174e+02
 1.50089956e+02
 3.48917182e+01
 3.13889265e+00
 1.00696337e+01
 5.75847953e+01
 4.41890450e+02
 1.47963327e+01
 1.49132933e+02
 2.30573917e+02
 1.23600745e+02
 7.01697521e+01
 1.00453863e+02
 7.60600407e+01
 6.33036086e+01
 3.30735663e+00
 1.65707910e+02
 4.89548020e+01
 5.08770475e+01
 1.79465231e+02
 3.19475745e+02
 2.23700623e+02
 9.99953588e+01
 1.18787745e+01
 4.53344752e+01
 6.72762203e+00
 1.66973448e+01
 5.43854315e-01
 6.16340154e+00
 8.16380888e+01
 1.03175846e+02
 4.28571378e+02
 8.76629027e+01
 1.94404971e+02
 1.06063278e+02
 6.70568046e+01
 7.95501400e+01
 1.44005582e+02
 4.29943070e+00
 2.95544490e+00
 8.78159511e+01
 6.90892120e+01
 1.58910113e+02
 1.83828608e+02
 2.04013356e+02
 1.85820092e+02
 1.18949585e+02
 1.62501708e+02
 6.14403304e+01
 5.90219039e+01
 2.52197118e+01
 1.26806904e+01
 6.67224527e+00
 7.95703406e+00
 3.61152523e+02
 2.33237250e+02
 2.17508666e+02
 3.86390750e+02
 2.87130441e+02
 1.27259764e+02
 1.13998778e+02
 6.59592751e+00
 6.49975376e+00
 2.34953584e+01
 7.50174148e+00
 2.06203883e+02
 5.63076550e+01
 1.80166532e+02
 2.88609054e+02
 2.04157450e+02
 8.01554179e+01
 4.94527336e+01
 4.88488034e+01
 6.13206411e+01
 8.90893039e+00
 2.72269282e+01
 2.77440451e+01
 4.04520890e+02
 5.94424660e+02
 8.64565599e+01
 2.92984795e+02
 2.49935423e+02
 9.81552373e+01
 1.15492225e+02
 1.16375321e+02
 1.34292849e+02
 1.96700156e+01
 1.54098671e+01
 7.58846738e+01
 3.18611730e+02
 3.70129051e+02
 2.05417922e+02
 1.67969270e+02
 1.97420396e+02
 7.97354343e+01
 1.38235978e+02
 5.65307831e+01
 6.74369653e+01
 5.82050913e+01
 1.48480254e+01
 2.88490251e+01
 2.14863401e+01
 9.15901191e+01
 1.96590364e+02
 9.61140947e+01
 1.92860826e+02
 8.80206677e+01
 6.65903611e+01
 8.79427468e+01
 2.82532598e+01
 1.78389054e+01
 1.20934401e+01
 1.79674660e+01
 1.02953312e+02
 9.65276772e+01
 1.45472289e+02
 1.02646135e+02
 5.02716395e+02
 4.72982416e+01
 5.97767979e+01
 8.27542943e+01
 5.44814367e+01
 6.27145767e+01
 7.37495091e-01
 2.46205358e+00
 1.07646915e+02
 1.05165096e+02
 8.98551157e+01
 3.12842874e+02
 5.85530780e+01
 1.88896162e+02
 3.07202230e+02
 8.00348989e+01
 5.26709013e+01
 1.57891108e+02
 2.85075504e+01
 6.72535936e+01
 1.47212185e+01
 3.52080699e+02
 3.69858698e+02
 2.58507499e+02
 2.35540901e+02
 9.11995267e+01
 1.34696140e+01
 4.08263335e+01
 2.74275661e+01
 9.84088127e+00
 3.75159801e+01
 8.94056494e+01
 2.68123244e+02
 1.04969310e+02
 5.40957857e+01
 2.45266662e+02
 2.24632964e+02
 2.99204055e+02
 5.23614817e+01
 2.46726464e+02
 8.09465551e+01
 6.44249532e+01
 5.32828245e+00
 1.07550885e+02
 5.82550684e+01
 1.92984145e+02
 3.26779270e+02
 6.42479661e+02
 4.38087109e+02
 1.48129550e+02
 2.47476554e+02
 6.06010452e+01
 4.21436119e+01
 4.33032786e+01
 1.23413411e+01
 5.85884681e+01
 1.07372518e+01
 2.82773863e+02
 5.46157326e+00
 2.82334215e+02
 5.51180292e+01
 2.35052817e+01
 5.59856073e+01
 1.94197913e+02
 7.43895991e+01
 8.19276035e+00
 2.92310518e+01
 3.95521759e+01
 7.32522996e+01
 1.37112431e+02
 7.92649669e+02
 2.81534489e+02
 1.93292269e+02
 1.47835421e+02
 1.40091530e+02
 1.43974141e+01
 1.03408698e+02
 7.85566707e+01
 2.66490844e+01
 1.28435279e+01
 2.21905235e+02
 2.87480021e+02
 2.94452216e+02
 2.13359492e+02
 9.13570435e+01
 5.73894839e+01
 2.71922372e+01
 6.34299894e+01
 3.06992915e+01
 6.18073980e+01
 3.23056477e+00
 3.38199051e+01
 1.09968842e+02
 1.17793836e+02
 9.91355799e+01
 1.67779964e+02
 1.12596929e+00
 1.28494699e+02
 3.73162776e+02
 7.23882238e+01
 1.19893231e+02
 7.65416978e+01
 2.16831604e+00
 4.41232733e+01
 1.95678819e+02
 4.11576252e+01
 1.23368277e+02
 2.34330389e+02
 2.17543433e+02
 4.85238924e+02
 1.12087811e+02
 1.14003116e+02
 7.94559870e+01
 1.30608176e+00
 9.34206479e+00
 8.18044135e+01
 9.65057756e+01
 9.81740073e+01
 2.49407123e+02
 3.03548088e+02
 2.58223852e+02
 1.85278793e+01
 1.72098488e+02
 2.79030208e+02
 5.44835462e+01
 4.23682118e+01
 9.79105562e+00
 9.67869068e+00
 7.49280317e+01
 2.11787693e+02
 8.13189992e+01
 1.52339642e+01
 2.12478618e+02
 2.03536464e+02
 3.13297195e+02
 8.57964002e+01
 4.99618964e+00
 4.51364209e-01
 2.83042767e+01
 7.53703923e+01
 5.87841938e+01
 3.76723481e+00
 1.13333036e+02
 8.09396953e+01
 3.03160103e+02
 1.80798398e+02
 2.80613568e+02
 1.34476583e+02
 3.84979060e+01
 5.98179607e+01
 2.85933557e+01
 7.45941444e+01
 1.37536492e+02
 4.04511363e+02
 3.97831691e+02
 2.00049843e+02
 3.13851023e+02
 5.29180751e+01
 8.29594823e+01
 1.81799366e+01
 7.30670852e+01
 1.70023406e+01
 2.48852786e+01
 5.68711666e+00
 1.25906369e+02
 1.69240331e+02
 9.52569233e+01
 2.29017552e+02
 2.45570362e+02
 2.75761645e+02
 1.71621170e+02
 7.29788117e+01
 1.20620779e+01
 3.16081946e+01
 2.46659640e+01
 4.02874845e+01
 1.49615673e+02
 5.49130201e+02
 9.22437853e+01
 3.24603037e+02
 5.35092084e+01
 1.50691717e+01
 3.31404537e+01
 4.42255211e+01
 1.30164406e+01
 1.75362526e+02
 3.91005091e+01
 4.68110235e+01
 6.61002374e+01
 2.58268440e+02
 1.53051222e+02
 1.78446017e+02
 1.59869143e+02
 1.61275848e+02
 2.52467548e+02
 7.07417001e+01
 1.69388341e+02
 9.16328860e+01
 1.93548638e+01
 1.41176399e+01
 4.00806592e+02
 1.79482541e+02
 2.17747046e+02
 2.02648714e+02
 2.22044305e+02
 3.00101062e+01
 2.71506037e+01
 2.44480371e+01
 6.58913658e+00
 9.64341575e+01
 4.60164813e+01
 2.05722793e+01
 2.29488496e+02
 8.39244289e+02
 2.49337004e+02
 1.94215100e+02
 7.59112212e+01
 7.92583322e+01
 9.47299356e+01
 1.78491545e+02
 3.75610045e+01
 1.15965952e+02
 1.13318054e+02
 9.29281308e+01
 1.03870193e+02
 3.35375421e+01
 2.32898009e+02
 4.82488787e+02
 3.43250175e+02
 2.86694862e+02
 1.34479086e+02
 1.45111462e+01
 3.10873424e+01
 6.69584856e+01
 1.19534559e+01
 2.49474110e+01
 1.69347773e+02
 1.87921144e+02
 2.08127775e+02
 1.02378439e+02
