 -1.82813110e+00
 2.32296143e+00
 4.33568726e+00
 9.01033936e+00
 1.43716980e+01
 1.92815186e+01
 1.96217590e+01
 2.17018982e+01
 1.69551636e+01
 9.31209717e+00
 2.71322021e+00
 -2.21298828e+00
 1.30135498e+00
 3.00042114e+00
 4.70742188e+00
 1.13559204e+01
 1.38309265e+01
 1.52538696e+01
 1.97521301e+01
 2.18705078e+01
 1.52354370e+01
 7.28597412e+00
 3.80391846e+00
 -6.44638672e+00
 -7.44290771e+00
 6.30731201e-01
 3.62862549e+00
 8.72835693e+00
 1.23667847e+01
 1.84616638e+01
 2.35269104e+01
 2.26794067e+01
 1.36952759e+01
 7.03493652e+00
 4.96614990e+00
 -2.23754883e-02
 -3.07226562e-01
 1.25948486e+00
 4.72460327e+00
 7.66387329e+00
 1.32286926e+01
 1.64749390e+01
 2.00516907e+01
 1.95521790e+01
 1.65065857e+01
 9.87276611e+00
 6.72185669e+00
 -1.21343994e-01
 -1.13269653e+00
 1.83281860e+00
 5.14342651e+00
 1.05278259e+01
 1.07761169e+01
 1.70916077e+01
 1.99011169e+01
 1.75147949e+01
 1.37344604e+01
 8.61513672e+00
 5.78997192e+00
 -6.45513916e-01
 -3.41986694e+00
 1.74276123e+00
 7.79921875e+00
 1.01435181e+01
 1.28171326e+01
 1.64121643e+01
 1.95547119e+01
 1.85506226e+01
 1.27336365e+01
 6.92400513e+00
 8.48125610e+00
 1.11733398e+00
 1.80483398e+00
 1.79866943e+00
 4.24117432e+00
 1.00077759e+01
 1.55444885e+01
 2.06570679e+01
 2.40711609e+01
 1.99100281e+01
 1.48976990e+01
 9.44866333e+00
 4.63335571e+00
 2.95739746e-01
 -3.76724854e+00
 -2.29910889e+00
 4.40270386e+00
 8.97191772e+00
 1.43963562e+01
 1.87340027e+01
 2.27279297e+01
 2.26586243e+01
 1.72012878e+01
 1.06982361e+01
 4.77807007e+00
 6.74737549e-01
 -1.29019775e+00
 4.25957642e+00
 2.18264160e+00
 7.89901123e+00
 1.16957642e+01
 1.61818481e+01
 2.25374695e+01
 1.96106506e+01
 1.29727722e+01
 1.07010132e+01
 5.84929810e+00
 2.19027100e+00
 2.86858521e+00
 6.04100952e+00
 8.22539673e+00
 1.00645386e+01
 1.32973572e+01
 1.75019470e+01
 1.93899475e+01
 2.03081299e+01
 1.18262573e+01
 8.70083008e+00
 3.36007080e+00
 4.29024658e+00
 1.91274414e+00
 4.74309692e+00
 4.89800415e+00
 8.87496338e+00
 1.11280457e+01
 1.68756042e+01
 2.01367126e+01
 1.67363220e+01
 1.43103271e+01
 9.12633667e+00
 5.52358398e+00
 1.09487305e+00
 -5.87219238e-02
 3.78957520e+00
 6.28658447e+00
 8.76668701e+00
 1.20658508e+01
 1.50728394e+01
 2.16897827e+01
 2.06867310e+01
 1.35838562e+01
 1.00226074e+01
 3.51784668e+00
 5.86053467e-01
 -8.94445801e-01
 1.44817505e+00
 5.25646362e+00
 8.02770386e+00
 1.26856628e+01
 1.98538452e+01
 2.39088989e+01
 2.06078125e+01
 1.36415649e+01
 9.23079834e+00
 1.66387329e+00
 -5.12140503e+00
 -2.04425659e+00
 -1.41718140e+00
 6.58577881e+00
 7.11654053e+00
 1.21108948e+01
 1.65283447e+01
 2.25372253e+01
 2.37504822e+01
 1.49616943e+01
 8.19265137e+00
 7.87438354e+00
 4.42590332e-01
 -1.05310669e+00
 3.92208252e+00
 3.78688965e+00
 1.12161804e+01
 1.57349182e+01
 1.71345154e+01
 2.14952637e+01
 2.07745605e+01
 1.54293762e+01
 1.06574951e+01
 4.39257202e+00
 3.15859375e+00
 -9.31616211e-01
 -3.04871216e+00
 3.46660767e+00
 7.69667969e+00
 1.28647095e+01
 1.67712646e+01
 2.35965210e+01
 2.06899963e+01
 1.57326294e+01
 1.10403687e+01
 4.16045532e+00
 2.37691650e+00
 -1.49204102e+00
 -2.71002808e+00
 3.81127930e-01
 5.92940674e+00
 1.45688721e+01
 1.58694702e+01
 2.52828308e+01
 2.41364380e+01
 1.77603088e+01
 9.05761108e+00
 4.46111450e+00
 4.50158691e-01
 -1.29041138e+00
 -1.09189453e+00
 3.22985229e+00
 6.55401001e+00
 1.15946289e+01
 1.74013000e+01
 1.90277344e+01
 2.02692810e+01
 1.53889404e+01
 1.00604492e+01
 3.52672729e+00
 3.83843994e-01
 -1.38492432e+00
 3.06185303e+00
 3.96694336e+00
 9.02324829e+00
 1.33006836e+01
 1.79254700e+01
 2.26689087e+01
 2.19830566e+01
 1.55585266e+01
 9.09542236e+00
 3.21688232e+00
 1.63385010e-01
 1.17427979e+00
 4.76415405e+00
 6.84334717e+00
 8.60796509e+00
 1.15776611e+01
 1.48720642e+01
 1.89132629e+01
 1.66680237e+01
 1.46809326e+01
 9.04189453e+00
 3.96975098e+00
 -2.42682495e+00
 -3.49640503e+00
 2.81008301e+00
 3.47295532e+00
 8.30285034e+00
 1.09413696e+01
 1.68200317e+01
 2.28025452e+01
 2.35207764e+01
 1.57677246e+01
 9.80013428e+00
 4.63088379e+00
 -2.83005371e+00
 -3.23126221e-01
 -9.68265381e+00
 6.66497192e+00
 1.09654480e+01
 1.37810913e+01
 1.77604614e+01
 2.15245300e+01
 2.31989075e+01
 1.79828430e+01
 9.77755127e+00
 8.43261108e+00
 1.52434692e+00
 4.19494019e+00
 2.67708740e+00
 6.59047852e+00
 1.08334595e+01
 1.24969421e+01
 1.79873291e+01
 2.21808716e+01
 2.13264709e+01
 1.57952209e+01
 1.12921387e+01
 4.49520264e+00
 1.68419800e+00
 -6.59545898e-02
 1.12923584e+00
 2.35476074e+00
 5.63259277e+00
 1.16552979e+01
 1.66926514e+01
 2.35191284e+01
 2.23842407e+01
 1.36118713e+01
 1.00053040e+01
 4.55535278e+00
 2.52608643e+00
 3.20995483e+00
 3.29717407e+00
 2.88097534e+00
 1.13964478e+01
 1.31655212e+01
 1.60531250e+01
 2.04258667e+01
 1.83630920e+01
 1.56565491e+01
 6.85509644e+00
 6.50615845e+00
 3.89520264e-01
 -5.99292603e+00
 -7.67736816e-01
 2.62044678e+00
 1.11410156e+01
 1.08741699e+01
 1.61252075e+01
 2.05960327e+01
 1.92676025e+01
 1.35723206e+01
 1.02150818e+01
 6.38118896e+00
 1.73281250e+00
 -1.98553467e-01
 6.23925781e-01
 3.61693726e+00
 9.94030151e+00
 1.22450806e+01
 1.66225525e+01
 2.08968140e+01
 2.22527405e+01
 1.51431519e+01
 9.73314819e+00
 2.81365356e+00
 4.90594482e-01
 -1.24115601e+00
 3.32152710e+00
 4.31209717e+00
 8.65337524e+00
 1.25692383e+01
 1.41253296e+01
 1.75880066e+01
 2.05961853e+01
 1.45727173e+01
 7.08419189e+00
 7.33764038e+00
 1.89779053e+00
 1.66772461e-01
 1.59011230e+00
 6.09966431e+00
 1.02419373e+01
 1.52662598e+01
 1.53408447e+01
 2.38514954e+01
 1.99040466e+01
 1.47181030e+01
 8.73626099e+00
 5.71727905e+00
 3.59938965e+00
 2.98119507e+00
 -1.25098267e+00
 4.64476929e+00
 9.06688843e+00
 1.27020508e+01
 1.60981079e+01
 1.64397522e+01
 1.58874756e+01
 1.48414856e+01
 7.91161499e+00
 4.67119751e+00
 3.38182983e+00
 1.61385498e+00
 5.02095947e+00
 7.21126709e+00
 9.61037598e+00
 1.42829224e+01
 1.73981567e+01
 1.94484497e+01
 1.92992798e+01
 1.59323669e+01
 8.38015137e+00
 5.68422852e+00
 2.72341309e+00
 1.40712891e+00
 9.88580322e-01
 5.06655273e+00
 5.91323242e+00
 1.29907776e+01
 1.75374390e+01
 2.53933655e+01
 2.26182495e+01
 1.49189392e+01
 1.00500122e+01
 6.65953979e+00
 1.65117798e+00
 1.20937500e+00
 2.10070190e+00
 4.41741333e+00
 1.00212646e+01
 1.25785156e+01
 1.44046265e+01
 1.90736938e+01
 2.01756836e+01
 2.05857483e+01
 8.61495361e+00
 3.31655273e+00
 -4.08957520e+00
 -1.76935425e+00
 -1.38413086e+00
 4.33110962e+00
 1.03994080e+01
 1.27603699e+01
 1.64475952e+01
 2.11176086e+01
 2.04554077e+01
 1.47671448e+01
 1.03982483e+01
 7.65767822e+00
 2.28041992e+00
 -1.67944946e+00
 -1.01049805e-01
 6.29024658e+00
 1.04755798e+01
 1.47787415e+01
 1.98668152e+01
 2.07991577e+01
 2.09887939e+01
 1.58990112e+01
 1.24610535e+01
 4.37993774e+00
 3.33706055e+00
 2.69536743e+00
 -6.92435303e+00
 5.30297241e+00
 9.89602051e+00
 1.19243408e+01
 1.54389587e+01
 1.96613098e+01
 2.06040283e+01
 1.78790527e+01
 7.62874756e+00
 5.75695190e+00
 2.36898193e+00
 1.73153076e+00
 7.36108398e-01
 5.81139526e+00
 1.12605530e+01
 1.62973877e+01
 1.86073547e+01
 2.17147766e+01
 2.12985779e+01
 1.60233704e+01
 1.10186096e+01
 5.08004150e+00
 2.10347900e+00
 -1.49908447e-01
 4.05969238e-01
 7.80147705e+00
 9.10189209e+00
 1.65978638e+01
 1.66967102e+01
 2.27781616e+01
 2.11135498e+01
 1.99186340e+01
 1.11131836e+01
 6.82320557e+00
 4.19414673e+00
 9.67346191e-02
 3.21572266e+00
 7.73079834e+00
 8.50515137e+00
 1.29935547e+01
 1.88168884e+01
 2.14588562e+01
 2.11284119e+01
 1.69955078e+01
 8.28377686e+00
 2.98345337e+00
 -2.11817017e+00
 1.79403076e+00
 5.21865234e+00
 2.98436890e+00
 8.13848267e+00
 1.37890564e+01
 1.67742859e+01
 2.25590759e+01
 1.74617554e+01
 1.33520142e+01
 6.54488525e+00
 6.66521606e+00
 2.43898926e+00
 4.71962891e+00
 4.45101318e+00
 5.12450562e+00
 9.92846069e+00
 1.45761963e+01
 1.70480591e+01
 2.36492554e+01
 2.38763062e+01
 1.68378235e+01
 1.17210938e+01
 2.17373047e+00
 4.25048828e-02
 3.14180908e+00
 -3.96649780e+00
 3.31600342e+00
 9.70778809e+00
 1.28732849e+01
 1.81804138e+01
 2.33963867e+01
 2.22869507e+01
 1.66497437e+01
 9.47219238e+00
 6.25969849e+00
 4.72609863e+00
 3.41695557e+00
 1.10399780e+00
 6.53334961e+00
 9.30498657e+00
 1.39768616e+01
 1.65206848e+01
 1.83446899e+01
 1.65868469e+01
 1.47970520e+01
 9.70125732e+00
 8.41768799e+00
 2.02337036e+00
 4.44289551e+00
 2.34404907e+00
 3.86254272e+00
 8.06835327e+00
 1.38322388e+01
 1.90609680e+01
 2.27286621e+01
 2.13707214e+01
 1.67907043e+01
 1.05342957e+01
 6.18975220e+00
 5.33175049e+00
 1.79573975e+00
 -1.72000732e+00
 3.89443359e+00
 7.38454590e+00
 1.60217529e+01
 1.91851440e+01
 2.39869934e+01
 2.35932556e+01
 1.45197083e+01
 1.00497681e+01
 6.66268311e+00
 3.72594604e+00
 1.06401978e+00
 9.32550049e-01
 8.30391846e+00
 9.95488892e+00
 1.47470032e+01
 2.03093201e+01
 2.15733887e+01
 2.03862549e+01
 1.73597961e+01
 1.02189270e+01
 4.21938477e+00
 2.16304932e+00
 2.63240967e+00
 2.12581787e+00
 4.03173218e+00
 1.03470703e+01
 1.05596863e+01
 1.46755615e+01
 2.05748535e+01
 1.97389771e+01
 1.50614868e+01
 8.74791870e+00
 4.96688232e+00
 4.61206055e-01
 3.69812012e-02
 4.49569092e+00
 7.20928345e+00
 9.11205444e+00
 1.11985107e+01
 1.83340393e+01
 2.32236877e+01
 1.83695923e+01
 1.46317383e+01
 1.18752075e+01
 5.95009766e+00
 -3.33959961e-01
 -1.97611084e+00
 7.29821777e-01
 5.78280029e+00
 1.05942322e+01
 1.34896484e+01
 1.69296814e+01
 1.82511536e+01
 2.04485107e+01
 1.78640686e+01
 1.10006653e+01
 3.80806885e+00
 2.23092041e+00
 3.94823608e+00
 5.35997925e+00
 3.90270386e+00
 9.37246094e+00
 1.34017883e+01
 1.40790955e+01
 2.02972046e+01
 2.24932495e+01
 1.76417175e+01
 1.21221252e+01
 2.08199463e+00
 -8.50317383e-01
 -7.73870850e-01
 2.39840088e+00
 5.24184570e+00
 8.06493530e+00
 1.49978271e+01
 1.69111877e+01
 2.34454895e+01
 2.18135315e+01
 1.50057922e+01
 7.71453247e+00
 4.99263916e+00
 -3.67407227e-01
 1.92601929e+00
 1.28692017e+00
 6.50072632e+00
 1.03665405e+01
 1.26411987e+01
 1.74052063e+01
 2.27413269e+01
 2.24872375e+01
 1.56135498e+01
 9.43535767e+00
 4.97588501e+00
 2.56691895e+00
 7.74377441e-01
 4.16628418e+00
 8.98229370e+00
 1.08951355e+01
 1.21914917e+01
 1.58359314e+01
 2.09851013e+01
 2.02791992e+01
 1.42804810e+01
 1.11347595e+01
 3.60894775e-01
 -1.48221436e+00
 -1.96890869e+00
 -3.40625610e+00
 5.68764648e+00
 1.00661560e+01
 1.48037659e+01
 1.77997681e+01
 1.97870728e+01
 1.94955688e+01
 1.50200439e+01
 8.31640015e+00
 4.42601929e+00
 1.10296021e+00
 1.45363770e+00
 3.32216797e+00
 7.38933716e+00
 9.58498535e+00
 1.35231262e+01
 1.78251892e+01
 2.56333862e+01
 2.15389648e+01
 1.46689697e+01
 1.35179382e+01
 6.23165283e+00
 3.72570190e+00
 -4.13824463e-01
 2.77349243e+00
 8.93963013e+00
 1.18174377e+01
 1.28025452e+01
 1.69597412e+01
 2.11398254e+01
 2.16011902e+01
 1.66994263e+01
 8.09417114e+00
 7.68795166e+00
 1.27144775e+00
 7.37817383e-01
 5.38812256e-01
 7.79155884e+00
 8.17678223e+00
 1.36645752e+01
 1.62349792e+01
 1.92878052e+01
 2.03812805e+01
 1.54899231e+01
 9.79583130e+00
 8.22164307e+00
 2.01976929e+00
 6.84075928e-01
 2.40258179e+00
 6.78469238e+00
 1.00249268e+01
 1.28841492e+01
 1.69290710e+01
 2.42382141e+01
 2.16112000e+01
 1.84605042e+01
 1.26090637e+01
 5.41518555e+00
 2.98635254e+00
 -3.42777100e+00
 -9.01739502e-01
 6.53414307e+00
 8.12758789e+00
 1.33857666e+01
 1.88215271e+01
 2.19404541e+01
 2.26774536e+01
 1.62824951e+01
 8.94954834e+00
 4.82363281e+00
 3.49660645e+00
 1.32583008e+00
 3.47570190e+00
 4.80040894e+00
 8.82366333e+00
 1.40493408e+01
 1.62265869e+01
 2.07035461e+01
 2.03898560e+01
 1.69910217e+01
 1.15215088e+01
 6.39623413e+00
 -1.55484619e+00
 2.60253906e-02
 2.83455811e+00
 6.12075195e+00
 8.38744507e+00
 1.39836975e+01
 1.82852722e+01
 2.12036377e+01
 2.03739868e+01
 1.60370117e+01
 1.06137024e+01
 4.05596313e+00
 1.75234375e+00
 3.16713867e+00
 2.17644653e+00
 5.45787964e+00
 1.12827087e+01
 1.49494263e+01
 1.69383789e+01
 2.01126038e+01
 2.04197021e+01
 1.84286133e+01
 9.01049194e+00
 4.85430298e+00
 5.10363159e+00
 3.43587646e+00
 2.33254395e+00
 5.30770264e+00
 1.05799500e+01
 1.54543091e+01
 1.88078247e+01
 2.41541382e+01
 2.20196167e+01
 1.56517883e+01
 9.60988770e+00
 5.08623657e+00
 1.22478638e+00
 2.23613892e+00
 4.97368774e+00
 5.60253296e+00
 9.59090576e+00
 1.20818115e+01
 1.86344238e+01
 2.29270264e+01
 2.19200684e+01
 1.56747986e+01
 1.01829468e+01
 6.57723389e+00
 4.14669189e+00
 8.24426270e-01
 -5.42425537e-01
 5.72915039e+00
 9.67269287e+00
 1.36308533e+01
 1.58392273e+01
 2.07472778e+01
 2.25299622e+01
 1.56339966e+01
 1.19291931e+01
 7.94082031e+00
 4.83364258e+00
 3.46337280e+00
 2.44371948e+00
 5.20311890e+00
 1.14867493e+01
 1.64142700e+01
 2.06153503e+01
 2.10977722e+01
 2.19093567e+01
 1.66519409e+01
 8.69408569e+00
 3.74413452e+00
 3.28066406e+00
 5.98229980e-01
 9.37585449e-01
 6.07091675e+00
 1.13664795e+01
 1.42193542e+01
 1.80227905e+01
 2.19913879e+01
 2.06335693e+01
 1.50564514e+01
 1.07219177e+01
 4.28707275e+00
 2.94768677e+00
 2.79692993e+00
 2.34069214e+00
 7.36257324e+00
 1.14672791e+01
 1.64854675e+01
 2.00488220e+01
 2.40729309e+01
 2.70224854e+01
 1.92054077e+01
 1.28958069e+01
 5.55266724e+00
 4.11119995e+00
 4.37474976e+00
 6.02486572e+00
 9.20629272e+00
 1.17995850e+01
 1.88443237e+01
 1.92361389e+01
 2.59462524e+01
 2.38824097e+01
 1.52322632e+01
 1.03329712e+01
 4.70388184e+00
 3.99068604e+00
 3.90825806e+00
 2.42711792e+00
 3.49840698e+00
 8.79842529e+00
 1.25662781e+01
 1.97927185e+01
 2.21736389e+01
 2.35426575e+01
 1.57831970e+01
 1.00530334e+01
 5.35891113e+00
 3.48394165e+00
 1.37673340e+00
 2.02553711e+00
 4.60415039e+00
 7.13137207e+00
 1.45486389e+01
 1.97905212e+01
 2.24694458e+01
 2.10992676e+01
 1.86045471e+01
 9.76806030e+00
 7.44973145e+00
 3.31731567e+00
 2.38265381e+00
 2.26510010e+00
 5.43413696e+00
 1.11704956e+01
 1.57282043e+01
 1.93631226e+01
 2.52437988e+01
 2.32613770e+01
 1.64488159e+01
 1.06447693e+01
 6.87374268e+00
 3.94603882e+00
 -3.49792480e-02
 5.11574707e+00
 7.07537231e+00
 9.07808838e+00
 1.48082825e+01
 1.87472473e+01
 2.14293152e+01
 2.44674316e+01
 1.47327820e+01
 1.19358154e+01
 6.74694214e+00
 1.75319824e+00
 1.15059814e+00
 6.13634644e+00
 5.51030884e+00
 7.02678833e+00
 1.47209106e+01
 1.84142090e+01
 2.37540222e+01
 2.22925049e+01
 1.65732666e+01
 1.23694397e+01
 5.63979492e+00
 -3.16556396e+00
 -3.52213135e+00
 4.86589966e+00
 5.20638428e+00
 9.90072021e+00
 1.33799988e+01
 1.69302612e+01
 2.27214600e+01
 2.15847107e+01
 1.79830261e+01
 1.11582886e+01
 6.74981079e+00
 4.42574463e+00
 -7.12085571e+00
 -2.10932007e+00
 3.78069458e+00
 7.47625122e+00
 1.22139832e+01
 1.79135071e+01
 2.46642395e+01
 2.25913940e+01
 1.66641174e+01
 1.19565063e+01
 8.57659302e+00
 -1.44376221e+00
 1.65944824e+00
 1.49279175e+00
 7.77333984e+00
 8.38726196e+00
 1.28231140e+01
 2.02452332e+01
 2.59152771e+01
 2.29259583e+01
 1.83276611e+01
 1.03967224e+01
 7.56063232e+00
 2.78426514e+00
 2.35997925e+00
 1.95449219e+00
 3.99581299e+00
 1.12060181e+01
 1.67115112e+01
 1.72984863e+01
 2.35308167e+01
 2.28822266e+01
 1.79907776e+01
 1.14213196e+01
 5.44115601e+00
 6.05028687e+00
 8.76245117e-01
 4.23128662e+00
 6.69637451e+00
 9.45433960e+00
 1.38998962e+01
 1.60081726e+01
 1.86693054e+01
 1.97333923e+01
 1.65909668e+01
 1.04238525e+01
 5.16274414e+00
 4.25188599e+00
 4.78479004e-01
 2.52498779e+00
 5.73546753e+00
 1.11723267e+01
 1.35723816e+01
 1.52632996e+01
 2.41606995e+01
 2.25947815e+01
 1.74979492e+01
 1.15474792e+01
 1.22625122e+00
 2.64733276e+00
 1.68178711e+00
 2.85936890e+00
 3.67162476e+00
 1.13013245e+01
 1.28554016e+01
 1.87578674e+01
 2.31541382e+01
 2.42452026e+01
 1.69739624e+01
 1.10740906e+01
 4.15419922e+00
 -6.52526855e-02
 4.40515137e-01
 3.17473755e+00
 3.85109863e+00
 1.09116760e+01
 1.67343079e+01
 2.22405029e+01
 2.17632690e+01
 2.29185120e+01
 1.48164612e+01
 8.41924438e+00
 6.09688721e+00
 4.14779053e+00
 9.19366455e-01
 2.95101318e+00
 9.94802246e+00
 9.80480347e+00
 1.53332458e+01
 1.96216980e+01
 2.54642578e+01
 2.47962280e+01
 1.63043762e+01
 9.96843872e+00
 6.29705200e+00
 2.33455811e+00
 4.54653320e+00
 3.10195313e+00
 3.52227173e+00
 1.13716064e+01
 1.40794922e+01
 1.61845337e+01
 2.38260742e+01
 2.39042908e+01
 1.49276062e+01
 1.08806091e+01
 4.03557739e+00
 1.16463623e+00
 2.42925415e+00
 2.93312988e+00
 5.44503174e+00
 9.08516846e+00
 1.53070618e+01
 2.05324951e+01
 2.44576355e+01
 2.41533447e+01
 1.71715942e+01
 1.22950073e+01
 4.27297363e+00
 2.97479248e-01
 2.95855103e+00
 3.16729126e+00
 5.05239258e+00
 1.09482666e+01
 1.37260986e+01
 1.74662109e+01
 2.42253662e+01
 2.44905640e+01
 1.68957153e+01
 9.49596558e+00
 8.08147583e+00
 4.80068359e+00
 1.04378662e+00
 3.30748901e+00
 5.96422729e+00
 8.22799072e+00
 1.46301819e+01
 1.66360718e+01
 1.80360657e+01
 1.95953918e+01
 1.89335266e+01
 1.17115417e+01
 7.73751221e+00
 3.55294189e+00
 6.33770142e+00
 1.59975586e+00
 7.03768311e+00
 1.04186035e+01
 1.36607910e+01
 1.68306519e+01
 2.01676270e+01
 2.43392578e+01
 1.99924561e+01
 1.22864014e+01
 6.03362427e+00
 7.33850098e-01
 -7.17291260e-01
 3.51534424e+00
 8.89156494e+00
 1.17118774e+01
 1.81000610e+01
 2.01616150e+01
 2.55691467e+01
 2.70802246e+01
 1.91802917e+01
 1.26701904e+01
 4.12282715e+00
 6.37224731e+00
 3.06951294e+00
 2.86922607e+00
 6.31807861e+00
 1.31456238e+01
 1.51684204e+01
 2.10512329e+01
 2.53925110e+01
 2.28261047e+01
 1.77691895e+01
 8.56490479e+00
 5.82232056e+00
 2.95269165e+00
 4.53289185e+00
 4.95260010e+00
 8.25789795e+00
 1.24160095e+01
 1.43206116e+01
 1.73088318e+01
 2.07276855e+01
 2.52896667e+01
 1.87624451e+01
 1.23061768e+01
 6.37352905e+00
 6.85632324e-01
 4.48183594e+00
 3.16607056e+00
 5.37468872e+00
 9.04314575e+00
 1.52161804e+01
 1.70393616e+01
 2.27893005e+01
 2.09153687e+01
 1.66163879e+01
 1.09241882e+01
 6.77739868e+00
 4.08471680e-01
 4.68605957e+00
 5.70086060e+00
 5.82131348e+00
 1.03981262e+01
 1.50806213e+01
 2.18902527e+01
 2.46924988e+01
 2.43769775e+01
 1.83361755e+01
 1.22923828e+01
 6.12783203e+00
 2.44042969e-01
 9.40026855e-01
 -6.64312744e-01
 6.26506958e+00
 9.05520020e+00
 1.36986328e+01
 2.00085693e+01
 2.27523743e+01
 2.07817017e+01
 1.62868896e+01
 1.02692505e+01
 8.80233154e+00
 -1.23132935e+00
 -6.76000977e-01
 6.32091675e+00
 7.88143311e+00
 1.05114380e+01
 1.70996338e+01
 1.98826233e+01
 2.42445007e+01
 2.10953308e+01
 1.69143311e+01
 1.22221924e+01
 7.85503540e+00
 -5.51733398e-01
 3.81322632e+00
 5.20583496e+00
 7.38302002e+00
 1.02363220e+01
 1.61264282e+01
 1.82683350e+01
 2.19444214e+01
 2.35045105e+01
 2.29486633e+01
 1.19452759e+01
 8.32674561e+00
 6.25631104e+00
 4.95937500e+00
 6.00640869e-01
 5.99447021e+00
 1.05000549e+01
 1.43393799e+01
 1.93469177e+01
 2.08713318e+01
 2.38082214e+01
 1.71551453e+01
 1.13837830e+01
 8.99779663e+00
 2.75731812e+00
 3.05178223e+00
 6.20961914e+00
 7.44619141e+00
 1.01213928e+01
 1.33121582e+01
 1.53452698e+01
 2.04774414e+01
 2.18359314e+01
 1.70231873e+01
 1.00731750e+01
 8.11235962e+00
 3.40816650e+00
 3.16228638e+00
 -2.10150146e-01
 1.47789917e+00
 7.37581787e+00
 1.51017090e+01
 1.81759277e+01
 2.49898926e+01
 2.46553894e+01
 1.91561523e+01
 1.19457642e+01
 6.83825073e+00
 6.06261597e+00
 7.54333496e-02
 4.35122070e+00
 6.56343994e+00
 1.10718018e+01
 1.36863647e+01
 1.86678101e+01
 2.31582275e+01
 2.16387573e+01
 1.72315002e+01
 1.20454041e+01
 6.90310059e+00
 2.41024170e+00
