 -4.06286621e-01
 4.60646973e+00
 3.41076050e+00
 8.12151489e+00
 1.47335144e+01
 1.72986084e+01
 1.89015442e+01
 2.17371155e+01
 1.80381409e+01
 1.12021729e+01
 2.83986816e+00
 4.36882935e+00
 3.42855225e+00
 2.91890869e+00
 4.73406372e+00
 1.22743774e+01
 1.48141724e+01
 1.50299927e+01
 1.75895325e+01
 1.90813232e+01
 1.40588318e+01
 1.14597107e+01
 5.62954102e+00
 -2.41858521e+00
 -7.81866455e-01
 2.14962158e+00
 5.63500366e+00
 9.37777100e+00
 1.26858765e+01
 1.83675476e+01
 2.17003723e+01
 2.02079407e+01
 1.31338135e+01
 8.43752441e+00
 5.48134766e+00
 2.40868530e+00
 1.81240234e+00
 1.76156006e+00
 4.19915161e+00
 8.11739502e+00
 1.27524963e+01
 1.64067932e+01
 1.79283081e+01
 1.89820801e+01
 1.66601196e+01
 1.05021301e+01
 8.26577148e+00
 3.30532227e+00
 1.07070313e+00
 3.93639526e+00
 5.73900757e+00
 1.13221680e+01
 1.05377136e+01
 1.72175842e+01
 1.91369873e+01
 1.78055359e+01
 1.48093506e+01
 8.40029297e+00
 5.40236816e+00
 1.41320801e-01
 2.66290283e-01
 1.81847534e+00
 7.46746216e+00
 9.36412964e+00
 1.32200867e+01
 1.61709229e+01
 1.81044861e+01
 1.89892517e+01
 1.38019653e+01
 1.04779297e+01
 9.99791870e+00
 2.71108398e+00
 2.58147583e+00
 3.28658447e+00
 4.03984985e+00
 8.64421997e+00
 1.43541504e+01
 1.62829529e+01
 1.97171875e+01
 1.70161682e+01
 1.20796143e+01
 1.05657898e+01
 5.41884766e+00
 3.85930786e+00
 -7.28308105e-01
 2.87404785e+00
 5.73833618e+00
 8.52114258e+00
 1.55165039e+01
 1.72271057e+01
 2.11991211e+01
 2.02854248e+01
 1.48338257e+01
 1.17298218e+01
 6.97213135e+00
 2.53750000e+00
 2.56609497e+00
 5.24294434e+00
 7.46606445e-01
 8.98632202e+00
 1.17594238e+01
 1.60426880e+01
 1.99621216e+01
 1.76208740e+01
 1.26698547e+01
 1.14416443e+01
 6.92577515e+00
 5.02837524e+00
 4.04946289e+00
 5.52767334e+00
 7.16420898e+00
 9.06704102e+00
 1.25677429e+01
 1.76295105e+01
 1.72997986e+01
 1.87044006e+01
 1.21871582e+01
 9.12996826e+00
 4.07265625e+00
 5.73229370e+00
 2.95574341e+00
 4.52044067e+00
 4.21248779e+00
 9.77016602e+00
 1.38142944e+01
 1.72608887e+01
 1.94988342e+01
 1.54386536e+01
 1.49358154e+01
 1.10518738e+01
 7.86840210e+00
 2.73922119e+00
 2.27874146e+00
 5.71303711e+00
 6.46923218e+00
 8.87932739e+00
 1.04362122e+01
 1.51643616e+01
 2.06554810e+01
 1.94912964e+01
 1.30765625e+01
 1.10330444e+01
 6.22960815e+00
 2.59984741e+00
 2.47649536e+00
 2.47048340e+00
 5.99123535e+00
 8.46108398e+00
 1.19446960e+01
 1.39136902e+01
 1.75394531e+01
 1.74756409e+01
 1.32098633e+01
 1.03998657e+01
 4.19008789e+00
 -8.07806396e-01
 2.92565308e+00
 -2.26477051e-01
 6.45086060e+00
 7.05736694e+00
 1.23141418e+01
 1.57506653e+01
 1.97245728e+01
 2.10797974e+01
 1.52487427e+01
 8.56405029e+00
 7.92058716e+00
 2.20238647e+00
 6.99670410e-01
 3.30336914e+00
 2.81569824e+00
 1.09806458e+01
 1.50521790e+01
 1.60304199e+01
 1.87677551e+01
 1.86163879e+01
 1.47393738e+01
 1.25371033e+01
 8.82195435e+00
 6.05254517e+00
 -1.35233154e+00
 8.47283936e-01
 4.48967896e+00
 9.93587646e+00
 1.30429321e+01
 1.63553406e+01
 2.16941772e+01
 1.78733459e+01
 1.48723389e+01
 1.26109558e+01
 5.99205933e+00
 2.38103638e+00
 -1.28436890e+00
 -5.30490723e+00
 -1.07013550e+00
 6.25487671e+00
 1.48540894e+01
 1.55816895e+01
 2.14696899e+01
 2.31054321e+01
 1.66333862e+01
 8.99562988e+00
 3.22713623e+00
 2.64104614e+00
 7.50207520e-01
 2.17196045e+00
 2.86498413e+00
 5.78008423e+00
 1.23364502e+01
 1.64898010e+01
 1.98506409e+01
 1.80682312e+01
 1.52499023e+01
 1.01480957e+01
 6.34853516e+00
 3.40850220e+00
 1.27709351e+00
 5.27501831e+00
 3.47805176e+00
 9.17144165e+00
 1.17017456e+01
 1.86519714e+01
 2.14296814e+01
 2.02859436e+01
 1.66005188e+01
 1.03823181e+01
 4.79241333e+00
 2.40404663e+00
 2.74056396e+00
 5.10454712e+00
 6.87413940e+00
 8.49819336e+00
 1.25302368e+01
 1.51148926e+01
 1.74962402e+01
 1.63300720e+01
 1.44545837e+01
 9.87413940e+00
 5.26693115e+00
 -3.88433838e-01
 2.47247314e-01
 2.53237305e+00
 3.32094727e+00
 8.65422974e+00
 1.13747498e+01
 1.57800842e+01
 1.97261292e+01
 2.16033875e+01
 1.57587524e+01
 1.10033203e+01
 6.91536865e+00
 1.24801025e+00
 1.52581787e-01
 -4.57974854e+00
 6.76711426e+00
 1.04496094e+01
 1.44571777e+01
 1.82757202e+01
 1.79512878e+01
 1.99309021e+01
 1.58741394e+01
 8.89534912e+00
 8.62709961e+00
 2.52245483e+00
 5.24550781e+00
 2.74422607e+00
 5.94671021e+00
 7.71712646e+00
 1.19453674e+01
 1.63280273e+01
 2.02920776e+01
 1.79460693e+01
 1.51998230e+01
 1.13036438e+01
 5.69417725e+00
 4.73452148e+00
 5.82201538e+00
 2.25769043e-02
 1.67092285e+00
 6.94442139e+00
 1.09263855e+01
 1.41704651e+01
 1.96142822e+01
 1.98875977e+01
 1.39395081e+01
 1.07295471e+01
 6.24151001e+00
 4.99859009e+00
 4.10900269e+00
 3.79479370e+00
 4.99306641e+00
 1.25666443e+01
 1.15102783e+01
 1.43823792e+01
 1.82311646e+01
 1.66594177e+01
 1.52442566e+01
 9.06301270e+00
 8.09429321e+00
 1.41130981e+00
 4.75915527e-01
 2.85119019e+00
 4.48629150e+00
 1.12450195e+01
 1.31184021e+01
 1.55073792e+01
 2.00231262e+01
 1.80533386e+01
 1.38286682e+01
 1.10188843e+01
 5.20885620e+00
 4.32888184e+00
 2.20650635e+00
 4.98803711e-01
 3.78334961e+00
 8.92153320e+00
 1.20905396e+01
 1.75566345e+01
 2.07943054e+01
 2.09588867e+01
 1.52602783e+01
 1.01764771e+01
 7.13134155e+00
 3.99016724e+00
 1.96654663e+00
 3.42809448e+00
 4.18831787e+00
 8.10250244e+00
 1.44132629e+01
 1.55506531e+01
 1.81981140e+01
 1.98215271e+01
 1.67358337e+01
 8.61892090e+00
 9.23763428e+00
 5.76497803e+00
 1.00280151e+00
 2.13527832e+00
 4.79845581e+00
 9.55730591e+00
 1.60658813e+01
 1.70547729e+01
 2.29727722e+01
 1.77961975e+01
 1.40344788e+01
 1.02307373e+01
 8.99779663e+00
 6.18547974e+00
 3.74288330e+00
 -3.27976074e+00
 2.32698975e+00
 8.25759277e+00
 1.18148132e+01
 1.64567810e+01
 1.64514709e+01
 1.67055908e+01
 1.57767578e+01
 1.02930847e+01
 7.55266724e+00
 5.78450928e+00
 3.71868286e+00
 5.37081299e+00
 6.53276978e+00
 9.22380981e+00
 1.47428528e+01
 1.60138794e+01
 1.75653320e+01
 1.77734924e+01
 1.72993103e+01
 9.09914551e+00
 8.50042114e+00
 3.09874878e+00
 2.64705811e+00
 2.15584717e+00
 4.30004272e+00
 6.64525757e+00
 1.38453918e+01
 1.77862488e+01
 2.43168274e+01
 2.19609924e+01
 1.66520630e+01
 1.31646667e+01
 1.01838928e+01
 4.09047852e+00
 3.44960938e+00
 3.22954712e+00
 3.63488159e+00
 1.01458984e+01
 1.14126526e+01
 1.64652344e+01
 1.78585449e+01
 1.93980042e+01
 1.96000000e+01
 9.13500366e+00
 4.03695068e+00
 6.07019043e-01
 2.47377930e+00
 1.62124023e+00
 4.82058105e+00
 9.54650269e+00
 1.27528625e+01
 1.59934021e+01
 2.12125183e+01
 2.00876709e+01
 1.46743713e+01
 1.21859680e+01
 9.79915771e+00
 3.68938599e+00
 4.91418457e-01
 2.36177979e+00
 6.83413086e+00
 1.06338745e+01
 1.45344788e+01
 1.91837708e+01
 2.04232422e+01
 1.92607971e+01
 1.42596069e+01
 1.36959778e+01
 5.99755249e+00
 6.93288574e+00
 5.10787354e+00
 7.53212891e+00
 8.05758057e+00
 9.70736084e+00
 1.14419189e+01
 1.49433533e+01
 2.21302124e+01
 2.34124695e+01
 1.69658142e+01
 1.00669495e+01
 5.97588501e+00
 2.66903076e+00
 3.67876587e+00
 1.60338745e+00
 5.97142944e+00
 9.20800171e+00
 1.28186279e+01
 1.61404663e+01
 2.00433594e+01
 1.85002686e+01
 1.58131958e+01
 8.87026367e+00
 8.23415527e+00
 2.81301270e+00
 -1.38791504e+00
 3.55217896e+00
 4.57955322e+00
 1.07261597e+01
 1.41101318e+01
 1.72813660e+01
 2.33150879e+01
 2.05757996e+01
 1.42607361e+01
 1.20622192e+01
 7.22921143e+00
 5.20626221e+00
 2.01644287e+00
 4.98040161e+00
 1.94246826e+00
 7.25951538e+00
 1.36184937e+01
 1.69181458e+01
 2.09838501e+01
 2.05327698e+01
 1.55320679e+01
 1.02006775e+01
 7.39663086e+00
 3.26189575e+00
 3.71135864e+00
 5.72783813e+00
 5.69133911e+00
 8.77016602e+00
 1.31446472e+01
 1.59258972e+01
 2.11084229e+01
 2.24104858e+01
 1.57475220e+01
 9.78667603e+00
 8.67412720e+00
 2.33965454e+00
 3.03377686e+00
 9.79913330e-01
 1.79152832e+00
 9.29128418e+00
 1.37793213e+01
 1.70411926e+01
 2.28754211e+01
 2.20177246e+01
 1.41095520e+01
 1.12681213e+01
 4.99898682e+00
 2.13912354e+00
 4.62579346e-01
 1.45202637e-02
 2.62728271e+00
 1.23286987e+01
 1.23325134e+01
 1.49751831e+01
 2.09125916e+01
 1.88534790e+01
 1.39932495e+01
 1.09517761e+01
 7.05101929e+00
 5.12445068e-01
 -7.30932617e-01
 2.34334717e+00
 6.34050903e+00
 8.58645020e+00
 1.33837524e+01
 1.58941284e+01
 2.12326904e+01
 2.01195007e+01
 1.69291016e+01
 1.07717834e+01
 6.18111572e+00
 3.90438232e+00
 4.50643311e+00
 -6.75848389e-01
 3.13582764e+00
 7.64333496e+00
 1.36882263e+01
 1.65237061e+01
 2.10580078e+01
 2.07853333e+01
 1.89750000e+01
 1.19166809e+01
 7.77459106e+00
 4.07393799e+00
 2.10241089e+00
 3.98082886e+00
 8.66027832e-02
 6.83550415e+00
 1.04598938e+01
 1.55851685e+01
 1.94046570e+01
 2.11969238e+01
 1.50664001e+01
 6.38399658e+00
 3.92754517e+00
 1.87966309e+00
 4.41411743e+00
 3.26476440e+00
 4.31469116e+00
 7.68169556e+00
 1.07897888e+01
 1.46970459e+01
 2.12818848e+01
 1.88791138e+01
 1.53013550e+01
 1.00952393e+01
 4.05184326e+00
 4.56786499e+00
 1.00972900e+00
 2.58986816e+00
 5.12786255e+00
 8.51760254e+00
 1.11977478e+01
 1.39870850e+01
 2.02315002e+01
 1.88855225e+01
 1.55968872e+01
 1.24081055e+01
 5.44741211e+00
 5.87548218e+00
 3.78078613e+00
 2.06716309e+00
 3.25530396e+00
 1.14139038e+01
 1.65169312e+01
 1.81879211e+01
 1.94392029e+01
 1.82926270e+01
 1.78927551e+01
 1.35454041e+01
 5.63427124e+00
 4.00475464e+00
 -2.34289551e-01
 1.13982544e+00
 5.32369385e+00
 1.31407104e+01
 1.21451660e+01
 1.65500122e+01
 2.12711426e+01
 2.11196228e+01
 1.57550293e+01
 1.16395508e+01
 6.03142700e+00
 4.12062988e+00
 5.11824951e+00
 4.81942139e+00
 5.99297485e+00
 6.18642578e+00
 1.36443726e+01
 1.54753357e+01
 1.78698669e+01
 1.77643982e+01
 1.49802795e+01
 1.26521545e+01
 7.47258911e+00
 3.93557129e+00
 4.44259033e+00
 4.49376831e+00
 3.52285156e+00
 1.01176086e+01
 1.15419556e+01
 1.76836487e+01
 1.80411621e+01
 1.90599915e+01
 1.49402710e+01
 8.94512329e+00
 9.50960693e+00
 1.17888794e+00
 6.48004150e-01
 -1.57355347e+00
 1.69786987e+00
 7.83141479e+00
 1.32860046e+01
 1.45449768e+01
 1.87026306e+01
 1.90324036e+01
 1.65429016e+01
 9.77462158e+00
 2.48232422e+00
 5.20653687e+00
 2.96288452e+00
 2.82332764e+00
 5.96279297e+00
 1.01373230e+01
 1.28427368e+01
 1.61931396e+01
 1.67637573e+01
 1.68932129e+01
 1.56810242e+01
 1.24089294e+01
 7.64934692e+00
 9.73992920e-01
 6.85205078e-01
 6.35900269e+00
 2.28048096e+00
 9.87947998e+00
 1.74952026e+01
 1.89428955e+01
 2.13294312e+01
 2.03044983e+01
 1.77655884e+01
 1.09828735e+01
 5.42742310e+00
 -5.72302246e-01
 2.78192139e-01
 2.41655884e+00
 4.26754150e+00
 1.08174072e+01
 1.75842834e+01
 1.85279175e+01
 2.07162415e+01
 2.19778076e+01
 1.63070923e+01
 1.23712708e+01
 5.68801270e+00
 2.91182861e+00
 3.90813599e+00
 7.28356934e-01
 3.86028442e+00
 9.09877930e+00
 1.40687195e+01
 1.73991638e+01
 2.34585205e+01
 2.12672363e+01
 1.53213135e+01
 1.13939453e+01
 6.98027954e+00
 4.59697876e+00
 1.58358154e+00
 3.43554077e+00
 6.97408447e+00
 7.00420532e+00
 1.14578491e+01
 1.58572632e+01
 1.96737610e+01
 1.74790894e+01
 1.42663208e+01
 1.19099976e+01
 6.05947266e+00
 2.41665039e+00
 3.68111572e+00
 9.07800293e-01
 5.11248169e+00
 6.01113281e+00
 1.30467468e+01
 1.67209717e+01
 2.20158936e+01
 2.27615906e+01
 1.62236572e+01
 1.10580383e+01
 6.90554199e+00
 4.25020752e+00
 3.90352783e+00
 -9.59387207e-01
 5.51921997e+00
 7.44906006e+00
 1.33289124e+01
 1.70940796e+01
 1.95203491e+01
 2.21342407e+01
 1.50929199e+01
 1.27463013e+01
 8.25658569e+00
 7.27675781e+00
 2.86190186e+00
 4.71203003e+00
 2.67208252e+00
 8.41878662e+00
 1.10687500e+01
 1.63602234e+01
 1.91804443e+01
 2.05309387e+01
 1.47285400e+01
 1.26419312e+01
 6.04082642e+00
 5.99532471e+00
 1.81316528e+00
 3.64150391e+00
 3.90477905e+00
 6.45498047e+00
 1.62929626e+01
 2.00863586e+01
 2.28258911e+01
 1.99131409e+01
 1.73798157e+01
 1.16385132e+01
 7.42583618e+00
 4.92006836e+00
 2.14580688e+00
 1.08516846e+00
 2.11837158e+00
 9.01625977e+00
 1.37490173e+01
 1.51168152e+01
 2.19247986e+01
 1.97425476e+01
 1.44489075e+01
 1.02674500e+01
 8.61361084e+00
 3.15200195e+00
 3.43563232e+00
 6.62279663e+00
 7.68572388e+00
 1.21676880e+01
 1.33356567e+01
 1.63359924e+01
 1.86526733e+01
 2.26336609e+01
 1.69610840e+01
 1.34007507e+01
 8.83800659e+00
 6.38802490e+00
 3.05339966e+00
 2.17006836e+00
 6.15447388e+00
 1.15048462e+01
 1.57629944e+01
 1.63406616e+01
 1.93621155e+01
 1.99588867e+01
 1.63883606e+01
 1.17267395e+01
 7.87005005e+00
 -1.21282959e-01
 4.38372192e+00
 2.48046265e+00
 3.16674194e+00
 9.95852051e+00
 1.67467285e+01
 2.04353271e+01
 2.09524780e+01
 2.25908142e+01
 1.60643860e+01
 1.07286926e+01
 6.19567261e+00
 -1.11181641e-01
 2.60980225e-01
 3.01613770e+00
 5.24627075e+00
 8.35164795e+00
 1.09640747e+01
 1.56943298e+01
 1.99656311e+01
 1.73648315e+01
 1.58017212e+01
 1.02064453e+01
 7.23153076e+00
 5.85411987e+00
 1.13295898e+00
 3.40841064e+00
 3.54964600e+00
 7.98595581e+00
 1.18789001e+01
 1.42831055e+01
 2.14692017e+01
 2.20531860e+01
 1.99790283e+01
 1.10570618e+01
 6.96462402e+00
 5.69320068e+00
 2.82631836e+00
 5.42507324e+00
 3.45714722e+00
 9.34664307e+00
 1.22999817e+01
 1.69504944e+01
 2.01295715e+01
 2.20908447e+01
 1.54816833e+01
 1.07090698e+01
 7.58080444e+00
 7.35640869e+00
 2.25316772e+00
 1.69207153e+00
 3.07314453e+00
 1.04408508e+01
 1.34724670e+01
 1.66108643e+01
 1.93053528e+01
 1.94620300e+01
 1.80902954e+01
 8.76192627e+00
 4.44347534e+00
 4.23372803e+00
 4.51049194e+00
 4.32695923e+00
 4.87008057e+00
 1.02593323e+01
 1.16559998e+01
 1.67033630e+01
 2.11696716e+01
 2.17415100e+01
 1.46122375e+01
 1.26340576e+01
 8.46819458e+00
 5.45406494e+00
 4.41646729e+00
 4.20648193e-01
 7.80892334e+00
 9.28981934e+00
 1.36658264e+01
 1.69932190e+01
 2.16487366e+01
 2.31663147e+01
 1.63235718e+01
 9.69750366e+00
 6.51744995e+00
 4.36409912e+00
 5.23769531e+00
 6.65352783e+00
 6.61083374e+00
 1.21275574e+01
 1.46066528e+01
 1.62954651e+01
 2.07251831e+01
 1.76894165e+01
 1.61681152e+01
 1.18719116e+01
 7.11281738e+00
 5.93267212e+00
 2.99779663e+00
 2.91576538e+00
 2.97197876e+00
 7.85436401e+00
 1.36548096e+01
 1.63040405e+01
 1.79544312e+01
 1.96471497e+01
 1.36497742e+01
 1.25302063e+01
 8.53292236e+00
 4.15422974e+00
 4.60704956e+00
 5.26998291e+00
 3.61351929e+00
 1.26427551e+01
 1.31821228e+01
 1.77557617e+01
 2.03079163e+01
 2.12464844e+01
 1.47578674e+01
 1.19380432e+01
 8.05993042e+00
 6.66555176e+00
 6.15209351e+00
 4.37258301e+00
 2.71495972e+00
 8.46895752e+00
 1.34696899e+01
 1.67349792e+01
 1.92325989e+01
 1.90116821e+01
 1.62597900e+01
 1.27744080e+01
 8.28377686e+00
 6.65047607e+00
 4.11840210e+00
 6.93190918e+00
 4.94164429e+00
 8.40596924e+00
 1.41552368e+01
 1.62342468e+01
 2.13032166e+01
 2.01739441e+01
 1.58418213e+01
 9.95220337e+00
 1.05283752e+01
 3.69945679e+00
 2.07912598e+00
 1.45244751e+00
 7.02965698e+00
 9.80782471e+00
 1.40137573e+01
 1.74117371e+01
 2.17170959e+01
 2.15169922e+01
 1.86556335e+01
 1.23673950e+01
 4.09179077e+00
 1.48381958e+00
 2.76421509e+00
 5.49248657e+00
 3.76333008e+00
 8.61986694e+00
 1.32700745e+01
 1.83353516e+01
 2.25809265e+01
 1.96480347e+01
 1.60821167e+01
 9.92257080e+00
 9.98772583e+00
 2.69960938e+00
 8.24792480e-01
 8.73895264e-01
 7.16805420e+00
 9.68871460e+00
 1.24222046e+01
 1.49222351e+01
 1.88734985e+01
 1.99059692e+01
 1.43450256e+01
 1.07415100e+01
 6.93200073e+00
 3.58040771e+00
 1.76314697e+00
 -2.97992554e+00
 8.12102661e+00
 7.88253174e+00
 1.26113525e+01
 1.49554688e+01
 2.44562622e+01
 1.96447693e+01
 1.43019653e+01
 9.56441650e+00
 9.27807007e+00
 3.56423340e+00
 1.26256714e+00
 3.55556641e+00
 7.49947510e+00
 1.03243347e+01
 1.28915955e+01
 1.65998779e+01
 1.98130127e+01
 1.87643677e+01
 1.77293335e+01
 1.35506226e+01
 5.03557739e+00
 5.48031006e+00
 5.49135742e+00
 1.24407349e+00
 8.91579590e+00
 9.56542358e+00
 1.51131531e+01
 1.79946533e+01
 2.21479126e+01
 2.08112122e+01
 1.89525085e+01
 1.42356812e+01
 6.70552979e+00
 4.84710083e+00
 1.75444946e+00
 5.02929688e-03
 6.41814575e+00
 9.94118652e+00
 1.27591187e+01
 1.64112793e+01
 1.99599548e+01
 2.00552002e+01
 1.73451172e+01
 9.29305420e+00
 4.37041626e+00
 -1.86484375e+00
 1.52013550e+00
 -4.67138672e-01
 2.78289185e+00
 1.10690247e+01
 1.41366516e+01
 1.43039795e+01
 1.86441895e+01
 1.67210938e+01
 1.42317749e+01
 1.25321594e+01
 4.51177368e+00
 4.23903809e+00
 5.70067749e+00
 3.40023193e+00
 5.54131470e+00
 9.56963501e+00
 1.44734131e+01
 1.65696655e+01
 1.99973694e+01
 2.13882996e+01
 1.78032166e+01
 1.29776550e+01
 8.52788696e+00
 7.89928589e+00
 4.29351196e+00
 8.68309937e+00
 6.34291992e+00
 9.77764282e+00
 1.27922913e+01
 1.72222229e+01
 2.10739685e+01
 2.06320740e+01
 1.73752686e+01
 1.34509827e+01
 9.21267090e+00
 7.30584717e-01
 -1.18463745e+00
 4.14840088e+00
 3.33861694e+00
 6.98925171e+00
 1.30051208e+01
 1.71283203e+01
 1.98026978e+01
 1.73465820e+01
 1.50045105e+01
 1.20310303e+01
 6.09792480e+00
 4.96801147e+00
 3.48232422e+00
 -1.82898560e+00
 6.19152222e+00
 1.03676392e+01
 1.67188965e+01
 1.83033997e+01
 2.25758301e+01
 2.20937744e+01
 1.69661194e+01
 1.57013489e+01
 8.57567749e+00
 2.88399658e+00
 6.17662964e+00
 8.26867676e-01
 3.30327759e+00
 1.08290955e+01
 1.35386902e+01
 1.76397034e+01
 1.85183960e+01
 1.88365417e+01
 1.51201111e+01
 1.20046631e+01
 8.55483398e+00
 1.78594360e+00
 2.85628662e+00
 6.32744751e+00
 6.81496582e+00
 1.06980225e+01
 1.31169373e+01
 1.67400757e+01
 2.02600952e+01
 2.13188721e+01
 1.74290100e+01
 7.05779419e+00
 5.97738037e+00
 2.23754272e+00
 3.85732422e+00
 5.37258301e+00
 6.77431641e+00
 8.21572266e+00
 1.40023438e+01
 1.64624878e+01
 2.11563660e+01
 2.12875305e+01
 1.82970825e+01
 1.20618225e+01
 4.38149414e+00
 4.48992310e+00
 2.60302124e+00
 4.27608643e+00
 7.24120483e+00
 1.07033936e+01
 1.44020935e+01
 1.81795593e+01
 2.47561584e+01
 2.23327576e+01
 1.65195557e+01
 1.02798706e+01
 8.53054199e+00
 3.14928589e+00
 1.19661865e+00
 1.31780396e+00
 6.57204590e+00
 9.36092529e+00
 1.47645508e+01
 1.97283875e+01
 2.05515991e+01
 2.01169067e+01
 1.50001160e+01
 1.16383301e+01
 8.64803467e+00
 5.34252319e+00
 1.42620239e+00
 -8.35943604e-01
 7.58532104e+00
 1.09757019e+01
 1.55533997e+01
 1.80277954e+01
 1.89255920e+01
 1.94865967e+01
 1.51148926e+01
 9.28069458e+00
 7.02816162e+00
 5.13979492e+00
 3.39782104e+00
 1.02471313e+00
 5.91158447e+00
 1.00854736e+01
 1.42213684e+01
 1.60311218e+01
 1.90806519e+01
 2.25037781e+01
 1.57441956e+01
 9.33446655e+00
 3.77373657e+00
 4.25582275e+00
 5.26098022e+00
 6.26860962e+00
 5.65960083e+00
 7.09386597e+00
 1.37745300e+01
 1.59479004e+01
 2.11213013e+01
 1.86451050e+01
 1.38640381e+01
 1.15697571e+01
 6.61733398e+00
 1.95287476e+00
 4.90612183e+00
 4.38094482e+00
 7.69924316e+00
 1.08270203e+01
 1.37972656e+01
 1.71697021e+01
 2.13683411e+01
 1.91665588e+01
 1.76073853e+01
 1.21886841e+01
 8.29503784e+00
 3.04525146e+00
 5.32769165e+00
 2.61715088e+00
 6.04836426e+00
 8.01906738e+00
 1.55968872e+01
 1.86565186e+01
 2.13815247e+01
 1.99855286e+01
 1.64005676e+01
 1.19600464e+01
 7.69072876e+00
 4.36702881e+00
 3.20464478e+00
 7.08461914e+00
 7.77810059e+00
 1.04660278e+01
 1.15608154e+01
 1.67966553e+01
 2.27952820e+01
 1.80106140e+01
 1.70948730e+01
 1.16685425e+01
 7.61370239e+00
 5.95165405e+00
 3.14855347e+00
 2.09215698e+00
 4.49028931e+00
 7.37148438e+00
 1.28660217e+01
 1.55209900e+01
 1.94277893e+01
 2.13561951e+01
 1.63120667e+01
 1.22958008e+01
 8.08226929e+00
 5.56343994e+00
