 3.79830322e+00
 4.38713989e+00
 6.13674316e+00
 9.26458130e+00
 1.43799683e+01
 2.02703186e+01
 2.50959106e+01
 2.18154236e+01
 1.68536316e+01
 1.11757446e+01
 7.53353271e+00
 1.15920410e+00
 -9.65246582e-01
 7.99617920e+00
 8.79378662e+00
 1.12207886e+01
 1.39243103e+01
 2.17837769e+01
 2.22520996e+01
 1.99967285e+01
 1.64374329e+01
 1.35753418e+01
 9.44457397e+00
 1.00402222e+00
 1.76131592e+00
 4.09667358e+00
 8.29894409e+00
 1.02175232e+01
 1.40328308e+01
 1.87177673e+01
 2.62469421e+01
 2.29491516e+01
 1.77375122e+01
 1.23693481e+01
 1.00590454e+01
 4.02288208e+00
 1.34130249e+00
 4.60393677e+00
 6.46856079e+00
 1.07199341e+01
 1.57593018e+01
 2.16650330e+01
 2.29290100e+01
 2.41647888e+01
 1.91277100e+01
 1.24743591e+01
 6.02861938e+00
 2.65108643e+00
 2.47308350e-01
 -2.33075562e+00
 5.54354248e+00
 1.08247009e+01
 1.42417236e+01
 1.78337036e+01
 2.23412415e+01
 2.05228516e+01
 1.89837585e+01
 9.02327881e+00
 4.31240234e+00
 1.34057007e+00
 -9.79986572e-01
 4.28225098e+00
 6.80834351e+00
 1.00356995e+01
 1.64262329e+01
 1.96956116e+01
 2.32328430e+01
 2.13398987e+01
 1.83033997e+01
 1.26538635e+01
 4.45000610e+00
 6.09160767e+00
 1.23442993e+00
 1.86388550e+00
 6.46401367e+00
 9.80217896e+00
 1.46683289e+01
 1.88868347e+01
 2.46136719e+01
 2.10743347e+01
 1.35841003e+01
 1.17201782e+01
 9.55104980e+00
 -1.69531250e-01
 2.35442505e+00
 -2.17612305e+00
 5.19127808e+00
 1.03490540e+01
 1.69112793e+01
 1.86044861e+01
 2.33411804e+01
 2.24262329e+01
 1.61409546e+01
 1.18276306e+01
 7.08556519e+00
 5.12963867e-01
 6.54793701e+00
 7.19018555e-01
 6.16820679e+00
 1.03629395e+01
 1.79985291e+01
 2.32020813e+01
 2.42890564e+01
 2.31173035e+01
 1.69287964e+01
 1.18075500e+01
 8.51217041e+00
 4.00054321e+00
 -3.68841553e-01
 3.67464600e+00
 7.01223145e+00
 1.16297546e+01
 1.66667419e+01
 1.99634033e+01
 2.54202209e+01
 2.46222473e+01
 1.90000549e+01
 8.72103271e+00
 1.00706421e+01
 7.48500977e+00
 3.24651489e+00
 5.00249634e+00
 7.08461914e+00
 1.02128540e+01
 1.37640320e+01
 1.84809204e+01
 2.13786255e+01
 2.36708008e+01
 2.02689148e+01
 1.02612549e+01
 4.56234131e+00
 2.03664551e+00
 4.41243896e+00
 1.98366699e+00
 7.23323975e+00
 1.05511108e+01
 1.69379822e+01
 2.10686279e+01
 2.23537231e+01
 2.03538452e+01
 1.85433289e+01
 1.58982788e+01
 2.91997681e+00
 7.11745605e+00
 3.60100708e+00
 4.51540527e+00
 8.07244263e+00
 1.17038513e+01
 1.39871460e+01
 1.75906311e+01
 2.26306091e+01
 2.42651306e+01
 1.74725586e+01
 1.35599915e+01
 4.40511475e+00
 5.19741211e+00
 -1.66596069e+00
 4.07253418e+00
 6.40578613e+00
 1.05325562e+01
 1.46754700e+01
 1.81700378e+01
 2.23443237e+01
 2.38132263e+01
 1.79143311e+01
 9.46929321e+00
 5.36040649e+00
 2.59758911e+00
 1.66741333e+00
 -4.01062012e-02
 5.53850708e+00
 1.01415039e+01
 1.37783142e+01
 1.70143982e+01
 2.35016724e+01
 2.38157898e+01
 2.06701599e+01
 1.28896423e+01
 4.43422852e+00
 3.19802246e+00
 -8.91271973e-01
 4.76421509e+00
 8.96709595e+00
 8.79573975e+00
 1.30642334e+01
 1.96263977e+01
 2.31184326e+01
 2.33825623e+01
 1.82393127e+01
 1.29401794e+01
 7.63778076e+00
 7.12847290e+00
 -1.05954590e+00
 5.52568970e+00
 8.69011841e+00
 1.16097046e+01
 1.48947693e+01
 2.15649353e+01
 2.38857666e+01
 2.13507324e+01
 1.66463562e+01
 1.13261047e+01
 9.22350464e+00
 2.84539185e+00
 3.49474487e+00
 2.46462402e+00
 6.21721802e+00
 9.31670532e+00
 1.38356262e+01
 1.82206360e+01
 2.28962036e+01
 2.21632935e+01
 2.01067444e+01
 1.60068909e+01
 5.25969849e+00
 5.09499512e+00
 2.37352905e+00
 5.66399536e+00
 1.02803284e+01
 1.10460754e+01
 1.64630981e+01
 2.06807800e+01
 2.10880981e+01
 1.89354492e+01
 1.52765747e+01
 9.09060059e+00
 1.00911499e+01
 4.89132080e+00
 1.19768677e+00
 1.12581787e+00
 7.25676880e+00
 9.73031006e+00
 1.43908936e+01
 1.97523438e+01
 2.02415405e+01
 2.23484436e+01
 1.88258301e+01
 1.15499207e+01
 7.71441040e+00
 7.17763672e+00
 3.13448486e+00
 4.58513794e+00
 6.65563354e+00
 9.32314453e+00
 1.41456848e+01
 1.91890198e+01
 2.43120667e+01
 2.07503296e+01
 1.76313721e+01
 1.28337341e+01
 8.23940430e+00
 4.50167236e+00
 5.93819580e+00
 3.13314209e+00
 5.17791138e+00
 1.17044006e+01
 1.56792847e+01
 2.02580505e+01
 2.35791260e+01
 2.13289124e+01
 1.54370972e+01
 9.97640381e+00
 3.93215332e+00
 2.58767090e+00
 5.92968140e+00
 3.54644165e+00
 5.62780151e+00
 1.03458191e+01
 1.60010925e+01
 2.35064026e+01
 2.43599182e+01
 2.08964478e+01
 1.66862122e+01
 1.06789185e+01
 8.70446167e+00
 3.37154541e+00
 3.14989624e+00
 4.30526123e+00
 5.75478516e+00
 1.12557312e+01
 1.41311584e+01
 1.89225098e+01
 2.46876160e+01
 2.43783508e+01
 1.77000671e+01
 1.60727783e+01
 1.14524170e+01
 5.11565552e+00
 3.63903198e+00
 5.51732788e+00
 7.84444580e+00
 9.88997803e+00
 1.61847778e+01
 2.31191650e+01
 2.29143311e+01
 2.21530396e+01
 1.66465393e+01
 1.05049072e+01
 4.77007446e+00
 3.18560181e+00
 4.80437622e+00
 5.29207764e+00
 8.62856445e+00
 1.01660095e+01
 1.38321472e+01
 1.70964294e+01
 2.35307556e+01
 2.22080627e+01
 1.82336060e+01
 1.09418274e+01
 3.83727417e+00
 -2.21075439e-01
 2.44725952e+00
 3.50637207e+00
 4.68886719e+00
 1.09487549e+01
 1.62217346e+01
 2.19766479e+01
 2.26146790e+01
 2.28926025e+01
 1.56029297e+01
 1.26199280e+01
 4.58181152e+00
 6.10576782e+00
 3.02800903e+00
 6.01189575e+00
 9.32964478e+00
 1.30421387e+01
 1.64351135e+01
 1.77586914e+01
 2.18983398e+01
 1.98176819e+01
 1.71253296e+01
 1.11626831e+01
 7.12810669e+00
 4.47432861e+00
 2.18749390e+00
 3.72619019e+00
 8.19500122e+00
 1.11283508e+01
 1.59480225e+01
 1.88891846e+01
 2.56462952e+01
 2.21996704e+01
 1.70274292e+01
 1.39843384e+01
 9.52095947e+00
 2.71315918e+00
 1.25173340e+00
 7.12099609e+00
 9.47265015e+00
 1.25688110e+01
 1.63347107e+01
 2.33893066e+01
 2.47691284e+01
 2.51220337e+01
 1.85472961e+01
 1.26205078e+01
 4.89577637e+00
 6.84902344e+00
 6.39379272e+00
 5.97161865e-01
 7.58220825e+00
 1.30642334e+01
 1.54134155e+01
 2.10563599e+01
 2.48870178e+01
 2.33384338e+01
 1.65358826e+01
 1.34462524e+01
 8.13396606e+00
 7.30223999e+00
 3.83779297e+00
 4.93047485e+00
 5.44173584e+00
 1.11606995e+01
 1.44697205e+01
 1.85626770e+01
 2.25759216e+01
 2.23853699e+01
 1.55436340e+01
 1.20671326e+01
 4.74828491e+00
 4.34645996e+00
 3.02816162e+00
 5.32845459e+00
 9.24492798e+00
 1.19484192e+01
 1.79733826e+01
 2.26956421e+01
 2.31741577e+01
 2.07621704e+01
 1.74297119e+01
 1.27420898e+01
 1.06155640e+01
 5.06163940e+00
 5.90282593e+00
 6.04619751e+00
 8.87111816e+00
 1.06266724e+01
 1.47913147e+01
 1.80755554e+01
 2.57937256e+01
 2.35024048e+01
 1.86307617e+01
 1.20656372e+01
 3.97985229e+00
 -1.99346924e-01
 -3.56064453e+00
 -9.14191284e+00
 2.00121460e+00
 1.11505066e+01
 1.48882080e+01
 1.82333008e+01
 2.29164978e+01
 2.28324829e+01
 2.02097412e+01
 1.09211670e+01
 4.38131104e+00
 -2.57556763e+00
 3.03588257e+00
 -3.36462402e-01
 5.84731445e+00
 1.20240723e+01
 1.56512390e+01
 1.92159973e+01
 2.46202637e+01
 2.45500732e+01
 1.64123779e+01
 9.73125610e+00
 6.58965454e+00
 9.23974609e-01
 -4.57636108e+00
 3.77313232e-01
 9.55944214e+00
 9.58196411e+00
 1.53494202e+01
 2.03349854e+01
 2.59684998e+01
 2.69825073e+01
 1.46720520e+01
 1.34477173e+01
 1.01568237e+01
 4.37453613e+00
 6.31063232e+00
 5.04891357e+00
 7.72326050e+00
 1.10026794e+01
 1.45054260e+01
 2.01158691e+01
 1.92844788e+01
 2.01670776e+01
 1.57131897e+01
 9.52642212e+00
 7.62044678e+00
 4.78484497e+00
 1.27697144e+00
 3.08681641e+00
 7.59429321e+00
 1.05709167e+01
 1.44152466e+01
 2.02837463e+01
 2.43417603e+01
 2.16801392e+01
 2.13104797e+01
 1.31697327e+01
 1.07217041e+01
 3.77260742e+00
 3.39800415e+00
 3.25310669e+00
 8.14632568e+00
 1.27572876e+01
 1.68684937e+01
 2.02524658e+01
 2.25441223e+01
 2.27206665e+01
 1.72840820e+01
 1.44951721e+01
 4.46767578e+00
 4.71422729e+00
 5.03243408e+00
 -1.25690308e+00
 3.97423706e+00
 1.16497131e+01
 1.56007324e+01
 2.21401611e+01
 2.62261597e+01
 2.59931274e+01
 1.56125122e+01
 1.13082520e+01
 6.58135376e+00
 2.62249146e+00
 3.85491943e-01
 1.64296875e+00
 5.27169189e+00
 8.69024048e+00
 1.38292175e+01
 1.96681152e+01
 2.47098633e+01
 2.06871277e+01
 1.53131042e+01
 1.06474854e+01
 9.81990967e+00
 5.00933228e+00
 -3.78400269e+00
 6.14617920e-01
 8.35234985e+00
 1.06719910e+01
 1.51017090e+01
 2.03011719e+01
 2.41862732e+01
 1.83519531e+01
 1.60988708e+01
 1.21664368e+01
 7.23476563e+00
 5.10994873e+00
 4.12407837e+00
 3.85872803e+00
 9.09902344e+00
 1.37511536e+01
 2.10583740e+01
 1.90946899e+01
 2.55376526e+01
 2.64467407e+01
 1.71896301e+01
 1.26592957e+01
 8.09475098e+00
 4.04650269e+00
 6.14772949e+00
 2.64672852e-01
 4.23397217e+00
 1.15158630e+01
 1.67854553e+01
 2.17257019e+01
 2.45491577e+01
 2.55375305e+01
 1.88502747e+01
 1.42579590e+01
 1.21556641e+01
 3.26244507e+00
 4.80553589e+00
 2.31499634e+00
 5.10912476e+00
 1.18273865e+01
 1.69448486e+01
 2.15993286e+01
 2.42893921e+01
 2.21611267e+01
 1.56441284e+01
 1.36482483e+01
 6.97219238e+00
 5.02813110e+00
 4.32921753e+00
 5.35686646e+00
 9.14702759e+00
 1.11625000e+01
 1.78220459e+01
 2.01272522e+01
 2.44166504e+01
 2.45975891e+01
 1.80492493e+01
 1.20550171e+01
 9.37828979e+00
 5.76522217e+00
 5.88787231e+00
 4.57061157e+00
 2.56353149e+00
 9.58406982e+00
 1.38076721e+01
 2.00743042e+01
 2.37524658e+01
 2.20849548e+01
 1.84330688e+01
 1.38396240e+01
 7.24367676e+00
 3.06859741e+00
 3.00225830e-01
 8.15209961e-01
 7.21495972e+00
 1.07498413e+01
 1.66277405e+01
 2.23309875e+01
 2.24797913e+01
 1.94124084e+01
 1.68903442e+01
 1.16872803e+01
 5.01412354e+00
 9.70849609e-01
 1.55108032e+00
 2.45058594e+00
 4.33904419e+00
 1.24510132e+01
 1.78117004e+01
 2.54146362e+01
 2.54256226e+01
 2.42390381e+01
 2.08321472e+01
 1.53006836e+01
 9.60936890e+00
 4.02022705e+00
 4.79985962e+00
 3.53563843e+00
 1.05568481e+01
 1.26043030e+01
 1.76325317e+01
 2.04040161e+01
 2.51612183e+01
 2.41760803e+01
 2.01280151e+01
 1.25587097e+01
 7.74562988e+00
 5.55755005e+00
 6.81502686e+00
 7.52785645e+00
 7.69356689e+00
 1.18295532e+01
 1.67647339e+01
 1.87273193e+01
 2.34132629e+01
 2.18928467e+01
 1.79018188e+01
 1.18817688e+01
 5.97490845e+00
 5.58190308e+00
 3.97115479e+00
 3.57399902e+00
 9.14425049e+00
 1.08530823e+01
 1.83055969e+01
 2.37223755e+01
 2.53696533e+01
 2.39079224e+01
 1.99302307e+01
 1.16254822e+01
 8.64232788e+00
 3.80065308e+00
 5.86480713e-01
 2.99615479e-01
 7.34713135e+00
 1.34613281e+01
 1.62876221e+01
 1.93095337e+01
 2.09696899e+01
 2.13184448e+01
 2.12089478e+01
 1.32899109e+01
 7.26275024e+00
 7.38585815e+00
 3.98427734e+00
 4.56917725e+00
 8.10805664e+00
 8.42986450e+00
 1.41714722e+01
 2.33846069e+01
 2.52701050e+01
 2.38668457e+01
 1.99305664e+01
 1.52413879e+01
 7.29274902e+00
 3.13070068e+00
 6.07629395e-01
 4.31905518e+00
 9.03188477e+00
 1.30355164e+01
 1.45105835e+01
 1.82784973e+01
 2.31376587e+01
 2.58235107e+01
 1.72935120e+01
 1.49024292e+01
 5.21950684e+00
 1.40493164e+00
 2.98668823e+00
 5.97118530e+00
 8.98647461e+00
 9.39028320e+00
 1.62476746e+01
 1.92342163e+01
 2.34669128e+01
 2.42544189e+01
 1.79306274e+01
 1.53712708e+01
 8.91250000e+00
 5.58086548e+00
 3.25740967e+00
 4.24453125e+00
 8.84670410e+00
 1.22820374e+01
 1.43019958e+01
 2.00506531e+01
 2.13921753e+01
 2.11939331e+01
 1.75370728e+01
 1.11935364e+01
 1.20208984e+01
 5.82219849e+00
 3.19323120e+00
 7.79384766e+00
 8.57323608e+00
 1.31662231e+01
 1.81069275e+01
 2.30971619e+01
 2.33238770e+01
 2.26187988e+01
 1.74277893e+01
 1.27443481e+01
 5.19820557e+00
 4.44234619e+00
 5.01665649e+00
 4.01098022e+00
 6.01571045e+00
 1.08429199e+01
 1.52055908e+01
 1.75441528e+01
 2.33665405e+01
 2.45056091e+01
 1.69703308e+01
 1.50025879e+01
 9.95153198e+00
 6.90667725e-01
 4.64867554e+00
 1.62645874e+00
 7.32714233e+00
 1.35209900e+01
 1.91535278e+01
 2.26791931e+01
 2.58516174e+01
 2.49178101e+01
 1.59684998e+01
 1.26373840e+01
 5.98610840e+00
 8.43163452e+00
 6.46367798e+00
 6.34026489e+00
 8.61724243e+00
 1.23576294e+01
 1.49518066e+01
 2.13239380e+01
 2.55635315e+01
 2.41385437e+01
 1.66103760e+01
 1.11303955e+01
 6.94835815e+00
 5.75078735e+00
 4.20977173e+00
 4.27669678e+00
 9.14565430e+00
 1.17457825e+01
 1.52548157e+01
 2.22881714e+01
 2.84204041e+01
 2.39554382e+01
 1.81970764e+01
 1.40179382e+01
 9.20400391e+00
 6.32064209e+00
 4.11785278e+00
 6.90337524e+00
 6.89266357e+00
 1.35255371e+01
 2.29096924e+01
 2.43198181e+01
 2.89002319e+01
 2.29573608e+01
 1.66339355e+01
 1.35208984e+01
 8.72567139e+00
 7.82409058e+00
 5.44289551e+00
 4.20034180e+00
 9.89666138e+00
 1.18478333e+01
 1.46538025e+01
 2.34806152e+01
 2.47095276e+01
 2.61066528e+01
 2.03339478e+01
 1.26780334e+01
 1.30454651e+01
 4.51159058e+00
 -1.11661377e+00
 2.87996826e+00
 7.84136353e+00
 1.25574280e+01
 1.50935303e+01
 2.45741516e+01
 2.44860779e+01
 2.49100891e+01
 2.04895264e+01
 1.42909790e+01
 9.91109619e+00
 3.50368652e+00
 6.08638916e+00
 6.29317627e+00
 8.38540039e+00
 1.32092529e+01
 1.71871277e+01
 2.14606262e+01
 2.20798279e+01
 2.29843994e+01
 1.85530640e+01
 1.37368713e+01
 1.15507446e+01
 4.28121338e+00
 2.06957397e+00
 3.40789185e+00
 7.67476807e+00
 1.28631531e+01
 1.72370544e+01
 2.31491943e+01
 2.39548279e+01
 2.41386963e+01
 1.83961731e+01
 9.93114624e+00
 1.29975220e+01
 1.70873413e+00
 -4.83041992e+00
 4.45629272e+00
 6.29607544e+00
 1.14251038e+01
 1.60110107e+01
 2.56236816e+01
 2.59059692e+01
 2.13385254e+01
 1.66683594e+01
 1.09906555e+01
 7.80458984e+00
 6.34011230e+00
 6.01613770e+00
 4.76989136e+00
 4.84832153e+00
 1.08541809e+01
 1.68840576e+01
 1.90994507e+01
 2.35441833e+01
 2.56424805e+01
 1.85400024e+01
 1.30116821e+01
 8.44481812e+00
 4.96584473e+00
 5.53792725e+00
 6.63549194e+00
 6.06591187e+00
 1.36727844e+01
 1.52562500e+01
 1.98885437e+01
 2.66104065e+01
 2.45594116e+01
 1.65225159e+01
 1.24068542e+01
 6.83059082e+00
 5.38457642e+00
 5.03142700e+00
 4.10076294e+00
 8.09371338e+00
 1.19755188e+01
 1.89367310e+01
 2.21288086e+01
 2.36602112e+01
 2.33705383e+01
 1.93490845e+01
 1.26942383e+01
 1.11011902e+01
 2.50484619e+00
 8.37915039e-01
 2.63302002e+00
 5.46697388e+00
 1.44687134e+01
 1.79505249e+01
 2.11532227e+01
 2.41489197e+01
 2.24774109e+01
 1.64830261e+01
 1.21569763e+01
 6.94124756e+00
 6.66219482e+00
 2.64458618e+00
 7.59902344e+00
 9.43337402e+00
 1.22110229e+01
 1.71732117e+01
 2.08389221e+01
 2.55511108e+01
 2.30219666e+01
 1.70453735e+01
 1.61270386e+01
 5.58236084e+00
 4.23265991e+00
 3.17437134e+00
 5.96172485e+00
 7.74425659e+00
 1.27591797e+01
 1.57669922e+01
 2.37393433e+01
 2.66664368e+01
 2.21106506e+01
 1.75054871e+01
 1.04050537e+01
 7.14013062e+00
 4.41164551e+00
 6.36422119e+00
 5.06054077e+00
 1.11929260e+01
 1.36663452e+01
 1.52235352e+01
 1.99187561e+01
 2.51047607e+01
 2.43595520e+01
 1.86466003e+01
 1.46096436e+01
 8.48531494e+00
 4.02358398e+00
 2.75338135e+00
 4.86309204e+00
 5.76076660e+00
 1.16859375e+01
 1.49265076e+01
 2.02610107e+01
 2.35435425e+01
 2.49307495e+01
 1.85407959e+01
 1.35356384e+01
 1.12440125e+01
 7.11361084e+00
 5.61416016e+00
 6.60125122e+00
 9.24587402e+00
 1.32242371e+01
 1.74718567e+01
 2.61629883e+01
 2.73341003e+01
 2.54700867e+01
 1.97133728e+01
 1.49474121e+01
 9.86989746e+00
 1.92003784e+00
 2.29793701e+00
 5.19289551e+00
 8.20629272e+00
 1.08944641e+01
 1.65628296e+01
 2.10370728e+01
 2.60563599e+01
 2.28083435e+01
 1.99552551e+01
 1.35859619e+01
 5.20220337e+00
 4.92431030e+00
 3.41390381e+00
 6.99477539e+00
 9.53963623e+00
 1.20733276e+01
 1.83362061e+01
 2.06765381e+01
 2.53064514e+01
 2.28006836e+01
 1.86295410e+01
 1.35343567e+01
 8.35726318e+00
 2.57393799e+00
 3.67766724e+00
 4.41512451e+00
 1.05520264e+01
 1.19813477e+01
 1.61278015e+01
 2.13500000e+01
 2.49311768e+01
 2.23688599e+01
 1.82543579e+01
 1.32431885e+01
 7.77242432e+00
 4.40102539e+00
 5.78746948e+00
 1.18505249e+00
 6.90871582e+00
 1.04796082e+01
 1.70586182e+01
 2.00384766e+01
 2.29406067e+01
 2.44683472e+01
 1.79056641e+01
 1.32776733e+01
 8.15642700e+00
 5.85088501e+00
 2.10912476e+00
 5.38540039e+00
 9.85845337e+00
 1.11337830e+01
 1.44664246e+01
 1.84860168e+01
 2.40794006e+01
 2.58230225e+01
 2.06525818e+01
 1.14643799e+01
 6.22847900e+00
 7.21068726e+00
 6.07903442e+00
 7.22707520e+00
 7.46096191e+00
 1.16960083e+01
 1.46203247e+01
 2.02106873e+01
 2.37627808e+01
 2.57520996e+01
 1.73424927e+01
 1.24994141e+01
 8.21944580e+00
 2.34337769e+00
 5.34204102e-01
 1.39276123e-01
 3.37996826e+00
 1.16711365e+01
 1.55250793e+01
 1.82814880e+01
 2.53031555e+01
 2.40737244e+01
 1.92526184e+01
 1.38179871e+01
 1.25216614e+01
 5.45919189e+00
 4.41448364e+00
 5.37911377e+00
 8.43947754e+00
 1.27239014e+01
 1.51534973e+01
 1.90017639e+01
 2.56787659e+01
 2.37051941e+01
 1.69631592e+01
 1.20815063e+01
 7.58312378e+00
 4.28606567e+00
 -9.45562744e-01
 3.29174194e+00
 9.43239746e+00
 1.09900146e+01
 1.41337830e+01
 2.07830444e+01
 2.45779053e+01
 2.41010071e+01
 1.90025879e+01
 1.33369690e+01
 5.18508301e+00
 3.36278687e+00
 4.19637451e+00
 6.27715454e+00
 6.20052490e+00
 1.20031372e+01
 1.66406494e+01
 2.29424988e+01
 2.32446228e+01
 2.33848206e+01
 1.81502014e+01
 1.35875793e+01
 8.00225220e+00
 5.49263916e+00
 4.01867065e+00
 4.16988525e+00
 9.21883545e+00
 1.19632507e+01
 1.65980774e+01
 2.58874146e+01
 2.27537170e+01
 1.96252380e+01
 1.72143799e+01
 1.49434753e+01
 9.59942017e+00
 6.74859009e+00
 3.49672852e+00
 6.06228027e+00
 1.07841736e+01
 9.58095703e+00
 1.44671570e+01
 1.88301025e+01
 2.30440613e+01
 2.32786804e+01
 1.62070251e+01
 8.39153442e+00
 6.39397583e+00
 5.60210571e+00
 -1.21796265e+00
 -7.16962280e+00
 3.21090088e+00
 1.12692505e+01
 1.72756287e+01
 2.03194824e+01
 2.50462585e+01
 2.41881042e+01
 1.86440979e+01
 1.26404358e+01
 4.93230591e+00
 7.48949585e+00
 -3.30419922e-01
 4.08629761e+00
 6.57116089e+00
 1.24572998e+01
 1.43709961e+01
 1.90093933e+01
 2.13562561e+01
 1.96430603e+01
 1.79016357e+01
 1.43996216e+01
 8.41698608e+00
 3.73571167e+00
 5.10427246e+00
 4.86351929e+00
 8.70546875e+00
 1.16091248e+01
 1.54854065e+01
 2.29041992e+01
 2.43944946e+01
 2.49495178e+01
 2.06856628e+01
 1.69025513e+01
 7.13192139e+00
 6.99093018e+00
 6.89785156e+00
 4.09960327e+00
 9.16643677e+00
 1.23895203e+01
 1.61918274e+01
 2.17601257e+01
 2.42720276e+01
 2.23891235e+01
 1.59424377e+01
 1.17432495e+01
 6.87996826e+00
 1.99730835e+00
 -7.04351807e-01
 5.45614014e+00
 7.88863525e+00
 1.05449463e+01
 1.68291565e+01
 1.95351807e+01
 2.37277771e+01
 2.28674561e+01
 1.82908569e+01
 1.32192322e+01
 8.06301270e+00
 4.23052368e+00
 2.95354614e+00
 9.43575439e+00
 9.75594482e+00
 1.10644775e+01
 1.52697693e+01
 2.07152649e+01
 2.54632813e+01
 2.57830444e+01
 1.72017151e+01
 1.03683716e+01
 1.02785278e+01
 5.80550537e+00
 4.82973633e+00
 8.26336060e+00
 7.60476074e+00
 1.30043274e+01
 1.44529053e+01
 2.07882019e+01
 2.28438354e+01
 2.18310486e+01
 2.27827087e+01
 1.49189697e+01
 7.78533325e+00
 4.88326416e+00
 5.04851685e+00
 4.01256714e+00
 7.17461548e+00
 1.22971436e+01
 1.39454895e+01
 2.03374573e+01
 2.29719788e+01
 2.25860535e+01
 1.87596985e+01
 1.41506287e+01
 7.85735474e+00
 4.48497925e+00
 6.85381470e+00
 5.73980103e+00
 7.86049805e+00
 1.22546936e+01
 1.53814636e+01
 1.93215881e+01
 2.22574402e+01
 2.35504395e+01
 1.94643799e+01
 1.31441589e+01
 4.56078491e+00
 6.09966431e+00
 2.63167725e+00
 7.29827271e+00
 8.13890991e+00
 1.16827637e+01
 1.61639648e+01
 2.24256836e+01
 2.61668640e+01
 2.66424805e+01
 1.71299683e+01
 1.36845337e+01
 5.64879761e+00
 3.12120972e+00
