 4.78055752e+01
 7.95782485e+01
 2.45288372e+01
 4.31819852e+01
 7.07031074e+01
 7.38010340e+01
 1.79476188e+01
 1.33328217e+02
 1.16528694e+02
 8.63297825e+01
 1.12383405e+02
 1.99104560e+01
 6.12984930e+01
 1.14739090e+02
 9.22857406e+01
 7.43510696e+01
 4.19126264e+01
 3.97835142e+01
 3.00844183e+01
 1.32963373e+02
 3.78651292e+01
 3.92284352e+01
 6.03828622e+01
 8.90465162e+01
 4.43901750e+01
 5.64230331e+01
 5.21371075e+01
 7.86915004e+01
 1.11984116e+02
 6.56109003e+01
 7.91804801e+00
 3.92286447e+01
 2.35145097e+01
 1.30540294e+02
 1.10396372e+02
 3.51524285e+01
 3.92478500e+01
 2.05271911e+01
 3.04374055e+01
 3.19640999e+01
 7.06322883e+01
 4.86215773e+01
 1.14655150e+02
 3.11200553e+01
 5.93424663e+01
 9.47227738e+01
 5.77993998e+01
 7.64968821e+01
 1.15525120e+02
 6.45689379e+01
 1.47482119e+01
 1.72274509e+01
 1.48762536e+02
 5.70615634e+01
 2.77934349e+01
 2.68582727e+01
 7.91147734e+01
 2.66056190e+01
 2.30416533e+01
 1.11153063e+02
 3.59735766e+01
 3.63775536e+01
 8.10535194e+01
 4.29153526e+01
 7.45913187e+01
 1.11448617e+02
 1.04485454e+02
 8.04858118e+01
 8.64194720e+00
 8.16633599e+01
 6.24205652e+01
 7.07769910e+01
 4.56042581e+01
 2.26081717e+01
 1.97713840e+01
 5.50793727e+01
 1.46910910e+02
 8.14435459e+01
 1.13837378e+02
 1.27081002e+02
 4.69038881e+01
 1.06659985e+02
 4.23623466e+01
 7.68427537e+01
 7.24699216e+01
 7.83974361e+01
 5.40178774e+01
 3.66255769e+01
 5.79204878e+00
 7.14600265e+01
 2.18183348e+01
 1.61472970e+02
 1.95565558e+01
 2.83640096e+01
 5.45569376e+01
 3.05834870e+01
 6.06243960e+01
 4.40887464e+01
 7.36096047e+01
 4.33247593e+01
 8.22679582e+00
 4.65670896e+01
 1.24140254e+02
 6.17194371e+01
 1.02277055e+02
 9.65845795e+00
 1.28136387e+01
 1.24317887e+02
 5.74718733e+01
 6.58351463e+01
 3.72064436e+01
 6.17761718e+01
 6.52752575e+01
 8.96984611e+01
 4.99994186e+01
 9.13077196e+01
 4.63642061e+01
 2.28554968e+01
 7.94997385e+01
 3.75968135e+01
 2.63981408e+01
 6.68538311e+01
 4.18750001e+01
 7.99010546e+01
 1.07196108e+02
 1.31198472e+02
 1.18360146e+02
 1.33135851e+02
 2.41337307e+01
 1.65866406e+01
 6.58472449e+01
 7.76641064e+01
 4.18988046e+01
 3.09012160e+01
 3.19688446e+01
 1.31598845e+01
 9.28764683e+01
 1.56152404e+02
 1.19382813e+02
 1.02218161e+02
 2.54224019e+01
 5.39219335e+01
 1.77185902e+01
 1.10796892e+02
 4.04767854e+01
 4.19906808e+01
 8.06360491e+01
 2.96574399e+01
 1.25737738e+02
 8.77490337e+01
 9.25016181e+01
 2.28839954e+01
 8.49330506e+01
 1.69175865e+02
 8.76361373e+00
 6.56806258e+01
 5.37828043e+01
 4.41689498e+01
 2.87618459e+01
 1.47880186e+02
 9.72259685e+01
 4.80330923e+01
 1.21598425e+02
 2.62638130e+01
 8.33766412e+01
 1.09738795e+02
 6.33569945e+01
 1.07010437e+02
 3.60842388e+01
 1.69366995e+01
 2.95259552e+01
 4.39570451e+01
 1.27403400e+02
 5.98428643e+01
 3.71881688e+01
 1.06278324e+02
 8.76288706e+00
 8.31802220e+01
 2.23371271e+01
 7.81452877e+00
 8.65767749e+00
 3.24688499e+01
 1.06102806e+02
 4.66566051e+01
 2.32228758e+01
 8.22790993e+00
 5.58353261e+01
 6.07300254e+01
 7.12532534e+01
 4.52455926e+01
 9.96006427e+00
 7.50246765e+01
 1.22131410e+02
 2.29839920e+01
 4.51395199e+01
 5.47674119e+01
 1.08563741e+02
 6.59655550e+00
 1.82243317e+02
 1.75287531e+02
 1.35347344e+02
 4.90002970e+01
 2.23461371e+01
 4.63197963e+01
 7.29168236e+01
 7.77301708e+01
 7.84224352e+01
 7.76140555e+01
 1.46751606e+02
 2.61457426e+01
 9.34437033e+01
 1.16862031e+02
 2.35231443e+00
 6.64656627e+01
 6.52084103e+01
 4.34922640e+01
 6.08414915e+01
 5.77422455e+01
 5.91343736e+01
 7.01918577e+01
 1.33700416e+02
 1.17250854e+02
 2.30609287e+02
 1.43204093e+02
 1.54936603e+02
 9.53820893e+01
 1.17559194e+02
 3.69696458e+01
 5.58947253e+01
 4.14088380e+01
 7.55989126e+01
 1.36460334e+02
 1.72389638e+02
 5.12296935e+01
 1.90292395e+02
 6.45272378e+01
 2.73194241e+01
 8.65665218e+01
 4.36497284e+01
 5.27859969e+01
 1.21429250e+02
 6.26891899e+01
 6.44486576e+01
 1.26369100e+02
 7.85265738e+01
 8.81711610e+01
 1.03589838e+02
 9.89451737e+01
 3.02688484e+01
 9.22121249e+01
 1.12813057e+02
 4.03234617e+01
 6.70000460e+01
 9.21539686e+01
 4.59700173e+01
 1.79878400e+02
 1.39182102e+01
 1.64940075e+01
 3.64292359e+01
 6.65592048e+01
 6.52578404e+01
 1.43323444e+01
 2.76695773e+01
 1.80728470e+01
 9.30122602e+01
 3.08555081e+01
 7.85368439e+01
 4.25055970e+01
 4.27021992e+01
 1.87782020e+00
 4.54972158e+01
 3.44453554e+01
 5.36838660e+01
 7.87704749e+01
 9.12537107e+01
 5.76072072e+01
 7.32499258e+01
 3.19870788e+01
 7.30267306e+01
 9.45030330e+01
 7.69449046e+01
 5.34564513e+01
 5.62028343e+01
 7.76415394e+01
 8.20600652e+01
 5.50907364e+01
 5.86841359e+01
 4.95017506e+01
 6.79342094e+01
 5.88724565e+01
 2.78074905e+01
 8.23711491e+01
 2.98045717e+01
 9.79722922e+01
 9.67470138e+01
 3.56830189e+01
 1.23379932e+02
 7.36977169e+00
 3.76647564e+01
 1.91024976e+01
 8.69425121e+01
 6.15602198e+01
 1.41096971e+02
 1.23982382e+01
 1.20905181e+02
 1.12263036e+02
 2.85488331e+01
 6.46247798e+01
 5.47598399e+01
 5.42048884e+01
 7.44291942e+01
 4.69807293e+01
 9.66025595e+01
 5.64448243e+01
 5.22880317e+01
 6.39158799e+01
 1.22978979e+02
 7.93050919e+01
 2.14990768e+02
 2.64326369e+01
 1.32494189e+02
 2.46202575e+01
 2.73939442e+01
 9.01747988e+01
 4.47033752e+01
 7.65855130e+01
 4.09705509e+01
 1.37762747e+02
 6.95496853e+01
 2.25817027e+02
 2.35091802e+02
 1.34920750e+02
 8.43724112e+01
 5.49631587e+01
 2.85750162e+01
 3.71494975e+01
 9.06716435e+01
 1.00655240e+02
 3.05778257e+01
 4.54184461e+01
 8.44148990e+01
 8.76593672e+01
 4.90913690e+01
 1.28273292e+02
 5.38424726e+01
 3.23980905e+01
 5.73966363e+01
 3.37561625e+01
 2.47392215e+01
 3.53432537e+01
 1.30924420e+02
 5.63115439e+01
 2.85503434e+01
 5.05275435e+01
 4.83056597e+01
 2.42556238e+01
 5.92850964e+01
 6.24028981e+01
 3.92001966e+01
 8.41595390e+01
 9.39706178e+01
 7.61656526e+01
 2.98106957e+01
 9.55421040e+01
 9.64993028e+01
 6.53855838e+01
 7.51255217e+01
 4.98698921e+01
 6.13884627e+01
 4.86407545e+01
 2.07418652e+01
 5.60848641e+01
 5.09992173e+01
 5.68602271e+01
 5.44023498e+01
 5.99210644e+01
 1.29091853e+02
 9.27586531e+01
 8.91887001e+01
 9.53454325e+01
 6.91693781e+01
 9.01006375e+01
 6.88613872e+01
 7.90724744e+01
 5.36438262e+01
 7.27788084e+01
 6.33317511e+01
 1.33811953e+02
 1.75874564e+01
 3.94129694e+01
 5.03118051e+01
 6.49469249e+01
 1.44019450e+01
 1.89266665e+01
 8.09579194e+01
 5.57207079e+01
 7.11266092e+01
 8.88548439e+01
 3.85818965e+01
 8.72995793e+01
 2.78423715e+01
 3.43443747e+01
 5.09722412e+01
 1.50335631e+02
 1.59863666e+02
 6.21830889e+01
 4.11614394e+01
 3.67879234e+01
 3.98192920e+01
 4.22281229e+01
 1.44083037e+02
 1.40018864e+02
 2.20906405e+02
 1.45705560e+02
 1.11764224e+02
 2.82085715e+01
 7.05312305e+01
 4.18902153e+01
 7.10818225e+01
 2.68144833e+01
 6.05941800e+01
 5.19379211e+01
 7.12951895e+01
 5.31973578e+01
 1.03898498e+02
 5.52658486e+01
 1.03158198e+01
 5.37149522e+01
 8.57955138e+01
 4.02636995e+01
 9.23769695e+01
 3.04060908e+01
 1.00126626e+01
 3.95234089e+01
 8.07921571e+01
 8.21474969e+01
 1.74482626e+01
 8.29166633e+01
 5.93980452e+01
 6.17066433e+01
 4.51206533e+01
 6.22506048e+01
 5.48357344e+01
 7.32585054e+01
 4.27064135e+01
 4.33092067e+01
 1.32584908e+02
 4.93468817e+01
 3.11966112e+01
 1.86103000e+02
 1.73378721e+01
 1.70624967e+01
 4.39729953e+01
 7.46242825e+01
 2.65126900e+01
 3.55842139e+00
 6.15589102e+01
 4.74563031e+01
 9.56601235e+01
 5.35159477e+01
 9.74241607e+01
 6.43062697e-01
 8.55260408e+00
 8.22482608e+01
 5.31836188e+01
 8.78599841e+01
 2.08220643e+01
 1.24404511e+02
 1.16726561e+02
 1.61880316e+01
 7.08886617e+01
 1.17226987e+02
 1.70010104e+02
 8.08875271e+01
 8.05063472e+01
 1.97928427e+01
 1.45809729e+02
 8.09011726e+01
 5.84148678e+01
 4.31059987e+01
 7.31141486e+01
 6.06982852e+01
 5.13627061e+01
 1.16241977e+02
 1.18593533e+02
 7.56265983e+01
 2.84497760e+01
 1.06769995e+02
 2.71163473e+00
 5.64170943e+01
 1.77100823e+01
 5.69734940e+01
 4.96132848e+01
 3.08103281e+01
 3.76610287e+01
 1.33469931e+02
 1.13136466e+02
 3.39037299e+01
 2.06195473e+01
 1.54672651e+01
 5.09306748e+01
 8.52510479e+01
 5.27977956e+01
 4.31842866e+01
 4.93944744e+01
 1.38630300e+01
 4.03778598e+01
 4.98719619e+01
 1.18556301e+02
 1.05656478e+02
 8.53640486e+01
 7.34313730e+01
 1.68318376e+02
 9.50945449e+01
 3.35374762e+00
 1.01522091e+02
 5.84366182e+01
 6.58024242e+01
 6.14227578e+01
 2.81233835e+01
 3.56091719e+01
 3.30373557e+01
 9.99970345e+01
 9.26832650e+01
 1.21418840e+02
 1.29976335e+01
 7.90182375e+01
 5.57250245e+01
 6.97352396e+01
 2.14671710e+00
 8.63976102e+01
 7.85912020e+01
 2.01144207e+02
 2.88623562e+01
 2.98493013e+01
 1.07864095e+02
 1.10244046e+02
 1.72543907e+01
 1.06917702e+02
 5.53376484e+01
 9.23399170e+01
 1.32539294e+02
 5.19505593e+01
 1.59305261e+02
 9.93164479e+01
 3.78638020e+01
 1.83266808e+01
 1.77141807e+02
 1.32752071e+02
 1.16065764e+02
 1.50237073e+01
 3.53816455e+01
 5.48595024e+01
 3.19638596e+01
 6.03791502e+01
 1.01853243e+01
 3.90965214e+01
 8.66445493e+01
 3.40816742e+01
 3.40506397e+01
 5.47867851e+01
 4.71845437e+01
 7.22485190e+01
 7.31387034e+01
 2.18344415e+01
 2.89672451e+01
 1.39489266e+02
 8.27187257e+01
 9.68975872e+01
 9.65942445e+01
 8.68747039e+01
 9.49684386e+01
 1.17458136e+02
 9.76712932e+00
 1.20163387e+02
 5.69721835e+01
 3.65288826e+01
 1.64415795e+01
 1.43111447e+02
 1.20190007e+02
 9.70728032e+01
 5.34667438e+01
 6.76000207e+01
 5.31071969e+01
 3.73615486e+01
 6.89181206e+01
 1.36990912e+02
 3.23834404e+01
 9.97827940e+01
 6.46796501e+01
 7.26428234e+01
 1.71867542e+02
 5.38273440e+01
 2.23581104e+01
 4.63219741e+01
 4.74396114e+01
 7.38492123e+00
 1.05326719e+02
 1.37047820e+02
 5.90464733e+01
 1.29662304e+02
 2.81824688e+01
 6.63631514e+01
 1.19131209e+02
 1.27161974e+02
 1.08029391e+02
 1.10922560e+02
 3.28071932e+01
 8.67467006e+01
 6.21109154e+01
 4.27541246e+01
 1.04036833e+02
 1.07725936e+02
 3.41828905e+01
 8.84067081e+01
 7.60574056e+01
 2.53494201e+01
 2.82578054e+01
 4.33329941e+01
 2.55120127e+01
 9.58107545e+01
 9.54580434e+01
 2.84709365e+01
 1.24107193e+02
 3.98046785e+01
 2.68631266e+01
 7.86264494e+01
 8.40511811e+01
 8.13116224e+01
 7.03084788e+01
 1.65961275e+01
 1.06943846e+02
 8.99665458e+01
 6.30977157e+01
 5.02918921e+01
 2.08396098e+01
 2.33886766e+01
 4.79881827e+01
 5.36312138e+00
 1.26531488e+02
 1.13345279e+02
 2.06567037e+01
 8.45125725e+01
 1.42706907e+02
 8.67422309e+01
 1.02560544e+02
 4.88913594e+01
 8.37689181e+00
 9.11236074e+01
 6.85786551e+01
 8.52601195e+01
 1.31897020e+02
 1.11650892e+02
 1.16891849e+02
 4.68062587e+01
 2.37737117e+01
 6.88135459e+01
 2.24080491e+01
 1.09308222e+01
 8.85060186e+01
 6.63590394e+01
 5.31097696e+01
 6.10857629e+01
 4.94367321e+01
 3.71951333e+01
 1.19525734e+01
 8.13594604e+01
 1.81295951e+02
 5.29516072e+01
 1.13649446e+02
 4.23823846e+01
 1.17487603e+02
 1.19774706e+02
 5.54498055e+01
 3.41349372e+01
 1.45975417e+02
 8.47684002e+01
 1.19474495e+02
 2.29550143e+01
 3.07086360e+01
 1.90287931e+02
 1.24088085e+02
 7.16671250e+01
 6.26859748e+01
 8.62403585e+00
 1.30587481e+00
 8.39956175e+00
 7.26493589e+01
 8.55189971e+01
 4.57890546e+01
 9.78085308e+01
 1.48880760e+02
 1.75253953e+02
 8.47618328e+01
 2.94196715e+01
 4.18218224e+01
 1.68779692e+01
 4.68149524e+01
 3.33914387e+01
 7.24157725e+01
 4.96087831e+01
 4.51766937e+01
 2.93524640e+01
 7.14976520e+00
 2.29270973e+01
 6.22061383e+01
 6.79309315e+01
 5.71113955e+01
 2.99402709e+01
 6.37120155e+01
 7.46076154e+01
 6.80118661e+01
 1.16901094e+02
 9.88779904e+01
 5.85935155e+01
 3.19814191e+01
 3.45458201e+01
 4.26905016e+01
 3.48796011e+01
 2.86076574e+01
 4.42495356e+01
 7.56991644e+01
 8.71139181e+01
 4.43301665e+01
 3.88901394e+01
 8.06525687e+01
 1.39077583e+02
 2.60968137e+01
 1.12139479e+02
 4.43584536e+01
 1.52205062e+02
 3.89130450e+01
 4.67729685e+01
 4.62094789e+01
 3.38649661e+01
 3.05748497e+01
 4.53041246e+01
 3.28191302e+01
 1.04275988e+02
 7.70933392e+01
 1.22125205e+02
 9.58420920e+01
 5.93737397e+01
 2.69798554e+01
 8.47485031e+01
 7.07976376e+01
 5.68092985e+01
 9.99666047e+01
 5.70046211e+01
 2.73870983e+01
 6.96882639e+01
 9.74472673e+00
 6.06366232e+01
 1.08100445e+02
 7.67238361e+01
 8.28969358e+01
 1.06021010e+01
 4.05501202e+01
 4.24943459e+01
 3.66940102e+01
 1.12420801e+02
 1.38908627e+02
 5.85433925e+01
 3.65100109e+01
 1.52866278e+02
 2.16835197e+01
 3.07966042e+01
 5.17773896e+01
 5.51481040e+01
 1.61238943e+01
 8.89079180e+01
 1.08741555e+02
 2.56202876e+02
 1.41446917e+02
 3.49082472e+01
 3.51814728e+01
 1.86572155e+01
 3.52031751e+01
 1.00141638e+02
 3.44664749e+00
 1.17693997e+01
 2.44953874e+01
 5.85692822e+01
 1.79549855e+01
 6.40678441e+01
 7.23369973e+01
 2.16162767e+01
 1.51389245e+02
 5.71290655e+01
 8.73048511e+01
 1.49795494e+01
 4.25034760e+01
 4.17485868e+01
 4.09015924e+01
 8.29794282e+01
 6.29730148e+01
 1.16626890e+02
 1.99251277e+02
 3.98208657e+01
 4.93519274e+01
 8.02035198e+01
 7.96406741e+01
 8.03533662e+01
 2.55404313e+00
 2.91561451e+01
 2.91075814e+01
 4.13731032e+01
 1.41271148e+02
 8.79564493e+01
 8.16038309e+01
 6.19110472e+01
 3.76976562e+01
 4.79925495e+01
 5.84144117e+01
 8.80955730e+00
 6.20112785e+01
 5.73517449e+01
 7.71298459e+01
 1.09620191e+02
 9.02696239e+01
 1.20324908e+02
 2.62338697e+01
 6.21174049e+01
 2.97872664e+01
 3.71281155e+01
 1.15360798e+02
 8.45222765e+01
 4.98923616e+01
 6.39318330e+01
 7.47568503e+01
 8.46212372e+01
 6.44881460e+01
 8.15982556e+01
 1.55178711e+01
 8.85012635e+01
 8.50456744e+01
 7.42454577e+01
 2.84863743e+01
 1.04204974e+02
 5.85365864e+01
 7.53585631e+01
 5.95084387e+01
 2.38553735e+01
 6.01256687e+01
 8.84212948e+01
 6.10822304e+01
 7.08533008e+01
 8.34234411e+01
 1.46203019e+00
 5.14913361e+01
 3.21846592e+01
 4.75934150e+01
 4.96779458e+01
 7.93390461e+01
 5.82763934e+01
 5.71959217e+01
 4.08053079e+01
 2.32588085e+01
 2.99499564e+01
 3.01744939e+01
 6.16445764e+01
 9.43349543e+01
 4.53178979e+01
 3.46841726e+01
 1.01969904e+02
 4.96824409e+01
 7.24085834e+01
 8.18478700e+01
 9.59746781e+01
 1.04252942e+02
 2.04215317e+01
 2.69527721e+01
 7.16878561e+01
 3.14900287e+01
 1.44289039e+02
 5.56004772e+01
 4.14450283e+01
 4.98493914e+01
 5.63632443e+01
 7.06983426e+01
 3.55639428e+01
 4.54577489e+01
 2.73872139e+01
 4.84206774e+01
 8.93687349e+01
 8.05015142e+01
 9.80977819e+01
 2.24642718e+01
 9.57299974e+01
 3.23680762e+01
 4.25656814e+01
 7.51432868e+01
 4.61639319e+01
 2.80129978e+01
 1.16451069e+02
 3.21584767e+01
 1.13384107e+02
 7.20694009e+01
 5.86667524e+01
 5.92012757e+01
 9.80783703e+01
 6.06463417e+01
 7.25697826e+01
 4.03713015e+01
 1.05250151e+02
 4.52395234e+01
 2.48613937e+01
 3.12156046e+01
 5.08844837e+01
 6.17633824e+01
 7.20695491e+01
 7.79099649e+00
 6.00789436e+01
 9.73663246e+01
 4.17159348e+01
 1.37998893e+02
 4.02807539e+01
 1.27703441e+02
 5.46323512e+01
 3.40423500e+01
 6.71231507e+01
 3.49991316e+01
 6.11617411e+01
 7.96804782e+01
 9.85104956e+01
 7.93718826e+01
 5.72071542e+01
 4.97864162e+01
 8.49014833e+01
 4.19008034e+01
 6.69748140e+01
 4.88685148e+01
 4.89220246e+01
 9.43332491e+01
 5.89749177e+01
 1.24299295e+02
 2.82603046e+01
 9.79469265e+00
 3.38051698e+01
 1.37502413e+02
 1.04554510e+02
 1.37604800e+02
 1.32176266e+02
 2.63438207e+01
 8.41724557e+01
 5.59445316e+01
 6.28165252e+01
 4.61588065e+01
 7.04363810e+01
 4.75519172e+01
 9.75274077e+01
 8.18552157e+01
 1.22419802e+02
 5.31265978e+01
 4.59682536e+01
 7.14753359e+01
 1.58619557e+02
 2.91976081e+01
 2.35411720e+01
 1.57809484e+02
 1.20536109e+02
 9.01797638e+01
 1.48620067e+01
 2.09324854e+01
 7.71145080e+01
 2.49837916e+01
 5.55481569e+01
 1.02053756e+01
 1.74305557e+02
 1.31531917e+02
 2.46318585e+01
 7.94195641e+01
 5.95866883e+01
 2.82323309e+01
 7.11477049e+01
 1.04268539e+02
 7.17889599e+01
 9.67444681e+01
 7.44058423e+01
 2.62266447e+02
 1.97526237e+02
 1.72324412e+02
 4.27614155e+00
 6.90322565e+01
 7.91149727e+01
 5.39366586e+01
 5.68406448e+01
 9.05240262e+01
 1.31769231e+02
 4.11251871e+01
 3.11408660e+01
 2.86807834e+01
 7.37793929e+01
 2.33250632e+01
 5.16144558e+01
 5.02692289e+01
 6.09864962e+01
 7.25262637e+01
 7.84623757e+01
 7.69186666e+01
 2.28846643e+02
 7.61396415e+01
 1.64569131e+01
 2.50719267e+01
 1.07046087e+02
 2.02322040e+01
 2.21883085e+01
 8.97617620e+01
 1.04986119e+02
 2.24677672e+01
 7.79118857e+01
 5.35863682e+01
 1.99360728e+01
 1.80230616e+02
 7.69004526e+01
 3.97631838e+01
 7.26523198e+01
 1.66726953e+02
 8.38659452e+01
 6.78358685e+01
 4.73793840e+01
 7.15798220e+01
 6.89423393e+01
 1.26504991e+02
 5.05582939e+00
 4.46556730e+01
 1.23184800e+02
 7.20121308e+01
 4.80765865e+01
 8.70682287e+01
 4.01945900e+01
 9.05426821e+01
 3.10231638e+01
 9.02134364e+01
 5.89673377e+01
 8.64015003e+01
 1.41684152e+02
 5.31544907e+01
 5.21015664e+01
 1.37174353e+02
 3.30302434e+01
 7.24352672e+01
 1.75578936e+02
 1.22895129e+01
 7.72067784e+01
 5.40328139e+01
 6.80692510e+01
 7.05760873e+01
 8.92085095e+01
 5.29481701e+01
 6.79055670e+01
 4.25423154e+01
 2.92094990e+01
 2.20785936e+01
 1.03944046e+02
 1.20114653e+02
 7.05696151e+01
 4.99972482e+01
 4.86807974e+01
 2.54904768e+01
 1.81302560e+01
 5.72201275e+01
 3.11860365e+01
 1.75592707e+01
 1.91119022e+00
 9.30332584e+01
 7.30430605e+01
 5.04407519e+01
 1.01214591e+02
 3.44465530e+01
 1.04819283e+02
 6.95862296e+01
 1.05333228e+02
 3.62078745e+01
 1.51636701e+01
 1.80507014e+01
 2.17369823e+01
 9.32759513e+01
 4.98385385e+01
 3.41277169e+01
 1.52540134e+02
 4.41326149e+01
 7.69152927e+01
 1.37752600e+02
 1.03062008e+02
 1.11126434e+02
 2.80176313e+01
 6.30675874e+01
 3.14737656e+01
 9.36555663e+01
 1.40393635e+02
 8.74428061e+01
 1.22955798e+02
 8.69620748e+01
 8.18591551e+01
 2.86212332e+01
 1.17765588e+02
 1.11999091e+02
 9.81901531e+01
 6.67961390e+01
 5.68114611e+01
 1.17849767e+02
 2.23047716e+01
 8.66162160e+01
 5.89379207e+01
 7.35895211e+01
 8.17935587e+01
 1.95135842e+02
 1.26575271e+02
 1.11937018e+01
 4.00489426e+01
 2.26694577e+01
 1.90029295e+02
 5.62679970e+01
 5.31484463e+01
 6.65634093e+01
 5.99514926e+01
 6.32389662e+01
 5.08730379e+01
 1.24589010e+02
 2.74435828e+01
 1.89805322e+02
 9.51651034e+00
 1.27897424e+01
 9.49249528e+01
 1.50719601e+02
 8.61272675e+01
 8.05100012e+01
 2.47946866e+01
 4.19528453e+01
 1.20496690e+01
 6.31276091e+01
 1.02938990e+02
 1.58986459e+01
 9.48781413e+01
 8.01970836e+01
 4.11708832e+01
 5.17232132e+01
 1.05101299e+02
 6.47702084e+01
 7.57746693e+01
 7.19527599e+01
 1.17999142e+02
 7.68141343e+01
 9.87584405e+01
 5.74298239e+01
 1.31877492e+01
 2.26190056e+00
 2.11781157e+01
 2.16903079e+02
 7.31466216e+01
 2.57974055e+00
 2.66979163e+01
 5.89970699e+01
 5.02745150e+01
 5.13248008e+01
 8.21449650e+01
 7.77841379e+01
 1.30358422e+02
 8.62281335e+01
 1.10637814e+01
 1.70164943e+01
 2.01164725e+01
 3.45283643e+01
 9.66122743e+01
 8.16125376e+01
 9.59123362e+01
 5.17127457e+01
 1.07134750e+02
 1.22782338e+02
 3.37296468e+01
 5.50960956e+01
 6.98940649e+01
 4.87695941e+01
 1.48065846e+02
 5.42717076e+01
 8.26028533e+01
 2.88139471e+01
 8.38369164e+01
 7.67313279e+01
 5.11014023e+01
 5.25395460e+01
 2.75113739e+01
 8.46579524e+01
 6.59059020e+01
 8.02180477e+01
 5.38801770e+01
 3.40710362e+01
 1.07342004e+02
 3.51100163e+01
 3.09864388e+01
 1.46098556e+01
 5.09423126e+01
 7.00746095e+01
 1.36820531e+02
 4.23598694e+01
 8.97872978e+01
 9.47735106e+01
 1.78021074e+01
 3.34660214e+01
