 1.09272789e+02
 4.40304451e+01
 6.62368011e+01
 6.27233734e+01
 3.39495964e+01
 1.75427261e+02
 4.98757095e+01
 9.79179382e-01
 1.81620880e+02
 3.22754669e+01
 1.22813883e+01
 4.34154587e+01
 6.76477661e+01
 6.01279297e+01
 8.78364944e+01
 1.33273361e+02
 1.01183975e+02
 1.90699280e+02
 5.22874336e+01
 2.25663319e+01
 2.05201302e+01
 1.26992218e+02
 5.08593063e+01
 7.65222626e+01
 5.80693130e+01
 9.53735886e+01
 9.91318283e+01
 5.44882507e+01
 7.28183746e+01
 8.78287201e+01
 5.00599632e+01
 9.49789352e+01
 3.33535423e+01
 1.49891190e+02
 3.21423149e+01
 1.52000183e+02
 1.19581528e+02
 6.81560593e+01
 1.11267685e+02
 8.64474030e+01
 1.02853394e+02
 1.07280060e+02
 1.62152710e+01
 2.66108913e+01
 1.06201019e+02
 1.13931534e+02
 9.66788788e+01
 5.98946304e+01
 1.27518181e+02
 6.51892776e+01
 9.60670090e+01
 1.11263214e+02
 1.61973923e+02
 8.76325836e+01
 3.80105362e+01
 3.27264500e+00
 2.89916782e+01
 5.22202110e+01
 5.13369370e+01
 4.74914207e+01
 1.17154419e+02
 4.48528519e+01
 7.87723618e+01
 1.38372040e+02
 7.58790665e+01
 3.30016403e+01
 1.31158524e+02
 1.24288206e+01
 1.07067932e+02
 8.82165604e+01
 2.85935783e+01
 2.72587280e+01
 2.42325954e+01
 2.81093884e+01
 1.46802979e+02
 8.31347198e+01
 8.27487335e+01
 4.51490517e+01
 2.58470135e+01
 6.01906624e+01
 1.12379677e+02
 1.27606293e+02
 6.36691399e+01
 6.09499207e+01
 5.16563225e+01
 3.61503296e+01
 6.31480980e+01
 8.41144485e+01
 1.02697960e+02
 7.50776062e+01
 1.42167215e+01
 1.11750267e+02
 1.35526505e+01
 6.93863754e+01
 8.09884567e+01
 2.49363708e+01
 1.11591690e+02
 2.14692688e+01
 2.80710640e+01
 1.40333176e+01
 8.25990829e+01
 3.26808128e+01
 1.29458603e+02
 3.11955681e+01
 5.55983429e+01
 1.01545570e+02
 6.04462852e+01
 1.29575470e+02
 8.88154144e+01
 4.20863609e+01
 3.56820526e+01
 7.85495758e+01
 6.50754929e+01
 1.53732941e+02
 1.13899567e+02
 1.70214348e+01
 6.18781891e+01
 9.31184311e+01
 3.21009178e+01
 1.17671715e+02
 6.50493317e+01
 1.13411819e+02
 1.39516800e+02
 6.06234016e+01
 1.03635170e+02
 9.97334137e+01
 3.73319221e+00
 4.70275917e+01
 1.29333664e+02
 1.08942085e+02
 4.89018936e+01
 7.41690445e+01
 3.83577156e+01
 8.08583755e+01
 7.57411728e+01
 7.74866943e+01
 3.08659668e+01
 7.83929596e+01
 9.35956421e+01
 1.26917915e+01
 2.68597870e+01
 6.35813942e+01
 9.47703400e+01
 1.25452652e+02
 1.17717323e+02
 1.11665134e+01
 6.73971863e+01
 5.72092743e+01
 2.11460609e+01
 1.45001221e+01
 5.40169868e+01
 7.18247452e+01
 2.42632771e+01
 7.17262039e+01
 1.35519094e+01
 4.78448906e+01
 9.76317368e+01
 1.51826401e+02
 5.93021049e+01
 1.07299301e+02
 8.80301285e+01
 3.38732796e+01
 2.08793736e+01
 7.12851639e+01
 1.05467354e+02
 1.57049057e+02
 1.98974960e+02
 1.19045547e+02
 5.82205086e+01
 6.96712875e+01
 1.96152557e+02
 1.59046936e+02
 1.06219032e+02
 4.64195747e+01
 5.64432793e+01
 1.00250387e+01
 5.06223412e+01
 5.29661636e+01
 9.79248428e+01
 6.88203506e+01
 5.92997856e+01
 3.06825542e+01
 9.07292786e+01
 1.18829796e+02
 4.46386185e+01
 6.27212067e+01
 4.16963959e+01
 2.25758305e+01
 2.36321278e+01
 5.82529678e+01
 6.85646439e+01
 1.03986877e+02
 4.85156212e+01
 4.81282654e+01
 1.56357285e+02
 6.26303864e+00
 1.83153629e+00
 4.42292213e+01
 1.57394066e+01
 2.48463345e+01
 7.18417435e+01
 3.14596119e+01
 7.17771606e+01
 8.07145004e+01
 7.05561676e+01
 3.84941521e+01
 2.21336784e+01
 6.65419149e+00
 1.17638290e+02
 7.44453049e+01
 8.64932175e+01
 8.85931931e+01
 9.46525726e+01
 1.07499115e+02
 1.84607132e+02
 9.74430923e+01
 1.37310699e+02
 1.08639038e+02
 1.80785400e+02
 8.99472733e+01
 1.84077545e+02
 4.38760452e+01
 8.39152145e+00
 1.15366013e+02
 1.23781113e+02
 1.58167236e+02
 1.26103073e+02
 6.73367386e+01
 6.02770958e+01
 8.85579834e+01
 6.03299942e+01
 1.40284134e+02
 1.48744736e+02
 4.95550537e+01
 3.74050369e+01
 5.93384438e+01
 4.76238785e+01
 3.91221085e+01
 1.47743027e+02
 1.13365677e+02
 9.86685944e+01
 3.23897324e+01
 1.11354332e+02
 7.05590591e+01
 7.88790894e+01
 3.75664062e+01
 3.66853809e+00
 2.73160481e+00
 3.83654671e+01
 4.52165070e+01
 4.74573593e+01
 7.39776306e+01
 9.19347763e+01
 5.27132759e+01
 6.32118454e+01
 7.43851547e+01
 5.40923309e+01
 1.18117218e+01
 4.44192543e+01
 2.98829365e+01
 2.42423964e+00
 2.73385601e+01
 3.13040009e+01
 8.38218689e+01
 6.75581818e+01
 1.12092781e+02
 7.95100479e+01
 7.34104538e+01
 3.94979973e+01
 2.83586243e+02
 2.05820656e+01
 9.43801727e+01
 8.78842926e+01
 1.91980042e+02
 1.31682816e+02
 3.79071083e+01
 8.48769073e+01
 1.14501564e+02
 6.11863289e+01
 1.62118134e+02
 6.83001556e+01
 4.16886940e+01
 6.46203537e+01
 2.43367119e+01
 6.94900665e+01
 1.20134987e+02
 8.47109528e+01
 1.02146980e+02
 6.64347839e+01
 9.05018845e+01
 8.23722458e+01
 1.03833992e+02
 8.16099243e+01
 1.34473450e+02
 1.28650341e+01
 4.37777176e+01
 1.29882706e+02
 9.09956207e+01
 9.27144699e+01
 1.05124535e+02
 7.44749451e+00
 8.22143402e+01
 1.33709030e+02
 4.33975449e+01
 1.64776062e+02
 9.27776260e+01
 3.93974876e+01
 5.82686501e+01
 1.00708298e+02
 5.53172264e+01
 6.16623535e+01
 5.99654922e+01
 3.89429932e+01
 2.25477695e+01
 1.54725891e+02
 4.78872452e+01
 3.99472580e+01
 2.60181904e+01
 1.26492519e+01
 4.56762962e+01
 1.27336540e+01
 8.14195862e+01
 6.71668625e+01
 9.26968536e+01
 6.36102943e+01
 1.06530518e+02
 6.22280846e+01
 1.76544724e+02
 2.28665485e+01
 4.00795650e+00
 3.54973984e+01
 3.65219994e+01
 1.10926239e+02
 5.56799698e+01
 1.32872025e+02
 1.64139725e+02
 1.04064682e+02
 1.07690186e+02
 6.09233971e+01
 1.68304840e+02
 2.12101028e+02
 1.04501869e+02
 2.94595776e+01
 1.39704399e+01
 7.48524761e+00
 1.03205109e+02
 1.21228165e+02
 6.45230865e+01
 1.08881287e+02
 5.96619720e+01
 8.92066650e+01
 1.16480675e+02
 1.55384018e+02
 4.83514481e+01
 1.46754776e+02
 3.04421967e+02
 1.66895752e+01
 1.45549240e+02
 1.26224625e+02
 1.82645020e+02
 4.26503830e+01
 5.99503174e+01
 3.13002319e+01
 6.64138107e+01
 4.03169289e+01
 8.73619995e+01
 3.55202179e+01
 4.85239458e+00
 1.86579681e+02
 8.09446793e+01
 1.23360588e+02
 1.18611336e+02
 1.19324066e+02
 3.67172165e+01
 8.58507614e+01
 1.02569672e+02
 1.02221130e+02
 6.97047119e+01
 3.28475037e+01
 3.62420273e+01
 2.11330175e+00
 1.38180481e+02
 1.39030151e+02
 9.78873978e+01
 3.10943756e+01
 8.06633072e+01
 1.65890274e+02
 5.19679375e+01
 1.74063644e+02
 1.31077591e+02
 1.78997650e+02
 4.63559675e+00
 1.72005829e+02
 7.25811911e+00
 1.14217583e+02
 8.51939774e+01
 1.08571968e+02
 2.72561479e+00
 8.74854431e+01
 7.47085342e+01
 1.12260048e+02
 3.06859875e+01
 3.23589439e+01
 2.26206856e+01
 7.77630005e+01
 2.00484604e+02
 6.06657028e+01
 1.61113235e+02
 6.52065430e+01
 3.42593307e+01
 6.27137604e+01
 7.04561157e+01
 4.54525566e+01
 6.92273178e+01
 2.56771488e+01
 2.53298378e+01
 9.54330521e+01
 3.28361816e+01
 1.17064217e+02
 2.12951050e+01
 1.40282166e+02
 7.17108459e+01
 1.08864143e+02
 7.82833633e+01
 9.12033920e+01
 8.25550537e+01
 2.70642340e-01
 4.54141617e+01
 1.17978943e+02
 4.45574913e+01
 1.68698227e+02
 7.09774551e+01
 1.57506058e+02
 1.20719315e+02
 5.36425858e+01
 5.84752617e+01
 2.22700394e+02
 1.47168884e+02
 1.24566498e+01
 6.43166351e+01
 1.00563255e+02
 2.71662197e+01
 1.40384979e+02
 1.79112213e+02
 7.52482834e+01
 8.02879028e+01
 8.62827225e+01
 1.65227386e+02
 4.84542198e+01
 1.82147934e+02
 1.46770279e+02
 4.30050163e+01
 7.24257374e+00
 1.62967499e+02
 7.82496185e+01
 6.22357407e+01
 7.62317429e+01
 3.21357269e+01
 2.63563747e+01
 1.75324802e+01
 1.76788269e+02
 1.84562397e+00
 2.96519562e+02
 1.59849716e+02
 5.42163429e+01
 8.85286407e+01
 9.48117981e+01
 1.63434525e+02
 6.89714661e+01
 9.71676483e+01
 1.43748047e+02
 1.39001755e+02
 2.10977310e+02
 1.31731232e+02
 1.64647312e+01
 5.46313286e+01
 1.40391632e+02
 6.79687347e+01
 8.73839798e+01
 4.77646141e+01
 1.36394760e+02
 1.30683121e+02
 1.48004608e+02
 5.54938583e+01
 1.12175407e+02
 8.67731705e+01
 6.86452389e+00
 4.70662892e-01
 2.91599636e+01
 7.16628418e+01
 4.75146561e+01
 5.64108009e+01
 6.30474472e+01
 5.74887772e+01
 9.69200745e+01
 1.01989807e+02
 9.39911041e+01
 3.29703979e+01
 3.16050739e+01
 3.21306725e+01
 1.31273468e+02
 1.10039040e+02
 7.74821167e+01
 9.12668152e+01
 8.20602875e+01
 5.62139778e+01
 8.94729080e+01
 1.67736877e+02
 1.28584106e+02
 7.84254913e+01
 1.49090290e+01
 3.91245461e+01
 1.13535065e+02
 5.68798332e+01
 8.66182098e+01
 6.30836334e+01
 6.95477600e+01
 4.95491791e+01
 6.10985947e+01
 1.03316681e+02
 9.55013275e+01
 9.58977432e+01
 3.98183465e+00
 8.96514511e+01
 7.00024643e+01
 1.66370560e+02
 2.12022247e+02
 4.97883263e+01
 6.24269753e+01
 5.26706963e+01
 1.68712662e+02
 1.22149139e+02
 6.13333931e+01
 1.08494553e+02
 5.37471247e+00
 1.34844360e+01
 9.97431107e+01
 4.32199821e+01
 1.46075363e+02
 1.54407974e+02
 4.50192451e+01
 1.56543217e+01
 1.48916153e+02
 4.11903114e+01
 1.27799461e+02
 1.45304747e+01
 5.11204481e+00
 1.90186806e+01
 5.47539635e+01
 1.51681885e+02
 1.44155502e+02
 6.26498222e+01
 9.82043839e+01
 2.48743134e+01
 1.11823921e+02
 3.10653381e+01
 1.34684906e+02
 3.31371331e+00
 7.95888443e+01
 2.03244114e+01
 7.97413945e-01
 9.53697205e+01
 6.07073822e+01
 6.84632416e+01
 5.72788963e+01
 8.67944107e+01
 4.61272850e+01
 9.77459488e+01
 6.50226288e+01
 1.12437363e+01
 9.28789520e+00
 7.19734526e+00
 0.00000000e+00
 1.48558760e+01
 5.69359741e+01
 1.97404205e+02
 4.39708900e+01
 2.86513367e+01
 3.88697433e+01
 7.82379837e+01
 1.24704391e+02
 5.89328995e+01
 9.77064133e+01
 3.14097862e+01
 8.89480133e+01
 1.18435394e+02
 3.18543892e+01
 8.76133575e+01
 3.84096909e+01
 8.90858688e+01
 4.36454315e+01
 1.30330505e+02
 2.13640461e+01
 4.21233225e+00
 7.40161538e-01
 1.78944550e+01
 2.15490589e+01
 3.49611206e+01
 1.18585571e+02
 1.08151505e+02
 2.54783535e+01
 6.00077209e+01
 6.11915436e+01
 1.95842743e+02
 8.27828064e+01
 5.92353783e+01
 5.85233574e+01
 9.60797013e-04
 4.29362679e+01
 3.35230865e+01
 1.11689392e+02
 5.45626869e+01
 6.09993591e+01
 1.43920486e+02
 2.43915024e+01
 1.90548630e+02
 1.47424271e+02
 1.08355736e+02
 1.39212997e+02
 5.32813787e+00
 1.63094284e+02
 6.06924171e+01
 1.35996063e+02
 3.55234718e+01
 6.18390541e+01
 9.67861366e+00
 5.83453979e+01
 5.37553024e+01
 6.76267700e+01
 1.06845322e+02
 1.41597281e+01
 1.03533943e+02
 1.49822479e+02
 1.24203194e+02
 1.20895859e+02
 5.90924377e+01
 6.19828110e+01
 1.09985001e+02
 8.82657471e+01
 1.20213531e+02
 2.12595100e+01
 6.83031158e+01
 5.74934692e+01
 1.15619179e+02
 6.17126160e+01
 2.50358219e+01
 8.31941299e+01
 1.23223495e+02
 9.51435776e+01
 3.61544075e+01
 1.00587715e+02
 4.58116007e+00
 1.78831558e+01
 1.25375336e+02
 6.02016068e+01
 8.66688080e+01
 4.35920868e+01
 2.39843033e+02
 1.09694252e+02
 4.22549934e+01
 3.02272949e+01
 1.02977247e+01
 4.06971474e+01
 1.22875130e+02
 5.52832985e+01
 4.21211338e+00
 6.69559555e+01
 1.93800092e+00
 6.23974895e+00
 1.82292118e+01
 5.24330292e+01
 9.98415298e+01
 6.52080917e+01
 7.23494720e+01
 9.35723495e+01
 2.23400345e+02
 4.60230331e+01
 1.08065018e+02
 1.31817064e+01
 8.87642365e+01
 5.96219864e+01
 1.85036793e+01
 1.22393433e+02
 4.56197624e+01
 1.24718346e+02
 2.69933987e+01
 2.50589314e+01
 1.11743896e+02
 8.11394958e+01
 2.16515793e+02
 4.09674492e+01
 4.09440346e+01
 7.07329636e+01
 6.87443085e+01
 1.79810913e+02
 1.29252533e+02
 8.83393478e+01
 8.43412170e+01
 9.07666245e+01
 1.14460693e+02
 6.06683540e+01
 6.75357437e+00
 2.95686245e+01
 5.52604561e+01
 1.33069748e+02
 1.25497543e+02
 2.91808949e+01
 1.08343630e+01
 6.39023323e+01
 8.76759796e+01
 5.39217682e+01
 1.55886185e+02
 1.16284653e+02
 2.34725628e+01
 2.29824805e+00
 5.93040047e+01
 3.35551643e+01
 1.17204893e+00
 9.51933746e+01
 1.29680756e+02
 8.65191269e+00
 5.13447113e+01
 6.89266777e+00
 3.76908569e+01
 9.36369777e-01
 1.37462845e+01
 7.14048309e+01
 2.22923412e+01
 1.92865467e+01
 2.16407299e+00
 3.24909058e+02
 5.01608734e+01
 6.54057236e+01
 8.62967987e+01
 1.76533249e+02
 5.65027847e+01
 5.28087425e+01
 2.62154877e+02
 6.18989706e+00
 5.33231010e+01
 4.51086349e+01
 5.62258110e+01
 6.26873512e+01
 4.64352341e+01
 5.17368011e+01
 9.70365448e+01
 1.23696838e+02
 1.19595543e+02
 6.00737877e+01
 8.32632751e+01
 3.83103299e+00
 5.65795822e+01
 4.82821045e+01
 1.24670166e+02
 1.93950012e+02
 1.01127029e+02
 8.02642212e+01
 9.24277725e+01
 7.27516403e+01
 1.21773476e+02
 1.03604370e+02
 6.73667297e+01
 4.20974426e+01
 2.16943474e+01
 1.60983612e+02
 1.30009903e+02
 1.42025528e+02
 6.56957092e+01
 9.28436356e+01
 1.76093197e+01
 7.99153595e+01
 8.61879044e+01
 1.03279104e+01
 9.19048386e+01
 1.27552233e+01
 4.09868355e+01
 8.31762848e+01
 5.37227631e+01
 9.79574814e+01
 1.36891602e+02
 1.03728920e+02
 6.41053619e+01
 7.18650055e+01
 1.15111465e+02
 1.88340897e+02
 5.60245781e+01
 5.55930939e+01
 2.48502159e+01
 9.47709351e+01
 5.27265968e+01
 1.52350433e+02
 1.59865768e+02
 6.52840576e+01
 7.54518270e+00
 3.85841064e+01
 6.32130280e+01
 1.72790054e+02
 8.34769535e+00
 1.11074858e+01
 1.11769508e+02
 6.58460464e+01
 7.91998138e+01
 8.23369064e+01
 1.55973724e+02
 5.41857376e+01
 2.92101135e+01
 2.70398502e+01
 2.71231422e+01
 5.14961243e+01
 1.90196060e+02
 3.76272058e+00
 4.95626545e+00
 2.83756065e+01
 2.14784470e+02
 9.79612350e+01
 1.31946621e+01
 1.00275185e+02
 2.13316574e+01
 1.00058136e+02
 1.22519829e+02
 1.33047409e+02
 4.28219490e+01
 1.04571352e+01
 1.43420753e+01
 4.27385902e+01
 5.06963463e+01
 8.10915375e+01
 8.97894287e+01
 1.10034225e+02
 9.42576828e+01
 1.14128555e+02
 4.07858276e+01
 1.47159348e+02
 7.52734375e+01
 3.01513100e+00
 4.72082901e+00
 3.37272606e+01
 1.18779861e+02
 1.28536224e+02
 6.34651413e+01
 8.20038986e+01
 6.19347153e+01
 8.23125076e+01
 9.95359573e+01
 1.34523331e+02
 7.63915405e+01
 5.20083542e+01
 5.84133148e-01
 1.92105675e+01
 2.37418194e+01
 1.46457123e+02
 7.88676147e+01
 2.61981869e+01
 1.58524673e+02
 6.16683769e+01
 8.55133667e+01
 1.18110275e+02
 3.86313820e+01
 1.49565796e+02
 4.27262259e+00
 5.98448486e+01
 1.48261215e+02
 1.33783875e+02
 3.16977711e+01
 2.70646019e+01
 3.92313118e+01
 2.76201000e+01
 1.48661621e+02
 2.01588760e+02
 5.91897316e+01
 2.35403328e+01
 3.86892776e+01
 8.83375244e+01
 1.52253189e+02
 1.26444412e+02
 8.78203278e+01
 5.47059555e+01
 2.00744057e+01
 1.84970779e+02
 8.37528000e+01
 2.11523170e+01
 8.44704723e+00
 3.44039917e+01
 1.01029724e+02
 2.07200837e+00
 1.21403252e+02
 1.31476303e+02
 1.30265762e+02
 4.83338089e+01
 4.67895508e+01
 1.44335953e+02
 5.00008278e+01
 2.22985840e+01
 1.42416153e+02
 1.23744001e+01
 8.10197830e+01
 1.40210724e+02
 3.31542625e+01
 1.33457413e+02
 1.05484962e+02
 1.11266708e+02
 1.10371048e+02
 1.21670029e+02
 8.01834946e+01
 4.97243156e+01
 3.68029642e+00
 1.51916245e+02
 1.85092869e+01
 1.37846771e+02
 6.14785969e-01
 1.81211349e+02
 1.23034721e+02
 7.36008911e+01
 8.40313034e+01
 8.94061356e+01
 1.33574875e+02
 1.95219070e+02
 7.42493391e+00
 4.21170616e+01
 4.98305664e+01
 6.32194471e+00
 1.02784882e+02
 9.71146393e+01
 7.83764038e+01
 5.58970871e+01
 1.41916687e+02
 6.29741898e+01
 1.37190109e+02
 8.41976013e+01
 6.92624187e+00
 1.03708916e+01
 6.93632355e+01
 7.85430756e+01
 6.05621796e+01
 1.34040146e+02
 4.49855270e+01
 1.00187210e+02
 7.99832764e+01
 1.46855621e+02
 8.00612183e+01
 9.26527405e+01
 5.38492889e+01
 4.49554138e+01
 4.64810038e+00
 4.87951469e+01
 1.59049164e+02
 6.01270447e+01
 1.35995285e+02
 9.72779388e+01
 1.29742218e+02
 1.39275208e+02
 6.55195770e+01
 1.21915627e+02
 1.04443153e+02
 1.13880758e+01
 2.37995930e+01
 4.28400841e+01
 1.29712357e+02
 2.06994514e+01
 2.49903374e+01
 6.35088692e+01
 7.73911285e+01
 7.33351183e+00
 3.07779007e+01
 2.68363819e+01
 1.97697105e+01
 1.13859962e+02
 3.45650482e+01
 2.49639492e+01
 5.78498001e+01
 1.04320145e+02
 6.51052704e+01
 1.40160160e+01
 6.57474670e+01
 1.15054993e+02
 6.47677307e+01
 1.38685883e+02
 2.67872963e+01
 1.17221479e+01
 5.35397148e+01
 5.74781227e+01
 7.14181595e+01
 1.48493332e+02
 7.20105057e+01
 2.03962250e+01
 7.94566956e+01
 1.01321205e+02
 7.90463181e+01
 8.53854370e+01
 1.41467886e+01
 1.68113022e+02
 1.07486885e+02
 1.56626953e+02
 9.57319336e+01
 1.69382263e+02
 7.10905685e+01
 8.15542755e+01
 1.32655411e+02
 9.06762466e+01
 3.87592468e+01
 1.22309097e+02
 1.04767853e+02
 1.70383453e+01
 7.03907490e+00
 2.28349447e+00
 1.53359512e+02
 6.49620895e+01
 1.82189758e+02
 9.13165817e+01
 2.41073898e+02
 6.63327560e+01
 1.06892586e+02
 8.68510666e+01
 1.30340958e+01
 3.56043816e+01
 1.67880802e+01
 1.89291401e+01
 1.08183203e+01
 8.02371368e+01
 1.11092079e+02
 1.25135132e+02
 1.31138779e+02
 1.11514587e+02
 6.82580795e+01
 1.00884789e+02
 4.69029379e+00
 8.60908508e+01
 3.92541962e+01
 1.03903107e+02
 1.35223114e+02
 1.41318405e+02
 7.08437729e+01
 9.47307205e+01
 7.59475327e+01
 1.32428101e+02
 1.23834602e+02
 1.61930511e+02
 1.17659431e+02
 3.11119480e+01
 2.78311138e+01
 7.68286057e+01
 1.41467819e+02
 6.90887299e+01
 1.34237610e+02
 1.27939995e+02
 6.23042564e+01
 6.25848198e+01
 7.77742538e+01
 9.67703094e+01
 1.20171213e+01
 4.68238056e-01
 5.14206390e+01
 1.08903137e+02
 9.86885910e+01
 1.63957275e+02
 9.65716705e+01
 7.04757156e+01
 6.81133194e+01
 1.04533409e+02
 1.67628265e+02
 7.17648849e+01
 1.17803482e+02
 1.27765854e+02
 3.61030221e+00
 5.60989761e+01
 1.46089081e+02
 1.71309910e+01
 3.91971588e+01
 8.92674255e+01
 1.06360718e+02
 9.96185303e+01
 7.98685455e+01
 1.40975143e+02
 1.57623550e+02
 9.41987610e+01
 2.63300180e+00
 4.73311920e+01
 8.97343445e+01
 8.40447540e+01
 3.99630051e+01
 1.03531761e+02
 3.71356430e+01
 9.58798141e+01
 1.67701294e+02
 2.39056213e+02
 7.37173538e+01
 4.38533478e+01
 2.57033424e+01
 1.66679096e+01
 1.95686920e+02
 1.38991104e+02
 1.05479462e+02
 8.30401306e+01
 8.62634201e+01
 6.66252213e+01
 2.81151886e+01
 2.74678345e+01
 1.86583359e+02
 1.34794708e+02
 1.28532877e+01
 3.00794296e+01
 8.35142136e+01
 7.00656815e+01
 5.38692741e+01
 2.66040668e+01
 9.50686340e+01
 1.52917114e+02
 1.25270821e+02
 1.29681168e+02
 4.93600311e+01
 7.28060608e+01
 8.70552254e+00
 1.81653233e+01
 1.25476715e+02
 3.94416122e+01
 8.09343262e+01
 2.94862518e+01
 9.55639801e+01
 1.97827805e+02
 1.30337219e+02
 1.13760864e+02
 1.42240128e+02
 1.65558987e+01
 1.56571152e+02
 1.01188896e+02
 3.69077682e+01
 1.28886993e+02
 1.15162781e+02
 6.72434006e+01
 4.20767708e+01
 9.23026810e+01
 1.60655457e+02
 4.46765022e+01
 6.55057983e+01
 3.67221975e+00
 7.79327250e+00
 4.68406963e+00
 2.82555084e+01
 1.08640732e+02
 7.89683914e+01
 6.21229935e+01
 4.90652695e+01
 1.18773880e+02
 1.14368362e+02
 2.84977360e+01
 6.55885849e+01
 3.74383583e+01
 1.12241077e+01
 5.45167465e+01
 4.72112007e+01
 3.96240044e+01
 1.25000618e+02
 1.23769882e+02
 1.69905884e+02
 5.86066666e+01
 3.64510040e+01
 8.14103985e+00
 4.03276520e+01
 2.84942226e+01
 7.25369263e+01
 1.67467056e+02
 1.04274124e+02
 8.78910675e+01
 4.33808556e+01
 9.71368790e+01
 8.39200668e+01
 2.82302151e+01
 1.43129379e+02
 2.02849998e+01
 8.91826553e+01
 7.65118332e+01
 8.05712509e+01
 6.43744736e+01
 5.69876099e+01
 2.59197025e+01
 3.09314804e+01
 4.12932739e+01
 1.12635208e+02
 9.39372406e+01
 6.99412537e+01
 1.23847832e+02
 7.31130600e+01
 1.05505085e+01
 7.08848572e+01
 1.34018583e+01
 4.37840424e+01
 8.06385651e+01
 5.74179878e+01
 6.23946648e+01
 5.46297569e+01
 8.35819855e+01
 1.26858734e+02
 3.36799469e+01
 1.08481627e+01
 4.16007462e+01
 6.66873322e+01
 9.48279762e+00
 6.23803406e+01
 6.88863068e+01
 4.61996803e+01
