 6.47531224e+01
 6.25099003e+01
 5.61762430e+01
 8.75458344e+01
 4.33402290e+01
 6.06698533e+01
 1.38225001e+01
 7.27944102e+01
 5.16839570e+01
 1.12475231e+02
 8.86636334e+01
 2.43684004e+01
 1.71514323e+01
 6.98573082e+01
 6.52818103e+01
 1.28220487e+02
 6.74408726e+01
 3.42479118e+01
 4.06793721e+01
 1.39265905e+02
 4.45736682e+01
 3.01522460e+01
 7.82533380e+01
 5.62940427e+01
 3.84566890e+01
 4.89131192e+01
 4.85185506e+01
 7.78031716e+01
 9.76230545e+01
 8.48001209e+01
 2.46751379e+01
 2.09914037e+01
 1.30347409e+02
 4.04988213e+01
 9.51104716e+01
 6.27192066e+01
 1.65816663e+01
 2.98834202e+01
 1.18207389e+02
 6.91498446e+01
 9.74869995e+01
 3.43388866e+01
 6.37155560e+01
 4.40713483e+00
 4.39284403e+01
 2.15436671e+02
 8.94073209e+01
 1.27768058e+02
 7.61188017e+01
 4.54701731e+01
 4.70182630e+01
 1.28799684e+02
 9.40685252e+01
 4.94959408e+01
 4.01566791e+01
 9.39055769e+01
 1.15668287e+02
 4.16233769e+01
 3.59634653e+01
 1.08200662e+02
 1.99103086e+01
 3.67597348e+01
 1.08417669e+02
 1.26211578e+02
 2.92629048e+01
 4.60612223e+01
 4.51275884e+01
 3.22366208e+01
 2.68699343e+01
 8.23978598e+01
 7.44620754e+01
 5.64027073e+01
 5.89158750e+01
 2.61028545e+01
 1.77584044e+01
 9.59713978e+01
 8.41638263e+01
 3.28586428e+01
 3.63844990e+01
 8.88906810e+01
 2.72586406e+01
 8.94637526e+01
 3.91938151e+01
 3.29588628e+01
 7.12368524e+01
 6.52981006e+01
 4.80784110e+01
 4.59610654e+01
 9.67635103e+01
 1.00967674e+02
 4.63072168e+01
 1.18693983e+02
 5.41018773e+01
 1.76736417e+01
 6.08212650e+01
 8.71601338e+00
 4.23373219e+01
 2.78999502e+01
 5.10945376e+01
 3.44498617e+01
 2.43280336e+01
 5.13245509e+01
 4.63257596e+01
 3.22360191e+01
 8.72489704e+01
 5.17822178e+01
 1.00540229e+02
 4.15671445e+01
 4.32897017e+01
 5.21658186e+01
 3.65032291e+01
 9.92222760e+01
 6.87645850e+01
 3.01691229e+01
 2.67469528e+01
 1.23618972e+01
 3.78698086e+01
 3.87880471e+01
 6.51206392e+01
 5.77358275e+01
 1.49965757e+01
 3.87104299e+01
 3.96308803e+01
 9.05630838e+01
 1.01145770e+02
 7.38374889e+01
 8.22687815e+01
 1.04254369e+01
 3.39624742e+01
 3.95615739e+01
 5.92555403e+00
 4.57262623e+01
 4.81879867e+01
 3.47630017e+01
 4.34582138e+01
 1.02757769e+02
 6.87105109e+01
 5.56455048e+01
 6.12747421e+01
 4.70664030e+01
 2.19181940e+01
 1.51308122e+01
 4.06793065e+01
 8.27830386e+01
 3.97316353e+01
 2.93584142e+01
 6.94892338e+01
 2.96610161e+01
 1.01491817e+02
 7.89590240e+01
 5.88911205e+01
 2.83850566e+01
 6.96582956e+01
 6.85558158e+01
 1.35698136e+02
 4.32837189e+01
 6.45175669e+01
 3.00525622e+01
 2.91183555e+01
 2.85515458e+01
 5.25204496e+01
 5.89323382e+01
 3.24892647e+01
 2.44946529e+01
 2.75652902e+01
 8.20317109e+01
 5.25263634e+01
 9.11608293e+01
 1.58008071e+01
 1.95760320e+01
 2.78196705e+01
 1.96505599e+01
 1.35133607e+02
 6.50558481e+01
 3.91706048e+01
 3.09332514e+01
 2.23039842e+01
 7.04723606e+01
 2.02958078e+01
 4.57418867e+01
 3.10142529e+01
 1.01940855e+02
 8.87986298e+01
 5.23981297e+01
 1.19120067e+02
 2.83596384e+01
 5.90284713e+01
 1.97113016e+01
 4.29886351e+01
 4.23530340e+01
 1.97429073e+00
 3.40334684e+01
 3.54421019e+01
 8.09422921e+00
 4.41308882e+01
 3.66703442e+01
 6.88419959e+01
 2.11563898e+01
 6.07464927e+01
 6.95584695e+01
 2.09489849e+02
 7.58435250e+01
 8.10722443e+01
 1.25181782e+01
 6.89166103e+01
 1.73535775e+01
 1.42016099e+02
 1.65712118e+02
 1.05906153e+02
 7.35952273e+01
 5.17936133e+01
 6.46744788e+01
 1.66025356e+01
 6.15648296e+01
 5.13031079e+01
 2.66517664e+01
 2.67894316e+01
 2.34862649e+01
 4.17745350e+01
 5.69495959e+01
 6.31927534e+01
 8.92467153e+01
 8.24755387e+01
 1.41590239e+02
 1.28978131e+02
 8.60135617e+01
 4.14567475e+01
 3.19272184e+01
 6.58391601e+01
 4.86594788e+01
 7.24408408e+01
 1.28771688e+02
 1.34566158e+02
 8.57652164e+01
 5.07678615e+01
 4.08721905e+01
 1.42189817e+01
 4.18192793e+01
 1.37929453e+02
 2.27758983e+01
 8.57868976e+01
 6.82423822e+01
 7.93245994e+01
 7.54584160e+01
 1.01758723e+02
 8.25237207e+01
 1.11480216e+02
 1.26043348e+02
 6.54581354e+01
 5.12405314e+01
 4.06101967e+01
 8.48348053e+01
 7.49047819e+01
 4.22305520e+01
 4.43763776e+01
 9.26132197e+01
 5.19642545e+01
 1.90211136e+01
 3.59377115e+01
 6.28335471e+01
 8.79178054e+01
 2.09832090e+01
 6.61710635e+01
 1.93249644e+01
 5.04110864e+01
 2.44613473e+01
 4.25234852e+01
 5.16620331e+01
 8.57791902e+01
 5.99424602e+01
 3.81853684e+01
 4.05529685e+01
 1.45692264e+02
 9.63824337e+01
 3.36751177e+01
 5.48988631e+01
 4.50265289e+01
 8.33009596e+00
 5.09750767e+01
 1.01592520e+02
 8.04173800e+01
 3.75008009e+01
 1.49144439e+01
 2.58178976e+01
 1.06376073e+02
 3.77289027e+01
 4.42018244e+01
 2.36201591e+01
 4.94706089e+01
 6.16975682e+01
 6.92334548e+01
 1.11641406e+02
 9.70464555e+01
 3.94246716e+01
 4.72614236e+01
 4.00727130e+01
 6.75618176e+01
 8.70636685e+01
 3.87185919e+01
 1.04408799e+01
 3.97019991e+01
 4.79824400e+01
 7.23527700e+01
 5.03593659e+01
 1.02727848e+02
 1.06232696e+02
 2.70891486e+01
 3.43912935e+01
 6.79058062e+01
 1.16914492e+02
 1.28200289e+02
 8.70568770e+01
 3.96087591e+01
 7.00693990e+01
 4.68340095e+01
 4.36902947e+01
 1.32036891e+01
 5.43028418e+01
 3.20023955e+01
 5.19828752e+01
 4.62210642e+01
 3.62190367e+01
 3.01435662e+01
 7.09312282e+01
 2.85696949e+01
 9.35915324e+01
 5.36606686e+01
 4.81385204e+01
 2.34968371e+01
 6.50944483e+01
 6.42274161e+01
 8.30565906e+01
 1.92471846e+01
 3.44206837e+01
 6.79979621e+01
 1.37970391e+01
 3.18649861e+01
 5.09648123e+01
 3.27304643e+01
 5.04996271e+01
 3.46046960e+01
 2.76085369e+01
 2.32285492e+01
 3.83497685e+01
 1.02897695e+02
 3.32276695e+01
 2.18255243e+01
 3.64087346e+01
 2.98596640e+01
 1.98471159e+01
 4.83111309e+01
 7.44814580e+01
 5.29250384e+01
 3.57503224e+01
 1.03874557e+02
 4.17836578e+00
 7.71703496e+00
 3.22331203e+01
 3.17756461e+01
 4.64722698e+01
 6.81350179e+01
 3.42982672e+01
 8.83573354e+01
 6.43547684e+01
 1.31890203e+02
 2.83516445e+01
 4.65268798e+01
 5.63085222e+01
 1.29915314e+02
 1.12177465e+02
 5.16026829e+01
 2.67341882e+01
 4.56320772e+01
 2.99290908e+01
 3.38297952e+01
 2.95668305e+01
 1.32242223e+02
 9.96310132e+01
 2.86818358e+01
 4.33396200e+01
 9.66477954e+01
 5.58663753e+01
 5.58394348e+01
 5.06670554e+01
 7.83048353e+01
 6.16252988e+01
 7.06209901e+01
 7.42117278e+01
 3.80774247e+01
 4.60262054e+01
 5.96529863e+01
 5.68289862e+01
 7.42212058e+00
 2.06254472e+01
 9.62180112e+01
 7.12093890e+01
 4.76387878e+01
 4.09492982e+01
 5.51212934e+01
 8.85810204e+01
 8.59727540e+01
 2.86476574e+01
 3.61512577e+01
 4.34993917e+01
 8.30785608e+01
 1.21919352e+02
 3.32783585e+01
 5.88750819e+01
 5.17406549e+01
 1.09318978e+02
 6.17590609e+01
 1.20595642e+02
 1.04134798e+02
 6.12886782e+01
 3.96947569e+01
 1.67208503e+01
 3.03210321e+01
 2.56858085e+01
 8.84493555e+00
 1.32608812e+01
 2.24931748e+01
 5.47876976e+01
 7.98523909e+01
 7.12236585e+01
 9.04158157e+01
 5.95883678e+01
 1.29275038e+01
 2.95098387e+01
 7.86260681e+01
 8.51998824e+01
 4.49172701e+01
 8.81981288e+01
 3.17948637e+01
 1.91223735e+01
 7.60989435e+01
 1.00384451e+02
 1.30151227e+02
 6.22001426e+01
 6.67401380e+00
 2.48419125e+00
 1.04327361e+02
 9.20458247e+01
 5.43087589e+01
 7.03547948e+01
 3.95044329e+01
 2.24162770e+01
 9.64074172e+01
 4.94533707e+01
 2.02261250e+01
 9.11438176e+01
 4.41053395e+01
 4.70210936e+01
 3.00571153e+01
 3.67607889e+01
 3.04550155e+01
 6.22441446e+01
 1.14490935e+02
 7.42658515e+01
 5.64263023e+01
 6.55340111e+01
 1.04596643e+02
 8.03050487e+01
 5.00570395e+01
 1.86398871e+01
 2.55897050e+01
 1.74726956e+01
 7.92670621e+01
 7.57079719e+01
 5.58997240e+01
 5.44029487e+01
 1.05002732e+02
 5.63612664e+01
 7.67194390e+01
 4.45838427e+01
 1.03069803e+02
 2.20763330e+01
 8.77805381e+01
 1.09430827e+02
 3.72585157e+01
 4.14102277e+01
 7.38540564e+01
 4.61161663e+01
 7.37387219e+01
 7.87115855e+01
 1.20425164e+02
 8.86930351e+01
 7.43637435e+01
 9.25915889e+00
 6.37548971e+01
 2.08675823e+01
 1.07428515e+02
 9.88543795e+01
 3.32685064e+01
 3.08781530e+01
 5.29364924e+01
 1.05865882e+02
 1.05424051e+02
 4.81880119e+01
 3.80584191e+01
 5.23628410e+01
 9.78256142e+01
 5.42598395e+01
 7.59330758e+01
 1.16501007e+02
 4.40090302e+01
 2.40215604e+00
 4.43794664e+01
 7.55002647e+01
 9.75744126e+01
 4.52123047e+01
 4.37567249e+01
 8.17717712e+01
 9.32695982e+01
 4.92702194e+01
 2.96191532e+01
 6.91940794e+01
 6.06754056e+01
 2.34040240e+01
 2.42040855e+01
 2.30177515e+01
 2.20434325e+01
 3.70332722e+01
 1.71913265e+01
 2.03506882e+01
 6.96160319e+01
 2.82609575e+01
 8.95027395e+01
 1.19915206e+01
 1.04564117e+02
 1.20319988e+01
 7.21192413e+01
 3.86111812e+01
 3.20538363e+01
 4.29565790e+01
 9.83530039e+01
 1.26364796e+01
 7.26858516e+01
 5.93804038e+01
 6.77864836e+01
 5.01624886e+01
 9.49942601e+01
 3.95120072e+01
 6.10347610e-01
 1.65910869e+01
 5.74992880e+01
 4.25021080e+01
 3.51560947e+01
 4.29583387e+01
 7.90330184e+01
 1.47505458e+02
 3.90349987e+01
 7.26604404e+01
 6.18523204e+01
 6.81959173e+01
 3.98185515e+01
 4.59278683e+01
 6.28096549e+01
 2.79723984e+01
 2.63411167e+01
 3.58763757e+01
 1.03692426e+02
 5.83064632e+01
 3.58238854e+01
 4.27184667e+01
 5.93419151e+01
 4.65286724e+00
 3.54593219e+01
 6.04124524e+01
 9.14165207e+01
 2.80129695e+01
 2.62607120e+01
 2.01932550e+01
 5.14706491e+01
 1.87374429e+02
 1.66022221e+01
 4.44591964e+01
 8.26705056e+01
 7.04163476e+01
 1.81149043e+01
 5.76174455e+01
 6.91328971e+01
 3.69500084e+01
 4.29791567e+01
 6.29899621e+01
 5.14257593e+01
 4.03020883e+01
 2.77287601e+01
 4.44036363e+01
 1.92835781e+01
 4.59102318e+01
 3.18543749e+01
 4.77210183e+01
 3.38738842e+01
 9.24870794e+01
 4.80100961e+01
 3.38174545e+01
 3.76989600e+01
 2.72580601e+01
 1.19201790e+02
 6.15518068e+01
 7.34571945e+01
 6.90928799e+01
 5.74163815e+01
 5.36714802e+01
 6.93497441e+01
 5.01607588e+01
 1.00293943e+02
 5.14067439e+01
 2.94990573e+01
 1.96186733e+02
 3.31325668e+01
 6.53048255e+01
 3.95271972e+01
 2.81369215e+01
 3.84679944e+01
 2.13283889e+01
 6.67300311e+01
 1.04955668e+02
 1.02685433e+01
 3.79132706e+01
 4.27955679e+01
 6.30472079e+01
 1.04751205e+02
 6.52468246e+01
 1.68196467e+01
 5.87880990e+01
 1.23049574e+02
 6.95457906e+01
 4.52504062e+01
 4.57593701e+01
 3.91847189e+01
 2.02109854e+01
 2.62477949e+01
 5.32641039e+01
 2.01606693e+01
 1.93259179e+02
 1.12992767e+01
 7.58714968e+01
 2.40968191e+01
 8.53745746e+01
 7.16751017e+01
 1.09900100e+02
 6.66828069e+01
 4.89289079e+01
 2.86655973e+01
 6.48388497e+01
 1.85949731e+02
 2.36299834e+01
 3.51320295e+01
 3.08311403e+01
 7.28316467e+01
 5.79419807e+01
 1.15175107e+02
 1.27742534e+01
 3.64569624e+01
 1.66692036e+01
 7.74117131e+00
 8.23371062e+01
 3.99637335e+01
 7.90531132e+01
 2.24576629e+01
 2.98906854e+01
 9.66744115e+01
 6.83922437e+01
 8.04440102e+01
 1.25560404e+02
 3.55508226e+01
 1.66223607e+01
 1.78870307e+01
 1.43102061e+01
 1.67980116e+02
 4.04252349e+01
 3.07703859e+01
 9.46014382e+01
 8.06750347e+01
 1.09056062e+02
 3.62885014e+01
 8.35126637e+01
 5.75344588e+01
 3.25148743e+01
 3.82831169e+01
 3.68012799e+01
 5.56277676e+01
 4.45694883e+01
 8.31918174e+01
 4.62985978e+01
 6.99560670e+01
 1.23375953e+02
 2.14950096e+02
 4.63687842e+01
 1.54131177e+02
 3.49235258e+01
 6.44324168e+01
 3.10033787e+01
 2.74203165e+01
 5.83215371e+01
 5.88915882e+01
 1.40640569e+01
 2.50001575e+01
 4.06179290e+01
 3.51443386e+01
 3.86864981e+01
 3.67078134e+01
 6.97490078e+01
 1.84711939e+02
 7.00222724e+01
 4.19439723e+01
 7.64561718e+01
 6.91340176e+01
 2.36049222e+01
 4.03814188e+01
 7.33799863e+01
 1.04037885e+02
 6.85475027e+01
 9.83991026e+01
 8.35342653e+00
 3.91331024e+01
 6.99776840e+01
 4.93348401e+01
 2.23812191e+01
 7.87344369e+01
 1.21024869e+02
 3.27288566e+01
 1.18284220e+02
 2.49937484e+01
 7.80223684e+01
 1.64899366e+01
 6.27759701e+01
 6.70166995e+01
 1.36327340e+01
 6.80136248e+01
 3.78581442e+01
 3.97521439e+01
 2.99190950e+01
 3.05173815e+01
 6.79699372e+01
 8.63886068e+01
 4.94481844e+01
 4.23225988e+01
 1.03054692e+01
 3.62046307e+01
 2.86968049e+01
 1.11538019e+02
 5.21169570e+01
 4.07404984e+01
 1.96605735e+00
 3.35347383e+01
 3.01384082e+01
 6.48201024e+01
 8.39069559e+00
 2.95362619e+01
 1.74734154e+01
 4.22921806e+01
 9.21610666e+01
 4.00975213e+01
 9.05960790e+01
 2.07491614e+01
 2.87757859e+01
 7.70150307e+00
 2.31852879e+01
 1.12230082e+01
 7.23304013e+01
 4.41902094e+01
 6.57942550e+01
 5.64460907e+01
 6.96190136e+01
 1.14869660e+01
 1.26164767e+02
 8.80034433e+00
 5.54977357e+01
 2.84037479e+01
 7.70124161e+01
 1.12792786e+02
 1.25044066e+01
 7.52932737e+01
 1.78331029e+01
 3.47106950e+01
 6.55256968e+01
 4.12557216e+01
 9.20983934e+01
 2.44624442e+01
 3.81662245e+01
 3.55324430e+01
 7.76087042e+01
 6.18699326e+01
 1.50745861e+01
 5.60681922e+01
 3.46248051e+01
 3.07944236e+01
 8.84900969e+01
 8.89628360e+01
 3.12471945e+01
 3.83544139e+01
 4.94365674e+01
 7.61109383e+01
 6.91019751e+01
 1.12951223e+02
 6.92414395e+01
 8.01440569e+01
 1.97786543e+01
 1.16623585e+02
 5.68488200e+01
 3.28374803e+01
 3.17044153e+01
 5.79753585e+01
 9.65148544e+01
 5.67124776e+01
 1.24945894e+02
 7.58463313e+01
 7.54988267e+01
 5.77553788e+01
 4.91825432e+01
 5.75282599e+01
 1.15990151e+02
 1.32842020e+02
 5.12328434e+01
 8.13418140e+01
 3.72232680e+01
 7.34328492e+01
 2.04025396e+01
 7.36883798e+01
 4.22303741e+01
 5.79566550e+01
 8.96233003e+01
 7.44119333e+01
 7.67377479e+01
 4.41780947e+01
 3.35259614e+01
 6.45278078e+01
 3.13168740e+01
 3.39862297e+01
 8.93902344e+01
 1.12203959e+02
 6.04154934e+01
 2.74147211e+01
 1.93530039e+01
 8.60375538e+01
 8.48658301e+01
 8.11358661e+01
 1.35545533e+02
 8.82937366e+01
 1.00507735e+02
 2.29562810e+01
 1.04618343e+01
 1.81942092e+02
 8.57579178e+01
 1.29984313e+01
 7.26882936e+01
 1.28651563e+02
 2.32338938e+01
 4.70746447e+01
 3.11348101e+01
 4.02999909e+01
 5.28913773e+01
 5.02613070e+01
 3.45349289e+01
 2.29493628e+01
 8.16793812e+01
 3.77668895e+01
 1.83133998e+01
 2.63832328e+01
 1.12110154e+02
 3.64138650e+01
 5.60238523e+01
 4.62155700e+01
 1.07386855e+01
 7.69780535e+01
 2.54860638e+01
 6.46014381e+01
 1.00732716e+02
 4.81634612e+01
 9.25891091e+01
 1.79986777e+01
 5.52633994e+01
 1.18250881e+01
 6.98888142e+01
 2.44312855e+01
 1.28775944e+02
 5.08675569e+01
 1.21213679e+02
 3.78364444e+01
 4.86829690e+01
 7.54642997e+01
 8.66918584e+01
 4.65892681e+01
 8.02507338e+01
 9.96627369e+00
 5.18087116e+01
 3.96060746e+01
 1.63310654e+01
 4.68779256e+01
 7.61487647e+01
 4.73099972e+01
 3.28009027e+01
 1.10665884e+01
 5.90578884e+01
 1.07875914e+02
 7.24135772e+01
 7.71103476e+01
 5.06044943e+01
 4.86776793e+01
 3.06662866e+01
 6.22513162e+01
 8.99247230e+00
 7.62962490e+01
 6.73901510e+01
 1.85855048e+01
 5.56919778e+01
 6.55933612e+01
 1.03425643e+02
 1.35657381e+02
 5.12073045e+01
 4.72181263e+01
 4.39025084e+01
 1.79971169e+01
 7.30729478e+01
 1.05893710e+02
 7.28948973e+01
 5.22276825e+01
 6.96225360e+01
 6.56336871e+01
 2.59168510e+02
 1.90029510e+01
 9.19455399e+01
 1.92466010e+01
 2.99314560e+01
 7.68865772e+01
 7.49541329e+01
 2.23843348e+01
 1.88889277e+01
 1.66739587e+01
 1.10774602e+01
 1.22951195e+02
 5.30507063e+01
 6.60786860e+01
 2.18317254e+01
 1.12243285e+01
 5.73185039e+01
 7.23855925e+01
 5.76214248e+01
 4.51010263e+01
 2.47135994e+01
 1.86611801e+01
 2.99275965e+01
 3.38849290e+00
 5.16168238e+01
 3.10345306e+01
 3.98509745e+01
 2.14005405e+01
 7.83036967e+01
 5.85218145e+01
 1.58818277e+02
 4.93933733e+01
 1.78545275e+02
 3.23409080e+01
 1.13239740e+01
 4.64274649e+01
 8.50496694e+01
 7.57494571e+01
 8.61370762e+01
 3.84207265e+01
 3.03825732e+01
 7.98361477e+01
 8.39036261e+01
 6.42385583e+01
 3.70772426e+01
 9.50815063e+00
 7.88416935e+01
 7.72910243e+01
 1.31881328e+01
 5.22658837e+01
 9.52502632e+01
 3.55192716e+01
 7.03314136e+01
 1.06817448e+02
 3.79775777e+01
 1.10370944e+02
 4.17759691e+01
 6.66651899e+01
 2.72781230e+01
 1.37566287e+01
 5.90795297e+01
 1.11884200e+02
 4.48949367e+01
 2.39221415e+01
 4.50939480e+01
 5.75933124e+01
 1.42139335e+02
 6.31159613e+01
 6.54502711e+01
 3.38364357e+01
 3.77474796e+01
 3.88087321e+01
 9.33064986e+01
 1.74180617e+01
 8.45337754e+01
 6.00905633e+01
 9.32076329e+01
 1.05240456e+02
 1.82380819e+02
 8.65715692e+01
 6.94190986e+01
 3.63124911e+01
 1.35375830e+01
 1.23897751e+02
 6.88979263e+01
 5.20270451e+01
 3.57708534e+01
 7.62812774e+01
 4.30472846e+01
 5.84783272e+01
 6.03859174e+01
 1.30685293e+02
 6.21210138e+01
 1.31876079e+01
 2.64430703e+01
 7.81482918e+00
 4.22805926e+01
 4.81835752e+01
 7.53285322e+01
 1.55828887e+02
 3.24186380e+01
 4.46367606e+01
 9.55897237e+01
 5.87527903e+01
 9.25622054e+01
 2.77056637e+01
 6.60579948e+01
 4.23583532e+01
 2.04766058e+01
 3.11307058e+01
 3.93722658e+01
 3.51130264e+01
 6.35830941e+01
 5.64222342e+01
 1.10532848e+02
 1.31674988e+02
 9.23706517e+01
 3.01416981e+01
 3.22025632e+01
 1.13885104e+02
 1.03090655e+02
 3.58966138e+01
 2.38297420e+01
 2.35821260e+01
 3.70756444e+01
 4.42769161e+01
 8.77376521e+01
 1.02547283e+02
 1.80175134e+01
 7.47534484e+01
 3.56776744e+01
 4.17269727e+01
 1.51342628e+01
 5.41358475e+01
 5.33786735e+01
 9.60573264e+01
 5.14884717e+01
 3.88383844e+01
 8.54575649e+01
 4.03024927e+01
 4.27025445e+01
 9.10225625e+01
 6.62295909e+01
 1.58001642e+02
 1.12813765e+02
 7.69729342e+01
 5.45864035e+01
 2.08005998e+01
 7.11419503e+01
 6.54441155e+01
 9.70519027e+01
 1.75700149e+02
 8.88808924e+01
 4.77160769e+01
 4.73820538e+01
 2.77765542e+01
 7.85410265e+00
 1.68742126e+02
 6.99496019e+01
 4.22545616e+01
 5.04684096e+01
 6.26438371e+01
 4.18922224e+01
 5.27698122e+01
 1.06845830e+02
 7.53072173e+01
 2.51083252e+01
 3.79330886e+01
 1.66250006e+02
 3.29892527e+01
 5.64482068e+01
 6.17924925e+01
 4.76270645e+01
 8.24341756e+01
 5.90538533e+01
 1.49576459e+02
 1.33197867e+02
 1.19683327e+02
 8.93867948e+01
 6.93044200e+01
 2.51477566e+01
 6.38271046e+01
 3.45771693e+01
 8.31900245e+01
 2.66040406e+01
 5.82941176e+01
 8.88066340e+01
 3.53556608e+01
 4.13917489e+01
 5.32817210e+01
 7.38196212e+01
 3.76866614e+01
 2.91708998e+01
 6.10318761e+01
 9.41971357e+01
 8.81607218e+01
 8.33173966e+01
 6.43546722e+01
 3.72456937e+01
 5.64462775e+01
 3.34468567e+01
 2.24181341e+01
 7.83420962e+01
 1.22846412e+02
 9.09918788e+01
 4.81526507e+01
 1.29967748e+02
 1.39061389e+02
 2.99376013e+01
 2.93114468e+01
 8.78684978e+01
 2.44997855e+01
 9.10792812e+01
 1.43183886e+01
 5.60178793e+01
 6.38524986e+01
 9.25256771e+00
 2.91543238e+01
 6.55919216e+01
 1.11299612e+02
 5.66529724e+01
 8.63635453e+01
 7.06051872e+01
 3.72241581e+01
 4.15488750e+01
 1.14634125e+01
 2.34127905e+01
 9.26956725e+01
 2.39656508e+01
 6.63768748e+01
 9.18085300e+01
 9.97688601e+01
 1.09070984e+02
 9.72292717e+01
 5.18763924e+01
 7.93855138e+01
 7.20488558e+01
 3.19317249e+01
 9.04493349e+01
 5.39974900e+00
 2.92449759e+01
 4.13209700e+01
 5.58863065e+01
 8.04056628e+01
 2.52230693e+01
 5.18720230e+01
 9.29433986e+01
 1.84138148e+02
 9.94873527e+01
 5.67549028e+01
 1.85436618e+01
 1.18049158e+02
 6.48354588e+01
 3.25428441e+01
 2.36727156e+01
 5.06199336e+01
 6.30489351e+01
 4.07235561e+01
 8.80264915e+01
 7.16866776e+01
 2.38876359e+01
 1.47235453e+02
 7.88315062e+00
 3.68003459e+01
 1.70276075e+02
 7.31101465e+00
 5.54972350e+01
 6.58356668e+01
 5.76828036e+01
 6.74418860e+01
 9.10614214e+01
 3.99368895e+01
 1.15019909e+01
 3.57026944e+01
 2.98663654e+01
 5.40398255e+01
 8.56693562e+01
 2.25733325e+01
 4.73860537e+01
