 2.76430664e+00
 4.91680298e+00
 7.06496582e+00
 1.05086609e+01
 1.53017517e+01
 1.84402710e+01
 2.19329773e+01
 2.02929626e+01
 1.73571411e+01
 1.09016357e+01
 4.37133179e+00
 2.04949951e-01
 -4.20050049e-01
 7.08956299e+00
 8.86016235e+00
 1.13271118e+01
 1.58562256e+01
 1.96129395e+01
 2.13832031e+01
 1.89854980e+01
 1.68679749e+01
 1.55754333e+01
 1.03007751e+01
 -1.97861328e+00
 7.74804688e-01
 3.21871338e+00
 8.78054199e+00
 1.22583557e+01
 1.39462219e+01
 1.78096252e+01
 2.34510132e+01
 1.89637085e+01
 1.74613892e+01
 1.06986328e+01
 8.57232056e+00
 4.43007813e+00
 -1.04602661e+00
 5.16600952e+00
 8.11367188e+00
 1.18292480e+01
 1.81877075e+01
 2.19460693e+01
 1.98453003e+01
 1.97488647e+01
 1.65538574e+01
 1.29654785e+01
 3.82695923e+00
 -2.09314575e+00
 -1.88101807e+00
 -1.60730591e+00
 6.98442993e+00
 1.31566101e+01
 1.65350586e+01
 1.88540588e+01
 2.29941956e+01
 2.17911011e+01
 2.01218811e+01
 9.68065796e+00
 5.31527100e+00
 -2.89230957e+00
 -3.53287354e+00
 7.17077026e+00
 7.62560425e+00
 1.22781616e+01
 1.72857300e+01
 1.80076233e+01
 2.23488708e+01
 1.95911499e+01
 1.64156738e+01
 1.05121094e+01
 1.95748291e+00
 2.79079590e+00
 1.62957764e-01
 2.94777832e+00
 8.92946777e+00
 1.14599243e+01
 1.55855042e+01
 1.85563293e+01
 2.13940063e+01
 2.01403748e+01
 1.44629761e+01
 1.20219360e+01
 1.03671509e+01
 -1.32971191e-01
 2.60217285e-01
 -1.34793701e+00
 4.36199341e+00
 1.31769653e+01
 1.91895081e+01
 1.86222168e+01
 2.21761719e+01
 2.17020508e+01
 1.70604187e+01
 1.24755798e+01
 7.79604492e+00
 2.98711548e+00
 6.76198730e+00
 -1.17221680e+00
 6.16625366e+00
 1.07034851e+01
 1.80754944e+01
 2.15925842e+01
 2.10514465e+01
 2.00490051e+01
 1.70643555e+01
 1.37953125e+01
 8.53496704e+00
 1.29732666e+00
 -1.36151733e+00
 4.63671265e+00
 8.05806885e+00
 1.26663452e+01
 1.69187256e+01
 1.90177551e+01
 2.17597595e+01
 2.07151123e+01
 1.78878418e+01
 9.15749512e+00
 9.07769165e+00
 5.88573608e+00
 3.24639282e+00
 4.80755005e+00
 8.08641968e+00
 1.16046997e+01
 1.47655579e+01
 1.95864502e+01
 2.07123352e+01
 2.05457092e+01
 1.81719299e+01
 1.15389648e+01
 3.79323730e+00
 2.09185181e+00
 2.65218506e+00
 2.28435669e+00
 6.92781982e+00
 1.11894775e+01
 1.68761536e+01
 2.03021179e+01
 2.08500610e+01
 1.85320679e+01
 1.79435974e+01
 1.60509277e+01
 3.06060181e+00
 6.20290527e+00
 4.75158081e+00
 5.17131958e+00
 8.46325073e+00
 1.10813232e+01
 1.61626831e+01
 1.77407776e+01
 1.99106689e+01
 2.14499146e+01
 1.75979553e+01
 1.15189148e+01
 2.32109985e+00
 3.24620972e+00
 -4.33963623e+00
 5.61263428e+00
 8.43413696e+00
 1.15589233e+01
 1.48589111e+01
 1.90887695e+01
 2.02077271e+01
 2.08159729e+01
 1.62430359e+01
 1.13385864e+01
 3.02333984e+00
 -3.55902100e-01
 1.73369751e+00
 3.09686279e-01
 8.16677246e+00
 1.30577637e+01
 1.42432800e+01
 1.72808472e+01
 2.18148743e+01
 1.96097656e+01
 2.02657104e+01
 1.31617371e+01
 5.16582642e+00
 4.47634277e+00
 5.52453613e-01
 2.46779785e+00
 9.68300781e+00
 9.04253540e+00
 1.53774963e+01
 2.07486816e+01
 2.26090332e+01
 2.20971008e+01
 1.82897583e+01
 1.37843872e+01
 8.25206909e+00
 6.47680054e+00
 -2.67410889e+00
 5.18453369e+00
 9.86394653e+00
 1.47389465e+01
 1.47559448e+01
 2.06433044e+01
 2.15432678e+01
 2.01784607e+01
 1.61281982e+01
 1.08959900e+01
 8.71602783e+00
 2.54790649e+00
 2.62313232e+00
 2.32369385e+00
 7.71859131e+00
 1.12432495e+01
 1.63547913e+01
 1.95804688e+01
 2.22210022e+01
 1.99723755e+01
 2.01732727e+01
 1.60744873e+01
 4.45226440e+00
 4.91015015e+00
 1.33996582e-01
 4.96199951e+00
 1.17813660e+01
 1.15571838e+01
 1.68678223e+01
 2.05388428e+01
 2.02258240e+01
 1.84461914e+01
 1.52877441e+01
 8.76970825e+00
 6.67702637e+00
 4.91588745e+00
 -9.95849609e-02
 1.44075928e+00
 8.21154175e+00
 9.08104858e+00
 1.37170959e+01
 1.92263123e+01
 1.99145447e+01
 2.05512024e+01
 1.64288879e+01
 1.05853210e+01
 6.03505859e+00
 7.19661865e+00
 -2.33526611e-01
 5.02446899e+00
 5.94927368e+00
 9.06978760e+00
 1.67543884e+01
 2.04918457e+01
 2.09267517e+01
 1.85368896e+01
 1.63849426e+01
 1.21085449e+01
 6.34588013e+00
 2.79888306e+00
 5.11654053e+00
 1.12935791e+00
 6.56414185e+00
 1.17901550e+01
 1.94529358e+01
 2.07806030e+01
 2.04398132e+01
 1.87075439e+01
 1.39065186e+01
 1.12625671e+01
 4.98772583e+00
 4.31109009e+00
 5.87035522e+00
 4.25264893e+00
 6.99065552e+00
 1.22585999e+01
 1.72878052e+01
 1.87972961e+01
 2.09597717e+01
 1.91968628e+01
 1.55328613e+01
 1.07853333e+01
 7.59377441e+00
 2.24123535e+00
 1.19750366e+00
 3.81560669e+00
 6.40413818e+00
 1.16227051e+01
 1.60733276e+01
 1.83952881e+01
 2.02376343e+01
 2.01798645e+01
 1.75292603e+01
 1.58118225e+01
 1.05197998e+01
 5.23796997e+00
 2.60875854e+00
 3.20763550e+00
 8.06890259e+00
 8.08577881e+00
 1.46211792e+01
 2.09942261e+01
 2.01385437e+01
 2.09646545e+01
 1.45711304e+01
 1.08665100e+01
 5.73037109e+00
 2.46355591e+00
 3.29281006e+00
 4.63671265e+00
 8.07863770e+00
 1.20547729e+01
 1.50948730e+01
 1.76906067e+01
 2.19414917e+01
 1.96693054e+01
 1.67640930e+01
 9.93587646e+00
 4.73336182e+00
 -1.32858887e+00
 -8.38781738e-01
 1.40325317e+00
 7.05053101e+00
 1.11360107e+01
 1.62175537e+01
 2.07611633e+01
 1.87536865e+01
 1.96156555e+01
 1.51951233e+01
 1.40033508e+01
 3.87285767e+00
 4.90307007e+00
 4.22567139e+00
 6.60497437e+00
 1.06350342e+01
 1.29482361e+01
 1.81165100e+01
 1.83605896e+01
 2.04296509e+01
 2.01984192e+01
 1.70046631e+01
 1.28872620e+01
 7.64147339e+00
 3.75017700e+00
 1.65239868e+00
 2.45165405e+00
 9.64150391e+00
 1.25648438e+01
 1.58500305e+01
 1.68511597e+01
 2.17587219e+01
 2.04561401e+01
 1.78654114e+01
 1.44981628e+01
 9.85158691e+00
 2.87023315e+00
 1.00225220e+00
 8.37471924e+00
 1.07117859e+01
 1.44658142e+01
 1.79173218e+01
 2.20179688e+01
 2.21728149e+01
 2.00503174e+01
 1.73731934e+01
 1.21388184e+01
 4.88091431e+00
 6.53795776e+00
 4.36397705e+00
 -1.32202759e+00
 8.78957520e+00
 1.42404724e+01
 1.76770264e+01
 2.18943115e+01
 2.20257507e+01
 2.24504639e+01
 1.61339050e+01
 1.35653015e+01
 7.84966431e+00
 6.26836548e+00
 2.68761597e+00
 4.25191650e+00
 6.06948242e+00
 1.38944031e+01
 1.75590454e+01
 1.99635864e+01
 2.14399963e+01
 2.12068420e+01
 1.59636475e+01
 1.28197571e+01
 4.08846436e+00
 1.54680786e+00
 -1.66922607e+00
 5.69213257e+00
 9.98690186e+00
 1.20024048e+01
 1.87035767e+01
 2.17800842e+01
 2.24511353e+01
 2.00690857e+01
 1.76566406e+01
 1.24300171e+01
 1.20955750e+01
 5.07082520e+00
 4.99508057e+00
 4.37313232e+00
 8.69310913e+00
 1.13352905e+01
 1.69158569e+01
 1.97365356e+01
 2.26194092e+01
 2.11732117e+01
 1.83998657e+01
 1.09551636e+01
 2.63054810e+00
 -1.41635742e+00
 -3.11884155e+00
 -9.12106934e+00
 6.18343506e+00
 1.38214966e+01
 1.66810547e+01
 1.89925476e+01
 2.19320007e+01
 1.99218079e+01
 1.91027466e+01
 1.15670715e+01
 3.48058472e+00
 -3.91495361e+00
 -2.09296265e+00
 6.72991333e+00
 8.47976074e+00
 1.30256897e+01
 1.47779785e+01
 1.90395752e+01
 2.10164734e+01
 2.00270325e+01
 1.48980652e+01
 1.25627075e+01
 7.88198242e+00
 1.69213867e-01
 -3.76135864e+00
 3.74187622e+00
 7.04577026e+00
 7.89785156e+00
 1.59090820e+01
 1.66114136e+01
 1.99928528e+01
 2.06163269e+01
 1.85065552e+01
 1.28887573e+01
 4.63811646e+00
 2.21108398e+00
 -1.30865479e-01
 3.16106567e+00
 5.53557739e+00
 1.20015198e+01
 1.72628113e+01
 2.13418823e+01
 2.13608948e+01
 2.14124084e+01
 1.72897278e+01
 1.32659851e+01
 2.86736450e+00
 5.70906982e+00
 4.05267334e-01
 5.08886108e+00
 6.34502563e+00
 1.28499695e+01
 1.70086304e+01
 2.37400146e+01
 2.18617188e+01
 2.23903748e+01
 1.73279053e+01
 1.25205017e+01
 5.98601685e+00
 2.74584351e+00
 -4.41742554e+00
 3.23140869e+00
 9.65545044e+00
 1.32887207e+01
 1.93567139e+01
 1.97216431e+01
 2.18515259e+01
 2.32038818e+01
 1.66239563e+01
 1.23705688e+01
 3.76428223e-01
 -1.97882080e-01
 -3.24051514e+00
 4.29213867e+00
 7.89742432e+00
 1.21805664e+01
 1.50585571e+01
 1.97633301e+01
 1.99420715e+01
 2.02532288e+01
 1.77909790e+01
 1.49740234e+01
 6.27416382e+00
 2.46761475e+00
 3.73284302e+00
 7.65480957e+00
 7.51253662e+00
 1.27474609e+01
 1.67909180e+01
 2.02035461e+01
 2.08906494e+01
 2.07218262e+01
 1.80825439e+01
 1.36766296e+01
 8.65770874e+00
 4.01873169e+00
 -2.70056152e-01
 4.29726563e+00
 7.80849609e+00
 1.35792480e+01
 1.46088501e+01
 2.31069885e+01
 2.25773865e+01
 2.03921753e+01
 1.79898010e+01
 1.00386902e+01
 9.36123047e+00
 5.46511230e+00
 8.82226563e-01
 4.70839844e+00
 8.76806030e+00
 1.24502808e+01
 2.03900085e+01
 2.12319580e+01
 2.21725403e+01
 1.97142578e+01
 1.62852417e+01
 1.15283752e+01
 1.00458313e+01
 4.02803955e+00
 6.74459229e+00
 7.87117920e+00
 8.29808960e+00
 1.20223328e+01
 1.63589417e+01
 2.20025269e+01
 2.25768677e+01
 2.26914917e+01
 1.99457947e+01
 1.38093811e+01
 5.78878174e+00
 5.92302856e+00
 8.52197266e-01
 4.88146362e+00
 7.81591187e+00
 1.17241150e+01
 1.54285522e+01
 2.10023438e+01
 2.39088379e+01
 1.93337036e+01
 1.91062561e+01
 1.21912170e+01
 9.45522461e+00
 4.76995239e+00
 5.97585449e+00
 3.25921021e+00
 1.07682739e+01
 1.42714478e+01
 1.84592224e+01
 2.31694885e+01
 2.22152954e+01
 2.08523804e+01
 1.81960999e+01
 1.47327515e+01
 1.01202942e+01
 4.20528564e+00
 4.29442749e+00
 1.29097900e+00
 1.02786499e+01
 1.30950867e+01
 1.71106812e+01
 1.94269653e+01
 2.06361633e+01
 2.05705811e+01
 1.76611267e+01
 1.63653503e+01
 8.09548340e+00
 2.67342529e+00
 3.99862061e+00
 7.03875122e+00
 9.92882690e+00
 1.03472839e+01
 1.79736572e+01
 2.12793823e+01
 2.41000000e+01
 2.16398254e+01
 1.97760559e+01
 1.54464050e+01
 5.92467651e+00
 3.47374878e+00
 1.27468262e+00
 7.62261963e-01
 8.25664673e+00
 1.15873962e+01
 1.64064880e+01
 2.42406250e+01
 2.25760742e+01
 2.06312195e+01
 1.71087585e+01
 1.16106812e+01
 4.72667847e+00
 3.93609619e-01
 -5.08457031e+00
 1.34713135e+00
 4.44954834e+00
 1.05884338e+01
 1.78092590e+01
 1.87387024e+01
 1.98700500e+01
 2.13472229e+01
 1.94450012e+01
 1.40345093e+01
 8.66552124e+00
 2.19518433e+00
 -1.21036377e+00
 5.55794678e+00
 1.10635925e+01
 1.18875977e+01
 1.74526306e+01
 2.30993286e+01
 2.35450073e+01
 1.99503723e+01
 1.82143799e+01
 1.53186279e+01
 6.35473022e+00
 -3.15955200e+00
 1.33760986e+00
 4.78472290e+00
 8.58641968e+00
 1.36018311e+01
 1.65218445e+01
 1.95638062e+01
 2.03909851e+01
 1.94818359e+01
 1.58563782e+01
 1.12671448e+01
 9.11837158e+00
 -1.56439209e-01
 -5.41797485e+00
 3.89013062e+00
 5.82146606e+00
 1.12541748e+01
 1.72473694e+01
 2.25891968e+01
 2.10436646e+01
 1.98991943e+01
 1.45577332e+01
 1.02435852e+01
 3.12728271e+00
 -2.44705811e+00
 2.03853760e+00
 2.00689087e+00
 9.52608643e+00
 1.32694641e+01
 1.74605347e+01
 2.17830750e+01
 2.32033020e+01
 2.05816284e+01
 1.33324524e+01
 1.21885925e+01
 1.09466797e+01
 6.83205566e+00
 2.91066895e+00
 6.04558716e+00
 9.48088989e+00
 1.26151367e+01
 1.54049011e+01
 2.24991089e+01
 2.10649353e+01
 2.19111572e+01
 1.70692993e+01
 1.12867676e+01
 6.48467407e+00
 4.67656860e+00
 3.05678711e+00
 1.87792358e+00
 9.39061890e+00
 1.10296570e+01
 1.85529724e+01
 2.12706238e+01
 2.19713989e+01
 1.91922546e+01
 1.48033997e+01
 9.04140625e+00
 8.22298584e+00
 1.87618408e+00
 1.53472290e+00
 5.62868652e+00
 1.25210205e+01
 1.19677979e+01
 1.80819946e+01
 1.91032959e+01
 2.00380188e+01
 2.00558411e+01
 1.50725647e+01
 1.02457520e+01
 5.29369507e+00
 3.36940918e+00
 5.37902222e+00
 -5.89025879e-01
 7.29934082e+00
 1.43914429e+01
 1.77745605e+01
 2.08617798e+01
 2.38495117e+01
 2.21080872e+01
 2.03776794e+01
 1.39565063e+01
 6.97619019e+00
 8.09053955e+00
 3.15783081e+00
 3.71566162e+00
 5.56530151e+00
 9.16799316e+00
 1.57304321e+01
 2.04022156e+01
 2.04972778e+01
 2.18947998e+01
 1.75004517e+01
 1.51843506e+01
 6.77263794e+00
 5.29931030e+00
 -2.38876953e+00
 1.28841553e+00
 4.39290771e+00
 1.46302734e+01
 2.10903564e+01
 2.22770325e+01
 2.34086243e+01
 2.34467712e+01
 1.64085938e+01
 1.62502075e+01
 7.66488037e+00
 -1.57950439e+00
 2.16225586e+00
 6.40212402e+00
 9.38442383e+00
 1.89544312e+01
 1.96430298e+01
 2.22634216e+01
 2.35015503e+01
 2.19123474e+01
 1.84657532e+01
 1.11137329e+01
 6.30294189e+00
 3.73922119e+00
 -1.11292114e+00
 1.23409424e+00
 7.13405762e+00
 1.15679871e+01
 1.46780945e+01
 2.10020386e+01
 2.43731323e+01
 2.16682373e+01
 1.86282593e+01
 1.19644714e+01
 8.00176392e+00
 6.76714478e+00
 4.43334351e+00
 3.94963989e+00
 1.11023804e+01
 1.47263123e+01
 1.87153564e+01
 2.24231506e+01
 2.29842163e+01
 2.26653992e+01
 1.73438965e+01
 1.56878601e+01
 5.76882324e+00
 4.08742676e+00
 3.88112793e+00
 3.82134399e+00
 1.15898376e+01
 1.35825439e+01
 1.51745544e+01
 2.13742615e+01
 2.26413208e+01
 2.12520081e+01
 1.64607483e+01
 1.26312805e+01
 6.24694214e+00
 2.24913940e+00
 3.07344971e+00
 6.72600708e+00
 1.00969788e+01
 1.53808228e+01
 1.82064453e+01
 2.30786377e+01
 2.35157715e+01
 2.12246643e+01
 1.89004150e+01
 1.35584961e+01
 5.21303711e+00
 3.70556030e+00
 2.44683228e+00
 3.97393188e+00
 6.49868164e+00
 1.36493469e+01
 1.57778564e+01
 1.91998840e+01
 2.40964905e+01
 2.12317749e+01
 1.91703430e+01
 1.29346558e+01
 6.65029297e+00
 1.72142944e+00
 5.78450928e+00
 -2.06864014e+00
 1.28217102e+01
 1.21217285e+01
 1.74093567e+01
 1.72068420e+01
 2.31777588e+01
 2.18436829e+01
 1.48841492e+01
 1.43555847e+01
 6.26000366e+00
 6.57354126e+00
 3.29766235e+00
 4.27059326e+00
 9.19170532e+00
 1.31851746e+01
 1.60122009e+01
 2.26044250e+01
 2.31683594e+01
 2.41369263e+01
 1.81450745e+01
 1.01697021e+01
 6.20293579e+00
 7.17196045e+00
 1.53005371e+00
 4.01873169e+00
 5.24242554e+00
 1.19464050e+01
 1.61266724e+01
 1.66794678e+01
 2.15826050e+01
 2.15764709e+01
 1.66112000e+01
 1.44148193e+01
 7.39946899e+00
 8.57263184e-01
 2.79271851e+00
 5.95131836e+00
 1.09829346e+01
 1.33653503e+01
 1.87833496e+01
 2.01570068e+01
 2.25290771e+01
 2.14679810e+01
 1.74323975e+01
 1.33201538e+01
 8.36943970e+00
 2.68386230e+00
 -2.95368042e+00
 8.18032227e+00
 1.16881348e+01
 1.19320923e+01
 1.80654541e+01
 2.19668518e+01
 2.18719116e+01
 2.36935974e+01
 1.81897522e+01
 1.53395630e+01
 8.95430908e+00
 3.87679443e+00
 3.02977905e+00
 6.46105347e+00
 1.14638916e+01
 1.46492249e+01
 1.67537170e+01
 1.98711487e+01
 2.51640564e+01
 2.25977722e+01
 1.89313293e+01
 1.65450073e+01
 7.98830566e+00
 5.83480225e+00
 4.97460327e+00
 2.95470581e+00
 9.14299927e+00
 1.47593323e+01
 1.64036194e+01
 2.21036316e+01
 2.33158813e+01
 2.19249817e+01
 1.86894470e+01
 1.08152710e+01
 7.78225098e+00
 3.22747192e+00
 6.32616577e+00
 7.23027954e+00
 8.54348145e+00
 1.18049561e+01
 1.69810730e+01
 2.29847046e+01
 2.08883301e+01
 2.07555786e+01
 1.69554993e+01
 1.40130859e+01
 2.85650024e+00
 5.46584473e+00
 -1.34845581e+00
 6.57863770e+00
 8.38274536e+00
 1.32983948e+01
 1.51164185e+01
 2.00091187e+01
 2.45914551e+01
 2.18803650e+01
 2.06783691e+01
 1.47289368e+01
 6.31627808e+00
 1.49163208e+00
 6.14373169e+00
 4.55806885e+00
 7.55657349e+00
 1.50858704e+01
 2.05272461e+01
 2.36002441e+01
 2.40368286e+01
 2.40012451e+01
 2.04594971e+01
 1.62281128e+01
 8.38765869e+00
 -9.57617187e-01
 2.02294922e-01
 3.76534424e+00
 1.02882324e+01
 1.38964783e+01
 1.61332336e+01
 2.16222778e+01
 2.37360168e+01
 2.17142578e+01
 1.88391663e+01
 1.32026001e+01
 7.29210815e+00
 5.45803223e+00
 7.88018799e-01
 6.63750610e+00
 8.81856689e+00
 1.14976135e+01
 1.58657166e+01
 1.80911804e+01
 2.06669556e+01
 2.22584473e+01
 1.97268616e+01
 1.50292908e+01
 7.10921631e+00
 -1.78000488e+00
 3.89684448e+00
 6.55846558e+00
 9.63390503e+00
 1.29301392e+01
 1.76997620e+01
 2.00227905e+01
 2.20830627e+01
 2.15634399e+01
 1.76359192e+01
 1.52264343e+01
 1.11496826e+01
 2.68276367e+00
 3.92742310e+00
 5.40557251e+00
 9.09615479e+00
 1.29615417e+01
 1.77340027e+01
 2.19457642e+01
 2.21685120e+01
 2.14888550e+01
 1.57470032e+01
 1.21757446e+01
 5.12056885e+00
 9.55407715e-01
 1.82763062e+00
 3.57039795e+00
 7.36284790e+00
 1.31391541e+01
 1.85451599e+01
 2.00711609e+01
 2.14088074e+01
 2.05695129e+01
 1.51034180e+01
 1.12026306e+01
 5.94460449e+00
 1.06524048e+00
 4.69655762e+00
 5.87777100e+00
 9.64818726e+00
 1.26989380e+01
 1.74276062e+01
 2.23799988e+01
 2.29168030e+01
 2.19753967e+01
 1.75445496e+01
 1.50907532e+01
 1.04233948e+01
 6.63317261e+00
 1.91637573e+00
 6.45656738e+00
 9.63759766e+00
 1.25740906e+01
 1.55710083e+01
 2.44508911e+01
 2.35602051e+01
 2.39400574e+01
 2.13443848e+01
 1.28653503e+01
 1.14011475e+01
 2.83034668e+00
 5.06472168e+00
 1.18924500e+01
 1.12500549e+01
 1.45197693e+01
 1.63052612e+01
 2.14140869e+01
 2.56608215e+01
 2.28758789e+01
 1.94871460e+01
 1.33435608e+01
 1.03010803e+01
 7.10653076e+00
 2.13271484e+00
 6.39412842e+00
 1.19562317e+01
 1.11168762e+01
 2.06288391e+01
 2.45808960e+01
 2.10362793e+01
 2.04570251e+01
 1.78445374e+01
 1.31426941e+01
 3.83931885e+00
 3.65725098e+00
 5.91262207e+00
 5.22054443e+00
 9.87310181e+00
 1.31514832e+01
 1.70179993e+01
 2.04976746e+01
 2.35484863e+01
 2.13797852e+01
 1.73592468e+01
 1.19949890e+01
 7.27068481e+00
 1.16155396e+00
 3.23638306e+00
 5.80678711e+00
 1.04858337e+01
 1.46004578e+01
 1.62886597e+01
 1.78760620e+01
 2.21583191e+01
 1.90123230e+01
 1.90571228e+01
 1.51380859e+01
 9.44420776e+00
 1.49004517e+00
 4.14913330e+00
 9.87947998e+00
 1.10797974e+01
 1.82066589e+01
 1.82560364e+01
 2.01503540e+01
 2.38413025e+01
 2.45987793e+01
 2.22256409e+01
 1.43446289e+01
 9.53087769e+00
 3.26442871e+00
 5.82147217e-01
 4.60830078e+00
 1.02400452e+01
 1.42916504e+01
 1.78820435e+01
 2.36594788e+01
 2.28234802e+01
 2.34496094e+01
 2.02288452e+01
 1.35307251e+01
 9.43380127e+00
 5.61766968e+00
 4.93993530e+00
 7.09200439e+00
 8.36025391e+00
 1.37200256e+01
 1.58336731e+01
 1.91581665e+01
 2.39804321e+01
 2.56736694e+01
 1.67290894e+01
 1.62961060e+01
 1.08991638e+01
 9.27852783e+00
 1.94649658e+00
 5.79805908e+00
 9.26174316e+00
 1.44808594e+01
 1.80679565e+01
 2.47390991e+01
 2.17774902e+01
 2.32934509e+01
 1.74468933e+01
 1.58467651e+01
 9.73940430e+00
 6.64583740e+00
 -1.27533569e+00
 7.32848511e+00
 7.59703979e+00
 1.03503052e+01
 1.67811829e+01
 2.28808228e+01
 2.29250732e+01
 2.32527405e+01
 1.85676514e+01
 1.35418945e+01
 8.38417969e+00
 8.80922852e+00
 6.99782715e+00
 4.36861572e+00
 1.20819336e+01
 1.42554565e+01
 1.95626465e+01
 2.07975098e+01
 2.40619751e+01
 2.40739990e+01
 1.92698608e+01
 1.48403259e+01
 6.86885986e+00
 4.17211304e+00
 4.36287842e+00
 4.79812012e+00
 6.16463623e+00
 1.36758057e+01
 1.70236145e+01
 2.20018250e+01
 2.29854370e+01
 2.16429993e+01
 1.73017822e+01
 1.18835083e+01
 6.31609497e+00
 -2.33234253e+00
 -2.87023926e-01
 5.99056396e+00
 9.51961670e+00
 1.17267395e+01
 1.96992737e+01
 2.22362610e+01
 2.28756042e+01
 2.21518188e+01
 1.99822632e+01
 1.59356018e+01
 7.67513428e+00
 -4.01495361e-01
 2.60500488e+00
 4.27626953e+00
 7.38689575e+00
 1.84358459e+01
 1.76705261e+01
 2.14975525e+01
 2.12614380e+01
 2.15588928e+01
 2.18457275e+01
 1.31908203e+01
 7.95775757e+00
 8.87752686e+00
 5.58410034e+00
 3.47432861e+00
 9.62398682e+00
 1.59049011e+01
 1.94726196e+01
 2.11903625e+01
 2.40895935e+01
 2.29114929e+01
 1.97347961e+01
 1.71125427e+01
 8.51494751e+00
 5.43551025e+00
 5.14296875e+00
 9.55025635e+00
 1.07508789e+01
 1.34217163e+01
 1.90723206e+01
 2.32828308e+01
 2.44529968e+01
 2.16931091e+01
 2.31473938e+01
 1.52134338e+01
 1.00977722e+01
 3.79860840e+00
 9.03774414e+00
 5.21056519e+00
 1.17946106e+01
 1.86579529e+01
 1.70725037e+01
 2.08592163e+01
 2.41771484e+01
 2.40211731e+01
 1.96841980e+01
 1.27371460e+01
 9.93923340e+00
 2.88356934e+00
