 8.74795506e+01
 8.07948457e+01
 1.70586856e+01
 6.25122790e+00
 4.10646825e+01
 1.13270416e+01
 5.62456249e+01
 6.61236497e+01
 1.47018854e+01
 6.98151742e+01
 8.16369761e+01
 4.82241125e+01
 9.86521436e+01
 5.82898392e+01
 4.29412283e+01
 6.38747856e+01
 7.17793573e+01
 2.92280023e+01
 3.08610730e+01
 3.00153677e+01
 7.26632063e+01
 5.97270940e+01
 1.37148292e+02
 6.16087603e+01
 9.41195056e+01
 6.15288486e+01
 6.04768334e+01
 4.22293509e+01
 7.14796719e+01
 3.35670634e+01
 1.59470749e+01
 3.23871699e+01
 3.31096504e+01
 3.67736680e+01
 8.85989461e+01
 5.64471495e+01
 9.23955843e+01
 3.83841681e+01
 5.53702517e+01
 3.01190892e+01
 2.01585726e+01
 1.37838191e+01
 7.50163211e+01
 4.30353404e+01
 1.42380131e+01
 4.45966447e+01
 1.57703392e+02
 2.81714616e+01
 7.60848927e+01
 8.04862387e+01
 8.98451800e+01
 2.69291619e+01
 5.43097383e+01
 1.80571992e+01
 3.23834429e+01
 8.99691817e+01
 6.02331006e+01
 9.01332700e+01
 3.91995035e+01
 1.43889349e+01
 1.15350245e+02
 8.82187265e+00
 2.04950267e+01
 1.60346037e+01
 8.57083321e+00
 5.93736171e+01
 3.51386189e+01
 5.16063782e+01
 1.39798979e+01
 7.03898633e+01
 4.75444671e+01
 9.12418212e+01
 3.37836990e+01
 3.30691682e+01
 4.31553422e+01
 2.65622216e+01
 1.81002555e+01
 4.70801988e+01
 4.03382554e+01
 8.44510004e+01
 3.14714365e+01
 1.76090999e+02
 9.81584616e+01
 1.54305613e+02
 7.56306730e+01
 8.61228380e+01
 8.68470408e+01
 4.24655540e+01
 6.93327311e+01
 3.99099610e+01
 3.19487111e+01
 9.71219773e+00
 1.12441643e+02
 8.93316537e+01
 1.23287927e+02
 5.28456105e+01
 2.06534027e+01
 3.40611617e+01
 2.97659880e+01
 6.28874597e+01
 7.17455896e+01
 1.62656782e+01
 1.65142259e+01
 9.95684268e+01
 7.25921115e+01
 2.83955021e+01
 4.58486122e+01
 5.72135512e+01
 4.53628612e+01
 7.62505206e+01
 4.26251050e+01
 5.66759618e+01
 3.58547100e+01
 2.95971539e+01
 8.78700301e+01
 6.57023889e+01
 1.08420563e+01
 1.25281740e+02
 9.94773384e+01
 7.44179931e+01
 6.25740800e+01
 1.68054931e+01
 1.89930123e+00
 3.44777793e+00
 2.42423695e+01
 3.19240828e+01
 9.19076846e+00
 1.31374472e+01
 4.99273940e+01
 4.50949461e+01
 5.16117448e+01
 1.00127029e+02
 4.86344892e+01
 4.81566558e+01
 4.71240824e+01
 5.73833075e+01
 1.82056270e+00
 1.92763705e+01
 3.08332296e+01
 5.99671170e+01
 5.16926605e+01
 1.76241472e+01
 6.62854544e+01
 1.10837134e+02
 8.14926311e+01
 6.89464753e+01
 3.76322365e+00
 1.19369798e+02
 5.98628615e+01
 7.54869029e+01
 6.10742065e+01
 1.62265183e+02
 1.49423295e+01
 3.55711948e+01
 8.09959208e+01
 1.00438192e+02
 3.34639143e+01
 1.93186424e+01
 6.69043213e+01
 2.54474800e+01
 2.31635984e+01
 4.20573496e+01
 4.01699529e+01
 2.27555310e+01
 1.20806498e+02
 2.94566635e+01
 3.11772364e+01
 7.90881817e+01
 6.93444677e+01
 1.56302353e+01
 8.37247244e+01
 3.78046097e+01
 4.46895826e+01
 1.46526485e+01
 4.24554005e+00
 4.20108115e+01
 8.31747714e+01
 9.39310379e+01
 7.52052112e+01
 1.70675792e+02
 1.34611604e+02
 6.50043893e+01
 8.59284384e+01
 4.75987347e+01
 1.18045559e+01
 2.59660349e+01
 1.48214755e+01
 7.54759352e+00
 1.19266789e+02
 7.80360822e+01
 1.39092279e+02
 3.62899661e+00
 2.88376222e+01
 4.46258493e+01
 2.98831226e+01
 5.75968181e+01
 3.67740675e+01
 1.88891470e+01
 5.99245895e+01
 9.72806882e+00
 6.35459928e+01
 4.92505999e+01
 7.25953035e+01
 5.36041341e+01
 9.10816402e+01
 2.85990531e+01
 5.95935237e+01
 2.10618412e+01
 1.00043679e+02
 9.76296662e+01
 3.93864043e+01
 7.58296399e+01
 1.58838362e+02
 8.02128055e+01
 2.99951390e+01
 7.41223320e+01
 9.11510464e+01
 4.03359303e+01
 1.00143194e+02
 2.12299976e+01
 3.20331620e+01
 9.91968773e+00
 5.03078150e+01
 3.38042587e+01
 1.20448936e+02
 1.04937974e+02
 7.26909860e+01
 9.20898772e+01
 4.18283753e+01
 2.89501117e+01
 4.99783862e+01
 8.13926918e+01
 9.40711061e+00
 2.02733134e+01
 7.13723714e+01
 4.18401119e+01
 1.05716531e+01
 4.90227763e+01
 3.49728555e+01
 1.30240102e+02
 7.45741790e+01
 1.66103365e+01
 7.34582712e+01
 3.29410484e+01
 6.50586930e+01
 2.46844736e+01
 9.15394541e+00
 1.46887402e+00
 1.06895910e+02
 1.97035724e+02
 2.08821877e+01
 2.29749309e+01
 1.00044848e+02
 8.09795346e+01
 9.37303902e+00
 5.59648254e+01
 3.24481281e+01
 5.25757040e+01
 6.02360309e+01
 9.14325105e+01
 9.26181703e+01
 5.07930789e+01
 4.29991350e+01
 1.11828446e+02
 3.11812766e+01
 9.25233201e+01
 5.05646549e+00
 8.91044032e+00
 3.35111342e+00
 2.66541912e+01
 4.89060729e+01
 3.95127153e+01
 3.18947449e+01
 1.41518758e+02
 1.16017862e+02
 4.71735720e+01
 8.25900010e+01
 4.85342186e+01
 2.53719262e+01
 9.63290170e+01
 3.95845867e+01
 6.54642836e+01
 1.26981681e+02
 9.23181880e+01
 1.04365099e+02
 3.69574708e+01
 1.54895669e+02
 1.04659793e+02
 5.82989214e+01
 6.31277700e+01
 2.60886482e+01
 5.35984617e+01
 2.02431027e+01
 5.25137890e+01
 1.98339878e+01
 6.06880167e+00
 5.92447422e+01
 2.73370398e+01
 2.66274322e+01
 3.36558363e+01
 9.35498053e+01
 3.07922025e+01
 8.31018611e+01
 4.54032125e+01
 6.02696427e+01
 8.98376520e+00
 2.91382259e+01
 3.79409386e+01
 7.87863767e+01
 7.79686966e+00
 9.85054064e+01
 6.79766054e+01
 3.90038295e+01
 4.21455211e+01
 6.62861984e+01
 3.97483699e+01
 3.93306688e+01
 4.09396306e+01
 2.97262570e+01
 1.83894259e+01
 9.25797681e+00
 8.16563686e+01
 5.15162555e+01
 1.65232191e+02
 7.44175887e+01
 2.67739263e+01
 5.22411779e+01
 2.62444191e+01
 4.39572264e+01
 5.21943929e+01
 2.87981714e+01
 1.18256674e+02
 5.66744248e+01
 8.69863599e+01
 3.70023382e+01
 7.62350959e+01
 2.54155987e+01
 4.55206072e+01
 3.26092860e+01
 1.23619200e+02
 6.14504404e+01
 2.63385953e+01
 2.53005736e+01
 3.88798985e+01
 6.38971279e+00
 8.43221852e+01
 5.13492000e+01
 1.65225052e+00
 1.98008693e+01
 5.28761339e+01
 3.31723238e+01
 2.33236490e+01
 2.71674389e+01
 7.11172732e+01
 6.60203198e+01
 8.75206284e-01
 8.72276028e+01
 2.82184592e+01
 1.29893447e+02
 1.57585986e+02
 6.05029765e+01
 5.69196734e+01
 1.48493466e+02
 5.03886308e+01
 3.07559015e+01
 2.26464664e+01
 7.08751419e+01
 8.27220816e+00
 4.23358965e+01
 9.40660405e+01
 1.59077158e+02
 8.56737020e+01
 1.40024355e+02
 4.43638744e+01
 9.20949051e+01
 3.38126183e+01
 2.03290505e+01
 1.67967297e+01
 7.11805043e+00
 1.50329024e+01
 5.86535508e-02
 6.88182791e+01
 6.43261023e+01
 9.21895872e+01
 3.65930880e+01
 2.09197882e+01
 6.76103104e+00
 2.30261415e+01
 5.16701768e+01
 1.33188058e+01
 5.28547893e+01
 6.05279454e+01
 8.18571865e+01
 1.16093076e+01
 6.09396495e+01
 4.14436057e+01
 3.19351865e+01
 6.87573110e+01
 3.08637940e+01
 1.19400319e+01
 5.20793502e+01
 4.39195151e+01
 4.98459512e+01
 4.43325834e+01
 1.17729889e+02
 9.29217582e+01
 7.37359317e+01
 6.24871931e+01
 7.95299900e+00
 5.70542803e+01
 2.63836150e+01
 3.45320858e+01
 6.29898013e+01
 4.67987240e+01
 3.10294681e+01
 1.63550814e+01
 9.45302563e+01
 4.16712490e+01
 8.20044398e+01
 8.06395374e+01
 1.14641343e+02
 3.82768707e+01
 1.49398086e+02
 2.42452149e+01
 1.59216237e+01
 4.56767806e+01
 2.90721497e+01
 2.67954534e+01
 8.19628079e+01
 1.14377613e+02
 4.27292775e+01
 1.00778715e+02
 1.17959026e+02
 1.28485599e+01
 6.09682507e+01
 4.91163789e+01
 4.74979972e+01
 5.69085675e+01
 5.96535271e+01
 6.34481866e+01
 2.48047474e+00
 1.23441885e+02
 1.04668940e+02
 5.35759254e+01
 8.47516698e+01
 9.66068953e+01
 8.20153606e+01
 8.08939487e+01
 6.88997240e+01
 2.24431940e+01
 8.33362911e+01
 9.02200693e+01
 5.07018269e+01
 1.00906068e+02
 7.83505010e+01
 7.82026991e+01
 1.39335289e+01
 5.25549503e+01
 5.26947935e+01
 5.81486419e+00
 3.00736292e+01
 9.14324967e+01
 3.10350392e+01
 2.31736615e+01
 3.61612968e+01
 1.72617179e+02
 1.06178004e+02
 1.13903394e+02
 7.68428999e+01
 3.81061577e+01
 8.16383228e+01
 2.53253072e+01
 5.03228061e+01
 3.07949045e+01
 1.58643060e+01
 3.29209685e+01
 8.49466858e+01
 8.80035322e+01
 1.89573917e+01
 5.55214195e+01
 5.08519081e+01
 3.90869894e+01
 3.56392765e+00
 5.47475908e+01
 3.53936330e+01
 2.56070626e+01
 2.88405625e+01
 2.19878982e+02
 8.68745476e+01
 2.51986956e+02
 6.43803086e+01
 1.28967978e+02
 8.90388866e+01
 5.42055335e+01
 6.41568260e+01
 2.83115921e+01
 2.99609696e+01
 2.96222792e+01
 3.51962520e+01
 5.09675738e+01
 3.15741819e+01
 6.62947829e+01
 1.88061140e+02
 1.26606714e+01
 9.07001251e+01
 4.27945727e+01
 1.45253355e+00
 3.30444350e+01
 3.84546501e+01
 4.16793058e+01
 3.66964203e+01
 5.62349212e+01
 1.50322774e+02
 1.45666870e+02
 7.59257537e+01
 1.61453959e+02
 5.39089301e+01
 1.22990370e+02
 7.43187216e+01
 1.40317293e+02
 2.33245906e+01
 1.19397813e+02
 6.44327506e+01
 1.21063971e+01
 3.92077191e+01
 6.16858350e+00
 6.47728693e+01
 1.16921186e+02
 8.35940871e+01
 7.27897524e+01
 3.04675557e+01
 5.05564548e+01
 1.93033365e+01
 5.70668558e+00
 5.07249345e+01
 8.34627287e+01
 1.51355888e+01
 6.05720709e+01
 3.55988022e+01
 3.79770181e+01
 1.15877033e+02
 5.10161530e+01
 7.55761994e+01
 2.23189279e+01
 5.78575345e+01
 5.70773156e+01
 1.65293850e+01
 7.45837427e+01
 1.89347268e+02
 1.76470351e+02
 9.46788109e+01
 1.87259762e+02
 2.91611827e+00
 1.10840554e+01
 1.31746284e+02
 5.96648987e+01
 1.97346505e+01
 3.94452659e+01
 8.63728581e+00
 1.13825120e+02
 3.62047556e+01
 8.54308922e+01
 6.81671770e+01
 5.21708703e+01
 4.17513249e+01
 3.59445027e+01
 4.28120039e+01
 4.30470423e+01
 6.41970393e+01
 7.12838620e+01
 5.78259836e+01
 2.70236034e+01
 4.54228026e+01
 7.96961172e+01
 8.65390316e+01
 1.40278458e+02
 5.86007065e+01
 5.44482519e+01
 4.02812874e+01
 2.05064636e+01
 4.73922022e+01
 3.83306116e+01
 8.05645004e+00
 8.37793296e+01
 6.02311675e+01
 1.85625154e+02
 3.80668811e+01
 2.16250706e+01
 1.00712193e+02
 8.44074355e+01
 5.79241589e+01
 6.56842582e+01
 6.45949681e+01
 8.42485859e+00
 3.25596649e+01
 5.14830440e+01
 8.52633520e+01
 1.27891690e+02
 7.43108994e+01
 9.44948040e+01
 6.29550738e+01
 4.33525560e+01
 5.13834802e+01
 1.76839446e+01
 3.11198555e+01
 1.21438407e+02
 6.51052740e+01
 1.25166386e+01
 5.92307769e+01
 1.19782784e+02
 6.09643080e+01
 1.25733529e+02
 1.43897775e+02
 7.91813498e+01
 1.00572881e+01
 1.00583423e+01
 2.19712809e+01
 3.69530189e+00
 4.78615104e+01
 1.11942869e+02
 7.07468062e+01
 6.38032565e+01
 1.16349163e+02
 1.73870194e+02
 2.45595136e+01
 3.88124202e+01
 6.13193266e-01
 4.80820086e+01
 7.04468387e+00
 4.43615955e+01
 1.30720294e+02
 2.83002451e+01
 4.36486109e+01
 2.64391873e+01
 1.00027181e+02
 9.56100493e+01
 1.72931461e+02
 4.08778033e+01
 1.70100411e+02
 1.32699850e+01
 5.79214305e+01
 1.67055578e+02
 2.75912476e+01
 6.79112222e+00
 4.16633933e+01
 6.17885072e+01
 7.95931768e+01
 1.89807090e+01
 7.22893027e+01
 5.94271526e+01
 3.90068477e+01
 1.92581501e+01
 3.84818723e+01
 3.90750983e+01
 1.12786268e+01
 8.51968228e+00
 1.75493390e+02
 2.03837517e+02
 1.61278866e+02
 2.34016946e+01
 1.35898333e+02
 3.04317422e+01
 5.82478923e+01
 1.82279134e+01
 4.94145518e+01
 7.04866436e+00
 8.60725736e+00
 6.19209081e+01
 2.45391416e+01
 1.90511342e+02
 8.89830060e+01
 1.31845580e+01
 6.69097779e+01
 2.39927206e+01
 3.10983774e+01
 3.60806663e+01
 1.18763336e+01
 3.28104880e+01
 2.18948617e+00
 4.60172998e+01
 1.26075197e+02
 1.37475627e+02
 4.34464441e+01
 8.11558749e+01
 2.78495650e+01
 1.88707280e+00
 8.69333552e+00
 2.72995629e+01
 3.92556629e+00
 1.60982573e+01
 4.57296970e+01
 1.10639371e+02
 8.78521280e+01
 6.58493376e+01
 5.41912090e+01
 5.10068615e+01
 2.63251269e+01
 9.74292078e+01
 1.50252351e+01
 1.89479785e+01
 6.13958986e+01
 6.00430792e+01
 9.10996239e+00
 1.06767286e+02
 1.25735324e+02
 1.32424503e+02
 1.42863636e+02
 1.13778057e+02
 2.81400300e+01
 3.72329931e+01
 3.21637214e+01
 5.31396013e+01
 3.62157823e+01
 2.98057658e+01
 2.73108225e+00
 1.07208154e+01
 3.55041451e+01
 2.10786170e+02
 1.65166726e+02
 7.11792997e+01
 1.02746907e+02
 1.98676157e+01
 4.41950132e+01
 4.64807706e+01
 8.16414092e+00
 1.25046036e+02
 2.15730500e+01
 2.46838612e+01
 1.29026552e+02
 4.17946270e+01
 8.82662118e+01
 1.45793151e+02
 6.74157673e+01
 5.67891854e+01
 8.71507503e+01
 9.83824062e+01
 3.48792273e+01
 6.95593165e-01
 6.69031277e+01
 4.32433643e+01
 7.37147280e+00
 3.97483998e+01
 4.85126838e+01
 1.11615813e+02
 8.16240223e+00
 3.62856426e+01
 3.66519366e+01
 8.32516857e-02
 1.32945637e+01
 3.81877773e+00
 2.10002244e+01
 3.16556687e+01
 1.14910228e+02
 5.06158411e+01
 1.25311877e+02
 2.39556739e+02
 7.71470187e+01
 1.05965102e+02
 9.04035286e+01
 2.38798046e+01
 3.58509342e+01
 1.18442016e+02
 9.66101306e+01
 2.03908723e+01
 4.25032113e+01
 1.43315534e+02
 6.96440946e+01
 8.65260551e+01
 1.26349181e+02
 4.38595199e+01
 4.65857188e+01
 3.19507499e+01
 1.78937554e+01
 1.30924472e+01
 6.22479825e+00
 3.03243999e+01
 4.22361874e+01
 1.50704917e+02
 1.41245387e+02
 4.41202819e+01
 8.96537209e+01
 7.41043795e+01
 2.29466515e+01
 7.18507579e+01
 1.23679518e+01
 8.57863777e+00
 4.45044474e+01
 4.85924586e+01
 4.18612696e+01
 5.46817384e+01
 1.52558598e+02
 3.70625423e+01
 7.41404071e+01
 4.13972470e+01
 1.11968311e+01
 4.33841425e+01
 7.62333517e+00
 1.58187910e+01
 4.64044177e+01
 2.88747345e+01
 1.38537345e+02
 9.00767258e+01
 2.87629852e+02
 1.44563424e+02
 4.29742311e+01
 8.32253294e+01
 4.00075064e+01
 5.14433927e+01
 5.39458305e+01
 7.54412399e+01
 2.04746935e+01
 1.54371697e+02
 5.42293189e+01
 1.81442556e+01
 1.57708908e+02
 8.76493391e+01
 2.05066440e+01
 5.12735381e+01
 6.42443219e+01
 4.05092430e+01
 8.32686509e+00
 2.26447927e+01
 6.37142308e+01
 3.30016924e+01
 7.27162433e+01
 2.46184207e+01
 9.57479248e+01
 2.57784857e+01
 5.74600539e+01
 4.17829816e+01
 7.19809038e-01
 2.90765552e+01
 3.12673061e+01
 2.71506147e+01
 7.44936013e+01
 2.10869533e+00
 6.47171448e+01
 5.71615671e+01
 2.28894428e+02
 5.70560010e+01
 9.61248715e+01
 3.46532378e+01
 6.29655194e+01
 4.03828009e+01
 1.44228086e+01
 1.31780035e+02
 7.54349899e+01
 5.23715472e+01
 2.02578747e+01
 1.52168080e+02
 1.54605227e+02
 1.45726717e+02
 6.24921869e+01
 7.10605807e+01
 2.30435455e+01
 1.00859299e+01
 3.89053814e+01
 2.30918072e+01
 4.29701094e+01
 1.14833426e+02
 3.15158595e+01
 6.17619208e+01
 5.91629589e+01
 8.27940591e+01
 6.68387834e+01
 3.34564913e+01
 1.91354370e+01
 3.81826606e+01
 3.13974683e+01
 3.14411249e+01
 6.87546170e-01
 7.16206756e+00
 9.02413256e+01
 2.12714578e+02
 7.99686934e+01
 4.29943914e+01
 1.07877250e+02
 3.71994965e+01
 5.15346481e+01
 5.44203728e+01
 6.47861057e+01
 3.41164579e+01
 4.32100984e+01
 9.43925351e+00
 3.77236209e+01
 7.86448070e+01
 2.31956346e+01
 8.28905340e+01
 1.08903104e+02
 6.83189333e+01
 2.11864778e+01
 3.38290401e+01
 4.87575457e+01
 4.59187263e+01
 6.60986905e+01
 1.23188812e+01
 5.08421776e+01
 1.19087825e+02
 7.06968668e+01
 1.42666362e+02
 5.84213981e+01
 9.78213010e+01
 1.55186779e+01
 2.89181490e+01
 5.54335533e+01
 1.16695693e+02
 2.92329031e+01
 8.66929010e+01
 3.32029473e+01
 2.01556260e+02
 1.70773214e+02
 2.87854190e+01
 7.99784924e+01
 1.24259667e+02
 1.13790890e+02
 1.57654735e+01
 7.56799629e+01
 6.41941486e+01
 1.37986140e+01
 2.20078402e+01
 5.96562612e+01
 1.74839601e+02
 7.31054282e+01
 9.51288729e+01
 4.03513124e+01
 3.23479924e+01
 3.58320991e+01
 3.03358248e+01
 9.70897126e+00
 1.78557571e+02
 2.68289750e+01
 7.37040675e+01
 5.50970533e+01
 6.88802361e+01
 1.02071508e+02
 1.32327212e+01
 5.04891014e+01
 2.37217422e+01
 5.32828952e+01
 1.06880609e+01
 2.87295787e+01
 1.83419791e+01
 6.31446621e+01
 2.58136322e+01
 1.06315544e+02
 1.28633147e+02
 1.33824542e+02
 1.12898703e+02
 9.18259035e+01
 5.68813253e+00
 4.37821567e+01
 2.99061019e+01
 2.83590962e+01
 4.20210360e+01
 1.52169376e+02
 3.07255198e+01
 4.13889012e+01
 4.13994558e+01
 5.39058445e+01
 4.51683766e+01
 9.65756565e+01
 6.82256031e+01
 5.80408087e+01
 6.78591578e+01
 4.37306014e+01
 1.83992371e+01
 3.91990060e+01
 7.57831807e+01
 6.92820199e+01
 7.02715619e+01
 3.90528585e+01
 4.01706349e+01
 5.53953619e+01
 9.52382071e-02
 2.38847807e+01
 4.33810637e+01
 2.39369889e+01
 7.76085863e+01
 5.70650678e+01
 3.16687817e+01
 6.84878367e+01
 5.34984316e+01
 5.65433999e+01
 6.70890620e+01
 6.73556616e+01
 6.43797560e+01
 2.80361009e+01
 7.99523047e+01
 7.79892673e+01
 3.17706390e+01
 4.08707533e+01
 4.01095476e+00
 4.06082925e+00
 1.20875286e+02
 1.41441089e+02
 7.17726924e+01
 1.06069180e+02
 1.25065997e+02
 1.11285600e+02
 1.39624035e+01
 2.16675202e+01
 1.31651949e+00
 7.05069906e+01
 5.31431862e+01
 1.18537264e+02
 8.03603973e+01
 5.55082186e+01
 4.67776066e+01
 8.87649157e+01
 7.53168603e-01
 4.39656744e+01
 5.56125623e+01
 7.81077052e+01
 7.31581670e+00
 2.00756515e+01
 6.88290462e+01
 1.70191744e+02
 1.36021604e+02
 5.37602697e+01
 9.04902888e+01
 5.54138462e+01
 7.10850958e+01
 3.24097071e+00
 8.14154090e+00
 7.56532839e+01
 2.32606119e+01
 8.84372164e+01
 2.25184896e+01
 1.60748034e+02
 8.98736129e+01
 7.72196655e+01
 7.91103053e+01
 9.39738723e+01
 2.31529293e+01
 2.89771509e+01
 1.36751587e+02
 7.96556749e+00
 3.51153044e+01
 1.38059670e+01
 2.50624677e+01
 5.81834078e+01
 1.26230451e+01
 9.39555103e+01
 7.29508739e+01
 3.84792000e+01
 2.59859899e+00
 3.03972945e+01
 5.69710577e+01
 4.06627806e+01
 6.64609353e+01
 1.22214575e+01
 2.11245695e+01
 2.33292974e+01
 5.55564296e+01
 1.71345140e+02
 8.81477818e+01
 7.76500849e+01
 8.78886263e+01
 7.72418762e+01
 4.40882868e+01
 7.27500167e+01
 3.69764704e+01
 8.84308244e+01
 2.35206221e+01
 2.21440505e+01
 6.38915368e+01
 2.28927616e+01
 9.76212713e+01
 1.70535225e+02
 1.66437363e+01
 1.82135924e+01
 4.26717991e+01
 4.78358789e+01
 1.13456687e+01
 5.67780935e+00
 3.47927740e+01
 4.31455732e+00
 4.43392336e+01
 5.91777258e+01
 6.32754943e+01
 1.14968048e+02
 4.77704240e+01
 1.88665366e+01
 6.11999264e+01
 5.40352752e+01
 5.85622767e+01
 3.78094317e+01
 1.89591188e+01
 7.38360038e+01
 2.77921413e+01
 7.63671269e+00
 1.53313395e+02
 8.33702975e+01
 6.32943157e+01
 5.48746202e+01
 4.26557263e+01
 1.99993124e+01
 4.40460750e+01
 2.81693447e+01
 9.40647482e+00
 1.05046025e+01
 4.36036668e+01
 1.55229629e+02
 1.87026901e+02
 9.64545780e+01
 2.62975326e+01
 2.60237388e+01
 1.46021658e+01
 2.47841339e+01
 6.34562604e+01
 4.67649297e+01
 3.47216723e+01
 7.12667566e+01
 1.36997267e+02
 9.10604690e+01
 2.82316677e-01
 1.01957598e+02
 1.01870288e+02
 2.12109181e+01
 2.68849734e+00
 3.04341047e+01
 3.04470639e+01
 1.23069071e+01
 1.15258594e+02
 5.32480704e+01
 1.29686323e+02
 1.82129142e+02
 1.65853739e+02
 7.24609815e+01
 2.78147895e+01
 2.60841270e+01
 1.52057807e+01
 3.86972431e+01
 9.72363223e-01
 4.35183663e+00
 3.46639637e+01
 8.31152515e+01
 8.87448918e+01
 1.78068437e+02
 9.43413074e+01
 2.28535597e+02
 1.14493023e+02
 4.09523102e+01
 4.39430515e+01
 3.63293287e+01
 4.77335692e+01
 2.08380507e+01
 6.35684709e+01
 5.20235891e+00
 7.18894835e+01
 7.09262193e+01
 1.17808891e+02
 5.01795649e+01
 4.00669805e+01
 8.72499341e+01
 3.42885889e+01
 4.83398220e+01
 9.18121812e+01
 4.39783757e+01
 3.82138159e+01
 4.02855436e+01
 1.76930695e+02
 1.12170635e+02
 4.58552529e+01
 2.09532073e+01
 2.20206677e+01
 3.50917066e+01
 3.04278510e+01
 2.18608842e+01
 1.22472989e+02
 1.43154520e+01
 5.43148246e+01
 2.04349978e+02
 1.01748151e+02
 2.99122713e+01
 1.07147339e+02
 1.34703898e+02
 2.81381536e+01
 2.07536826e+01
 2.00057733e+01
 7.83992458e+00
 5.74683817e+01
 2.91309204e+01
 9.41798792e+00
 8.22135609e+01
 1.40380670e+01
 7.00056317e+01
 2.34636199e+01
 7.27053699e+01
 6.27412610e+01
 7.42586159e+00
 2.72821487e+01
 4.75131686e+01
 1.75008975e+01
 8.47224087e+01
 1.67063003e+02
 4.93964722e+01
 1.33982845e+01
 1.51925011e+02
 5.92179086e+01
