 5.43730838e+01
 4.69622811e+01
 2.58898178e+01
 1.96448596e+01
 5.68362771e+00
 1.99933521e+01
 3.62872469e+01
 1.98212987e+01
 4.40553491e+01
 6.07365246e+01
 1.53531492e+02
 6.92955871e+01
 7.52129883e+01
 6.05155017e+01
 3.12495940e+01
 2.28610332e+01
 2.27459088e+01
 6.58253112e-01
 1.41786272e-01
 3.39085484e+01
 2.60747751e+01
 7.76762913e+01
 5.06353856e+01
 4.11575376e+01
 3.06564668e+01
 4.72845033e+01
 3.56425693e+01
 2.52307397e+01
 4.39116198e+01
 7.60349501e+00
 8.28466460e+00
 2.92745927e+01
 6.97267878e+01
 1.12986591e+01
 9.23345078e+01
 9.12026407e+01
 8.12051696e+01
 1.91438568e+01
 8.86220692e+01
 3.95785185e+01
 6.11866567e+01
 9.89129154e+00
 7.59005345e+00
 9.64262202e-03
 2.67050688e+01
 1.23679462e+02
 6.81929011e+01
 1.26007198e+02
 3.72034205e+01
 3.36459168e+00
 5.42943964e+01
 2.85766121e+01
 2.34009760e+01
 4.31914513e+00
 1.97871045e-01
 1.38819687e+01
 7.78018751e+01
 6.10343878e+01
 4.89402143e+01
 8.39280030e+01
 9.92725124e+01
 1.29987850e+02
 4.96998307e+01
 8.42231683e+01
 1.35681668e+01
 1.89856523e+01
 1.96957358e-01
 2.34607713e+00
 2.01111778e+01
 7.48457969e+01
 1.63973360e+01
 1.11472830e+02
 9.32206056e+01
 4.92185710e+01
 7.31042097e+01
 4.16752747e+01
 1.92500528e+01
 3.63668989e-01
 2.92331540e+00
 2.93565637e+01
 4.67744568e+01
 4.90747311e+01
 4.64403552e+01
 9.53322294e+01
 5.44570134e+01
 4.82300649e+01
 9.30853691e+01
 2.25152978e+01
 1.05296965e+00
 5.38751321e+01
 8.73061531e+00
 2.26641826e-01
 5.62123629e+01
 1.05267992e+02
 4.31695475e+01
 6.05311901e+01
 9.69301418e+01
 2.47122858e+01
 4.85332835e+01
 3.89924428e+01
 4.32730785e+01
 7.32138667e+00
 5.22421145e+00
 2.37483293e+00
 5.53048331e+00
 2.05882350e+01
 8.14179538e+01
 5.80618946e+01
 1.57418013e+01
 2.94118649e+01
 7.16630826e+01
 6.08174366e+01
 3.86551029e+01
 5.87853902e+00
 6.17597955e-01
 6.61866687e+01
 6.79543842e+00
 9.51735977e+01
 1.40626830e+02
 7.22729523e+01
 1.19257962e+00
 2.49300181e+01
 4.38760300e+01
 6.00388830e+01
 8.83763447e+00
 2.09762896e+00
 4.72506388e+00
 7.31157161e+00
 1.06734371e+02
 4.05085598e+00
 1.41211975e+01
 1.37988491e+02
 1.64869754e+02
 4.96345062e+01
 3.26313390e+01
 1.07051922e+01
 1.42242084e+01
 5.00429260e+01
 4.10402818e+00
 7.53981480e+00
 3.50869259e+01
 7.95407839e+01
 9.85625500e+01
 1.15177621e+02
 5.11097443e+00
 8.05698393e+01
 2.70819673e+01
 3.59659759e+01
 5.13856507e+00
 1.31518245e+01
 3.88066474e-01
 8.44531575e+00
 3.85223021e+01
 1.28912457e+02
 1.32805669e+02
 7.44271865e+01
 6.17129720e+01
 9.06393520e+01
 2.35706622e+01
 4.35726929e+01
 2.09617430e+01
 1.29349377e+00
 2.34976970e+01
 2.89085266e+01
 3.79247481e+01
 2.48988179e+01
 7.17493751e+01
 4.62275161e+01
 1.22979057e+02
 6.36942155e+01
 4.05956690e+01
 4.29938025e+01
 2.51902720e+01
 6.08931036e+00
 2.58543559e+00
 9.83011429e+00
 5.87795262e+01
 3.86058496e+01
 5.41705345e+01
 1.79680070e+02
 5.00557923e+01
 2.40801629e+01
 4.54218658e+01
 4.52530219e+01
 7.88964790e+01
 2.74759821e+00
 1.93939185e+00
 1.94357752e+01
 7.19362894e+01
 1.58593473e+02
 4.30414269e+01
 7.97034983e+01
 6.68249178e+01
 2.47915036e+01
 3.10760808e+01
 5.57781657e+01
 1.67975401e+01
 1.96469017e+00
 6.49557627e+00
 2.40767877e+00
 7.01191363e+01
 5.29569937e+01
 1.12393278e+02
 1.58457896e+02
 7.47821590e+01
 7.51304439e+01
 3.54567592e+01
 3.27614444e+01
 8.43111843e+01
 1.32599778e+01
 8.50634827e+00
 1.12469979e+01
 5.30589778e+01
 1.56625621e+02
 1.98380034e+02
 6.30420290e+01
 6.10917262e+01
 6.76110558e+01
 2.68696414e+01
 5.36341058e+01
 1.59367792e+01
 1.57824233e+01
 2.22462336e+01
 2.82857193e+01
 1.13817210e+02
 4.00851000e+01
 4.18656968e+01
 7.87033585e+01
 9.04677900e+01
 1.36725280e+01
 1.45534488e+02
 3.21902368e+01
 2.99278011e+01
 3.22709987e+00
 1.29174054e+01
 6.65299144e+01
 1.35747168e+01
 5.34501357e+01
 7.16597322e+01
 1.26259206e+02
 2.80190953e+01
 5.99548121e+01
 1.47200031e+01
 8.80245914e+00
 1.75824881e+01
 7.85284890e+00
 6.95820925e+00
 6.07731508e-01
 2.16792517e+01
 1.72817054e+01
 1.17095406e+02
 9.19475313e+00
 1.10130297e+02
 2.94320808e+01
 5.39540447e+01
 1.23481798e+01
 2.65866719e+01
 1.04534573e+01
 4.61459026e-01
 7.77230757e+00
 4.73755658e+00
 3.36305385e+01
 6.52747997e+01
 8.26786418e+01
 6.83215904e+01
 9.24014966e+01
 6.19857834e+01
 3.67982785e+01
 2.34832564e+01
 5.48296900e+01
 1.10423483e-01
 1.15956064e+01
 3.67273463e+01
 4.26135584e+01
 6.46770924e+01
 1.18008233e+02
 9.40034160e+01
 5.96867997e+01
 1.10644447e+02
 2.16276126e+00
 4.69080149e+01
 3.11813383e+01
 6.79430728e+00
 2.99343978e+01
 1.91084816e+01
 4.58441545e+01
 1.51773553e+02
 7.37509116e+01
 4.83758893e+01
 8.40139076e+01
 9.93802417e+01
 4.35291845e+01
 7.42183149e+01
 6.03079118e+00
 1.53189801e-01
 1.11557298e+01
 9.56638737e+00
 2.09769461e+01
 2.61276613e+01
 6.86076439e+01
 1.40987741e+02
 2.88329814e+01
 2.81018215e+01
 4.95775543e+01
 3.50745937e+01
 5.41856820e+00
 5.69692274e+00
 5.44576739e-01
 4.20387355e+01
 6.08219110e+01
 1.85953012e+02
 8.87995359e+01
 1.01591371e+02
 6.77337461e+01
 2.77430805e+01
 1.33596392e+02
 6.33880261e+00
 1.12212599e+01
 5.68908798e+00
 4.55215849e+00
 3.06801647e+01
 6.52002204e+00
 3.35359008e+01
 4.75144012e+01
 3.00959795e+01
 5.85972713e+01
 1.57262329e+01
 5.21486780e+01
 1.44811396e+01
 3.32595640e+00
 1.38906244e+00
 1.12558466e+01
 5.42651798e+01
 6.70738175e+01
 3.10811036e+01
 4.71747169e+01
 4.32669349e+01
 3.37791623e+01
 5.89242451e+01
 1.72731387e+01
 5.38095953e+01
 1.84560073e+00
 7.98235086e+00
 6.56991722e+00
 4.55411446e+01
 3.14107762e+01
 1.13525618e+02
 1.36590066e+02
 1.33987162e+02
 6.07999192e+01
 3.36439608e+01
 3.05843713e+01
 8.82260550e+01
 9.10568398e+00
 3.83714050e+01
 2.01185785e+01
 1.31984741e+01
 4.47034532e+01
 4.16693293e+01
 5.49601234e+01
 2.21541312e+01
 9.37581881e+01
 7.22562804e+00
 7.54634420e+01
 3.01021133e+01
 6.30234870e+01
 3.12757175e+01
 5.70997965e+00
 1.03204206e+02
 2.05335436e+02
 4.38616548e+01
 5.66177079e+01
 7.55056823e+01
 5.87954610e+01
 2.85907736e+01
 3.22090631e+01
 8.20236917e+01
 4.51525691e+00
 2.21980497e+01
 2.44618158e+01
 2.39186005e+01
 1.35715526e+02
 6.83822624e+01
 1.26195344e+02
 1.35125490e+02
 1.05112576e+02
 8.27181439e+01
 3.94258220e+01
 2.69589083e+01
 2.49917266e+01
 3.03871132e+00
 1.49616095e+01
 1.54375162e+02
 1.95534842e+02
 5.77394933e+01
 4.49353790e+01
 2.42813408e+00
 7.41457002e+01
 2.82632181e+01
 4.97635682e+01
 2.05951338e+01
 5.18877693e+01
 2.94056283e+00
 1.76193788e+01
 1.47671197e+01
 1.41432124e+02
 5.68606272e+01
 7.63905657e+01
 1.35088444e+02
 9.64697053e+01
 1.82925088e+01
 5.45495636e+01
 2.39666593e+01
 2.00235906e+01
 6.67903011e+00
 1.70179010e+01
 1.51254519e+01
 1.21742860e+02
 5.80053856e+01
 2.22715723e+02
 1.35404070e+02
 2.40599316e+01
 4.51303216e+01
 2.35007542e+01
 2.34501294e+01
 7.58800859e+00
 7.24128354e+00
 2.29318992e+01
 4.65020345e+01
 1.65133380e+01
 1.41167168e+02
 8.69759241e+01
 8.66787625e+01
 1.10699652e+02
 6.61333887e+01
 6.12145329e+01
 3.42173394e+01
 5.89813063e+01
 1.45723973e+00
 6.90906521e+01
 4.90815411e+01
 3.13678735e+01
 9.25375563e+01
 6.22678273e+01
 8.34079774e+01
 7.21366655e+01
 5.18620549e+01
 1.68387090e+00
 7.92862716e+01
 2.03739135e+01
 4.80561448e+00
 4.75377916e+01
 5.45000580e+01
 1.92104110e+02
 1.00337454e+02
 9.29352049e+01
 6.89348997e+01
 3.71336386e+01
 4.06786121e+01
 4.16447981e+01
 3.96362785e+01
 7.43130741e+00
 2.04036381e+01
 8.57312060e+00
 9.91986076e+01
 7.91055941e+01
 7.45153293e+01
 1.81066402e+02
 8.09623646e+01
 6.69342898e+01
 4.66962153e+01
 7.32321013e+01
 2.84066273e+01
 6.95691690e+00
 9.08986790e+00
 2.10137514e+01
 1.03648964e+01
 4.13461466e+01
 2.58265870e+01
 5.42685895e+01
 3.02735120e+01
 5.69982179e+01
 4.37489297e+01
 1.19211137e+01
 3.95899070e+01
 1.11020468e+01
 4.86432636e+01
 1.49645863e+01
 6.21784214e+01
 4.90145135e+01
 1.02771074e+02
 1.37205836e+02
 6.19495797e+01
 6.26499726e+01
 3.97590524e+01
 2.28450005e+01
 3.96125763e+01
 7.00961386e+00
 3.73498907e-01
 1.06185781e+01
 5.68604881e+00
 1.61982433e+02
 1.35059061e+02
 1.45468015e+02
 6.79247919e+01
 3.12759956e+01
 7.53817733e+01
 3.31243606e+00
 4.18403457e+01
 1.03527577e+02
 7.52157090e-01
 1.45545847e+01
 3.27496786e+01
 6.84786631e+01
 1.75079919e+02
 7.73581070e+01
 6.02808921e+01
 4.13413475e+01
 6.87349682e+01
 8.39824107e+01
 1.72043664e+01
 2.94121632e+01
 8.58077464e-01
 3.55523426e+01
 5.43154303e+01
 6.89822359e+01
 2.53313069e+01
 6.78567254e+01
 6.75275841e+01
 9.64691157e+01
 5.43309314e+01
 1.28607970e+02
 3.21740597e+01
 4.86975985e+00
 1.22613471e+00
 9.55874554e+00
 1.71024533e+02
 1.83363261e+01
 6.19285642e+01
 1.28546825e+02
 9.38686668e+01
 2.02007114e+01
 1.99227723e+01
 6.98274775e+01
 1.93149659e+01
 3.18739961e+00
 6.45824776e+00
 2.68134139e+01
 8.70673838e+01
 3.47959432e+01
 6.73555678e+01
 5.53108963e+01
 7.73132166e+01
 4.55838115e+01
 8.28505984e+00
 2.13197301e+01
 1.42027046e+01
 2.36375099e+01
 4.02529665e+00
 1.01173821e+01
 2.15254424e+01
 1.05558693e+02
 8.39683040e+01
 6.39030493e+01
 5.63785959e+01
 7.42368786e+01
 1.44069513e+02
 7.52057959e+01
 1.11655608e+02
 2.86357690e+01
 1.48477830e+01
 5.69426081e+00
 3.11248665e+01
 5.69154103e+01
 1.25285342e+02
 1.23601053e+02
 5.24672232e+01
 6.16096506e+01
 6.65852114e+01
 5.50710181e+01
 1.12499932e+02
 2.05990132e+01
 2.90443587e+00
 2.53793219e+01
 3.01514565e+01
 3.56458165e+01
 6.53786294e+01
 1.45887941e+02
 1.13109061e+01
 5.94005164e+01
 8.37379080e+01
 8.68911132e+00
 1.02275972e+02
 4.18805438e+01
 6.88088604e+00
 2.47906063e+01
 6.78296666e+01
 3.09162481e+01
 8.61408650e+01
 2.81236772e+01
 9.26748755e+01
 2.27998861e+01
 4.54405839e+01
 5.95676556e+01
 7.12501870e+01
 1.43425218e+01
 4.29152211e+00
 1.48536501e+01
 1.06298187e+01
 1.40406085e+02
 1.06334498e+02
 5.53849505e+01
 6.08387534e+01
 6.83801266e+01
 1.50208306e+02
 9.57763162e+00
 8.93746733e+01
 6.31462692e-01
 4.76833956e+01
 9.26995338e+00
 4.35839236e+01
 7.81954252e+01
 8.05263247e+01
 8.09832070e+01
 4.40203868e+01
 1.52826729e+01
 2.09280801e+01
 3.64351123e+01
 2.25163825e+01
 1.09657685e+01
 5.72518267e+00
 3.20110651e+01
 3.60162253e+00
 5.17274324e+01
 2.22287003e+01
 8.09287041e+01
 4.28315016e+01
 7.63820383e+00
 4.40087915e+01
 7.29024929e+01
 8.12002586e+01
 3.89573456e+01
 3.40925564e-01
 2.82715735e+01
 9.07456027e+00
 5.41794372e+01
 6.22433445e+01
 2.73653509e+01
 4.16518536e+01
 4.46397505e+01
 1.16934066e+01
 1.43015311e+01
 1.06762959e+02
 2.19441686e+00
 1.87478694e+00
 2.59198962e+00
 4.44071324e+00
 7.46883344e+01
 4.17800238e+01
 9.54697947e+01
 1.50690691e+02
 6.70074305e+01
 2.97706821e+01
 4.20550770e+01
 1.25211976e+01
 7.90163421e+01
 1.14261236e+01
 1.85959540e+01
 5.25957844e+01
 5.08577137e+00
 8.35591236e+01
 3.45404443e+01
 5.94465507e+01
 6.09095972e+01
 4.93454769e+01
 1.51892010e+01
 1.54676622e+01
 1.05975521e+02
 1.64490814e+01
 1.41219625e+01
 6.78252205e+01
 5.01314444e+01
 1.35835545e+02
 7.96589343e+01
 7.07240764e+01
 3.39189442e+01
 2.21432302e+01
 6.37365093e+01
 1.54954910e+01
 1.16737860e+01
 5.39329782e+00
 2.47686729e+00
 3.62362388e+01
 6.84402865e+01
 1.27825310e+02
 2.18757550e+02
 7.39024692e+01
 4.82293872e+01
 1.61655869e+01
 7.46314647e+01
 1.96403424e+01
 6.92912067e+00
 9.71596377e-01
 8.32012775e+00
 1.85363228e+01
 7.66886871e+01
 5.33169681e+01
 1.21069610e+02
 1.64281901e+02
 1.07161184e+02
 4.64139473e+01
 2.10678031e+01
 2.23431154e+01
 1.97081473e+00
 1.49003516e+01
 2.47217481e+01
 9.99741956e+01
 9.22655803e+01
 4.11317502e+01
 1.03941654e+02
 9.49556058e+01
 1.19447387e+02
 2.62767213e+01
 2.54526710e+01
 8.38687085e+00
 2.55080490e+01
 1.47377143e+00
 6.43477151e+00
 6.82371874e+01
 2.79204645e+01
 9.70892158e+01
 1.09589985e+02
 9.59341724e+01
 2.42531487e+01
 1.82518021e+01
 7.99172359e+01
 2.40112702e+00
 4.51045111e-01
 8.26065487e+00
 3.59907649e+01
 9.34948912e+00
 8.08728030e+01
 9.23127820e+01
 8.87151727e+01
 7.36954100e+01
 4.91699411e+01
 1.11748623e+02
 2.05899254e+01
 1.67247734e+01
 1.12906456e+00
 6.11861426e-01
 9.71014556e-01
 4.48200081e+01
 5.62798749e+01
 5.72190054e+01
 1.03578077e+02
 6.15477436e+01
 3.95540760e+01
 5.17133669e+01
 6.77517589e+01
 4.03705153e+01
 1.20619985e+01
 2.32421006e+01
 2.94099704e+01
 1.70140122e+01
 5.56297188e+01
 1.52796122e+02
 7.68014199e+01
 1.75507484e+01
 2.03170078e+01
 2.00477180e+01
 4.40237763e+00
 2.43588403e-01
 3.19463804e+00
 1.09902426e+00
 2.79172490e+01
 7.69118678e+01
 6.27288872e+01
 1.11784878e+02
 1.17003094e+02
 2.70573896e+02
 8.70071535e+01
 5.80464310e+01
 9.19519367e+00
 5.42470310e+01
 5.23978928e+00
 1.04110475e+01
 6.63029599e-01
 2.07014050e+01
 6.03042435e+01
 9.96751534e+01
 9.25149770e+01
 6.55128006e+01
 6.85698805e+01
 3.33385899e+01
 4.08293086e+01
 1.62739702e+01
 6.53919323e+00
 1.21265835e+00
 3.78842580e+01
 3.29182640e+01
 6.94697507e+01
 1.31818155e+01
 1.07821115e+02
 8.21009028e+01
 1.21233994e+01
 3.58724196e+01
 6.79922053e+01
 1.18108362e+02
 3.80973129e+01
 3.38002375e+00
 8.19090576e+00
 4.42975400e+01
 7.03453371e+00
 9.19728905e+01
 5.96210017e+01
 6.58276037e+01
 3.22841257e+01
 7.00298824e+01
 4.83208849e+01
 2.11182822e+01
 2.01546366e+01
 5.63576133e-01
 8.49818040e+00
 2.93981837e+01
 9.22267799e+01
 5.55410904e+01
 2.37851195e+02
 5.06771258e+01
 2.42580773e+01
 2.09223506e+01
 1.01002423e+02
 5.46818444e+00
 3.73735278e+00
 1.49851546e+00
 2.15443760e+01
 2.92643960e+01
 5.26737075e+01
 1.14900094e+01
 9.16725628e+01
 7.54320667e+01
 7.52044163e+01
 3.86932407e+01
 1.49675502e+01
 3.93113563e+01
 1.93270230e+01
 1.47188058e+01
 9.00099900e-01
 1.66651284e+00
 5.00891361e+01
 5.71748252e+00
 8.87452621e+01
 3.57920393e+01
 3.66487124e+01
 2.64857001e+01
 5.18401731e+01
 3.46084383e+00
 3.43412705e+00
 1.69606120e+00
 7.60271695e+00
 5.82647809e+01
 1.37391829e+02
 5.75640360e+01
 7.52953297e+01
 7.43068875e+01
 3.85533408e+01
 1.73422191e+01
 5.28522942e+01
 4.16155476e+01
 7.36886963e-01
 1.49171709e+01
 1.11262970e+01
 4.05614549e+01
 1.13981716e+02
 1.24413383e+02
 9.97353701e+01
 7.37745018e+01
 1.05935461e+02
 6.64948703e+01
 1.61195961e+02
 1.22125466e+01
 4.21216939e+00
 5.43423465e+00
 4.17507208e+01
 4.98059591e+01
 1.07396268e+02
 1.50365198e+02
 5.08370583e+01
 8.38445849e+01
 1.17511612e+01
 8.55823816e+01
 7.43720459e+01
 2.52344438e+01
 7.35159276e+00
 3.50311284e+01
 6.29040679e+00
 4.00886574e+01
 1.15917851e+02
 6.06467837e+01
 1.76071491e+02
 7.49893888e+01
 6.59781405e+01
 4.05099879e+01
 3.34583019e+01
 2.13835324e+01
 4.76882173e+00
 3.54680781e+00
 4.90738152e+01
 1.40860756e+01
 5.49959033e+01
 4.62531202e+01
 3.20146826e+01
 9.02124397e+01
 6.95068172e+01
 7.63946679e+01
 3.70307521e+01
 7.49354803e+00
 2.33953591e+01
 2.47560469e+00
 1.78843077e+00
 1.61828200e+02
 3.71882078e+01
 2.82385996e+01
 7.10881985e+01
 1.20236579e+02
 2.02193168e+01
 2.55406770e+01
 4.46461774e+01
 1.75064767e+01
 4.71623922e+01
 5.54707339e+00
 2.10908505e+01
 1.04341194e+01
 3.34496540e+01
 7.52120807e+01
 1.21368974e+02
 8.30285573e+01
 1.09691304e+02
 1.92536508e+01
 1.93980930e+01
 3.12425369e+01
 9.33697919e-02
 3.70655429e+00
 3.60557182e+01
 1.15031343e+02
 7.26090557e+01
 2.50892027e+02
 1.23567436e+02
 2.22155766e+01
 2.83800315e+01
 6.63149431e+01
 4.39253143e+01
 3.70053891e+01
 1.16259813e+01
 2.04539535e+01
 1.36344270e+01
 1.13643564e+02
 6.82960856e+01
 8.64404258e+01
 3.48041769e+01
 3.07795365e+02
 7.12617495e+01
 6.05102455e+01
 2.45590617e+01
 2.52897432e+01
 3.48728489e+00
 2.06434599e+00
 1.16354263e+01
 1.69129948e+01
 2.90404258e+01
 5.65495858e+01
 6.93635172e+01
 1.43636822e+02
 4.34831277e+01
 5.96844252e+00
 1.24047058e+01
 2.59126333e+01
 1.25572276e+00
 1.41000678e+00
 2.62019340e+01
 7.02599680e+01
 1.36070577e+02
 1.34521873e+02
 6.76544797e+01
 1.79937309e+01
 5.09188271e+01
 1.50753703e+01
 3.97488367e+01
 8.01917000e+01
 8.09224745e+00
 3.86525512e+00
 1.20038626e+01
 4.41489100e+01
 1.84384222e+01
 6.69137137e+01
 8.84491528e+01
 6.07602512e+01
 7.04541699e+01
 1.42626008e+01
 1.61098228e+01
 3.44993078e+01
 4.38866516e+00
 6.13421564e-01
 5.86993227e+00
 1.06037238e+02
 1.92533585e+02
 8.15283372e+01
 9.53068074e+01
 3.10568365e+01
 5.76632170e+01
 4.68925025e+01
 3.25929131e+01
 4.47637482e+00
 4.07894023e+01
 2.54749519e+00
 5.65943528e+00
 1.58310425e+01
 4.34100542e+01
 4.86391778e+01
 1.31530426e+02
 1.47831686e+02
 9.88408879e+01
 3.25362136e+01
 7.05396323e+00
 1.37714344e+01
 8.31961767e+01
 5.71146469e-01
 1.10565838e+00
 8.47153107e+01
 8.78373781e+01
 7.01805563e+01
 3.34551194e+02
 9.07512419e+01
 7.51309808e+01
 1.22885583e+02
 6.96414684e+01
 8.48698946e+00
 1.18977435e+01
 1.16425796e+01
 2.26686344e+00
 3.38220904e+01
 1.18915386e+02
 8.94959407e+01
 1.50174729e+02
 1.25926518e+02
 6.59206480e+01
 8.96300626e+01
 1.18965743e+01
 1.89863702e+01
 1.59265076e+00
 7.13735322e+00
 1.04230947e+01
 1.34098332e+02
 8.69316963e+01
 1.96505686e+02
 1.66652763e+02
 9.39708809e+01
 9.46376631e+01
 2.57923855e+01
 3.42221123e+01
 2.45436431e+01
 1.15877971e+01
 1.93538492e+01
 1.28737914e+01
 6.77762383e+01
 4.35323848e+01
 1.55083008e+02
 1.06678197e+02
 1.41816565e+01
 5.03819706e+01
 8.74581041e+01
 4.23207006e+01
 4.86929554e+00
 5.55744265e+00
 3.64747524e+01
 7.03264703e+00
 2.57456052e+01
 4.89506613e+01
 1.71210485e+02
 6.54342156e+01
 1.10907836e+02
 2.80389466e+01
 5.86012571e+01
 2.96609855e+01
 4.06232274e+01
 1.13567497e+01
 2.53658119e+01
 9.71697227e+00
 3.35862999e+01
 9.62844971e+01
 3.80159563e+01
 3.33384169e+01
 3.71234275e+01
 7.81643945e+01
 6.77278713e+01
 2.82560609e+01
 1.51489299e+01
 6.12052919e+01
 1.48773117e+00
 3.01775998e+00
 7.17246258e+00
 8.74671563e+01
 6.35005985e+01
 1.03030535e+02
 8.10640478e+01
 1.46175341e+01
 1.26858803e+01
 4.08915583e+01
 3.80280058e+01
 1.87924613e+00
 4.90942392e-01
 3.91772745e+01
 5.13487757e+01
 7.04036900e+01
 2.29743657e+01
 3.57791626e+01
 1.33021808e+02
 2.59291052e+01
 9.17495888e+01
 3.42777684e+01
 1.25319171e+01
 2.98121638e+00
 5.90184131e+00
 2.12656670e+01
 4.91632065e+01
 2.10796693e+02
 6.77863327e+01
 1.95921210e+02
 9.38649446e+01
 3.51577133e+01
 4.09733718e+01
 8.99285632e+01
 1.47118133e+01
 3.99672331e+00
 1.54937590e+00
 3.43468221e+01
 4.23150805e+01
 8.01578690e+01
 1.60707180e+01
 3.82085371e+01
 6.85868405e+01
 7.89603392e+01
 1.49208883e+01
 3.76736037e+01
 3.62691670e+01
 2.08236694e+00
 1.17640297e+00
 1.42331049e+00
 5.14382323e+00
 1.01052198e+02
 9.67295598e+01
 2.68816070e+01
 7.34813498e+01
 2.87849566e+01
 3.50171019e+01
 1.01431896e+02
 6.74806572e+01
 9.64231896e+00
 3.10316520e+00
 9.82238002e+00
 3.81670875e+01
 1.23548465e+02
 5.27320757e+01
 1.21059321e+02
 1.21149745e+02
 8.80816850e+01
 9.86810442e+01
 5.61217205e+01
 1.80651383e+01
 3.44290517e+00
 3.05506413e+00
 1.72018439e+01
 3.97435844e+01
 8.05560122e+01
 1.04664046e+02
 7.35978730e+01
 9.36157817e+01
 4.02524264e+01
 3.60113807e+01
 5.22304094e+01
 9.18045447e+01
 1.71170216e+01
 6.31315475e-01
 3.72521732e+00
 1.36137873e+01
 5.45210410e+01
 8.34627149e+01
 7.60287626e+01
 2.02672372e+01
 1.76988836e+01
 2.75769240e+01
 6.60324807e+01
 1.41460861e+01
 9.46730895e+00
 2.15318014e+01
 6.83782683e-03
 2.41348221e+01
 1.37605387e+02
 1.32704235e+02
 6.84755742e+01
