 4.17388916e-01
 -1.23770142e+00
 -1.46353149e+00
 1.19622803e+01
 1.21838989e+01
 2.15701904e+01
 2.19185486e+01
 1.92342834e+01
 1.82945862e+01
 1.19569702e+01
 4.14871216e+00
 9.21173096e-01
 -1.75296021e+00
 -5.84655762e-01
 9.92126465e-01
 7.84472656e+00
 1.22419434e+01
 1.73196716e+01
 2.49475098e+01
 2.24418030e+01
 1.69257507e+01
 6.71881104e+00
 5.88137817e+00
 1.59796143e+00
 3.60183716e+00
 9.83001709e-01
 4.56338501e+00
 8.43139648e+00
 1.22770996e+01
 1.60753174e+01
 2.26097107e+01
 2.17005615e+01
 1.61849060e+01
 1.21465149e+01
 6.13906860e+00
 -1.66259766e-01
 1.33749390e+00
 -5.59259033e+00
 1.65155029e+00
 8.25039673e+00
 1.16799622e+01
 2.33639221e+01
 2.25068665e+01
 2.25856628e+01
 1.60560303e+01
 7.15411377e+00
 4.18664551e+00
 7.26989746e-01
 2.35867310e+00
 -7.33856201e-01
 5.17526245e+00
 7.40951538e+00
 1.04621887e+01
 1.93276672e+01
 2.26847534e+01
 2.17849426e+01
 1.54544983e+01
 1.18230591e+01
 9.71862793e-01
 8.14910889e-01
 2.13464355e+00
 -2.93542480e+00
 1.34445190e+00
 9.23541260e+00
 1.47955627e+01
 2.15297546e+01
 2.69182129e+01
 2.35392151e+01
 1.46506348e+01
 9.74514771e+00
 4.44940186e+00
 7.22351074e-02
 -1.16104126e+00
 -5.15075684e-01
 2.25811768e+00
 7.70971680e+00
 1.25881958e+01
 2.11421509e+01
 2.54679565e+01
 2.36766052e+01
 1.53831177e+01
 8.66314697e+00
 1.74252319e+00
 3.11361694e+00
 2.83453369e+00
 1.38378906e+00
 5.88613892e+00
 6.93780518e+00
 1.32155151e+01
 1.48118591e+01
 2.27098694e+01
 1.94548950e+01
 1.53426208e+01
 1.08593445e+01
 6.89178467e+00
 -1.43209839e+00
 -3.43392944e+00
 -2.81530762e+00
 2.90881348e+00
 7.42132568e+00
 1.40613708e+01
 1.75748596e+01
 2.10006409e+01
 2.06965332e+01
 1.30525208e+01
 8.93060303e+00
 7.33770752e+00
 -1.15081787e+00
 -2.97912598e-01
 -1.74957275e+00
 4.48141479e+00
 4.22079468e+00
 1.37499695e+01
 1.73116150e+01
 1.84177246e+01
 2.35594482e+01
 1.87184143e+01
 9.65054321e+00
 5.83688354e+00
 2.44433594e+00
 -4.52542114e+00
 2.09402466e+00
 2.05105591e+00
 8.01190186e+00
 1.40328064e+01
 1.80963440e+01
 2.27306824e+01
 2.18421631e+01
 1.62979736e+01
 1.21608582e+01
 6.21292114e+00
 3.52410889e+00
 -3.69805908e+00
 1.38439941e+00
 3.73806763e+00
 1.14291687e+01
 1.55736694e+01
 1.74338989e+01
 2.27790222e+01
 2.01579285e+01
 1.53299561e+01
 7.68966675e+00
 3.89282227e+00
 2.08508301e+00
 -1.19320679e+00
 -1.45538330e-01
 2.37930298e+00
 9.31106567e+00
 1.14922791e+01
 1.99275513e+01
 2.76420898e+01
 2.11426697e+01
 1.39270630e+01
 8.36114502e+00
 6.61648560e+00
 2.32757568e-01
 2.05383301e-01
 -8.48663330e-01
 6.58914185e+00
 7.00680542e+00
 1.17233582e+01
 1.77748718e+01
 2.52368469e+01
 2.19653015e+01
 1.50533447e+01
 7.19546509e+00
 4.11972046e+00
 3.71078491e+00
 2.68991089e+00
 1.24588013e+00
 2.65859985e+00
 7.96032715e+00
 1.72313538e+01
 2.04281921e+01
 2.05622253e+01
 2.30821838e+01
 1.68895874e+01
 8.23373413e+00
 5.27703857e+00
 2.56976318e+00
 1.38333130e+00
 -2.63366699e-02
 1.30709839e+00
 7.49368286e+00
 1.14487305e+01
 1.87347717e+01
 2.61841736e+01
 2.25211182e+01
 1.50935974e+01
 8.22344971e+00
 4.71234131e+00
 2.96005249e+00
 -5.60516357e-01
 -1.53417969e+00
 5.90142822e+00
 7.75781250e+00
 1.33691711e+01
 2.07670593e+01
 2.49399414e+01
 2.46892395e+01
 1.51181946e+01
 1.21880798e+01
 7.72009277e+00
 1.99990845e+00
 1.20288086e+00
 -4.25384521e-01
 2.48513794e+00
 8.59542847e+00
 1.34467773e+01
 1.87118835e+01
 2.64219360e+01
 2.29531860e+01
 1.41721497e+01
 9.68389893e+00
 4.06967163e+00
 9.30175781e-01
 -2.27575684e+00
 1.88687134e+00
 2.16986084e+00
 1.08963013e+01
 1.62283325e+01
 1.78740540e+01
 2.33494568e+01
 2.25540161e+01
 1.44605408e+01
 8.15347290e+00
 6.60610962e+00
 -1.10784912e+00
 -3.57598877e+00
 1.29150391e-01
 7.26000977e+00
 9.57119751e+00
 1.32424622e+01
 1.96701965e+01
 2.39716492e+01
 2.44061584e+01
 1.83888855e+01
 1.23294983e+01
 5.02557373e+00
 3.78979492e+00
 4.10937500e+00
 1.83526611e+00
 4.86782837e+00
 8.54577637e+00
 1.28747559e+01
 1.62273254e+01
 2.62409363e+01
 2.33341675e+01
 1.42704163e+01
 1.13091736e+01
 4.16735840e+00
 -9.00451660e-01
 -5.80108643e-01
 2.71923828e+00
 3.18322754e+00
 4.32714844e+00
 1.17269287e+01
 1.94405823e+01
 2.42752991e+01
 1.66210938e+01
 1.50813293e+01
 7.99514771e+00
 6.43975830e+00
 4.76379395e+00
 1.79974365e+00
 -4.65911865e-01
 3.91558838e+00
 6.02047729e+00
 1.16525269e+01
 1.90491638e+01
 2.06825562e+01
 1.79525146e+01
 1.08500061e+01
 9.49777222e+00
 5.37829590e+00
 4.60186768e+00
 4.08874512e-01
 3.02597046e+00
 3.01531982e+00
 7.37728882e+00
 1.54249268e+01
 1.76580505e+01
 2.13029785e+01
 2.21156006e+01
 1.52890015e+01
 9.91171265e+00
 4.12527466e+00
 2.38558960e+00
 -1.84112549e-01
 2.53344727e+00
 4.24447632e+00
 8.44744873e+00
 1.18524170e+01
 2.50436401e+01
 2.17345581e+01
 2.03997803e+01
 1.34613037e+01
 9.27676392e+00
 3.35342407e+00
 5.71398926e+00
 -7.89407349e+00
 1.69921875e+00
 1.97320557e+00
 1.04428406e+01
 1.21009521e+01
 1.65745239e+01
 2.34141235e+01
 2.35115967e+01
 1.91599121e+01
 1.21983643e+01
 5.42700195e+00
 -1.74310303e+00
 1.05508423e+00
 3.00262451e-01
 1.18466187e+00
 1.00321045e+01
 1.49177246e+01
 1.73020020e+01
 2.58670654e+01
 2.08185730e+01
 1.62281189e+01
 9.55926514e+00
 4.78897095e+00
 3.54080200e+00
 -7.24273682e-01
 1.69189453e-01
 3.22085571e+00
 6.04620361e+00
 1.16246033e+01
 1.98623352e+01
 2.48926086e+01
 2.06477356e+01
 1.55402527e+01
 7.29315186e+00
 6.11383057e+00
 4.68426514e+00
 2.56103516e+00
 7.31201172e-02
 5.45428467e+00
 8.41766357e+00
 1.52583618e+01
 2.02617188e+01
 2.31705017e+01
 2.10182495e+01
 1.69082031e+01
 1.16021729e+01
 4.02902222e+00
 2.03659058e+00
 8.75976562e-01
 3.63882446e+00
 2.97488403e+00
 8.52825928e+00
 1.34397888e+01
 1.71088257e+01
 2.41989746e+01
 1.88912659e+01
 1.36894226e+01
 1.03504944e+01
 4.25256348e+00
 1.55477905e+00
 2.08355713e+00
 7.89276123e-01
 3.90249634e+00
 8.32296753e+00
 1.56201782e+01
 2.00596008e+01
 2.44494019e+01
 1.79228210e+01
 1.50140076e+01
 9.83493042e+00
 3.55633545e+00
 2.23162842e+00
 -9.97924805e-03
 3.83319092e+00
 7.60183716e+00
 1.08922119e+01
 1.76002808e+01
 2.12333374e+01
 2.48194275e+01
 2.39705200e+01
 1.55443726e+01
 9.34066772e+00
 6.08483887e+00
 7.50427246e-02
 2.41088867e-02
 1.61605835e+00
 6.27072144e+00
 8.68240356e+00
 1.35758667e+01
 1.41573792e+01
 2.30688477e+01
 2.34142761e+01
 1.85928650e+01
 9.72576904e+00
 6.44912720e+00
 1.20086670e+00
 -1.60159302e+00
 3.30969238e+00
 6.15243530e+00
 1.09896545e+01
 1.78990173e+01
 2.08533020e+01
 2.38838196e+01
 2.21213074e+01
 1.56229248e+01
 8.56863403e+00
 -1.94427490e-01
 7.96600342e-01
 -6.10128784e+00
 -5.60272217e-01
 3.63424683e+00
 7.03329468e+00
 1.36990662e+01
 2.07427979e+01
 2.51065063e+01
 2.10167236e+01
 1.44762268e+01
 1.12535706e+01
 7.60470581e+00
 1.05221558e+00
 -2.63336182e-01
 1.87371826e+00
 6.00997925e+00
 8.81027222e+00
 1.34319153e+01
 1.74100342e+01
 2.11652222e+01
 1.91529541e+01
 1.65588379e+01
 9.41070557e+00
 6.08731079e+00
 1.65582275e+00
 -2.39074707e-01
 -4.44644165e+00
 -1.29974365e+00
 6.00906372e+00
 1.17491455e+01
 1.60264587e+01
 2.52672424e+01
 2.28510132e+01
 1.21112976e+01
 1.16091309e+01
 6.54537964e+00
 5.78570557e+00
 1.59826660e+00
 1.91403198e+00
 3.84832764e+00
 8.49432373e+00
 1.53381042e+01
 2.12432251e+01
 2.53984680e+01
 2.27790222e+01
 1.38220215e+01
 9.05416870e+00
 7.01635742e+00
 3.99533081e+00
 -1.80816650e+00
 -3.91629028e+00
 1.30035400e+00
 5.45495605e+00
 1.13712769e+01
 1.83316650e+01
 2.34159546e+01
 2.24364624e+01
 1.77685852e+01
 8.58016968e+00
 5.11062622e+00
 1.70770264e+00
 1.54385376e+00
 2.58291626e+00
 4.69488525e+00
 9.63674927e+00
 1.29137573e+01
 2.25729370e+01
 1.82077026e+01
 1.91056519e+01
 1.77138672e+01
 1.09425964e+01
 2.57879639e+00
 2.66418457e+00
 1.51547241e+00
 2.78170776e+00
 5.44479370e+00
 8.75756836e+00
 1.17117920e+01
 1.70155029e+01
 2.35646057e+01
 2.27822266e+01
 1.46559448e+01
 8.54119873e+00
 3.03366089e+00
 2.17501831e+00
 -9.36035156e-01
 -5.53588867e-02
 9.74090576e-01
 5.88897705e+00
 1.51437988e+01
 1.85109253e+01
 2.39755554e+01
 2.14137573e+01
 1.72903442e+01
 1.30517883e+01
 5.70230103e+00
 -2.32055664e+00
 -2.64831543e-01
 2.38116455e+00
 1.94290161e+00
 9.30648804e+00
 1.79958801e+01
 2.15120850e+01
 2.47120972e+01
 1.94647217e+01
 1.66118774e+01
 7.31726074e+00
 7.78994751e+00
 4.30123901e+00
 3.23287964e+00
 3.52111816e-01
 3.63919067e+00
 5.19155884e+00
 1.37426453e+01
 2.13255615e+01
 2.27038879e+01
 2.22334290e+01
 1.66393738e+01
 8.61758423e+00
 7.91934204e+00
 3.99209595e+00
 -4.47204590e-01
 -1.20068359e+00
 5.23135376e+00
 1.09211121e+01
 1.20939941e+01
 1.95729065e+01
 2.46641235e+01
 2.33251038e+01
 1.64290466e+01
 8.37457275e+00
 6.04211426e+00
 -4.33764648e+00
 -8.87420654e-01
 9.07196045e-01
 -7.94982910e-02
 9.52404785e+00
 1.22169189e+01
 2.15362549e+01
 2.44837952e+01
 2.23819275e+01
 1.65821533e+01
 1.07033997e+01
 6.53692627e+00
 -6.09893799e-01
 3.11395264e+00
 4.83370972e+00
 4.11483765e+00
 5.94900513e+00
 1.43150330e+01
 2.11221924e+01
 2.59893188e+01
 2.49625854e+01
 1.82672424e+01
 1.27266846e+01
 9.14328003e+00
 5.17587280e+00
 2.39215088e+00
 1.96380615e-01
 4.67041016e+00
 9.36703491e+00
 1.36587830e+01
 2.48075867e+01
 2.18128662e+01
 2.06126099e+01
 1.49122925e+01
 9.74832153e+00
 6.74795532e+00
 3.11886597e+00
 3.46582031e+00
 2.33743286e+00
 4.38919067e+00
 7.71343994e+00
 1.75602112e+01
 1.76083679e+01
 2.19889526e+01
 2.18288574e+01
 1.47924500e+01
 1.13007507e+01
 7.02340698e+00
 3.32009888e+00
 3.25790405e+00
 5.85882568e+00
 4.48934937e+00
 8.69479370e+00
 1.29116211e+01
 1.59261475e+01
 2.38205261e+01
 2.42098083e+01
 1.79275818e+01
 1.18075562e+01
 4.71893311e+00
 -2.37606812e+00
 -3.22906494e-01
 2.56716919e+00
 3.47372437e+00
 1.05075378e+01
 1.24732971e+01
 1.77371216e+01
 2.36156616e+01
 2.04555359e+01
 1.40940247e+01
 7.95263672e+00
 7.27877808e+00
 3.36355591e+00
 3.17626953e+00
 5.17495728e+00
 3.03619385e+00
 1.14471130e+01
 1.32575989e+01
 1.84006348e+01
 2.25264893e+01
 2.10281982e+01
 1.37755432e+01
 1.14977722e+01
 6.80969238e+00
 4.69082642e+00
 -1.67214966e+00
 9.64691162e-01
 5.29357910e+00
 1.28533936e+01
 1.63009949e+01
 1.83610535e+01
 2.49353638e+01
 2.44224854e+01
 1.83701172e+01
 1.04416504e+01
 5.89038086e+00
 4.17282104e+00
 -5.08758545e-01
 3.54000854e+00
 6.42977905e+00
 9.11380005e+00
 1.52642212e+01
 2.18514709e+01
 2.71985168e+01
 2.53049622e+01
 1.68186951e+01
 1.05094299e+01
 6.67022705e-01
 -2.36355591e+00
 -1.62973022e+00
 3.82882690e+00
 5.62246704e+00
 1.03896790e+01
 1.96311646e+01
 2.53694458e+01
 2.26536255e+01
 2.35830383e+01
 1.88630676e+01
 1.29681091e+01
 7.22595215e+00
 4.81723022e+00
 -1.90109253e+00
 2.55636597e+00
 5.72659302e+00
 8.91195679e+00
 1.04039917e+01
 1.53085938e+01
 2.19887085e+01
 2.30444031e+01
 1.66908569e+01
 7.63140869e+00
 2.99600220e+00
 -1.55310059e+00
 7.65594482e-01
 -1.63244629e+00
 5.26858521e+00
 8.19570923e+00
 1.53531494e+01
 1.88899841e+01
 2.52346497e+01
 2.46286011e+01
 1.62282410e+01
 1.33494568e+01
 4.82833862e+00
 4.66705322e-01
 -7.39044189e-01
 2.70596313e+00
 4.27099609e+00
 8.48889160e+00
 1.27300415e+01
 2.16160889e+01
 2.62338562e+01
 2.39101868e+01
 1.79584961e+01
 1.04485474e+01
 6.88504028e+00
 3.77307129e+00
 2.75860596e+00
 3.59082031e+00
 5.26501465e+00
 1.32426147e+01
 1.46223450e+01
 1.99394836e+01
 2.87450562e+01
 2.38239136e+01
 1.90270691e+01
 1.12463684e+01
 5.51159668e+00
 4.44592285e+00
 2.57537842e-01
 2.05978394e+00
 -2.86590576e-01
 9.27340698e+00
 1.23457947e+01
 1.57524109e+01
 2.28260498e+01
 2.36656799e+01
 1.64042053e+01
 7.51510620e+00
 1.89636230e-01
 1.48495483e+00
 2.20523071e+00
 8.39416504e-01
 4.71557617e+00
 1.13074341e+01
 1.49185791e+01
 1.74019775e+01
 2.45975647e+01
 2.51600647e+01
 1.68657837e+01
 1.24100952e+01
 8.64706421e+00
 1.42639160e+00
 1.88693237e+00
 1.59411621e+00
 5.99798584e+00
 9.39480591e+00
 1.26986389e+01
 1.48266907e+01
 2.43827820e+01
 2.34599304e+01
 1.65800476e+01
 8.60052490e+00
 3.55169678e+00
 4.77734375e+00
 1.24044800e+00
 -1.29632568e+00
 6.14746094e+00
 8.11691284e+00
 1.19911499e+01
 1.97835083e+01
 2.66814880e+01
 2.39596558e+01
 1.87874756e+01
 1.29782104e+01
 5.17724609e+00
 2.98364258e+00
 3.21234131e+00
 2.13415527e+00
 5.84335327e+00
 1.02651672e+01
 1.21081238e+01
 1.87578430e+01
 2.40606995e+01
 2.36432800e+01
 1.95770874e+01
 1.30222778e+01
 3.13983154e+00
 2.95666504e+00
 -1.13113403e+00
 -1.57440186e+00
 6.09484863e+00
 6.44152832e+00
 1.76876526e+01
 2.16149597e+01
 2.73564148e+01
 2.62242126e+01
 1.64566650e+01
 1.08213196e+01
 5.51116943e+00
 3.36886597e+00
 2.16268921e+00
 1.50027466e+00
 2.54110718e+00
 8.38488770e+00
 1.09696960e+01
 1.98856506e+01
 2.80466614e+01
 2.43963013e+01
 1.63727417e+01
 9.48815918e+00
 4.77743530e+00
 4.13055420e+00
 2.45001221e+00
 3.83737183e+00
 6.51303101e+00
 9.02774048e+00
 1.12041016e+01
 1.92632141e+01
 2.23937073e+01
 2.13657532e+01
 1.70803528e+01
 1.04045715e+01
 2.59582520e+00
 -1.17196655e+00
 -5.10766602e+00
 4.97375488e-01
 5.24743652e+00
 7.04702759e+00
 1.92913818e+01
 2.08968201e+01
 2.44357300e+01
 2.57805176e+01
 1.84393921e+01
 1.16657410e+01
 7.04559326e+00
 4.73107910e+00
 2.13891602e+00
 5.73150635e-01
 4.68572998e+00
 7.79949951e+00
 1.40303650e+01
 1.90134583e+01
 2.69334106e+01
 2.28170166e+01
 1.49706726e+01
 8.45294189e+00
 6.21987915e+00
 4.88903809e+00
 1.93606567e+00
 4.20214844e+00
 3.12893677e+00
 1.14601746e+01
 1.30220337e+01
 1.57819824e+01
 2.37568054e+01
 2.64872437e+01
 1.60330200e+01
 8.99459839e+00
 6.13964844e+00
 7.45849609e-01
 1.06079102e+00
 2.88519287e+00
 3.63134766e+00
 7.80755615e+00
 1.15154114e+01
 2.41648560e+01
 2.81756287e+01
 2.60326843e+01
 1.89580994e+01
 1.05598755e+01
 6.03067017e+00
 3.83544922e+00
 -3.10516357e+00
 8.73535156e-01
 5.26159668e+00
 9.26342773e+00
 1.61227722e+01
 2.16195068e+01
 2.56761169e+01
 2.38120117e+01
 1.66311035e+01
 9.17657471e+00
 7.18347168e+00
 4.55325317e+00
 -7.14935303e-01
 -1.00244141e+00
 5.16812134e+00
 9.67794800e+00
 1.22465210e+01
 1.78510132e+01
 2.77688599e+01
 2.66478271e+01
 1.33736877e+01
 1.05504761e+01
 6.47940063e+00
 5.80581665e+00
 4.86788940e+00
 7.72177124e+00
 5.11544800e+00
 8.67892456e+00
 1.16689758e+01
 1.85962219e+01
 2.34316101e+01
 2.43703308e+01
 1.89036255e+01
 1.20080566e+01
 9.80200195e+00
 -1.55752563e+00
 1.74957275e-01
 -2.78625488e-01
 4.87039185e+00
 1.28193970e+01
 1.18973999e+01
 1.88992615e+01
 2.80086060e+01
 1.95388489e+01
 1.61874695e+01
 1.16412659e+01
 5.78912354e+00
 5.86151123e+00
 2.15789795e+00
 1.49627686e+00
 6.06790161e+00
 1.25726013e+01
 1.23906555e+01
 1.95115662e+01
 2.95648193e+01
 2.34884949e+01
 1.81882019e+01
 1.08984375e+01
 7.98001099e+00
 2.32348633e+00
 -1.81622314e+00
 1.59555054e+00
 7.04345703e+00
 1.33472595e+01
 1.57997131e+01
 2.01145020e+01
 2.41345520e+01
 2.57108459e+01
 2.01423950e+01
 1.37115784e+01
 7.75399780e+00
 4.11996460e+00
 3.32864380e+00
 1.05831909e+00
 4.91134644e+00
 1.12069397e+01
 1.59033203e+01
 2.52027893e+01
 2.21528931e+01
 2.31579590e+01
 1.89920044e+01
 1.06894836e+01
 6.24087524e+00
 2.70520020e+00
 -4.89013672e-01
 2.23052979e+00
 6.18222046e+00
 8.76873779e+00
 1.43023071e+01
 1.94794922e+01
 2.67755737e+01
 2.41011963e+01
 1.69913330e+01
 9.43692017e+00
 8.54989624e+00
 3.59161377e-01
 3.66363525e-01
 7.89581299e-01
 -1.43927002e+00
 1.00818481e+01
 1.69688721e+01
 1.93590698e+01
 2.55462036e+01
 2.10324097e+01
 1.62809448e+01
 8.55285645e+00
 4.46734619e+00
 1.18365479e+00
 9.46685791e-01
 3.70376587e+00
 5.66024780e+00
 7.66397095e+00
 1.35653076e+01
 2.15034180e+01
 2.92563477e+01
 2.32316589e+01
 1.68523865e+01
 1.03078613e+01
 6.51467896e+00
 1.88229370e+00
 1.00885010e+00
 -2.88876343e+00
 1.62622070e+00
 6.92492676e+00
 1.54135742e+01
 2.17561646e+01
 2.78558350e+01
 2.55431824e+01
 1.66327209e+01
 9.55065918e+00
 6.22933960e+00
 3.49859619e+00
 3.87384033e+00
 4.50891113e+00
 1.52166748e+00
 5.31427002e+00
 1.34347839e+01
 2.14211426e+01
 2.75239563e+01
 2.44002075e+01
 1.71218567e+01
 1.10750427e+01
 6.44464111e+00
 2.88482666e+00
 3.79992676e+00
 1.87707520e+00
 6.49896240e+00
 8.00564575e+00
 1.22114563e+01
 1.67198181e+01
 2.28786621e+01
 2.02672729e+01
 1.40610352e+01
 1.04040833e+01
 2.36428833e+00
 5.84869385e-01
 -3.66488647e+00
 -8.24584961e-01
 3.68002319e+00
 1.02333374e+01
 1.32229614e+01
 2.06430054e+01
 2.56310730e+01
 2.33207703e+01
 1.60995483e+01
 1.22589417e+01
 7.09954834e+00
 4.23776245e+00
 2.49035645e+00
 5.28219604e+00
 7.45068359e+00
 9.13787842e+00
 1.52059326e+01
 2.01945190e+01
 2.45154419e+01
 2.71261292e+01
 1.68244934e+01
 1.01465149e+01
 5.19512939e+00
 4.21923828e+00
 5.70336914e+00
 4.81631470e+00
 7.04809570e+00
 1.00616150e+01
 1.43905334e+01
 1.93487244e+01
 2.70605164e+01
 2.55512085e+01
 2.12630310e+01
 1.11240234e+01
 6.80630493e+00
 -5.84817505e+00
 6.66046143e-01
 5.49407959e-01
 5.61523438e+00
 1.34447327e+01
 1.50541382e+01
 2.18733826e+01
 2.63841248e+01
 1.95696716e+01
 1.44255066e+01
 8.69134521e+00
 6.56671143e+00
 2.08850098e+00
 4.04327393e+00
 2.44650269e+00
 5.46292114e+00
 4.99737549e+00
 1.22888794e+01
 1.89450073e+01
 2.42083130e+01
 2.12429504e+01
 1.78921509e+01
 1.22058716e+01
 6.82412720e+00
 5.56939697e+00
 3.01809692e+00
 7.86010742e-01
 6.57540894e+00
 1.26988831e+01
 1.76760559e+01
 2.24305725e+01
 2.64852905e+01
 2.40981750e+01
 2.01007690e+01
 1.40590820e+01
 7.36395264e+00
 5.29663086e+00
 2.75564575e+00
 1.32757568e+00
 3.55709839e+00
 1.18266907e+01
 1.56437683e+01
 2.03366089e+01
 2.58175659e+01
 2.47521057e+01
 1.77281494e+01
 1.21764832e+01
 9.42947388e+00
 2.03814697e+00
 2.94375610e+00
 3.15521240e+00
 6.26629639e+00
 1.30164795e+01
 1.50599060e+01
 2.26641846e+01
 3.03243713e+01
 2.64424744e+01
 1.97808838e+01
 1.03189697e+01
 5.36505127e+00
 8.29833984e-01
 -5.97656250e-01
 1.31661987e+00
 4.90316772e+00
 8.09002686e+00
 1.32693176e+01
 2.11492310e+01
 2.78674927e+01
 2.29014282e+01
 1.65076294e+01
 7.54266357e+00
 3.94744873e+00
 5.72702026e+00
 3.58419800e+00
 4.74731445e-01
 4.09362793e+00
 1.07645874e+01
 1.77689514e+01
 2.22924805e+01
 2.62071228e+01
 2.43065491e+01
 1.60774536e+01
 9.56137085e+00
 7.57791138e+00
 3.09323120e+00
 5.68444824e+00
 3.66452026e+00
 7.01785278e+00
 1.06746216e+01
 1.37338257e+01
 2.01056519e+01
 2.28872681e+01
 2.23697510e+01
 1.61750793e+01
 1.01455078e+01
 7.42272949e+00
 5.22143555e+00
 2.57067871e+00
 -2.05987549e+00
 4.48025513e+00
 7.84063721e+00
 1.50939636e+01
 1.54755859e+01
 2.42127380e+01
 1.90611877e+01
 1.68525391e+01
 1.32047424e+01
 7.11611938e+00
 4.94830322e+00
 2.36328125e+00
 1.56692505e+00
 5.63229370e+00
 8.19033813e+00
 1.37434082e+01
 2.12956543e+01
 2.79486389e+01
 2.70918884e+01
 1.64376526e+01
 1.07002869e+01
 7.77859497e+00
 3.75036621e+00
 -2.41049194e+00
 2.93707275e+00
 6.45889282e+00
 1.05825806e+01
 1.61155090e+01
 2.21778564e+01
 2.55543518e+01
 2.30555725e+01
 1.74908752e+01
 9.91674805e+00
 7.83618164e+00
 4.73342896e+00
 2.26602173e+00
 3.70632935e+00
 1.91329956e+00
 7.69213867e+00
 1.51111450e+01
 1.94730835e+01
 2.35814514e+01
 2.30634766e+01
 1.79963074e+01
 1.27136536e+01
 6.57220459e+00
 1.92572021e+00
 2.03787231e+00
 3.96673584e+00
 5.37594604e+00
 9.20352173e+00
 1.27675476e+01
 1.65834961e+01
 2.43417358e+01
 2.08549500e+01
 1.72974243e+01
 1.09848633e+01
 5.04620361e+00
 -2.03686523e+00
