 9.29646609e+01
 6.75582410e+01
 1.89183671e+01
 7.55743723e+01
 2.62559521e+01
 8.20351427e+01
 9.16615423e+01
 1.71736510e+01
 1.24157361e+01
 1.43800170e+02
 2.23382068e+02
 3.72413416e+01
 1.21731488e+02
 8.51335442e+01
 7.73121448e+01
 5.14994519e+01
 3.23250814e+01
 2.76239402e+01
 7.22127673e-02
 2.56674582e+01
 5.12151801e+00
 1.23758856e+02
 1.55907894e+01
 4.50775336e+01
 8.17894273e+01
 6.96276901e+01
 2.28680421e+01
 5.37115561e+01
 6.38662025e+01
 4.98406920e+00
 1.31744243e+01
 3.62914514e+01
 5.08206451e+01
 2.66705772e+01
 1.10263546e+02
 5.75650890e+01
 9.62365471e+01
 3.05716209e+01
 9.06959352e+01
 5.02502744e+01
 3.60663708e+01
 9.56421207e+00
 2.68144395e+01
 0.00000000e+00
 2.19005394e+01
 1.76299987e+02
 1.00716252e+02
 1.04677966e+02
 3.32349190e+01
 1.11850458e+01
 1.02139927e+02
 5.15821640e+01
 5.74075717e+00
 1.75052814e+00
 0.00000000e+00
 9.19785293e-01
 3.73527036e+01
 6.42103739e+01
 3.33872425e+01
 5.51392321e+01
 8.52292994e+01
 9.64480637e+01
 2.01482001e+01
 3.34125234e+01
 4.32526746e+01
 2.80999650e+01
 4.10005424e-01
 1.45538308e+01
 3.83653504e+01
 3.65218352e+01
 2.70028097e+01
 1.32929815e+02
 7.08004934e+01
 4.63431441e+01
 1.11838512e+02
 5.09946502e+01
 9.50868277e+01
 2.71053500e+01
 1.46839017e+01
 2.75222092e+01
 4.09854351e+01
 1.39575763e+02
 9.97177942e+01
 1.15518524e+02
 6.88305127e+01
 3.76922468e+01
 8.26288210e+01
 2.79923657e+01
 1.32715789e+01
 7.62638346e+01
 1.73366346e+01
 2.77233733e+01
 1.23525167e+02
 5.23916588e+01
 4.35060819e+01
 8.00833277e+01
 7.36248589e+01
 3.52627246e+01
 5.22562226e+01
 1.06118107e+02
 1.16535735e+02
 1.57547590e+01
 2.21543821e+01
 4.38979933e-01
 1.15533247e+01
 7.82634624e+01
 1.05838621e+02
 1.66269085e+02
 4.54217586e+01
 4.18434181e+01
 9.10671022e+01
 1.11086415e+02
 1.01222679e+02
 3.20835829e+01
 6.77184683e+00
 3.23258049e+01
 1.53170504e+01
 1.09533002e+02
 1.31046560e+02
 2.35312990e+01
 8.75206786e+00
 2.95989213e+01
 3.83638193e+01
 4.29943259e+01
 8.92413954e+01
 8.86127122e+00
 5.75439598e-01
 5.49005001e+01
 4.75171023e+01
 8.44767561e+00
 6.47105394e+01
 9.85161958e+01
 9.31716032e+01
 5.93196925e+01
 4.02830364e+01
 1.75492586e+01
 6.72817500e+00
 2.40633337e+01
 1.53726914e+01
 2.57057446e+01
 2.73901912e+01
 1.15295436e+02
 2.16747820e+01
 1.82486507e+02
 2.62694767e+01
 1.08840221e+02
 7.88244370e+01
 7.07005633e+01
 6.55146812e+01
 1.91233451e+01
 1.04276719e+00
 4.68869759e+00
 6.84502124e+01
 1.19918117e+02
 1.76717339e+02
 1.24074366e+02
 3.10199093e+01
 4.38345031e+01
 1.60019029e+01
 1.14568743e+02
 3.55293128e+01
 5.18808007e+00
 7.82428491e+00
 5.21361185e+00
 1.18769733e+02
 4.63163908e+01
 2.81806544e+01
 4.96712614e+01
 6.44454519e+01
 2.74509651e+01
 7.86933904e+01
 4.26216617e+01
 1.15589192e+01
 1.00488583e+00
 5.76643556e+00
 2.40302557e+00
 7.90370025e+01
 1.07908927e+02
 1.73760090e+02
 1.80728579e+02
 3.35454299e+01
 1.13423253e+02
 1.08500045e+02
 6.74966022e+01
 1.44037153e+02
 6.80407479e+00
 1.89950131e+01
 8.73067804e+00
 1.46304078e+02
 6.68303939e+01
 1.57416627e+02
 5.34249280e+01
 8.47819931e+01
 3.61823013e+01
 3.19111433e+01
 4.69300789e+01
 3.86428084e+01
 7.47920185e+01
 1.40590177e+01
 1.38734880e-01
 8.76937949e+01
 1.41215506e+02
 7.30240080e+01
 1.23990119e+02
 2.11156782e+00
 7.89672479e+01
 3.56433415e+01
 5.24329911e+01
 2.87241051e+01
 8.12216652e+00
 1.18544438e-01
 1.50360850e+01
 2.20370735e+01
 3.85173598e+01
 6.79983582e+01
 1.25747014e+02
 7.44190308e+01
 1.14131461e+02
 2.92891282e+01
 6.55419697e+01
 2.70429963e+01
 2.20164533e+01
 1.29286085e+01
 5.36179852e+01
 3.03365320e+01
 1.06233823e+02
 6.14264547e+01
 7.39208999e+01
 2.21144903e+01
 2.26838757e+01
 7.97915788e+01
 1.29985565e+02
 7.74380855e+01
 3.54793663e+01
 1.65785506e+01
 4.35134669e+00
 7.59569198e+00
 5.95958818e+01
 1.42783748e+02
 1.31237630e+02
 5.37327739e+01
 4.68954551e+01
 1.56953372e+01
 5.38389270e+01
 1.31627547e+01
 1.68383050e+01
 4.16071824e+00
 1.24519796e-17
 2.55765152e+01
 4.94465120e+01
 1.14876678e+02
 4.46317967e+00
 1.04972204e+02
 4.91121318e+01
 2.45143991e+01
 8.90047982e-01
 5.58286722e+00
 3.56656913e+01
 4.72022680e+01
 1.10071843e+01
 1.70338092e+02
 5.60453426e+01
 4.42363652e+01
 4.68222632e+01
 9.08895964e+01
 6.32719832e+01
 7.35654889e+01
 7.42993716e+01
 4.02190381e+01
 1.59904704e+02
 7.62956898e-03
 1.41235142e+01
 1.44640899e+01
 8.52271265e+01
 6.75869571e+01
 1.05653541e+02
 1.25827266e+02
 6.64578786e+01
 1.01176483e+02
 4.20898630e+01
 9.17552793e+01
 4.24177080e+01
 1.45904967e+00
 5.51948275e+00
 1.00683095e+01
 4.71630485e+01
 2.01077968e+02
 1.03495692e+02
 6.70531798e+01
 7.30862140e+01
 8.48174318e+01
 6.07099858e+01
 6.26557832e+01
 1.29409883e+01
 1.95658556e-01
 6.54659383e+00
 9.10219457e-01
 5.60116919e+01
 3.24576992e+01
 8.16082676e+01
 1.40693512e+02
 4.34990179e+01
 4.92830619e+01
 7.45145655e+01
 3.10406859e+01
 5.95571698e+01
 9.75959053e+00
 1.68463785e-01
 5.09878043e+01
 4.91091127e+01
 2.22384940e+02
 9.52964983e+01
 1.39310513e+02
 6.79282878e+01
 3.25915690e+01
 1.13822736e+02
 1.59454489e+01
 7.47123604e+00
 1.62134130e+00
 4.67717688e+00
 7.90656544e+01
 3.27371877e+01
 1.21617504e+02
 1.60909067e+02
 3.49379103e+01
 8.34262385e+01
 6.29312742e+01
 1.14031989e+02
 6.92267704e+01
 2.00407587e+00
 2.89139296e+00
 8.99185704e+00
 1.06370677e+01
 3.05750560e+01
 7.87303930e+01
 6.18308252e+01
 2.67182300e+01
 2.25133124e+01
 6.30907878e+01
 3.82923721e+01
 1.15268747e+02
 6.53005473e+00
 1.58466244e+01
 1.50503305e+02
 6.64885029e+01
 7.32360699e+01
 1.14041485e+02
 1.93809498e+02
 1.39240853e+02
 1.75208726e+02
 5.25212778e+01
 2.90126788e+01
 4.50927196e+01
 2.52598042e+01
 1.45572485e+01
 2.62371511e+01
 9.57083889e-01
 4.50812120e+01
 4.54959861e+01
 9.98945378e+01
 2.16891493e+01
 8.10865988e+01
 1.82080140e+01
 2.35158440e+01
 4.66800793e+01
 7.34213542e+01
 2.28023824e+01
 1.22634481e+00
 8.04646265e+01
 4.67527595e+01
 3.94853678e+01
 7.19233487e+01
 1.28494529e+02
 1.72378466e+02
 1.58602635e+01
 8.93469241e+01
 1.36144231e+02
 5.15774869e+01
 3.16084909e+01
 2.48823895e+01
 6.68450046e+01
 1.66881045e+02
 8.18069360e+01
 1.63923830e+02
 1.12077053e+02
 1.20191960e+02
 1.06595548e+02
 5.61601416e+01
 4.20968994e+01
 5.39620781e+01
 1.01264337e+01
 2.71335250e+01
 1.50320992e+02
 1.28822823e+02
 5.82195658e+01
 2.93879490e+01
 3.70903291e+00
 1.17794119e+02
 1.60091003e+02
 3.07543736e+01
 6.43014410e+01
 8.44156273e+01
 4.50212202e+00
 1.04356413e+01
 2.58333009e+01
 2.63523632e+02
 5.79568088e+01
 9.96803849e+01
 5.89925697e+01
 4.10779512e+01
 2.76047308e+01
 5.84793477e+01
 8.63026651e+01
 1.00496541e+02
 8.36081489e+00
 2.06303022e+01
 5.83414958e+01
 8.99957925e+01
 7.07178478e+01
 2.47248077e+02
 6.62382533e+01
 1.80999065e+01
 6.55388657e+01
 6.08523970e+00
 4.07237266e+01
 2.07264925e+01
 1.96284998e+00
 1.25395917e+01
 4.62778872e+01
 7.78943027e+01
 1.55637829e+02
 1.08865911e+02
 6.47645033e+01
 1.88402478e+02
 8.71658924e+01
 1.25994583e+02
 1.12191146e+02
 3.43396457e+01
 4.47173730e+00
 1.13185049e+02
 4.87980955e+01
 2.37575295e+01
 1.29676141e+02
 6.89347682e+01
 1.02494441e+02
 1.25102451e+02
 6.58603239e+01
 5.80665557e+01
 9.85331503e+01
 1.63791130e+02
 8.77918105e+00
 1.35832797e+01
 4.48634787e+01
 6.86675936e+01
 7.51138946e+01
 1.13585818e+02
 3.96318036e+01
 1.00247331e+02
 4.56737764e+01
 7.17559381e+01
 8.73606840e+01
 3.77167396e+01
 4.89666085e+00
 2.74234079e+01
 1.03152965e+02
 3.60786847e+01
 7.38615628e+01
 1.21128688e+02
 5.08789427e+01
 9.22771033e+01
 1.19346196e+02
 4.22233113e+01
 8.74320086e+00
 3.54559219e+01
 7.32099268e+01
 7.71291142e+00
 4.88385392e+01
 1.16759632e+02
 1.11657389e+02
 6.83547783e+01
 5.28309117e+01
 6.79544443e+01
 5.85446982e+01
 9.00686075e+00
 1.19563851e+01
 1.94364056e+01
 5.99815308e+00
 6.58564276e+00
 7.02647288e+00
 2.03487318e+02
 5.00849209e+01
 3.83300638e+01
 6.98797718e+01
 4.93003411e+01
 7.96507737e+01
 6.58724267e+01
 8.77489224e+01
 1.55210937e+01
 7.65907572e-01
 9.61616245e+00
 1.37804141e+00
 1.03084614e+02
 1.24208562e+02
 8.34058630e+01
 4.61978116e+01
 2.22805876e+01
 5.46186901e+01
 1.76603481e+01
 1.00707973e+02
 8.69432143e+01
 8.56472374e-01
 3.35637881e+00
 1.31753008e+01
 4.05942781e+01
 1.02353417e+02
 1.02090223e+02
 4.02691805e+01
 6.23304876e+01
 1.41405357e+02
 4.93707576e+01
 2.87236301e+01
 5.84532417e+01
 6.38670149e+00
 8.66691160e+01
 5.30804114e+01
 9.42637162e+01
 7.25763935e+00
 6.97487398e+01
 1.10823122e+02
 2.51913241e+01
 3.13944404e+01
 6.11167617e+01
 3.88271203e+01
 3.91294578e+01
 1.99837086e+01
 1.25651134e+02
 8.53116129e+01
 5.63769297e+01
 9.13406425e+01
 1.25548627e+02
 9.41549444e+01
 3.29955918e+01
 5.64011239e+01
 1.60613662e+02
 1.34527757e+02
 3.73074909e+01
 9.11848348e+00
 5.41925623e+01
 2.80271375e+01
 1.10074435e+02
 3.12649863e+01
 7.52298356e+01
 5.72818661e+01
 2.00668395e+01
 7.44861253e+00
 3.81251940e+01
 9.40165801e+01
 4.48882834e+01
 1.73842399e+00
 0.00000000e+00
 7.65582480e+00
 7.85109055e+01
 7.21592674e+01
 7.84336164e+01
 4.19858426e+01
 5.17665085e+01
 4.48350405e+01
 1.49635881e+02
 2.71548984e+01
 1.08867554e+02
 4.02263607e+01
 4.78363326e-02
 2.92154821e+01
 5.39672526e+01
 7.94674326e+01
 1.27967498e+02
 7.78849728e+01
 2.70554350e+01
 3.65934388e+01
 6.61661318e+01
 8.48504346e+01
 1.83725076e+01
 1.87495362e-01
 3.84221101e+01
 9.28604885e+00
 3.33294842e+01
 5.56159806e+01
 2.03113170e+02
 3.74096418e+01
 8.93881844e+01
 7.28936963e+01
 1.37267615e+01
 2.83393452e+01
 3.27910016e+01
 9.12251078e-01
 1.10003867e+01
 5.84346087e+01
 2.33916802e+01
 7.75124558e+01
 4.83407818e+01
 4.57463349e+01
 3.18039806e+01
 5.52953596e+01
 7.34867440e+01
 3.46303738e+01
 1.76774994e+01
 2.09536224e+00
 4.51467956e+00
 1.96148351e+00
 7.61828390e+01
 1.53101529e+02
 4.70028968e+01
 3.77255459e+01
 5.92148242e+01
 1.25304716e+02
 8.41769631e+01
 2.03214794e+01
 2.83651523e-01
 3.87234909e+01
 6.40868326e+00
 5.33873651e+01
 6.13635437e+01
 9.57180988e+01
 6.51511535e+01
 3.61663292e+01
 1.38890557e+01
 4.68885514e+01
 3.94070217e+01
 1.13565395e+01
 8.69131844e+00
 3.69058935e+01
 1.08369293e+01
 1.02178836e+01
 5.88756081e+01
 5.20579413e+01
 1.24759688e+02
 7.00949526e+01
 3.96895453e+01
 5.91279669e+01
 9.59063993e+01
 1.54069890e+00
 2.51215768e-01
 3.10781382e-04
 1.20267458e+02
 7.22977535e+00
 5.17357342e+01
 1.66951795e+01
 4.37215736e+01
 4.04701156e+01
 2.99339489e+01
 1.48114611e+01
 4.24359450e+01
 1.05035287e+02
 1.10582014e+02
 7.22418612e-02
 1.59667808e+01
 1.08033583e+01
 4.47189363e+01
 6.23003985e+01
 8.25455880e+01
 1.00388342e+02
 5.77165598e+01
 3.20873823e+01
 6.29499264e+01
 1.05403060e+01
 7.20759047e+01
 4.89250231e+00
 3.96327755e+00
 5.71738469e+01
 0.00000000e+00
 1.13233799e+02
 1.58294482e+01
 8.64024822e+01
 8.27757656e+01
 9.41273787e+01
 3.42262142e+01
 1.01346310e+02
 1.05550084e+02
 5.76558588e+01
 2.04363063e+00
 8.15888944e+01
 1.52737391e+01
 1.06898890e+02
 1.11120986e+02
 3.30524925e+01
 4.46929481e+01
 1.29685490e+01
 4.17407730e+01
 1.37181009e+02
 5.26360113e+01
 4.52655014e+00
 6.65028101e-01
 4.15190679e+01
 4.70974376e+01
 8.08517133e+01
 1.66469050e+02
 2.09772700e+01
 7.07399471e+01
 8.60997227e+00
 5.35242410e+01
 2.04010913e+01
 2.74219337e+01
 3.30877255e+00
 4.24436651e+00
 2.81242510e+01
 4.92541711e+01
 1.07913331e+02
 2.07762034e+02
 1.98329157e+02
 3.94422021e+01
 4.24530948e+01
 2.30072563e+01
 9.29797738e+01
 4.03114997e-03
 3.58984628e+01
 4.04288146e+00
 1.24079857e+02
 7.04409022e+01
 5.21752507e+01
 1.01767074e+02
 1.45120837e+02
 9.90856965e+01
 1.14334693e+01
 5.78643842e+01
 5.80627131e+01
 4.21188780e+01
 9.18031319e+00
 6.06561235e+00
 1.95584410e+02
 2.60426178e+01
 5.90794076e+01
 1.22783456e+02
 9.02387972e+01
 3.19900822e+01
 6.10360686e+01
 8.61263433e+01
 1.09545377e+01
 2.38911413e+01
 9.51357521e+01
 4.12295503e+01
 2.29850377e+01
 1.57894510e+02
 1.52944101e+02
 7.58465213e+01
 1.34997640e+02
 6.75324761e+01
 1.26874566e+02
 2.92187636e+01
 2.35801664e-01
 1.84939812e-01
 6.89865720e+00
 2.08029182e-03
 2.27895895e+01
 4.25325325e+01
 1.49839345e+02
 3.80518006e+01
 8.52495181e+01
 2.47826036e+01
 6.79166849e+01
 7.12027624e+01
 1.25859002e+02
 2.70614008e+01
 4.09863718e-01
 6.85773012e+01
 1.22776312e+02
 8.03580051e+01
 1.17005693e+02
 6.74766622e+01
 3.81127344e+01
 2.39545881e+01
 7.18046087e+01
 3.69615079e+01
 3.16569160e+01
 3.95055025e+01
 3.64108156e+00
 6.20268920e+00
 4.08139382e+01
 4.91876685e+01
 5.40478407e+01
 1.32224011e+02
 1.55192324e+02
 6.85479264e+01
 5.25920726e+01
 2.96808867e+01
 1.07493649e+02
 1.07435260e+01
 6.18680715e+00
 0.00000000e+00
 5.94994415e+01
 2.96957560e+01
 7.43821780e+01
 6.29064953e+01
 2.46090665e+01
 8.62568420e+01
 5.21151446e+01
 6.69463591e+01
 4.21371907e+01
 7.14755383e+01
 2.66548681e+00
 2.50601730e+01
 2.38077173e+01
 4.01411034e+01
 6.30950426e+00
 3.69703669e+01
 7.97505811e+01
 4.29561459e+01
 4.28429410e+01
 6.81824342e+01
 6.23382420e+01
 1.93719835e+01
 1.92563421e-01
 4.13373575e+01
 5.38185118e+01
 6.24876790e-05
 1.55109599e+02
 8.96982411e+01
 7.14495193e+01
 6.21926595e+01
 9.28454922e+01
 3.06861831e+01
 1.12211277e+02
 7.11486645e+01
 3.07949321e-02
 8.89526514e+00
 6.84491186e+01
 1.35229926e+02
 4.63817123e+01
 2.28557287e+02
 1.10310999e+02
 5.69331257e+01
 3.61266323e+01
 9.60955768e+01
 1.03391295e+02
 1.04049064e+01
 9.68759605e+00
 2.76065481e+01
 1.30226337e+01
 5.52919054e+01
 3.80774163e+01
 1.32891677e+02
 7.15019174e+01
 3.54582938e+01
 9.18195894e+01
 3.87410415e+01
 4.48887389e+00
 3.48898134e+01
 2.49932758e+01
 0.00000000e+00
 1.32871921e-01
 3.15498359e+00
 7.20792157e+00
 6.73950419e+01
 5.42059066e+01
 2.66704353e+01
 2.56019056e+01
 1.73584015e+01
 2.70171334e+01
 1.70858341e-04
 1.12695819e+01
 1.25988863e-01
 1.28716027e+01
 1.71726035e+02
 3.02504724e+01
 5.53136782e+01
 1.26943436e+02
 6.31629036e+01
 2.73509055e+01
 8.15215196e+01
 9.80534636e+00
 3.22567762e-01
 6.41587324e-01
 2.66632594e+01
 5.33292455e+01
 5.67762421e+01
 6.97250339e+01
 9.62252636e+01
 1.39937001e+02
 1.56810239e+02
 8.28600354e+01
 1.25870215e+02
 1.83081710e+01
 2.53433774e+00
 1.00954996e+01
 8.21120694e+01
 8.02721204e+01
 1.26312427e+02
 9.72313676e+01
 6.96470421e+01
 7.21604923e+01
 1.61859611e+01
 8.39207047e+01
 5.94856648e+01
 3.09825266e+01
 4.61262256e+01
 3.26523762e+01
 2.35775609e+01
 1.45872728e+01
 1.68036503e+02
 6.08549289e+01
 1.69587878e+02
 7.19906112e+01
 3.91783789e+01
 5.26495181e+01
 6.11233342e+01
 1.10293372e+01
 5.62478149e+00
 2.17607139e+01
 2.56822617e+01
 2.04101045e+01
 9.79919243e+00
 6.76525166e+01
 2.69621555e+01
 4.69228063e+01
 2.14800796e+01
 8.01640613e+01
 7.20140887e+01
 2.50704480e+01
 3.06523307e+01
 8.84357707e+00
 1.98090296e-02
 1.06426541e+02
 1.14364751e+02
 1.81788510e+01
 1.42506084e+02
 9.56613025e+01
 2.98671669e+01
 1.26129090e+01
 2.70463935e+01
 9.90690195e+01
 1.34259644e+02
 2.04952874e+01
 1.59346477e+01
 1.80874000e+01
 7.92889560e+01
 1.27401853e+02
 1.08482545e+02
 2.87874335e+01
 1.12102593e+02
 2.59686367e+01
 4.13710603e+01
 1.14838999e+02
 2.09043096e+01
 0.00000000e+00
 5.38244792e+01
 5.64254575e+00
 3.57902902e+01
 1.97410403e+02
 1.10253500e+02
 2.00745199e+01
 6.86019008e+00
 1.02165914e+02
 1.20932148e+02
 8.41966537e+01
 3.30557883e+01
 7.63971721e+01
 1.10535266e+01
 4.46947719e+00
 5.69369006e+01
 4.65410873e+01
 4.74883459e+01
 7.44777333e+01
 9.66506010e+01
 7.59021934e+01
 7.74497487e+01
 9.47884018e+00
 1.44871241e-01
 2.13253585e+01
 6.14126174e-01
 1.95284908e+01
 7.06759607e+01
 1.82927983e+02
 1.20808248e+02
 1.53051468e+02
 2.66435857e+01
 2.36226438e+01
 2.02242345e+01
 7.66492289e+01
 4.48807119e-01
 7.51044571e-04
 1.16957299e+00
 9.87088886e+01
 4.07894058e+01
 1.39808705e+02
 4.61880579e+01
 2.03321101e+01
 3.48945392e+01
 2.77306448e+01
 7.24465462e+01
 6.20740832e+01
 6.06017854e+01
 3.11969790e+01
 2.53471979e+00
 8.95970265e+01
 5.98759427e+01
 5.31736941e+01
 8.72220079e+01
 6.47653072e+01
 3.43766533e+01
 2.91667197e+01
 4.52483071e+01
 6.28373034e+01
 8.81193546e+01
 2.63591693e+00
 4.35384048e-03
 2.18343669e+01
 1.28078160e+02
 2.53746568e+02
 1.21265542e+02
 5.51397729e+01
 5.21713236e+01
 4.84225141e+01
 1.23730316e+01
 6.72685799e+01
 3.71904054e+01
 3.97595536e+00
 1.26617067e+00
 4.36687288e-03
 6.04924238e+01
 2.24333212e+01
 1.79913010e+02
 1.81337655e+02
 1.56611583e+02
 5.81512322e+01
 1.49859769e+01
 4.22021884e+00
 5.39154533e+01
 9.49345863e-04
 2.12205183e+01
 1.54114150e+02
 6.80327306e+01
 1.27146546e+02
 1.67669799e+02
 1.75522556e+02
 1.06143499e+02
 1.37414094e+02
 5.85147796e+01
 4.99082394e+01
 1.33797755e+01
 2.50400322e+01
 1.04367935e+01
 2.56611698e+01
 1.16776567e+02
 1.25446523e+02
 1.83750182e+02
 1.64711883e+02
 7.65495697e+01
 7.23215942e+01
 2.05664550e+01
 2.18180108e+00
 2.87934279e+01
 4.74498816e+00
 1.36901198e+01
 5.77585883e+01
 1.08829566e+02
 1.00192501e+02
 1.82913039e+02
 1.44690544e+02
 1.33458497e+02
 6.71207152e+01
 8.77901658e+01
 1.08149019e+01
 7.04164529e+01
 2.50905556e+00
 1.46478503e+01
 6.89454336e+01
 3.01309408e+01
 1.47188993e+02
 6.44880866e+01
 1.95141483e+01
 4.12090025e+01
 7.86986619e+01
 4.72542605e+01
 3.42774481e+00
 7.94402646e+00
 3.98572179e+01
 4.25303790e+01
 9.98550238e+01
 1.29130254e+02
 2.08646160e+02
 7.65792039e+01
 1.57791545e+02
 6.54197524e+01
 6.49755088e+01
 1.88484982e+01
 1.51497264e+01
 7.67336895e-01
 1.39578349e+00
 4.90972641e+01
 1.18538113e+02
 8.43493514e+01
 7.17373853e+01
 2.81170562e+01
 5.28230873e+01
 9.36725456e+01
 5.51906558e+01
 1.98441775e+01
 8.30400551e+01
 2.44299227e+01
 0.00000000e+00
 0.00000000e+00
 1.80624999e+01
 9.92715478e+01
 5.65134231e+01
 5.37394778e+01
 7.69773081e+01
 4.11732088e+01
 2.62141383e+01
 6.35025458e+01
 1.19280509e+01
 2.45536656e+01
 6.93857372e-03
 6.91382611e+00
 1.66407818e+02
 1.06667917e+02
 7.49000398e+00
 2.88158835e+01
 1.51470208e+02
 3.27327522e+01
 6.74705381e+01
 2.15157101e+02
 1.03258290e+02
 2.99293672e+01
 1.82641270e+01
 4.77333616e-01
 7.71163885e+00
 2.01462192e+02
 8.37763731e+01
 1.75227606e+02
 6.87769452e+01
 5.78042177e+01
 3.47513743e+01
 1.03662986e+02
 5.23739686e+01
 1.22709466e+02
 2.31660240e+00
 1.01300194e+01
 8.29475642e+01
 6.36473678e+01
 4.07033804e+01
 8.03717709e+00
 5.46174185e+01
 1.19846187e+02
 5.05986576e+01
 3.35681997e+01
 3.30515474e+01
 4.52759737e+01
 5.35336703e-04
 1.09115023e+00
 0.00000000e+00
 4.11991832e+01
 1.02524084e+02
 4.51206409e+01
 9.03817021e+01
 4.87304325e+01
 7.45174935e+01
 8.09076217e+01
 1.24193403e+01
 3.48791726e+00
 3.00018583e+00
 0.00000000e+00
 7.25430114e+01
 1.80313316e+01
 2.66263195e+01
 1.41455217e+02
 1.05038064e+02
 8.62928205e+01
 6.66616869e+01
 8.63363320e+01
 5.36368690e+01
 7.65873267e+00
 9.54844983e-01
 3.13860490e+00
 4.14383597e+01
 5.46088536e+01
 6.25351919e+01
 2.44752527e+01
 9.04083031e+01
 3.69288086e+01
 1.98965513e+01
 6.68180830e+01
 1.09017508e+02
 3.78330802e+01
 3.63052904e-02
 5.75272337e+00
 6.39080958e+00
 9.37790808e+01
 6.14881434e+01
 8.37550769e+01
 1.04546115e+01
 1.90657925e+00
 4.86572462e+01
 1.73055243e+02
 8.47293464e+01
 4.91719525e+01
 1.82209162e+01
 7.29295547e-01
 7.01829443e+00
 1.49300832e+02
 1.75492391e+02
 4.96855509e+01
