 3.52756619e+02
 1.75482578e+02
 1.96654930e+02
 2.01470599e+02
 7.85393530e+01
 4.50943965e+01
 1.58949072e+00
 2.81712570e+01
 2.19193044e+02
 1.24215673e+02
 2.97074731e+02
 1.50294433e+02
 1.89736795e+02
 5.46438180e+02
 2.77150583e+02
 1.84399913e+02
 1.74053731e+02
 2.25608099e+01
 6.45983444e+01
 8.07045491e+01
 6.07440363e+01
 3.36732219e+01
 3.11051741e+02
 2.71746601e+02
 5.24307467e+01
 1.45988593e+02
 1.60666511e+02
 4.17230217e+01
 1.04904951e+02
 2.99623710e+01
 2.37165777e+00
 2.48580564e+01
 9.07371267e+01
 2.39278978e+02
 3.49731544e+02
 2.25742042e+02
 8.24269553e+01
 1.13449260e+02
 1.31887085e+02
 8.83196684e+01
 9.08965828e+01
 1.97274857e+01
 4.83535464e+01
 8.95777311e-01
 9.28578058e+01
 3.54774944e+02
 1.28725567e+02
 3.14934357e+02
 2.89378399e+02
 9.02212165e+01
 1.65454080e+02
 6.09831107e+01
 1.27446995e+02
 5.07767784e+01
 1.97328783e+01
 2.24613827e+01
 1.54895971e+02
 9.01537811e+01
 7.74741715e+01
 2.56784162e+02
 4.76299159e+01
 6.01879285e+01
 1.99768438e+02
 1.51200438e+02
 1.15477570e+02
 3.32341264e+01
 7.41830759e+00
 5.94403243e+01
 2.68020409e+01
 1.20866897e+02
 2.66983766e+02
 3.86674884e+02
 1.79415814e+02
 1.86090667e+02
 5.39363984e+01
 1.29636951e+02
 1.24818707e+02
 2.20601526e+01
 1.62780663e+01
 1.12647066e+02
 7.20515149e+01
 1.91300135e+02
 2.49350526e+02
 1.79229120e+02
 2.95569128e+02
 7.93278689e+01
 2.75716818e+01
 4.36007555e+01
 1.16453944e+02
 3.95766750e+01
 2.89063683e+01
 6.09405096e+01
 1.35550892e+02
 9.21818894e+01
 1.09235008e+02
 1.20017730e+02
 2.69784810e+02
 8.62877247e+01
 1.38341475e+02
 9.56313272e+01
 2.00708111e+01
 4.23466510e+01
 4.74033249e+01
 2.96822143e+01
 1.12778290e+02
 1.56151422e+02
 1.56397688e+02
 3.52749603e+02
 1.38583788e+02
 1.11192649e+02
 1.21968325e+02
 1.01691305e+02
 5.26860872e+01
 2.96576262e+01
 2.75340847e+01
 1.20704784e+01
 3.44345715e+01
 1.02059588e+02
 3.27287452e+02
 3.03060189e+02
 1.35810871e+02
 9.77464397e+01
 7.84047791e+01
 1.61872444e+02
 1.04269070e+02
 5.54953660e+01
 1.61503181e+01
 7.07540841e+00
 6.36074694e+01
 8.56153942e+01
 4.43586723e+01
 1.90410629e+02
 3.40800465e+02
 6.59705717e+01
 2.35311645e+02
 1.75351286e+02
 1.58910951e+02
 4.50800823e+01
 6.44167705e+01
 2.41203776e+01
 2.91476405e+01
 1.43312046e+02
 4.47258390e+01
 6.44312111e+02
 1.92655111e+02
 2.11321193e+02
 1.95580268e+02
 5.56045660e+01
 8.35200915e+01
 3.58072562e+01
 1.47024335e+01
 1.24806274e+01
 9.56713278e+01
 1.86150256e+02
 2.02140858e+02
 2.89563670e+02
 1.74233332e+02
 1.82691898e+02
 3.45865917e+01
 1.04776193e+02
 1.24601456e+02
 3.37872455e+01
 1.18832323e+01
 1.36887070e+01
 6.22018116e+01
 1.02711176e+02
 1.22690691e+02
 3.14781123e+02
 5.34878497e+01
 2.66844663e+01
 6.00768097e+01
 7.60637801e+01
 1.53469474e+02
 4.09152079e+01
 1.39612346e+01
 3.26040169e+01
 5.80820910e+01
 1.65346487e+02
 1.74614805e+01
 1.39459215e+02
 1.16326386e+02
 2.14289488e+02
 3.51970710e+02
 1.09752168e+02
 1.88672812e+02
 2.05299411e+01
 2.35995530e+01
 5.73956597e+00
 5.64717252e+01
 1.57372564e+02
 5.51669034e+01
 3.75826385e+02
 1.38648781e+02
 1.08401078e+02
 2.53210993e+02
 2.78531724e+01
 4.94234042e+01
 3.64331834e+00
 4.50493785e+01
 6.24871347e+01
 3.58537622e+02
 1.95761331e+02
 2.00066733e+02
 7.76759941e+01
 1.70595716e+02
 1.62824067e+02
 2.89997394e+02
 2.39536665e+02
 7.64393634e+01
 3.07917998e+01
 4.96513301e+01
 3.95808670e+01
 1.52328874e+01
 2.40879229e+02
 1.46694069e+02
 1.15262033e+02
 1.38995627e+02
 1.98822966e+02
 9.28029306e+01
 8.70440360e+01
 8.61718231e+01
 5.32941436e+01
 7.85409510e+01
 4.90718177e+01
 2.93363074e+02
 2.31401939e+02
 4.25811020e+02
 1.92088948e+02
 1.27869162e+02
 7.59960133e+01
 2.62302266e+02
 1.47647406e+02
 1.18869433e+02
 5.85021203e+01
 7.58611129e+01
 2.61506661e+01
 2.45374654e+01
 1.14110521e+02
 2.41276452e+02
 1.92226377e+02
 2.44805831e+02
 5.29775170e+01
 2.21197711e+02
 1.29490339e+02
 6.11857067e+01
 4.50023538e+01
 3.69741037e+01
 7.97181094e+01
 1.33230173e+02
 1.66889834e+02
 1.29969035e+02
 1.68986637e+02
 4.78455098e+02
 1.14832451e+02
 1.77821468e+02
 1.47980781e+02
 6.41441052e+01
 2.23375585e+01
 5.58100211e+01
 6.03263866e+01
 1.21529582e+02
 4.45353552e+01
 1.43458382e+02
 2.05156907e+02
 3.73262749e+02
 2.10741049e+02
 1.50392457e+02
 4.94848327e+01
 5.33278733e+01
 1.99423825e+01
 6.33680084e+00
 5.35367741e+01
 1.51603913e+02
 2.42848308e+02
 2.41779863e+02
 2.20129363e+02
 2.60701898e+02
 1.05339703e+02
 1.27946363e+02
 2.80992365e+02
 8.35478520e+01
 1.55525392e+01
 8.16313120e+00
 2.05251648e+01
 1.83561599e+02
 2.14655907e+02
 2.99943549e+02
 2.48122306e+02
 2.47875569e+02
 2.52811300e+02
 1.68279985e+02
 1.82080221e+02
 9.26593143e+01
 5.89581059e+00
 4.61682436e+01
 2.42632509e+01
 2.83748367e+02
 1.03212425e+02
 6.29565554e+01
 1.12299372e+02
 1.47463588e+02
 2.41174109e+02
 1.61286743e+02
 9.01704429e+01
 8.93236345e+01
 9.51963190e+01
 2.74816281e+01
 4.49557146e+01
 1.14112028e+02
 2.27472102e+02
 2.20274737e+02
 2.09020408e+02
 2.00207267e+02
 1.04434899e+02
 1.06423616e+02
 1.14377916e+02
 1.90330304e+01
 1.52543021e+01
 3.05394954e+01
 4.59176094e+01
 5.61980110e+01
 1.15389884e+02
 6.71376064e+01
 2.23576660e+02
 2.53461374e+02
 2.69306659e+02
 2.95135697e+02
 1.91833959e+02
 4.11185276e+01
 1.03255003e+02
 5.14569010e+01
 1.75701747e+02
 2.71097890e+01
 9.25154447e+01
 1.71265724e+02
 1.50560132e+02
 2.16038789e+02
 2.64941188e+02
 1.68673680e+02
 7.52180591e+01
 8.60377072e+01
 9.79902745e+01
 2.86140775e+00
 3.39081221e+01
 1.02784832e+02
 4.04081830e+01
 1.59978104e+02
 7.62404697e+01
 1.36149639e+02
 2.43553512e+02
 1.21889954e+02
 1.13118974e+02
 5.20864925e+01
 2.49389418e+01
 1.90767041e+01
 1.35832164e+01
 3.36382572e+01
 8.32415700e+01
 1.25285380e+02
 2.84672825e+02
 3.08014292e+02
 1.70006667e+02
 2.38827170e+02
 1.93010476e+02
 1.15706533e+02
 8.00064792e+00
 1.02822092e+01
 7.04738271e+01
 1.89141513e+02
 2.09198742e+02
 1.16960383e+02
 2.15392414e+02
 1.71172032e+02
 2.39514417e+02
 1.08079710e+02
 1.09294179e+02
 1.52964786e+02
 1.08365888e+02
 2.42165870e+01
 3.70402896e+01
 1.09034591e+02
 2.20630554e+02
 1.84606403e+02
 2.52308741e+02
 2.80962382e+02
 2.33257048e+02
 2.37455493e+02
 2.02297937e+02
 3.75321891e+01
 2.14368297e+01
 1.21104679e+02
 4.83064343e+01
 3.56231566e+01
 9.62335752e+01
 2.34897225e+02
 3.31306338e+02
 2.21556406e+02
 2.20406129e+02
 1.20459054e+02
 1.37284890e+02
 4.76746407e+01
 5.09422332e+00
 5.20364560e+00
 4.92405442e+01
 9.92402583e+01
 2.96821675e+02
 3.11501498e+02
 1.67851231e+02
 1.22772075e+02
 1.37784557e+02
 2.63043489e+02
 1.56428617e+02
 2.11767543e+02
 5.87286674e+01
 7.84003115e+00
 1.51771374e+01
 2.60692281e+01
 7.44238735e+01
 5.34809590e+01
 1.78805584e+01
 2.15615258e+02
 1.62018740e+02
 2.51930831e+02
 1.03253655e+02
 7.70539103e+01
 5.25159719e+01
 3.05761613e+00
 4.74363618e+01
 1.91623433e+02
 2.09133516e+02
 3.84108244e+02
 2.13133685e+02
 1.15154752e+02
 9.52188018e+01
 2.63281436e+02
 2.14125687e+02
 1.30301430e+02
 3.00551586e+01
 5.23079472e+00
 8.89461351e+00
 5.36731492e+01
 1.71038579e+02
 3.10182951e+02
 2.80466610e+02
 3.19916347e+02
 1.61639646e+02
 2.37983167e+02
 6.87773267e+01
 4.45274626e+01
 8.19196862e+01
 2.10691918e+00
 1.80095541e+00
 6.41426864e+01
 1.39760508e+02
 1.31967987e+02
 7.60749051e+01
 8.19443563e+01
 1.56511885e+02
 1.44104795e+02
 1.91272820e+02
 5.85516116e+01
 9.30280356e+00
 1.65832716e+01
 8.88099206e+00
 2.96486114e+01
 2.36322952e+02
 1.11616747e+02
 3.14945367e+02
 1.66662643e+02
 4.78838248e+01
 1.70458618e+02
 1.59500134e+02
 7.83142041e+01
 4.61684892e+01
 1.92789364e+01
 1.30378496e+00
 6.68946800e+01
 2.38048783e+02
 1.46531257e+02
 5.97532273e+01
 1.77527376e+02
 1.78047277e+02
 1.42098445e+02
 8.95325937e+01
 1.07776975e+02
 8.23966280e+01
 8.23178594e+00
 3.91529804e+01
 8.42093174e+00
 1.43779620e+02
 2.56121913e+02
 2.24752893e+02
 1.44069347e+02
 1.99834940e+02
 1.59234772e+02
 1.88014162e+02
 1.59892460e+02
 1.42150926e+00
 3.11030521e+01
 2.52176038e+01
 1.69561095e+01
 1.75957526e+02
 1.76692463e+02
 3.80117275e+02
 1.47292961e+02
 1.20639377e+02
 1.40546466e+02
 1.05731501e+02
 1.23755212e+02
 1.11588430e+02
 1.28812613e+01
 1.71961924e+01
 2.29358159e+02
 3.44110201e+01
 7.21827142e+01
 4.89370285e+02
 2.48565598e+02
 2.12835123e+02
 2.04579285e+02
 9.48282236e+01
 6.19922145e+01
 1.36184562e+01
 2.25673921e+01
 7.65618548e+01
 1.44017786e+02
 1.19339609e+02
 2.53228221e+02
 2.24571986e+02
 3.10011083e+02
 6.66665502e+01
 1.64636269e+02
 1.04726848e+02
 1.17294702e+02
 1.85296054e+01
 1.19344868e+01
 1.81079094e+01
 4.72014687e+01
 6.28793974e+01
 1.11570099e+02
 2.32689545e+02
 2.93319773e+02
 2.67410889e+02
 2.27435854e+02
 1.27555745e+02
 9.64312314e+01
 2.25295766e+01
 6.88966108e+00
 1.64660142e+02
 2.21742253e+02
 2.76221477e+02
 1.98228274e+02
 2.53835230e+02
 2.41413081e+02
 1.09380629e+02
 2.46763193e+01
 4.70767004e+01
 7.93894845e+01
 7.23837165e+01
 2.61823486e+01
 2.16973489e+01
 7.67194419e+01
 1.75133011e+02
 1.33829653e+02
 2.47933195e+02
 1.07433929e+02
 1.07173506e+02
 2.33751150e+02
 1.27617556e+02
 9.08452321e+01
 3.96579774e+01
 2.64715031e+01
 3.01714221e+01
 1.61030395e+02
 2.36164151e-01
 1.30992990e+02
 1.54475860e+02
 1.77391292e+02
 5.59613063e+01
 1.21138987e+02
 2.09186912e+02
 9.02510940e+01
 4.13718052e+01
 8.23293269e+00
 2.75665905e+01
 4.17644178e+01
 5.19895985e+01
 1.75883683e+02
 1.78307419e+02
 1.41487957e+02
 2.47549077e+02
 1.81261184e+02
 1.00107248e+02
 1.23688846e+02
 9.04094242e-01
 4.13034327e+00
 6.76921743e+01
 1.04233828e+02
 1.26063333e+02
 1.94806993e+02
 1.71028796e+02
 2.04797803e+02
 1.61651738e+02
 9.43187014e+01
 1.81108157e+02
 7.15402843e+01
 2.59668764e+01
 2.92363476e+01
 9.07253461e+00
 3.84603988e+01
 1.70318364e+02
 2.06665822e+02
 3.91191756e+02
 3.08377138e+02
 1.28392185e+02
 1.70583127e+02
 5.44413821e+01
 1.37366378e+02
 2.20297656e+01
 5.75710815e+00
 4.71739995e+00
 1.08643242e+02
 2.09495036e+02
 1.66070048e+02
 2.05575664e+02
 2.56076575e+02
 1.62954321e+02
 2.15312085e+02
 7.08428707e+01
 1.55144783e+02
 6.43296290e+01
 2.28508879e+01
 1.31884824e+01
 5.80733120e+01
 2.63778983e+02
 1.47448534e+02
 1.21981002e+02
 4.45757829e+01
 2.09416428e+02
 1.20746588e+02
 9.23803076e+01
 1.12441643e+02
 8.23434625e+00
 4.09094417e+01
 7.20339426e+01
 1.15953486e+02
 1.78314649e+02
 4.28613302e+01
 1.99230379e+01
 3.67082075e+02
 2.63212566e+02
 2.99108642e+02
 1.63740003e+02
 1.51253278e+02
 5.40107634e+01
 1.77369592e+01
 6.06148859e+01
 4.76820409e+01
 4.62877338e+01
 8.86618984e+01
 3.35057568e+02
 2.15240876e+02
 1.84084497e+02
 8.80578645e+01
 1.89110282e+02
 6.56352823e+01
 7.58261955e+00
 7.24297838e+00
 1.19391593e+02
 1.15252032e+01
 1.61964563e+02
 1.75962496e+02
 3.34765405e+02
 5.58058945e+02
 1.35981127e+02
 9.71765666e+01
 9.53734643e+01
 1.17615785e+02
 6.04270023e+01
 1.97426077e+01
 1.42188175e+01
 9.55228958e+01
 3.15707404e+02
 2.58796160e+02
 1.13467117e+02
 5.73652208e+01
 6.99920405e+00
 3.54392493e+01
 1.75420009e+02
 5.96115793e+01
 3.78911055e+01
 6.16284285e+01
 2.74160268e+01
 4.53841882e+01
 6.63525646e+01
 7.59442169e+01
 7.33059877e+01
 1.70061065e+02
 1.20933920e+02
 7.63236977e+01
 1.51556737e+02
 1.48609868e+02
 5.46550624e+01
 2.19987954e+01
 7.51796055e+01
 3.65253068e+01
 1.36774568e+02
 1.35607923e+02
 2.38028808e+02
 8.62610194e+01
 1.18786344e+02
 1.56583430e+02
 1.96737429e+02
 8.53084788e+01
 4.12875137e+01
 1.31314924e+01
 8.80599010e+01
 5.13911336e+01
 2.11132198e+02
 1.43817821e+02
 1.59945526e+02
 1.12612621e+02
 1.64278414e+02
 2.15207629e+02
 1.17059291e+02
 3.15674396e+01
 2.07473886e+01
 5.64264680e+01
 5.18611378e+00
 2.06155811e+02
 1.35216061e+02
 2.99885085e+02
 1.99259959e+02
 3.27208495e+02
 1.67523078e+02
 1.44283539e+02
 3.40743003e+01
 3.86830729e+01
 3.17224064e+01
 8.12937178e+01
 5.36729070e+01
 1.07911181e+02
 1.68754945e+02
 2.34403093e+02
 1.40362091e+02
 2.93819365e+02
 1.51917729e+02
 5.72747676e+01
 1.11080851e+02
 5.35890212e+01
 8.83705413e+01
 9.95695206e+00
 2.19834024e+01
 7.07258300e+01
 1.80913344e+02
 1.43295711e+02
 2.01134561e+02
 3.25530170e+01
 1.75196686e+02
 1.54388642e+02
 1.12915237e+02
 1.41041966e+02
 7.63059238e+01
 9.07833942e-01
 5.99635044e+00
 9.86410895e+01
 3.01373085e+01
 1.37026659e+02
 1.28745261e+02
 3.81007250e+02
 2.54531560e+01
 2.08084773e+02
 1.03660091e+02
 2.55303392e+02
 6.47128732e+01
 3.34852585e+01
 7.06821043e+01
 2.93091632e+01
 2.49139064e+01
 1.72011816e+02
 1.99145192e+01
 5.80871169e+01
 6.27042308e+01
 1.05524317e+02
 1.03724684e+02
 6.72001236e+01
 4.31331820e+01
 8.67397853e+00
 4.27910593e+01
 1.16402365e+02
 1.16676252e+02
 2.95169454e+01
 9.48736883e+01
 2.24784931e+02
 2.08485283e+02
 2.12859802e+02
 1.03924036e+02
 1.49271190e+02
 4.04207694e+01
 6.81457703e+01
 1.16292477e+02
 1.09114290e+02
 1.30220633e+02
 2.07276033e+02
 7.94879424e+01
 1.59676622e+02
 2.13614509e+01
 9.40926707e+01
 9.84434820e+01
 4.35793945e+01
 3.01944156e+01
 5.47929438e+00
 1.97056915e+01
 6.00879879e+01
 1.63460349e+02
 2.25568273e+02
 2.63597667e+02
 1.17496275e+02
 8.18119770e+01
 2.14163038e+02
 2.51357172e+02
 1.10471502e+02
 6.60612977e+01
 8.69612595e+01
 2.48650027e+00
 8.56354268e+01
 2.86729522e+02
 1.14141967e+02
 3.50273740e+02
 1.56303515e+02
 2.19205321e+02
 1.46987079e+02
 7.44064169e+01
 1.25966653e+02
 7.36582550e+01
 2.46407295e+01
 8.32679384e+00
 6.52612870e+01
 5.09856537e+01
 1.84019709e+02
 4.04831589e+02
 1.21528181e+02
 2.15244027e+02
 1.52578788e+02
 1.25171705e+02
 8.26476256e+00
 1.19405836e+01
 1.04792309e+01
 6.02094737e+01
 1.60107821e+00
 4.23352611e+01
 1.32773816e+02
 2.06801688e+02
 4.07115393e+01
 2.04777757e+02
 7.03320037e+01
 1.28349777e+02
 8.80643832e+01
 2.49318236e+00
 7.03764459e+01
 2.29443382e+00
 1.33582738e+02
 1.56544678e+02
 1.32478102e+02
 1.13867867e+02
 3.01500940e+02
 2.33280776e+02
 3.08172514e+02
 1.50114511e+02
 1.71333665e+02
 1.21317660e+02
 9.04406884e+00
 2.25965972e+01
 5.35912905e+01
 1.03509363e+02
 2.37476439e+02
 1.89732585e+02
 1.47730787e+02
 8.19030146e+01
 6.39043989e+01
 4.91987279e+01
 2.71028705e+01
 9.08834876e+00
 1.33009289e+01
 6.26993338e+01
 7.18269150e+01
 2.18455253e+02
 1.11550334e+02
 2.38861293e+02
 2.72016587e+02
 9.61681039e+01
 1.28467343e+02
 8.73879067e+01
 7.27708444e+01
 1.33039529e+01
 4.03174643e+01
 6.35742491e+01
 2.03518887e+02
 2.74840855e+02
 2.65983262e+02
 3.12670249e+02
 2.14783981e+02
 1.83267782e+02
 2.11955679e+02
 9.58813730e+01
 1.34765909e+02
 1.77041947e+01
 4.21700485e+00
 4.49105367e+01
 7.44811280e+01
 1.24898607e+02
 1.47853783e+02
 4.15940232e+01
 2.32755804e+02
 3.18531294e+02
 1.50615126e+02
 1.15890081e+02
 7.66520888e+01
 2.00220606e+01
 1.84837584e+01
 7.90275426e+00
 6.42103771e+01
 1.00136510e+02
 1.97097830e+02
 9.20946420e+01
 1.52612912e+02
 1.40445099e+02
 1.43355855e+02
 1.42060306e+02
 2.81838871e+02
 5.46524551e+01
 3.23225276e-01
 3.75685828e+01
 5.79040500e+01
 1.82482824e+02
 1.57321265e+02
 2.79211743e+02
 1.19669120e+02
 1.87577121e+02
 2.11292807e+01
 1.48167846e+02
 7.68403713e+01
 7.11209084e+01
 6.62717920e+01
 6.41334453e+00
 3.84199033e+01
 2.33799909e+02
 1.27127649e+02
 1.45165396e+02
 2.85041439e+02
 2.37500097e+02
 1.43813656e+02
 1.07139205e+02
 5.73870619e+01
 1.71843905e+01
 6.48512830e+01
 9.78153637e+00
 1.03642628e+02
 1.74158401e+02
 1.74626071e+02
 2.11339919e+02
 2.39465867e+02
 1.91190300e+02
 1.08766318e+02
 1.47047077e+02
 1.09775880e+02
 4.80284576e+01
 7.52109177e+00
 1.39163272e+01
 2.02955900e+02
 1.42680676e+02
 2.04946176e+02
 1.59936006e+02
 1.54325803e+02
 2.42981993e+02
 2.65287777e+02
 2.91687672e+02
 2.01630041e+02
 2.94577296e+01
 7.20954685e+00
 1.18111528e+02
 9.19620747e+01
 1.25235719e+02
 7.97083316e+01
 1.45523653e+02
 3.93090699e+02
 1.23975377e+02
 1.53858697e+02
 1.55900869e+02
 1.14187605e+02
 1.54717166e+01
 1.41239211e+01
 1.47752209e+01
 1.05772586e+02
 4.55741737e+01
 2.86202336e+02
 1.54667533e+02
 2.68089088e+02
 9.43713185e+01
 2.75341051e+02
 1.63692345e+02
 1.82531485e+02
 3.62053143e+01
 1.48219761e+01
 7.54510516e+00
 8.24256807e+01
 1.04275267e+02
 1.40936141e+02
 2.31457519e+02
 2.85287883e+02
 2.64198599e+01
 1.07450601e+02
 1.15048137e+02
 9.56322265e+01
 2.23903150e+01
 1.68714152e+01
 5.27101694e+01
 1.47439529e+02
 2.84068192e+02
 1.22716283e+02
 2.56498352e+02
 1.68392879e+02
 2.84490423e+02
 1.72910569e+02
 1.01749495e+02
 1.66438912e+01
 3.45441298e+01
 3.53593854e+01
 1.78611557e+01
 4.08951086e+01
 1.97658110e+02
 1.97020129e+02
 2.37989715e+02
 1.40315203e+02
 1.78872194e+02
 2.36011632e+02
 1.28300121e+02
 6.81909092e+01
 1.07949553e+01
 7.07843087e+00
 8.14577477e+01
 6.31083915e+01
 2.24795221e+02
 2.91896538e+02
 5.14169215e+01
 3.63617863e+02
 1.09874312e+02
 1.95753009e+02
 9.54121258e+01
 3.58499890e+01
 2.13722438e+01
 1.96601104e+01
 7.00649119e+01
 6.88575776e+01
 1.16789818e+02
 3.11657426e+02
 8.95454265e+01
 2.97439968e+02
 6.15833400e+01
 1.03691974e+02
 2.52500163e+01
 9.42940394e+01
 1.65652560e+02
 3.71874380e+01
 1.30880806e+01
 7.60292923e+00
 1.05877272e+02
 2.61619319e+02
 3.21356212e+02
 3.98489828e+02
 1.36538090e+02
 1.24040515e+02
 8.86270370e+01
 1.12000797e+02
 9.63567931e+00
 8.84076289e+00
 9.14429828e+00
 1.79796852e+00
 1.91804795e+02
 2.42790306e+02
 1.52776026e+02
 4.22722283e+02
 1.78010207e+02
 1.99192531e+02
 1.35746312e+02
 2.02696818e+01
 1.58235058e+01
 5.41648480e+00
 4.06950160e+01
 3.80718670e+01
 5.13817361e+01
 5.63123643e+02
 4.69666083e+02
 1.99621148e+02
 3.27847291e+02
 2.05198514e+02
 9.46748976e+01
 4.46526335e+01
 5.14585827e+00
 4.17776726e+01
 1.17508289e+01
 8.52501222e+01
 1.23855039e+02
 1.57780441e+02
 2.50622899e+02
 1.78610963e+02
 2.79925099e+02
 1.23044955e+02
 2.82548841e+02
 9.97365979e+01
 1.91097275e+01
 1.08863458e+01
 5.70295462e+01
 1.07775045e+02
 1.30076744e+02
 3.30822625e+02
 4.26271970e+02
 1.19672687e+02
 1.76225980e+02
 7.93203657e+01
 1.16260930e+02
 9.20960938e+01
 5.20722177e+01
 4.87689522e+00
 3.83314054e+00
 6.39062806e+01
 2.26308185e+02
 2.40219804e+02
 2.46334483e+02
 1.21535430e+02
 1.07671009e+02
 1.08421850e+02
 1.49391672e+02
 1.08564599e+02
 1.38079637e+01
 2.62327054e+01
 3.36574124e+01
 1.57733543e+01
 7.92026002e+01
 1.93322239e+02
 8.76199416e+01
 2.60667034e+02
 1.36183172e+02
 1.32651381e+02
 1.25691910e+02
 1.16893533e+02
 4.18835189e+01
 1.99312910e+01
 3.54108597e+00
 1.89447017e+01
 5.77749690e+01
 2.83305739e+02
 7.78554340e+01
 2.04411299e+02
 2.13377019e+02
 1.45668019e+02
 1.86420968e+02
 1.87328984e+02
 2.98996049e+01
 2.80027352e+01
 7.94626811e+01
 7.75604627e-01
 8.63706195e+01
 1.89904051e+02
 1.76212175e+02
 4.62720976e+02
 2.40461880e+02
 2.67916074e+02
 7.62745325e+01
 8.04636735e+01
 1.58549596e+01
 1.44305307e+01
 2.89010043e+01
 8.16359954e+01
 1.03036532e+01
 3.75956395e+02
 2.21807663e+02
 1.65464000e+02
 1.58527683e+02
 3.12354526e+02
 1.03911872e+02
 7.92396077e+01
 2.13550983e+01
 6.37172198e+00
 7.95567835e+01
 7.59304779e+01
 2.91519654e+02
 2.07469850e+02
 1.92439848e+02
 3.09817646e+02
 3.66451634e+01
 9.96265496e+01
 1.76129137e+02
 9.78055589e+01
 3.53142934e+01
 5.28666623e+01
 1.81118313e+01
 1.09197856e+02
 1.00215631e+02
 2.05425428e+02
 1.25902840e+02
