 -1.42349854e+00
 3.72640381e+00
 4.66011963e+00
 9.63463745e+00
 1.66413818e+01
 1.99150940e+01
 1.74292236e+01
 2.08538147e+01
 1.80670715e+01
 1.00440918e+01
 3.39870605e+00
 -2.61328125e-01
 1.85042725e+00
 1.26088867e+00
 4.70403442e+00
 1.44562622e+01
 1.59087769e+01
 1.57590576e+01
 1.97582031e+01
 2.12298523e+01
 1.55912109e+01
 9.24987183e+00
 2.85332642e+00
 -4.67175903e+00
 -2.35559692e+00
 3.26159058e+00
 5.99910889e+00
 1.03113342e+01
 1.30233398e+01
 2.18309570e+01
 2.40921570e+01
 2.47587830e+01
 1.47671143e+01
 7.79937134e+00
 2.86428223e+00
 9.86077881e-01
 8.28942871e-01
 1.87880859e+00
 6.16582642e+00
 8.61843262e+00
 1.48610779e+01
 1.79628540e+01
 2.10622192e+01
 2.26171509e+01
 1.75366760e+01
 1.16907288e+01
 8.08596191e+00
 1.84356079e+00
 1.58868408e-01
 3.25570068e+00
 6.37655029e+00
 1.41983887e+01
 1.25950562e+01
 1.79097229e+01
 1.99766174e+01
 1.93569580e+01
 1.50953003e+01
 8.29570923e+00
 4.04293213e+00
 -1.79510498e-01
 -1.38797607e+00
 2.80910645e+00
 1.02886902e+01
 1.18392273e+01
 1.54576965e+01
 1.81594482e+01
 2.05418945e+01
 2.04928528e+01
 1.55441528e+01
 8.74584351e+00
 8.35665283e+00
 7.72119141e-01
 1.53133545e+00
 1.20070801e+00
 5.08593140e+00
 9.51131592e+00
 1.55919434e+01
 1.70967346e+01
 2.19843994e+01
 1.82243286e+01
 1.44333740e+01
 1.08008362e+01
 5.26113281e+00
 1.93169556e+00
 -1.30008545e+00
 2.24172363e+00
 7.28872070e+00
 9.33300171e+00
 1.58013245e+01
 1.87477966e+01
 2.38620850e+01
 1.96719299e+01
 1.63438049e+01
 1.11917358e+01
 6.85531006e+00
 5.01641846e-01
 1.29854736e+00
 5.32662354e+00
 1.07900391e+00
 8.31334839e+00
 1.17299133e+01
 1.56318604e+01
 2.01530701e+01
 1.91374146e+01
 1.36355225e+01
 1.08457886e+01
 6.18456421e+00
 2.42858276e+00
 2.86080322e+00
 5.64724121e+00
 8.39898071e+00
 1.03967834e+01
 1.37095276e+01
 1.89616638e+01
 1.92173401e+01
 1.95419250e+01
 1.33759399e+01
 8.66689453e+00
 3.78688965e+00
 4.09871826e+00
 1.74682007e+00
 3.99764404e+00
 4.96990356e+00
 1.17767273e+01
 1.66809937e+01
 1.91184326e+01
 2.02164246e+01
 1.73037964e+01
 1.61757141e+01
 1.01204163e+01
 6.50792847e+00
 1.08574829e+00
 1.06829224e+00
 5.93590698e+00
 6.70064697e+00
 9.98134766e+00
 1.26255737e+01
 1.61343628e+01
 2.28001953e+01
 2.07430664e+01
 1.53521667e+01
 1.11786743e+01
 4.68605957e+00
 1.18920288e+00
 -1.20092773e-01
 2.45891724e+00
 7.46297607e+00
 9.17525635e+00
 1.45877930e+01
 1.73030334e+01
 2.29461914e+01
 1.90571228e+01
 1.40349365e+01
 1.13792664e+01
 2.86824951e+00
 -3.84885254e+00
 1.51885376e+00
 -2.45886230e-01
 9.65487061e+00
 1.01138550e+01
 1.81878296e+01
 1.87517029e+01
 2.59182678e+01
 2.28605591e+01
 1.49627930e+01
 9.55574951e+00
 7.89434204e+00
 -1.79479980e-01
 -8.42077637e-01
 4.22075806e+00
 5.58529053e+00
 1.37585999e+01
 1.52886597e+01
 1.67750488e+01
 1.85513550e+01
 2.10491272e+01
 1.53022400e+01
 1.13234802e+01
 6.20650635e+00
 4.40471802e+00
 -1.50504150e+00
 1.06331787e+00
 4.36696777e+00
 1.00115295e+01
 1.29493958e+01
 1.73297363e+01
 2.27301880e+01
 1.91940857e+01
 1.44822937e+01
 1.26984192e+01
 4.43044434e+00
 2.36623535e+00
 -2.83188477e+00
 -5.31241455e+00
 -1.42832031e+00
 7.38314209e+00
 1.67383972e+01
 1.50339294e+01
 2.35203491e+01
 2.59290710e+01
 1.88142029e+01
 1.15334106e+01
 3.66265259e+00
 1.68541870e+00
 2.73950195e-01
 2.38182983e+00
 5.27568970e+00
 8.31102905e+00
 1.34800659e+01
 1.88391968e+01
 2.31698547e+01
 1.76668945e+01
 1.62920166e+01
 1.13134399e+01
 4.32851563e+00
 1.06023560e+00
 -8.08630371e-01
 5.47982178e+00
 3.44677124e+00
 1.03325439e+01
 1.33030945e+01
 1.92778259e+01
 2.56690918e+01
 2.45181519e+01
 1.65551697e+01
 1.06898743e+01
 3.02959595e+00
 7.92077637e-01
 1.54079590e+00
 5.38250122e+00
 8.14122925e+00
 1.17458130e+01
 1.32720581e+01
 1.82240540e+01
 2.10104309e+01
 2.04317566e+01
 1.58492371e+01
 8.35799561e+00
 5.47350464e+00
 -4.16309204e+00
 -1.79236450e+00
 3.82036743e+00
 4.62426147e+00
 1.02996155e+01
 1.26701599e+01
 1.55635315e+01
 2.19767090e+01
 2.28697754e+01
 1.44662720e+01
 1.09266602e+01
 5.88823853e+00
 -2.95999756e+00
 8.89337158e-01
 -6.11279907e+00
 7.52828369e+00
 1.19787231e+01
 1.63142029e+01
 2.03041626e+01
 2.34422546e+01
 2.35812317e+01
 1.87693115e+01
 1.07809692e+01
 8.89333496e+00
 3.42397461e+00
 4.20702515e+00
 2.56206665e+00
 7.34459839e+00
 9.95125732e+00
 1.35696960e+01
 1.88880859e+01
 2.45924927e+01
 2.26151062e+01
 1.59898315e+01
 1.01479736e+01
 4.43627319e+00
 3.23705444e+00
 3.62221680e+00
 1.31386719e+00
 2.06142578e+00
 6.49126587e+00
 1.12585693e+01
 1.53891846e+01
 2.10255371e+01
 1.92261597e+01
 1.42731567e+01
 1.06501099e+01
 5.27608643e+00
 2.69628296e+00
 3.72789917e+00
 4.56145630e+00
 4.02446899e+00
 1.40606323e+01
 1.24689880e+01
 1.59529968e+01
 2.05767151e+01
 1.90386902e+01
 1.73542725e+01
 9.01192627e+00
 7.54152832e+00
 -4.35583496e-01
 -2.30527344e+00
 1.51159058e+00
 5.07930908e+00
 1.24723450e+01
 1.21198059e+01
 1.66839844e+01
 2.10878845e+01
 2.00878540e+01
 1.65700928e+01
 1.06606995e+01
 4.47265015e+00
 2.22500000e+00
 3.14752197e-01
 -2.07556152e-01
 6.29409180e+00
 1.19543091e+01
 1.29635864e+01
 1.83847290e+01
 2.23869263e+01
 2.21645447e+01
 1.69067627e+01
 9.96929321e+00
 3.30034790e+00
 1.85765991e+00
 5.93774414e-01
 3.89473877e+00
 4.21480713e+00
 9.71724854e+00
 1.61177002e+01
 1.94699646e+01
 1.92772156e+01
 2.35512024e+01
 1.50371643e+01
 5.52617798e+00
 7.60775146e+00
 2.00670776e+00
 9.34655762e-01
 2.30043945e+00
 7.08980713e+00
 1.01020447e+01
 1.65901123e+01
 1.85081116e+01
 2.88007141e+01
 2.13075806e+01
 1.59835754e+01
 9.72820435e+00
 6.20098267e+00
 4.27639160e+00
 3.17962036e+00
 -1.32514038e+00
 2.83962402e+00
 1.15661255e+01
 1.45483032e+01
 2.08207947e+01
 1.94717957e+01
 1.87922607e+01
 1.70557190e+01
 1.00116516e+01
 6.41979370e+00
 5.16317139e+00
 4.60759888e+00
 5.70028076e+00
 9.61638794e+00
 1.10145508e+01
 1.56682678e+01
 1.84373108e+01
 1.85324341e+01
 1.86213013e+01
 1.77318970e+01
 9.11605225e+00
 6.93697510e+00
 3.39144287e+00
 2.21541748e+00
 1.63494263e+00
 3.60415039e+00
 6.67009888e+00
 1.42467896e+01
 1.90247742e+01
 2.48267456e+01
 2.39139343e+01
 1.82469116e+01
 1.30485779e+01
 8.90816650e+00
 6.71197510e-01
 9.73260498e-01
 1.50890503e+00
 4.02703247e+00
 1.19896484e+01
 1.47257935e+01
 1.70931335e+01
 2.28978516e+01
 2.22487732e+01
 2.10990234e+01
 8.52825317e+00
 3.30272827e+00
 -4.33252563e+00
 5.84558105e-01
 1.50335083e+00
 5.83941040e+00
 1.20537964e+01
 1.57779175e+01
 1.75418945e+01
 2.44060303e+01
 2.05032288e+01
 1.46485840e+01
 1.22147766e+01
 8.67162476e+00
 3.92755127e-01
 -2.61142578e+00
 4.92639160e-01
 6.25100098e+00
 1.28121277e+01
 1.53202148e+01
 2.05257202e+01
 2.27601257e+01
 2.07065979e+01
 1.53696228e+01
 1.30422607e+01
 3.96386108e+00
 3.68807373e+00
 4.60720215e+00
 4.72197876e+00
 8.75045166e+00
 9.21495972e+00
 1.69903198e+01
 1.50997559e+01
 2.17595154e+01
 2.16059814e+01
 1.73038879e+01
 8.12896118e+00
 2.69234619e+00
 3.99834595e+00
 2.39293823e+00
 4.71166382e+00
 7.00582275e+00
 1.44241272e+01
 1.54374939e+01
 1.62705627e+01
 2.10210815e+01
 2.20750061e+01
 1.84196106e+01
 1.14380127e+01
 6.30346069e+00
 3.77474365e+00
 2.12743530e+00
 7.88110352e-01
 5.66097412e+00
 1.15306030e+01
 1.43079163e+01
 1.83209778e+01
 2.25276428e+01
 2.46555725e+01
 1.51071106e+01
 1.00854736e+01
 4.89568481e+00
 -6.87316895e-02
 1.40749512e+00
 1.54430542e+00
 4.97573242e+00
 1.11062256e+01
 1.26418091e+01
 1.79224487e+01
 2.04632813e+01
 1.97833801e+01
 1.91916443e+01
 1.30508667e+01
 6.53072510e+00
 -1.28635254e+00
 4.37768555e-01
 1.62590942e+00
 8.53045044e+00
 9.75451050e+00
 1.64668823e+01
 1.82988831e+01
 1.84468018e+01
 1.55116211e+01
 1.71149841e+01
 1.27693420e+01
 7.51296387e+00
 3.84362183e+00
 -2.25455322e+00
 3.44594727e+00
 8.97951660e+00
 1.40992676e+01
 1.67475525e+01
 1.93748108e+01
 2.14496704e+01
 2.15740601e+01
 1.36165405e+01
 9.51098022e+00
 4.66045532e+00
 2.88332520e+00
 5.14199219e+00
 4.34639893e+00
 6.29522095e+00
 1.02293945e+01
 1.53123413e+01
 1.92829529e+01
 2.02410217e+01
 2.17336365e+01
 1.77063843e+01
 1.40272461e+01
 2.72173462e+00
 6.66748047e-02
 9.62670898e-01
 5.41253662e-01
 8.13549194e+00
 1.24987732e+01
 1.65562378e+01
 1.97134949e+01
 2.15400940e+01
 2.22268005e+01
 1.46696106e+01
 7.14724121e+00
 5.75820313e+00
 5.01473389e+00
 8.70660400e-01
 4.79314575e+00
 5.01577148e+00
 9.42772827e+00
 1.24320618e+01
 1.82356812e+01
 2.51588989e+01
 2.43734680e+01
 1.81457153e+01
 1.04139038e+01
 5.56112061e+00
 1.97890625e+00
 3.59041748e+00
 2.77700195e+00
 4.43938599e+00
 1.25822388e+01
 1.57318665e+01
 1.82693726e+01
 2.12897278e+01
 2.18712402e+01
 1.67268005e+01
 9.72530518e+00
 3.75478516e+00
 4.12847290e+00
 -1.23749390e+00
 4.75267944e+00
 8.18609009e+00
 1.31526123e+01
 1.63663269e+01
 1.83062073e+01
 2.33024841e+01
 2.33607422e+01
 1.82408386e+01
 1.31538025e+01
 4.97814331e+00
 -4.94165649e+00
 -1.77567139e+00
 6.75078735e+00
 8.40819702e+00
 1.33776794e+01
 1.51686951e+01
 1.69998413e+01
 2.33072449e+01
 2.42434326e+01
 1.54298645e+01
 1.23408447e+01
 7.11681519e+00
 -2.22753906e-01
 2.72512207e+00
 4.24660645e+00
 6.86965332e+00
 1.24384094e+01
 1.58517700e+01
 1.90696960e+01
 2.37382446e+01
 2.76870056e+01
 1.75128723e+01
 1.09115540e+01
 8.59545288e+00
 8.18994141e-01
 4.73229370e+00
 4.89064941e+00
 5.79833374e+00
 1.06059509e+01
 1.42190491e+01
 1.66258484e+01
 2.22224670e+01
 2.52996460e+01
 1.54374939e+01
 1.22715698e+01
 5.74166260e+00
 6.83190918e-01
 2.78225098e+00
 3.43721924e+00
 5.13421021e+00
 1.20721069e+01
 1.65028931e+01
 2.13609253e+01
 2.09074341e+01
 2.16618896e+01
 1.70559631e+01
 9.86107788e+00
 7.14476929e+00
 2.45565186e+00
 1.66039429e+00
 3.06664429e+00
 7.37758789e+00
 9.60646973e+00
 1.54376160e+01
 1.75300842e+01
 2.17054382e+01
 2.00071655e+01
 1.64298950e+01
 1.16680542e+01
 6.06542358e+00
 3.52716064e-01
 2.26699219e+00
 2.40117798e+00
 5.45961914e+00
 1.02541138e+01
 1.32100769e+01
 1.85494629e+01
 1.76243835e+01
 1.73264709e+01
 1.65923706e+01
 1.31449829e+01
 5.40020142e+00
 1.42409668e+00
 -1.08182373e+00
 8.27935791e-01
 6.01815186e+00
 1.00696350e+01
 1.48748413e+01
 2.00539185e+01
 2.38574463e+01
 2.23387695e+01
 1.52625977e+01
 9.64269409e+00
 3.51168213e+00
 4.06579590e-01
 2.48534546e+00
 6.63808594e+00
 5.95229492e+00
 1.32758118e+01
 1.64879700e+01
 2.40307251e+01
 2.63359009e+01
 2.12243591e+01
 1.63491455e+01
 7.49739990e+00
 5.45528564e+00
 3.23583374e+00
 3.69991455e+00
 3.78157959e+00
 7.02504883e+00
 1.20606323e+01
 1.70942017e+01
 1.88632751e+01
 2.07311035e+01
 2.26887146e+01
 1.95179688e+01
 1.36836182e+01
 4.45150146e+00
 5.61809692e+00
 3.10097656e+00
 5.44552002e+00
 3.53597412e+00
 9.20763550e+00
 1.65071045e+01
 1.91424500e+01
 1.96426941e+01
 2.18861633e+01
 1.35272766e+01
 1.18450256e+01
 4.69948730e+00
 -6.43286133e-01
 6.89202881e-01
 1.56566772e+00
 7.30166016e+00
 1.05250183e+01
 1.64896179e+01
 2.23662354e+01
 2.55548950e+01
 2.16660706e+01
 1.80902649e+01
 1.24978882e+01
 5.85729370e+00
 1.31841431e+00
 -1.54505005e+00
 4.30855713e+00
 1.09872681e+01
 1.17509705e+01
 1.49919983e+01
 1.89726807e+01
 2.43050476e+01
 2.07366272e+01
 2.00203491e+01
 1.08728577e+01
 3.15624390e+00
 1.83504639e+00
 1.57961426e+00
 -1.50601807e+00
 4.89403687e+00
 8.27822266e+00
 1.40474182e+01
 1.70524536e+01
 1.96780640e+01
 1.94117371e+01
 1.59940735e+01
 1.06921021e+01
 6.18410645e+00
 1.03893433e+00
 -2.82059326e+00
 -1.33673706e+00
 3.12310791e-01
 7.90419922e+00
 1.17312561e+01
 1.72242981e+01
 2.11404663e+01
 2.33377930e+01
 1.90237366e+01
 1.37785278e+01
 1.04500671e+01
 6.68489990e+00
 2.67217407e+00
 2.67373047e+00
 3.46169434e+00
 1.15054260e+01
 1.64109741e+01
 1.67162109e+01
 2.07051636e+01
 2.12209717e+01
 1.87308594e+01
 1.36552368e+01
 5.71181641e+00
 3.45614014e+00
 3.05541382e+00
 3.01708374e+00
 7.53975830e+00
 1.01721130e+01
 1.32439514e+01
 1.77716614e+01
 2.48039185e+01
 2.42570740e+01
 2.05053650e+01
 1.46422058e+01
 5.94069824e+00
 5.84755859e+00
 3.47869263e+00
 3.44375000e+00
 4.97084961e+00
 9.48333130e+00
 1.64967590e+01
 1.75263916e+01
 2.16735168e+01
 2.17167908e+01
 1.62480713e+01
 1.24188782e+01
 6.86559448e+00
 6.05935059e+00
 5.91433105e+00
 5.52376709e+00
 5.40380249e+00
 1.03312317e+01
 1.49960266e+01
 1.88094727e+01
 2.08417297e+01
 1.99070984e+01
 1.90295959e+01
 1.33119446e+01
 8.15184937e+00
 2.17025146e+00
 3.39415894e+00
 3.81801758e+00
 6.19939575e+00
 1.02354675e+01
 1.56423889e+01
 1.95175110e+01
 2.50509888e+01
 2.39419495e+01
 1.83627258e+01
 1.52576233e+01
 7.03048096e+00
 2.85000000e+00
 -1.93079224e+00
 2.67818604e+00
 8.17342529e+00
 1.24713684e+01
 1.86046692e+01
 1.86147400e+01
 2.45017639e+01
 2.25764709e+01
 1.82055908e+01
 7.67650757e+00
 8.62963257e+00
 4.89855347e+00
 5.06804810e+00
 4.08196411e+00
 9.32991943e+00
 1.10679565e+01
 1.61268860e+01
 2.02933899e+01
 2.11052795e+01
 2.18612000e+01
 1.76337524e+01
 1.46265808e+01
 5.93724976e+00
 3.88720093e+00
 1.39989624e+00
 3.64922485e+00
 8.51360474e+00
 1.16686951e+01
 1.51067444e+01
 1.66366821e+01
 1.89454895e+01
 2.22150208e+01
 1.72307373e+01
 1.15118042e+01
 6.93920288e+00
 3.77306519e+00
 1.73626099e+00
 6.55672607e+00
 8.20235596e+00
 1.13804871e+01
 1.54233948e+01
 1.93551880e+01
 2.46614624e+01
 2.35135437e+01
 1.94193970e+01
 8.44454346e+00
 4.54912720e+00
 3.20699463e+00
 2.54281006e+00
 4.52672729e+00
 6.10067139e+00
 1.09771057e+01
 1.28948608e+01
 1.92998596e+01
 2.51124207e+01
 2.33007446e+01
 1.61460510e+01
 9.75829468e+00
 7.67376099e+00
 4.62352905e+00
 3.82100830e+00
 4.17519531e+00
 9.19286499e+00
 1.39873901e+01
 1.89131714e+01
 1.97267090e+01
 2.31340881e+01
 2.30407349e+01
 1.92929932e+01
 1.45960632e+01
 6.27282104e+00
 2.73784790e+00
 6.22399902e-01
 3.43413696e+00
 6.39791260e+00
 1.30127197e+01
 1.56742188e+01
 2.07034546e+01
 2.70038391e+01
 2.22705322e+01
 1.91913086e+01
 1.03642517e+01
 5.68636475e+00
 6.74498901e+00
 4.61809692e+00
 3.24468384e+00
 6.20049438e+00
 1.31909729e+01
 1.42606750e+01
 1.94485718e+01
 2.54226929e+01
 2.23416992e+01
 1.66317078e+01
 1.48226563e+01
 5.48079834e+00
 4.74065552e+00
 3.11998901e+00
 4.75682983e+00
 6.62047729e+00
 8.79287109e+00
 1.39363647e+01
 1.96250854e+01
 2.33105713e+01
 2.58793274e+01
 1.63042847e+01
 1.34808289e+01
 5.61889038e+00
 3.63375244e+00
 3.55187378e+00
 6.36647949e+00
 9.19591675e+00
 1.06172424e+01
 1.29732605e+01
 2.01499268e+01
 2.22551208e+01
 2.27499329e+01
 1.99754578e+01
 1.16122681e+01
 8.70110474e+00
 5.30651245e+00
 4.64656982e+00
 4.08657227e+00
 7.08703003e+00
 9.83614502e+00
 1.76181885e+01
 1.80794617e+01
 2.34480225e+01
 2.31503540e+01
 1.85054565e+01
 1.09496094e+01
 9.42434082e+00
 3.04088745e+00
 2.00634155e+00
 5.50225830e-01
 7.39580688e+00
 1.29484497e+01
 1.53294922e+01
 1.95528503e+01
 2.00160767e+01
 2.32440430e+01
 1.69751526e+01
 1.24765869e+01
 5.48250732e+00
 -1.46948242e-01
 -2.01157227e+00
 -1.51983643e-01
 6.80132446e+00
 1.38907104e+01
 1.69284912e+01
 2.17897583e+01
 2.23059631e+01
 2.23272034e+01
 1.76772095e+01
 1.00995422e+01
 8.33867798e+00
 4.72393188e+00
 2.79946289e+00
 4.15532837e+00
 6.09325562e+00
 9.22460327e+00
 1.66221252e+01
 2.01518799e+01
 2.33926941e+01
 2.04292236e+01
 1.73630615e+01
 8.66143188e+00
 6.36086426e+00
 4.05721436e+00
 4.28197632e+00
 6.91604004e+00
 7.98137817e+00
 1.07466980e+01
 1.55726563e+01
 2.17928101e+01
 2.07219482e+01
 2.26058289e+01
 1.72652527e+01
 1.38842407e+01
 8.82259521e+00
 3.64199219e+00
 4.16341553e+00
 7.53789673e+00
 9.72734985e+00
 1.22936035e+01
 1.52140747e+01
 2.05969482e+01
 2.50125366e+01
 2.32705627e+01
 1.80312439e+01
 1.56135803e+01
 6.48922119e+00
 3.24550781e+00
 4.81725464e+00
 8.51854858e+00
 1.06930176e+01
 1.21413513e+01
 1.56637817e+01
 2.12472168e+01
 2.48168274e+01
 2.21801697e+01
 1.55931030e+01
 1.03385559e+01
 6.96572266e+00
 5.48311768e+00
 -2.60839844e-01
 1.15102539e+00
 8.02745972e+00
 1.33277527e+01
 1.44419495e+01
 2.05839172e+01
 2.48490234e+01
 2.10689331e+01
 1.85404907e+01
 1.40334717e+01
 6.95449219e+00
 4.75139771e+00
 -1.44449463e+00
 1.81322632e+00
 1.03052917e+01
 1.14818665e+01
 1.56255737e+01
 2.07667175e+01
 2.21610046e+01
 2.14764648e+01
 1.89495789e+01
 1.25027100e+01
 6.42666016e+00
 1.32912598e+00
 2.09514771e+00
 1.45287476e+00
 8.04268799e+00
 1.26935974e+01
 1.71989075e+01
 2.14934021e+01
 2.79734131e+01
 2.33259216e+01
 1.65059448e+01
 8.14434204e+00
 6.66384277e+00
 6.15548096e+00
 5.18425903e+00
 6.55477295e+00
 1.06674438e+01
 1.40689331e+01
 1.85432373e+01
 2.19959351e+01
 2.44856812e+01
 2.58816467e+01
 1.85432678e+01
 1.44408813e+01
 9.52150879e+00
 3.32946167e+00
 3.45821533e+00
 3.68126831e+00
 9.26650391e+00
 1.17843567e+01
 1.70584351e+01
 2.10598694e+01
 2.48015991e+01
 2.58756653e+01
 2.00541321e+01
 1.22510925e+01
 5.79250488e+00
 3.30104980e+00
 1.97905884e+00
 2.30593262e+00
 6.90792236e+00
 1.10987793e+01
 1.47759644e+01
 1.87812744e+01
 1.94295593e+01
 2.26626526e+01
 1.79936157e+01
 1.37520996e+01
 1.11601196e+01
 6.59020386e+00
 3.05620728e+00
 4.33550415e+00
 6.31670532e+00
 1.41931091e+01
 1.64207092e+01
 1.97353149e+01
 2.09798218e+01
 2.02474304e+01
 1.74571472e+01
 1.24849487e+01
 8.66246948e+00
 3.52581177e+00
 1.72191772e+00
 5.74483643e+00
 9.14168701e+00
 1.37612549e+01
 1.58715454e+01
 2.01582886e+01
 2.03849121e+01
 2.18775574e+01
 1.76541382e+01
 1.12823730e+01
 7.04851685e+00
 8.70111084e-01
 -4.96924438e+00
 4.94069824e+00
 1.22211243e+01
 1.40632874e+01
 1.25219055e+01
 2.17831665e+01
 2.06487366e+01
 2.12832275e+01
 1.65133606e+01
 1.21205994e+01
 8.36953125e+00
 3.77550659e+00
 -3.19647827e+00
 4.14766846e+00
 6.68816528e+00
 1.17081238e+01
 1.42726074e+01
 1.94260803e+01
 2.47965942e+01
 2.55776306e+01
 2.13612610e+01
 1.24256531e+01
 7.52300415e+00
 5.29540405e+00
 4.54738770e+00
 6.19408569e+00
 8.47286377e+00
 1.59449707e+01
 1.52863098e+01
 2.04767090e+01
 2.30287720e+01
 2.45743652e+01
 1.95613037e+01
 1.14113098e+01
 6.27135620e+00
 2.89510498e+00
 2.46929321e+00
 1.75936279e+00
 6.31963501e+00
 1.19400574e+01
 1.52843262e+01
 1.75905701e+01
 2.25143372e+01
 2.19197937e+01
 1.68120972e+01
 1.20038391e+01
 6.88707886e+00
 1.52056274e+00
 4.59386597e+00
 2.17196045e+00
 6.13222656e+00
 1.12693115e+01
 2.09628235e+01
 2.18975769e+01
 2.25891663e+01
 1.81914917e+01
 1.66041504e+01
 1.20631348e+01
 4.68746338e+00
 1.95040283e+00
 -5.16638184e-01
 2.95131836e+00
 6.22576294e+00
 1.27182556e+01
 1.88869568e+01
 2.34813477e+01
 2.45363098e+01
 1.96670776e+01
 1.73456970e+01
 1.31281982e+01
 8.59972534e+00
 1.87508545e+00
 4.91723022e+00
 3.97252808e+00
 8.16283569e+00
 1.02423645e+01
 1.45730835e+01
 2.01741882e+01
 2.18858582e+01
 2.21855103e+01
 1.89701782e+01
 1.35690247e+01
 9.97036133e+00
 7.69539795e+00
 -9.20599365e-01
 -6.23419189e-01
 7.74559937e+00
 1.42632690e+01
 1.94887939e+01
 1.95547119e+01
 2.43901001e+01
 2.37670837e+01
 1.75092712e+01
 1.27968079e+01
 5.27849731e+00
 2.84209595e+00
 5.64019165e+00
 4.33211670e+00
 1.05971619e+01
 1.38270508e+01
 1.81819397e+01
 2.31155945e+01
 2.61074158e+01
 2.66827332e+01
 1.81649719e+01
 1.33179871e+01
 9.04003296e+00
 4.23693237e+00
 5.68074951e+00
 5.29580078e+00
 5.93486938e+00
 1.24000793e+01
 1.51874939e+01
 2.30198608e+01
 2.72096497e+01
 2.50827881e+01
 2.03458191e+01
 1.23853088e+01
 7.27877197e+00
 4.02269897e+00
