 8.74853516e+00
 6.71151733e+00
 4.50561523e+00
 1.17846069e+01
 1.29939575e+01
 1.94023132e+01
 2.04009705e+01
 1.97695312e+01
 1.99765320e+01
 1.61298218e+01
 1.20030518e+01
 9.88067627e+00
 5.90905762e+00
 6.20025635e+00
 6.18304443e+00
 1.00610657e+01
 1.28301086e+01
 1.73273315e+01
 2.31802979e+01
 2.15961609e+01
 1.90899353e+01
 1.40155945e+01
 1.32254639e+01
 9.91613770e+00
 9.87817383e+00
 7.67230225e+00
 8.97802734e+00
 9.93353271e+00
 1.24201660e+01
 1.65161743e+01
 2.20614929e+01
 2.17902222e+01
 1.88493042e+01
 1.62408142e+01
 1.43208313e+01
 1.03383484e+01
 9.93984985e+00
 5.44079590e+00
 9.00933838e+00
 1.14795227e+01
 1.33753662e+01
 2.11830139e+01
 2.14801025e+01
 2.28547363e+01
 1.88519897e+01
 1.52575989e+01
 1.26036377e+01
 9.93414307e+00
 9.64175415e+00
 6.29095459e+00
 9.18096924e+00
 1.05380859e+01
 1.24314575e+01
 1.79697571e+01
 2.05010071e+01
 2.13809509e+01
 1.82948914e+01
 1.65198364e+01
 1.09908752e+01
 1.14143677e+01
 9.91278076e+00
 4.77609253e+00
 7.69375610e+00
 1.08824463e+01
 1.43923645e+01
 1.94213562e+01
 2.43316650e+01
 2.20169678e+01
 1.73565369e+01
 1.53813782e+01
 1.22395020e+01
 9.49319458e+00
 7.06500244e+00
 7.05389404e+00
 7.72973633e+00
 1.02820435e+01
 1.37129517e+01
 1.98006592e+01
 2.40858154e+01
 2.39808655e+01
 1.84217834e+01
 1.46647034e+01
 1.08984375e+01
 1.09971924e+01
 1.00601807e+01
 7.50738525e+00
 8.86041260e+00
 1.00604553e+01
 1.36135254e+01
 1.57256470e+01
 2.22349854e+01
 1.99019165e+01
 1.91755371e+01
 1.56181641e+01
 1.35538025e+01
 7.86938477e+00
 6.64630127e+00
 5.74285889e+00
 8.20007324e+00
 1.07671814e+01
 1.36335754e+01
 1.74251709e+01
 2.13143921e+01
 2.03931580e+01
 1.65912781e+01
 1.50568848e+01
 1.39704895e+01
 9.31445312e+00
 8.35513306e+00
 5.90902710e+00
 8.82958984e+00
 8.45529175e+00
 1.35367432e+01
 1.71252136e+01
 1.93479614e+01
 2.21246033e+01
 1.93555603e+01
 1.57663574e+01
 1.30929871e+01
 9.86737061e+00
 6.18167114e+00
 8.93807983e+00
 7.41970825e+00
 1.11277466e+01
 1.46442871e+01
 1.76309204e+01
 2.22843933e+01
 2.09563293e+01
 1.90614319e+01
 1.64664307e+01
 1.30798340e+01
 1.07301331e+01
 6.64526367e+00
 8.41687012e+00
 8.52105713e+00
 1.16699219e+01
 1.53765564e+01
 1.78378906e+01
 2.21670227e+01
 2.03312988e+01
 1.78967896e+01
 1.41911621e+01
 1.19521179e+01
 1.01354980e+01
 8.06729126e+00
 8.05920410e+00
 7.88504028e+00
 1.10579529e+01
 1.30008240e+01
 1.90005798e+01
 2.52019348e+01
 2.26069336e+01
 1.75650940e+01
 1.44075317e+01
 1.33039856e+01
 9.17697144e+00
 8.78335571e+00
 6.85043335e+00
 9.70877075e+00
 1.03325195e+01
 1.30081177e+01
 1.71297302e+01
 2.36192932e+01
 2.20940857e+01
 1.77010803e+01
 1.34635315e+01
 1.15803833e+01
 1.07295837e+01
 9.38278198e+00
 7.64813232e+00
 8.06109619e+00
 9.96060181e+00
 1.52869263e+01
 1.83562012e+01
 2.01655579e+01
 2.31829834e+01
 1.92391663e+01
 1.47201843e+01
 1.31413574e+01
 1.15786133e+01
 9.09945679e+00
 7.70816040e+00
 6.80645752e+00
 9.98861694e+00
 1.29028931e+01
 1.89299316e+01
 2.33382263e+01
 2.19600525e+01
 1.85183411e+01
 1.55322876e+01
 1.22273560e+01
 1.14909058e+01
 8.66537476e+00
 6.90734863e+00
 9.27694702e+00
 1.00452576e+01
 1.36151123e+01
 1.85158386e+01
 2.30630188e+01
 2.43230896e+01
 1.76220398e+01
 1.63067932e+01
 1.45333862e+01
 1.12122803e+01
 9.31274414e+00
 8.04660034e+00
 8.50225830e+00
 1.07991638e+01
 1.47544556e+01
 1.84852600e+01
 2.56054382e+01
 2.22029114e+01
 1.80453796e+01
 1.60608215e+01
 1.26391602e+01
 9.79284668e+00
 6.80471802e+00
 8.37496948e+00
 7.85055542e+00
 1.14666138e+01
 1.48319702e+01
 1.71869812e+01
 2.18298950e+01
 2.27311401e+01
 1.86213989e+01
 1.48226013e+01
 1.40369568e+01
 9.34957886e+00
 7.28527832e+00
 8.47003174e+00
 1.04217834e+01
 1.14415894e+01
 1.41936035e+01
 1.83435059e+01
 2.26281738e+01
 2.35736084e+01
 1.95609131e+01
 1.67998657e+01
 1.32410278e+01
 1.17212219e+01
 1.08686218e+01
 8.10476685e+00
 9.46603394e+00
 1.06810608e+01
 1.38331909e+01
 1.70825500e+01
 2.55965271e+01
 2.30042419e+01
 1.81017761e+01
 1.62548218e+01
 1.23798523e+01
 9.72698975e+00
 7.28405762e+00
 7.99710083e+00
 7.52685547e+00
 8.93771362e+00
 1.27142639e+01
 1.83663025e+01
 2.31412048e+01
 1.84089661e+01
 1.72893677e+01
 1.40711060e+01
 1.28563843e+01
 1.14014587e+01
 9.64706421e+00
 6.88290405e+00
 8.67883301e+00
 9.27633667e+00
 1.23153687e+01
 1.77966614e+01
 1.97341919e+01
 2.02293701e+01
 1.59353333e+01
 1.52448425e+01
 1.28203125e+01
 1.16914673e+01
 8.41091919e+00
 9.42404175e+00
 8.29531860e+00
 1.06594238e+01
 1.50613708e+01
 1.68333740e+01
 2.14270020e+01
 2.17243042e+01
 1.80358582e+01
 1.54326172e+01
 1.23708191e+01
 1.04116821e+01
 8.57913208e+00
 9.11218262e+00
 8.89624023e+00
 1.15697632e+01
 1.35846252e+01
 2.21168518e+01
 2.15918274e+01
 2.09322510e+01
 1.71636047e+01
 1.51428528e+01
 1.21823730e+01
 1.23988647e+01
 5.05676270e+00
 9.47070312e+00
 7.82031250e+00
 1.25291138e+01
 1.32939148e+01
 1.66289978e+01
 2.34442749e+01
 2.32930603e+01
 2.09993286e+01
 1.69203491e+01
 1.30848999e+01
 8.62478638e+00
 9.56164551e+00
 7.34774780e+00
 6.79306030e+00
 1.18402405e+01
 1.49875488e+01
 1.78103638e+01
 2.31474304e+01
 2.11961975e+01
 1.92501526e+01
 1.62329102e+01
 1.34440002e+01
 1.13828735e+01
 8.23449707e+00
 7.46722412e+00
 9.17358398e+00
 1.03358459e+01
 1.33830566e+01
 2.03615723e+01
 2.31922607e+01
 2.28259583e+01
 1.90191956e+01
 1.45106201e+01
 1.33031921e+01
 1.19207458e+01
 1.03958740e+01
 8.38125610e+00
 9.29727173e+00
 1.07654114e+01
 1.45256042e+01
 1.92790833e+01
 2.25654907e+01
 2.25700684e+01
 1.95044250e+01
 1.61885681e+01
 1.23522949e+01
 1.11231384e+01
 8.91290283e+00
 9.02218628e+00
 8.26300049e+00
 1.08027649e+01
 1.46732788e+01
 1.77969666e+01
 2.30960083e+01
 2.00959167e+01
 1.77416992e+01
 1.57966003e+01
 1.32135010e+01
 1.07739258e+01
 9.72586060e+00
 7.45935059e+00
 9.20330811e+00
 1.09281311e+01
 1.58312683e+01
 1.94364319e+01
 2.19746704e+01
 1.98349304e+01
 1.83290405e+01
 1.59725037e+01
 1.20389404e+01
 1.00288696e+01
 7.96505737e+00
 9.53521729e+00
 1.05476685e+01
 1.21339417e+01
 1.66500244e+01
 2.00560913e+01
 2.42374878e+01
 2.40055237e+01
 1.90068359e+01
 1.62673645e+01
 1.35247803e+01
 1.06929626e+01
 1.01512451e+01
 8.93295288e+00
 1.03231506e+01
 1.11204529e+01
 1.46056824e+01
 1.67494812e+01
 2.20929565e+01
 2.23090515e+01
 2.08705750e+01
 1.55648804e+01
 1.37803955e+01
 1.06157227e+01
 7.91409302e+00
 8.74172974e+00
 8.88339233e+00
 1.13221436e+01
 1.52455444e+01
 1.81806946e+01
 2.22253723e+01
 2.25603943e+01
 1.84106750e+01
 1.52885742e+01
 1.06205750e+01
 1.03473206e+01
 5.33126831e+00
 7.63021851e+00
 8.60971069e+00
 9.56515503e+00
 1.36300964e+01
 1.84900818e+01
 2.46160889e+01
 2.14223633e+01
 1.85986938e+01
 1.69396362e+01
 1.45494690e+01
 1.08976746e+01
 9.10922241e+00
 9.68466187e+00
 1.05089417e+01
 1.18583984e+01
 1.45709534e+01
 1.77366333e+01
 2.13048706e+01
 2.08216858e+01
 1.96502686e+01
 1.57503357e+01
 1.35941772e+01
 1.01872253e+01
 8.81753540e+00
 5.06552124e+00
 7.47311401e+00
 1.02129822e+01
 1.32976685e+01
 1.67316284e+01
 2.40497437e+01
 2.35844116e+01
 1.76673279e+01
 1.70416260e+01
 1.41138611e+01
 1.28147583e+01
 1.02463684e+01
 8.83175659e+00
 8.65820312e+00
 1.17631226e+01
 1.54289856e+01
 2.08820190e+01
 2.41318665e+01
 2.24519043e+01
 1.82346191e+01
 1.54756165e+01
 1.39394531e+01
 1.11819763e+01
 7.67584229e+00
 4.60241699e+00
 7.43774414e+00
 8.80972290e+00
 1.24393921e+01
 1.79032288e+01
 2.25734863e+01
 2.18158264e+01
 1.94024048e+01
 1.49326782e+01
 1.36226196e+01
 9.43804932e+00
 8.79373169e+00
 8.08557129e+00
 8.64208984e+00
 1.15687866e+01
 1.37987366e+01
 1.99007874e+01
 1.96344604e+01
 2.05581055e+01
 1.89530945e+01
 1.68123779e+01
 1.21446838e+01
 1.09482117e+01
 9.19702148e+00
 9.07708740e+00
 9.85223389e+00
 1.11755371e+01
 1.32816772e+01
 1.74553223e+01
 2.30966492e+01
 2.30336609e+01
 1.84807434e+01
 1.57493591e+01
 1.20597534e+01
 1.09850464e+01
 8.41488647e+00
 7.75836182e+00
 7.06124878e+00
 9.46609497e+00
 1.48912048e+01
 1.75311890e+01
 2.32038574e+01
 2.15687866e+01
 1.99730530e+01
 1.72567444e+01
 1.35910950e+01
 8.12637329e+00
 9.30029297e+00
 8.97030640e+00
 8.27929688e+00
 1.17961426e+01
 1.67362366e+01
 2.03353882e+01
 2.51018677e+01
 2.04118347e+01
 1.95273438e+01
 1.53134460e+01
 1.48168945e+01
 1.27490540e+01
 1.00012512e+01
 7.38897705e+00
 8.78887939e+00
 1.00333557e+01
 1.38801270e+01
 1.93379517e+01
 2.28482971e+01
 2.32119751e+01
 1.92029724e+01
 1.57318420e+01
 1.46397095e+01
 1.16748657e+01
 9.07800293e+00
 6.52459717e+00
 9.52023315e+00
 1.19378052e+01
 1.36038818e+01
 1.88437195e+01
 2.38592224e+01
 2.34609680e+01
 1.95708313e+01
 1.54953003e+01
 1.34307556e+01
 9.10562134e+00
 8.15338135e+00
 8.62124634e+00
 6.02975464e+00
 1.11258545e+01
 1.32334900e+01
 2.14423828e+01
 2.36751709e+01
 2.21128845e+01
 1.83391113e+01
 1.57769165e+01
 1.31643372e+01
 8.81011963e+00
 1.06819458e+01
 1.03993530e+01
 9.19790649e+00
 1.01850586e+01
 1.38017883e+01
 1.91668396e+01
 2.31121216e+01
 2.37230225e+01
 1.95071716e+01
 1.70550537e+01
 1.53802490e+01
 1.24176025e+01
 1.07178345e+01
 8.33380127e+00
 9.28884888e+00
 1.19714050e+01
 1.45072937e+01
 2.37899780e+01
 2.18390198e+01
 2.21700745e+01
 1.91028137e+01
 1.63925476e+01
 1.41598511e+01
 1.08677368e+01
 1.04394226e+01
 9.01147461e+00
 9.14456177e+00
 1.04280701e+01
 1.70559692e+01
 1.79526062e+01
 2.21816711e+01
 2.10311890e+01
 1.82719116e+01
 1.65645752e+01
 1.51614380e+01
 1.21016541e+01
 1.03494568e+01
 1.09600220e+01
 9.07415771e+00
 1.13721924e+01
 1.38421936e+01
 1.67291870e+01
 2.27474976e+01
 2.41149902e+01
 2.07848511e+01
 1.67580261e+01
 1.26819763e+01
 8.80905151e+00
 9.44403076e+00
 9.72726440e+00
 8.58975220e+00
 1.17627563e+01
 1.35243225e+01
 1.72969971e+01
 2.28291321e+01
 2.23482361e+01
 1.77018127e+01
 1.45175781e+01
 1.33302307e+01
 1.07735901e+01
 1.00464172e+01
 1.00421753e+01
 8.65808105e+00
 1.24827881e+01
 1.41736450e+01
 1.74493713e+01
 2.17699585e+01
 2.10497437e+01
 1.82594299e+01
 1.68652039e+01
 1.37734375e+01
 1.24218445e+01
 7.86288452e+00
 8.60806274e+00
 9.86572266e+00
 1.33228455e+01
 1.59781494e+01
 1.83970032e+01
 2.46076965e+01
 2.43222046e+01
 2.01303711e+01
 1.63641663e+01
 1.38296509e+01
 1.18671570e+01
 7.90487671e+00
 9.12899780e+00
 9.92694092e+00
 1.14471741e+01
 1.53171692e+01
 2.06710815e+01
 2.60397644e+01
 2.46624146e+01
 1.96043396e+01
 1.66754456e+01
 1.18039551e+01
 8.24545288e+00
 8.48367310e+00
 1.00538635e+01
 1.01220703e+01
 1.23572998e+01
 1.76826477e+01
 2.33210449e+01
 2.31381531e+01
 2.44915466e+01
 2.00130920e+01
 1.80602417e+01
 1.48911438e+01
 1.33661194e+01
 7.29043579e+00
 9.29296875e+00
 9.55377197e+00
 1.12380676e+01
 1.38292542e+01
 1.70890503e+01
 2.23448486e+01
 2.35823669e+01
 1.94398499e+01
 1.51724548e+01
 1.20340576e+01
 9.52627563e+00
 9.17953491e+00
 6.45895386e+00
 9.58972168e+00
 1.11294861e+01
 1.48261108e+01
 1.91782837e+01
 2.43204041e+01
 2.49861450e+01
 2.00251160e+01
 1.78865662e+01
 1.35451050e+01
 1.13286133e+01
 9.53530884e+00
 9.73703003e+00
 9.80392456e+00
 1.11302185e+01
 1.39006348e+01
 1.96847534e+01
 2.47041626e+01
 2.32949829e+01
 2.04341431e+01
 1.66437988e+01
 1.42409668e+01
 1.19986877e+01
 1.04221802e+01
 9.73034668e+00
 9.82260132e+00
 1.37378235e+01
 1.56853943e+01
 1.96927185e+01
 2.70013123e+01
 2.42746887e+01
 2.15113525e+01
 1.66156921e+01
 1.38734436e+01
 1.13729553e+01
 9.49987793e+00
 8.01638794e+00
 6.35604858e+00
 1.13941650e+01
 1.34825745e+01
 1.63591919e+01
 2.30312195e+01
 2.28181152e+01
 1.97764893e+01
 1.51990356e+01
 1.08022156e+01
 1.20908508e+01
 1.07594910e+01
 7.98556519e+00
 9.62759399e+00
 1.28858337e+01
 1.48786011e+01
 1.78973694e+01
 2.36610413e+01
 2.49220581e+01
 1.94937744e+01
 1.72752686e+01
 1.51018677e+01
 1.08036194e+01
 1.05417480e+01
 8.80755615e+00
 9.79605103e+00
 1.21863098e+01
 1.38265686e+01
 1.60879517e+01
 2.40678406e+01
 2.27937317e+01
 1.96149292e+01
 1.53771057e+01
 1.25307617e+01
 1.19662476e+01
 8.80065918e+00
 5.93750000e+00
 9.26208496e+00
 1.04035339e+01
 1.31021729e+01
 1.88312683e+01
 2.60258789e+01
 2.33176880e+01
 2.08644409e+01
 1.75779724e+01
 1.37013245e+01
 1.22628479e+01
 1.05850525e+01
 8.85806274e+00
 9.36193848e+00
 1.14283752e+01
 1.35568848e+01
 1.77521057e+01
 2.39346313e+01
 2.42391357e+01
 2.18315125e+01
 1.76245728e+01
 1.29719543e+01
 1.20797729e+01
 7.56646729e+00
 6.47964478e+00
 9.87649536e+00
 1.02836609e+01
 1.58988037e+01
 1.99299927e+01
 2.56352539e+01
 2.43992920e+01
 1.96040955e+01
 1.60113831e+01
 1.31302795e+01
 1.15632019e+01
 9.08264160e+00
 8.31646729e+00
 7.87435913e+00
 1.07456055e+01
 1.34316406e+01
 1.97102356e+01
 2.55279541e+01
 2.39290161e+01
 2.01420593e+01
 1.59691772e+01
 1.29992065e+01
 1.16384888e+01
 9.51394653e+00
 9.31103516e+00
 9.61871338e+00
 1.13659973e+01
 1.34378357e+01
 1.81160583e+01
 2.31927490e+01
 2.31347961e+01
 1.95823669e+01
 1.65637207e+01
 1.16300049e+01
 9.71078491e+00
 6.92138672e+00
 8.65502930e+00
 9.88027954e+00
 9.94793701e+00
 1.74968567e+01
 1.89540405e+01
 2.35352173e+01
 2.46893311e+01
 2.09351501e+01
 1.72913818e+01
 1.50103760e+01
 1.23621826e+01
 1.06695251e+01
 8.20959473e+00
 1.00165405e+01
 1.12109375e+01
 1.43603516e+01
 1.91162109e+01
 2.60042419e+01
 2.32549438e+01
 1.89999390e+01
 1.53692017e+01
 1.40580750e+01
 1.21901245e+01
 9.84744263e+00
 9.83590698e+00
 8.22109985e+00
 1.28894958e+01
 1.47181091e+01
 1.74027405e+01
 2.29300842e+01
 2.60505676e+01
 1.93744202e+01
 1.57061768e+01
 1.42389526e+01
 1.02604370e+01
 9.08477783e+00
 8.27755737e+00
 8.34268188e+00
 1.00885315e+01
 1.25718079e+01
 2.31430359e+01
 2.60679626e+01
 2.58929749e+01
 2.13060303e+01
 1.66066284e+01
 1.42357788e+01
 1.28889771e+01
 6.54000854e+00
 9.84259033e+00
 1.02180481e+01
 1.19280090e+01
 1.52014160e+01
 2.09999695e+01
 2.38311768e+01
 2.42949219e+01
 2.03036499e+01
 1.58977051e+01
 1.46601257e+01
 1.32172241e+01
 9.03454590e+00
 8.58712769e+00
 9.89566040e+00
 1.21006165e+01
 1.39884033e+01
 1.84817810e+01
 2.58277893e+01
 2.60828552e+01
 1.83078918e+01
 1.63965149e+01
 1.45561218e+01
 1.38952942e+01
 1.14412537e+01
 1.17534180e+01
 9.49957275e+00
 1.13577271e+01
 1.38947144e+01
 1.88773804e+01
 2.31404724e+01
 2.41943970e+01
 2.06354370e+01
 1.74872437e+01
 1.59988098e+01
 8.76257324e+00
 9.46444702e+00
 8.20809937e+00
 9.24707031e+00
 1.37317200e+01
 1.39577637e+01
 1.93089600e+01
 2.70330200e+01
 2.17601624e+01
 1.97687378e+01
 1.70404663e+01
 1.43132935e+01
 1.29642639e+01
 9.80624390e+00
 8.32843018e+00
 1.01852112e+01
 1.30194702e+01
 1.44487305e+01
 1.99349976e+01
 2.80465393e+01
 2.47276306e+01
 2.14276733e+01
 1.79434814e+01
 1.61285095e+01
 1.14655762e+01
 8.95846558e+00
 8.85095215e+00
 1.08043823e+01
 1.30040588e+01
 1.53959961e+01
 1.92518921e+01
 2.29838257e+01
 2.47655640e+01
 2.20678101e+01
 1.81998596e+01
 1.51512451e+01
 1.24877319e+01
 1.11488342e+01
 8.96533203e+00
 9.51449585e+00
 1.24702454e+01
 1.65262146e+01
 2.18224487e+01
 2.33314819e+01
 2.37925720e+01
 2.00851746e+01
 1.70917664e+01
 1.38948975e+01
 1.09168091e+01
 8.27658081e+00
 8.14993286e+00
 9.01223755e+00
 1.08841553e+01
 1.44435120e+01
 1.83895874e+01
 2.54251404e+01
 2.42576599e+01
 1.97994690e+01
 1.61715698e+01
 1.51144409e+01
 1.05913696e+01
 9.16610718e+00
 7.57952881e+00
 6.18490601e+00
 1.18778992e+01
 1.64974060e+01
 1.95217896e+01
 2.40571594e+01
 2.25938110e+01
 2.00125122e+01
 1.48137207e+01
 1.29737549e+01
 1.08906860e+01
 9.04489136e+00
 9.18417358e+00
 9.89248657e+00
 1.09206238e+01
 1.45386047e+01
 1.98361816e+01
 2.76673279e+01
 2.34973145e+01
 2.01367493e+01
 1.67623901e+01
 1.51757202e+01
 1.20942078e+01
 1.07521973e+01
 7.72299194e+00
 8.56710815e+00
 1.10880432e+01
 1.68061523e+01
 2.09377136e+01
 2.62491150e+01
 2.52656250e+01
 2.00222168e+01
 1.66743774e+01
 1.49272461e+01
 1.19132690e+01
 1.14107971e+01
 1.00618896e+01
 8.16595459e+00
 9.91372681e+00
 1.48160706e+01
 2.01284180e+01
 2.56687927e+01
 2.46631775e+01
 2.02608032e+01
 1.72222595e+01
 1.51196289e+01
 1.21681519e+01
 1.10234680e+01
 9.21719360e+00
 1.03613586e+01
 1.15355835e+01
 1.37717896e+01
 1.78681641e+01
 2.32545776e+01
 2.15290833e+01
 1.85191650e+01
 1.60827942e+01
 1.06370544e+01
 1.03264465e+01
 7.01412964e+00
 8.55603027e+00
 9.89523315e+00
 1.24489746e+01
 1.44858093e+01
 1.95654297e+01
 2.33765869e+01
 2.27944336e+01
 1.95284729e+01
 1.73493958e+01
 1.46732788e+01
 1.22618103e+01
 1.03100891e+01
 1.07127075e+01
 1.13073120e+01
 1.15789490e+01
 1.51443481e+01
 1.89775696e+01
 2.31936340e+01
 2.52704163e+01
 1.99477844e+01
 1.64163513e+01
 1.37309265e+01
 1.27980652e+01
 1.30147400e+01
 1.17131653e+01
 1.11575317e+01
 1.28274231e+01
 1.57241211e+01
 1.92309570e+01
 2.54853210e+01
 2.61279602e+01
 2.25898743e+01
 1.70534668e+01
 1.44275208e+01
 7.30911255e+00
 1.03378296e+01
 8.92477417e+00
 1.05248108e+01
 1.39731750e+01
 1.57195740e+01
 2.14675598e+01
 2.62091370e+01
 2.12289734e+01
 1.90799255e+01
 1.64323120e+01
 1.48151855e+01
 1.13100586e+01
 1.08048401e+01
 9.12780762e+00
 9.77758789e+00
 9.14419556e+00
 1.39399109e+01
 1.86806030e+01
 2.38107910e+01
 2.23362427e+01
 1.99282227e+01
 1.79750061e+01
 1.44301453e+01
 1.34550781e+01
 1.06540222e+01
 8.26034546e+00
 1.06529236e+01
 1.29817810e+01
 1.75109253e+01
 2.10002136e+01
 2.42956848e+01
 2.34874878e+01
 2.23324890e+01
 1.85083618e+01
 1.53073120e+01
 1.32492676e+01
 1.04935303e+01
 9.61697388e+00
 9.46325684e+00
 1.42032166e+01
 1.70871887e+01
 2.09337158e+01
 2.52015686e+01
 2.51054993e+01
 2.02400513e+01
 1.79351807e+01
 1.63056946e+01
 1.08418884e+01
 1.03509521e+01
 9.27203369e+00
 9.92706299e+00
 1.29448853e+01
 1.54361877e+01
 2.00213928e+01
 2.78513794e+01
 2.48352661e+01
 2.15675659e+01
 1.70500793e+01
 1.44798889e+01
 1.07532043e+01
 8.70523071e+00
 8.83084106e+00
 9.61508179e+00
 1.10506897e+01
 1.41602783e+01
 2.07322083e+01
 2.56538086e+01
 2.27613220e+01
 1.99383545e+01
 1.50781860e+01
 1.29685669e+01
 1.22398682e+01
 1.06157532e+01
 7.00708008e+00
 9.25186157e+00
 1.21894226e+01
 1.63853455e+01
 2.20382080e+01
 2.52199402e+01
 2.48832703e+01
 1.96532898e+01
 1.58264771e+01
 1.49624939e+01
 1.22651978e+01
 1.15518494e+01
 9.40209961e+00
 1.04554443e+01
 1.22347717e+01
 1.47910767e+01
 1.92081604e+01
 2.18643494e+01
 2.25124207e+01
 1.90059204e+01
 1.62431641e+01
 1.50428467e+01
 1.19304199e+01
 9.72994995e+00
 5.95941162e+00
 9.58169556e+00
 1.17155457e+01
 1.56452637e+01
 1.75517883e+01
 2.38952942e+01
 2.13513184e+01
 2.00198975e+01
 1.78241577e+01
 1.49782715e+01
 1.30028687e+01
 9.97998047e+00
 8.74423218e+00
 1.00321960e+01
 1.13115845e+01
 1.43782959e+01
 2.17517395e+01
 2.53222656e+01
 2.52861633e+01
 1.93577271e+01
 1.63176880e+01
 1.44804993e+01
 1.16289978e+01
 7.52047729e+00
 9.57333374e+00
 1.08286438e+01
 1.27410278e+01
 1.60043640e+01
 2.00548706e+01
 2.43763123e+01
 2.39217224e+01
 2.05646973e+01
 1.61640930e+01
 1.52694702e+01
 1.32076111e+01
 1.05232849e+01
 1.03529053e+01
 8.77291870e+00
 1.15583191e+01
 1.58350220e+01
 1.98496704e+01
 2.37631836e+01
 2.24241638e+01
 2.04009094e+01
 1.76379700e+01
 1.43289490e+01
 1.08444824e+01
 9.95019531e+00
 9.08074951e+00
 9.36178589e+00
 1.14443359e+01
 1.45287781e+01
 1.75350342e+01
 2.35476990e+01
 2.21235046e+01
 1.93692932e+01
 1.62285461e+01
 1.31755981e+01
 1.01771851e+01
