 3.73281250e+00
 8.94891357e-01
 8.04683838e+00
 9.72878418e+00
 1.38839050e+01
 1.89184204e+01
 2.08207947e+01
 2.20139709e+01
 1.67306458e+01
 1.10205933e+01
 7.98323975e+00
 3.87514648e+00
 4.97692261e+00
 3.28579102e+00
 5.20452271e+00
 9.95217285e+00
 1.55136658e+01
 1.96226135e+01
 2.18563782e+01
 1.94144226e+01
 1.81603638e+01
 1.03232056e+01
 8.55593262e+00
 2.99056396e+00
 2.63387451e+00
 3.95958862e+00
 5.40352783e+00
 1.20454346e+01
 1.48123108e+01
 1.90585876e+01
 1.95543762e+01
 2.26838013e+01
 1.65437561e+01
 1.03036133e+01
 9.31511841e+00
 4.11400757e+00
 4.84121094e+00
 4.05709229e+00
 7.87429199e+00
 1.00695740e+01
 1.38563782e+01
 1.86116882e+01
 2.20798889e+01
 2.34153992e+01
 1.85384460e+01
 1.26335388e+01
 7.81310425e+00
 5.32387695e+00
 -5.35034180e-02
 3.42772827e+00
 5.27626953e+00
 9.90920410e+00
 1.33479858e+01
 1.90430542e+01
 2.51765686e+01
 2.24350525e+01
 1.76060425e+01
 1.03841187e+01
 8.12188110e+00
 5.33992920e+00
 9.65997314e-01
 6.16265259e+00
 7.28267822e+00
 1.12865845e+01
 1.36320129e+01
 1.60485474e+01
 2.04751526e+01
 2.39364868e+01
 1.58592163e+01
 1.12852112e+01
 8.37499390e+00
 7.32109985e+00
 7.04134521e+00
 5.68377075e+00
 8.20293579e+00
 9.07628784e+00
 1.55187317e+01
 2.09112488e+01
 2.32722717e+01
 2.15518127e+01
 1.70084778e+01
 1.18620544e+01
 6.53576050e+00
 6.91863403e+00
 3.97524414e+00
 4.75802002e+00
 6.49279175e+00
 1.15711609e+01
 1.61258484e+01
 2.15794006e+01
 2.36169373e+01
 2.31957336e+01
 1.54901672e+01
 1.18216492e+01
 9.72954712e+00
 6.07821045e+00
 5.15709839e+00
 4.38097534e+00
 6.73229370e+00
 1.01256958e+01
 1.34984985e+01
 1.84173218e+01
 2.49144836e+01
 2.19390198e+01
 1.79709106e+01
 1.26866089e+01
 6.77047119e+00
 4.86171875e+00
 5.46889648e+00
 3.70232544e+00
 6.30120239e+00
 1.04057251e+01
 1.38661438e+01
 2.02582947e+01
 2.56004272e+01
 2.11954895e+01
 1.65881897e+01
 1.32446838e+01
 4.53246460e+00
 3.54821167e+00
 1.21672974e+00
 4.59908447e+00
 7.31185303e+00
 1.04746033e+01
 1.39375244e+01
 2.02514893e+01
 2.46274658e+01
 2.25436951e+01
 1.44683167e+01
 1.16680847e+01
 5.74004517e+00
 6.59682617e+00
 5.53960571e+00
 3.92162476e+00
 7.06905518e+00
 1.12515503e+01
 1.53807007e+01
 1.66548706e+01
 2.07481934e+01
 2.28669373e+01
 1.67282959e+01
 1.12665955e+01
 7.29989014e+00
 3.48140869e+00
 2.26641235e+00
 5.28041992e+00
 7.33718262e+00
 1.02488342e+01
 1.33929688e+01
 1.65786987e+01
 2.43616882e+01
 2.19848572e+01
 1.70190979e+01
 1.08925415e+01
 7.59905396e+00
 4.65560303e+00
 4.66455078e-01
 4.07579956e+00
 6.93050537e+00
 8.92638550e+00
 1.37402893e+01
 1.98781067e+01
 2.35220276e+01
 2.12051331e+01
 1.65172668e+01
 1.05862061e+01
 7.31289063e+00
 4.46853027e+00
 1.10711670e-01
 4.52791748e+00
 6.83971558e+00
 8.93151245e+00
 1.52409912e+01
 2.05321594e+01
 2.49850403e+01
 2.29511047e+01
 1.70425049e+01
 1.30488525e+01
 9.25731812e+00
 4.21337280e+00
 4.11507568e+00
 4.03344116e+00
 6.57866821e+00
 9.74447021e+00
 1.29630371e+01
 1.94414612e+01
 2.53224426e+01
 2.39508911e+01
 1.47863403e+01
 1.35507751e+01
 9.11574707e+00
 4.77324829e+00
 3.00808105e+00
 4.98220215e+00
 7.17864380e+00
 9.62606201e+00
 1.38175903e+01
 2.08832642e+01
 2.42768188e+01
 2.52777954e+01
 1.62136780e+01
 1.05478760e+01
 5.71007690e+00
 4.91289673e+00
 7.71480713e+00
 7.06319580e+00
 8.99770508e+00
 1.12753845e+01
 1.31023804e+01
 1.94813782e+01
 2.31621948e+01
 2.33695923e+01
 1.73604675e+01
 1.17102295e+01
 6.68050537e+00
 2.06377563e+00
 -2.69208374e+00
 3.49059448e+00
 5.45733032e+00
 1.00258423e+01
 1.49477173e+01
 1.81054932e+01
 2.22797485e+01
 2.33741394e+01
 1.62043701e+01
 1.29426208e+01
 7.69909058e+00
 5.14522705e+00
 1.38662109e+00
 4.08788452e+00
 4.40413818e+00
 9.94323120e+00
 1.52309814e+01
 2.32696472e+01
 2.25253540e+01
 2.11323486e+01
 1.67249695e+01
 1.28769470e+01
 9.73751221e+00
 5.43041382e+00
 2.90099487e+00
 2.87862549e+00
 5.85494385e+00
 9.51012573e+00
 1.77185608e+01
 2.41365906e+01
 2.43785950e+01
 2.28941589e+01
 1.68348022e+01
 1.29806763e+01
 9.36229858e+00
 9.14455566e+00
 4.05648193e+00
 2.71996460e+00
 6.89858398e+00
 1.29823242e+01
 1.88019653e+01
 2.26006104e+01
 2.73239990e+01
 2.21479126e+01
 1.64183289e+01
 1.17936646e+01
 7.19634399e+00
 7.02480469e+00
 4.57183228e+00
 4.18935547e+00
 7.90844116e+00
 1.04172607e+01
 1.43142944e+01
 1.85808655e+01
 2.14554688e+01
 2.26535278e+01
 1.71103149e+01
 1.07870728e+01
 8.00960693e+00
 4.61623535e+00
 1.26073608e+00
 1.82482300e+00
 6.00722656e+00
 9.49166260e+00
 1.28601624e+01
 1.62059265e+01
 2.34861084e+01
 2.19013000e+01
 1.77815186e+01
 1.21586548e+01
 9.72878418e+00
 4.11565552e+00
 2.19884644e+00
 6.61730347e+00
 6.50219116e+00
 9.73461304e+00
 1.32211243e+01
 2.14829651e+01
 2.45731140e+01
 2.21685730e+01
 1.69245544e+01
 1.07300354e+01
 8.79360352e+00
 4.55950317e+00
 5.08263550e+00
 6.24028931e+00
 7.63033447e+00
 9.96376953e+00
 1.52657715e+01
 2.35687500e+01
 2.46102844e+01
 2.41951538e+01
 1.83669983e+01
 9.94588623e+00
 6.71859131e+00
 6.11315308e+00
 4.43566284e+00
 6.39000854e+00
 6.91826782e+00
 1.05349365e+01
 1.37505432e+01
 2.17476746e+01
 2.56569458e+01
 2.85995422e+01
 1.96736694e+01
 1.35840698e+01
 8.18593750e+00
 4.05639038e+00
 1.33153687e+00
 5.01659546e+00
 7.77794800e+00
 1.14947144e+01
 1.48268066e+01
 2.10167175e+01
 2.27183472e+01
 1.97068420e+01
 1.61242920e+01
 1.22346741e+01
 7.33593140e+00
 5.53319702e+00
 5.09810791e+00
 4.91301880e+00
 7.22017822e+00
 1.05678345e+01
 1.42744995e+01
 1.99208923e+01
 2.24065491e+01
 2.23375488e+01
 1.55441223e+01
 1.12072998e+01
 9.61275635e+00
 4.09328613e+00
 9.69689941e-01
 2.49999390e+00
 6.90828857e+00
 9.33233032e+00
 1.32983643e+01
 2.23621155e+01
 2.49283081e+01
 2.36897522e+01
 1.71279846e+01
 1.09677673e+01
 6.61748657e+00
 3.17485962e+00
 4.67894897e+00
 7.23232422e+00
 8.14736328e+00
 1.09107605e+01
 1.50772034e+01
 1.91080566e+01
 1.98626343e+01
 2.09914795e+01
 1.55035645e+01
 1.12008301e+01
 6.88512573e+00
 5.09560547e+00
 4.73610840e+00
 4.92333374e+00
 8.71206055e+00
 9.18911133e+00
 1.01481873e+01
 1.96207520e+01
 2.19599548e+01
 2.10618530e+01
 1.63281799e+01
 1.24779907e+01
 8.67333374e+00
 4.14028320e+00
 1.69954834e+00
 7.43511353e+00
 7.30352173e+00
 8.64699707e+00
 1.41081482e+01
 2.08911377e+01
 2.11102234e+01
 2.19746643e+01
 1.65717712e+01
 1.24763733e+01
 8.92965088e+00
 3.56685791e+00
 1.45928345e+00
 3.05733643e+00
 9.40245972e+00
 9.95214233e+00
 1.36826111e+01
 1.65687805e+01
 2.45287109e+01
 2.25602661e+01
 2.00281921e+01
 1.27998291e+01
 8.55697021e+00
 7.30498657e+00
 7.51421509e+00
 8.51583252e+00
 6.70928345e+00
 1.03444153e+01
 1.65426575e+01
 1.86091858e+01
 2.21979309e+01
 1.98804260e+01
 1.80518433e+01
 1.34900146e+01
 7.22619019e+00
 5.88848267e+00
 5.93300781e+00
 5.96593628e+00
 7.29964600e+00
 9.93294678e+00
 1.62345825e+01
 1.71786133e+01
 2.01893860e+01
 2.03051697e+01
 1.83312317e+01
 1.16828247e+01
 6.74987183e+00
 4.91610107e+00
 3.53832397e+00
 3.90227661e+00
 6.82933960e+00
 1.10671631e+01
 1.51568848e+01
 2.06774841e+01
 2.49208923e+01
 2.41032959e+01
 1.79009949e+01
 1.25909973e+01
 7.88567505e+00
 7.54186401e+00
 3.51238403e+00
 3.71471558e+00
 4.89183960e+00
 1.12035767e+01
 1.29611755e+01
 2.02357117e+01
 2.27091614e+01
 2.60320374e+01
 2.00778137e+01
 1.31120544e+01
 8.18044434e+00
 7.39898071e+00
 5.72783813e+00
 5.75188599e+00
 6.80675659e+00
 9.16640625e+00
 1.55742126e+01
 1.69696594e+01
 2.45028015e+01
 2.23982178e+01
 1.90353638e+01
 1.27157532e+01
 8.69759521e+00
 5.25039063e+00
 4.30260620e+00
 4.48781738e+00
 7.04403076e+00
 1.10850769e+01
 1.59218079e+01
 2.29800659e+01
 2.29084717e+01
 2.43966919e+01
 1.49857727e+01
 1.12664124e+01
 8.98607788e+00
 7.68465576e+00
 1.80504761e+00
 5.15889893e+00
 6.85143433e+00
 9.00881348e+00
 1.64215942e+01
 2.22889038e+01
 2.48286072e+01
 2.24428650e+01
 1.79676758e+01
 1.25781494e+01
 8.51760254e+00
 5.76522217e+00
 4.12954102e+00
 5.24639282e+00
 6.47976074e+00
 8.68905029e+00
 1.51701599e+01
 2.27029358e+01
 2.46843811e+01
 2.47899109e+01
 1.76696106e+01
 1.19547058e+01
 9.38280640e+00
 7.70354614e+00
 5.52150879e+00
 3.80281982e+00
 7.56286011e+00
 1.02246033e+01
 1.56298157e+01
 2.24943176e+01
 2.52846619e+01
 2.38420044e+01
 1.89370361e+01
 1.39155518e+01
 9.09798584e+00
 6.93822632e+00
 5.35961304e+00
 5.56209717e+00
 4.50460205e+00
 8.86800537e+00
 1.25452209e+01
 1.86159912e+01
 2.07475220e+01
 2.08902527e+01
 1.49719177e+01
 1.23117004e+01
 1.18500610e+01
 6.36165771e+00
 5.46419678e+00
 4.31466064e+00
 9.77239380e+00
 7.06490479e+00
 1.43727051e+01
 2.14201599e+01
 2.73167664e+01
 2.62952820e+01
 1.60357910e+01
 1.25075928e+01
 7.93322144e+00
 3.26839600e+00
 5.60653076e+00
 7.30825195e+00
 7.48778687e+00
 1.03754211e+01
 1.58236633e+01
 2.34389587e+01
 2.80091187e+01
 2.08470093e+01
 1.88743530e+01
 1.07319580e+01
 9.27492676e+00
 7.02633057e+00
 4.44402466e+00
 5.49450073e+00
 4.83580933e+00
 1.06968323e+01
 1.42083679e+01
 2.16521240e+01
 2.53503052e+01
 2.38774658e+01
 1.52895447e+01
 1.18738037e+01
 8.13344727e+00
 5.96767578e+00
 2.51949463e+00
 3.40786133e+00
 5.66030273e+00
 1.16606995e+01
 1.53951965e+01
 2.20656067e+01
 2.46288391e+01
 2.36163879e+01
 1.88207336e+01
 1.24928833e+01
 5.87462769e+00
 4.13167725e+00
 3.34993896e+00
 6.05138550e+00
 6.14357910e+00
 1.22027527e+01
 1.44103638e+01
 2.21498352e+01
 2.14034668e+01
 2.21938110e+01
 1.64454895e+01
 1.02084900e+01
 9.26275024e+00
 4.99984131e+00
 5.54204712e+00
 5.85677490e+00
 6.36794434e+00
 9.25100098e+00
 1.37040344e+01
 1.94591614e+01
 2.34777771e+01
 2.24101196e+01
 1.92948547e+01
 1.06013428e+01
 1.00315491e+01
 7.39357910e+00
 4.25017700e+00
 5.11684570e+00
 8.56173096e+00
 9.27031860e+00
 1.41675354e+01
 1.97451416e+01
 2.16168457e+01
 2.16303955e+01
 1.60757996e+01
 1.01338135e+01
 5.56267700e+00
 7.20479736e+00
 2.25811157e+00
 7.27645264e+00
 1.09686218e+01
 1.02821594e+01
 1.62740112e+01
 2.54797607e+01
 2.50539795e+01
 2.36736084e+01
 1.83140808e+01
 1.27462708e+01
 9.53804932e+00
 7.94375000e+00
 5.57195435e+00
 5.22747192e+00
 8.05510864e+00
 1.28221375e+01
 1.33855530e+01
 2.18969360e+01
 2.44268127e+01
 2.31893555e+01
 1.70483643e+01
 1.40320984e+01
 8.13845215e+00
 6.45910034e+00
 7.17821655e+00
 3.92989502e+00
 8.71450195e+00
 1.06681458e+01
 1.64082886e+01
 2.12843872e+01
 2.56056763e+01
 2.71447998e+01
 1.59036194e+01
 1.10509583e+01
 7.49047241e+00
 6.81701050e+00
 5.31926880e+00
 3.62645874e+00
 6.11614380e+00
 9.90706787e+00
 1.40977112e+01
 2.18580566e+01
 2.33285767e+01
 2.59469238e+01
 1.65442444e+01
 1.11885925e+01
 8.56896362e+00
 3.95778809e+00
 4.89656982e+00
 5.72457275e+00
 1.01769348e+01
 1.05406433e+01
 1.51538635e+01
 1.97727905e+01
 2.52163330e+01
 2.51454407e+01
 2.00830017e+01
 1.31563965e+01
 6.60799561e+00
 3.56707153e+00
 4.71492920e+00
 4.28933105e+00
 7.99218140e+00
 1.11768127e+01
 1.64812561e+01
 2.06985107e+01
 2.66868225e+01
 2.76496826e+01
 1.73152405e+01
 1.29357239e+01
 9.12667236e+00
 5.20815430e+00
 2.20574341e+00
 5.21129761e+00
 5.64299927e+00
 9.90651855e+00
 1.84638611e+01
 2.23277527e+01
 2.76007019e+01
 2.52978760e+01
 1.73708740e+01
 1.10899902e+01
 6.95409546e+00
 6.82723389e+00
 2.85012207e+00
 4.17223511e+00
 7.23619995e+00
 1.14795471e+01
 1.54331299e+01
 2.07027222e+01
 2.47333923e+01
 2.52678772e+01
 1.71413818e+01
 1.23920532e+01
 8.14812622e+00
 4.78206787e+00
 3.09279785e+00
 6.20549927e+00
 7.34713135e+00
 1.28009888e+01
 1.52073303e+01
 1.86122375e+01
 2.36991211e+01
 2.65165344e+01
 1.66776672e+01
 1.33406921e+01
 6.45101318e+00
 6.45852051e+00
 8.58477173e+00
 7.42348633e+00
 9.68969116e+00
 1.06023193e+01
 1.63321777e+01
 2.05329834e+01
 2.46133667e+01
 2.30559326e+01
 1.77647339e+01
 1.34195190e+01
 9.80440674e+00
 7.15078125e+00
 4.91057739e+00
 2.24114380e+00
 9.60024414e+00
 1.24050537e+01
 1.48668762e+01
 2.00629517e+01
 2.37048279e+01
 2.43568359e+01
 1.84543701e+01
 1.10324951e+01
 9.95302734e+00
 5.35500488e+00
 2.45079956e+00
 2.35864258e-01
 5.71386108e+00
 1.01133972e+01
 1.49323669e+01
 2.21929871e+01
 2.55080200e+01
 2.32124573e+01
 1.83203979e+01
 1.24507080e+01
 7.59270630e+00
 4.36541138e+00
 2.75985107e+00
 6.88204346e+00
 6.45928345e+00
 1.00789124e+01
 1.45834290e+01
 1.90058838e+01
 2.33748108e+01
 2.62786194e+01
 1.76922546e+01
 1.04406677e+01
 7.30370483e+00
 6.49672852e+00
 4.48491821e+00
 5.90722046e+00
 8.34102783e+00
 1.16969543e+01
 1.44953247e+01
 2.30632568e+01
 2.53108154e+01
 2.39020935e+01
 1.68947083e+01
 1.16296936e+01
 6.61824951e+00
 7.07467041e+00
 6.29625854e+00
 6.20574341e+00
 1.03134399e+01
 1.07536865e+01
 1.24348083e+01
 1.92897278e+01
 2.36194092e+01
 1.85814758e+01
 1.70878235e+01
 1.23597961e+01
 8.31658325e+00
 7.59798584e+00
 3.41323242e+00
 7.04290161e+00
 7.58547363e+00
 1.07879272e+01
 1.56253601e+01
 2.07454468e+01
 2.45697876e+01
 2.66366516e+01
 1.69888550e+01
 1.36090942e+01
 7.79683838e+00
 4.65911255e+00
 6.95647583e+00
 4.11159668e+00
 8.13723145e+00
 1.17663208e+01
 1.64283386e+01
 2.24360901e+01
 2.62518250e+01
 2.46949402e+01
 1.66993347e+01
 1.38234192e+01
 1.03186584e+01
 4.87023315e+00
 8.55541382e+00
 7.43010864e+00
 8.50158081e+00
 1.25840088e+01
 1.66828247e+01
 1.91753174e+01
 2.31581055e+01
 2.18258301e+01
 1.72664734e+01
 1.23775574e+01
 9.06774292e+00
 8.24453125e+00
 5.64000854e+00
 5.78338013e+00
 7.85579834e+00
 1.26742798e+01
 2.06869446e+01
 2.09172913e+01
 2.75182129e+01
 2.66331726e+01
 1.88755432e+01
 1.36787964e+01
 8.12758789e+00
 6.18822632e+00
 6.66900024e+00
 6.21709595e+00
 9.16661987e+00
 1.18083435e+01
 1.46818787e+01
 1.83299500e+01
 2.22759338e+01
 2.31411072e+01
 1.72084595e+01
 1.32949768e+01
 5.15834961e+00
 3.94283447e+00
 3.99669800e+00
 4.94597778e+00
 7.94619141e+00
 1.20461060e+01
 1.44261719e+01
 1.82502075e+01
 2.30613647e+01
 2.40705200e+01
 1.79987427e+01
 1.27191711e+01
 8.19960938e+00
 6.27111206e+00
 8.18480835e+00
 6.31807861e+00
 9.96898804e+00
 1.00860840e+01
 1.55442139e+01
 1.81716248e+01
 2.37698608e+01
 2.43447510e+01
 1.78989197e+01
 1.16483704e+01
 7.22634277e+00
 4.26485596e+00
 2.04842529e+00
 2.84795532e+00
 7.43114624e+00
 1.06338135e+01
 1.54931580e+01
 2.03654724e+01
 2.62147766e+01
 2.48414246e+01
 1.86776367e+01
 1.19929443e+01
 8.00869141e+00
 5.37691650e+00
 5.11693726e+00
 2.59679565e+00
 7.62740479e+00
 9.46053467e+00
 1.53003479e+01
 1.77550598e+01
 2.52380615e+01
 2.31251770e+01
 1.88478333e+01
 1.39602600e+01
 8.14309082e+00
 5.66921387e+00
 5.44613037e+00
 6.64260254e+00
 7.52404175e+00
 1.11045166e+01
 1.70183655e+01
 2.52833191e+01
 2.89136292e+01
 2.63973938e+01
 1.71580139e+01
 1.39123169e+01
 9.18255005e+00
 4.82946167e+00
 5.47939453e+00
 6.89135132e+00
 1.00801331e+01
 1.07337280e+01
 1.61717773e+01
 2.43091064e+01
 2.40460449e+01
 2.65400330e+01
 2.01661316e+01
 1.17074829e+01
 9.21059570e+00
 6.93499146e+00
 3.38057861e+00
 6.30385742e+00
 7.43401489e+00
 1.15513550e+01
 1.52361694e+01
 2.24654175e+01
 2.36123291e+01
 2.13343140e+01
 1.76408020e+01
 1.18215576e+01
 8.29158936e+00
 5.57891235e+00
 4.46657715e+00
 4.58043823e+00
 8.87584839e+00
 1.15630127e+01
 1.60155273e+01
 2.48799377e+01
 2.53583618e+01
 2.47348877e+01
 1.86552673e+01
 1.07416016e+01
 7.95714722e+00
 6.89568481e+00
 3.48723755e+00
 4.52318726e+00
 9.31878052e+00
 1.14103027e+01
 1.04925781e+01
 1.63686157e+01
 2.43715454e+01
 2.40208069e+01
 1.78537231e+01
 1.16827637e+01
 8.93709717e+00
 6.45952759e+00
 4.40621338e+00
 4.65194092e+00
 7.70638428e+00
 1.05707031e+01
 1.50482117e+01
 1.86144653e+01
 2.53208252e+01
 2.16603333e+01
 1.66261841e+01
 1.32853333e+01
 8.69057617e+00
 5.60869751e+00
 4.23220215e+00
 3.18654785e+00
 7.50948486e+00
 1.08111816e+01
 1.42738892e+01
 1.74354492e+01
 2.35498291e+01
 2.35173279e+01
 1.88503052e+01
 1.14254700e+01
 1.11657349e+01
 5.87099609e+00
 5.23284302e+00
 4.73400269e+00
 7.09017334e+00
 1.08824402e+01
 1.90483643e+01
 1.95459534e+01
 2.32207886e+01
 2.18720337e+01
 1.69258057e+01
 1.37658630e+01
 1.00708557e+01
 3.49672852e+00
 5.19750366e+00
 6.40371094e+00
 1.05363098e+01
 1.27223755e+01
 1.51438232e+01
 2.05606018e+01
 2.50956665e+01
 2.18212219e+01
 1.77249695e+01
 1.20874268e+01
 8.84850464e+00
 7.98201904e+00
 6.33480225e+00
 5.45101318e+00
 8.23113403e+00
 9.16979370e+00
 1.52055908e+01
 1.75301758e+01
 2.34746338e+01
 2.33509766e+01
 1.81690308e+01
 1.24998413e+01
 8.47500000e+00
 7.46752319e+00
 2.13546143e+00
 4.64064941e+00
 5.87789307e+00
 8.78762207e+00
 1.55283752e+01
 2.15066772e+01
 2.41739136e+01
 2.39362122e+01
 1.68040100e+01
 1.17816711e+01
 6.57607422e+00
 5.89516602e+00
 4.20562134e+00
 4.43801270e+00
 8.03014526e+00
 1.22412354e+01
 1.31477600e+01
 1.96126343e+01
 2.35277039e+01
 2.47294250e+01
 1.83042236e+01
 1.14848267e+01
 1.04779907e+01
 6.55315552e+00
 3.49791870e+00
 4.14855347e+00
 7.12828979e+00
 1.14267212e+01
 1.72595459e+01
 2.12743469e+01
 2.60818420e+01
 2.65934998e+01
 2.03539063e+01
 1.31497742e+01
 8.97701416e+00
 6.59963379e+00
 6.59511719e+00
 7.54030762e+00
 9.95614014e+00
 1.40389954e+01
 1.58173767e+01
 2.23512817e+01
 2.28348328e+01
 2.21988464e+01
 1.66730896e+01
 1.01462036e+01
 6.88802490e+00
 6.76445923e+00
 3.01912842e+00
 7.16564331e+00
 6.05227051e+00
 9.89916382e+00
 1.28927246e+01
 2.43435913e+01
 2.65759827e+01
 2.47968689e+01
 1.61996704e+01
 1.32795349e+01
 9.29903564e+00
 6.53737793e+00
 7.76012573e+00
 6.96798096e+00
 8.58092651e+00
 1.17875000e+01
 1.59812561e+01
 2.25374084e+01
 2.52017151e+01
 2.51288086e+01
 1.96248108e+01
 1.15883423e+01
 8.91600952e+00
 7.25292358e+00
 4.85607300e+00
 5.07537231e+00
 8.17431030e+00
 1.03071838e+01
 1.81340576e+01
 2.36782471e+01
 2.40394226e+01
 2.36419617e+01
 1.86705872e+01
 1.36454102e+01
 9.86611328e+00
 3.28112183e+00
 3.64531860e+00
 3.86748657e+00
 9.03557739e+00
 1.20652100e+01
 1.63524719e+01
 2.01261536e+01
 2.62302795e+01
 2.53938232e+01
 1.76010681e+01
 1.28714233e+01
 5.90227661e+00
 5.89019165e+00
 1.58171997e+00
 5.87539063e+00
 7.70391235e+00
 1.18406921e+01
 1.56764160e+01
 1.97855164e+01
 2.44337708e+01
 2.70638672e+01
 1.75833984e+01
 1.30722290e+01
 6.14983521e+00
 8.28411255e+00
 5.13439331e+00
 3.69735107e+00
 6.65993652e+00
 9.40401611e+00
 1.59378601e+01
 1.88494812e+01
 2.16334167e+01
 2.53639771e+01
 1.87318359e+01
 1.12622314e+01
 8.55141602e+00
 7.48085938e+00
 5.65020142e+00
 5.66488037e+00
 7.72594604e+00
 1.25794006e+01
 1.83290649e+01
 2.05603271e+01
 2.17213684e+01
 2.12937866e+01
 1.96336914e+01
 1.34815918e+01
 7.00954590e+00
 3.58135376e+00
 4.20260010e+00
 3.19881592e+00
 9.91127930e+00
 1.20390564e+01
 1.50454346e+01
 1.98465515e+01
 2.46494995e+01
 2.16731201e+01
 1.57730652e+01
 9.90923462e+00
 9.65203247e+00
 5.76397095e+00
 7.97570190e+00
 4.55574951e+00
 4.31765137e+00
 1.24952026e+01
 2.04360901e+01
 2.32300659e+01
 2.65363708e+01
 2.36354919e+01
 2.04906860e+01
 1.36091553e+01
 1.08193604e+01
 7.63494263e+00
 6.13579712e+00
 8.01830444e+00
 7.91619263e+00
 1.21435181e+01
 1.81982056e+01
 2.00550476e+01
 2.74972778e+01
 2.26687866e+01
 1.73489929e+01
 1.25985657e+01
 9.66417847e+00
 7.24749146e+00
 7.94307861e+00
 6.15670166e+00
 8.44375000e+00
 1.10820251e+01
 1.43747192e+01
 1.90878540e+01
 2.28960815e+01
 2.42115723e+01
 1.69467407e+01
 1.15352112e+01
 9.29287109e+00
 3.43908081e+00
