 2.06475220e+00
 2.92400513e+00
 6.88149414e+00
 9.44219360e+00
 1.58489319e+01
 1.97605835e+01
 2.34620911e+01
 2.36552979e+01
 1.89188171e+01
 1.56513306e+01
 7.98052368e+00
 8.89644775e+00
 4.62221680e+00
 4.80153809e+00
 5.78103027e+00
 9.03902588e+00
 1.80819641e+01
 2.45750671e+01
 2.58118835e+01
 2.26460205e+01
 1.75681702e+01
 1.20767151e+01
 9.25032959e+00
 6.23110352e+00
 4.63555908e-01
 1.28215942e+00
 4.02776489e+00
 1.18740173e+01
 1.64213806e+01
 2.23135010e+01
 2.41695190e+01
 2.34370056e+01
 1.47569519e+01
 1.50760742e+01
 8.54912720e+00
 5.01000366e+00
 3.53420410e+00
 6.91927490e+00
 7.30574951e+00
 1.14637085e+01
 1.56936584e+01
 1.91472412e+01
 2.22054382e+01
 2.21108643e+01
 1.62113281e+01
 1.09919678e+01
 6.93889771e+00
 9.94173584e+00
 4.25005493e+00
 2.09942017e+00
 6.63564453e+00
 1.10795532e+01
 1.64990479e+01
 2.01976868e+01
 2.23354126e+01
 2.41145264e+01
 1.85435425e+01
 1.28318726e+01
 1.02890869e+01
 6.24981079e+00
 4.75420532e+00
 1.53872070e+00
 7.07280884e+00
 1.17089783e+01
 1.64119202e+01
 2.07354980e+01
 2.47690369e+01
 2.24086548e+01
 1.91622253e+01
 1.38027893e+01
 9.28310547e+00
 7.41250000e+00
 2.22600708e+00
 6.84249268e+00
 7.18209229e+00
 1.37286621e+01
 1.49985901e+01
 2.34432007e+01
 2.28354431e+01
 2.11059814e+01
 1.78268372e+01
 1.40981995e+01
 1.10991760e+01
 5.69429932e+00
 4.52358398e+00
 5.04912720e+00
 6.33037720e+00
 1.25933777e+01
 1.71613403e+01
 1.94861084e+01
 2.39775635e+01
 2.17624756e+01
 1.71677490e+01
 1.24313904e+01
 1.09250427e+01
 6.80013428e+00
 4.16637573e+00
 4.79021606e+00
 8.56710205e+00
 1.13537842e+01
 1.62541748e+01
 2.11809326e+01
 2.44071899e+01
 2.48965698e+01
 1.83630920e+01
 1.19449707e+01
 8.98342285e+00
 2.49434814e+00
 2.96218262e+00
 4.12816772e+00
 6.57393799e+00
 1.09185120e+01
 1.49289490e+01
 2.37076355e+01
 2.40865723e+01
 2.04253784e+01
 1.83023010e+01
 1.57834412e+01
 6.59392700e+00
 5.54766235e+00
 3.23027954e+00
 6.11501465e+00
 7.20812378e+00
 1.15025269e+01
 1.68234802e+01
 2.25045105e+01
 2.42236877e+01
 2.19264771e+01
 1.95678650e+01
 1.51439758e+01
 9.41997681e+00
 4.40664063e+00
 5.60668335e+00
 9.25277100e+00
 1.02746521e+01
 1.28254639e+01
 1.89402100e+01
 2.43011108e+01
 2.43749329e+01
 2.26351257e+01
 1.82060181e+01
 1.23716980e+01
 8.08248291e+00
 4.14260254e+00
 2.05986938e+00
 3.91768799e+00
 4.69017944e+00
 1.34244019e+01
 1.58512512e+01
 2.07282959e+01
 2.35031677e+01
 2.13962646e+01
 1.90750977e+01
 1.33866516e+01
 1.00516602e+01
 3.78872070e+00
 -4.34686890e+00
 2.01116333e+00
 8.86623535e+00
 1.36155029e+01
 1.97231995e+01
 2.14668213e+01
 2.45944763e+01
 2.36454407e+01
 1.88154236e+01
 1.37276245e+01
 1.12292419e+01
 8.41298828e+00
 2.78756104e+00
 7.16713867e+00
 9.87780151e+00
 1.18787476e+01
 1.88718201e+01
 2.24098145e+01
 2.23944641e+01
 2.27159668e+01
 1.65232788e+01
 1.66632935e+01
 1.13269287e+01
 8.06179199e+00
 5.22408447e+00
 6.89431152e+00
 7.58068237e+00
 1.35998169e+01
 1.71046082e+01
 2.44314209e+01
 2.88268677e+01
 2.59536072e+01
 2.18840271e+01
 1.11877991e+01
 5.28530273e+00
 2.29705200e+00
 7.07573853e+00
 1.04082642e+00
 6.86229858e+00
 9.95000610e+00
 1.56240479e+01
 1.97553955e+01
 2.35838867e+01
 2.44736572e+01
 1.80207153e+01
 1.18901611e+01
 6.95736084e+00
 5.86361084e+00
 5.92272339e+00
 6.64455566e+00
 5.66539917e+00
 1.27818848e+01
 1.78911072e+01
 2.29135986e+01
 2.67383972e+01
 2.62435547e+01
 2.07397095e+01
 1.59865356e+01
 1.00912109e+01
 3.41478882e+00
 7.72612915e+00
 5.75433350e-01
 7.59960327e+00
 1.15512329e+01
 1.76861816e+01
 2.11055542e+01
 2.23767029e+01
 2.33659302e+01
 2.07405945e+01
 1.22945801e+01
 1.12699219e+01
 7.49828491e+00
 3.52675781e+00
 5.30416260e+00
 8.71151123e+00
 1.20992981e+01
 1.55678955e+01
 2.31888367e+01
 2.48268066e+01
 2.59414307e+01
 1.98843018e+01
 1.46313721e+01
 1.20255371e+01
 6.14486084e+00
 5.62520752e+00
 8.18071899e+00
 1.02392822e+01
 1.09147278e+01
 1.79180847e+01
 1.92366577e+01
 2.43365112e+01
 2.23618103e+01
 1.70602051e+01
 1.29066711e+01
 6.68242798e+00
 1.49828491e+00
 6.80114136e+00
 3.65389404e+00
 7.58022461e+00
 1.02885681e+01
 1.55795532e+01
 2.08886963e+01
 2.33158508e+01
 2.47768188e+01
 1.75169617e+01
 1.29637695e+01
 9.62539063e+00
 1.85540161e+00
 3.90270386e+00
 3.47747192e+00
 6.07402954e+00
 8.63979492e+00
 1.63968750e+01
 2.35615173e+01
 2.60700928e+01
 2.47844482e+01
 1.75079590e+01
 1.27091309e+01
 8.55361328e+00
 3.84334717e+00
 2.87532959e+00
 4.28078613e+00
 3.06789551e+00
 1.15022217e+01
 1.47832886e+01
 2.15559326e+01
 2.31607605e+01
 2.37522827e+01
 1.97850281e+01
 1.43893372e+01
 1.19250427e+01
 7.95119629e+00
 6.94878540e+00
 6.84737549e+00
 6.01781616e+00
 1.13083740e+01
 1.81821228e+01
 2.12610413e+01
 2.42585999e+01
 2.42718140e+01
 1.89359070e+01
 1.54500671e+01
 1.08051392e+01
 8.82882080e+00
 6.84658203e+00
 6.10402832e+00
 9.16582642e+00
 1.21277405e+01
 1.74076477e+01
 2.33437744e+01
 2.41007019e+01
 2.08911377e+01
 1.58129822e+01
 1.11771484e+01
 1.07903687e+01
 4.82485352e+00
 5.07128296e+00
 9.04253540e+00
 9.87197266e+00
 1.33868652e+01
 1.66231934e+01
 2.31189209e+01
 2.59414917e+01
 2.72389771e+01
 2.03771912e+01
 1.25931641e+01
 1.06726013e+01
 6.39339600e+00
 2.99187622e+00
 3.74660645e+00
 5.45839844e+00
 1.45446411e+01
 1.71996704e+01
 2.55805908e+01
 2.80835205e+01
 2.70700317e+01
 2.01646667e+01
 1.44183594e+01
 4.35744629e+00
 3.48653564e+00
 4.84533081e+00
 6.67369995e+00
 7.90194092e+00
 8.70192871e+00
 1.82715088e+01
 2.30990845e+01
 2.66633850e+01
 2.53233887e+01
 1.77013184e+01
 1.20712524e+01
 9.36235962e+00
 7.12926636e+00
 4.04396973e+00
 4.50731812e+00
 9.02379761e+00
 1.40431152e+01
 1.60055786e+01
 2.27661682e+01
 2.49209229e+01
 2.26657654e+01
 2.08393494e+01
 1.58153015e+01
 8.27413330e+00
 1.51424561e+00
 2.52038574e-01
 6.09673462e+00
 6.82723389e+00
 1.28796936e+01
 1.84923035e+01
 2.29262939e+01
 2.53156372e+01
 2.27455078e+01
 1.96939026e+01
 1.35498291e+01
 7.22377930e+00
 5.19750366e+00
 1.38543091e+00
 6.95690308e+00
 7.77883301e+00
 1.40146729e+01
 1.77666260e+01
 2.41988770e+01
 2.55770203e+01
 2.43271118e+01
 1.75409485e+01
 1.45847412e+01
 1.25242859e+01
 9.45049438e+00
 5.82747803e+00
 7.12542114e+00
 1.05297180e+01
 1.17169128e+01
 1.61456848e+01
 2.11606689e+01
 2.69937683e+01
 2.34038330e+01
 1.91871887e+01
 1.65354553e+01
 8.38085327e+00
 2.74981079e+00
 6.04671631e+00
 6.35076294e+00
 1.01080872e+01
 1.00160461e+01
 1.62467896e+01
 1.98057190e+01
 2.35472961e+01
 2.34979187e+01
 1.95608154e+01
 1.35351196e+01
 6.42159424e+00
 5.89156494e+00
 9.70137939e+00
 2.93563232e+00
 7.57604370e+00
 1.09801575e+01
 1.76819397e+01
 2.24593445e+01
 2.57689453e+01
 2.22183472e+01
 1.74742981e+01
 1.41014343e+01
 8.38335571e+00
 3.37838135e+00
 5.09057007e+00
 5.99630127e+00
 8.54522095e+00
 1.31819702e+01
 1.56424500e+01
 2.33123108e+01
 2.49100281e+01
 2.33775269e+01
 1.95057312e+01
 1.64185425e+01
 1.07466675e+01
 6.52459106e+00
 6.68279419e+00
 3.82119141e+00
 8.73681030e+00
 1.11388489e+01
 1.67736755e+01
 2.12786499e+01
 2.43954102e+01
 2.55031677e+01
 2.11531311e+01
 1.32945496e+01
 9.20266113e+00
 6.53176270e+00
 4.65679321e+00
 6.14187012e+00
 7.10341797e+00
 1.30779663e+01
 1.59798523e+01
 2.09090210e+01
 2.40383545e+01
 2.24172607e+01
 1.87217346e+01
 1.63901611e+01
 1.11042419e+01
 4.80864868e+00
 3.05193481e+00
 5.69121704e+00
 6.05639038e+00
 1.57612244e+01
 1.82766663e+01
 2.32606445e+01
 2.50092102e+01
 2.23096252e+01
 1.90860535e+01
 1.51890808e+01
 9.32552490e+00
 6.87139282e+00
 5.33367310e+00
 6.59148560e+00
 1.01567322e+01
 1.18164001e+01
 1.79984680e+01
 2.55088440e+01
 2.63529602e+01
 2.72145325e+01
 2.00408264e+01
 1.74862610e+01
 7.01665649e+00
 2.19521484e+00
 6.27242432e+00
 6.56893311e+00
 7.01989136e+00
 1.31516968e+01
 1.93522278e+01
 2.63355347e+01
 2.74470154e+01
 2.42676941e+01
 1.93208252e+01
 1.60421692e+01
 7.67992554e+00
 5.89284668e+00
 6.26271973e+00
 5.91475830e+00
 7.06594238e+00
 1.27771851e+01
 1.73086792e+01
 2.46505981e+01
 2.74101501e+01
 2.30273376e+01
 1.77870422e+01
 1.39498535e+01
 9.94054565e+00
 5.24819336e+00
 6.81603394e+00
 9.57781372e+00
 9.83577881e+00
 1.26472412e+01
 1.72791687e+01
 2.27027527e+01
 2.72003113e+01
 2.48968750e+01
 2.01465698e+01
 1.53575684e+01
 7.06350098e+00
 7.14598999e+00
 7.08876953e+00
 5.34917603e+00
 8.10201416e+00
 1.58992554e+01
 1.76754089e+01
 2.34324585e+01
 2.65457703e+01
 2.26805969e+01
 2.12114807e+01
 1.65936218e+01
 1.31028687e+01
 3.80404053e+00
 5.64229736e+00
 6.85814819e+00
 9.32796631e+00
 1.10111938e+01
 1.92329651e+01
 2.33642517e+01
 2.47658325e+01
 2.33184143e+01
 2.03004089e+01
 1.39242188e+01
 5.33800659e+00
 7.49404297e+00
 7.61831055e+00
 5.81148682e+00
 8.36614380e+00
 1.44955078e+01
 1.72110535e+01
 2.12459351e+01
 2.40544067e+01
 2.22602173e+01
 1.93310486e+01
 1.38099304e+01
 1.25634094e+01
 5.45647583e+00
 5.32024536e+00
 -1.74954834e+00
 5.53734741e+00
 1.03575684e+01
 1.76678101e+01
 2.62601257e+01
 2.95328613e+01
 2.45095764e+01
 1.84638306e+01
 1.61655823e+01
 9.78954468e+00
 5.95647583e+00
 5.21547852e+00
 6.85021362e+00
 9.44280396e+00
 1.64291016e+01
 1.89677979e+01
 2.54751831e+01
 2.82257629e+01
 2.29676147e+01
 2.07184082e+01
 1.49611450e+01
 8.52126465e+00
 5.59472046e+00
 4.04329834e+00
 7.20781860e+00
 8.62600098e+00
 1.28488403e+01
 2.12923523e+01
 2.42083069e+01
 2.62205139e+01
 2.25322205e+01
 2.03418823e+01
 1.38871399e+01
 9.81545410e+00
 7.88887939e+00
 6.76302490e+00
 2.44573364e+00
 9.11760864e+00
 1.26895691e+01
 1.97022339e+01
 2.31169678e+01
 2.86990295e+01
 2.63510071e+01
 2.07614075e+01
 1.77882324e+01
 1.29014221e+01
 8.51036987e+00
 6.28521118e+00
 6.39220581e+00
 7.24859009e+00
 1.55515686e+01
 1.83367249e+01
 2.37925354e+01
 2.65702454e+01
 2.37842041e+01
 1.96764465e+01
 1.53984009e+01
 1.39843384e+01
 8.93532715e+00
 5.50396118e+00
 9.66875610e+00
 9.57747803e+00
 1.49712158e+01
 2.05452515e+01
 2.25912415e+01
 2.34099670e+01
 2.44565369e+01
 2.09790588e+01
 1.48820129e+01
 1.01376282e+01
 5.25997314e+00
 3.53853760e+00
 5.84530029e+00
 7.57082520e+00
 1.22477966e+01
 1.95566650e+01
 2.48876892e+01
 2.88481689e+01
 2.74383179e+01
 1.94032837e+01
 1.85197998e+01
 1.33363281e+01
 7.71309814e+00
 5.43477783e+00
 6.92717896e+00
 1.05114380e+01
 1.56149231e+01
 1.95633484e+01
 2.31643311e+01
 2.55216003e+01
 2.49429260e+01
 2.01409241e+01
 1.84831482e+01
 1.14183899e+01
 7.33181152e+00
 5.81255493e+00
 7.02993164e+00
 9.61300049e+00
 1.26939331e+01
 1.96732422e+01
 2.54277893e+01
 2.56190430e+01
 2.20027100e+01
 1.95457703e+01
 1.41088806e+01
 9.84374390e+00
 4.54400024e+00
 3.30275879e+00
 2.46968994e+00
 1.05350281e+01
 1.54089905e+01
 2.02043091e+01
 2.15410400e+01
 2.61459595e+01
 2.79123169e+01
 1.82791382e+01
 1.49840637e+01
 1.10024658e+01
 8.90853271e+00
 9.29439697e+00
 8.86987305e-01
 4.99416504e+00
 1.07447144e+01
 1.78816772e+01
 2.44833313e+01
 2.91736389e+01
 2.52869202e+01
 1.87131897e+01
 1.50982910e+01
 1.03322998e+01
 7.89205322e+00
 6.63018188e+00
 6.56450806e+00
 1.05797668e+01
 1.54865051e+01
 1.89137512e+01
 2.38034912e+01
 2.84451843e+01
 2.76815125e+01
 1.86308838e+01
 1.57164551e+01
 1.21693970e+01
 6.10326538e+00
 4.67739258e+00
 6.76207886e+00
 7.39626465e+00
 1.02236267e+01
 2.29344421e+01
 2.35166260e+01
 2.85419861e+01
 2.59012085e+01
 2.05264221e+01
 1.55801636e+01
 1.35521484e+01
 8.71239624e+00
 7.67940674e+00
 7.48265991e+00
 1.06854187e+01
 1.27815186e+01
 1.90201965e+01
 2.54231812e+01
 2.65637146e+01
 2.71241699e+01
 2.01477905e+01
 1.46524902e+01
 9.04039917e+00
 5.86309204e+00
 7.58608398e+00
 2.14473877e+00
 8.97368774e+00
 1.28155151e+01
 1.82935425e+01
 2.31301208e+01
 2.57174316e+01
 2.62817627e+01
 2.35965820e+01
 1.74263855e+01
 1.57751709e+01
 6.36312256e+00
 8.20113525e+00
 7.50951538e+00
 1.13417297e+01
 1.12390686e+01
 1.82145935e+01
 2.31873108e+01
 2.61055237e+01
 2.63625122e+01
 2.08059937e+01
 1.51570068e+01
 9.41164551e+00
 7.24385986e+00
 4.19375000e+00
 5.84978638e+00
 8.73873291e+00
 1.50283447e+01
 1.70761047e+01
 2.31837402e+01
 2.84445129e+01
 2.75568787e+01
 2.35740906e+01
 1.70443665e+01
 1.13425842e+01
 8.63881836e+00
 8.28069458e+00
 6.46868286e+00
 9.25106201e+00
 1.39104858e+01
 1.71781250e+01
 2.52170654e+01
 2.48953796e+01
 2.31615234e+01
 1.94335876e+01
 1.83188721e+01
 1.37277161e+01
 7.09462891e+00
 3.89910278e+00
 7.44170532e+00
 1.10731140e+01
 1.54988953e+01
 1.89084717e+01
 2.58271423e+01
 2.59973083e+01
 2.67707153e+01
 2.06521545e+01
 1.52380615e+01
 9.22197876e+00
 1.14862000e+01
 7.52468262e+00
 5.50518188e+00
 7.68300781e+00
 1.34756104e+01
 1.73301331e+01
 2.00380798e+01
 2.56986938e+01
 2.41411682e+01
 1.99458557e+01
 1.63936096e+01
 1.40657593e+01
 5.12597046e+00
 5.76238403e+00
 5.35555420e+00
 1.08042542e+01
 1.55577637e+01
 1.75672852e+01
 2.17390991e+01
 2.70753418e+01
 2.52642151e+01
 2.13968140e+01
 1.61398560e+01
 1.01807495e+01
 7.78905640e+00
 4.44500122e+00
 7.24956665e+00
 9.63131104e+00
 1.52586609e+01
 1.80352417e+01
 2.22535645e+01
 2.56275574e+01
 2.47960754e+01
 2.06143433e+01
 1.21652161e+01
 1.21786743e+01
 6.26580200e+00
 7.04595337e+00
 7.15505371e+00
 8.28756104e+00
 1.11209961e+01
 1.59133240e+01
 2.32746521e+01
 2.89877869e+01
 2.59236084e+01
 1.96246277e+01
 1.60966431e+01
 1.23809753e+01
 8.63320313e+00
 5.08413086e+00
 5.31331787e+00
 9.09856567e+00
 1.55998779e+01
 1.98827454e+01
 2.79725586e+01
 2.95262695e+01
 2.57025696e+01
 2.34742676e+01
 1.68166443e+01
 1.23927856e+01
 4.72026978e+00
 3.13494263e+00
 9.17037354e+00
 8.29314575e+00
 1.37171570e+01
 1.80309387e+01
 2.12922302e+01
 2.50092407e+01
 2.69011780e+01
 2.00288635e+01
 1.34535156e+01
 7.90892944e+00
 2.96233521e+00
 2.82213745e+00
 -1.56055298e+00
 8.73967896e+00
 1.30530029e+01
 1.69305969e+01
 2.42914368e+01
 2.85659119e+01
 2.88095642e+01
 2.34313293e+01
 1.28034607e+01
 8.98644409e+00
 6.80660400e+00
 2.38054810e+00
 4.26976929e+00
 8.65578613e+00
 1.28399902e+01
 1.98869263e+01
 2.43059937e+01
 2.54996277e+01
 2.47723022e+01
 1.92546021e+01
 1.74413696e+01
 1.33194214e+01
 8.21297607e+00
 7.25902710e+00
 5.80330811e+00
 9.94393311e+00
 1.23629700e+01
 1.66296631e+01
 2.25515381e+01
 2.39078003e+01
 2.22164246e+01
 2.02604614e+01
 1.55232483e+01
 1.27087952e+01
 8.66457520e+00
 9.99331055e+00
 6.47066650e+00
 1.23223206e+01
 1.31064087e+01
 1.92556396e+01
 2.28182007e+01
 2.76366211e+01
 2.71836487e+01
 2.01624695e+01
 1.41743408e+01
 1.02070862e+01
 6.22997437e+00
 9.91094360e+00
 6.90267334e+00
 9.19140015e+00
 1.45341431e+01
 1.83819824e+01
 2.51832825e+01
 2.69476563e+01
 2.63195740e+01
 2.21367126e+01
 1.39781433e+01
 1.27417847e+01
 7.64800415e+00
 9.11489258e+00
 5.79088745e+00
 1.03695618e+01
 1.38793884e+01
 1.74128052e+01
 2.32320801e+01
 2.69743896e+01
 2.60601135e+01
 2.12890564e+01
 1.42619873e+01
 1.19264160e+01
 7.52834473e+00
 4.81578979e+00
 7.82180176e+00
 9.11287842e+00
 1.29083801e+01
 1.84707275e+01
 2.40829712e+01
 2.65862366e+01
 2.29014221e+01
 1.89663940e+01
 1.83868347e+01
 8.59331665e+00
 5.86208496e+00
 7.94005737e+00
 7.92437134e+00
 7.36522827e+00
 1.20392700e+01
 1.81572815e+01
 2.25227905e+01
 2.64565674e+01
 2.28270203e+01
 2.17763000e+01
 1.67367493e+01
 9.06557617e+00
 9.93139038e+00
 4.98159180e+00
 4.95113525e+00
 9.60289917e+00
 1.54424988e+01
 1.84414612e+01
 2.69418884e+01
 2.97296387e+01
 2.71204468e+01
 2.00174194e+01
 1.30660950e+01
 9.09874878e+00
 3.99483643e+00
 3.18108521e+00
 5.40148315e+00
 8.78612671e+00
 1.31639038e+01
 1.91255737e+01
 2.49074341e+01
 2.55278259e+01
 2.73878418e+01
 2.26166626e+01
 1.67373291e+01
 1.16469666e+01
 4.73571167e+00
 9.67431030e+00
 8.43312988e+00
 9.19933472e+00
 1.23400208e+01
 1.70880371e+01
 2.25014282e+01
 2.52363220e+01
 2.49382568e+01
 2.07822510e+01
 1.59208008e+01
 9.42067871e+00
 5.73696289e+00
 8.84072266e+00
 6.59411011e+00
 1.22161804e+01
 1.48082825e+01
 1.83392883e+01
 2.25636841e+01
 2.73747192e+01
 2.60958191e+01
 2.10308777e+01
 1.88136841e+01
 1.21191040e+01
 1.00486694e+01
 1.02072083e+01
 9.89293823e+00
 1.10862671e+01
 1.38811279e+01
 1.59937683e+01
 2.31505981e+01
 2.83879333e+01
 2.67040955e+01
 2.08901001e+01
 1.66895691e+01
 1.39603516e+01
 9.37569580e+00
 1.00451904e+01
 8.13628540e+00
 1.13701416e+01
 1.36478821e+01
 1.64729553e+01
 2.31139160e+01
 2.53097778e+01
 2.45188538e+01
 1.95888611e+01
 1.78835083e+01
 8.71795044e+00
 7.45626221e+00
 5.13125000e+00
 4.12197266e+00
 9.88939819e+00
 1.47962891e+01
 1.71264893e+01
 2.48915344e+01
 2.63816467e+01
 2.68828064e+01
 2.09918457e+01
 1.62115112e+01
 1.13521667e+01
 8.71074829e+00
 4.75942383e+00
 8.40285645e+00
 1.26506897e+01
 1.60964905e+01
 2.29947449e+01
 2.48467041e+01
 2.83398071e+01
 2.91491943e+01
 2.39701477e+01
 1.85489136e+01
 1.30473572e+01
 4.96209106e+00
 1.16655212e+01
 6.81798706e+00
 6.65557251e+00
 1.09346558e+01
 1.66480652e+01
 2.48418823e+01
 2.44433838e+01
 2.56011902e+01
 2.04895874e+01
 1.67125793e+01
 1.09543091e+01
 8.21358643e+00
 6.57448730e+00
 5.81847534e+00
 1.14943787e+01
 1.35501038e+01
 1.90371948e+01
 2.22102295e+01
 2.52679382e+01
 2.57176758e+01
 2.14215637e+01
 1.62872864e+01
 1.11872192e+01
 2.39098511e+00
 4.73787842e+00
 6.08394775e+00
 1.02486206e+01
 1.45673157e+01
 1.83330627e+01
 2.23126465e+01
 2.46159302e+01
 2.85439697e+01
 2.13729492e+01
 1.52017456e+01
 1.22096191e+01
 7.82851563e+00
 3.56643066e+00
 5.67702637e+00
 9.77007446e+00
 1.37487732e+01
 1.95245605e+01
 2.50874573e+01
 2.62122742e+01
 2.64947449e+01
 1.78768250e+01
 1.35561768e+01
 1.11437622e+01
 7.82537231e+00
 8.23818359e+00
 7.33529053e+00
 7.74233398e+00
 1.33206421e+01
 1.71871887e+01
 2.19165894e+01
 2.44467712e+01
 2.39760376e+01
 2.07286926e+01
 1.55383240e+01
 1.25747314e+01
 1.01592346e+01
 7.06847534e+00
 1.04743591e+01
 1.12208801e+01
 1.41338135e+01
 1.73352600e+01
 2.39427429e+01
 2.80708252e+01
 2.33247009e+01
 1.78534485e+01
 1.62642761e+01
 8.09258423e+00
 8.86058960e+00
 5.33022461e+00
 7.35897217e+00
 6.53804932e+00
 1.44418274e+01
 1.77823730e+01
 2.51717773e+01
 2.79162231e+01
 2.52110229e+01
 2.07497803e+01
 1.63911987e+01
 1.30851379e+01
 8.49746094e+00
 6.40023193e+00
 6.90334473e+00
 9.69066772e+00
 1.61366516e+01
 2.26127869e+01
 2.65611206e+01
 2.88859802e+01
 2.38206421e+01
 2.15159241e+01
 1.51355835e+01
 1.25230957e+01
 8.35769043e+00
 2.47988281e+00
 3.99599609e+00
 8.81331787e+00
 1.48351685e+01
 1.79481445e+01
 2.12363220e+01
 2.50154358e+01
 2.59990173e+01
 2.18803345e+01
 1.53948303e+01
 1.10819336e+01
 9.70769653e+00
 7.20272217e+00
 4.02053223e+00
 7.67598877e+00
 1.39596191e+01
 1.58021484e+01
 2.54830261e+01
 2.96192871e+01
 2.39876953e+01
 2.29207092e+01
 1.83321777e+01
 1.10151917e+01
 1.04244629e+01
 9.83168945e+00
 5.28988037e+00
 9.25069580e+00
 1.46563660e+01
 1.56730591e+01
 2.10519043e+01
 2.65886780e+01
 2.43458801e+01
 2.02667175e+01
 1.74088379e+01
 1.05531860e+01
 6.60122070e+00
 6.42876587e+00
 4.54982910e+00
 8.81316528e+00
 1.45806519e+01
 1.72028442e+01
 2.36910645e+01
 2.44959351e+01
 2.50121704e+01
 2.20136353e+01
 1.58435913e+01
 1.17847534e+01
 9.68322144e+00
 3.83223877e+00
 8.21599731e+00
 9.91793213e+00
 1.45552307e+01
 1.85689636e+01
 2.19302612e+01
 2.51038757e+01
 2.33194519e+01
 1.91823059e+01
 1.66092163e+01
 1.18517090e+01
 9.86623535e+00
