 7.53539429e+00
 7.25399170e+00
 7.77248535e+00
 1.13582092e+01
 1.49054504e+01
 2.05791260e+01
 2.58198181e+01
 2.37985474e+01
 1.88787476e+01
 1.43272644e+01
 1.18048340e+01
 6.18874512e+00
 3.04284058e+00
 9.85540161e+00
 1.02194763e+01
 1.16327759e+01
 1.45104309e+01
 2.11970459e+01
 2.28292480e+01
 2.17824951e+01
 1.97632996e+01
 1.59549500e+01
 1.25006653e+01
 5.78869019e+00
 4.77755127e+00
 6.24257813e+00
 9.00591431e+00
 1.13740784e+01
 1.51338440e+01
 1.97786804e+01
 2.66815430e+01
 2.36077209e+01
 2.03539368e+01
 1.54888245e+01
 1.26242615e+01
 7.84902344e+00
 5.30718384e+00
 6.19878540e+00
 8.04290161e+00
 1.19186951e+01
 1.66827026e+01
 2.33880249e+01
 2.38236328e+01
 2.48663879e+01
 1.97581726e+01
 1.51335999e+01
 9.39324341e+00
 6.20446167e+00
 4.49431763e+00
 4.16912231e+00
 7.86876831e+00
 1.19988037e+01
 1.49500061e+01
 1.88609253e+01
 2.37722107e+01
 2.26335388e+01
 2.03273254e+01
 1.35834595e+01
 9.05089722e+00
 5.71343384e+00
 2.80141602e+00
 6.94066772e+00
 9.32521973e+00
 1.06485535e+01
 1.64157959e+01
 1.98442932e+01
 2.42699219e+01
 2.18598572e+01
 2.05878845e+01
 1.52031189e+01
 8.84597168e+00
 8.73226318e+00
 4.20421753e+00
 6.41323242e+00
 7.76470337e+00
 1.15475098e+01
 1.48532043e+01
 1.91179138e+01
 2.44245850e+01
 2.26700378e+01
 1.68032776e+01
 1.50348145e+01
 1.21258179e+01
 5.16408691e+00
 6.02001343e+00
 2.90239868e+00
 7.70165405e+00
 1.15886475e+01
 1.79750916e+01
 1.95624634e+01
 2.40881897e+01
 2.38511292e+01
 1.83249146e+01
 1.50433289e+01
 1.16654907e+01
 4.93657837e+00
 8.44088135e+00
 4.12960205e+00
 7.83092651e+00
 1.09330078e+01
 1.72685181e+01
 2.30427185e+01
 2.47381226e+01
 2.44583679e+01
 1.94276367e+01
 1.44897400e+01
 1.20143982e+01
 8.37310181e+00
 4.41417847e+00
 7.39684448e+00
 8.39437256e+00
 1.31243530e+01
 1.67736145e+01
 2.12860962e+01
 2.65947815e+01
 2.47127014e+01
 1.99811035e+01
 1.31795593e+01
 1.34558960e+01
 1.00684448e+01
 5.98076782e+00
 6.29570923e+00
 7.63463745e+00
 1.18740173e+01
 1.51985413e+01
 1.96888672e+01
 2.28238159e+01
 2.49559265e+01
 2.15413452e+01
 1.25208679e+01
 9.71941528e+00
 6.50988159e+00
 7.52398071e+00
 4.53576050e+00
 9.09856567e+00
 1.19944397e+01
 1.73194824e+01
 2.15171143e+01
 2.31809021e+01
 2.29025513e+01
 2.12839905e+01
 1.75558716e+01
 8.69970093e+00
 1.00800415e+01
 7.73934326e+00
 6.67864380e+00
 1.00255981e+01
 1.25506226e+01
 1.56132141e+01
 1.95591370e+01
 2.32710510e+01
 2.45169006e+01
 1.98283325e+01
 1.65042969e+01
 8.64000854e+00
 9.33202515e+00
 3.45232544e+00
 6.56127319e+00
 7.61040649e+00
 1.22453857e+01
 1.55393921e+01
 1.91353699e+01
 2.26047302e+01
 2.45320984e+01
 1.91668335e+01
 1.37251831e+01
 1.05000549e+01
 7.24947510e+00
 4.40508423e+00
 3.10381470e+00
 6.88698730e+00
 1.25687195e+01
 1.50589844e+01
 1.99701782e+01
 2.56995178e+01
 2.41831604e+01
 2.08540894e+01
 1.54575745e+01
 8.82283936e+00
 7.12258301e+00
 3.76986084e+00
 8.27071533e+00
 1.03619324e+01
 1.06718689e+01
 1.45020996e+01
 2.08776489e+01
 2.45648743e+01
 2.45915771e+01
 1.98333679e+01
 1.60814453e+01
 1.12076660e+01
 9.79323730e+00
 3.90072021e+00
 7.23308716e+00
 1.01275879e+01
 1.25553223e+01
 1.63973328e+01
 2.18917480e+01
 2.41720520e+01
 2.21523071e+01
 1.84126526e+01
 1.41553284e+01
 1.21850830e+01
 6.23406372e+00
 5.99013672e+00
 5.84224854e+00
 8.80669556e+00
 1.09620300e+01
 1.54197021e+01
 2.00040833e+01
 2.42952515e+01
 2.40131775e+01
 2.25260254e+01
 1.85031067e+01
 8.87020264e+00
 8.00847778e+00
 5.61153564e+00
 8.32814941e+00
 1.05456787e+01
 1.15285278e+01
 1.65151306e+01
 2.15948730e+01
 2.18549438e+01
 2.21129089e+01
 1.81929260e+01
 1.34428650e+01
 1.25333801e+01
 7.32055054e+00
 5.73339233e+00
 3.94268188e+00
 8.97945557e+00
 1.09483276e+01
 1.45682922e+01
 1.98588806e+01
 2.16493164e+01
 2.39403015e+01
 2.04656006e+01
 1.40522705e+01
 1.08288513e+01
 9.19716797e+00
 5.64785156e+00
 5.38460693e+00
 8.56273804e+00
 1.02416626e+01
 1.51637207e+01
 2.01303345e+01
 2.47960754e+01
 2.32512756e+01
 1.92198120e+01
 1.60451599e+01
 1.14560791e+01
 7.13863525e+00
 8.30086670e+00
 6.08849487e+00
 7.37243042e+00
 1.27010437e+01
 1.69055725e+01
 2.24432922e+01
 2.44658142e+01
 2.32452637e+01
 1.80622803e+01
 1.29325500e+01
 8.11156616e+00
 5.65886841e+00
 8.15239868e+00
 7.83474121e+00
 7.22326050e+00
 1.17618042e+01
 1.78748413e+01
 2.42723938e+01
 2.48697449e+01
 2.28417297e+01
 1.87470337e+01
 1.34407898e+01
 1.18861328e+01
 7.22942505e+00
 6.74520264e+00
 6.07396851e+00
 7.46285400e+00
 1.19333740e+01
 1.45116821e+01
 1.97170654e+01
 2.42350708e+01
 2.43752075e+01
 2.00815979e+01
 1.71522156e+01
 1.35702759e+01
 9.33892212e+00
 6.34560547e+00
 7.43145142e+00
 8.53206787e+00
 1.18850342e+01
 1.67993713e+01
 2.39152771e+01
 2.35777832e+01
 2.36670471e+01
 1.88377930e+01
 1.40028320e+01
 7.88576660e+00
 6.61983643e+00
 7.06701050e+00
 7.01516113e+00
 9.31731567e+00
 1.14449097e+01
 1.55102478e+01
 1.89608093e+01
 2.51989075e+01
 2.33510986e+01
 1.97663818e+01
 1.44077087e+01
 8.13314209e+00
 5.90920410e+00
 6.75859985e+00
 5.96074829e+00
 6.59356079e+00
 1.16156860e+01
 1.68464905e+01
 2.27987305e+01
 2.28118530e+01
 2.33003174e+01
 1.78575989e+01
 1.56331421e+01
 9.47136841e+00
 8.63421021e+00
 5.91170654e+00
 7.85415039e+00
 1.03911682e+01
 1.34608704e+01
 1.79841858e+01
 1.89220825e+01
 2.17840515e+01
 2.05713135e+01
 2.04201294e+01
 1.44457031e+01
 1.07004028e+01
 8.25615845e+00
 5.78484497e+00
 6.85534058e+00
 9.53112183e+00
 1.20733887e+01
 1.63900085e+01
 2.05929199e+01
 2.57918335e+01
 2.36625610e+01
 1.88348022e+01
 1.66656128e+01
 1.25390564e+01
 5.97832642e+00
 5.32671509e+00
 8.53515015e+00
 1.03156677e+01
 1.28485046e+01
 1.75194336e+01
 2.37888428e+01
 2.58985840e+01
 2.58351379e+01
 2.06341187e+01
 1.56784302e+01
 9.39977417e+00
 1.12133118e+01
 9.16481934e+00
 4.99273071e+00
 9.60897217e+00
 1.35039001e+01
 1.60828796e+01
 2.27996765e+01
 2.60613647e+01
 2.41261536e+01
 1.91255432e+01
 1.55432068e+01
 1.18914734e+01
 1.10579163e+01
 6.35634766e+00
 7.78725586e+00
 7.80874023e+00
 1.21265503e+01
 1.49058777e+01
 2.02726379e+01
 2.42472168e+01
 2.39061523e+01
 1.86747681e+01
 1.49820190e+01
 8.95668945e+00
 7.66393433e+00
 6.47945557e+00
 9.18929443e+00
 1.06639648e+01
 1.25442749e+01
 1.70659119e+01
 2.34330994e+01
 2.39767395e+01
 2.12660767e+01
 1.95755249e+01
 1.52991577e+01
 1.33058411e+01
 9.00420532e+00
 9.80346069e+00
 8.50371704e+00
 1.06723267e+01
 1.18674866e+01
 1.65508362e+01
 2.08723999e+01
 2.55332581e+01
 2.43205200e+01
 1.97997375e+01
 1.54362427e+01
 7.84639893e+00
 4.89074097e+00
 3.33187256e+00
 2.10582886e+00
 7.23537598e+00
 1.29123474e+01
 1.55690247e+01
 2.03721252e+01
 2.46409546e+01
 2.42479492e+01
 2.15553528e+01
 1.43940369e+01
 8.49340210e+00
 2.26726685e+00
 6.91134033e+00
 7.21959839e+00
 8.92659912e+00
 1.37667175e+01
 1.83478943e+01
 2.30427490e+01
 2.56350952e+01
 2.39309326e+01
 2.08513733e+01
 1.58442932e+01
 1.18156372e+01
 9.52434692e+00
 6.35170898e+00
 5.43721924e+00
 5.73885498e+00
 1.22910706e+01
 1.91833435e+01
 2.13552490e+01
 2.64338623e+01
 2.59237305e+01
 2.03483826e+01
 1.50555664e+01
 1.03734375e+01
 5.56398926e+00
 6.38527832e+00
 6.65236816e+00
 1.06357056e+01
 1.19052368e+01
 1.70917603e+01
 2.14634033e+01
 2.34215637e+01
 2.50695740e+01
 2.10624634e+01
 1.27047058e+01
 8.89693604e+00
 9.43868408e+00
 6.01122437e+00
 5.24657593e+00
 1.01787659e+01
 1.41831299e+01
 1.56082397e+01
 2.13128906e+01
 2.31971375e+01
 2.24942871e+01
 1.99148499e+01
 1.50632263e+01
 9.08742676e+00
 5.43459473e+00
 7.49959717e+00
 6.00554810e+00
 6.38402710e+00
 1.27192932e+01
 1.68861328e+01
 1.87424255e+01
 2.36879211e+01
 2.43319336e+01
 1.98499390e+01
 1.41503845e+01
 9.99193726e+00
 7.73583374e+00
 4.51583252e+00
 9.20940552e+00
 8.97771606e+00
 1.28408142e+01
 1.65177856e+01
 2.09120422e+01
 2.60124756e+01
 2.74660889e+01
 2.02441040e+01
 1.29977966e+01
 1.00093628e+01
 5.84697876e+00
 5.99495850e+00
 5.11754761e+00
 7.15462646e+00
 1.13748413e+01
 1.77988220e+01
 2.34741760e+01
 2.65512329e+01
 2.32531982e+01
 2.15199219e+01
 1.74779907e+01
 1.12667480e+01
 1.01399170e+01
 5.71886597e+00
 4.83953247e+00
 1.01879822e+01
 1.30037781e+01
 1.80818115e+01
 2.32555481e+01
 2.49467407e+01
 2.36736084e+01
 2.09076172e+01
 1.46838928e+01
 1.34960571e+01
 7.85299072e+00
 6.00344238e+00
 6.84227905e+00
 7.83254395e+00
 1.24438416e+01
 1.63175598e+01
 2.05428101e+01
 2.58439270e+01
 2.42736450e+01
 2.08221985e+01
 1.64230591e+01
 1.30505005e+01
 7.86855469e+00
 3.58333740e+00
 7.73558960e+00
 6.92989502e+00
 1.23711792e+01
 1.59141785e+01
 2.26588989e+01
 2.48738342e+01
 2.36580444e+01
 1.89415833e+01
 1.64010254e+01
 6.29503784e+00
 5.01784668e+00
 7.52956543e+00
 6.84789429e+00
 1.02774902e+01
 1.35215393e+01
 1.76036316e+01
 2.37161499e+01
 2.38042542e+01
 2.67487427e+01
 2.15866028e+01
 1.72464844e+01
 1.12600342e+01
 5.32290039e+00
 6.76061401e+00
 8.95379028e+00
 7.92601929e+00
 1.08615051e+01
 1.61149841e+01
 2.03860718e+01
 2.48949524e+01
 2.25551392e+01
 1.73818909e+01
 1.67956787e+01
 1.21807495e+01
 7.25481567e+00
 6.00536499e+00
 8.85988770e+00
 1.01560303e+01
 1.19838501e+01
 1.37723938e+01
 1.88287292e+01
 2.54041992e+01
 2.47223755e+01
 1.83005615e+01
 1.58890015e+01
 1.11363464e+01
 6.02245483e+00
 5.42818604e+00
 5.51680908e+00
 8.53222046e+00
 1.29439941e+01
 1.60631653e+01
 2.24572083e+01
 2.31749207e+01
 2.46489502e+01
 2.10880676e+01
 1.63594299e+01
 9.68047485e+00
 9.04000244e+00
 4.71856079e+00
 4.95662842e+00
 8.27892456e+00
 1.28820435e+01
 1.58001953e+01
 2.22739807e+01
 2.57368103e+01
 2.52808777e+01
 2.08645569e+01
 1.43221680e+01
 1.10053650e+01
 9.59816895e+00
 5.29631958e+00
 8.08464966e+00
 7.60976563e+00
 1.21668335e+01
 1.53086487e+01
 2.04128357e+01
 2.64089600e+01
 2.52709900e+01
 1.87970520e+01
 1.64547363e+01
 1.31352783e+01
 7.43337402e+00
 9.13918457e+00
 7.60006104e+00
 9.84569702e+00
 1.20035034e+01
 1.52812439e+01
 2.26462036e+01
 2.60150391e+01
 2.68570801e+01
 2.06022278e+01
 1.77444397e+01
 9.15850220e+00
 9.91500244e+00
 3.26619873e+00
 6.79726563e+00
 8.37145386e+00
 1.04762207e+01
 1.57061707e+01
 2.16968018e+01
 2.53656555e+01
 2.57252441e+01
 2.02932678e+01
 1.55225464e+01
 1.18327271e+01
 7.32705078e+00
 3.50194702e+00
 6.10347900e+00
 1.00322815e+01
 1.31360107e+01
 1.61857544e+01
 2.35570007e+01
 2.40996338e+01
 2.27223755e+01
 1.89417969e+01
 1.66005493e+01
 1.02527710e+01
 1.02254883e+01
 6.00844727e+00
 7.76296387e+00
 9.00447998e+00
 1.22190186e+01
 1.90858093e+01
 2.60828491e+01
 2.40761353e+01
 2.25950562e+01
 1.95607239e+01
 1.71436096e+01
 1.12061401e+01
 5.63234863e+00
 7.38897095e+00
 6.31405029e+00
 1.03700806e+01
 1.20487610e+01
 1.69168335e+01
 2.33968445e+01
 2.33146606e+01
 2.44680725e+01
 2.08602539e+01
 1.59205566e+01
 1.14848572e+01
 7.05919800e+00
 2.86486206e+00
 5.48891602e+00
 7.89907227e+00
 1.17043701e+01
 1.79652954e+01
 2.24081665e+01
 2.88133179e+01
 2.41590210e+01
 1.90787903e+01
 1.47579895e+01
 1.17271362e+01
 7.14183960e+00
 3.59349976e+00
 6.72365723e+00
 9.30681763e+00
 1.08894897e+01
 1.46496216e+01
 2.14692322e+01
 2.59811035e+01
 2.42546631e+01
 1.94876648e+01
 1.28428894e+01
 1.19730164e+01
 8.70983276e+00
 1.01167236e+01
 7.11336670e+00
 9.48751221e+00
 1.21349731e+01
 1.71119019e+01
 2.46580750e+01
 2.53946777e+01
 2.52108398e+01
 2.01588074e+01
 1.34941345e+01
 1.24378906e+01
 8.33635864e+00
 1.02123047e+01
 7.78460083e+00
 1.16730896e+01
 1.24499146e+01
 1.77710510e+01
 2.43213440e+01
 2.70746399e+01
 2.67524353e+01
 2.21091553e+01
 1.79449707e+01
 1.24415833e+01
 1.01292664e+01
 5.64254150e+00
 7.63894043e+00
 1.05864502e+01
 1.27133423e+01
 1.67536865e+01
 2.30381409e+01
 2.77998596e+01
 2.49692322e+01
 2.29790283e+01
 1.68529297e+01
 1.10436646e+01
 8.32125244e+00
 7.24114380e+00
 7.83300171e+00
 7.54989014e+00
 1.33145691e+01
 1.51893555e+01
 2.04430786e+01
 2.52550598e+01
 2.49964539e+01
 2.34490295e+01
 1.44771057e+01
 1.28671204e+01
 8.23992310e+00
 7.46260986e+00
 8.22344360e+00
 1.00791565e+01
 1.37121521e+01
 1.58837524e+01
 2.35192810e+01
 2.66626221e+01
 2.28542114e+01
 2.06184631e+01
 1.46457153e+01
 9.88991699e+00
 1.11691528e+01
 7.91991577e+00
 5.75692139e+00
 9.76555786e+00
 1.41301208e+01
 1.79808899e+01
 2.35155579e+01
 2.58068176e+01
 2.68880554e+01
 2.18666626e+01
 1.70479065e+01
 1.09448181e+01
 7.05248413e+00
 6.79622803e+00
 7.66350708e+00
 7.93020020e+00
 1.19724976e+01
 1.59063965e+01
 2.22389465e+01
 2.24458862e+01
 2.29184204e+01
 1.74977966e+01
 1.68036133e+01
 1.09530273e+01
 7.97808228e+00
 9.63155518e+00
 8.57338867e+00
 1.15212341e+01
 1.18021790e+01
 1.57685791e+01
 2.21697632e+01
 2.70741211e+01
 2.55973450e+01
 2.09475342e+01
 1.40879761e+01
 1.12242981e+01
 7.41039429e+00
 9.12166748e+00
 8.98421631e+00
 1.04700867e+01
 1.40862061e+01
 1.85230042e+01
 2.30093323e+01
 2.26928650e+01
 2.61249023e+01
 2.06945129e+01
 1.57446533e+01
 1.12627502e+01
 9.38729248e+00
 7.84285889e+00
 8.26510010e+00
 9.12276611e+00
 1.18662354e+01
 1.54802185e+01
 2.32546936e+01
 2.44571472e+01
 2.30140625e+01
 1.97842957e+01
 1.43678833e+01
 1.17735535e+01
 1.01287781e+01
 7.82357178e+00
 8.44100342e+00
 9.41826782e+00
 1.31580444e+01
 1.67222229e+01
 2.36831604e+01
 2.69025818e+01
 2.76051270e+01
 2.37835938e+01
 1.75327393e+01
 1.30408875e+01
 1.12557617e+01
 7.52086792e+00
 1.05878235e+01
 1.13633667e+01
 1.28583008e+01
 1.76755920e+01
 2.32348267e+01
 2.62874695e+01
 2.49068542e+01
 2.07191101e+01
 1.57324768e+01
 1.28032776e+01
 6.87664185e+00
 6.99169312e+00
 8.48095093e+00
 7.82094727e+00
 1.42255493e+01
 1.86435486e+01
 2.30677429e+01
 2.59770447e+01
 2.70554749e+01
 2.12303101e+01
 1.37535950e+01
 1.16785522e+01
 1.02453247e+01
 7.67467651e+00
 8.85445557e+00
 1.12520996e+01
 1.10337463e+01
 1.72260986e+01
 2.19153992e+01
 2.81700378e+01
 2.56534363e+01
 1.97148987e+01
 1.51235291e+01
 1.08326355e+01
 6.71059570e+00
 6.80684814e+00
 6.52044067e+00
 9.44313965e+00
 1.28277832e+01
 1.82003113e+01
 2.42790771e+01
 2.50928894e+01
 2.48310486e+01
 1.92915894e+01
 1.69899231e+01
 1.10998779e+01
 5.92641602e+00
 9.50530396e+00
 6.72649536e+00
 9.39336548e+00
 1.27245728e+01
 1.81591736e+01
 2.36566101e+01
 2.76778503e+01
 2.64444824e+01
 2.08127686e+01
 1.65984436e+01
 1.06791931e+01
 8.28664551e+00
 8.31969604e+00
 7.11083374e+00
 9.49865112e+00
 1.20761047e+01
 1.54468933e+01
 2.20864807e+01
 2.72938477e+01
 2.47278076e+01
 2.11237427e+01
 1.67500854e+01
 1.20532471e+01
 1.00178467e+01
 8.25872192e+00
 6.66936646e+00
 8.15551147e+00
 1.28361450e+01
 1.62632996e+01
 2.19877563e+01
 2.56736084e+01
 2.79867188e+01
 2.28619324e+01
 1.65578247e+01
 9.55373535e+00
 6.49617920e+00
 6.51339111e+00
 7.49529419e+00
 8.72030029e+00
 1.45747925e+01
 1.83950134e+01
 2.44190918e+01
 2.71061035e+01
 2.83384338e+01
 2.29229065e+01
 1.54738708e+01
 1.23459717e+01
 1.02505432e+01
 8.16887817e+00
 5.85915527e+00
 1.08746582e+01
 1.21351868e+01
 1.82972656e+01
 2.31480347e+01
 2.61128174e+01
 2.76027466e+01
 2.11662537e+01
 1.65231873e+01
 1.03273254e+01
 6.21465454e+00
 6.59307251e+00
 8.19722900e+00
 1.08274475e+01
 1.14475647e+01
 1.47216125e+01
 2.30588318e+01
 2.69302307e+01
 2.58248840e+01
 1.93051086e+01
 1.40046631e+01
 1.21611572e+01
 1.00498291e+01
 8.21645508e+00
 8.66195068e+00
 1.16549622e+01
 1.27280212e+01
 1.68979431e+01
 2.31846252e+01
 2.99542786e+01
 2.69780518e+01
 2.08120361e+01
 1.71893555e+01
 1.31209656e+01
 8.72313843e+00
 7.34948120e+00
 8.34496460e+00
 9.76256714e+00
 1.35638062e+01
 1.57679993e+01
 1.99846741e+01
 2.54110962e+01
 2.62501770e+01
 1.90885559e+01
 1.67794434e+01
 1.25423218e+01
 1.06872803e+01
 6.72609863e+00
 8.52861938e+00
 1.03892456e+01
 1.10451599e+01
 1.70277649e+01
 2.20580688e+01
 2.64993530e+01
 2.55762878e+01
 1.92418457e+01
 1.61857239e+01
 1.32006470e+01
 1.15291992e+01
 9.69216309e+00
 8.60170898e+00
 9.62371216e+00
 1.16201721e+01
 1.59537598e+01
 2.04162842e+01
 2.44761597e+01
 2.37248169e+01
 1.92621094e+01
 1.63527771e+01
 1.14460388e+01
 8.31621704e+00
 2.08239136e+00
 6.55407104e+00
 1.14512878e+01
 1.30512939e+01
 1.74519287e+01
 2.26000000e+01
 2.40359741e+01
 2.63366028e+01
 2.21609741e+01
 1.59328552e+01
 1.11503540e+01
 9.65697632e+00
 7.83220825e+00
 4.36116943e+00
 1.05109192e+01
 1.39982239e+01
 1.76750732e+01
 2.43829590e+01
 2.91037842e+01
 2.59111572e+01
 2.30993591e+01
 1.78343750e+01
 1.35557190e+01
 7.54650269e+00
 6.62389526e+00
 7.90319214e+00
 7.98806152e+00
 1.31644226e+01
 1.69657837e+01
 2.31692444e+01
 2.58061462e+01
 2.67440735e+01
 2.03592773e+01
 1.45532166e+01
 1.22939697e+01
 9.26741943e+00
 7.33886108e+00
 7.12062988e+00
 1.07369019e+01
 1.31743408e+01
 1.66744324e+01
 2.34200378e+01
 2.77132202e+01
 2.54803406e+01
 1.89298950e+01
 1.57148682e+01
 9.27614746e+00
 6.40184937e+00
 8.07155762e+00
 6.25444946e+00
 9.73952637e+00
 1.53638855e+01
 1.98248230e+01
 2.88100220e+01
 2.50259644e+01
 2.50131775e+01
 1.96455627e+01
 1.70181519e+01
 1.22925049e+01
 8.91527710e+00
 5.11449585e+00
 6.72802124e+00
 9.18523560e+00
 1.04223877e+01
 1.69889771e+01
 2.18906189e+01
 2.63441406e+01
 2.56632019e+01
 2.07470337e+01
 1.34261414e+01
 1.05399719e+01
 1.05015198e+01
 5.44588623e+00
 9.07644043e+00
 8.78948364e+00
 1.39885803e+01
 1.80449463e+01
 2.39088989e+01
 2.64889465e+01
 2.64904724e+01
 2.20153442e+01
 1.51690918e+01
 1.20522400e+01
 1.06985107e+01
 8.77279053e+00
 7.92339478e+00
 9.52691040e+00
 1.29202820e+01
 1.86003967e+01
 2.37420898e+01
 2.73322998e+01
 2.80542847e+01
 2.03070007e+01
 1.63338257e+01
 1.15888306e+01
 1.15472046e+01
 5.98235474e+00
 6.66680298e+00
 1.06147095e+01
 1.37366882e+01
 1.85396667e+01
 2.65749451e+01
 3.02405334e+01
 2.45200134e+01
 1.94233032e+01
 1.62879272e+01
 1.36837097e+01
 9.34740601e+00
 1.03486267e+01
 8.03035889e+00
 1.18362061e+01
 1.33665100e+01
 1.68304688e+01
 2.50518127e+01
 3.09718567e+01
 2.37399231e+01
 1.84757935e+01
 1.69742065e+01
 1.04634338e+01
 9.45864258e+00
 6.06862793e+00
 7.95202026e+00
 1.16371704e+01
 1.04342285e+01
 1.72724548e+01
 2.46233154e+01
 2.61721436e+01
 2.53681885e+01
 2.12307068e+01
 1.67833191e+01
 1.29164978e+01
 6.51040039e+00
 8.06249390e+00
 7.53112183e+00
 8.48098145e+00
 1.31912170e+01
 1.62497498e+01
 2.38645874e+01
 2.47250610e+01
 2.56485229e+01
 2.11470886e+01
 1.73474670e+01
 1.50598389e+01
 1.05084167e+01
 7.79015503e+00
 5.12136230e+00
 1.10591980e+01
 1.18924194e+01
 1.69187561e+01
 2.03172241e+01
 2.39069153e+01
 2.50691162e+01
 1.95156494e+01
 1.42076965e+01
 1.17021729e+01
 8.06997070e+00
 9.81975708e+00
 9.16884766e+00
 1.07277466e+01
 1.22756287e+01
 1.72326599e+01
 2.31867615e+01
 2.48104187e+01
 2.69592224e+01
 2.18425537e+01
 1.63639465e+01
 9.33306274e+00
 9.97023926e+00
 9.51754150e+00
 6.14626465e+00
 1.01628357e+01
 1.46923462e+01
 1.63323914e+01
 2.10671326e+01
 2.55496765e+01
 2.73961426e+01
 2.16444641e+01
 1.51204163e+01
 1.21264893e+01
 1.16102539e+01
 7.58040771e+00
 5.17562256e+00
 8.17415771e+00
 1.34881226e+01
 1.81872192e+01
 2.63186584e+01
 2.72354065e+01
 2.48767639e+01
 2.07578064e+01
 1.39188171e+01
 1.39239441e+01
 8.29351196e+00
 5.73861084e+00
 6.84850464e+00
 8.51857910e+00
 1.19738098e+01
 1.61210266e+01
 2.03251587e+01
 2.41336914e+01
 2.29757629e+01
 1.98976379e+01
 1.40125977e+01
 9.37465820e+00
 7.17919312e+00
