 -1.28192749e+00
 3.99315796e+00
 4.98275146e+00
 1.00765320e+01
 1.69773193e+01
 2.03073059e+01
 1.75523621e+01
 2.14977661e+01
 1.82220093e+01
 9.80840454e+00
 3.64864502e+00
 1.87432861e-01
 2.58098755e+00
 2.15801392e+00
 5.25853882e+00
 1.45556885e+01
 1.62037903e+01
 1.62864014e+01
 2.00017639e+01
 2.14603516e+01
 1.52878357e+01
 9.45693359e+00
 3.66707764e+00
 -4.19440308e+00
 -2.16055908e+00
 3.70852051e+00
 6.29158936e+00
 1.07969604e+01
 1.30174805e+01
 2.09488770e+01
 2.44452148e+01
 2.49387451e+01
 1.51626221e+01
 7.91695557e+00
 3.10051880e+00
 1.36153564e+00
 1.04442749e+00
 2.28728638e+00
 6.38543091e+00
 8.99758301e+00
 1.50437866e+01
 1.82065063e+01
 2.10533691e+01
 2.21601501e+01
 1.75867554e+01
 1.17350098e+01
 8.21715698e+00
 2.18215332e+00
 2.24969482e-01
 3.26317749e+00
 6.60854492e+00
 1.39719177e+01
 1.22717529e+01
 1.81177612e+01
 1.95412537e+01
 1.91777588e+01
 1.48877197e+01
 8.70580444e+00
 4.21831665e+00
 1.27502441e-02
 -9.48706055e-01
 3.23873291e+00
 1.03609558e+01
 1.19514404e+01
 1.51290527e+01
 1.85028320e+01
 2.04266602e+01
 2.05258118e+01
 1.55035645e+01
 8.68071899e+00
 8.74373779e+00
 1.30245361e+00
 1.97002563e+00
 1.50457153e+00
 5.34465942e+00
 9.78353271e+00
 1.55270020e+01
 1.71739441e+01
 2.16416565e+01
 1.78996521e+01
 1.45931641e+01
 1.05743652e+01
 5.20345459e+00
 1.46425781e+00
 -1.29035034e+00
 2.55962524e+00
 7.22506104e+00
 9.56109009e+00
 1.59186951e+01
 1.87635742e+01
 2.30829102e+01
 2.07027222e+01
 1.68123718e+01
 1.14432312e+01
 7.18013916e+00
 9.07159424e-01
 1.72124634e+00
 5.47023926e+00
 1.87276611e+00
 8.98055420e+00
 1.19288269e+01
 1.58716675e+01
 2.01985718e+01
 1.87487122e+01
 1.38291870e+01
 1.12937561e+01
 6.30361328e+00
 3.09563599e+00
 3.09343872e+00
 5.65703735e+00
 8.34649048e+00
 1.05268494e+01
 1.38083740e+01
 1.89524780e+01
 1.84549805e+01
 1.85311523e+01
 1.32352234e+01
 8.65459595e+00
 3.94228516e+00
 4.49697266e+00
 2.14519653e+00
 4.36205444e+00
 5.35671387e+00
 1.16906982e+01
 1.66789490e+01
 1.91479431e+01
 1.94243408e+01
 1.71390930e+01
 1.60582825e+01
 1.02195984e+01
 6.63662109e+00
 1.10540161e+00
 1.68657837e+00
 6.33986816e+00
 6.98299561e+00
 1.03708130e+01
 1.27459351e+01
 1.63002869e+01
 2.27091614e+01
 2.02350708e+01
 1.51368042e+01
 1.11926819e+01
 5.25768433e+00
 1.72326050e+00
 4.59130859e-01
 3.15728149e+00
 7.47478638e+00
 9.60567627e+00
 1.48781677e+01
 1.73439270e+01
 2.24180237e+01
 1.94332520e+01
 1.42148071e+01
 1.13719116e+01
 3.22057495e+00
 -3.33161011e+00
 1.84688721e+00
 9.62976074e-01
 9.96083984e+00
 1.02410828e+01
 1.82940308e+01
 1.89777466e+01
 2.51202942e+01
 2.27080627e+01
 1.51959778e+01
 9.27230225e+00
 7.80184326e+00
 6.46875000e-01
 -9.38421631e-01
 4.37246094e+00
 5.42702637e+00
 1.41813599e+01
 1.57290894e+01
 1.71797424e+01
 1.83163696e+01
 2.04342285e+01
 1.52032715e+01
 1.12940002e+01
 6.46303711e+00
 4.49529419e+00
 -1.65521851e+00
 1.22194824e+00
 4.93322144e+00
 1.05414368e+01
 1.36633545e+01
 1.75599609e+01
 2.26591431e+01
 1.95392090e+01
 1.47942444e+01
 1.25232788e+01
 4.76088867e+00
 3.14510498e+00
 -1.69565430e+00
 -4.23038330e+00
 -1.08887329e+00
 7.74874268e+00
 1.65127808e+01
 1.48039795e+01
 2.30008789e+01
 2.57389465e+01
 1.82444397e+01
 1.18129211e+01
 3.97115479e+00
 2.00487671e+00
 4.99078369e-01
 2.55965576e+00
 5.38088379e+00
 8.77816162e+00
 1.37292114e+01
 1.89540955e+01
 2.29553467e+01
 1.78496338e+01
 1.61349426e+01
 1.14633728e+01
 4.65004883e+00
 1.69097290e+00
 -4.14678955e-01
 5.34932861e+00
 3.88384399e+00
 1.05055481e+01
 1.37311035e+01
 1.94954163e+01
 2.54084106e+01
 2.37164246e+01
 1.67445007e+01
 1.09530579e+01
 3.34530029e+00
 1.15877686e+00
 1.86861572e+00
 5.37157593e+00
 8.14824829e+00
 1.20624939e+01
 1.34397827e+01
 1.84583374e+01
 2.00999390e+01
 1.95348450e+01
 1.57790161e+01
 8.61403809e+00
 5.35332642e+00
 -4.67041626e+00
 -1.36026611e+00
 3.68523560e+00
 4.95748291e+00
 1.07114502e+01
 1.31055237e+01
 1.63660828e+01
 2.25805908e+01
 2.29592834e+01
 1.47167297e+01
 1.10745178e+01
 6.15032349e+00
 -2.73242798e+00
 6.15533447e-01
 -5.79544678e+00
 7.86620483e+00
 1.21061035e+01
 1.68930908e+01
 2.08209778e+01
 2.34322144e+01
 2.34491516e+01
 1.86273438e+01
 1.04257751e+01
 9.35128174e+00
 3.68465576e+00
 4.93062744e+00
 3.13405762e+00
 7.50460205e+00
 9.77700195e+00
 1.39167725e+01
 1.90383850e+01
 2.43324829e+01
 2.16857239e+01
 1.58103882e+01
 1.02679688e+01
 4.45760498e+00
 3.30907593e+00
 3.85885010e+00
 1.82213745e+00
 2.76882324e+00
 6.96270142e+00
 1.16946960e+01
 1.56615845e+01
 2.12974182e+01
 1.94422852e+01
 1.43994690e+01
 1.07140747e+01
 5.61907349e+00
 3.06868896e+00
 4.08004150e+00
 4.40575562e+00
 4.65459595e+00
 1.44897705e+01
 1.26779114e+01
 1.62039429e+01
 2.01390625e+01
 1.83168274e+01
 1.71392761e+01
 9.44960938e+00
 7.79949341e+00
 6.49047852e-02
 -2.43533936e+00
 1.70278320e+00
 5.47625122e+00
 1.26621643e+01
 1.27626587e+01
 1.72660767e+01
 2.08859192e+01
 2.01672302e+01
 1.61684204e+01
 1.08524719e+01
 4.98497925e+00
 2.12056885e+00
 1.00305176e-01
 7.34497070e-02
 6.47738037e+00
 1.19305359e+01
 1.34645325e+01
 1.87702881e+01
 2.23966309e+01
 2.18835999e+01
 1.67178284e+01
 1.00770508e+01
 3.64165649e+00
 2.37056885e+00
 9.27331543e-01
 3.95745239e+00
 4.91454468e+00
 9.98861084e+00
 1.63355347e+01
 1.91289001e+01
 1.89840942e+01
 2.29898010e+01
 1.52112671e+01
 5.44860229e+00
 8.08464966e+00
 2.10683594e+00
 1.31633911e+00
 2.50316772e+00
 7.22069702e+00
 1.02810913e+01
 1.69214417e+01
 1.88910461e+01
 2.86775757e+01
 2.12062012e+01
 1.58068481e+01
 9.83706055e+00
 6.62682495e+00
 4.69091187e+00
 3.61022339e+00
 -1.41541138e+00
 3.24776611e+00
 1.17351013e+01
 1.48862244e+01
 2.04580627e+01
 1.88404480e+01
 1.88561646e+01
 1.68702637e+01
 9.89940796e+00
 6.60790405e+00
 5.57378540e+00
 5.29213867e+00
 5.73766479e+00
 9.33312378e+00
 1.11345154e+01
 1.54141785e+01
 1.82222534e+01
 1.81460205e+01
 1.77815796e+01
 1.74300781e+01
 9.44634399e+00
 7.34694824e+00
 3.91127930e+00
 2.77575073e+00
 2.00612793e+00
 4.10000000e+00
 7.04589233e+00
 1.45578552e+01
 1.89625183e+01
 2.48841187e+01
 2.37768188e+01
 1.79554688e+01
 1.29096008e+01
 9.48613892e+00
 1.65099487e+00
 1.55419312e+00
 2.11644897e+00
 4.63842163e+00
 1.24298950e+01
 1.49177185e+01
 1.73174377e+01
 2.32684570e+01
 2.25277039e+01
 2.02683044e+01
 8.70379028e+00
 3.62008057e+00
 -3.83957520e+00
 1.05480347e+00
 1.41536865e+00
 6.13518677e+00
 1.22786804e+01
 1.62987610e+01
 1.75761047e+01
 2.41100098e+01
 2.03262573e+01
 1.48526245e+01
 1.22123047e+01
 8.75689087e+00
 8.99072266e-01
 -2.51322021e+00
 8.90161133e-01
 6.39708862e+00
 1.28959595e+01
 1.52103516e+01
 1.99900146e+01
 2.23937927e+01
 2.09721924e+01
 1.58850342e+01
 1.32581421e+01
 4.27080688e+00
 3.70745239e+00
 4.99038086e+00
 5.03371582e+00
 9.12966309e+00
 9.62053833e+00
 1.73667542e+01
 1.53369995e+01
 2.24029175e+01
 2.16663757e+01
 1.69098450e+01
 8.14351807e+00
 2.41933594e+00
 4.57213745e+00
 2.42794189e+00
 5.25588379e+00
 7.69375000e+00
 1.46521240e+01
 1.54732605e+01
 1.65756165e+01
 2.10223938e+01
 2.20023438e+01
 1.85197388e+01
 1.13921448e+01
 6.78902588e+00
 3.43453369e+00
 2.34197388e+00
 1.39489136e+00
 5.75191650e+00
 1.13670288e+01
 1.47022339e+01
 1.81220642e+01
 2.21896301e+01
 2.43418823e+01
 1.55601746e+01
 1.01296021e+01
 5.13854370e+00
 1.98449707e-01
 1.64421997e+00
 1.53664551e+00
 5.47158203e+00
 1.12141357e+01
 1.29381958e+01
 1.77672058e+01
 2.02416321e+01
 2.01270081e+01
 1.97787415e+01
 1.28268677e+01
 6.60405884e+00
 -1.08759155e+00
 3.90252686e-01
 2.18953857e+00
 8.22753296e+00
 1.03133179e+01
 1.65575806e+01
 1.87158752e+01
 1.82023865e+01
 1.57379395e+01
 1.75844055e+01
 1.33239990e+01
 7.69115601e+00
 4.16634521e+00
 -1.78528442e+00
 3.85491333e+00
 9.20592651e+00
 1.42084900e+01
 1.70763794e+01
 1.91433044e+01
 2.09529663e+01
 2.13110291e+01
 1.40011841e+01
 9.63771973e+00
 4.85732422e+00
 2.97322998e+00
 5.10521851e+00
 4.25505981e+00
 6.71819458e+00
 1.07213074e+01
 1.57118774e+01
 1.94581848e+01
 2.05303894e+01
 2.17787415e+01
 1.70745483e+01
 1.39793030e+01
 3.02221069e+00
 -5.94854736e-01
 7.93756104e-01
 1.20089111e+00
 8.00301514e+00
 1.27481323e+01
 1.67908264e+01
 2.02177368e+01
 2.12217041e+01
 2.15008484e+01
 1.45814453e+01
 7.02358398e+00
 6.30938110e+00
 5.44271240e+00
 1.14727173e+00
 5.31331787e+00
 5.53884277e+00
 9.90105591e+00
 1.25327393e+01
 1.76234680e+01
 2.45033203e+01
 2.40886780e+01
 1.76871277e+01
 1.07880493e+01
 6.06762085e+00
 2.42174683e+00
 4.03832397e+00
 3.42180786e+00
 5.00832520e+00
 1.28878723e+01
 1.56604248e+01
 1.83135315e+01
 2.07224365e+01
 2.14568420e+01
 1.72322937e+01
 1.00967346e+01
 4.08666382e+00
 4.44405518e+00
 -6.41235352e-02
 4.99843750e+00
 8.33165894e+00
 1.34911438e+01
 1.66526123e+01
 1.80358215e+01
 2.30952393e+01
 2.28472229e+01
 1.81459595e+01
 1.33389526e+01
 4.66729126e+00
 -4.61102905e+00
 -1.40027466e+00
 7.09700928e+00
 8.47673950e+00
 1.35145508e+01
 1.52114197e+01
 1.67044312e+01
 2.25244385e+01
 2.36143433e+01
 1.55345703e+01
 1.28155762e+01
 7.55999146e+00
 2.08679199e-02
 3.53804932e+00
 4.68505249e+00
 7.11907349e+00
 1.27623535e+01
 1.60365845e+01
 1.94083801e+01
 2.33547302e+01
 2.73857056e+01
 1.72126099e+01
 1.11170898e+01
 8.82259521e+00
 9.82415771e-01
 4.86040649e+00
 4.91521606e+00
 6.26992188e+00
 1.09006592e+01
 1.43269287e+01
 1.66192261e+01
 2.25284973e+01
 2.50490356e+01
 1.51760498e+01
 1.24967590e+01
 6.25347290e+00
 1.05672607e+00
 2.53447876e+00
 3.78270874e+00
 5.19362793e+00
 1.23837524e+01
 1.66850525e+01
 2.13941589e+01
 2.09767395e+01
 2.12758423e+01
 1.71333252e+01
 1.04697815e+01
 7.34322510e+00
 2.77520142e+00
 1.60234985e+00
 3.44304810e+00
 7.56585083e+00
 9.65575562e+00
 1.51697327e+01
 1.73112732e+01
 2.16767517e+01
 1.98070007e+01
 1.65106750e+01
 1.19078918e+01
 6.49035034e+00
 1.08636475e-01
 2.82467041e+00
 2.94902954e+00
 5.76629028e+00
 1.04170471e+01
 1.32868286e+01
 1.87093445e+01
 1.76647278e+01
 1.68834778e+01
 1.65706116e+01
 1.32379700e+01
 6.00054321e+00
 1.67318115e+00
 -4.77880859e-01
 1.46114502e+00
 6.36736450e+00
 1.04356934e+01
 1.51240784e+01
 1.97954346e+01
 2.35171448e+01
 2.14765259e+01
 1.51613708e+01
 9.84468994e+00
 3.88878784e+00
 9.24096680e-01
 2.45494995e+00
 7.10317383e+00
 6.21416626e+00
 1.34399048e+01
 1.62191101e+01
 2.39837280e+01
 2.62771545e+01
 2.10781189e+01
 1.68058105e+01
 7.80062256e+00
 5.81466064e+00
 2.91710815e+00
 3.84121094e+00
 3.48543701e+00
 7.43657837e+00
 1.21538940e+01
 1.71648193e+01
 1.86390015e+01
 2.09225098e+01
 2.26016479e+01
 1.88407837e+01
 1.38274170e+01
 5.02037964e+00
 5.71874390e+00
 3.67208252e+00
 5.93596802e+00
 3.89476929e+00
 9.62487183e+00
 1.64084717e+01
 1.92634521e+01
 1.93174683e+01
 2.08560120e+01
 1.37515808e+01
 1.20383240e+01
 4.98906860e+00
 -9.23315430e-01
 9.22692871e-01
 2.01213989e+00
 7.83281860e+00
 1.08912903e+01
 1.68804871e+01
 2.18106628e+01
 2.52394653e+01
 2.20234619e+01
 1.83185364e+01
 1.26137329e+01
 6.14739380e+00
 1.62072144e+00
 -6.13470459e-01
 4.39705811e+00
 1.05841003e+01
 1.18419739e+01
 1.47250610e+01
 1.89788452e+01
 2.33866516e+01
 2.07802063e+01
 1.98478638e+01
 1.12636963e+01
 3.39971313e+00
 1.44381104e+00
 7.91589355e-01
 -1.16907349e+00
 5.31871948e+00
 8.94115601e+00
 1.40831543e+01
 1.73159729e+01
 2.03329407e+01
 1.97818848e+01
 1.61911255e+01
 1.09222351e+01
 6.29638062e+00
 1.25313721e+00
 -2.37204590e+00
 -7.27178955e-01
 7.70074463e-01
 8.56215820e+00
 1.19728943e+01
 1.73773438e+01
 2.20433899e+01
 2.35995422e+01
 1.89290405e+01
 1.36373535e+01
 1.08224426e+01
 6.77147827e+00
 2.89541016e+00
 2.79781494e+00
 3.90578613e+00
 1.16396729e+01
 1.62191711e+01
 1.67779785e+01
 2.08792053e+01
 2.12872253e+01
 1.86644531e+01
 1.34820496e+01
 5.59148560e+00
 3.81475220e+00
 2.81765137e+00
 3.34429321e+00
 7.51751099e+00
 1.01570068e+01
 1.32184998e+01
 1.83129822e+01
 2.42434021e+01
 2.38021790e+01
 1.99709412e+01
 1.48628479e+01
 5.93239746e+00
 6.00307617e+00
 3.18615112e+00
 3.64187012e+00
 5.48430786e+00
 9.68743286e+00
 1.68489319e+01
 1.77123047e+01
 2.18419128e+01
 2.16867310e+01
 1.62816101e+01
 1.26089111e+01
 6.91228638e+00
 6.27572021e+00
 6.42165527e+00
 5.46581421e+00
 5.57940063e+00
 1.04505859e+01
 1.52008911e+01
 1.90558105e+01
 2.05252930e+01
 2.04895569e+01
 1.87413269e+01
 1.33851563e+01
 8.44802246e+00
 2.74971924e+00
 4.06105957e+00
 4.19417725e+00
 6.55870972e+00
 1.04867798e+01
 1.59315735e+01
 1.90233704e+01
 2.39295288e+01
 2.31395203e+01
 1.82975098e+01
 1.53399902e+01
 7.06694946e+00
 2.67489014e+00
 -1.67639771e+00
 3.02575073e+00
 8.12520752e+00
 1.26564270e+01
 1.83155762e+01
 1.80847412e+01
 2.32125488e+01
 2.26100098e+01
 1.82425476e+01
 8.01421509e+00
 9.36226807e+00
 5.37636719e+00
 5.68035278e+00
 4.49923096e+00
 9.58712158e+00
 1.10118042e+01
 1.63843018e+01
 2.00308167e+01
 2.12586304e+01
 2.17966858e+01
 1.71379639e+01
 1.42288757e+01
 6.21154175e+00
 4.13344727e+00
 1.94017944e+00
 3.95168457e+00
 8.49352417e+00
 1.18532349e+01
 1.53536621e+01
 1.63719116e+01
 1.88005310e+01
 2.15895630e+01
 1.72071167e+01
 1.18992554e+01
 7.47014771e+00
 3.87081299e+00
 2.20821533e+00
 6.96560059e+00
 8.52050171e+00
 1.15762268e+01
 1.57007690e+01
 1.93497253e+01
 2.49710938e+01
 2.35212341e+01
 1.90152527e+01
 8.76351318e+00
 4.84691772e+00
 4.62615356e+00
 3.02538452e+00
 4.97240601e+00
 6.62532959e+00
 1.11972290e+01
 1.34087158e+01
 1.97266174e+01
 2.52798096e+01
 2.28554321e+01
 1.62069031e+01
 1.00583740e+01
 7.78746948e+00
 4.34102783e+00
 3.96648560e+00
 4.32247314e+00
 9.44100342e+00
 1.39841553e+01
 1.88450562e+01
 2.05689026e+01
 2.32704102e+01
 2.31650330e+01
 1.89094177e+01
 1.45222717e+01
 6.68108521e+00
 3.30574951e+00
 1.25692139e+00
 4.02767334e+00
 6.45333252e+00
 1.33574463e+01
 1.55494934e+01
 2.10033508e+01
 2.71054321e+01
 2.27405334e+01
 1.84981323e+01
 1.04259888e+01
 5.86260376e+00
 7.56261597e+00
 4.93474731e+00
 3.76220093e+00
 6.94530640e+00
 1.33027283e+01
 1.43523804e+01
 1.94027954e+01
 2.45822388e+01
 2.19446655e+01
 1.65559937e+01
 1.46657043e+01
 5.78414307e+00
 4.94429932e+00
 3.59154663e+00
 5.21184692e+00
 6.90343628e+00
 9.16118774e+00
 1.43449646e+01
 1.96535278e+01
 2.26802307e+01
 2.50298706e+01
 1.65311829e+01
 1.35420166e+01
 5.94667969e+00
 4.26311646e+00
 3.79171143e+00
 6.45003662e+00
 9.23763428e+00
 1.08464294e+01
 1.32727295e+01
 2.02634521e+01
 2.21716858e+01
 2.18129211e+01
 1.96476990e+01
 1.16424500e+01
 9.12832031e+00
 5.08233032e+00
 4.47603760e+00
 4.40496216e+00
 7.44265137e+00
 1.02262817e+01
 1.69612366e+01
 1.81823975e+01
 2.28559509e+01
 2.22929626e+01
 1.82003723e+01
 1.10883423e+01
 9.43520508e+00
 3.16356812e+00
 2.57332764e+00
 8.69287109e-01
 7.53243408e+00
 1.34199463e+01
 1.57518860e+01
 1.97163940e+01
 1.98426453e+01
 2.26278931e+01
 1.69481445e+01
 1.21802612e+01
 5.72930298e+00
 3.34252930e-01
 -1.76593628e+00
 3.57873535e-01
 6.87221680e+00
 1.42784058e+01
 1.67358032e+01
 2.19965759e+01
 2.24074036e+01
 2.22590881e+01
 1.71805664e+01
 1.03896423e+01
 8.63942871e+00
 4.94960938e+00
 3.14943848e+00
 4.30242310e+00
 6.65831909e+00
 9.68627319e+00
 1.68482910e+01
 2.02075134e+01
 2.34763123e+01
 2.06689087e+01
 1.73840271e+01
 9.25200806e+00
 6.46010742e+00
 4.43660889e+00
 4.62233887e+00
 7.34307251e+00
 8.30431519e+00
 1.09446045e+01
 1.59836060e+01
 2.18580261e+01
 2.08301941e+01
 2.22512756e+01
 1.67509094e+01
 1.38317505e+01
 9.19197998e+00
 3.74999390e+00
 4.66491089e+00
 7.61550293e+00
 9.91994629e+00
 1.24671570e+01
 1.54725891e+01
 2.00493713e+01
 2.49907776e+01
 2.25206848e+01
 1.82051331e+01
 1.56561829e+01
 6.45253906e+00
 3.29943237e+00
 5.08657227e+00
 8.94680176e+00
 1.10628906e+01
 1.23965088e+01
 1.57706238e+01
 2.05205322e+01
 2.39622742e+01
 2.22504517e+01
 1.53024231e+01
 1.07489258e+01
 7.14309082e+00
 6.00524292e+00
 2.87957764e-01
 1.67864380e+00
 7.96154175e+00
 1.35932251e+01
 1.45376526e+01
 2.03485657e+01
 2.40583130e+01
 2.08314453e+01
 1.84090210e+01
 1.40726868e+01
 7.21083984e+00
 5.03145752e+00
 -1.63236084e+00
 1.58858643e+00
 9.98424683e+00
 1.14933105e+01
 1.54786926e+01
 1.97575623e+01
 2.18723389e+01
 2.17578674e+01
 1.88908020e+01
 1.29691101e+01
 6.59566650e+00
 1.63131104e+00
 2.65447388e+00
 9.01971436e-01
 7.85125122e+00
 1.30595947e+01
 1.70482117e+01
 2.13513428e+01
 2.72463318e+01
 2.31710449e+01
 1.67488647e+01
 8.41539917e+00
 6.65435181e+00
 6.86300049e+00
 5.37886963e+00
 6.85360107e+00
 1.10797363e+01
 1.43694092e+01
 1.90779663e+01
 2.25612427e+01
 2.47920166e+01
 2.53035217e+01
 1.91165710e+01
 1.49834534e+01
 9.66771851e+00
 2.89699707e+00
 3.66198120e+00
 4.15810547e+00
 9.43901978e+00
 1.19761292e+01
 1.74332214e+01
 2.07379700e+01
 2.38808838e+01
 2.54212891e+01
 1.94834534e+01
 1.21244141e+01
 6.34615479e+00
 3.65880737e+00
 2.69735107e+00
 2.77596436e+00
 7.22655640e+00
 1.12896057e+01
 1.49883972e+01
 1.91444031e+01
 1.97348572e+01
 2.31829468e+01
 1.86240784e+01
 1.40192505e+01
 1.15946899e+01
 6.98958740e+00
 3.85476074e+00
 4.83937988e+00
 6.93074951e+00
 1.40343567e+01
 1.63151489e+01
 1.95663391e+01
 2.04278503e+01
 1.92405945e+01
 1.77728210e+01
 1.30367676e+01
 9.04808960e+00
 3.79552612e+00
 1.85268555e+00
 5.85762939e+00
 9.48290405e+00
 1.37881104e+01
 1.57343994e+01
 2.01765381e+01
 2.13166443e+01
 2.22508484e+01
 1.78153320e+01
 1.17078796e+01
 7.43843994e+00
 7.79626465e-01
 -5.22199097e+00
 5.03255615e+00
 1.21713196e+01
 1.42415405e+01
 1.28511292e+01
 2.16852356e+01
 2.06028381e+01
 2.09471069e+01
 1.67186829e+01
 1.25305725e+01
 8.75509033e+00
 3.71553955e+00
 -2.38632812e+00
 4.23354492e+00
 7.22899780e+00
 1.22163330e+01
 1.45912415e+01
 2.00307556e+01
 2.49869934e+01
 2.50153442e+01
 2.16645752e+01
 1.29453979e+01
 7.82982788e+00
 5.75054321e+00
 4.49456177e+00
 6.40950928e+00
 8.84743652e+00
 1.62569519e+01
 1.56029297e+01
 2.09717957e+01
 2.31539551e+01
 2.47983643e+01
 1.98836609e+01
 1.18680664e+01
 6.52492676e+00
 2.97652588e+00
 2.87737427e+00
 2.25747070e+00
 6.53276978e+00
 1.18072449e+01
 1.57500549e+01
 1.74580322e+01
 2.24809509e+01
 2.17165161e+01
 1.72239929e+01
 1.24092957e+01
 6.79003296e+00
 1.59938965e+00
 5.30327759e+00
 2.68062744e+00
 6.67470703e+00
 1.18146606e+01
 2.12284180e+01
 2.22573181e+01
 2.29947754e+01
 1.85931946e+01
 1.69366699e+01
 1.16817261e+01
 4.93255005e+00
 1.87856445e+00
 -3.63623047e-01
 2.74608765e+00
 6.31228027e+00
 1.30603882e+01
 1.92967773e+01
 2.37550598e+01
 2.48496033e+01
 2.00999390e+01
 1.75026184e+01
 1.35859619e+01
 8.82210693e+00
 1.77816162e+00
 4.95632324e+00
 4.21669922e+00
 8.35070190e+00
 1.05798584e+01
 1.49799133e+01
 2.07395264e+01
 2.22266174e+01
 2.17263733e+01
 1.94457336e+01
 1.36354309e+01
 1.03939453e+01
 8.45269165e+00
 -4.92895508e-01
 3.63305664e-01
 7.95156250e+00
 1.43922974e+01
 1.93260742e+01
 1.98877502e+01
 2.43866516e+01
 2.35718628e+01
 1.74622437e+01
 1.31826721e+01
 5.57015381e+00
 2.66729126e+00
 6.07073364e+00
 4.64757690e+00
 1.07563721e+01
 1.38875061e+01
 1.82772461e+01
 2.30088135e+01
 2.60638672e+01
 2.66441895e+01
 1.84367920e+01
 1.35967041e+01
 9.46477661e+00
 4.97969971e+00
 6.24813232e+00
 5.54015503e+00
 6.10442505e+00
 1.28960205e+01
 1.53384644e+01
 2.31665283e+01
 2.70696655e+01
 2.49597717e+01
 2.00287415e+01
 1.24334045e+01
 7.60106812e+00
 4.45662842e+00
