 4.09368286e+00
 2.14672241e+00
 1.14031372e+00
 5.45815430e+00
 1.14810120e+01
 1.67840210e+01
 2.11218506e+01
 1.95640198e+01
 1.36891724e+01
 1.09437500e+01
 5.82232056e+00
 2.94237671e+00
 1.28807983e+00
 2.94946289e-01
 3.66787109e+00
 8.50954590e+00
 9.72509155e+00
 1.57235962e+01
 1.96603638e+01
 1.87051331e+01
 1.34862305e+01
 1.11008545e+01
 7.74498901e+00
 9.55682373e-01
 -3.40415039e+00
 -2.18603516e-01
 1.98153076e+00
 1.03587891e+01
 1.17888733e+01
 1.52067810e+01
 1.77206970e+01
 1.54697205e+01
 1.22875610e+01
 1.13472839e+01
 5.46590576e+00
 3.95821533e+00
 -1.30438843e+00
 1.33440552e+00
 3.81704102e+00
 9.88402710e+00
 1.15324646e+01
 1.45423828e+01
 1.76386353e+01
 1.70780579e+01
 1.26728760e+01
 1.14972473e+01
 4.22478638e+00
 1.62493286e+00
 -7.07312012e-01
 -2.88559570e+00
 3.80535278e+00
 7.78545532e+00
 1.10226074e+01
 1.50269714e+01
 1.88048340e+01
 1.67533203e+01
 1.31314026e+01
 1.08202454e+01
 5.89989624e+00
 1.39693604e+00
 1.61193237e+00
 3.19814453e+00
 1.21026611e-01
 6.59844360e+00
 1.01272522e+01
 1.35935913e+01
 1.79021240e+01
 1.86026550e+01
 1.42655884e+01
 9.23598633e+00
 7.59026489e+00
 -3.04938354e+00
 -5.21317139e+00
 -5.38031006e-01
 -5.60980225e-01
 8.46447144e+00
 1.17019592e+01
 1.33976685e+01
 1.71562134e+01
 1.67991882e+01
 1.31022888e+01
 1.18070923e+01
 6.02944336e+00
 3.15230713e+00
 3.96141968e+00
 1.33950195e+00
 2.70366821e+00
 8.76497803e+00
 7.94609985e+00
 1.61667419e+01
 1.81460205e+01
 1.76923767e+01
 1.18226868e+01
 1.08572021e+01
 5.68880615e+00
 -6.24090576e-01
 1.62722168e+00
 2.52923584e-01
 -1.56558838e+00
 4.28438721e+00
 1.18672424e+01
 2.03096863e+01
 2.18778320e+01
 1.85382324e+01
 1.53031555e+01
 1.13156372e+01
 7.62841187e+00
 2.45498047e+00
 1.62896729e-01
 -7.01696777e-01
 2.19484863e+00
 8.29876099e+00
 1.31937195e+01
 1.50812012e+01
 1.85486694e+01
 1.81631714e+01
 1.40178772e+01
 1.00238892e+01
 -5.48223877e-01
 -2.45703735e+00
 -3.62613525e+00
 1.63845215e+00
 3.16738281e+00
 3.53688965e+00
 1.09778381e+01
 1.42309204e+01
 1.91122681e+01
 1.62576538e+01
 1.25179382e+01
 1.15362793e+01
 6.65969238e+00
 -6.24334717e-01
 3.29714355e+00
 3.19130859e+00
 7.84758911e+00
 9.85778198e+00
 1.33434692e+01
 1.67307068e+01
 1.75769287e+01
 1.87207275e+01
 1.51418091e+01
 8.95464478e+00
 4.82372437e+00
 3.58205566e+00
 7.85882568e-01
 2.54982910e+00
 6.70577393e+00
 9.30742798e+00
 1.32618652e+01
 1.42119690e+01
 1.61541077e+01
 1.74042603e+01
 1.30489136e+01
 8.38610229e+00
 7.18685303e+00
 3.09707031e+00
 -1.47467041e-01
 4.27218018e+00
 5.01485596e+00
 8.16692505e+00
 1.42206055e+01
 1.49462524e+01
 2.17397400e+01
 1.76355835e+01
 1.29148804e+01
 1.05441223e+01
 5.76949463e+00
 2.41356812e+00
 -1.87750854e+00
 -1.19986572e+00
 4.97576294e+00
 9.24215088e+00
 1.02420898e+01
 1.56613403e+01
 1.89544922e+01
 1.70198914e+01
 1.54845215e+01
 1.06311279e+01
 6.98018799e+00
 2.23796997e+00
 1.50344238e+00
 -1.67517700e+00
 2.72893677e+00
 9.51009521e+00
 1.24511047e+01
 1.43049561e+01
 1.95169312e+01
 1.61552063e+01
 1.32367798e+01
 8.94622192e+00
 7.29784546e+00
 1.18139038e+00
 1.44033203e+00
 3.34459839e+00
 3.55639038e+00
 9.35375366e+00
 1.40651794e+01
 1.63926636e+01
 1.90637451e+01
 2.02977234e+01
 1.33286377e+01
 9.68990479e+00
 8.05715332e+00
 4.06658325e+00
 3.65539551e-02
 2.46898804e+00
 2.90368042e+00
 7.87435303e+00
 1.53070313e+01
 1.57870728e+01
 2.19365173e+01
 2.11534363e+01
 1.29214417e+01
 1.00052734e+01
 4.21669922e+00
 2.78466187e+00
 1.87822876e+00
 4.84975586e+00
 7.76561890e+00
 1.04411560e+01
 1.19827209e+01
 1.57729736e+01
 2.11667419e+01
 1.89817749e+01
 1.37283264e+01
 1.14165588e+01
 6.11849365e+00
 3.59569702e+00
 1.24630127e+00
 1.18078003e+00
 5.24172363e+00
 8.81380615e+00
 1.29972778e+01
 1.64224487e+01
 1.91966187e+01
 1.68330933e+01
 1.43807922e+01
 8.04271851e+00
 7.70607910e+00
 -7.86193848e-02
 -4.23007812e+00
 -1.78388062e+00
 5.32583008e+00
 8.59975586e+00
 1.30266357e+01
 1.56733032e+01
 2.09529663e+01
 1.89789673e+01
 1.42481018e+01
 1.23453918e+01
 4.95943604e+00
 2.55440674e+00
 3.73848877e+00
 -2.73193359e-02
 2.00625000e+00
 8.61464844e+00
 1.42695557e+01
 1.61740967e+01
 2.17239319e+01
 1.95823914e+01
 1.32475830e+01
 7.48601685e+00
 4.79842529e+00
 -1.06040039e+00
 2.11956177e+00
 5.52019653e+00
 4.70549927e+00
 1.30355774e+01
 1.60953308e+01
 1.89480225e+01
 2.00547119e+01
 1.73226257e+01
 1.30783325e+01
 1.00565125e+01
 2.03368530e+00
 6.37292480e-01
 -1.13394775e+00
 1.30169067e+00
 2.94051514e+00
 1.05913940e+01
 1.34132019e+01
 1.58084351e+01
 1.90294128e+01
 1.87152039e+01
 1.52769714e+01
 8.95388184e+00
 7.03682861e+00
 4.13317261e+00
 -1.52066650e+00
 -3.48761597e+00
 2.44066772e+00
 9.55385742e+00
 9.53698120e+00
 1.60996338e+01
 1.78926636e+01
 1.73472534e+01
 1.44575134e+01
 7.73720703e+00
 7.06102905e+00
 1.23018799e+00
 8.10180664e-02
 3.33730469e+00
 5.22390137e+00
 1.24179932e+01
 1.38651672e+01
 1.69531799e+01
 2.11693054e+01
 1.90779968e+01
 1.61031738e+01
 1.02909790e+01
 4.53392944e+00
 -1.27554932e+00
 -3.01306152e-01
 3.61572266e-02
 3.07476196e+00
 9.09829102e+00
 1.10718933e+01
 1.36327759e+01
 1.75339600e+01
 1.69542175e+01
 1.44581238e+01
 1.20440002e+01
 6.14714966e+00
 1.63332520e+00
 2.26128540e+00
 1.95290527e+00
 5.93590698e+00
 1.01506592e+01
 1.05076538e+01
 1.58221985e+01
 2.07957092e+01
 1.67439209e+01
 1.34094177e+01
 9.20607910e+00
 7.72106323e+00
 7.57196045e-01
 5.97894287e-01
 5.98973999e+00
 4.57067261e+00
 9.39290771e+00
 1.21211487e+01
 1.62748352e+01
 1.78395020e+01
 2.01187988e+01
 1.60582825e+01
 9.78264771e+00
 8.20412598e+00
 6.46590576e+00
 1.40368042e+00
 5.77233276e+00
 5.76854858e+00
 1.06034790e+01
 1.18000427e+01
 1.65635620e+01
 1.90524841e+01
 1.73567139e+01
 1.44642883e+01
 8.79311523e+00
 7.77367554e+00
 3.00014648e+00
 3.11461792e+00
 2.96972046e+00
 5.58303223e+00
 9.37374268e+00
 1.71595093e+01
 1.95356079e+01
 2.16864258e+01
 1.71156250e+01
 1.45818726e+01
 8.83666382e+00
 8.49837646e+00
 3.15307007e+00
 2.70610962e+00
 4.75610352e-01
 -4.19677734e-02
 6.86211548e+00
 1.63047119e+01
 1.50511108e+01
 1.78240906e+01
 1.47195984e+01
 1.46744629e+01
 1.10261475e+01
 9.29808960e+00
 3.05330811e+00
 5.55901489e+00
 3.54937134e+00
 5.77886353e+00
 1.15888916e+01
 1.38475281e+01
 1.60894104e+01
 2.04123169e+01
 1.61631104e+01
 1.37985779e+01
 1.09597107e+01
 4.51760254e+00
 3.15770874e+00
 4.14244995e+00
 1.05455933e+00
 5.42019043e+00
 1.03506409e+01
 1.08306519e+01
 1.75245300e+01
 2.05832458e+01
 1.89407898e+01
 1.60493103e+01
 1.18015991e+01
 7.27807007e+00
 5.40621338e+00
 2.99389038e+00
 3.35949097e+00
 5.74529419e+00
 1.01440063e+01
 1.35185791e+01
 1.69214111e+01
 1.98588806e+01
 1.92191711e+01
 1.45434509e+01
 1.18685547e+01
 7.42461548e+00
 2.49862061e+00
 1.29012451e+00
 2.16363525e-01
 1.24511719e-03
 9.05663452e+00
 1.25346313e+01
 1.65838257e+01
 1.98312622e+01
 2.14864441e+01
 1.62368713e+01
 1.07408997e+01
 8.38100586e+00
 2.44881592e+00
 -1.32697144e+00
 -3.64904785e-01
 1.85161743e+00
 1.03882385e+01
 1.38218628e+01
 1.48414246e+01
 1.89525391e+01
 1.81775452e+01
 1.54531799e+01
 1.02386719e+01
 6.02745972e+00
 2.55260620e+00
 3.59139404e+00
 1.40114746e+00
 3.42992554e+00
 9.05892334e+00
 1.02231689e+01
 1.65497070e+01
 2.22918335e+01
 1.92016541e+01
 1.37795044e+01
 7.45693359e+00
 5.97182617e+00
 4.28209839e+00
 -3.61438599e+00
 -1.34039917e+00
 3.74477539e+00
 1.29241272e+01
 1.19912659e+01
 1.82270752e+01
 2.07720581e+01
 1.88656250e+01
 1.45007568e+01
 9.93090210e+00
 7.35711060e+00
 3.43108521e+00
 4.44347534e+00
 2.85537109e+00
 5.67125854e+00
 9.47188721e+00
 1.39401489e+01
 1.60882202e+01
 2.10364014e+01
 1.95583435e+01
 1.47652832e+01
 1.12172180e+01
 9.51772461e+00
 2.61409912e+00
 5.37224731e+00
 3.72075806e+00
 5.75713501e+00
 1.10244080e+01
 1.25981995e+01
 1.42316223e+01
 1.71422668e+01
 1.67314087e+01
 1.31966187e+01
 1.07370239e+01
 4.61931763e+00
 2.79503784e+00
 4.40950928e+00
 3.72417603e+00
 5.08291016e+00
 8.07045898e+00
 1.32014709e+01
 1.55855652e+01
 1.83905884e+01
 1.93185974e+01
 1.63849121e+01
 7.20827637e+00
 6.53725586e+00
 1.39681396e+00
 1.79833374e+00
 2.44805298e+00
 3.87554321e+00
 6.32790527e+00
 1.41287781e+01
 1.41701294e+01
 1.90564209e+01
 1.89621521e+01
 1.34375549e+01
 1.02000061e+01
 5.51333008e+00
 4.40603027e+00
 9.45031738e-01
 5.93416748e+00
 5.49141846e+00
 8.51165161e+00
 1.18906799e+01
 1.63588196e+01
 1.93802734e+01
 1.77494751e+01
 1.34240356e+01
 1.12525574e+01
 7.10747681e+00
 4.16082153e+00
 1.78164063e+00
 3.04873047e+00
 4.93566284e+00
 9.98922119e+00
 1.19523865e+01
 1.48077637e+01
 1.93200623e+01
 1.97761169e+01
 1.38127075e+01
 9.66115723e+00
 7.07082520e+00
 5.04348145e+00
 1.97713623e+00
 1.92498779e-01
 5.45284424e+00
 1.03839050e+01
 1.22605530e+01
 1.62299133e+01
 1.98614441e+01
 1.69191223e+01
 1.43939453e+01
 8.77431641e+00
 5.63747559e+00
 9.57879639e-01
 3.75414429e+00
 4.86190186e+00
 5.06063232e+00
 7.54604492e+00
 1.03088013e+01
 1.80850464e+01
 1.95562988e+01
 1.80908447e+01
 1.41466919e+01
 1.16311584e+01
 7.08892212e+00
 3.30809937e+00
 4.66115723e+00
 2.82061157e+00
 4.52715454e+00
 1.04136292e+01
 1.71787964e+01
 1.86172424e+01
 2.05875183e+01
 1.99147278e+01
 1.43498169e+01
 1.01780640e+01
 7.51769409e+00
 3.64916382e+00
 -9.05187988e-01
 -4.66037598e+00
 -1.49796143e+00
 8.29268799e+00
 1.20021606e+01
 1.81766296e+01
 1.83321167e+01
 1.90633179e+01
 1.55204712e+01
 1.10365234e+01
 5.51384888e+00
 5.17138062e+00
 -1.22424927e+00
 7.24237061e-01
 6.45119629e+00
 1.05380798e+01
 1.35981384e+01
 1.55008179e+01
 1.76588989e+01
 2.05742126e+01
 1.34828125e+01
 1.14789368e+01
 7.49526367e+00
 4.49953613e+00
 2.37496338e+00
 2.58712158e+00
 5.28057251e+00
 1.01301819e+01
 1.25608154e+01
 1.85143372e+01
 2.04784180e+01
 1.99083191e+01
 1.51449829e+01
 1.26877686e+01
 9.38756714e+00
 4.37374268e+00
 4.77279053e+00
 4.18334351e+00
 6.23018799e+00
 8.59481201e+00
 1.19510742e+01
 1.57559448e+01
 2.14493347e+01
 1.88601318e+01
 1.61293884e+01
 1.01545349e+01
 5.96303711e+00
 4.76146851e+00
 1.16753540e+00
 1.06139526e+00
 5.46898804e+00
 9.22747192e+00
 1.33573853e+01
 1.56370483e+01
 2.23393188e+01
 1.89698425e+01
 1.46813293e+01
 1.23752991e+01
 8.61309204e+00
 5.95662842e+00
 9.19458008e-01
 4.15480957e+00
 7.29561768e+00
 8.23476563e+00
 1.28845459e+01
 1.55876709e+01
 1.94551636e+01
 1.89650513e+01
 1.40743347e+01
 8.36779175e+00
 4.74328003e+00
 4.50164185e+00
 -1.00028076e+00
 4.53463135e+00
 5.13601074e+00
 1.01106506e+01
 1.06989685e+01
 1.60762268e+01
 1.90501953e+01
 2.03288513e+01
 1.89702698e+01
 1.29588562e+01
 7.11583862e+00
 3.41704712e+00
 4.56337891e+00
 6.36138306e+00
 6.04659424e+00
 1.14500671e+01
 1.47934814e+01
 1.99711243e+01
 2.37036377e+01
 2.16925598e+01
 1.75922485e+01
 1.14164978e+01
 7.96193848e+00
 4.73806152e+00
 -8.65484619e-01
 1.59108887e+00
 4.33315430e+00
 1.10128418e+01
 1.39006592e+01
 1.64782959e+01
 1.82233521e+01
 2.24684082e+01
 1.58341614e+01
 1.18525940e+01
 2.96889648e+00
 -3.24652100e-01
 -3.86200562e+00
 4.21594238e-01
 5.79534302e+00
 9.99257813e+00
 1.14206177e+01
 1.81029602e+01
 2.11170898e+01
 2.07369324e+01
 1.64091125e+01
 1.00509583e+01
 8.65603027e+00
 8.86804199e-01
 3.30743408e-01
 5.07213745e+00
 7.38067017e+00
 1.18947388e+01
 1.30152527e+01
 1.64315125e+01
 1.85834595e+01
 1.91270081e+01
 1.43917175e+01
 1.00834290e+01
 6.61263428e+00
 2.10878906e+00
 2.57235107e+00
 3.27410278e+00
 5.45064697e+00
 9.45437012e+00
 1.20156189e+01
 1.54340454e+01
 2.09144531e+01
 1.72928101e+01
 1.40896545e+01
 1.03366333e+01
 8.52944336e+00
 4.53969727e+00
 4.56862793e+00
 3.81353149e+00
 4.72646484e+00
 9.13353882e+00
 1.20375000e+01
 1.61252991e+01
 2.12559753e+01
 2.21935059e+01
 1.71913391e+01
 1.11599976e+01
 4.22054443e+00
 5.92302856e+00
 3.52462158e+00
 4.75183105e-01
 3.30959473e+00
 1.00459839e+01
 1.17563721e+01
 1.55979248e+01
 1.96887146e+01
 1.89107910e+01
 1.41242004e+01
 1.20540100e+01
 9.78084717e+00
 4.14833984e+00
 1.05120239e+00
 2.97805176e+00
 5.05672607e+00
 1.00272461e+01
 1.40797974e+01
 2.12383362e+01
 2.13093506e+01
 2.39181763e+01
 1.63812195e+01
 1.25248962e+01
 7.13250122e+00
 7.95345459e+00
 3.08077393e+00
 3.59179077e+00
 5.33364258e+00
 1.01876160e+01
 1.32029053e+01
 1.57408691e+01
 2.05017029e+01
 1.97851807e+01
 1.61113831e+01
 1.02906738e+01
 7.40319214e+00
 6.37667236e+00
 3.52028809e+00
 6.21877441e+00
 6.53936157e+00
 7.09169922e+00
 1.27540222e+01
 2.04807068e+01
 2.35795227e+01
 2.23004395e+01
 1.69749695e+01
 1.03160950e+01
 4.15322266e+00
 6.36898193e+00
 4.48244629e+00
 4.47472534e+00
 7.42830811e+00
 1.19630981e+01
 1.48418518e+01
 1.76809937e+01
 2.38465210e+01
 1.99189392e+01
 1.61410767e+01
 1.30909668e+01
 6.64000854e+00
 6.19924316e+00
 5.12939453e-02
 5.49779663e+00
 7.55611572e+00
 1.20253845e+01
 1.46845947e+01
 1.51036621e+01
 1.99265686e+01
 1.91609131e+01
 1.54955383e+01
 1.01566711e+01
 1.01089111e+01
 1.39785156e+00
 4.41375122e+00
 3.35903320e+00
 8.11229858e+00
 1.00953003e+01
 1.53892151e+01
 1.77696472e+01
 1.87990662e+01
 2.02373901e+01
 1.61655823e+01
 1.07898499e+01
 7.66958008e+00
 6.15270386e+00
 5.64107666e+00
 1.53252563e+00
 7.33660278e+00
 7.80446777e+00
 1.44539124e+01
 1.68687378e+01
 1.92720276e+01
 1.86083313e+01
 1.55094238e+01
 1.27927795e+01
 7.83074341e+00
 4.95647583e+00
 3.73354492e+00
 1.37636719e+00
 3.96077881e+00
 9.99505005e+00
 1.29454285e+01
 1.58356873e+01
 2.08473145e+01
 1.91634155e+01
 1.29735962e+01
 1.12756897e+01
 8.72588501e+00
 8.82012939e-01
 1.65654907e+00
 3.77254639e+00
 4.54973755e+00
 1.03098999e+01
 1.36903015e+01
 1.62179504e+01
 2.03878418e+01
 1.72581116e+01
 1.63053528e+01
 1.28431030e+01
 8.74276123e+00
 3.84508667e+00
 2.35952148e+00
 3.29702148e+00
 7.33620605e+00
 1.07751404e+01
 1.53332458e+01
 1.65870605e+01
 2.25850159e+01
 2.30123840e+01
 1.59959045e+01
 1.35029541e+01
 5.45256958e+00
 4.27279053e+00
 4.77279053e+00
 2.37191162e+00
 5.99337158e+00
 8.50057373e+00
 1.39172913e+01
 1.74246460e+01
 1.85802246e+01
 1.90277039e+01
 1.63298889e+01
 1.35915771e+01
 4.49105225e+00
 7.17562256e+00
 3.05880127e+00
 3.30599365e+00
 7.81783447e+00
 6.00823364e+00
 1.24535767e+01
 1.37178894e+01
 1.88696228e+01
 2.03511292e+01
 1.41603638e+01
 1.37631470e+01
 6.46801147e+00
 3.28533325e+00
 4.05446777e+00
 3.37435303e+00
 3.23442993e+00
 9.31359253e+00
 1.58555847e+01
 1.76228577e+01
 1.84564148e+01
 2.09044128e+01
 1.59477478e+01
 1.15359436e+01
 8.29534302e+00
 5.18621216e+00
 6.36699829e+00
 2.63433228e+00
 7.49315796e+00
 1.13435303e+01
 1.40385681e+01
 1.82508179e+01
 2.12735535e+01
 2.05905701e+01
 1.44328247e+01
 1.23057495e+01
 7.19854126e+00
 6.21434937e+00
 1.59093628e+00
 3.43398438e+00
 7.87658081e+00
 9.53740845e+00
 1.66561523e+01
 1.85317627e+01
 2.00604492e+01
 1.85168396e+01
 1.39874817e+01
 1.11497437e+01
 7.34221802e+00
 3.88994751e+00
 2.75079346e-01
 5.21459351e+00
 5.61657104e+00
 1.14623047e+01
 1.20877319e+01
 1.81477905e+01
 2.37404114e+01
 2.28804871e+01
 1.58988586e+01
 1.20447632e+01
 7.49392090e+00
 3.43596802e+00
 9.60504150e-01
 6.29693604e-01
 6.08117065e+00
 1.13461548e+01
 1.05626465e+01
 1.46260620e+01
 1.99508911e+01
 1.97304016e+01
 1.64908997e+01
 1.40307861e+01
 7.00383911e+00
 4.01192627e+00
 3.68935547e+00
 6.03984985e+00
 1.94384155e+00
 9.31905518e+00
 1.43931519e+01
 1.86631104e+01
 2.21533447e+01
 2.07675720e+01
 1.77256714e+01
 1.18078247e+01
 9.80095825e+00
 3.16268311e+00
 1.66402588e+00
 3.94619141e+00
 6.49245605e+00
 1.28412720e+01
 1.52724243e+01
 1.75811707e+01
 1.95328918e+01
 2.09952637e+01
 1.78849121e+01
 1.19439331e+01
 7.74569092e+00
 6.35622559e+00
 7.77480469e+00
 7.17321167e+00
 8.69390259e+00
 1.11772400e+01
 1.32995239e+01
 2.01412292e+01
 2.42674194e+01
 2.12233215e+01
 1.62260376e+01
 1.18023010e+01
 7.67489014e+00
 8.43154297e+00
 5.14150391e+00
 6.51775513e+00
 7.15685425e+00
 1.08409973e+01
 1.46202637e+01
 1.82206360e+01
 2.34106079e+01
 2.00285889e+01
 1.67651001e+01
 1.07728210e+01
 4.83388672e+00
 4.02877197e+00
 5.69735107e+00
 3.49410400e+00
 9.29763184e+00
 1.41632935e+01
 1.85653320e+01
 1.92850281e+01
 2.18304382e+01
 2.07385193e+01
 1.63460327e+01
 1.32558838e+01
 1.09010254e+01
 5.05465088e+00
 6.29546509e+00
 5.21950684e+00
 6.60869751e+00
 1.40353333e+01
 1.55954834e+01
 1.91075989e+01
 2.05491577e+01
 2.05887695e+01
 1.89707886e+01
 1.34844299e+01
 8.91607056e+00
 6.60421143e+00
 5.10457764e+00
 4.10173950e+00
 6.52031860e+00
 1.14563538e+01
 1.28549133e+01
 1.81822449e+01
 1.71856323e+01
 1.90356384e+01
 1.46217590e+01
 1.19458252e+01
 7.17528687e+00
 6.11986694e+00
 3.36473999e+00
 3.38161621e+00
 8.35814819e+00
 1.31753784e+01
 1.51218811e+01
 1.68396240e+01
 2.16019836e+01
 2.10586792e+01
 1.63657471e+01
 1.18678528e+01
 6.51796875e+00
 2.56728516e+00
 5.58535156e+00
 3.45549927e+00
 7.13140259e+00
 9.24544678e+00
 1.28623291e+01
 1.49587036e+01
 1.90461060e+01
 1.78213135e+01
 1.61918884e+01
 1.22225891e+01
 8.07430420e+00
 4.81212769e+00
 4.33699951e+00
 6.51162109e+00
 6.97185669e+00
 1.17408997e+01
 1.38837830e+01
 1.66241699e+01
 1.93049561e+01
 1.96002136e+01
 1.64373718e+01
 1.08864380e+01
 4.80138550e+00
 1.46035156e+00
 3.93547974e+00
 2.33596191e+00
 8.06063232e+00
 9.67662964e+00
 1.29150024e+01
 1.80771729e+01
 2.25755249e+01
 2.17995239e+01
 1.67921387e+01
 1.36934753e+01
 8.03804932e+00
 1.46630859e-01
 4.59472046e+00
 6.37072144e+00
 6.74834595e+00
 1.42333923e+01
 1.54163147e+01
 1.78990112e+01
 2.04030396e+01
 2.34701782e+01
 1.77425171e+01
 1.36684204e+01
 9.71874390e+00
 3.62276611e+00
 4.87850342e+00
 3.49794922e+00
 7.78624878e+00
 1.06818176e+01
 1.35659119e+01
 1.69552856e+01
 2.35942932e+01
 2.21032043e+01
 1.75337769e+01
 1.19642578e+01
 8.39779053e+00
 3.72847900e+00
 3.23122559e+00
 2.09053955e+00
 6.48009644e+00
 1.10819336e+01
 1.55517517e+01
 1.74760071e+01
 2.11332031e+01
 2.22937561e+01
 1.90053955e+01
 1.12777344e+01
 1.01663147e+01
 7.48650513e+00
 3.93670044e+00
 6.24962769e+00
 9.58263550e+00
 1.21068359e+01
 1.46328064e+01
 1.79161621e+01
 2.38967834e+01
 2.13026367e+01
 1.45112549e+01
 1.28136536e+01
 8.98098145e+00
 7.59191284e+00
 6.95372925e+00
 8.14235840e+00
 5.94808350e+00
 1.20753723e+01
 1.42154785e+01
 1.64725281e+01
 2.31562744e+01
 2.27102295e+01
 1.63064819e+01
 1.32568909e+01
 5.53887329e+00
 5.54412231e+00
 -9.42138672e-02
 9.12835693e-01
 6.81401978e+00
 1.26255737e+01
 1.46696716e+01
 1.97164856e+01
 2.11776367e+01
 2.03987671e+01
 1.59786621e+01
 1.19478699e+01
 4.64632568e+00
 6.22402344e+00
 4.64714966e+00
 3.38189087e+00
 7.36504517e+00
 1.23029419e+01
 1.73139587e+01
 1.77040344e+01
 2.14782959e+01
 2.37618958e+01
 1.69987732e+01
 1.20275818e+01
 7.04442749e+00
 6.08330688e+00
 5.55709229e+00
 4.52007446e+00
 9.77654419e+00
 1.39931274e+01
 1.41836792e+01
 1.86638123e+01
 2.39259277e+01
 2.09191223e+01
 1.68019348e+01
 1.39543701e+01
 6.93154297e+00
 6.67650757e+00
 7.80071411e+00
 5.56881104e+00
 8.23107300e+00
 1.02366577e+01
 1.60121399e+01
 1.73414246e+01
 1.97112061e+01
 2.08488403e+01
 1.66897827e+01
 1.28590332e+01
 8.24309692e+00
 5.45202026e+00
 2.34240112e+00
 2.54082642e+00
 5.88662109e+00
 1.25121704e+01
 1.40891663e+01
 1.60480896e+01
 2.02227722e+01
 1.98269897e+01
 1.42040955e+01
 1.15543457e+01
 1.00887695e+01
 7.31017456e+00
