 3.88969504e+01
 4.43671615e+01
 3.97837071e+01
 4.63360681e+01
 6.58806011e+01
 1.37508495e+02
 7.56804184e+00
 3.64686990e+01
 1.31216449e+01
 6.26634858e+01
 1.46485108e+02
 3.15600220e+01
 4.90572115e+01
 6.73173885e+01
 6.36803657e+01
 4.05819596e+01
 5.73692451e+01
 3.78475783e+01
 1.27120233e+01
 3.34333499e+01
 2.48815200e+01
 1.64754047e+01
 3.53903364e+01
 6.90987883e+01
 8.35890202e+01
 4.02540898e+01
 6.76119571e+01
 6.02992260e+01
 5.97141491e+01
 3.26702055e+01
 5.16634937e+00
 8.92610782e+00
 1.69376333e+01
 3.10688142e+01
 1.25862615e+02
 4.16154112e+01
 1.33295530e+01
 2.60582621e+01
 2.30658665e+01
 3.41255316e+01
 2.36534980e+01
 3.19888226e+00
 4.36792702e+01
 2.20244050e+01
 7.27974891e+01
 5.64833337e+01
 3.96117297e+01
 9.19496908e+01
 6.99212811e+01
 7.91469731e+01
 3.36223024e+01
 2.92184006e+01
 5.00016694e+01
 6.70248326e+01
 3.22481138e+01
 6.31024659e+01
 6.03276941e+01
 4.78262665e+01
 4.27900327e+01
 5.52414803e+01
 3.09916128e+01
 5.38961828e+01
 5.84451588e+01
 3.96738994e+01
 2.06266628e+01
 9.15650491e+01
 6.37794423e+01
 2.26679986e+01
 7.22886068e+00
 4.95001866e+01
 3.47278287e+01
 6.57245223e+01
 3.60671479e+01
 1.80294964e+01
 2.38980009e+01
 3.02553664e+01
 5.41960360e+01
 2.94719353e+01
 4.75344348e+01
 2.65058457e+01
 4.67344893e+01
 5.97960569e+01
 2.83971472e+01
 4.98808930e+01
 6.70768235e+01
 4.34020749e+01
 6.12493153e+01
 3.82968912e+01
 2.05025296e+01
 4.24072128e+01
 7.25722101e+00
 4.83421167e+01
 1.46995256e+01
 3.90734575e+01
 1.93725375e+01
 2.16546045e+01
 8.21491744e+01
 6.08761974e+01
 7.12031529e+01
 2.71894436e+01
 7.20652743e+01
 3.44612456e+01
 5.94248070e+01
 2.31162501e+01
 6.31599810e+01
 3.67747648e+00
 3.37021472e+00
 5.62129875e+01
 6.07698100e+01
 4.76800861e+01
 2.94149520e+01
 1.32463024e+01
 5.02144386e+01
 5.66547310e+01
 6.82450808e+00
 7.31986336e+01
 1.95578441e+01
 2.91899420e+01
 4.72695648e+01
 4.75217238e+01
 2.30586876e+01
 3.18032964e+01
 3.76953177e+01
 4.57410530e+01
 1.03398233e+02
 1.80062485e+02
 6.90324222e+01
 2.67134896e+01
 4.25044136e+01
 1.67245055e+01
 4.46088360e+01
 3.81929248e+01
 3.16995117e+01
 2.83480728e+01
 5.54747216e+01
 1.16722466e+01
 1.18394191e+02
 4.33768204e+01
 7.05328998e+01
 3.80495619e+01
 2.09692026e+00
 1.39322512e+01
 1.19085664e+01
 7.23812467e+01
 6.56182011e+01
 5.05601688e+01
 1.12638598e+02
 2.45889654e+01
 1.17333522e+02
 4.87394337e+01
 1.10802896e+01
 6.72267393e+00
 3.94866361e+01
 1.12737343e+02
 4.55373303e+01
 5.08906209e+01
 7.68173123e+01
 7.37945624e+01
 6.17894426e+01
 8.49572093e+01
 7.62517288e+01
 4.49354741e+01
 4.62098698e+01
 1.08668469e+01
 5.17006993e+01
 6.17581645e+01
 5.13179455e+01
 5.49100054e+01
 3.03346213e+01
 3.02036621e+01
 1.23859782e+01
 4.77467565e+01
 9.25062952e+01
 2.99957142e+01
 6.11954275e+00
 2.73264481e+01
 1.39893770e+01
 5.06636694e+01
 9.62940271e+00
 4.49088851e+01
 1.44467337e+01
 3.37340726e+01
 1.16420181e+02
 5.93045874e+01
 1.92572975e+01
 7.18439402e+00
 1.00036098e+02
 1.02137978e+02
 9.76927788e+01
 4.00028195e+01
 2.48558007e+01
 2.67218523e+01
 1.18959653e+02
 3.45436786e+01
 2.93135478e+00
 3.37664626e+01
 1.42791884e+02
 1.86728935e+01
 1.04948731e+02
 3.68023517e+01
 8.80512820e+01
 2.53589643e+01
 4.94374204e+01
 5.70667925e+01
 7.17174734e+01
 4.23660433e+01
 6.18874328e+01
 6.50820719e+01
 7.10621091e+01
 4.22647640e+01
 2.16604168e+01
 9.97567191e+01
 5.51318994e-01
 2.42440138e+01
 1.10192909e+02
 5.31220126e+01
 7.39433452e+01
 2.67690087e+01
 3.51863594e+01
 3.96704104e+01
 1.07883281e+02
 1.80338340e+02
 1.42439796e+02
 6.86253097e+01
 7.74409037e+01
 5.16705130e+01
 6.04754801e+01
 3.31648209e+01
 8.21376083e+01
 7.90204324e+01
 6.00745101e+01
 5.82252896e+01
 7.74916724e+01
 3.03658016e+01
 1.18501082e+02
 1.81570908e+01
 1.35287815e+01
 4.96796656e+01
 9.19612166e+01
 4.10619347e+01
 8.37382101e+01
 5.89595380e+01
 9.84763527e+01
 1.08167394e+02
 1.00752815e+02
 7.92977650e+01
 7.45966291e+01
 7.08321126e+01
 3.46855650e+01
 3.42162189e+01
 6.34544876e+01
 1.14388039e+02
 4.60720609e+01
 2.42623260e+01
 9.21766861e+01
 7.17498136e+01
 2.30563816e+00
 1.46093205e+01
 1.59425628e+00
 3.28556523e+01
 4.72727190e+01
 6.73807411e-01
 2.52218382e+01
 8.73596901e+01
 4.43171684e+01
 2.54965230e+01
 3.87650123e+01
 2.96545262e+01
 1.86814061e+01
 2.77118174e+00
 2.30601565e+01
 1.22625758e+01
 9.16496990e+00
 2.14879462e+01
 4.22728216e+01
 6.21231977e+01
 4.45772348e+01
 1.97377437e+01
 2.40446816e+01
 4.79476409e+01
 7.69414114e+01
 7.00995450e+00
 4.55603129e+01
 1.03165043e+01
 2.66881073e+01
 5.35595311e+01
 4.25607463e+01
 3.02373887e+01
 6.51460769e+01
 1.46231690e+01
 4.36480749e+01
 3.60278249e+01
 2.27757229e+01
 5.14448272e+00
 3.21758502e+01
 1.88314364e+01
 5.52613601e+01
 1.10104644e+01
 4.01471825e+01
 2.40041881e+01
 3.64548114e+01
 6.64670360e+01
 1.05231861e+02
 3.05851893e+01
 9.02196990e+01
 1.15051098e+02
 4.33221686e+01
 3.56186771e+01
 4.78567957e+01
 6.33502208e+01
 7.07504696e+01
 6.12455346e+01
 7.33102556e+01
 6.87163512e+01
 4.81061374e+01
 5.21069377e+01
 6.05432385e+01
 5.04826632e+01
 6.53041483e+01
 3.50159667e+01
 6.17520979e+01
 1.89578180e+01
 3.60705860e+01
 1.22180860e+02
 7.14704980e+01
 5.68216347e+01
 4.21364160e+01
 8.93459151e+01
 8.35968154e+01
 6.77485151e+01
 8.65669506e+01
 9.00683850e+01
 5.08852240e+01
 5.28021232e+01
 2.41933354e+01
 4.09233122e+01
 4.97169362e+01
 8.49741669e+01
 9.93147099e+00
 3.95611067e+01
 6.42160644e+01
 5.44684546e+01
 3.22414709e+01
 7.16679058e+01
 1.97169481e+01
 2.35580852e+01
 3.99425970e+01
 2.32224617e+01
 7.77806881e+01
 2.01074671e+01
 5.52411247e+01
 1.46529314e+01
 4.47948515e+01
 1.54812853e+01
 9.89246432e+01
 5.79147998e+00
 2.09015043e+01
 7.74926078e+01
 5.08784582e+01
 6.08522537e+01
 5.46586452e+01
 4.70484429e+01
 5.13438710e+01
 4.77914106e+01
 8.82361108e+01
 7.02343005e+01
 1.70549342e+01
 7.91273816e+01
 2.28520703e+01
 1.09324762e+01
 5.25485702e+01
 2.83862892e+01
 3.48084739e+01
 1.36206417e+01
 3.54605009e+01
 2.98286421e+01
 9.82376646e+01
 8.91503727e+01
 2.40043854e+01
 3.96012757e+01
 1.02240402e+02
 3.81520221e+01
 7.06572671e+01
 4.83592856e+01
 6.08964523e+01
 6.64715817e+01
 6.13171284e+01
 7.38767681e+01
 5.67240340e+01
 3.36102983e+01
 2.51920186e+01
 5.29906445e+01
 3.33977878e+00
 5.00613707e+01
 5.18909470e+01
 6.23818901e+01
 3.55658916e+01
 8.19741442e+01
 7.35869597e+01
 7.02493832e+01
 7.47360153e+00
 7.89669556e+00
 4.19637286e+01
 4.41430682e+01
 5.05595289e+01
 8.18908035e+01
 1.83216877e+01
 3.38265870e+01
 7.93404967e+01
 1.23858386e+01
 7.88025520e+01
 5.00389231e+01
 1.53280938e+02
 9.88546049e+01
 1.81313546e+01
 1.34504281e+01
 5.77277911e+01
 4.33473957e+01
 4.78794646e+01
 2.27622811e+01
 3.72495777e+01
 2.49178243e+01
 8.47386129e+01
 5.22251005e+01
 9.97767138e+01
 2.17131253e+01
 2.67236062e+01
 1.82003248e+01
 1.08017991e+02
 3.92363619e+01
 4.70492083e+01
 3.05085802e+01
 3.55846268e+01
 3.94705545e+01
 4.72178973e+01
 1.00841034e+02
 5.72997121e+00
 1.03474940e+02
 1.33637617e+01
 5.76407703e+01
 6.56521786e+01
 6.39754226e+01
 4.39359887e+01
 3.21530006e+01
 8.29588197e+01
 9.10581035e+01
 6.99666197e+01
 4.93891407e+01
 6.88255335e+01
 4.29943447e+01
 3.96599703e+00
 2.58053925e+00
 3.55334736e+01
 8.16583126e+01
 7.10416522e+01
 1.96964944e+01
 6.74454230e+01
 2.76496322e+01
 2.42896667e+01
 2.91563394e+01
 7.85280305e+01
 1.90401323e+00
 1.65279222e+01
 1.33696677e+01
 3.19204571e+01
 7.21140721e+01
 3.90810555e+01
 6.88224057e+01
 6.87080457e+01
 9.33481628e+00
 3.55226504e+01
 6.31603441e+01
 1.46907032e+02
 6.99551218e+01
 1.20257280e+01
 7.27526622e+00
 3.20167951e+01
 1.16669588e+02
 7.53107242e+01
 4.66583454e+01
 3.80555569e+01
 2.04851487e+01
 8.69162229e+01
 5.21781173e+01
 1.35537163e+02
 5.89641397e+01
 5.23673720e+01
 1.05755219e+02
 1.20751257e+01
 3.49154797e+01
 3.90630896e+01
 3.85332497e+01
 4.18948583e+01
 3.51707118e+00
 6.49416973e+01
 5.56050328e+01
 8.25615876e+01
 2.06583233e+01
 2.14336870e+01
 7.63169366e+00
 2.59192403e+01
 5.70670409e+01
 3.29018494e+01
 8.43951383e+01
 4.51456537e+01
 3.15387208e+01
 7.14962172e+01
 3.58183808e+01
 6.37416844e+01
 9.71978075e+01
 1.80881620e+01
 4.59096680e+01
 5.51018718e+01
 2.20512788e+01
 1.68486528e+01
 9.86810442e+01
 8.05555737e+01
 6.69995536e+01
 3.97093411e+01
 2.88781933e+01
 3.72839842e+00
 2.64899451e+00
 2.49681583e+01
 3.88894232e+01
 8.44091680e+01
 1.17493332e+01
 1.46662944e+01
 2.14154926e+01
 3.55788682e+01
 2.40768251e+01
 4.72161434e+01
 2.83710766e+01
 8.47637231e+01
 5.65935185e+01
 1.62352477e+01
 5.64715679e+01
 2.82399433e+01
 3.21836453e+01
 7.33187267e+01
 1.38409498e+02
 1.00180757e+02
 8.10158827e+01
 5.57163718e+01
 6.98350919e+01
 9.50536982e+01
 3.22304354e+01
 2.49917947e+01
 1.65387646e+02
 7.58741830e+01
 8.41404895e+01
 1.09659807e+01
 2.67984301e+01
 1.93781908e+01
 2.66902354e+01
 1.32246130e+01
 6.01310236e+00
 5.15191698e+01
 3.29582269e+01
 4.07848627e+01
 5.15731075e+01
 7.45026228e+01
 2.72088994e+01
 1.76401769e+01
 6.50504642e+01
 9.93476932e+00
 4.91784517e+01
 4.89625392e+01
 5.27530378e+01
 8.90564745e+01
 5.49442082e+01
 5.92596956e+01
 8.93247453e+01
 9.33421499e+01
 1.75116085e-03
 6.47128968e+01
 5.06944457e+01
 2.88140565e+01
 3.70280398e+01
 6.90553010e+01
 5.01723478e+01
 3.24306304e+01
 2.58599844e+01
 9.36930525e+00
 2.86451692e+01
 7.35445465e+00
 4.56116733e+01
 1.03170165e+02
 8.09479728e+01
 4.11733179e+01
 5.00105509e+01
 7.82884167e+01
 1.44269388e+02
 7.47398020e+01
 2.34636721e+01
 8.87236926e+00
 1.50776711e+01
 7.83212078e+00
 1.83005763e+02
 7.56149056e+01
 2.08342506e+01
 1.20711880e+02
 3.52839702e+01
 4.48908637e+01
 5.78608434e+01
 5.06472849e+01
 1.02868284e+02
 1.26928326e+01
 1.27500114e+01
 1.73418938e+01
 4.46884475e+01
 1.25314449e+01
 7.52333532e+01
 1.15552549e+02
 1.69293947e+01
 5.46058183e+01
 8.26735577e+01
 3.41140364e+01
 1.13351829e+01
 4.98629056e+01
 1.22673929e+01
 2.20979607e+01
 6.38710307e+01
 1.82593825e+01
 7.63866437e+01
 4.27337696e+01
 2.09503057e+01
 8.07449281e+01
 1.85430450e+01
 4.73234439e+01
 8.63109569e+01
 1.12046628e+01
 6.93352548e+01
 4.30530442e+01
 6.41670571e+01
 2.82219987e+01
 3.67164441e+01
 3.43896784e+01
 3.19811271e+01
 1.69274649e+01
 8.07318437e+01
 1.08566820e+02
 1.50065477e+01
 7.19045903e+00
 6.39167640e+01
 1.02772885e+02
 8.34397720e+01
 1.81378757e+01
 1.81798405e+01
 9.37797141e+01
 2.13665247e+01
 3.39069528e+01
 6.79890700e+01
 7.70049274e+01
 4.73613718e+01
 4.38886825e+01
 4.78085763e+01
 1.03155570e+01
 5.45900075e+00
 1.04806535e+01
 7.36402056e+01
 4.56924800e+01
 2.74058688e+01
 3.31735662e+01
 3.13469157e+01
 2.43831503e+01
 3.76867923e+00
 7.20879729e+01
 7.60491177e+01
 3.11795325e+01
 9.56319732e+01
 5.53662271e+01
 1.17955791e+02
 1.83910236e+02
 9.12961177e+01
 3.10679495e+01
 1.04987973e+02
 6.26257523e+01
 3.63377136e+01
 5.64041105e+01
 2.12926334e+01
 9.46434120e+01
 5.59088443e+01
 6.57156071e+01
 6.47631050e+01
 2.00975729e+01
 3.86887981e+00
 1.40576402e+01
 4.24568410e+01
 3.44596498e+01
 5.17962027e+01
 3.81332260e+01
 9.05952410e+01
 6.61401201e+01
 4.15943691e+01
 4.26941757e+01
 2.77822999e+01
 7.11734777e+01
 3.51286370e+01
 2.97792325e+01
 3.73509379e+01
 3.95184399e+01
 6.42673698e+01
 4.70331384e+00
 1.47432826e+01
 4.55865436e+01
 6.85287957e+01
 4.18528348e+01
 2.20218106e+01
 1.10025499e+01
 3.77250657e+01
 6.33216563e+01
 1.03685636e+02
 5.97824153e+01
 6.69181268e+01
 2.85070315e+01
 2.47747967e+01
 4.27306483e+00
 5.13885909e+01
 4.01235989e+01
 6.40330435e+01
 7.80156394e+01
 1.11162893e+02
 8.87774951e+01
 3.72389020e+01
 1.03898873e+01
 1.96402792e+01
 5.29169558e+01
 1.90517501e+00
 6.14651869e+01
 3.52339173e+01
 5.71239924e+01
 2.15670989e+01
 7.04591965e+01
 2.55236146e+01
 5.58465658e+01
 7.68598139e+00
 6.88935293e+00
 2.79240857e+01
 4.15736924e+01
 6.75167976e+01
 4.69113563e+01
 2.01525459e+01
 3.38264422e+01
 3.21586959e+01
 6.32260193e+01
 4.44679594e+01
 4.90408465e+01
 1.09634571e+02
 4.05808314e+01
 1.53079909e+01
 2.86158764e+01
 3.91060023e+01
 3.05602786e+01
 6.78449791e+01
 7.70262258e+01
 7.61690952e+01
 8.03434403e+00
 3.12379576e+01
 6.34138878e+01
 2.68001927e+01
 7.36050932e+01
 1.12112482e+02
 1.05568842e+01
 2.22894968e+01
 2.52167909e+01
 1.48202478e+01
 3.50259491e+01
 2.84032145e+01
 3.54940713e+01
 2.46511607e+01
 4.42414627e+01
 6.68307093e+01
 1.30249456e+02
 5.18355102e+01
 4.74208981e+01
 1.07361024e+01
 3.19583172e+01
 4.98295862e+01
 2.95294161e+01
 1.96368735e+01
 1.63465213e+01
 6.02723444e+00
 4.26661660e+01
 3.42477704e+01
 4.75878950e+01
 1.09863746e+01
 1.68585629e+01
 2.67043692e+01
 2.42458562e+01
 3.27659202e+01
 1.75997992e+01
 1.08999740e+01
 3.68851243e+01
 4.36355961e+01
 4.25892813e+01
 3.82326919e+01
 1.27508158e+02
 9.58532538e+01
 7.79726064e+00
 2.55791170e+01
 1.98378243e+01
 6.28539997e+01
 4.62527713e+01
 7.39981598e+00
 6.57928226e+01
 1.43532874e+01
 1.91196275e+01
 8.20105879e+01
 6.28642747e+01
 1.98770964e+01
 1.48859074e+01
 1.81405480e+01
 2.81422829e+01
 4.69948434e+01
 3.78194762e+00
 3.62027229e+01
 5.60418640e+01
 6.20033237e+01
 6.85599667e+01
 1.41494989e+02
 7.67381962e+01
 3.30490815e+01
 2.71423384e+01
 4.61178301e+00
 5.40664784e+01
 1.09108828e+02
 9.86831646e+01
 4.46536372e+01
 2.51837094e+01
 9.74447327e+01
 8.93564521e+01
 5.78217009e+01
 2.57444452e+01
 2.07282889e+01
 6.14491639e+01
 5.95671907e+01
 2.48872839e+01
 1.60054266e+01
 5.80110434e+01
 7.86420495e+01
 3.21387720e+01
 3.56131979e+01
 7.75402668e+00
 9.95311250e+01
 6.18346741e+01
 9.30844566e+01
 1.10456888e+01
 4.82160932e+01
 0.00000000e+00
 5.99125496e+00
 4.83655673e+01
 3.70109773e+01
 7.56734929e+01
 3.82228722e+01
 6.45892289e+01
 8.46718118e+01
 2.15573354e+01
 1.23685997e+01
 1.26462650e+01
 4.59679528e+00
 5.14844258e+01
 4.86784929e+01
 5.57031623e+01
 2.77161872e+01
 7.64515044e+01
 3.11199847e+01
 2.62529680e+01
 4.25754612e+01
 3.86923735e+01
 9.94944060e+01
 2.08010334e+01
 4.93244677e+00
 3.22853772e+01
 8.94222738e+00
 1.25457725e+02
 6.48624983e+01
 2.57204799e+01
 5.65083147e+01
 4.26845821e+01
 1.16033230e+01
 2.92066651e+01
 4.08488810e+00
 4.95765805e+00
 2.66051538e+01
 5.17731001e+01
 6.31488277e+01
 4.47414828e+01
 9.79057390e+00
 7.94507545e+01
 2.23647097e+01
 3.69350255e+01
 5.59542171e+01
 6.27502411e+01
 1.22907604e+01
 3.40776889e+01
 3.60752110e+01
 9.04672032e+01
 5.99270401e+01
 9.50873595e+01
 8.38493594e+01
 5.44444437e+01
 6.00867127e+01
 7.84821657e+01
 2.42063200e+01
 1.02354654e+02
 3.51519221e+01
 1.27447748e+00
 5.76291068e+01
 6.85594360e+01
 5.04799372e+01
 5.43028984e+01
 2.11265524e+01
 1.03302528e+02
 4.22939720e+01
 1.72915688e+01
 7.56611768e+01
 3.52500021e+01
 8.17222106e+01
 3.07792017e+01
 1.72850756e+01
 4.52421543e+01
 5.30135867e+01
 2.34924986e+01
 7.69384151e+01
 4.56028404e+01
 5.88945910e+01
 2.40011285e+01
 7.54282694e+01
 6.30342094e+01
 5.71205411e+01
 1.03603692e+01
 1.68443952e+01
 1.64475571e+01
 1.83896792e+01
 5.01725081e+01
 2.89927680e+01
 4.62748035e+01
 2.91343782e+01
 2.39990993e+01
 8.75494931e+01
 4.18498656e+01
 6.56925280e+01
 4.17588180e+01
 1.06070351e+01
 6.61431847e+01
 8.73537268e+01
 3.82470273e+01
 8.99194583e+01
 9.05834801e+01
 4.74143400e+01
 5.42241376e+01
 3.89309191e+01
 5.23753523e+01
 3.61980394e+01
 3.92458428e+01
 4.87637185e+01
 7.23655408e+01
 3.21988313e+01
 5.12444226e+01
 9.27891916e+01
 7.39198378e+01
 5.21791257e+01
 3.83996527e+01
 4.78044989e+01
 5.96939596e+01
 1.83266041e+01
 1.67514524e+01
 9.42892673e+00
 5.87207371e+01
 7.31335926e+01
 5.00876461e+01
 8.18235214e+01
 4.28546727e+01
 2.27396762e+01
 1.12904433e+02
 7.81395317e+01
 1.01440037e+02
 2.79199413e+01
 3.53184218e+01
 1.18279536e+01
 1.21129859e+02
 5.90648943e+01
 5.17516795e+00
 4.08411633e+01
 3.82126368e+01
 2.22601671e+01
 6.06980750e+01
 5.59145560e+01
 1.11553618e+02
 4.87522674e+01
 5.00974380e+01
 6.74437008e+00
 1.00296114e+02
 4.03402329e+00
 9.06067336e+01
 3.51855872e+01
 1.12796236e+02
 6.21027133e+01
 1.02856751e+02
 1.05086551e+02
 1.07693946e+02
 4.29169415e+01
 2.07365138e+01
 1.21200423e+01
 9.44064133e-01
 5.81153403e+01
 7.48865790e+01
 9.50983353e+01
 8.69440516e+01
 2.67910266e+01
 6.29311670e+01
 1.43551045e+01
 8.55362354e+00
 9.25250809e+01
 6.72780120e+01
 1.01273867e+01
 1.03552358e+02
 4.64699556e+01
 7.10676168e+01
 5.75251923e+01
 7.61351423e+01
 4.59920282e+01
 2.57668514e+01
 8.19439675e+01
 4.12228124e+01
 9.94958912e+00
 7.31646661e+01
 2.15984720e+01
 2.62078509e+01
 4.13061963e+01
 1.77182166e+01
 1.05368910e+02
 5.37381964e+01
 3.14696087e+01
 3.16966689e+01
 1.02030631e+02
 8.45979296e+01
 3.37757485e+01
 2.93298848e+01
 2.13029790e+01
 4.03257893e+01
 1.06250144e+02
 1.42803324e+02
 1.04075068e+01
 4.26116729e+01
 5.49926112e+01
 8.12776890e+01
 4.67246777e+01
 1.03341192e+02
 5.38906910e+01
 7.36788112e+01
 7.28620576e+01
 2.29480664e+01
 1.64374934e+01
 8.10102633e+01
 1.05980305e+02
 7.86132658e+01
 7.61426203e+01
 3.84232648e+01
 4.34428326e+01
 2.63611576e+01
 4.01563434e+01
 1.85820881e+00
 1.59606068e+01
 4.61868424e-01
 1.14764243e+01
 6.86570044e+01
 8.12324527e+01
 8.02566728e+01
 6.91986635e+01
 9.14253877e+01
 3.48291761e+01
 5.79506819e+01
 2.10693071e+01
 1.14448819e+01
 5.15610116e+00
 2.41553413e+00
 4.33650907e+01
 3.27453834e+01
 1.50440629e+01
 1.16999879e+02
 7.66272561e+01
 8.88477004e+01
 7.05676525e+01
 6.68609266e+01
 8.48659115e+01
 2.22384384e+01
 1.30275755e+01
 2.41838468e+01
 3.35555100e+01
 5.21948455e+01
 3.17476176e+01
 7.25256327e+01
 5.13394092e+01
 4.69899422e+01
 3.52511030e+01
 5.82898839e+01
 2.40147074e+01
 1.89594306e+01
 1.37019539e+01
 6.69397867e+01
 4.24969134e+01
 3.33132764e+01
 5.57929302e+01
 1.31107168e+02
 9.82646865e+01
 5.39922751e+01
 1.34645534e+02
 6.56869496e+01
 1.54102141e+01
 1.14854765e+01
 1.00958900e+01
 3.32136499e+01
 5.64056354e+01
 1.09483545e+02
 8.78890796e+01
 2.94591116e+01
 2.96148951e+01
 2.64571795e+01
 3.90405646e+01
 3.89800567e+01
 9.28840013e+01
 2.59855863e+01
 6.50689096e+01
 6.51482633e+01
 4.96900624e+01
 1.10304509e+02
 3.72010649e+01
 2.49068566e+01
 5.55339254e+01
 1.16936477e+01
 4.42327678e+01
 4.61308462e+01
 1.79751602e+01
 4.18522675e+01
 5.40658615e+01
 4.28601892e+01
 2.08445621e+01
 1.43387414e+02
 6.89147833e+01
 6.66201289e+01
 8.05363779e+01
 8.20410651e+01
 6.85399826e+01
 7.30471881e+01
 2.35823395e+01
 1.52663483e+01
 2.58945467e+00
 6.99063989e+01
 5.49573659e+01
 5.62472809e+01
 1.10236723e+01
 3.81439638e+01
 2.82657945e+01
 3.86831996e+01
 4.15124766e+01
 8.80683782e+01
 5.96532154e+01
 8.60835623e+01
 5.42708794e+01
 2.19642272e-01
 1.91554694e+01
 3.57881352e+01
 1.64024846e+01
 5.88122480e+01
 6.66038387e+01
 1.00387865e+02
 3.36207063e+01
 5.40461690e+01
 1.04673740e+02
 3.79569309e+01
 1.13961273e+02
 3.26926104e+01
 1.99362370e+00
 1.20466145e+02
 5.56266056e+01
 7.01278482e+01
 1.45190047e+01
 2.59833745e+01
 5.85925552e+01
 1.84890250e+01
 4.91723627e+01
 1.53151521e+01
 1.00768825e+02
 5.70969104e+01
 9.56076912e+01
 3.37736527e+01
 5.32988801e+01
 9.00549188e+01
 9.02941339e+00
 1.44414366e+01
 2.53619555e+01
 8.74450180e+01
 1.54364945e+01
 3.19117620e+01
 2.57874331e+01
 1.76830985e+02
 4.55741883e+01
 7.65729618e+01
 3.46464513e+01
