 3.15969238e+00
 3.13518677e+00
 3.94988403e+00
 9.69414673e+00
 1.55436340e+01
 1.86326843e+01
 2.34002319e+01
 2.28329102e+01
 1.95840393e+01
 1.15042358e+01
 6.13335571e+00
 1.77077637e+00
 -2.00549927e+00
 6.30117188e+00
 8.74871216e+00
 1.14088989e+01
 1.51221252e+01
 2.06493774e+01
 2.21328064e+01
 1.96661926e+01
 1.74398438e+01
 1.60737244e+01
 1.00426880e+01
 6.68176270e-01
 2.14998779e+00
 3.54689941e+00
 6.57012329e+00
 1.02185303e+01
 1.42466980e+01
 1.81074463e+01
 2.13757568e+01
 2.04346252e+01
 1.76456848e+01
 1.22557617e+01
 7.96767578e+00
 5.14171753e+00
 1.10988770e+00
 4.34414063e+00
 7.23803101e+00
 1.24697205e+01
 1.62172180e+01
 2.13604065e+01
 2.09067627e+01
 2.17189270e+01
 1.89666077e+01
 1.32771240e+01
 4.81743774e+00
 -4.39001465e-01
 -2.24994507e+00
 -3.67392578e+00
 5.40545044e+00
 1.20297791e+01
 1.59324890e+01
 1.80534607e+01
 2.23518311e+01
 2.11471802e+01
 2.00333191e+01
 8.74392090e+00
 5.84008179e+00
 2.33117065e+00
 -2.35129395e+00
 4.65908203e+00
 3.85994873e+00
 1.21046997e+01
 1.81958252e+01
 1.85982910e+01
 2.10700928e+01
 2.04028259e+01
 1.68706299e+01
 1.11112305e+01
 4.37316284e+00
 5.18920288e+00
 -2.51525879e-02
 1.81463013e+00
 6.58037720e+00
 1.00355469e+01
 1.48263489e+01
 1.74656006e+01
 2.09172913e+01
 2.01347900e+01
 1.38149658e+01
 1.20398193e+01
 1.05001770e+01
 -2.36859741e+00
 1.35201416e+00
 -1.60349121e+00
 3.99627075e+00
 1.08407837e+01
 2.04846130e+01
 2.06990601e+01
 2.49912048e+01
 2.32810608e+01
 1.96783691e+01
 1.33495728e+01
 8.11266479e+00
 1.83825073e+00
 4.80532227e+00
 1.38879395e-01
 5.40679321e+00
 9.73769531e+00
 1.85267578e+01
 2.27273499e+01
 2.42510010e+01
 2.34948669e+01
 1.74603516e+01
 1.28700195e+01
 9.71132813e+00
 2.73909912e+00
 -1.10947266e+00
 4.82064209e+00
 7.13948975e+00
 1.19457642e+01
 1.44127747e+01
 2.01075684e+01
 2.23249146e+01
 2.18343750e+01
 1.93289124e+01
 1.18062073e+01
 8.55764160e+00
 6.85949097e+00
 3.44432983e+00
 3.43251953e+00
 6.37316284e+00
 1.15285889e+01
 1.56267639e+01
 2.05926758e+01
 2.03040100e+01
 2.27918030e+01
 1.97135864e+01
 1.17717529e+01
 4.82805786e+00
 2.04165039e+00
 3.25536499e+00
 -3.06982422e-01
 6.55730591e+00
 1.21514221e+01
 1.69371277e+01
 1.97954041e+01
 2.27562195e+01
 2.08882080e+01
 1.77518250e+01
 1.70952087e+01
 4.65706787e+00
 6.36202393e+00
 5.20156250e+00
 5.75780640e+00
 8.61315308e+00
 1.13555237e+01
 1.44747864e+01
 1.69053284e+01
 1.97655273e+01
 2.37325684e+01
 1.82246948e+01
 1.39906555e+01
 4.21538696e+00
 5.11199341e+00
 -3.22454834e-01
 2.73412476e+00
 6.35161743e+00
 1.17999817e+01
 1.56970459e+01
 1.81949707e+01
 2.13385254e+01
 2.22912537e+01
 1.84708496e+01
 1.27867981e+01
 5.21398315e+00
 2.81835327e+00
 3.26531372e+00
 5.48303223e-01
 5.96502075e+00
 1.18157288e+01
 1.55750671e+01
 1.79421936e+01
 2.23748718e+01
 2.17769409e+01
 2.03662048e+01
 1.40752808e+01
 5.35555420e+00
 3.65371094e+00
 3.62207031e-01
 2.68236694e+00
 8.78316650e+00
 1.07243286e+01
 1.48081604e+01
 2.06413208e+01
 2.35927368e+01
 2.35183960e+01
 1.89994751e+01
 1.48424011e+01
 6.55141602e+00
 6.10042725e+00
 -2.85074463e+00
 3.83684692e+00
 9.20931396e+00
 1.39456726e+01
 1.62979675e+01
 2.14393555e+01
 2.40346924e+01
 2.21957642e+01
 1.72614685e+01
 1.11953979e+01
 8.09743652e+00
 2.27642212e+00
 2.45461426e+00
 2.20748291e+00
 5.28045044e+00
 1.07965332e+01
 1.62209412e+01
 1.73877197e+01
 2.22288757e+01
 1.84386536e+01
 1.84638306e+01
 1.72307678e+01
 5.82851563e+00
 4.40816650e+00
 9.70727539e-01
 5.04744873e+00
 9.60613403e+00
 1.04436584e+01
 1.61358276e+01
 1.97956177e+01
 2.06874634e+01
 1.88563171e+01
 1.47177368e+01
 1.09260193e+01
 9.72020874e+00
 4.50264893e+00
 -1.67425537e-01
 -1.98400879e-01
 8.04360352e+00
 1.13837219e+01
 1.40802551e+01
 1.86628052e+01
 1.87243591e+01
 2.05124756e+01
 1.86054626e+01
 1.23501526e+01
 6.43169556e+00
 5.17937622e+00
 2.77831421e+00
 4.27477417e+00
 4.97365723e+00
 9.40084229e+00
 1.37666260e+01
 1.92835327e+01
 2.08740784e+01
 1.77909485e+01
 1.72875916e+01
 1.31703430e+01
 6.50161133e+00
 1.99425659e+00
 4.69896851e+00
 2.74331055e+00
 4.72438965e+00
 1.35421692e+01
 1.60113770e+01
 1.99857422e+01
 2.30943237e+01
 2.22242371e+01
 1.50464417e+01
 1.18346802e+01
 4.64006958e+00
 1.64183960e+00
 4.48522339e+00
 6.94207764e-01
 5.27730713e+00
 1.25256592e+01
 1.76714111e+01
 1.94466797e+01
 2.44117065e+01
 2.14971863e+01
 1.74772888e+01
 1.15840088e+01
 7.57274780e+00
 1.39144287e+00
 5.81506348e-01
 3.42324219e+00
 6.15450439e+00
 1.11252380e+01
 1.55919739e+01
 1.93261047e+01
 2.09318176e+01
 2.35456177e+01
 1.68516479e+01
 1.48202148e+01
 1.00533081e+01
 4.46480713e+00
 2.45516357e+00
 5.20110474e+00
 7.68963013e+00
 9.63179932e+00
 1.49159180e+01
 2.17375427e+01
 2.03673340e+01
 2.06280151e+01
 1.62281433e+01
 1.09766785e+01
 3.54873047e+00
 2.35503540e+00
 3.20833740e+00
 4.14223633e+00
 8.37713013e+00
 1.06787048e+01
 1.45528809e+01
 1.75778748e+01
 2.18285156e+01
 2.00040527e+01
 1.78641907e+01
 9.17073975e+00
 4.10869751e+00
 1.85571289e-01
 6.43395996e-01
 3.00142822e+00
 5.40947876e+00
 1.26369873e+01
 1.59204651e+01
 1.91833435e+01
 2.05216614e+01
 2.14112793e+01
 1.58864075e+01
 1.57836243e+01
 3.69249878e+00
 4.16930542e+00
 3.36559448e+00
 5.66121826e+00
 8.64330444e+00
 1.36926514e+01
 1.74851624e+01
 2.11403137e+01
 2.01453491e+01
 2.11051270e+01
 1.81840759e+01
 1.12350403e+01
 6.95345459e+00
 4.22893677e+00
 1.54778442e+00
 4.06353149e+00
 8.18761597e+00
 1.24927002e+01
 1.73897339e+01
 1.89215332e+01
 2.32469727e+01
 2.06402832e+01
 1.90291687e+01
 1.37401367e+01
 1.05977417e+01
 3.00161133e+00
 1.01058350e+00
 6.92122803e+00
 1.01734558e+01
 1.43304993e+01
 1.86257568e+01
 2.25230957e+01
 2.44050232e+01
 2.44470764e+01
 2.22151123e+01
 1.14924255e+01
 5.28368530e+00
 6.45839844e+00
 6.60607910e-01
 2.68188477e-02
 6.88399658e+00
 1.52429138e+01
 1.51083618e+01
 2.16041809e+01
 2.31877075e+01
 2.34315125e+01
 1.62481934e+01
 1.33037964e+01
 7.93422852e+00
 7.05458984e+00
 2.68795166e+00
 4.25142822e+00
 5.05602417e+00
 1.25431458e+01
 1.54242798e+01
 1.86522766e+01
 2.20967346e+01
 2.14139648e+01
 1.65159851e+01
 1.21861511e+01
 4.31569824e+00
 3.47640381e+00
 1.37954102e+00
 7.15279541e+00
 7.61455688e+00
 1.21271912e+01
 1.77745605e+01
 2.28610474e+01
 2.30022827e+01
 2.00764709e+01
 1.48546082e+01
 1.26008545e+01
 1.09902893e+01
 3.66811523e+00
 5.66866455e+00
 4.36791382e+00
 8.44396362e+00
 1.10902954e+01
 1.72673279e+01
 1.82865540e+01
 2.36776367e+01
 2.34403625e+01
 1.92409302e+01
 1.15647217e+01
 3.78756104e+00
 -1.12585449e-01
 -3.45508423e+00
 -6.84741821e+00
 3.35817871e+00
 1.35979858e+01
 1.65986267e+01
 1.90458923e+01
 2.25445190e+01
 2.21833740e+01
 2.02175842e+01
 1.03387390e+01
 4.44515381e+00
 -4.48462524e+00
 -2.74005737e+00
 5.17592773e+00
 6.99157104e+00
 1.20848328e+01
 1.61168762e+01
 1.97560059e+01
 2.04605347e+01
 1.99741760e+01
 1.50299011e+01
 1.18722473e+01
 6.23668823e+00
 -2.13562622e+00
 -3.31976929e+00
 1.96178589e+00
 8.03289185e+00
 9.29744873e+00
 1.62075439e+01
 1.75745178e+01
 2.08611389e+01
 2.24297119e+01
 2.12585083e+01
 1.47665344e+01
 4.68026123e+00
 3.93813477e+00
 2.99157104e+00
 5.24636230e+00
 7.24297485e+00
 1.36242004e+01
 1.56205688e+01
 2.22060486e+01
 2.48454529e+01
 2.37429749e+01
 1.81118103e+01
 1.35036560e+01
 3.51567993e+00
 5.01293335e+00
 1.05468140e+00
 2.35454712e+00
 5.73638306e+00
 1.27778564e+01
 1.59833618e+01
 2.34333435e+01
 2.47168213e+01
 2.50559631e+01
 1.84522644e+01
 1.32186829e+01
 6.23339233e+00
 1.35891113e+00
 -9.82611084e-01
 1.29729614e+00
 8.18969116e+00
 1.40893494e+01
 2.04745728e+01
 2.08570190e+01
 2.41379639e+01
 2.77381531e+01
 1.95534302e+01
 1.22762390e+01
 1.88671265e+00
 6.86059570e-01
 -2.15765381e-01
 2.29903564e+00
 5.92788086e+00
 1.18351379e+01
 1.46158997e+01
 1.92932983e+01
 2.23246399e+01
 2.16527344e+01
 2.01295715e+01
 1.66604248e+01
 5.77111206e+00
 4.18871460e+00
 2.59057007e+00
 5.96950684e+00
 7.59166870e+00
 1.36609436e+01
 1.69746643e+01
 1.97503906e+01
 2.19012085e+01
 2.44247986e+01
 1.78296143e+01
 1.48578430e+01
 7.87612305e+00
 6.20140991e+00
 3.72674561e-01
 2.51931152e+00
 6.88448486e+00
 1.25811401e+01
 1.39902588e+01
 2.03442017e+01
 2.15339905e+01
 2.16066223e+01
 1.79834229e+01
 7.60607300e+00
 7.94036255e+00
 4.51748047e+00
 1.38033447e+00
 3.70055542e+00
 8.56838379e+00
 1.20767761e+01
 2.13212830e+01
 2.04684387e+01
 2.14986816e+01
 1.88700195e+01
 1.75289856e+01
 1.24581848e+01
 9.01937256e+00
 4.77614746e+00
 5.84798584e+00
 6.10875854e+00
 7.99999390e+00
 1.13854004e+01
 1.61867004e+01
 1.96960693e+01
 2.25010620e+01
 2.35072571e+01
 1.90082642e+01
 1.31782166e+01
 7.62548218e+00
 4.17968140e+00
 7.88659668e-01
 4.74031982e+00
 7.89019165e+00
 1.14454285e+01
 1.69235474e+01
 1.98561951e+01
 2.43552185e+01
 2.19724976e+01
 2.06817871e+01
 1.48570190e+01
 9.59703979e+00
 3.90267334e+00
 5.74990234e+00
 2.68914185e+00
 9.06383667e+00
 1.38979126e+01
 1.95409180e+01
 2.16995178e+01
 2.29471375e+01
 2.28190247e+01
 2.00382324e+01
 1.41978088e+01
 1.10643250e+01
 4.62590942e+00
 4.16036377e+00
 9.29742432e-01
 9.80507813e+00
 1.22460571e+01
 1.53154236e+01
 1.96377808e+01
 2.09648071e+01
 2.25123535e+01
 1.54859253e+01
 1.61148621e+01
 7.25997314e+00
 2.70803223e+00
 4.25521240e+00
 4.79866943e+00
 8.96007690e+00
 1.02670532e+01
 1.52410522e+01
 2.18912598e+01
 2.41852661e+01
 2.18595215e+01
 1.92289978e+01
 1.62079102e+01
 7.24764404e+00
 3.60183105e+00
 7.79656982e-01
 4.10015259e+00
 8.07970581e+00
 1.19099976e+01
 1.41681458e+01
 2.05241943e+01
 2.56366821e+01
 2.33247314e+01
 1.65786682e+01
 1.16898743e+01
 6.84371338e+00
 3.80104980e+00
 -8.27307129e-01
 5.70007324e-02
 2.69497070e+00
 9.84865723e+00
 1.84595886e+01
 1.98988281e+01
 2.04235779e+01
 2.48407837e+01
 2.17232605e+01
 1.71054626e+01
 7.16527710e+00
 4.15160522e+00
 -1.12854614e+00
 4.47698364e+00
 9.53493652e+00
 1.16140381e+01
 1.93915649e+01
 2.11785522e+01
 2.51783997e+01
 2.25641418e+01
 1.83140198e+01
 1.73599182e+01
 6.50075684e+00
 -1.34924927e+00
 1.09658203e+00
 3.78020630e+00
 7.93923340e+00
 1.23522888e+01
 1.59938904e+01
 1.89978577e+01
 2.27708069e+01
 2.01097046e+01
 1.63433167e+01
 1.02694641e+01
 8.21862183e+00
 -1.01840820e+00
 2.15081787e-01
 3.92907104e+00
 6.62468872e+00
 9.77901611e+00
 1.61741882e+01
 1.83721252e+01
 2.08211304e+01
 1.91810242e+01
 1.70698792e+01
 1.00004822e+01
 2.76067505e+00
 -1.90192261e+00
 8.67700195e-01
 1.12142334e+00
 8.50805054e+00
 1.21506897e+01
 1.41035706e+01
 2.11998535e+01
 2.36184937e+01
 2.21730591e+01
 1.48343445e+01
 1.49594666e+01
 1.19988647e+01
 5.56212769e+00
 2.02938232e+00
 4.58303223e+00
 8.22033081e+00
 1.52041565e+01
 1.94678284e+01
 2.49230896e+01
 2.28171936e+01
 2.52506348e+01
 1.85890442e+01
 1.19674316e+01
 5.93639526e+00
 8.96691895e-01
 5.17458496e+00
 2.56054077e+00
 7.88057861e+00
 1.21568848e+01
 1.87216125e+01
 2.42727905e+01
 2.62633606e+01
 2.36139465e+01
 1.68843628e+01
 1.00403381e+01
 8.70565186e+00
 2.52959595e+00
 5.42962646e-01
 4.70958862e+00
 9.93874512e+00
 9.71511230e+00
 1.71061646e+01
 1.87896362e+01
 2.19009644e+01
 2.22988525e+01
 1.43897644e+01
 1.01359802e+01
 3.87062988e+00
 3.28759155e+00
 3.51506958e+00
 -3.35821533e-01
 5.35222778e+00
 1.42959534e+01
 1.79845825e+01
 1.89217468e+01
 2.11407410e+01
 2.19844299e+01
 2.12596069e+01
 1.28315674e+01
 9.22951660e+00
 6.52507935e+00
 2.48995361e+00
 2.76055298e+00
 6.22197876e+00
 9.74038086e+00
 1.67489563e+01
 2.03572937e+01
 1.96164490e+01
 2.09214722e+01
 1.75770813e+01
 1.41754395e+01
 5.57348022e+00
 4.29201660e+00
 -1.68015137e+00
 -1.17468262e-01
 4.97725830e+00
 1.22249695e+01
 1.79336792e+01
 2.17315308e+01
 2.60041138e+01
 2.58633057e+01
 1.66010986e+01
 1.72357422e+01
 7.69167480e+00
 2.50573730e-01
 1.95272217e+00
 5.86614380e+00
 6.05108032e+00
 1.38037964e+01
 1.95592285e+01
 2.39253784e+01
 2.60551392e+01
 2.50635620e+01
 1.97433105e+01
 1.26014648e+01
 7.17785034e+00
 3.75591431e+00
 1.71325073e+00
 1.10720215e+00
 4.67495117e+00
 1.32177063e+01
 1.51957336e+01
 2.11693970e+01
 2.25189758e+01
 2.31759888e+01
 1.88801514e+01
 1.35757690e+01
 7.81994019e+00
 4.83776245e+00
 3.97814331e+00
 3.02288208e+00
 1.09459473e+01
 1.40059143e+01
 1.82716003e+01
 2.33702637e+01
 2.42502380e+01
 2.77925964e+01
 1.91439148e+01
 1.60575806e+01
 4.77285156e+00
 3.72557983e+00
 2.96004639e+00
 2.45284424e+00
 1.08225647e+01
 1.18791748e+01
 1.57013184e+01
 2.08313843e+01
 2.27614075e+01
 2.43893982e+01
 1.72491699e+01
 1.27409607e+01
 4.78917847e+00
 1.51867065e+00
 1.99990234e+00
 5.89663086e+00
 1.06935669e+01
 1.53194519e+01
 1.63738342e+01
 2.25455566e+01
 2.54135986e+01
 2.36882568e+01
 1.95128113e+01
 1.30208679e+01
 2.72121582e+00
 4.44716797e+00
 1.46450195e+00
 2.82702026e+00
 6.04924927e+00
 1.38080078e+01
 1.43642212e+01
 1.87229553e+01
 2.36516663e+01
 2.12577759e+01
 1.90020081e+01
 1.18804871e+01
 6.01705322e+00
 2.56981812e+00
 5.21325073e+00
 -3.07260742e+00
 1.13619934e+01
 1.17870422e+01
 1.91639343e+01
 1.90044189e+01
 2.54343811e+01
 2.53748718e+01
 1.73997131e+01
 1.51020447e+01
 5.75985107e+00
 6.96004639e+00
 3.47579346e+00
 3.93184814e+00
 8.61068115e+00
 1.35689026e+01
 1.67804810e+01
 2.13119141e+01
 2.06507813e+01
 2.26316772e+01
 2.01457458e+01
 1.10122620e+01
 8.47631226e+00
 7.34264526e+00
 1.47579346e+00
 4.24746094e+00
 4.53350220e+00
 1.16107422e+01
 1.58260437e+01
 1.72979675e+01
 2.05405823e+01
 2.27774597e+01
 1.90014893e+01
 1.42569519e+01
 8.44973145e+00
 2.78023682e+00
 3.17928467e+00
 5.30410156e+00
 1.06418091e+01
 1.31805969e+01
 1.91610352e+01
 2.04730469e+01
 2.44135071e+01
 2.33634277e+01
 1.85378967e+01
 1.49168945e+01
 8.09557495e+00
 1.67644653e+00
 -1.98193970e+00
 4.69466553e+00
 9.42290649e+00
 1.23678223e+01
 2.10925537e+01
 2.20243164e+01
 2.43790833e+01
 2.16891724e+01
 1.74114929e+01
 1.56455322e+01
 7.50499878e+00
 1.01543579e+00
 2.85625610e+00
 5.45202026e+00
 1.14179016e+01
 1.57166992e+01
 1.61162048e+01
 2.03124634e+01
 2.52666260e+01
 2.36798340e+01
 2.14622131e+01
 1.59369446e+01
 7.89980469e+00
 5.60973511e+00
 4.29198608e+00
 2.46209106e+00
 8.52413330e+00
 1.37707764e+01
 1.60342651e+01
 2.32911316e+01
 2.54376160e+01
 2.56452576e+01
 2.11317383e+01
 1.16405884e+01
 7.44173584e+00
 2.57430420e+00
 2.93084106e+00
 4.85744629e+00
 8.66076050e+00
 1.14374634e+01
 1.65523010e+01
 2.34770142e+01
 2.35534607e+01
 2.17084290e+01
 1.86566101e+01
 1.40403992e+01
 4.09975586e+00
 3.79064331e+00
 -2.28580322e+00
 5.91893921e+00
 5.90932617e+00
 1.30841614e+01
 1.51956116e+01
 1.99095398e+01
 2.29847351e+01
 2.31543518e+01
 2.06965881e+01
 1.41495300e+01
 7.54677734e+00
 2.18599854e+00
 3.97423706e+00
 4.82357178e+00
 6.82958374e+00
 1.56277100e+01
 1.52749878e+01
 2.14884277e+01
 2.40636230e+01
 2.12296692e+01
 2.08095032e+01
 1.74604126e+01
 1.01675964e+01
 -6.96539307e-01
 2.44399414e+00
 3.16579590e+00
 9.82384644e+00
 1.28886658e+01
 1.62938782e+01
 1.99451538e+01
 2.50086304e+01
 2.28416687e+01
 1.92976624e+01
 1.48831116e+01
 7.16164551e+00
 5.31676636e+00
 1.43981934e-02
 5.26812134e+00
 6.07839355e+00
 1.09059692e+01
 1.59489075e+01
 1.91027161e+01
 2.00227600e+01
 2.45472351e+01
 2.20635925e+01
 1.60019470e+01
 6.96639404e+00
 -2.00348511e+00
 3.29140625e+00
 6.05764160e+00
 8.31804810e+00
 1.26832520e+01
 1.76368652e+01
 2.01025330e+01
 2.18504272e+01
 2.28161560e+01
 2.04324890e+01
 1.51598755e+01
 8.95742188e+00
 1.37340698e+00
 2.83672485e+00
 4.68901978e+00
 7.55562744e+00
 1.30046326e+01
 1.64615417e+01
 2.37539612e+01
 2.51386047e+01
 2.66458984e+01
 1.84443909e+01
 1.37470642e+01
 4.98134766e+00
 2.85631714e+00
 9.83636475e-01
 4.57714233e+00
 5.45968018e+00
 1.27105347e+01
 1.82654663e+01
 1.91621033e+01
 2.29843384e+01
 2.32285400e+01
 1.50494324e+01
 1.32750183e+01
 7.14153442e+00
 1.91787109e+00
 5.03212891e+00
 4.27605591e+00
 7.51854858e+00
 1.23075195e+01
 1.72732788e+01
 2.24825073e+01
 2.46384521e+01
 2.52116028e+01
 1.86454407e+01
 1.40857483e+01
 1.10893799e+01
 5.65993652e+00
 2.92080078e+00
 4.89315186e+00
 8.51390991e+00
 1.10930420e+01
 1.43280273e+01
 2.27879883e+01
 2.46069885e+01
 2.59694763e+01
 2.44295593e+01
 1.27864929e+01
 9.92482910e+00
 2.39147339e+00
 3.34298096e+00
 9.31115112e+00
 9.87059937e+00
 1.27690674e+01
 1.67667786e+01
 2.06890808e+01
 2.83075806e+01
 2.62701050e+01
 1.95816589e+01
 1.47361389e+01
 9.91121826e+00
 7.64904175e+00
 1.38497314e+00
 5.63073120e+00
 1.12010742e+01
 1.03039795e+01
 1.99522949e+01
 2.69317871e+01
 2.56282898e+01
 2.41747986e+01
 1.92387024e+01
 1.54809814e+01
 3.36052856e+00
 4.02822266e+00
 5.12789307e+00
 5.17247925e+00
 8.55834351e+00
 1.32515808e+01
 2.03918701e+01
 2.14089600e+01
 2.75289246e+01
 2.48719116e+01
 2.01903931e+01
 1.22812134e+01
 8.10198364e+00
 2.47057495e+00
 4.59267578e+00
 5.01674805e+00
 8.26064453e+00
 1.41326233e+01
 1.81542908e+01
 1.87256714e+01
 2.37518860e+01
 2.14109741e+01
 2.14943787e+01
 1.47479492e+01
 1.08980957e+01
 3.38765869e+00
 3.61531982e+00
 8.16912231e+00
 9.63796387e+00
 1.64989258e+01
 1.70720154e+01
 2.04494568e+01
 2.45222717e+01
 2.64892822e+01
 2.47383972e+01
 1.49538818e+01
 9.17513428e+00
 4.30095825e+00
 4.27498779e+00
 4.72246704e+00
 9.43947754e+00
 1.59017883e+01
 1.80238586e+01
 2.32335144e+01
 2.45193726e+01
 2.45317322e+01
 2.17369019e+01
 1.42032715e+01
 9.62536011e+00
 5.65194092e+00
 5.17287598e+00
 6.02343140e+00
 7.22600708e+00
 1.31717773e+01
 1.53957153e+01
 1.81397949e+01
 2.24284302e+01
 2.47052551e+01
 1.66805969e+01
 1.63042847e+01
 1.13059631e+01
 8.51314697e+00
 3.09072266e+00
 5.58452759e+00
 7.91777954e+00
 1.29341370e+01
 1.89675232e+01
 2.11358887e+01
 2.10845886e+01
 2.40499817e+01
 1.69536987e+01
 1.47930237e+01
 9.10216675e+00
 5.52340088e+00
 -7.45397949e-01
 6.52120361e+00
 6.86699829e+00
 1.21063171e+01
 1.68790527e+01
 2.50945374e+01
 2.50066772e+01
 2.64416748e+01
 2.06818176e+01
 1.21821533e+01
 7.30574951e+00
 7.69197998e+00
 6.23232422e+00
 3.12243042e+00
 9.09914551e+00
 1.25628601e+01
 1.82889954e+01
 1.93500305e+01
 2.29542786e+01
 2.45657898e+01
 2.11846252e+01
 1.65468994e+01
 7.35350952e+00
 1.17000732e+00
 3.60967407e+00
 2.42431030e+00
 4.38363037e+00
 1.21222778e+01
 1.71404663e+01
 2.23764587e+01
 2.37280518e+01
 2.37673584e+01
 1.98992249e+01
 1.34167114e+01
 6.54635010e+00
 -4.75988770e-01
 -1.01795044e+00
 3.10225830e+00
 6.95476685e+00
 1.13172852e+01
 2.07554260e+01
 2.38904358e+01
 2.60450378e+01
 2.32438904e+01
 1.98247620e+01
 1.64215942e+01
 7.29580078e+00
 2.96899414e-01
 9.09814453e-01
 4.40249023e+00
 4.70827637e+00
 1.89150940e+01
 1.59570862e+01
 1.98760010e+01
 2.19549805e+01
 2.14929138e+01
 2.15600220e+01
 1.21030212e+01
 7.71959839e+00
 6.86339722e+00
 5.98418579e+00
 4.86568604e+00
 8.41729126e+00
 1.45938354e+01
 1.97114197e+01
 2.29120117e+01
 2.61424500e+01
 2.26845642e+01
 2.02747437e+01
 1.59893433e+01
 8.90569458e+00
 5.89193115e+00
 3.94255981e+00
 9.14492188e+00
 1.03514648e+01
 1.49960266e+01
 1.78585754e+01
 2.24627625e+01
 2.48817383e+01
 2.03456970e+01
 2.37094055e+01
 1.47947632e+01
 9.30346069e+00
 2.32500610e+00
 7.82534180e+00
 4.38631592e+00
 9.30422363e+00
 1.75998169e+01
 1.75180908e+01
 2.27791687e+01
 2.74043213e+01
 2.72318054e+01
 2.15185791e+01
 1.22772156e+01
 1.04887634e+01
 4.51113281e+00
