 9.00120926e+01
 3.11804295e+01
 5.20722427e+01
 6.28263626e+01
 1.03188698e+02
 5.50809555e+01
 1.90949764e+01
 8.20967293e+00
 1.62210464e+01
 3.59952965e+01
 1.08134575e+02
 5.22594872e+01
 1.20896149e+02
 3.79732361e+01
 1.47466064e+02
 6.73717270e+01
 1.81285114e+01
 9.46388340e+00
 5.34702396e+00
 4.50674362e+01
 6.69374019e-02
 1.70129715e+02
 1.02234062e+02
 1.12076401e+02
 1.03302284e+02
 4.58555298e+01
 9.19603195e+01
 4.02377815e+01
 4.55518875e+01
 2.33237267e+01
 2.29057860e+00
 5.97844086e+01
 6.52869568e+01
 7.12382355e+01
 7.48214493e+01
 5.83652840e+01
 1.54447647e+02
 1.34214066e+02
 7.44260178e+01
 9.05048676e+01
 8.65684052e+01
 7.75381660e+00
 1.80245781e+01
 1.84282417e+01
 5.24072914e+01
 4.86217957e+01
 7.17354660e+01
 1.16964249e+02
 7.19620590e+01
 5.95302734e+01
 5.97111893e+01
 2.71675663e+01
 8.86398697e+01
 5.39008980e+01
 4.72983742e+01
 4.90884171e+01
 8.90177231e+01
 1.16819458e+02
 2.14833336e+01
 1.04024109e+02
 1.11015785e+02
 1.07862144e+02
 5.59502487e+01
 1.14014343e+02
 6.78553238e+01
 3.79310722e+01
 2.85241699e+00
 5.21747589e+00
 2.10444794e+01
 1.55199402e+02
 1.91055435e+02
 1.55842819e+02
 1.38154831e+02
 6.96269913e+01
 4.59588736e-01
 5.43415871e+01
 9.04753036e+01
 7.44875574e+00
 1.23732796e+01
 1.98684883e+01
 6.01757469e+01
 9.89860153e+01
 7.59173584e+01
 5.03818855e+01
 1.05556786e+02
 6.02763977e+01
 2.48875942e+01
 1.10883537e+02
 8.55350189e+01
 3.48770523e+00
 2.20853925e+00
 4.63426819e+01
 6.50608349e+00
 4.67141342e+01
 8.72159348e+01
 5.88562927e+01
 6.56180038e+01
 7.54756165e+01
 5.76067085e+01
 1.05950867e+02
 5.84123688e+01
 1.35137527e+02
 6.94119263e+00
 1.25466800e+00
 1.23665131e+02
 1.06008598e+02
 8.15727158e+01
 4.63512383e+01
 1.08091957e+02
 1.09302887e+02
 8.03366165e+01
 1.46088821e+02
 1.11465981e+02
 4.39609756e+01
 2.17524586e+01
 2.25532937e+00
 3.32188934e-01
 1.20378456e+02
 8.50302277e+01
 6.40742950e+01
 3.42989502e+01
 9.39277649e+01
 4.64563675e+01
 5.46723328e+01
 9.45418854e+01
 3.81274490e+01
 4.63022766e+01
 4.26887779e+01
 2.35235748e+01
 9.05290527e+01
 5.35158386e+01
 6.23066902e+01
 1.01644356e+02
 6.62799759e+01
 8.80218048e+01
 8.97922635e-01
 3.61766281e+01
 6.50768585e+01
 2.12380099e+00
 1.27897425e+01
 6.03419151e+01
 8.38970871e+01
 1.21845360e+02
 6.67897873e+01
 1.66878834e+01
 3.98011589e+01
 7.77851820e-01
 9.84161377e+01
 4.95771179e+01
 1.11982155e+01
 1.73128281e+01
 3.29818802e+01
 2.40223923e+01
 1.75476112e+01
 3.12133274e+01
 2.65595226e+01
 6.67033081e+01
 4.25523376e+01
 6.52750092e+01
 2.68782635e+01
 1.53231182e+01
 3.00188713e+01
 1.04456205e+01
 1.20836077e+01
 1.02293579e+02
 5.45862770e+01
 1.05422203e+02
 4.01529083e+01
 6.17632217e+01
 6.35025749e+01
 5.11017380e+01
 8.54147491e+01
 2.63572979e+01
 1.56903419e+01
 8.93271255e+01
 6.35542440e+00
 2.15902939e+01
 2.64072327e+02
 3.04156075e+01
 1.66576035e+02
 8.86940918e+01
 8.03722763e+01
 5.35508957e+01
 4.22027550e+01
 8.97574615e+01
 1.34017296e+01
 1.42092047e+01
 4.36448135e+01
 2.51323628e+00
 6.48687363e+01
 9.11882401e+01
 8.96463013e+01
 8.45903015e+01
 2.99799824e+01
 3.09447212e+01
 6.40114059e+01
 8.81017609e+01
 5.68776817e+01
 1.16506453e+01
 9.58373070e+00
 4.35957375e+01
 1.06046700e+02
 1.50291147e+01
 1.01806824e+02
 7.00984879e+01
 5.63104553e+01
 9.09555893e+01
 1.10287750e+02
 1.32690033e+02
 1.21949234e+01
 3.27361822e+00
 5.96335316e+00
 3.36954079e+01
 8.05279160e+01
 6.28354950e+01
 1.54299744e+02
 6.21699257e+01
 3.02360802e+01
 4.93926010e+01
 9.58015900e+01
 1.36513779e+02
 2.22977185e+00
 4.61322689e+00
 1.21848564e+01
 1.20240440e+02
 6.13564835e+01
 1.29715759e+02
 1.50295990e+02
 5.11477165e+01
 4.89999313e+01
 8.61362228e+01
 8.63384399e+01
 1.07205238e+02
 1.10271158e+01
 2.29215126e+01
 9.47313309e+00
 1.55932617e+02
 5.10505829e+01
 1.12260490e+02
 8.92408447e+01
 8.43263168e+01
 4.22388687e+01
 4.30845547e+00
 6.52550278e+01
 5.57474442e+01
 1.00933657e+01
 1.54896870e+01
 3.84976983e+00
 5.15643616e+01
 6.98042450e+01
 1.36795044e+02
 3.12568836e+01
 2.88148994e+01
 5.54056892e+01
 2.11053028e+01
 8.42478867e+01
 5.78379364e+01
 6.61591187e+01
 1.14690399e+01
 3.28546691e+00
 2.20953693e+01
 4.32405777e+01
 4.92677536e+01
 7.49675369e+01
 7.28983231e+01
 9.61341858e+01
 8.05592499e+01
 1.34121506e+02
 1.47245874e+01
 1.26806278e+01
 5.16575146e+00
 8.67697906e+01
 1.97301788e+02
 1.08870361e+02
 4.23407364e+01
 1.61826797e+02
 1.09028519e+02
 9.34922638e+01
 2.90134544e+01
 6.23504295e+01
 8.31417999e+01
 1.85823231e+01
 2.65131149e+01
 6.78985977e+01
 1.75694966e+00
 7.52035217e+01
 7.24596176e+01
 9.57389526e+01
 1.14834587e+02
 1.02750206e+02
 1.22927437e+02
 7.86237030e+01
 1.09344959e+01
 7.41732559e+01
 5.57818079e+00
 6.30275879e+01
 5.42101135e+01
 7.62220535e+01
 5.11000786e+01
 3.06578178e+01
 3.95332375e+01
 6.14978371e+01
 9.06902771e+01
 4.64301491e+01
 6.59525833e+01
 2.92129974e+01
 1.66651840e+01
 6.50726776e+01
 2.45315170e+00
 3.13246269e+01
 1.39021835e+02
 8.94507980e+01
 4.06288300e+01
 7.35757523e+01
 1.05016129e+02
 8.28265686e+01
 5.90077925e+00
 7.84324951e+01
 1.64218640e+00
 2.18457311e-01
 4.35362549e+01
 3.71875839e+01
 6.82695236e+01
 5.92368622e+01
 9.60320663e+01
 3.23295441e+01
 9.98237534e+01
 8.94450455e+01
 5.09703040e-01
 3.18828106e+01
 1.10663109e+01
 1.71034451e+01
 6.90322342e+01
 5.73725853e+01
 8.49591446e+01
 9.84733429e+01
 6.26333160e+01
 1.27807716e+02
 9.50087509e+01
 3.53106613e+01
 9.20116997e+00
 2.58411617e+01
 3.55244541e+00
 1.10638542e+01
 9.28840408e+01
 1.95610466e+01
 1.44774048e+02
 5.63376541e+01
 1.45913858e+01
 8.26650047e+00
 8.87437534e+00
 7.71069794e+01
 5.22656784e+01
 3.29291878e+01
 1.63117275e+01
 9.76812592e+01
 4.01867142e+01
 8.67956161e+01
 1.17741653e+02
 8.44582748e+01
 4.06523476e+01
 1.03931808e+02
 2.95116482e+01
 1.33247437e+02
 1.33829529e+02
 4.59301338e+01
 1.97547112e+01
 1.66484909e+01
 6.74251986e+00
 2.19994537e+02
 2.67704407e+02
 5.29331627e+01
 4.21472435e+01
 1.76324043e+01
 9.22108383e+01
 2.62861385e+01
 9.53316650e+01
 1.58882132e+01
 5.89907265e+00
 1.96964264e+00
 1.27006256e+02
 1.41984573e+02
 5.99183197e+01
 1.00251595e+02
 1.25227539e+02
 6.45963135e+01
 4.49012451e+01
 1.07275055e+02
 1.35661835e+02
 7.65275497e+01
 8.69869614e+00
 1.13926821e+01
 4.26193352e+01
 1.92613449e+01
 8.80019913e+01
 3.31690102e+01
 1.11136009e+02
 1.36679583e+01
 5.93250694e+01
 4.79380417e+01
 5.33023033e+01
 7.84338226e+01
 2.79889882e-01
 2.33418751e+01
 2.10894585e+01
 5.18734884e+00
 1.27191154e+02
 9.66215210e+01
 7.84688721e+01
 1.29237576e+01
 3.58455620e+01
 9.84141617e+01
 4.68905869e+01
 4.50656319e+00
 1.62578888e+01
 8.76745224e+01
 7.26785736e+01
 2.96794777e+01
 1.06833961e+02
 1.24818390e+02
 1.67011093e+02
 6.42502594e+01
 2.97579136e+01
 9.16774368e+01
 1.05399040e+02
 2.78754272e+01
 3.34145403e+00
 1.15737152e+01
 1.95873890e+01
 8.65088577e+01
 4.24637184e+01
 1.49134766e+02
 4.21013794e+01
 6.18363953e+01
 1.09190086e+02
 1.07831390e+02
 4.60062866e+01
 8.64207458e+01
 4.35690498e+00
 7.80209827e+00
 3.54379120e+01
 1.59508240e+02
 4.18375397e+01
 3.99324150e+01
 8.30437088e+01
 8.80970459e+01
 6.58721619e+01
 2.89136295e+01
 9.72003098e+01
 3.31890182e+01
 1.32080975e+01
 1.31843820e-01
 8.00328314e-01
 8.82507935e+01
 1.22985191e+02
 4.99497070e+01
 4.90036087e+01
 8.52544250e+01
 1.41453903e+02
 1.58224304e+02
 6.53511505e+01
 8.98919582e+00
 1.63152351e+01
 7.51295929e+01
 1.16226677e+02
 2.31615601e+01
 6.39495010e+01
 7.59554443e+01
 1.25342911e+02
 9.44854584e+01
 9.26913757e+01
 6.14803772e+01
 1.32977921e+02
 3.34737682e+00
 6.81136942e+00
 3.47790003e+00
 4.55548935e+01
 1.61254547e+02
 1.33806671e+02
 1.36909256e+02
 9.38696289e+01
 7.22137146e+01
 3.53233299e+01
 3.66911469e+01
 2.11594868e+01
 3.75268784e+01
 5.25580359e+00
 4.04009552e+01
 3.13429070e+00
 1.04864250e+02
 4.08283844e+01
 1.12265137e+02
 3.89837723e+01
 5.50642624e+01
 9.92286758e+01
 3.81380692e+01
 2.44362320e+02
 4.27740326e+01
 1.71500587e+01
 8.24155998e+00
 1.17963676e+02
 2.91910629e+01
 3.71199455e+01
 4.95066681e+01
 2.45003319e+01
 9.77202377e+01
 1.25485573e+02
 6.79949875e+01
 6.99938431e+01
 3.86975217e+00
 1.30312977e+01
 6.51004791e+00
 1.57655969e-01
 1.62938416e+02
 8.07716446e+01
 8.74255905e+01
 1.01897606e+02
 6.35938568e+01
 1.39037643e+02
 1.16511772e+02
 1.00129868e+02
 3.08717175e+01
 4.94638395e+00
 4.34159398e-01
 7.38181992e+01
 1.10008690e+02
 3.65199471e+01
 6.08309631e+01
 1.36854065e+02
 9.98565216e+01
 3.20374718e+01
 9.42888260e+01
 1.05824356e+02
 2.61165762e+00
 9.60731983e+00
 7.99091721e+00
 2.27869606e+01
 6.56578827e+01
 4.81105499e+01
 2.66367264e+01
 1.42001862e+02
 7.88129730e+01
 1.37959961e+02
 9.53507004e+01
 1.07543282e+02
 2.28179073e+01
 2.61915445e+00
 2.63602805e+00
 3.04001961e+01
 2.28189049e+01
 1.64621277e+02
 6.71308594e+01
 2.71644821e+01
 7.35175323e+01
 1.84147778e+01
 1.13249733e+02
 2.07681942e+01
 1.17062759e+01
 8.86472225e+00
 5.07087135e+00
 4.39769821e+01
 9.07469788e+01
 4.82041016e+01
 3.58794327e+01
 5.20445976e+01
 4.28532372e+01
 2.15681534e+01
 6.24823608e+01
 1.21183044e+02
 2.96058636e+01
 7.50230193e-01
 5.13373528e+01
 2.02458215e+00
 1.71559601e+02
 1.93833923e+01
 1.13286835e+02
 8.86910858e+01
 1.97983875e+01
 7.34863663e+01
 6.83531342e+01
 1.50000916e+02
 4.44606924e+00
 1.16102612e+00
 7.62813721e+01
 5.99939957e+01
 1.14317368e+02
 7.82389526e+01
 7.87045364e+01
 1.22375839e+02
 8.51295929e+01
 4.70119133e+01
 3.49638443e+01
 8.88491287e+01
 5.07658463e+01
 6.89982605e+00
 6.22462463e+00
 4.00751076e+01
 3.68749112e-01
 1.97695770e+02
 5.50831528e+01
 1.99033813e+02
 7.89874191e+01
 8.22141647e+01
 1.09623665e+02
 5.26483231e+01
 2.01809082e+01
 4.65387297e+00
 4.64030380e+01
 8.95013523e+00
 3.56289444e+01
 5.16369476e+01
 1.54796844e+02
 8.63044205e+01
 1.05639626e+02
 7.78527145e+01
 1.32860260e+01
 1.84465122e+01
 3.11309743e+00
 7.46867299e-01
 7.16978931e+00
 4.48126316e+00
 5.65349846e+01
 6.10726128e+01
 5.44286766e+01
 3.31498566e+01
 5.12028122e+01
 1.85236378e+01
 7.55970840e+01
 1.11114302e+01
 2.48049068e+01
 1.26248300e-01
 2.70908527e+01
 1.07807941e+01
 1.92496506e+02
 1.02761978e+02
 1.13881172e+02
 1.32556335e+02
 5.58623657e+01
 4.71686440e+01
 8.20721512e+01
 1.02593582e+02
 2.42764378e+01
 1.93888664e+01
 2.25554314e+01
 7.32199631e+01
 5.18746834e+01
 4.54211731e+01
 5.46556969e+01
 1.16706345e+02
 1.35961670e+02
 8.27733994e+01
 8.14394474e+00
 7.25506592e+01
 1.24282694e+01
 4.68684244e+00
 1.01475363e+01
 7.41794586e+01
 5.51903009e+00
 1.30664206e+01
 6.14823914e+01
 9.10985184e+01
 5.54424171e+01
 9.39958725e+01
 3.72964973e+01
 3.10412159e+01
 6.88391638e+00
 5.24204254e+00
 2.29212189e+00
 3.30320587e+01
 7.09479446e+01
 3.42683907e+01
 6.03292503e+01
 4.76466103e+01
 6.95811920e+01
 4.22263603e+01
 5.21190529e+01
 3.10392132e+01
 7.31844950e+00
 3.78182101e+00
 5.38743544e+00
 7.45118332e+00
 1.19762810e+02
 1.35789886e+02
 1.81693481e+02
 6.86262741e+01
 8.05845184e+01
 6.04793282e+01
 3.45705910e+01
 1.78273483e+02
 3.72473240e+00
 1.42991333e+01
 5.02612591e+00
 3.17329540e+01
 1.00182762e+01
 2.64214268e+01
 8.82364426e+01
 1.17391350e+02
 9.37417831e+01
 4.13060570e+01
 6.94943094e+00
 1.51834307e+01
 3.18072662e+01
 4.40223748e-03
 1.38008156e+01
 3.46636064e-02
 1.36348886e+01
 7.99222336e+01
 7.38820362e+00
 9.90876694e+01
 1.46090302e+02
 1.24896500e+02
 8.76340485e+01
 2.96172142e+01
 1.14829378e+01
 2.30810432e+01
 2.74333644e+00
 6.18051186e+01
 3.76107483e+01
 1.01505684e+02
 1.37451889e+02
 1.18617653e+02
 9.82313766e+01
 5.98843498e+01
 7.20070724e+01
 5.97156858e+00
 1.05393623e+02
 1.13638449e+01
 1.19148207e+01
 3.84624443e+01
 2.43833527e+02
 1.26619019e+02
 1.38528564e+02
 1.33873611e+02
 3.10517082e+01
 2.33193054e+01
 9.97003250e+01
 8.77825394e+01
 7.07592163e+01
 4.97471452e-01
 4.04115410e+01
 1.00410099e+01
 1.41641205e+02
 5.35487709e+01
 1.20836205e+02
 6.86516571e+01
 3.82757607e+01
 1.19041183e+02
 5.18347855e+01
 1.25774277e+02
 9.40705109e+00
 5.50400257e+00
 1.62988796e+01
 9.04172211e+01
 1.28363129e+02
 1.54165564e+01
 2.52651596e+01
 2.17196083e+01
 7.19247055e+01
 5.27885017e+01
 7.76121292e+01
 1.02765450e+02
 1.94646149e+01
 8.79063034e+00
 4.82067986e+01
 8.52641373e+01
 1.12627548e+02
 2.94168892e+01
 1.04471863e+02
 5.24788246e+01
 6.81509094e+01
 7.14341583e+01
 1.79099319e+02
 4.50409584e+01
 6.20052958e+00
 3.31330895e-01
 8.78275871e+00
 2.93539772e+01
 9.43272400e+01
 8.51548920e+01
 6.96045761e+01
 1.20042236e+02
 7.94853058e+01
 7.38589096e+01
 3.65826073e+01
 1.60236950e+01
 2.10546207e+01
 6.48864365e+00
 9.56489277e+00
 1.92636395e+01
 3.15060043e+01
 5.29043655e+01
 1.71993301e+02
 8.43807678e+01
 1.02173157e+02
 8.05084076e+01
 5.49637222e+01
 1.56434906e+02
 9.30287266e+00
 3.14150071e+00
 8.35033226e+00
 9.92979126e+01
 1.40738327e+02
 2.03154106e+01
 4.48597145e+01
 1.57455933e+02
 5.41656952e+01
 6.32148552e+00
 3.40194206e+01
 3.13700886e+01
 1.17673993e+00
 1.18026650e+00
 7.95244098e-01
 6.56820965e+00
 2.83106728e+01
 4.31134300e+01
 1.25983444e+02
 6.27634430e+01
 1.07932526e+02
 3.27059631e+01
 6.73147583e+01
 3.42709656e+01
 3.68439064e+01
 6.78525591e+00
 4.43457146e+01
 7.77858047e+01
 9.32646713e+01
 1.27481621e+02
 2.47046471e+01
 2.98095760e+01
 7.28608398e+01
 1.68957176e+01
 2.59562931e+01
 3.67525727e-01
 1.90148315e+01
 1.58772650e+01
 1.86192226e+01
 1.95915723e+00
 3.30995140e+01
 3.21745224e+01
 5.88892136e+01
 8.45919342e+01
 2.36808567e+01
 5.54213753e+01
 2.44970608e+01
 6.13446617e+01
 9.83325768e+00
 3.73733759e+00
 1.38814285e-01
 1.67794488e-02
 1.28649490e+02
 1.07682831e+02
 6.27137527e+01
 8.33585281e+01
 3.38768425e+01
 1.70636539e+01
 4.73668976e+01
 1.25280251e+02
 3.33498993e+01
 5.56006470e+01
 4.58289576e+00
 4.85406914e+01
 5.34847021e+00
 9.46996078e+01
 1.97961670e+02
 1.42288483e+02
 4.98991394e+01
 2.71546268e+01
 6.62615814e+01
 4.01100998e+01
 2.81969376e+01
 1.20448446e+01
 3.91429687e+00
 3.41848564e+01
 1.70179993e+02
 1.20789757e+02
 1.78927933e+02
 7.27211151e+01
 5.16390572e+01
 6.31810989e+01
 8.14418983e+00
 3.86571198e+01
 6.85270071e+00
 1.85509479e+00
 5.17230110e+01
 6.01127319e+01
 4.47228127e+01
 1.43710861e+02
 1.04310638e+02
 8.73102112e+01
 2.99974689e+01
 3.64037704e+01
 2.06063461e+01
 1.74535542e+01
 4.98930740e+00
 2.02965632e-01
 9.24794197e+00
 5.54041028e-01
 1.29894867e+02
 8.47843552e+01
 6.54672623e+01
 5.10780792e+01
 3.09107113e+01
 1.46557434e+02
 8.74547882e+01
 5.70409622e+01
 2.88053493e+01
 1.71146762e+00
 2.94433708e+01
 4.67224932e+00
 1.54354645e+02
 1.74167118e+01
 8.97431183e+01
 1.16465714e+02
 5.94625893e+01
 6.71516132e+00
 8.55845261e+01
 1.03756416e+02
 4.55820417e+00
 1.11526632e+01
 5.18575072e-01
 5.91671791e+01
 3.40896645e+01
 5.71378784e+01
 3.74740067e+01
 1.01386536e+02
 1.01797882e+02
 5.76917114e+01
 5.11345940e+01
 1.98178539e+01
 8.87663269e+00
 6.25169516e+00
 1.88016853e+01
 0.00000000e+00
 4.08359375e+01
 1.94078552e+02
 9.95072327e+01
 1.13755348e+02
 7.50440750e+01
 1.04685143e+02
 5.80533714e+01
 6.98356400e+01
 7.32688904e+01
 7.64399290e+00
 2.83455014e-01
 1.41822708e+00
 4.47391281e+01
 8.76671295e+01
 7.98131027e+01
 7.02251663e+01
 8.65631180e+01
 1.52041382e+02
 8.64638596e+01
 5.99997902e+01
 3.50278473e+01
 2.05055022e+00
 3.41629982e+00
 2.98948097e+00
 1.66571083e+01
 5.49599724e+01
 1.10458405e+02
 8.22165375e+01
 1.20188850e+02
 1.35304214e+02
 1.11787804e+02
 8.23678284e+01
 6.36168976e+01
 3.74926066e+00
 3.97617960e+00
 8.31796741e+00
 7.66104431e+01
 1.07971565e+02
 4.77194290e+01
 3.57208290e+01
 4.54661789e+01
 4.63668480e+01
 6.61495132e+01
 7.91548538e+01
 8.67701874e+01
 2.66239376e+01
 7.47369289e+00
 4.49073076e+00
 3.08190231e+01
 6.78182526e+01
 7.64023972e+01
 4.58220978e+01
 1.08129440e+02
 2.56081940e+02
 2.14137688e+01
 6.46348190e+00
 6.15939283e+00
 5.37193584e+00
 5.03623915e+00
 2.62837005e+00
 3.69640999e+01
 5.44920998e+01
 3.02049198e+01
 1.97244812e+02
 5.50376282e+01
 3.70873871e+01
 3.15731108e-01
 4.91631241e+01
 6.47870779e+00
 2.19780784e-02
 1.27326988e+02
 3.75798607e+01
 1.03516327e+02
 9.78809814e+01
 1.11558594e+02
 1.05383232e+02
 4.49122849e+01
 9.88522644e+01
 2.16784501e+00
 4.39352684e+01
 4.96219559e+01
 1.05830269e+02
 4.34567871e+01
 6.60987854e+00
 1.31959106e+02
 4.28543930e+01
 4.48481827e+01
 1.17892746e+02
 7.42913132e+01
 6.55095139e+01
 4.65248184e+01
 2.49929409e+01
 9.40742016e+00
 2.22198296e+00
 2.61073322e+01
 7.43850555e+01
 2.94067307e+01
 1.08589497e+01
 9.70142212e+01
 1.00552513e+02
 1.17476685e+02
 1.24910141e+02
 8.17852249e+01
 1.23852226e+02
 3.07768936e+01
 1.22113237e+01
 8.14810181e+00
 3.36530724e+01
 1.13308884e+02
 5.58431625e+01
 5.47200813e+01
 1.34257263e+02
 9.49447250e+01
 1.17879692e+02
 8.92635117e+01
 1.05355011e+02
 6.67292099e+01
 7.09534073e+00
 4.46007156e+00
 9.15400696e+01
 7.81850357e+01
 9.29263992e+01
 3.40400009e+01
 4.09378700e+01
 1.03834824e+02
 1.25210999e+02
 1.41075714e+02
 1.36836166e+02
 1.31723747e+01
 3.16554499e+00
 9.77604008e+00
 2.19412270e+01
 5.79566269e+01
 2.77583160e+01
 5.38604202e+01
 5.65800896e+01
 5.07359352e+01
 4.05701790e+01
 6.47389908e+01
 3.96385880e+01
 1.73844528e+01
 3.84368744e+01
 2.41055393e+01
 1.57353854e+00
 9.19719315e+01
 1.10557281e+02
 8.26333694e+01
 5.02574959e+01
 3.90228233e+01
 5.49779167e+01
 9.03373260e+01
 6.20156898e+01
 1.17567110e+01
 3.61763229e+01
 3.23013191e+01
 7.87530365e+01
 5.83326645e+01
 1.43422791e+02
 9.88335800e+01
 6.85367661e+01
 3.86626740e+01
 6.47178497e+01
 3.14503402e-01
 1.88600121e+01
 1.44799595e+01
 6.24157667e+00
 2.17678814e+01
 3.64490623e+01
 1.52825346e+01
 3.21415939e+01
 4.59431076e+01
 1.90537071e+01
 2.63990092e+00
 3.68422852e+01
 5.70571518e+01
 1.30880814e+02
 3.97524185e+01
 6.11026621e+00
 5.80772305e+00
 2.44572601e+02
 4.11957893e+01
 6.94240265e+01
 6.21137085e+01
 8.47388229e+01
 9.00190125e+01
 1.13640747e+02
 1.07581993e+02
 2.91955528e+01
 6.93582153e+00
 3.86617541e-01
 1.29917755e+01
 3.79246068e+00
 1.25303146e+02
 1.74716888e+02
 1.11761269e+02
 1.32767624e+02
 2.14078636e+01
 1.15434799e+02
 1.00155159e+02
 4.15896187e+01
 3.12707424e+00
 4.50658131e+00
 8.83042908e+00
 1.92770157e+01
 2.64546394e+01
 1.56973743e+01
 1.34320498e+01
 4.38564835e+01
 4.56297073e+01
 3.37147980e+01
 1.94200611e+01
 2.66846008e+01
 3.17715664e+01
 2.74955063e+01
 4.92056847e+00
 1.09372540e+01
 2.08502411e+02
 3.00436745e+01
 9.45276184e+01
 5.36617813e+01
 4.10805702e+01
 1.25707672e+02
 7.33466949e+01
 1.65392399e+01
 8.02936935e+00
 6.19297314e+00
 2.07234406e+00
 1.24735260e+00
 3.76134338e+01
 9.55086823e+01
 2.04470787e+01
 4.97593155e+01
 1.07612206e+02
 4.75394974e+01
 3.57943225e+00
 9.61471252e+01
 5.61908073e+01
 4.32888145e+01
 1.39792566e+01
 8.94402771e+01
 1.27385452e+02
 7.55409698e+01
 5.39414444e+01
 5.60004501e+01
 1.64347210e+01
 8.88271103e+01
 1.17154411e+02
 6.08499336e+01
 1.93182774e+01
 6.26646500e+01
 5.42300177e+00
 3.37329292e+00
 5.14798126e+01
 9.88899384e+01
 6.38720398e+01
 1.37814850e+02
 2.49955692e+01
 1.45324097e+02
 5.23585472e+01
 4.15385017e+01
 4.92418718e+00
 7.19685197e-01
 2.10828996e+00
 1.03033841e+00
 4.85645599e+01
 6.89014893e+01
 1.93076286e+01
