 6.70324057e+01
 6.03898410e+01
 1.00763943e+02
 3.63722119e+01
 4.92008862e+01
 1.09969992e+02
 1.35998676e+02
 5.20475556e+01
 6.80811316e+01
 7.74398150e+01
 9.66855800e+01
 2.26639816e+01
 7.89690861e+01
 3.00121590e+01
 7.25382317e+01
 2.25097414e+01
 5.20036883e+01
 4.62953827e+00
 5.64445966e+01
 1.07646766e+01
 4.16637752e+01
 1.00031060e+02
 1.07584633e+02
 6.47971261e+01
 3.31282884e+01
 8.24684523e+01
 3.32173092e+01
 1.05269363e+02
 1.55505231e+02
 5.96798258e+01
 3.25892378e+01
 2.46217069e+01
 8.19755474e+01
 6.31903077e+01
 1.17836708e+02
 5.58266150e+01
 8.10647542e+01
 2.55005494e+01
 6.50443012e+01
 5.67560383e+01
 7.54381664e+01
 7.08441107e+01
 1.53150973e+02
 1.72160555e+01
 1.32088479e+01
 1.15751005e+02
 9.13102885e+01
 5.51083778e+01
 3.98714271e+01
 1.67591944e+01
 1.16932753e+02
 7.58632399e+01
 1.05945529e+02
 2.28626622e+01
 3.11048791e+01
 2.93125844e+01
 1.72613116e+01
 7.15332150e+01
 8.68205912e+01
 6.38456379e+01
 4.04988895e+01
 4.68885903e+01
 6.58441197e+01
 9.92831915e+01
 5.09132220e+01
 9.27576441e+01
 3.55524815e+01
 1.78329323e+01
 9.16577708e+01
 2.75200607e+01
 5.22781470e+01
 4.75131199e+01
 3.45269392e+01
 2.39000087e+01
 4.96421659e+01
 1.23152168e+02
 7.06820799e+01
 8.77523907e+01
 1.66542617e+02
 7.30850044e+01
 4.60247438e+01
 5.48462798e+01
 4.69461800e+01
 1.29918726e+02
 6.45903592e+01
 8.94431995e+01
 8.97839977e+01
 5.08727061e+01
 8.54056943e+01
 2.95286249e+02
 1.47808882e+01
 1.07487735e+02
 5.89921551e+01
 1.42401034e+02
 8.24632955e+01
 7.67994126e+01
 1.07655428e+02
 4.52627687e+01
 5.92961234e+01
 1.07007897e+02
 7.18319795e+01
 9.91420863e+01
 5.37938052e+01
 2.62462739e+01
 1.55905838e+02
 1.34560954e+02
 8.77591423e+01
 7.11997035e+01
 3.38300997e+01
 6.66442969e+01
 1.30489995e+02
 1.31739809e+02
 1.15180330e+02
 1.26678515e+02
 9.10249011e+01
 9.09993427e+01
 1.38770294e+02
 1.28793513e+02
 1.11107754e+02
 1.29515930e+02
 8.32410633e+01
 4.41291737e+01
 7.21611501e+01
 7.46387774e+01
 7.22937362e+01
 4.97989010e+01
 7.14126237e+00
 1.12500282e+02
 9.80355274e+01
 1.46764829e+02
 5.46625119e+01
 2.11900368e+01
 2.52047880e+01
 1.54540173e+01
 5.44295013e+01
 1.88140918e+01
 4.90523785e+01
 3.35735628e+01
 6.16025388e+01
 7.08270652e+01
 1.20483863e+02
 7.92647959e+01
 7.41161914e+01
 8.80740590e+01
 7.39092364e+01
 3.23960942e+01
 4.24052081e+01
 4.55076364e+01
 6.40644922e+01
 7.18843274e+01
 2.17571865e+01
 4.21688488e+01
 3.53435512e+01
 1.27896162e+02
 6.81708122e+01
 6.23189831e+01
 3.67019548e+01
 5.07798109e+01
 4.97651104e+01
 1.25167339e+02
 3.52286458e+01
 2.66058737e+01
 4.35762375e+01
 5.17427158e+01
 4.90937807e+01
 1.17071935e+02
 6.18857206e+01
 1.66139639e+01
 4.26093539e+01
 4.77512730e+01
 2.64696104e+01
 4.78154703e+01
 9.72016671e+01
 6.96357776e+01
 5.39235022e+01
 6.48927046e+01
 9.10582531e+01
 8.16392826e+01
 9.23754042e+01
 9.45476553e+01
 6.18688218e+01
 6.57954538e+01
 5.44510550e+01
 4.73582034e+01
 1.82392775e+01
 4.53419057e+01
 8.83279574e+01
 6.58125444e+01
 7.58417497e+01
 5.80136036e+01
 3.67000216e+01
 6.02372732e+01
 1.56252457e+02
 8.73557875e+01
 1.21933432e+02
 3.97250599e+01
 8.53600731e+01
 1.12693546e+02
 1.13217302e+02
 7.94880008e+01
 3.96291274e+01
 1.47601699e+02
 1.47236104e+02
 5.12845790e+01
 1.04348464e+02
 4.44979356e+01
 9.15941921e+01
 9.01462371e+01
 1.24474638e+02
 2.49146369e+01
 3.33455081e+01
 1.56040777e+01
 7.43463218e+01
 1.24633533e+02
 5.89145067e+01
 9.56991383e+01
 2.64861288e+01
 2.22267739e+01
 2.48774299e+01
 1.48992610e+02
 2.54108606e+01
 5.88902631e+01
 1.19876569e+02
 8.53275060e-01
 1.11431794e+02
 8.07390623e+01
 1.12639646e+02
 2.02254356e+01
 2.15718880e+01
 6.15502175e+01
 5.93999209e+01
 1.32567250e+02
 1.14528089e+02
 4.27593864e+01
 1.33655292e+02
 2.03924606e+01
 2.83966097e+01
 7.42853972e+01
 8.40295778e+01
 4.66242123e+01
 3.13714812e+01
 8.47232769e+01
 3.60710820e+01
 1.15681092e+02
 1.67269695e+01
 1.41854523e+01
 1.84968896e+01
 4.76827330e+01
 2.86888201e+01
 3.26985991e+01
 4.03210839e+01
 8.11510419e+01
 5.53973302e+01
 5.23430575e+01
 1.08284245e+02
 1.35108859e+02
 1.88978013e+01
 2.10804577e+01
 1.08603838e+02
 4.19525280e+01
 1.91878509e+01
 7.75412594e+01
 4.59056757e+01
 8.86069855e+01
 6.37112735e+01
 7.39832514e+01
 5.35155664e+01
 2.36488844e+01
 4.45540929e+01
 1.25783255e+02
 2.32532965e+01
 4.97928807e+01
 1.97329407e+01
 9.63616011e+01
 8.70525227e+01
 3.37252255e+01
 6.55112757e+01
 3.20880109e+01
 9.46923142e+01
 1.17249543e+02
 1.04937243e+02
 1.12071077e+02
 8.54850589e+01
 7.49655014e+01
 6.99081669e+01
 1.31736979e+02
 3.11836721e+01
 4.26084915e+01
 1.07197530e+02
 8.53932441e+01
 4.59320645e+01
 7.82247615e+01
 8.00364836e+01
 7.77731665e+01
 2.80939996e+01
 5.64937744e+01
 5.67825545e+01
 1.64905125e+02
 8.65370702e+01
 6.46060275e+01
 2.38754485e+01
 7.88459790e+01
 7.45511199e+01
 1.02567941e+02
 1.16780006e+02
 1.04935120e+02
 4.02669004e+01
 4.87589975e+01
 1.09979318e+02
 7.02697836e+01
 4.22932038e+01
 3.88199122e+01
 7.14399312e+01
 1.19784008e+02
 9.54976039e+01
 5.43929420e+01
 5.08893054e+01
 1.55970667e+02
 4.93157237e+01
 4.02601868e+01
 1.33021023e+02
 1.16203173e+02
 8.70128239e+01
 1.15169690e+02
 2.39630004e+01
 1.22182280e+02
 5.28854877e+01
 7.38758204e+01
 3.61307370e+01
 1.08979550e+02
 1.16200007e+02
 1.04910252e+02
 9.16125462e+01
 1.05446911e+02
 6.64973479e+01
 7.81794451e+01
 7.16112642e+01
 1.74717331e+01
 9.46021338e+01
 6.58342980e+01
 1.50172816e+01
 6.37774764e+01
 7.54455718e+01
 4.40713428e+01
 1.39455575e+02
 1.40857795e+02
 5.45852454e+01
 3.74412146e+01
 4.93445415e+01
 1.16065295e+02
 1.62854216e+02
 1.43842159e+02
 6.04586317e+01
 7.19928861e+01
 3.84400536e+01
 6.53124843e+01
 6.78471444e+01
 1.31562679e+02
 7.57669114e+01
 7.34986112e+01
 4.14968857e+01
 7.64068879e+01
 7.02602199e+01
 5.07569526e+01
 1.52861168e+02
 5.80195301e+01
 4.06035421e+00
 5.41793738e+01
 3.10627582e+01
 8.35309170e+01
 6.49646965e+01
 6.59610278e+01
 7.55147491e+01
 7.92551726e+01
 5.93742018e+01
 5.19677185e+01
 8.28929798e+01
 8.62534738e+01
 3.87977204e+01
 6.88581173e+01
 1.27674077e+02
 1.38717417e+02
 9.43156094e+01
 6.91050488e+01
 6.90625749e+01
 4.55984608e+01
 2.19032510e+01
 3.40055464e+01
 1.79720488e+02
 1.44218816e+02
 5.30872413e+01
 1.10441656e+02
 9.23690581e+01
 1.25791330e+02
 1.45468810e+02
 9.72804470e+01
 7.08405021e+01
 5.81017619e+01
 9.15850035e+01
 1.10610982e+02
 9.69379272e+01
 2.33761783e+02
 1.37339806e+02
 1.02088995e+02
 1.16976366e+02
 4.74925893e+01
 5.11169951e+01
 8.92783640e+01
 6.42040549e+01
 2.52638356e+01
 6.13775702e+01
 1.11892357e+02
 7.41532252e+01
 3.41856667e+01
 3.66173480e+00
 1.57425650e+01
 5.60381079e+01
 7.57038210e+01
 5.79836409e+00
 1.24447598e+02
 7.50009841e+01
 2.11037885e+01
 3.14917046e+01
 6.13243458e+01
 1.34439126e+02
 5.39331008e+01
 1.31835678e+01
 2.42739497e+01
 1.03453686e+02
 1.40665523e+01
 8.35690435e+01
 9.42490223e+01
 8.07048122e+01
 1.72629635e+01
 1.08098633e+02
 3.63956846e+01
 1.08085537e+02
 2.22862471e+01
 4.84105729e+01
 3.62366100e+01
 5.36221066e+01
 5.89621491e+01
 9.98845197e+01
 3.53331254e+01
 2.08671608e+01
 2.04218871e+01
 2.32416256e+01
 6.09367546e+01
 1.01361111e+02
 9.19209144e+01
 7.58348237e+01
 7.20328574e+00
 8.90703056e+01
 3.67642967e+01
 6.40288989e+01
 3.50280176e+01
 8.49903969e+01
 3.04424464e+01
 9.35341760e+01
 6.73543325e+01
 7.84973273e+01
 2.68080853e+01
 3.50584309e+01
 5.36277632e+01
 6.78366304e+01
 3.61797466e+01
 7.18427993e+01
 9.38377784e+01
 4.62930442e+01
 7.04947029e+01
 5.68464035e+01
 3.86004691e+01
 4.54286963e+01
 5.50248364e+01
 4.52925878e+01
 8.26815943e+01
 5.54948050e+01
 7.97066066e+01
 1.04699785e+02
 5.66473149e+01
 5.83304285e+01
 1.12638451e+02
 6.25678390e+01
 1.45679496e+02
 9.56054793e+01
 4.71789271e+01
 7.36169955e+01
 2.56606690e+01
 6.99603553e+01
 1.13488583e+02
 9.76813784e+01
 6.14135157e+01
 7.60397197e+01
 5.16042005e+01
 9.04791125e+01
 9.65294346e+01
 7.83140385e+01
 6.42240123e+01
 4.49710809e+01
 5.62650105e+01
 7.67913004e+01
 1.03264097e+02
 6.79251559e+01
 1.06041146e+02
 9.32080066e+01
 7.00761274e+01
 1.03248692e+02
 1.46938174e+02
 6.03662248e+01
 6.59432292e+01
 1.06028869e+02
 3.45509020e+01
 5.48481343e+01
 8.84530504e+01
 6.15401290e+01
 5.49917426e+01
 5.79054504e+01
 6.17241736e+01
 9.48994513e+01
 1.02824550e+02
 1.35279338e+02
 1.24028870e+02
 9.38783230e+01
 6.55756005e+01
 1.60159990e+01
 3.15417058e+01
 6.74285768e+01
 1.03141021e+02
 3.83782330e+01
 5.95313257e+01
 5.50301241e+01
 4.16478816e+01
 1.05205319e+02
 1.18319176e+02
 3.69605328e+01
 1.66123829e+01
 1.37047791e+02
 1.19091664e+02
 3.25673918e+01
 1.23313888e+02
 6.66330055e+01
 2.21109351e+01
 1.14843384e+02
 6.01938214e+01
 8.05517833e+01
 6.21035076e+01
 7.73993776e+01
 2.29335438e+00
 9.52519539e+01
 6.88652889e+01
 2.84297667e+01
 8.25610420e+01
 3.43344570e+01
 3.66595772e+01
 9.16951103e+01
 7.81783346e+01
 8.93112596e+01
 6.34391880e+01
 2.27638791e+01
 7.84949010e+01
 9.52469279e+01
 3.84351987e+01
 9.75508816e+01
 7.31875157e+01
 2.33230657e+01
 5.42398574e+01
 7.81924679e+01
 1.16323175e+02
 7.53253752e+01
 3.31044712e+01
 4.58232245e+01
 5.54184258e+01
 5.32003281e+01
 1.59640988e+02
 1.61073168e+02
 8.19973147e+01
 1.63135612e+02
 9.24373519e+01
 1.02104352e+02
 6.66923953e+01
 8.32065795e+01
 8.54575178e+01
 4.92138749e+01
 6.10964130e+01
 5.10386254e+01
 1.51444377e+02
 8.79229634e+01
 6.83405716e+01
 8.87224904e+01
 1.15935956e+02
 7.83096829e+01
 7.47826973e+01
 1.46229798e+02
 4.88121739e+01
 1.96860574e+01
 6.63146849e+01
 8.41198383e+01
 9.40803446e+01
 8.54887393e+01
 5.51534388e+01
 2.18133118e+01
 6.92484243e+01
 1.38658985e+01
 5.02273320e+01
 7.02854763e+01
 2.37153417e+02
 8.86786134e+01
 3.36534904e+01
 7.88289186e+01
 3.00139304e+01
 1.05939264e+02
 1.01219463e+02
 7.51670163e+01
 1.51342781e+01
 8.98763802e+01
 1.14615665e+02
 1.00000318e+02
 9.77578622e+01
 5.36448980e+00
 5.77758898e+01
 1.58709591e+02
 4.91383836e+01
 1.13047469e+02
 6.57428897e+01
 6.62419170e+01
 7.13776146e+01
 5.84767536e+01
 9.14741002e+01
 1.19751691e+02
 7.21758117e+01
 6.57171510e+01
 3.57243163e+01
 7.32467785e+01
 1.24456310e+02
 5.45875839e+01
 8.03811860e+01
 6.80528032e+01
 5.89509966e+01
 1.00742301e+02
 6.45354498e+01
 1.13290976e+02
 1.28868191e+02
 1.33002797e+02
 1.12554849e+02
 5.44320514e+01
 8.39695902e+01
 1.34460246e+01
 3.99377177e+01
 7.18425615e+01
 2.23720343e+01
 2.88298027e+01
 6.13632761e+01
 3.70710513e+01
 3.58281075e+01
 1.22097830e+01
 7.64969941e+01
 9.89946633e+01
 6.07152389e+01
 5.51007686e+01
 8.74243413e+01
 1.19882065e+02
 3.73383498e+01
 8.09853507e+01
 5.60945537e+01
 3.53661501e+01
 8.37584850e+01
 6.72440774e+00
 8.12249693e+01
 1.13420930e+02
 5.13218058e+01
 1.01931721e+01
 7.66800734e+01
 1.08006913e+02
 8.13382105e+01
 1.27721277e+02
 1.04705773e+02
 7.04270122e+01
 3.18534548e+01
 1.38778324e+00
 4.74675717e+01
 1.28629866e+02
 1.36531125e+02
 1.00932539e+02
 4.12757610e+01
 7.26901498e+01
 6.81972287e+01
 9.11291127e+01
 9.43738752e+01
 1.15521544e+02
 1.14871435e+02
 1.13027840e+02
 7.62972283e+01
 1.79027940e+02
 5.98120370e+01
 8.42343142e+01
 8.31104553e+01
 2.90678282e+01
 5.29430699e+01
 7.88450698e+01
 5.00222091e+01
 6.93847200e+01
 9.17091341e+01
 5.64065806e+01
 2.61033007e+01
 9.15053029e+01
 8.47687413e+01
 7.20644995e+01
 3.46654983e+01
 5.56307273e+01
 7.31983564e+01
 2.75660205e+01
 3.87404875e+01
 7.30710997e+01
 2.15364742e+02
 1.88962988e+02
 7.14019103e+01
 2.69195083e+01
 9.00448631e+01
 4.96609124e+01
 7.98101606e+01
 9.19528868e+01
 4.34784059e+01
 6.87116266e+01
 7.18964633e+01
 1.01041334e+02
 5.14855149e+01
 5.82296369e+01
 3.88443160e+01
 6.03270010e+01
 5.56048278e+01
 1.00168465e+02
 3.40554678e+01
 4.65855921e+01
 2.81499404e+01
 3.74820759e+01
 1.07894736e+02
 1.52464560e+02
 1.04315235e+02
 1.02153792e+02
 1.52345245e+01
 1.96094089e+01
 6.13476124e+01
 3.30922480e+01
 1.75563597e+02
 8.05207488e+01
 4.57020882e+01
 3.81392063e+01
 6.41486506e+01
 5.68062535e+01
 1.32863096e+02
 6.91633762e+01
 1.07328199e+01
 2.98558231e+01
 8.77281580e+01
 2.22296409e+01
 3.45441129e+01
 3.47147419e+01
 5.05359485e+00
 6.55285566e+01
 4.37939123e+01
 5.60653519e+01
 5.19993431e+00
 8.42593851e-01
 8.28002562e+01
 8.69501262e+01
 1.83741900e+02
 9.94160834e+01
 1.01062137e+02
 9.52058502e+01
 5.35970105e+01
 1.22286124e+02
 1.03003600e+02
 6.51963703e+01
 5.68622067e+01
 3.83890683e+01
 6.58279642e+01
 9.01812022e+01
 1.19258412e+02
 9.22047937e+01
 1.13785570e+02
 5.19460284e+01
 7.84642709e+01
 8.31568170e+01
 4.32842449e+01
 1.15537807e+02
 1.29893834e+02
 1.98186910e+01
 3.17140838e+01
 5.51345691e+01
 1.09086972e+02
 1.50179425e+02
 1.02874144e+02
 3.41580425e+01
 2.05936188e+01
 8.29560135e+01
 5.66115809e+01
 4.97578073e+01
 1.08803706e+02
 3.26199410e+01
 4.21385841e+01
 1.00443424e+02
 7.27438439e+01
 6.28360257e+01
 9.05325484e+01
 3.64541878e+01
 1.51381519e+02
 8.43157055e+01
 4.11478136e+01
 4.51047096e+01
 8.48738513e+01
 1.94793073e+02
 1.07073470e+02
 2.39085155e+02
 1.54386946e+02
 1.34277919e+02
 4.22295829e+01
 8.06262223e+01
 6.32527838e+01
 2.80191976e+01
 1.70555156e+01
 8.50326760e+01
 1.67356610e+01
 5.48059155e+01
 6.26835559e+00
 8.75620345e+01
 5.33517655e+01
 6.49564691e+01
 1.17897765e+02
 1.20586154e+02
 1.02909009e+02
 1.51052501e+01
 3.62128085e+01
 9.95225717e+01
 1.00249947e+02
 9.32113293e+00
 1.66658529e+01
 5.93464126e+00
 4.64451670e+01
 4.91270532e+01
 8.60267550e+01
 8.58770683e+01
 4.71344242e+01
 5.63130385e+01
 1.28670404e+02
 7.60808246e+01
 4.21386849e+01
 1.81420900e+01
 1.40942568e+01
 7.44523251e+01
 1.61233668e+02
 6.12811628e+01
 2.76443571e+01
 5.50099979e+01
 9.01636404e+01
 3.32195430e+01
 6.80293770e+01
 3.50054579e+01
 1.24292971e+01
 1.33686967e+00
 5.76051123e+01
 5.59471024e+01
 2.42973011e+01
 4.24268171e+01
 3.91812354e+01
 9.93388688e+01
 5.69922112e+01
 1.03800951e+02
 7.06252251e+01
 9.40128579e+01
 3.92437616e+01
 4.28754420e+01
 9.71928829e+00
 1.82329691e+02
 1.78392835e+02
 8.21933155e+01
 8.23265048e+01
 5.86209740e+01
 4.02205096e+01
 2.39103538e+01
 1.10049984e+02
 8.43340436e+01
 7.85383065e+01
 8.29844561e+01
 5.60816097e+01
 1.80596354e+02
 8.41102443e+01
 8.34747660e+01
 6.40518055e+01
 3.52295374e+01
 5.16867450e+01
 2.91486617e+01
 6.88489919e+01
 5.56414992e+01
 8.57409386e+00
 5.56622636e+00
 1.62211141e+01
 8.73822112e+01
 1.40547362e+02
 4.90394424e+01
 6.67184309e+01
 8.58336784e+01
 5.44552531e+01
 6.41787840e+01
 6.61379654e+01
 1.01398986e+02
 7.29371657e+01
 3.80602875e+01
 9.21588937e+01
 3.97267572e+01
 2.80089689e+01
 4.02388857e+01
 4.39279751e+01
 8.06776461e+01
 6.07328732e+01
 3.00457664e+01
 9.48959473e+01
 1.55765161e+02
 1.02195781e+02
 6.79163682e+01
 8.55196500e+01
 1.39421194e+02
 5.15398465e+01
 7.40535315e+01
 1.03515589e+02
 7.14368326e+01
 7.52206454e+01
 9.23875357e+01
 1.14813113e+02
 8.85631474e+01
 4.92193081e+01
 5.92566214e+01
 7.64209611e-01
 1.20822604e+02
 1.01182719e+02
 1.06723489e+02
 5.80333887e+01
 1.13382023e+02
 1.03209026e+02
 5.36588124e+01
 6.38272979e+01
 5.35322042e+01
 2.46053141e+01
 1.57680055e+02
 1.88987379e+01
 9.19753517e+01
 6.07186920e+00
 5.86062471e+01
 1.94625747e+01
 7.00596161e+01
 1.70101867e+01
 4.53698428e+01
 8.14628955e+01
 1.00883862e+02
 1.35663218e+02
 5.59901869e+01
 4.99390888e+01
 1.24370233e+02
 5.81602940e+01
 3.48260667e+01
 1.15385343e+02
 1.13733113e+01
 6.09612371e+01
 8.28826414e+01
 4.63807929e+01
 5.74927790e+01
 1.45477174e+02
 8.21480636e+01
 1.60715613e+01
 1.10844290e+02
 4.39608414e+01
 9.80852216e+01
 6.43696000e+01
 6.79307357e+01
 2.11349924e+01
 7.17480304e+01
 7.53353921e+01
 8.78993205e+01
 1.43897181e+02
 5.00901982e+01
 2.15643974e+01
 2.03615678e+01
 5.60960405e+01
 8.91192926e+01
 8.16540983e+01
 3.54003563e+01
 4.38243424e+01
 7.78914818e+01
 1.05725786e+02
 5.47158861e+01
 2.19714668e+01
 3.07460309e+01
 1.15965450e+02
 7.43139687e+01
 9.17230365e+01
 9.13663760e+01
 5.24602660e+01
 7.08775097e+01
 1.32148627e+02
 4.26166228e+01
 5.60969771e+01
 1.15024320e+02
 7.44926463e+01
 2.38898038e+01
 4.44909374e+01
 1.01996938e+02
 1.56688256e+02
 4.24728007e+01
 7.19603173e+01
 5.34717478e+01
 9.68561660e+01
 1.05376686e+02
 3.59423594e+01
 1.30967566e+02
 3.18397347e+01
 2.84818482e+01
 4.87051719e+01
 3.14252808e+01
 1.54626823e+02
 1.16872518e+02
 6.12648715e+01
 1.19402379e+02
 1.03613000e+02
 1.29217979e+02
 9.39198285e+01
 3.31753834e+01
 8.25113396e+01
 4.92678516e+01
 8.23489354e+01
 7.21750621e+01
 7.10640968e+01
 1.33070463e+02
 5.66051674e+01
 7.40389188e+01
 3.20212201e+01
 2.30546341e+01
 5.04728705e+01
 8.61794819e+01
 3.53717458e+01
 4.56173102e+01
 4.38093131e+01
 1.19823609e+02
 1.16422101e+02
 1.17709314e+02
 9.69395058e+01
 8.73554515e+01
 6.97560219e+01
 5.99941565e+01
 7.55738961e+01
 6.39383809e+01
 8.65623605e+01
 1.06381152e+02
 1.30094731e+02
 8.13356708e+01
 8.88829832e+01
 7.77497999e+01
 6.19677863e+01
 5.04092301e+01
 1.67576872e+01
 9.30959705e+01
 6.29703533e+00
 5.61211799e+01
 3.03916153e+01
 2.14026281e+01
 5.68939248e+00
 5.14657410e+01
 5.84525398e+01
 1.68961478e+02
 3.82566040e+01
 8.41603770e+01
 3.74689522e+01
 8.66654036e+01
 8.87815983e+01
 1.20041768e+02
 1.58989670e+02
 2.29375117e+01
 2.84710251e+01
 6.59045488e+01
 1.52156224e+01
 1.16870679e+02
 1.04221549e+02
 7.71620683e+01
 3.92792912e+01
 3.42971425e+01
 7.51685111e+01
 8.02560151e+01
 8.92326746e+01
 1.75771494e+02
 4.09723828e+01
 1.00138526e+02
 7.18282330e+01
 5.12957292e+01
 4.24873789e+01
 8.89766812e+01
 7.41025841e+01
 9.03256646e+01
 9.21535153e+01
 5.05810259e+01
 5.16192366e+01
 8.93460651e+01
 1.71765924e+01
 4.62559444e+01
 1.51496595e+01
 1.36880698e+02
 3.38698941e+01
 6.36589192e+01
 6.98217433e+01
 7.93582307e+01
 6.98994870e+01
 1.65372562e+02
 6.20343931e+01
 5.70940268e+01
 8.99074732e+01
 7.99167361e+01
 9.66722484e+01
 3.69922792e+01
 5.00957571e+01
 8.70032170e+01
 8.60097628e+01
 2.01726295e+01
 8.74482930e+00
 3.81831321e+01
 2.07092103e+01
 7.17517672e+01
 6.21983187e+01
 8.62161041e+01
 1.42244683e+02
 7.26372324e+01
 5.46753318e+01
 7.00209277e+01
 4.29433932e+01
 5.83786367e+01
 6.70381802e+01
 3.47967714e+01
 1.07056808e+02
 5.40167398e+00
 7.63934548e+01
 2.43727650e+01
 1.56255858e+02
 1.38906138e+02
 7.68002896e+01
 1.27439482e+02
 7.59801099e+01
 6.14230793e+01
 9.01218426e+01
 7.12376709e+01
 7.41495676e+01
 2.85518001e+01
 1.06228630e+01
 8.70065343e+01
 3.53825882e+01
 5.79817927e+01
 6.71865795e+01
 3.14625288e+01
 3.13624346e+01
 1.04694618e+02
 9.92480566e+01
 9.28070328e+01
 2.29280308e+01
 1.05886824e+01
 1.82079677e+01
 8.73426445e+01
 5.49770828e+01
 2.59590498e+01
 1.27076870e+02
 9.61778494e+01
 5.11992929e+01
 4.30089099e+01
 5.19838762e+01
 6.47426281e+01
 1.49360837e+02
 1.98792229e+01
 1.14710030e+01
 1.60908923e+02
 6.56096508e+01
 1.13349236e+02
 9.39676752e+01
 3.64329289e+01
 7.01372151e+01
 9.02539880e+01
 5.25879154e+01
 4.58804995e+01
 1.12587906e+02
 1.54193187e+02
 7.32385205e+01
 5.20785816e+00
 6.46289697e+01
 7.79582138e+01
 9.64684339e+01
 1.03111268e+01
 2.51096245e+01
 3.52700406e+01
 4.69924842e+01
 8.01645095e+01
 1.09164578e+02
 1.04507934e+02
 1.51593586e+02
 6.29761313e+01
 6.56327975e+01
 8.27882693e+01
 1.11807350e+02
