 4.15425848e+01
 1.13676792e+02
 3.88232422e+01
 7.63799512e+01
 7.95578017e+01
 1.32100172e+02
 9.22015747e+00
 7.64292638e+01
 9.96321448e+01
 1.21894193e+02
 6.90796551e+01
 5.59790593e+01
 2.56583743e+01
 6.96711319e+01
 3.55760302e+01
 8.09892163e+01
 6.74375450e+01
 9.96802831e+01
 2.24603840e+01
 4.63278692e+01
 1.39530564e+01
 2.85340734e+01
 7.92356237e+01
 7.04620417e+01
 6.26652446e+01
 1.85128802e+01
 9.16550236e+00
 2.17856251e+01
 1.10635385e+02
 6.16775613e+01
 3.44998364e+01
 6.02687170e+01
 5.20639904e+01
 9.81829620e+01
 7.92820458e+01
 8.47588122e+01
 2.71335591e+01
 1.95034347e+01
 6.91973875e+01
 4.16221858e+01
 5.34561233e+01
 2.72263582e+01
 5.47870219e+01
 1.66921007e+01
 1.04978393e+02
 7.51106865e+01
 2.69701030e+01
 4.89990011e+01
 8.79024873e+01
 3.95387270e+01
 3.43741198e+01
 4.19641706e+01
 1.73293680e+01
 6.50320901e+01
 1.92560575e+01
 2.89661548e+01
 5.69003496e+01
 2.59494752e+01
 5.64383962e+01
 6.18485738e+01
 2.70240053e+01
 1.74238678e+01
 7.58909196e+01
 2.90158660e+01
 4.49421803e+01
 2.39057733e+02
 4.65982349e+01
 6.84450610e+01
 6.12291819e+01
 2.83646430e+01
 7.34004581e+01
 4.02642939e+01
 4.11730987e+01
 3.53044413e+01
 2.79485100e+01
 6.35194484e+01
 1.08417075e+02
 3.21140665e+01
 1.12428713e+02
 5.38293366e+01
 2.44263934e+00
 6.42170534e+01
 2.06328467e+01
 6.04982701e+01
 6.65691680e+01
 6.93920390e+01
 7.61391861e+01
 1.78747699e+01
 4.85458581e+01
 8.94895757e+01
 2.89289962e+01
 7.95493342e+01
 1.04906398e+02
 3.16563752e+01
 4.64348624e+01
 5.99327379e+00
 4.39319311e+01
 3.40477556e+01
 4.91742170e+01
 2.96838759e+01
 9.58162132e+00
 6.09739734e+01
 7.89513082e+01
 8.06782502e+01
 4.83351708e+01
 2.61925847e+01
 1.73561196e+01
 1.18201261e+02
 3.47688160e+01
 2.56793043e+01
 3.46994171e+01
 6.55350153e+01
 1.46877917e+02
 1.18413038e+02
 4.67810901e+01
 4.88419917e+01
 3.10937086e+01
 2.62227958e+01
 7.00138591e+01
 3.15054461e+01
 6.24916912e+00
 2.81916417e+01
 1.24515124e+01
 8.69168773e+01
 8.40796288e+01
 1.34506362e+02
 8.75299269e+01
 6.29670053e+01
 3.80340235e+01
 5.26030248e+01
 1.20491529e+01
 3.73224552e+01
 9.80783216e+01
 6.83744335e+00
 5.33933332e+01
 4.73021819e+01
 7.59443702e+01
 4.55969351e+01
 8.92002856e+01
 6.31321168e+01
 3.41259040e+01
 2.18698950e+01
 7.33815434e+00
 9.49992295e+01
 2.36758677e+01
 6.50743000e+01
 1.01732376e+02
 6.91413957e+01
 2.75129281e+01
 3.57373260e+01
 7.40351723e+01
 1.63771478e+01
 6.24399572e+01
 1.78140622e+02
 9.73121985e+01
 7.26700090e+01
 5.99205360e+01
 3.11540049e+01
 3.07493974e+01
 6.89869052e+01
 3.77892178e+01
 3.47191558e+01
 7.65482376e+01
 1.99467547e+01
 5.96768178e+01
 3.75770187e+01
 2.89957102e+01
 6.95929290e+01
 1.24903640e+01
 1.03286536e+01
 4.51877720e+01
 6.95500999e+01
 1.22954375e+02
 8.70385102e+01
 3.69773947e+01
 8.05697804e+01
 5.53760033e+00
 1.19122084e+02
 1.96068782e+01
 4.42527803e+01
 2.51062912e+01
 4.61682814e+01
 8.35420543e+01
 1.21271257e+02
 9.83303784e+01
 2.82073403e+01
 4.35358001e+01
 2.60131691e+01
 1.21229304e+01
 4.88701469e+01
 4.08102135e+00
 5.95577536e+01
 5.30827639e+01
 2.59544631e+01
 3.45066644e+01
 1.67571499e+00
 9.61215878e+01
 1.82828164e+01
 1.26932182e+02
 3.88144196e+02
 1.29499986e+02
 7.72904791e+01
 9.37261909e+01
 3.78152854e+01
 6.71122575e+01
 6.91274898e+01
 5.00687322e+01
 5.00992634e+01
 1.01979239e+02
 6.13021013e+01
 6.71032833e+01
 1.04510954e+02
 2.89473668e+01
 1.51314343e+02
 1.19806819e+01
 1.96035650e+01
 4.67371692e+01
 5.55152541e+01
 5.06849940e+01
 8.12967641e+01
 1.04870058e+02
 4.94206121e+01
 1.01010426e+02
 5.00858962e+01
 2.01696081e+02
 6.12623429e+01
 7.38493986e+01
 2.40422700e+01
 4.63796632e+01
 7.02733886e+01
 5.81989824e+01
 1.48838784e+02
 2.45933617e+02
 1.80900615e+01
 6.40546118e+01
 7.16573239e+01
 1.79026450e+01
 8.30433389e+01
 5.88027136e+01
 2.34341079e+01
 9.75203141e+01
 6.02863413e+01
 4.56515310e+01
 1.15885574e+02
 6.97879788e+01
 9.19202543e+01
 9.24199734e+01
 8.88910902e+01
 2.96120409e+01
 1.13575841e+02
 1.18086018e+02
 3.51384508e+01
 3.32771396e+01
 9.41853182e+01
 3.34142079e+01
 4.52485334e+01
 8.12855865e+01
 1.90798025e+01
 3.84661820e+01
 4.66589252e+01
 1.37731044e+02
 3.75486930e+01
 2.59950027e+01
 1.55958611e+01
 7.87070904e+01
 4.22134428e+01
 5.60899651e+01
 4.48513475e+01
 7.24908419e+01
 3.50856364e+01
 5.17817549e+01
 5.80729881e+01
 1.20897654e+02
 1.36317528e+02
 8.36903370e+01
 6.03154247e+01
 6.28600751e+01
 3.98253359e+01
 1.77359482e+01
 8.61392148e+01
 2.16791642e+01
 3.32959165e+01
 2.78457039e+01
 2.52526504e+01
 5.57655818e+01
 1.90282900e+01
 6.80410084e+01
 1.85369909e+01
 7.03594086e+01
 1.45825783e+02
 5.19077785e+01
 4.11731133e+01
 1.17433777e+02
 5.78011443e+01
 3.50190897e+01
 7.31997298e+01
 8.20438368e+01
 6.35507125e+01
 3.77102238e+01
 4.67667232e+00
 6.95884858e+01
 8.84387767e+01
 3.01642335e+01
 6.16399748e+01
 1.25450808e+02
 1.02832320e+02
 8.54046517e+01
 1.28375721e+02
 5.71548697e+01
 7.33417821e+01
 3.87786540e+01
 3.38504841e+01
 4.36716017e+01
 3.56068150e+01
 4.95718584e+01
 1.01805375e+02
 1.08678467e+02
 9.22408055e+01
 7.57439710e+01
 6.52692259e+01
 5.12082033e+01
 2.30308126e+01
 1.64901331e+01
 4.31265683e+01
 8.18541443e+00
 5.75127991e+01
 2.74026289e+01
 8.36231980e+01
 9.73212157e+01
 9.13990309e+01
 4.84459045e+01
 4.14305390e+01
 6.90413472e+01
 2.66963987e+01
 4.22404826e+01
 4.28080576e+01
 6.00821786e+01
 5.34701881e+01
 1.83741145e+01
 4.63787231e+01
 7.39782139e+01
 5.41197417e+01
 1.65596632e+01
 5.16779866e+01
 8.05728505e+01
 1.19619051e+01
 8.44519503e+01
 2.94561227e+01
 2.73139320e+01
 3.12015677e+01
 9.24812532e+01
 1.86135928e+01
 6.50950343e+00
 2.50896629e+01
 3.18424702e+01
 9.47989423e+01
 3.52634724e+01
 1.68541257e+01
 1.64380308e+01
 3.94157482e+01
 3.95759365e+01
 8.36017723e+00
 3.70286942e+01
 6.40441655e+01
 8.96410635e+01
 3.46116908e+01
 8.06613201e+01
 3.13113342e+01
 4.80871053e+01
 4.27558202e+01
 4.78659095e+01
 7.11296201e+01
 1.35424525e+01
 1.25023180e+02
 1.81997852e+01
 2.84801139e+01
 7.77569226e+01
 7.24663956e+01
 4.88958612e+01
 2.23651884e+02
 2.99277359e+01
 2.79875492e+01
 4.32187372e+01
 1.05877506e+02
 7.55367558e+01
 8.07667705e+01
 5.18937959e+01
 3.96734232e+01
 3.34725864e+01
 1.66517513e+01
 9.26989236e+01
 4.98012751e+01
 5.04896929e+00
 3.37735896e+01
 2.71847099e+01
 6.65024023e+01
 3.95879874e+01
 8.68752354e+01
 1.32747243e+02
 9.43025305e+01
 5.62278909e+01
 3.23584970e+01
 4.77965425e+01
 1.35870952e+02
 7.73686491e+01
 8.66478937e+01
 4.72566368e+01
 6.83410491e+01
 1.00854425e+02
 4.87929416e+01
 5.70228228e+01
 1.07989862e+02
 8.97765143e+01
 2.29573051e+01
 2.46642198e+01
 1.23511749e+02
 1.02056704e+02
 5.05477942e+01
 3.44166546e+00
 2.72712632e+01
 1.07020775e+02
 3.98898297e+01
 7.19591431e+01
 2.45156123e+01
 6.30795432e+01
 2.15133150e+02
 1.00132339e+02
 8.25536171e+01
 9.50672744e+01
 3.31041404e+01
 1.09215150e+02
 6.04113637e+01
 2.10489296e+01
 7.96707822e+01
 1.09980913e+02
 1.30919185e+02
 1.27356824e+02
 1.06980890e+02
 2.60983216e+01
 7.82398528e+01
 9.54772375e+01
 6.12121128e+01
 9.77429445e+01
 9.61489976e+01
 9.29504542e+01
 4.63091898e+01
 1.23531159e+02
 9.07579756e+01
 1.65873494e+01
 3.74596028e+01
 6.92816874e+01
 2.31971128e+01
 3.02915291e+01
 1.50213617e+02
 7.60212759e+01
 1.03483439e+01
 3.99811173e+01
 1.04031563e+01
 6.95249746e+01
 9.08206356e+01
 1.11137139e+01
 1.88068262e+01
 3.38798427e+01
 9.65014659e+01
 2.45428922e+01
 7.50169642e+01
 1.91310526e+01
 7.41158718e+01
 8.31941754e+01
 6.46227824e+00
 4.80302027e+01
 9.47629045e+01
 7.73968637e+01
 1.31993890e+02
 7.28437634e+01
 4.61295838e+00
 7.32451425e+01
 1.04470751e+02
 5.47099995e+01
 1.46281801e+02
 4.51530494e+01
 3.92808534e+01
 2.81108469e+01
 3.34205975e+01
 2.42733115e+02
 9.40933245e+01
 6.01012134e+01
 1.28741051e+02
 1.29082934e+01
 5.03487153e+01
 6.49275720e+01
 5.91607651e+01
 3.46871397e+01
 2.30916722e+01
 1.03544607e+02
 5.64157414e+01
 8.28758889e+01
 5.23014476e+01
 5.22943507e+01
 8.58484113e+01
 6.94435072e+01
 6.43694977e+01
 7.11985850e+01
 7.16093690e+01
 5.40179212e+01
 5.40782898e+00
 3.19236301e+01
 4.39719580e+01
 9.08428254e+01
 5.07313605e+01
 2.04953361e+01
 4.14181057e+01
 1.63968238e+02
 4.01361243e+01
 1.16614568e+01
 8.37528845e+01
 6.31545717e+01
 4.46947435e+01
 5.17800546e+01
 5.76914304e+01
 2.55547035e+01
 8.32799590e+01
 2.71722231e+01
 4.92049592e+01
 1.40267721e+02
 1.13851117e+02
 5.98813844e+01
 3.87318293e+01
 2.59577893e+01
 1.11807641e+01
 8.20535666e+01
 8.35838292e+01
 8.32573065e+01
 2.70315513e+01
 3.97291896e+01
 2.65456644e+01
 3.56953098e+01
 3.41344061e+01
 4.16150098e+01
 6.06494769e+01
 1.40827989e+02
 7.88377765e+01
 3.95008447e+01
 6.91770444e+01
 1.01222425e+02
 5.84173431e+01
 2.78854666e+01
 6.11118231e+01
 9.30088781e+01
 7.24359396e+01
 9.91975373e+00
 4.58331487e+01
 4.39883145e+01
 1.99651791e+01
 6.96722303e+00
 6.29136664e-01
 7.46524766e+01
 4.34583821e+01
 8.07215718e+01
 1.96536093e+02
 1.30359724e+02
 1.33431727e+01
 7.22475194e+01
 8.65957829e+01
 1.29196806e+01
 4.37700710e+01
 1.41743385e+02
 4.80191836e+01
 1.71467601e+01
 9.13385492e+01
 8.56409623e+01
 6.79420387e+01
 8.15552588e+01
 5.67909555e+00
 4.07284680e+01
 5.29588646e+01
 5.75314333e+01
 4.04713331e+00
 4.23267741e+01
 1.12046937e+02
 2.01476411e+01
 3.32206679e+01
 5.73036926e+01
 6.45679335e+01
 3.57965913e+00
 5.78242735e+01
 1.79880116e+02
 2.68171385e+01
 9.55573344e+01
 5.99164749e+01
 1.01172848e+02
 1.53250253e+02
 1.58013259e+02
 1.05505390e+01
 4.09553260e+01
 5.04720397e+01
 6.20678542e+01
 9.24730390e+01
 1.33488818e+02
 8.98762243e+01
 1.28773733e+02
 2.87438515e+01
 3.96998676e+01
 1.09703558e+02
 5.75842943e+01
 1.48652634e+02
 6.86523297e+01
 1.26537130e+01
 2.76805110e+01
 9.10264016e+01
 5.36984961e+01
 1.56547183e+02
 5.55830355e+01
 3.75635058e+01
 5.85749581e+01
 8.14740696e+01
 2.82503439e+01
 4.35029843e+01
 1.72232867e+01
 1.80218458e+01
 1.08824762e+02
 6.94142053e+01
 1.11351284e+02
 1.82294933e+01
 6.35668047e+01
 6.47016085e+01
 7.80883440e+01
 1.97447042e+01
 7.80172228e+01
 6.24615087e+01
 4.00973165e+01
 1.32104804e+02
 5.39628183e+01
 1.45279498e+02
 6.02476270e+01
 5.55055661e+01
 5.71941180e+00
 1.95224933e+01
 2.00119625e+01
 1.32196326e+02
 5.77910515e+01
 1.83954628e+01
 2.47620711e+01
 7.60002274e+01
 1.04147755e+02
 1.71234413e+02
 4.23222565e+01
 3.58546491e+01
 8.41571907e+01
 1.50727471e+01
 1.37171304e+02
 1.47409100e+02
 9.34976069e+01
 5.10912192e+01
 3.00770299e+01
 1.56944649e+02
 6.98522115e+01
 4.85175860e+01
 2.34711664e+01
 5.86540157e+01
 3.07884658e+01
 3.55646956e+01
 8.71432864e+01
 1.05375409e+02
 4.95866253e+01
 1.02077079e+01
 8.51375990e+01
 2.15917691e+02
 4.41757845e+01
 4.26155169e+01
 3.69006891e+01
 4.10352313e+01
 1.30596351e+02
 6.07665898e+01
 3.70152086e+01
 2.53556787e+02
 7.00691798e+01
 4.57712514e+01
 6.62102881e+01
 6.23484976e+01
 1.02766539e+02
 1.33437320e+02
 4.81314576e+01
 8.53778851e+01
 1.48649604e+01
 8.78176334e-02
 1.31214537e+01
 1.01912977e+02
 6.19010110e+01
 6.73130449e+01
 6.06140820e+01
 6.44934263e+01
 1.18233564e+02
 2.53554199e+01
 9.12416785e+00
 2.08108398e+00
 1.88360136e+01
 3.91676461e+01
 1.42454879e+01
 2.92097748e+01
 4.23156465e+01
 3.78268519e+01
 1.95135710e+01
 5.34075399e+01
 3.88631011e+01
 4.02748905e+01
 8.89667493e+01
 4.18732657e+01
 2.35341053e+01
 5.95861471e+01
 9.63261038e+01
 7.36052039e+01
 4.53197880e+01
 5.01211307e+01
 4.97749274e+01
 6.87907524e+01
 6.80959880e+01
 7.14508444e+01
 1.85506087e+01
 1.98015830e+01
 3.76972933e+01
 3.48755335e+01
 1.44647027e+02
 5.35596588e+01
 1.86929588e+01
 8.76132752e+01
 3.78681780e+01
 1.71557891e+01
 6.02648785e+01
 3.98583556e+01
 7.15272740e+01
 6.46954917e+01
 1.57072821e+01
 3.37791161e+01
 3.51531764e+01
 2.38089155e+00
 2.12272368e+01
 7.96003339e+01
 7.64582278e+01
 4.31224319e+01
 3.63053039e+01
 1.02214224e+02
 6.35203018e+01
 2.27800517e+01
 1.06896247e+02
 1.08676206e+02
 6.81322311e+01
 3.22708013e+01
 1.08886471e+02
 9.76241310e+01
 3.15913927e+01
 1.20389993e+01
 6.75517138e+01
 3.66452839e+01
 5.10594177e+01
 2.98245857e+01
 1.55631920e+01
 5.56920090e+01
 2.50110172e+01
 1.70646163e+01
 6.99765488e+01
 1.70930644e+01
 1.16769587e+01
 3.22799084e+01
 1.29668654e+02
 3.66458339e+00
 6.82097990e+01
 5.75351604e+01
 1.89731952e+01
 3.64072356e+00
 4.16276594e+01
 5.43727956e+01
 1.18906402e+02
 9.44759699e+01
 7.60653707e+01
 7.97631606e+01
 5.90924299e+01
 1.76925462e+01
 6.48748461e+01
 1.46223579e+00
 5.20997492e+00
 1.76162818e+01
 7.77963466e+01
 3.81428769e+01
 6.18110109e+01
 7.51985963e+01
 3.36507767e+01
 5.92601341e+01
 1.06583808e+02
 1.10188503e+01
 2.23711899e+00
 8.15142627e+01
 5.41642025e+01
 4.85029443e+01
 1.35740861e+02
 3.91966299e+01
 1.82113216e+02
 9.67314175e+01
 5.26808547e+00
 2.45946723e+01
 6.53402131e+01
 2.74589733e+01
 8.38985435e+01
 9.69849589e+00
 4.08139752e+01
 7.91089440e+01
 7.45519640e+00
 6.11275775e+01
 7.68096048e+01
 4.43674089e+01
 1.36829958e+01
 3.02788809e+01
 4.02039489e+01
 5.48634633e+01
 4.35418061e+01
 6.31303239e+01
 6.82711897e+01
 6.37762056e+01
 8.75510128e+01
 1.27752136e+02
 1.14065465e+02
 1.70793195e+01
 9.93275853e+01
 1.24627764e+01
 6.44811256e+01
 8.28349447e+01
 9.05495617e+01
 6.09817558e+01
 4.66787298e+01
 7.80869721e+01
 5.34078761e+01
 6.54234485e+01
 1.16124959e+02
 7.89472653e+01
 5.82713509e+01
 1.14301123e+02
 1.08512000e+02
 4.89125904e+00
 7.18615642e+01
 4.17348819e+01
 8.71712711e+01
 8.21077522e+01
 6.80473466e+01
 2.64652471e+01
 1.07329417e+01
 5.27099915e+01
 6.45471642e+01
 1.33387362e+02
 4.79285995e+00
 7.25244099e+01
 1.00895757e+01
 4.09536841e+01
 5.79799089e+01
 4.39092940e+01
 4.76511870e+01
 9.44037200e+01
 4.72662176e+01
 7.93185515e+00
 7.74776752e+01
 5.01498507e+01
 4.23063251e+01
 1.07534603e+02
 5.46796172e+01
 1.34785967e+01
 6.10918772e+01
 2.26178330e+01
 1.00097095e+02
 8.37132793e+01
 6.10587770e+01
 9.51423815e+01
 4.22679157e+01
 1.06914215e+01
 1.51816938e+02
 3.43857760e+01
 8.87952335e+01
 5.95615051e+01
 1.16713072e+01
 4.47686807e+01
 2.79508632e+01
 5.84350991e+01
 1.22802311e+02
 3.87052654e+01
 1.27054121e+01
 5.44715709e+01
 4.48478491e+01
 6.44863083e+01
 5.28414454e+01
 7.51376724e+01
 3.04889145e+01
 1.16103584e+01
 6.57465242e+01
 9.70537980e+01
 4.48522094e+01
 3.65124566e+01
 6.15100929e+01
 2.10959047e+02
 7.73420528e+01
 1.00533742e+02
 3.42243896e+01
 7.22614252e+01
 9.73723813e+01
 1.96093504e+01
 1.74467499e+01
 5.34183839e+01
 7.91104077e+01
 7.08445350e+01
 6.62705033e+00
 7.04270902e+01
 3.92181059e+01
 5.59062281e+01
 4.66058265e+01
 1.22614272e+01
 6.37821170e+01
 1.17390550e+02
 2.13049083e+01
 4.37750483e+01
 4.81025517e+01
 4.18216463e+01
 3.34713538e+01
 4.76468509e+01
 9.34049513e+01
 6.47244459e+01
 1.12865703e+02
 4.06941659e+01
 6.31072015e+01
 5.07710628e+01
 4.54223579e+01
 5.34622364e+01
 8.42904491e+01
 1.16528930e+02
 1.02945998e+01
 1.06558239e+02
 6.64302089e+01
 9.11234320e+01
 6.68427509e+01
 1.33526272e+02
 1.94486835e+01
 6.90671490e+00
 3.66596100e+01
 9.19296745e+01
 8.96256388e+01
 9.25569154e+01
 6.71342057e+01
 1.23047111e+01
 3.88607343e+01
 7.56929613e+01
 6.33899276e+01
 1.25873647e+02
 8.99034100e+01
 2.40202413e+01
 7.14245747e+01
 9.09416084e+01
 7.29913503e+01
 1.42918412e+02
 2.90972511e+02
 6.44991167e+01
 2.45995648e+02
 5.36763856e+01
 7.99522293e+00
 1.08789830e+02
 7.61441263e+01
 7.33817780e+01
 1.62371819e+01
 8.53712837e+01
 7.59403069e+01
 3.86538833e+01
 2.93275803e+01
 3.63523317e+01
 1.50488896e+02
 8.95490610e+01
 2.99084641e+01
 7.10482726e+01
 2.93283184e+01
 1.07900688e+02
 9.14403836e+01
 9.75957667e+01
 2.89826782e+01
 3.71647402e+01
 6.87389681e+01
 8.46268887e+01
 1.52895793e+02
 1.68250675e+02
 8.44781647e+01
 3.66978648e+01
 8.74624304e+01
 7.64864665e+01
 4.51327965e+01
 5.15574112e+01
 5.87584954e+01
 9.25165848e+01
 1.12744934e+02
 1.11088421e+02
 9.19612544e+01
 1.45252712e+01
 4.74682851e+01
 2.11330151e+01
 6.48388936e+01
 2.68187321e+01
 4.06654821e+01
 1.09691818e+02
 1.25423982e+02
 1.06783773e+02
 1.74064099e+01
 9.10005217e+00
 1.14912840e+02
 6.65599307e+01
 2.17489178e+01
 6.92927955e+01
 1.11358719e+02
 6.09343115e+00
 5.57377842e+01
 3.51669906e+01
 9.89630344e+01
 2.85468003e+01
 6.99859956e+01
 7.50725340e+01
 1.72711458e+02
 1.27474707e+02
 1.58667007e+01
 4.69612365e+01
 4.44080747e+01
 7.63631734e+01
 4.00264340e+01
 1.23102125e+02
 1.82160016e+01
 3.22856271e+01
 7.43056257e+01
 9.01671108e+01
 6.35331921e+01
 1.45099108e+02
 1.74259559e+02
 9.90339607e+01
 2.51142617e+01
 6.29222579e+01
 4.48565357e+01
 8.80047750e+01
 8.61242044e+01
 2.04971566e+01
 4.87312321e+01
 6.71908474e+01
 4.21291610e+01
 6.78702549e+01
 2.74187258e+02
 1.66308294e+01
 1.23496929e+02
 3.32875473e+01
 4.79230874e+01
 1.09229247e+02
 6.08940894e+01
 7.49282014e+01
 1.10392420e+02
 2.38816198e+02
 1.57537675e+02
 9.62541836e+01
 8.72035478e+01
 8.85362736e+01
 9.47823971e+01
 2.75019911e+01
 4.24610118e+01
 7.89092933e+00
 1.27619587e+01
 5.91608420e+01
 1.44578381e+01
 8.15083006e+00
 1.01979753e+01
 1.81132408e+02
 7.93499581e+01
 5.57243765e+01
 1.54262253e+02
 1.40645113e+01
 7.86171780e+01
 6.26540525e+01
 3.49515665e+01
 3.59394385e+01
 7.50570216e+01
 1.93976276e+01
 1.13545502e+01
 8.52294358e+01
 7.08522437e+01
 2.90790508e+01
 1.09646627e+02
 3.41189138e+01
 1.07331335e+02
 8.80719046e+01
 5.73749599e+01
 1.07375662e+02
 4.95455350e+01
 1.04945467e+02
 7.89383920e+01
 5.59925450e+01
 1.00926844e+02
 6.22336796e+01
 6.69923239e+01
 7.25963329e+01
 7.41561825e+01
 5.22655478e+00
 7.32881660e+01
 2.33571573e+01
 3.60246374e+01
 7.01051107e+01
 9.65936693e+01
 6.95032992e+01
 2.32633583e+01
 6.28810928e+01
 3.88958567e+01
 5.76584732e+01
 4.32242612e+01
 1.81867017e+02
 9.73891019e+01
 6.03207633e+01
 4.34776091e+01
 1.09472356e+02
 1.79879185e+01
 1.07927373e+02
 1.03150212e+02
 4.74416236e+01
 1.95339420e+01
 3.37592962e+01
 7.94464964e+01
 2.99931917e+01
 7.99113127e+01
 1.02732300e+02
 7.18213342e+01
 2.31159066e+01
 8.20468732e+01
 1.27013583e+02
 1.15749580e+02
 1.13750754e+02
 2.56841106e+01
 7.67710556e+01
 2.69867152e+01
 8.32387704e+01
 1.93235033e+02
 4.87159869e+01
 6.45701064e+01
 1.12209250e+02
 2.41076200e+01
 1.46088218e+02
 2.75771032e+01
 8.82941946e+01
 9.57092331e+01
 6.85330924e+01
 7.19145888e+01
 3.72161294e+01
 1.02713184e+02
 4.40555848e+01
 1.53046822e+01
 2.19927688e+01
 3.56722084e+00
 1.38501218e+02
 5.26786380e+01
 2.60660952e+00
 3.30237235e+01
 5.14616639e+01
 7.15204797e+01
 4.80127903e+01
 7.85300573e+01
 3.21657952e+01
 5.90460251e+01
 5.38082896e+01
 1.55948818e+00
 4.16280589e+01
 4.44119687e+01
 1.75788342e+01
 5.39758517e+01
 8.73402185e+01
 1.63511017e+02
 2.31448937e+01
 8.26536193e+01
 2.11616469e+01
 1.31087853e+01
 3.26480255e+01
 5.83782761e+01
 3.30718806e+01
 6.01680738e+01
 5.16629419e+01
 8.35454160e+01
 1.37663434e+01
 1.35606355e+02
 3.34900586e+01
 3.35167193e+01
 2.89434817e+01
 4.59200600e+01
 6.45501654e+01
 5.95328885e+01
 5.02870652e+01
 7.05005983e+01
 6.95320585e+01
 6.54423177e+01
 5.40889291e+01
 3.41102240e+01
 7.54722634e+01
 5.82617774e+01
 6.44495646e+01
 5.15382679e+01
 8.72771198e+01
 2.02776435e+02
 1.30669966e+02
 1.29730927e+02
 1.83171476e+01
