 -2.42093506e+00
 -5.97803345e+00
 -4.19284668e+00
 5.05095825e+00
 8.25286255e+00
 1.18534790e+01
 1.28651367e+01
 1.45536743e+01
 1.14509216e+01
 8.15471802e+00
 6.89177856e+00
 1.96706543e+00
 -6.58056641e-01
 -6.68201294e+00
 -4.65393677e+00
 3.54491577e+00
 8.16863403e+00
 1.23959290e+01
 1.53871094e+01
 1.42446533e+01
 1.08255249e+01
 9.25542603e+00
 1.11849365e+00
 -1.67703857e+00
 -5.64862671e+00
 -3.79709473e+00
 -2.22150269e+00
 3.52633057e+00
 1.02990967e+01
 1.31009155e+01
 1.88447205e+01
 1.43236633e+01
 1.02987915e+01
 7.49840698e+00
 4.10958252e+00
 -9.63195801e-02
 -3.87833252e+00
 -4.96857300e+00
 9.79089355e-01
 3.27855835e+00
 8.89421997e+00
 1.26887756e+01
 1.65645996e+01
 1.45691772e+01
 9.50478516e+00
 3.45128784e+00
 5.30334473e-02
 -8.99969482e-01
 -2.01367798e+00
 4.52050781e-01
 -7.89892578e-01
 5.54058228e+00
 9.61849365e+00
 1.22809387e+01
 1.48104187e+01
 1.43771912e+01
 8.34938965e+00
 3.00393066e+00
 4.02254639e+00
 -8.89501953e-01
 -3.67575684e+00
 -1.71631470e+00
 -3.22912598e-01
 5.35723267e+00
 9.41314087e+00
 1.27015015e+01
 1.36588379e+01
 1.30696350e+01
 1.09457336e+01
 8.73232422e+00
 -5.67022705e-01
 -1.38010254e+00
 -4.50302734e+00
 -4.19440308e+00
 -1.94101562e+00
 1.93154297e+00
 7.63762817e+00
 1.13271423e+01
 1.37158142e+01
 1.33294617e+01
 8.49190674e+00
 4.95717773e+00
 2.54262695e+00
 1.47139893e+00
 -8.12134399e+00
 -7.47568359e+00
 -1.59070435e+00
 1.41216431e+00
 8.32055054e+00
 1.27694031e+01
 1.51467224e+01
 1.39474731e+01
 1.23315674e+01
 4.28090820e+00
 2.08385620e+00
 4.14880371e-01
 3.85736084e-01
 -2.07611694e+00
 -4.56091309e-01
 -1.16608276e+00
 7.58236084e+00
 1.40953308e+01
 1.85351807e+01
 1.55263306e+01
 1.21497131e+01
 6.49685059e+00
 -7.40270996e-01
 -1.62122192e+00
 -2.00321045e+00
 -1.30100098e+00
 1.89244995e+00
 1.97542725e+00
 8.53463135e+00
 1.30117432e+01
 1.61122375e+01
 1.51190735e+01
 9.01479492e+00
 2.14815674e+00
 1.73204956e+00
 -3.09342041e+00
 -5.29859009e+00
 -2.09949341e+00
 3.87109375e-01
 5.90664063e+00
 1.09077698e+01
 1.18566528e+01
 1.54517761e+01
 1.41709229e+01
 9.19204102e+00
 8.09337769e+00
 3.15621338e+00
 9.36395264e-01
 -1.21378174e+00
 -4.92319336e+00
 -1.13867798e+00
 7.31493530e+00
 8.39571533e+00
 1.06976257e+01
 1.50841003e+01
 1.23980347e+01
 9.00771484e+00
 8.68840942e+00
 8.33612061e-01
 -6.10434570e+00
 -6.83325195e-01
 -2.11926880e+00
 -1.82309570e+00
 3.29891357e+00
 8.59124146e+00
 1.17614685e+01
 1.36204163e+01
 1.54661804e+01
 1.04111877e+01
 8.13707886e+00
 7.01745605e-01
 -9.28228760e-01
 -2.66992798e+00
 -2.44403687e+00
 -4.35223999e+00
 6.01165161e+00
 1.20270935e+01
 1.15060364e+01
 1.59280029e+01
 1.62193542e+01
 1.13023926e+01
 7.64571533e+00
 3.43801270e+00
 3.70019531e-01
 7.03942871e-01
 -6.10205078e-01
 -8.48211670e-01
 5.44262085e+00
 6.60851440e+00
 1.36791626e+01
 1.86332031e+01
 1.40051514e+01
 9.49379883e+00
 9.13305054e+00
 6.18896484e-03
 1.55266724e+00
 -2.28409424e+00
 -5.81467285e+00
 -1.27384033e+00
 4.57262573e+00
 8.99700317e+00
 1.17904602e+01
 1.39671570e+01
 1.51521851e+01
 1.05112549e+01
 5.84124146e+00
 -1.55136719e+00
 -1.45429077e+00
 -4.73895874e+00
 -4.74643555e+00
 -2.45096436e+00
 5.06392822e+00
 1.03898254e+01
 1.31744629e+01
 1.56740662e+01
 1.54866882e+01
 1.14773804e+01
 4.87148438e+00
 2.10683594e+00
 5.25964355e-01
 -1.07672729e+00
 1.02108154e+00
 3.25036621e-01
 5.89397583e+00
 9.40014038e+00
 1.35551086e+01
 1.50832764e+01
 1.25417725e+01
 9.97548828e+00
 7.13793335e+00
 -1.48425903e+00
 -2.67920532e+00
 -5.13275757e+00
 -3.46967163e+00
 2.88778076e+00
 4.72820435e+00
 7.63555298e+00
 1.42178589e+01
 1.69176880e+01
 1.60231873e+01
 1.08718201e+01
 5.96239624e+00
 5.16564331e+00
 9.44512939e-01
 -7.21716309e-01
 -5.77506104e+00
 -2.64401855e+00
 4.87346802e+00
 1.27271667e+01
 1.29839722e+01
 1.49322144e+01
 1.30463196e+01
 1.30254456e+01
 9.66774902e+00
 3.87865601e+00
 3.74337158e+00
 -1.35242310e+00
 -4.55878296e+00
 -3.44946899e+00
 5.74566040e+00
 9.61141357e+00
 1.42048584e+01
 1.62888428e+01
 1.77921692e+01
 1.16047607e+01
 8.17083130e+00
 -1.06756592e-01
 4.15966187e+00
 5.05364990e-01
 9.82110596e-01
 -3.80628052e+00
 5.08794556e+00
 7.31228027e+00
 1.01253601e+01
 1.43059631e+01
 1.43364197e+01
 8.99202881e+00
 7.23946533e+00
 -3.72299805e+00
 -1.86066284e+00
 -4.90087891e-01
 -2.58762207e+00
 -3.88800659e+00
 6.76772461e+00
 8.29235229e+00
 1.18752380e+01
 1.48933044e+01
 1.37602478e+01
 9.34685669e+00
 9.02001343e+00
 1.88598022e+00
 -1.57282104e+00
 1.72634277e+00
 1.31551514e+00
 7.58752441e-01
 4.86547241e+00
 9.64190063e+00
 1.02336975e+01
 1.48929077e+01
 1.31231934e+01
 8.43773804e+00
 6.63039551e+00
 -9.92620850e-01
 -4.91339111e-01
 3.26183472e+00
 2.45235596e+00
 1.26220093e+00
 8.67116699e+00
 8.33190308e+00
 1.31412903e+01
 1.41654602e+01
 1.43328186e+01
 1.15017639e+01
 7.69960938e+00
 4.42797241e+00
 1.82213745e+00
 -7.63006592e-01
 -1.85846558e+00
 -3.19885864e+00
 6.33074341e+00
 8.02211914e+00
 1.42410828e+01
 1.75921875e+01
 1.78745056e+01
 1.22860352e+01
 8.06920776e+00
 1.25682983e+00
 7.21856689e-01
 -1.94492187e+00
 -3.11145630e+00
 2.27999268e+00
 4.04180298e+00
 9.50881348e+00
 1.35281921e+01
 1.77846008e+01
 1.45114685e+01
 1.06350037e+01
 5.51354370e+00
 4.02663574e+00
 2.15172729e+00
 -5.31854858e+00
 -6.09714355e+00
 -2.38690796e+00
 7.63628540e+00
 9.99660645e+00
 1.35017334e+01
 1.57860046e+01
 1.51403137e+01
 1.08852478e+01
 9.19606934e+00
 6.35231934e+00
 1.56389771e+00
 3.30672607e+00
 -3.98612061e+00
 -6.56744385e-01
 4.79852295e-01
 1.00095154e+01
 1.21919189e+01
 1.55992065e+01
 1.78826538e+01
 1.24297729e+01
 3.72130737e+00
 1.77437744e+00
 -2.56510010e+00
 -8.61273193e-01
 -1.64890137e+00
 -4.15136719e-01
 1.20717773e+00
 9.92968140e+00
 1.24501282e+01
 1.58590637e+01
 1.70895630e+01
 1.25337463e+01
 6.35384521e+00
 3.22017822e+00
 7.17401123e-01
 2.90460205e-01
 -6.08099365e-01
 2.30767212e+00
 5.57711182e+00
 1.05076843e+01
 1.16500183e+01
 1.30420776e+01
 1.44173828e+01
 8.49126587e+00
 7.84307251e+00
 2.57277832e+00
 -1.79941406e+00
 -1.57720947e-01
 -2.36383667e+00
 1.59487305e+00
 4.62737427e+00
 1.08113037e+01
 1.35171143e+01
 1.45813843e+01
 1.29639832e+01
 9.33498535e+00
 7.43120728e+00
 6.38696289e-01
 2.76940918e-01
 9.82293701e-01
 -6.66784668e-01
 2.80523071e+00
 5.35469971e+00
 8.95656738e+00
 1.43520142e+01
 1.54005981e+01
 1.57301575e+01
 1.18261047e+01
 7.76046143e+00
 6.46978149e+00
 2.82045898e+00
 -3.12261963e-01
 4.07983398e-01
 -1.71066895e+00
 4.71285400e+00
 1.15817810e+01
 1.21440979e+01
 1.63279968e+01
 1.45975586e+01
 1.12672974e+01
 3.21157227e+00
 7.28112793e-01
 -1.55136719e+00
 1.95620117e+00
 -1.12204590e+00
 3.01207886e+00
 4.49526367e+00
 8.72298584e+00
 1.35474487e+01
 1.72523438e+01
 1.83568970e+01
 1.05487610e+01
 6.52236328e+00
 4.35915527e+00
 1.88051758e+00
 -2.84332886e+00
 -2.49246826e+00
 -3.12536621e-01
 3.43911133e+00
 9.47469482e+00
 1.22028748e+01
 1.83390137e+01
 1.67925049e+01
 1.02892395e+01
 9.51098022e+00
 4.40133057e+00
 1.89453125e-02
 -8.44274902e-01
 -2.87084961e-01
 -1.44138184e+00
 4.44954834e+00
 7.50856934e+00
 1.11138245e+01
 1.41519409e+01
 1.51060730e+01
 9.30379639e+00
 9.14269409e+00
 1.61391602e+00
 -3.78653564e+00
 -3.99222412e+00
 -5.58746948e+00
 -5.40393677e+00
 5.73348389e+00
 1.01240479e+01
 1.36484009e+01
 1.40974365e+01
 1.53177734e+01
 9.10762939e+00
 7.15224609e+00
 1.85189209e+00
 -2.43042603e+00
 -3.92248535e-01
 -4.40811768e+00
 2.26265869e+00
 5.50914917e+00
 8.17455444e+00
 1.21872803e+01
 1.51835876e+01
 1.35348755e+01
 1.17012878e+01
 7.75777588e+00
 8.66601563e-01
 -4.22857666e-01
 -4.09485474e+00
 -4.55240479e+00
 -2.17548218e+00
 5.64174805e+00
 9.08275757e+00
 1.21246582e+01
 1.63421265e+01
 1.25299622e+01
 1.20161072e+01
 8.20882568e+00
 2.57900391e+00
 -2.87503662e+00
 -4.87778320e+00
 -3.33389893e+00
 -6.93698730e+00
 7.41113281e-01
 7.28994141e+00
 1.30463501e+01
 1.62179199e+01
 1.48676086e+01
 1.06504761e+01
 8.18038330e+00
 3.20290527e+00
 2.17070923e+00
 1.96047363e+00
 -6.04223633e-01
 -1.35367432e+00
 -5.55151367e-01
 1.04776550e+01
 1.22121521e+01
 1.79199158e+01
 1.71314331e+01
 1.26855408e+01
 8.10726318e+00
 3.56792603e+00
 -2.46347656e+00
 2.22918091e+00
 -2.25745239e+00
 -2.44190063e+00
 5.47130737e+00
 9.10405884e+00
 1.31617676e+01
 1.67226501e+01
 1.39210449e+01
 1.25173279e+01
 1.53933105e+00
 6.88533936e+00
 3.86571655e+00
 -4.65979004e-01
 -1.93747559e+00
 1.19317017e+00
 6.38253174e+00
 1.01490723e+01
 1.24621826e+01
 1.50779053e+01
 1.68155762e+01
 1.11209961e+01
 6.30431519e+00
 5.20580444e+00
 -2.89121094e+00
 -3.57305908e-01
 1.10759888e+00
 -4.40744629e+00
 2.16896973e+00
 8.21557007e+00
 1.10214783e+01
 1.67282043e+01
 1.60805603e+01
 9.50560913e+00
 9.34542236e+00
 4.19518433e+00
 -3.48685303e+00
 3.90191650e-01
 8.20336914e-01
 6.69100342e+00
 6.99523315e+00
 1.02235352e+01
 1.25571228e+01
 1.76627441e+01
 1.57756592e+01
 1.31430298e+01
 8.87362061e+00
 2.23952637e+00
 3.60223389e-01
 -1.48596191e-01
 -6.40885010e+00
 -2.51489868e+00
 5.96721802e+00
 7.88219604e+00
 1.31571289e+01
 1.52755371e+01
 1.42964722e+01
 1.17028442e+01
 6.37694702e+00
 1.33071289e+00
 -1.28000488e+00
 -5.74912109e+00
 -3.90100708e+00
 -5.02042236e+00
 4.10909424e+00
 9.51302490e+00
 1.31380554e+01
 1.72277771e+01
 1.69059082e+01
 1.19527527e+01
 6.38488159e+00
 3.57048950e+00
 -2.66766968e+00
 -9.17154541e+00
 -5.44577637e+00
 -5.74829712e+00
 3.04421387e+00
 1.05448242e+01
 1.52778259e+01
 1.79796387e+01
 1.59981018e+01
 1.22426086e+01
 5.05748901e+00
 -6.26501465e-01
 3.10540771e-01
 1.82326660e+00
 -2.47275391e+00
 -1.66644897e+00
 3.71172485e+00
 8.62526855e+00
 1.28001343e+01
 1.56127563e+01
 1.48972412e+01
 1.25346924e+01
 7.61135254e+00
 3.80440674e+00
 -2.29681396e-01
 -3.10247803e-01
 -5.10996094e+00
 4.75542603e+00
 8.63713989e+00
 1.21562134e+01
 1.69121033e+01
 1.80010925e+01
 1.79850098e+01
 9.95485840e+00
 7.16472778e+00
 4.85952148e+00
 -1.37360229e+00
 -6.97271729e-01
 -1.09747925e+00
 -2.12476196e+00
 4.94722900e+00
 1.08163391e+01
 1.21413818e+01
 1.66818176e+01
 1.65638977e+01
 1.23453308e+01
 7.19646606e+00
 5.37764893e+00
 -2.61517944e+00
 -2.54266968e+00
 1.86483154e+00
 1.16198120e+00
 7.42455444e+00
 8.72063599e+00
 1.39311768e+01
 1.62884766e+01
 1.30354858e+01
 1.10827576e+01
 8.19777832e+00
 3.19307861e+00
 1.74493408e-01
 2.36116943e+00
 1.32827148e+00
 4.34563599e+00
 3.60973511e+00
 9.05031738e+00
 1.21246887e+01
 1.51036621e+01
 1.52423035e+01
 1.10841614e+01
 6.68544922e+00
 1.14812622e+00
 3.49782715e+00
 -3.89169922e+00
 -4.51376953e+00
 3.57904053e-01
 5.23928223e+00
 1.00689941e+01
 1.47723633e+01
 1.62912537e+01
 1.51319824e+01
 1.12918640e+01
 9.92009888e+00
 -5.96075439e-01
 1.72170410e+00
 5.29351807e-01
 2.29503784e+00
 -1.82449951e+00
 4.15126953e+00
 1.01510254e+01
 1.64496094e+01
 1.69518677e+01
 1.72413269e+01
 1.14204041e+01
 8.92238770e+00
 1.79570923e+00
 2.01864014e+00
 -6.65747070e-01
 8.84759521e-01
 3.31710205e+00
 4.53099976e+00
 1.10756775e+01
 1.29358459e+01
 1.64193054e+01
 1.53250061e+01
 1.15324341e+01
 4.37828979e+00
 3.50832520e+00
 3.43282471e+00
 -1.61258545e+00
 -1.85849609e+00
 1.64953003e+00
 7.34645996e+00
 1.22475220e+01
 1.11540161e+01
 1.64841858e+01
 1.44908691e+01
 1.09338318e+01
 6.14034424e+00
 -8.36798096e-01
 2.25325928e+00
 -4.48999634e+00
 -1.50089111e+00
 -2.83902588e+00
 4.79241333e+00
 8.59926758e+00
 1.34309937e+01
 1.61377808e+01
 1.56811462e+01
 1.10243469e+01
 8.33516846e+00
 2.55364380e+00
 -1.09894409e+00
 -8.46838379e-01
 2.49770508e+00
 3.78444824e+00
 5.91448364e+00
 1.04384705e+01
 1.31865479e+01
 1.62765747e+01
 1.44035278e+01
 9.68596802e+00
 5.91344604e+00
 4.10158691e+00
 7.81610107e-01
 -6.94330444e+00
 -1.97611084e+00
 -2.51666870e+00
 5.90847168e+00
 9.26732788e+00
 1.34613892e+01
 1.80245300e+01
 1.38271423e+01
 1.14689270e+01
 9.43081055e+00
 8.18627930e-01
 -7.70212402e+00
 -6.88580933e+00
 -1.44446411e+00
 -1.34015503e+00
 7.85247192e+00
 8.56749878e+00
 1.52475830e+01
 2.04814087e+01
 1.70620361e+01
 1.29451233e+01
 8.07393799e+00
 5.56197510e+00
 -4.27911987e+00
 2.72607422e-01
 5.87457275e-01
 4.04577026e+00
 1.06061340e+01
 8.54354248e+00
 1.43504883e+01
 1.51226135e+01
 1.43828979e+01
 1.25779968e+01
 8.55822144e+00
 6.36162720e+00
 1.53331909e+00
 -2.09805908e+00
 3.89367676e-01
 -1.97937622e+00
 5.42498169e+00
 7.77141724e+00
 1.53876892e+01
 1.90290466e+01
 1.82828003e+01
 1.13797546e+01
 5.19619141e+00
 4.75634155e+00
 2.42946777e+00
 -3.02628174e+00
 3.88726807e-01
 2.29985962e+00
 8.14116821e+00
 9.48891602e+00
 1.58606812e+01
 1.94737183e+01
 1.47438293e+01
 1.23663269e+01
 7.06377563e+00
 2.00258789e+00
 -1.59396973e+00
 -1.50217285e+00
 -5.71604004e+00
 -4.26703491e+00
 3.50231323e+00
 9.78338013e+00
 1.21343628e+01
 1.70696960e+01
 1.54278503e+01
 1.19760681e+01
 5.34984741e+00
 7.74438477e-01
 -3.17389526e+00
 -5.04514160e+00
 -2.27514648e-01
 -4.14765015e+00
 4.21929321e+00
 9.15496216e+00
 1.42388550e+01
 1.77647644e+01
 1.44005066e+01
 1.00526367e+01
 4.91100464e+00
 2.04055176e+00
 -2.96134033e+00
 -1.98447266e+00
 -2.46314087e+00
 1.17446289e+00
 5.52425537e+00
 1.17377258e+01
 1.30419556e+01
 1.56621338e+01
 1.64957214e+01
 1.30890442e+01
 6.58590088e+00
 5.71212158e+00
 1.32836304e+00
 -6.27569580e-01
 3.49822388e+00
 3.19979248e+00
 6.54879150e+00
 1.10052124e+01
 1.35219360e+01
 1.67567688e+01
 1.55889526e+01
 1.19049316e+01
 8.76281128e+00
 2.57082520e+00
 -5.44095459e+00
 4.40332031e-01
 -3.64331665e+00
 2.49523315e+00
 7.04851685e+00
 1.23749329e+01
 1.27690674e+01
 1.74369446e+01
 1.74434448e+01
 1.35547729e+01
 9.85369263e+00
 8.09804688e+00
 9.15460205e-01
 -1.09757080e+00
 -3.29992676e-01
 5.14296875e+00
 8.00402222e+00
 1.22247253e+01
 1.49327026e+01
 1.66581055e+01
 1.43122192e+01
 1.21060120e+01
 7.54760132e+00
 3.67812500e+00
 -2.39032593e+00
 -3.35455933e+00
 -9.85391846e+00
 -2.23084106e+00
 3.88479004e+00
 9.37691650e+00
 1.53315063e+01
 1.83215271e+01
 1.85981384e+01
 1.28496033e+01
 8.41307983e+00
 2.16195068e+00
 -1.46314087e+00
 -3.36020508e+00
 -5.16424561e-01
 7.07452393e-01
 5.57787476e+00
 9.96242676e+00
 1.35045715e+01
 1.72492615e+01
 1.58428284e+01
 1.31584412e+01
 7.11782227e+00
 5.29750977e+00
 -6.37335205e-01
 4.27898560e+00
 -1.86444702e+00
 -1.06613770e+00
 6.16024170e+00
 1.07727600e+01
 1.50996948e+01
 1.68555237e+01
 1.66323486e+01
 1.10377441e+01
 9.16573486e+00
 1.13149414e+00
 4.62661133e+00
 2.21184692e+00
 -3.59873047e+00
 8.09625244e-01
 4.33510742e+00
 9.55538330e+00
 1.46628052e+01
 1.88991638e+01
 1.52449585e+01
 1.10636230e+01
 7.88582764e+00
 7.62014160e+00
 1.09203491e+00
 8.36602783e-01
 -1.68188477e-01
 -2.85375977e-01
 9.96383057e+00
 1.28409973e+01
 1.46083618e+01
 1.61842590e+01
 1.49384705e+01
 1.14620605e+01
 9.43245850e+00
 3.00728760e+00
 3.21245728e+00
 -5.12945557e-01
 -2.05783691e+00
 -1.18799438e+00
 7.53469238e+00
 1.05489746e+01
 1.25570007e+01
 1.69764038e+01
 1.51648499e+01
 1.32614075e+01
 9.37548218e+00
 3.73592529e+00
 -1.80578613e-01
 -3.21658936e+00
 -3.05838623e+00
 8.72003174e-01
 9.14199219e+00
 1.00905090e+01
 1.45574280e+01
 1.74800049e+01
 1.44341064e+01
 1.05584961e+01
 6.41109619e+00
 5.34505615e+00
 2.73845825e+00
 3.48085938e+00
 -6.88608398e+00
 -3.58594360e+00
 6.49053345e+00
 1.10664307e+01
 1.34883667e+01
 1.33132874e+01
 1.32249695e+01
 9.64400635e+00
 1.06601196e+01
 4.73522339e+00
 4.13476563e-01
 -6.29315796e+00
 -6.66632690e+00
 -3.66614380e+00
 7.34468994e+00
 1.04208923e+01
 1.31448608e+01
 1.66864563e+01
 1.42525269e+01
 1.30891663e+01
 1.00455566e+01
 -1.76245117e-01
 -2.50696411e+00
 -4.05631104e+00
 4.12469482e-01
 1.45803223e+00
 6.74138794e+00
 9.14251099e+00
 1.34963318e+01
 1.64674011e+01
 1.66869141e+01
 1.17907959e+01
 7.61193237e+00
 2.56066284e+00
 -4.40222168e-01
 -3.49500122e+00
 -3.60056152e+00
 -1.77564087e+00
 3.93905029e+00
 9.42546997e+00
 1.30760742e+01
 1.73254639e+01
 1.52243896e+01
 1.14537292e+01
 9.46523438e+00
 4.52840576e+00
 2.40764771e+00
 4.70117188e-01
 -2.00653687e+00
 -3.43723145e+00
 2.44646606e+00
 1.04039856e+01
 1.24879700e+01
 1.35082642e+01
 1.53236938e+01
 1.27613770e+01
 6.64101563e+00
 -1.81632080e+00
 -2.31583252e+00
 -5.62665405e+00
 -4.18579712e+00
 -7.23953857e+00
 -2.42468872e+00
 1.14450012e+01
 1.76942078e+01
 1.99312683e+01
 1.79366089e+01
 1.03711182e+01
 7.12322388e+00
 3.51149902e+00
 2.10524902e+00
 1.71581421e+00
 -1.57202759e+00
 1.14620361e+00
 6.04653320e+00
 1.25940491e+01
 1.45265137e+01
 1.64253174e+01
 1.83970581e+01
 1.56389404e+01
 1.11205078e+01
 9.25164795e-01
 2.17275391e+00
 1.22186279e-01
 3.82555542e+00
 2.18636475e+00
 6.45015869e+00
 9.72622070e+00
 1.36307617e+01
 1.62329041e+01
 1.57906128e+01
 1.26531006e+01
 7.65862427e+00
 -2.05749512e-02
 -1.19589844e+00
 -8.11563721e+00
 -1.39664307e+00
 6.02050781e-02
 6.38323364e+00
 1.13827759e+01
 1.15645996e+01
 1.62544800e+01
 1.37600342e+01
 1.42102905e+01
 9.62841187e+00
 4.40261230e+00
 -1.20914307e+00
 -4.61707153e+00
 -2.06671143e-01
 -9.16326904e-01
 6.31456909e+00
 1.04231201e+01
 1.40671021e+01
 1.74314514e+01
 1.39516846e+01
 1.11931702e+01
 8.69210205e+00
 2.01641235e+00
 3.21466064e-01
 -5.31042480e-01
 -3.78272095e+00
 3.31665039e-02
 7.29192505e+00
 1.08320251e+01
 1.49875427e+01
 1.41994568e+01
 1.56973816e+01
 1.12447754e+01
 7.34826050e+00
 6.42174683e+00
 3.83846436e+00
 -4.28064575e+00
 -2.29004517e+00
 -5.74255371e-01
 7.42656860e+00
 1.31159302e+01
 1.35591064e+01
 1.50761963e+01
 1.57360779e+01
 1.21486755e+01
 9.23800049e+00
 3.12532959e+00
 -9.23162842e-01
 -4.84104004e+00
 -4.43604126e+00
 7.72760010e-01
 5.20232544e+00
 9.08690796e+00
 1.38710571e+01
 1.73811890e+01
 1.77858521e+01
 1.18555237e+01
 7.57503662e+00
 6.44048462e+00
 -2.39965820e-01
 -4.01083984e+00
 -1.15292969e+00
 7.44262695e-02
 7.27575073e+00
 1.03878113e+01
 1.35827881e+01
 1.89617249e+01
 1.65057922e+01
 1.33595215e+01
 9.83104858e+00
 4.28951416e+00
 -2.56192627e+00
 -5.35751953e+00
 -7.61725464e+00
 2.72640381e+00
 6.89425049e+00
 1.10774780e+01
 1.56121460e+01
 1.67285400e+01
 1.63825012e+01
 9.13869629e+00
 1.08073975e+01
 9.75762939e-01
 3.90166626e+00
 -1.25302734e+00
 2.57501221e-01
 -1.15888062e+00
 4.89266357e+00
 1.10757996e+01
 1.60220276e+01
 1.75490051e+01
 1.96187683e+01
 1.25508362e+01
 1.02260681e+01
 4.71343384e+00
 9.06854248e-01
 -1.44140625e-01
 5.32165527e-02
 2.28719482e+00
 3.62148438e+00
 9.31661377e+00
 1.38073975e+01
 1.79964539e+01
 1.38433777e+01
 1.25483032e+01
 9.16918335e+00
 -1.95373535e-02
 1.31921387e-01
 -9.72357178e-01
 9.44458008e-02
 2.17479858e+00
 6.31862793e+00
 1.33055969e+01
 1.72732178e+01
 1.73867126e+01
 1.77038818e+01
 1.41729675e+01
 1.10541016e+01
 5.41771851e+00
 -5.80472412e+00
 8.33795166e-01
 2.75264893e+00
 -2.74494019e+00
 3.15569458e+00
 7.78072510e+00
 1.30769897e+01
 1.56107117e+01
 1.51545654e+01
 1.19548584e+01
 1.05107971e+01
 4.36593018e+00
 1.54781494e+00
 1.51586304e+00
 4.19793701e-01
 4.40447388e+00
 8.02138672e+00
 8.97902832e+00
 1.30301147e+01
 1.66911255e+01
 1.69000488e+01
 1.33308960e+01
 9.06551514e+00
 3.19429932e+00
 1.75747070e+00
 1.10796509e+00
 -1.80905762e+00
 6.37246094e+00
 5.57012329e+00
 1.06191040e+01
 1.74422852e+01
 1.87042480e+01
 1.93738647e+01
 1.18704468e+01
 8.51360474e+00
 5.00939331e+00
 2.47008667e+00
 -2.41708984e+00
 1.67690430e+00
 -3.21813965e-01
 5.72747192e+00
 1.39607483e+01
 1.43971802e+01
 1.71740356e+01
 1.92340332e+01
 1.35891968e+01
 9.26244507e+00
 2.95183716e+00
 -8.02679443e-01
