 -3.74063110e+00
 -2.84039307e+00
 -1.69989014e+00
 7.36257935e+00
 1.26762085e+01
 2.02692261e+01
 1.82748108e+01
 1.88397217e+01
 1.21705627e+01
 7.68997192e+00
 5.07080078e+00
 3.70178223e+00
 1.21194458e+00
 3.34329224e+00
 2.85812378e+00
 9.16543579e+00
 1.26297913e+01
 2.03518066e+01
 2.24120483e+01
 1.73164062e+01
 1.48182068e+01
 8.44461060e+00
 2.09201050e+00
 2.59332275e+00
 -1.96179199e+00
 -2.53741455e+00
 2.21203613e+00
 5.27847290e+00
 1.29850769e+01
 1.52955627e+01
 1.74985962e+01
 2.00197144e+01
 1.49187927e+01
 9.92794800e+00
 3.82504272e+00
 -2.17529297e-01
 1.13919067e+00
 -1.10345459e+00
 3.79812622e+00
 6.61547852e+00
 1.43729858e+01
 2.11392212e+01
 1.99578247e+01
 1.91607971e+01
 1.43115234e+01
 5.15270996e+00
 5.47348022e+00
 3.42825317e+00
 -4.26354980e+00
 1.55029297e-01
 3.17199707e-01
 6.65011597e+00
 1.30879822e+01
 1.82593384e+01
 2.12269287e+01
 1.61256104e+01
 1.46352844e+01
 7.20370483e+00
 9.28710938e-01
 4.06707764e-01
 -4.66076660e+00
 -1.73937988e+00
 2.02429199e+00
 4.14117432e+00
 9.10107422e+00
 1.94925842e+01
 2.31246033e+01
 1.73854980e+01
 1.21603394e+01
 9.57922363e+00
 -2.79876709e-01
 3.73107910e-01
 -6.04125977e+00
 7.56622314e-01
 3.63391113e+00
 5.95977783e+00
 1.37141724e+01
 1.90291443e+01
 2.13958130e+01
 1.62887268e+01
 1.43254700e+01
 9.81298828e+00
 5.66101074e-01
 -1.58105469e+00
 -1.65335083e+00
 4.97497559e-01
 4.68585205e+00
 1.14403687e+01
 9.40527344e+00
 1.50646057e+01
 2.14776611e+01
 2.37540894e+01
 1.53621521e+01
 9.67144775e+00
 -5.84228516e-01
 -1.18917847e+00
 -4.44210815e+00
 -4.25640869e+00
 1.43325806e+00
 6.63208008e+00
 1.59059143e+01
 2.22431641e+01
 2.04073792e+01
 2.36558228e+01
 1.77948608e+01
 1.02570190e+01
 6.50765991e+00
 1.44171143e+00
 -2.64370728e+00
 7.86712646e-01
 1.90255737e+00
 5.86105347e+00
 1.14265442e+01
 1.98583374e+01
 2.22867737e+01
 2.22955933e+01
 1.30418701e+01
 9.94403076e+00
 1.52914429e+00
 -1.37216187e+00
 -4.17929077e+00
 -2.99575806e+00
 2.51391602e+00
 5.32312012e+00
 1.17329407e+01
 1.82570801e+01
 2.33355713e+01
 1.92665405e+01
 1.37576904e+01
 7.84655762e+00
 3.30895996e+00
 -6.95709229e-01
 -3.61856079e+00
 2.25561523e+00
 1.68231201e+00
 5.58895874e+00
 1.22899475e+01
 1.61307678e+01
 1.73400269e+01
 2.01041870e+01
 1.58562622e+01
 8.26559448e+00
 3.31277466e+00
 -3.04870605e+00
 -1.62835693e+00
 -4.34683228e+00
 2.18286133e+00
 6.29656982e+00
 1.38976135e+01
 1.88231201e+01
 2.25930176e+01
 1.72660217e+01
 1.39224243e+01
 7.47601318e+00
 2.83010864e+00
 -3.64605713e+00
 -8.69354248e-01
 6.54968262e-01
 2.25286865e+00
 7.00125122e+00
 1.55670471e+01
 1.87473450e+01
 2.45588379e+01
 1.94416504e+01
 1.23996887e+01
 9.62591553e+00
 9.73236084e-01
 -9.22149658e-01
 -3.73022461e+00
 -6.13708496e-01
 2.56198120e+00
 3.74795532e+00
 1.13980103e+01
 2.04247742e+01
 2.60278931e+01
 2.40321960e+01
 1.63877563e+01
 9.12722778e+00
 3.93777466e+00
 -2.77398682e+00
 -3.64916992e+00
 -3.15457153e+00
 1.22860718e+00
 5.67245483e+00
 1.22589417e+01
 1.74500122e+01
 1.76285095e+01
 2.03435974e+01
 1.32590332e+01
 1.10785522e+01
 4.29025269e+00
 -3.87878418e-02
 -3.70877075e+00
 -1.27554321e+00
 2.33145142e+00
 8.51327515e+00
 1.41012878e+01
 1.68589172e+01
 1.78215637e+01
 1.65897522e+01
 1.30797119e+01
 7.64828491e+00
 2.19833374e+00
 2.74694824e+00
 2.73913574e+00
 -4.41619873e-01
 2.30728149e+00
 7.77111816e+00
 1.17596130e+01
 2.30932312e+01
 2.59824524e+01
 1.81248169e+01
 1.37945251e+01
 9.42086792e+00
 2.01409912e+00
 -3.09402466e+00
 -5.78216553e-01
 1.15371704e+00
 -1.42083740e+00
 7.14324951e+00
 1.50244751e+01
 2.03012390e+01
 1.84339905e+01
 2.24148560e+01
 1.42532043e+01
 1.00009155e+01
 4.32901001e+00
 -1.13943481e+00
 3.23217773e+00
 -4.42517090e+00
 -9.47814941e-01
 7.18167114e+00
 1.22606201e+01
 1.68547668e+01
 2.15004578e+01
 2.22380676e+01
 1.24248047e+01
 6.12399292e+00
 4.07775879e+00
 5.92956543e-01
 1.86395264e+00
 1.49633789e+00
 6.22375488e-01
 5.89920044e+00
 1.10183716e+01
 1.73636780e+01
 1.77418213e+01
 2.09073792e+01
 1.62585754e+01
 1.00497131e+01
 6.05941772e+00
 -1.74133301e+00
 -8.68661499e+00
 -3.36383057e+00
 -7.41485596e-01
 3.62203979e+00
 1.45397339e+01
 1.93615417e+01
 1.93286743e+01
 1.90262756e+01
 1.30242615e+01
 6.46493530e+00
 3.47485352e+00
 1.11013794e+00
 -2.47799683e+00
 -2.14813232e-01
 3.30709839e+00
 3.47982788e+00
 1.37424316e+01
 1.50664978e+01
 2.22476196e+01
 2.00361023e+01
 1.35751953e+01
 9.53436279e+00
 1.63842773e+00
 -1.25488281e+00
 -1.89743042e+00
 1.38397217e+00
 -4.20864868e+00
 4.02944946e+00
 1.22733765e+01
 2.07817078e+01
 2.03368530e+01
 2.02965088e+01
 1.25473328e+01
 9.52221680e+00
 3.73992920e+00
 -1.71984863e+00
 -4.77996826e+00
 -6.68017578e+00
 -3.08898926e-01
 4.98535156e+00
 1.23016968e+01
 1.48361511e+01
 2.19566345e+01
 2.11136169e+01
 1.32491150e+01
 8.74508667e+00
 4.67395020e+00
 1.73553467e-01
 -3.11483765e+00
 2.86331177e+00
 3.98895264e-01
 3.50735474e+00
 1.27290039e+01
 1.90542603e+01
 2.05907593e+01
 1.86346130e+01
 1.42090759e+01
 7.70883179e+00
 3.97979736e-01
 -2.23110962e+00
 -1.60653687e+00
 -2.33795166e+00
 2.19766235e+00
 6.81079102e+00
 9.97988892e+00
 1.61198730e+01
 2.04164429e+01
 1.82185364e+01
 1.54612732e+01
 6.86285400e+00
 2.25640869e+00
 -1.30154419e+00
 4.85260010e-01
 -2.95867920e+00
 -1.23107910e-01
 5.02325439e+00
 1.22185059e+01
 1.54440918e+01
 2.05177307e+01
 1.71815491e+01
 1.33917236e+01
 7.96499634e+00
 5.55175781e-01
 -1.09646606e+00
 1.48818970e+00
 3.76953125e+00
 1.45211792e+00
 6.21279907e+00
 1.19269104e+01
 1.96599426e+01
 2.10793152e+01
 1.81585999e+01
 1.37918701e+01
 1.09576416e+01
 4.29177856e+00
 1.61340332e+00
 2.13812256e+00
 2.37652588e+00
 2.80038452e+00
 6.33337402e+00
 1.23276978e+01
 2.00757446e+01
 2.08462524e+01
 1.93251648e+01
 1.32511292e+01
 7.95584106e+00
 3.98867798e+00
 1.10458374e+00
 4.74304199e-01
 1.26016235e+00
 3.38476562e+00
 6.45758057e+00
 1.15825195e+01
 1.74303894e+01
 2.21945190e+01
 2.03672791e+01
 1.36804504e+01
 9.09060669e+00
 3.27850342e+00
 -1.00665283e+00
 -3.98910522e+00
 -5.18930054e+00
 -8.14636230e-01
 5.58551025e+00
 1.38954468e+01
 1.60455627e+01
 2.58128967e+01
 1.93610840e+01
 1.65633545e+01
 8.32766724e+00
 2.96951294e+00
 2.05172729e+00
 -9.29870605e-01
 3.09631348e-01
 3.67453003e+00
 9.97314453e+00
 1.45061646e+01
 2.07055359e+01
 2.32228088e+01
 1.86918945e+01
 1.13344116e+01
 6.19625854e+00
 1.41351318e+00
 -4.86309814e+00
 -3.47793579e+00
 -1.51986694e+00
 -1.04064941e-02
 9.21853638e+00
 1.08659363e+01
 1.52800903e+01
 1.94123535e+01
 2.18988647e+01
 1.52166443e+01
 7.90319824e+00
 2.98828125e+00
 2.07583618e+00
 8.56658936e-01
 -6.56921387e-01
 1.11959839e+00
 7.77407837e+00
 1.57445374e+01
 1.69084473e+01
 2.55412903e+01
 1.99451599e+01
 1.67753296e+01
 1.16069946e+01
 2.38574219e+00
 -2.51434326e+00
 -7.92053223e-01
 -1.85333252e+00
 3.14483643e-01
 7.26165771e+00
 1.43797913e+01
 1.59062805e+01
 2.14018555e+01
 2.14734192e+01
 1.24250183e+01
 9.74072266e+00
 4.64294434e+00
 -1.17575073e+00
 -1.81439209e+00
 -3.70199585e+00
 2.62979126e+00
 6.16159058e+00
 1.12121887e+01
 1.97743530e+01
 1.99850159e+01
 1.80190430e+01
 1.53493958e+01
 6.78671265e+00
 6.21954346e+00
 2.77227783e+00
 -3.78033447e+00
 3.00537109e-01
 2.58334351e+00
 5.86175537e+00
 1.00120544e+01
 1.78862915e+01
 2.04242554e+01
 1.57271423e+01
 1.29161377e+01
 1.05433044e+01
 -6.72058105e-01
 -9.18029785e-01
 -6.63778687e+00
 -1.45953369e+00
 3.84201050e+00
 7.56665039e+00
 1.22998352e+01
 1.50696716e+01
 1.94104919e+01
 2.15394287e+01
 1.45556946e+01
 9.25561523e+00
 3.27954102e+00
 1.48669434e+00
 -1.51708984e+00
 -1.26110840e+00
 1.74456787e+00
 8.28320312e+00
 1.11069946e+01
 1.77134094e+01
 2.24578857e+01
 2.05851746e+01
 1.28474731e+01
 7.52658081e+00
 2.57794189e+00
 -1.33944702e+00
 -2.87716675e+00
 -2.61978149e+00
 2.28866577e+00
 5.15631104e+00
 1.16433716e+01
 1.64846191e+01
 2.51714172e+01
 1.89804077e+01
 1.12595520e+01
 5.66680908e+00
 4.15924072e+00
 5.40316772e+00
 -3.38317871e-01
 1.79409790e+00
 6.19726562e+00
 5.58801270e+00
 1.25241394e+01
 1.86897888e+01
 2.18180237e+01
 2.05200500e+01
 1.44271545e+01
 9.30780029e+00
 1.18072510e+00
 -5.16281128e+00
 1.13681030e+00
 7.13836670e-01
 3.75579834e-01
 9.69268799e+00
 1.34080505e+01
 1.91591797e+01
 2.03060608e+01
 1.77274475e+01
 1.72142944e+01
 9.07672119e+00
 1.98278809e+00
 1.16687012e+00
 7.65533447e-01
 -1.94589233e+00
 1.83868408e-01
 7.71170044e+00
 1.21304932e+01
 1.95964355e+01
 2.21791382e+01
 2.35073242e+01
 1.54578247e+01
 1.16776428e+01
 3.79727173e+00
 1.22042847e+00
 -1.77966309e+00
 3.12774658e-01
 1.21734619e-01
 8.00027466e+00
 1.17354431e+01
 1.95969543e+01
 1.85545959e+01
 1.76471252e+01
 1.36160583e+01
 6.42019653e+00
 7.78167725e-01
 -2.54089355e-01
 4.16317749e+00
 2.00985718e+00
 2.94494629e-01
 8.04760742e+00
 1.12384644e+01
 1.92057495e+01
 2.01242065e+01
 1.69962158e+01
 1.44472656e+01
 8.40716553e+00
 2.43667603e+00
 5.57672119e+00
 -3.92922974e+00
 2.50610352e-01
 6.72302246e-02
 5.50592041e+00
 1.25339661e+01
 1.96144104e+01
 2.58496399e+01
 2.05647888e+01
 1.21348267e+01
 9.31530762e+00
 2.97274780e+00
 -6.18530273e-01
 -1.34878540e+00
 -1.08090210e+00
 -7.62390137e-01
 8.45220947e+00
 1.23814392e+01
 1.87239685e+01
 1.80192566e+01
 1.87752991e+01
 1.44474792e+01
 8.90356445e+00
 3.47827148e+00
 4.55389404e+00
 2.92022705e-01
 3.97589111e+00
 4.48321533e+00
 9.25671387e+00
 1.42137146e+01
 2.78013916e+01
 2.46265564e+01
 1.99718323e+01
 1.35256653e+01
 1.08721008e+01
 3.80957031e+00
 3.82827759e+00
 1.26116943e+00
 -2.79962158e+00
 2.17196655e+00
 8.89334106e+00
 1.48014832e+01
 1.76621704e+01
 2.01449280e+01
 1.83226929e+01
 1.12318115e+01
 8.39978027e+00
 3.70300293e+00
 1.61038208e+00
 8.37493896e-01
 7.90008545e-01
 4.10147095e+00
 6.17843628e+00
 1.27575378e+01
 2.08549805e+01
 2.42868652e+01
 2.39592285e+01
 1.49931641e+01
 7.16094971e+00
 -8.79150391e-01
 1.93048096e+00
 -3.31298828e-01
 3.69757080e+00
 1.44171143e+00
 6.69198608e+00
 1.19721985e+01
 1.81066284e+01
 2.50586853e+01
 1.78172913e+01
 1.61881104e+01
 9.44979858e+00
 6.33923340e+00
 -2.00381470e+00
 1.86203003e+00
 8.83544922e-01
 1.52246094e+00
 9.82836914e+00
 1.41065979e+01
 1.86072693e+01
 2.64141846e+01
 2.17882385e+01
 1.47203979e+01
 8.00473022e+00
 6.51483154e+00
 -3.56430054e+00
 -2.58505249e+00
 -1.46475220e+00
 2.96438599e+00
 5.85986328e+00
 1.36778564e+01
 1.96063538e+01
 2.35651855e+01
 2.15379028e+01
 1.37004089e+01
 8.50686646e+00
 3.39318848e+00
 3.52996826e-01
 -2.31842041e+00
 -1.89651489e+00
 7.02331543e-01
 8.72134399e+00
 1.22721252e+01
 1.67708130e+01
 2.27603149e+01
 2.26858826e+01
 1.45643616e+01
 8.49218750e+00
 3.93432617e+00
 1.59857178e+00
 -2.92080688e+00
 -8.25683594e-01
 9.75860596e-01
 6.53973389e+00
 9.38745117e+00
 1.66245728e+01
 2.30172424e+01
 2.43162842e+01
 1.58499451e+01
 8.06005859e+00
 2.69470215e-01
 -3.27093506e+00
 -1.92587280e+00
 -6.42907715e+00
 2.74166870e+00
 7.00799561e+00
 1.17791138e+01
 1.73515625e+01
 2.17440186e+01
 2.30256958e+01
 1.44451599e+01
 1.03739929e+01
 2.65927124e+00
 3.27294922e+00
 2.93795776e+00
 2.09698486e+00
 2.59521484e+00
 9.33486938e+00
 1.48572083e+01
 2.42283630e+01
 1.98900757e+01
 1.90741272e+01
 1.92019653e+01
 9.74102783e+00
 5.59866333e+00
 3.32791138e+00
 1.84512329e+00
 1.98529053e+00
 2.86660767e+00
 9.94253540e+00
 1.25069580e+01
 1.63674927e+01
 1.93936462e+01
 2.04459534e+01
 1.53125916e+01
 1.05588379e+01
 5.05270386e+00
 3.12219238e+00
 1.19076538e+00
 4.09375000e+00
 5.84075928e+00
 5.92779541e+00
 1.18722534e+01
 1.95110779e+01
 2.01952820e+01
 1.95764160e+01
 1.50109863e+01
 6.74633789e+00
 -1.96063232e+00
 -6.74133301e-01
 1.05764771e+00
 2.42501831e+00
 9.64691162e-01
 8.58999634e+00
 1.35580444e+01
 1.71297302e+01
 2.38463135e+01
 2.53537292e+01
 1.71377563e+01
 1.00105591e+01
 3.04043579e+00
 -3.29641724e+00
 -5.45117188e+00
 2.72216797e-01
 3.55462646e+00
 8.85061646e+00
 1.27371216e+01
 2.04153442e+01
 2.50018616e+01
 2.13476868e+01
 1.67746582e+01
 1.01553040e+01
 3.73944092e+00
 2.54342651e+00
 -2.42758179e+00
 -2.86077881e+00
 3.16683960e+00
 8.24053955e+00
 1.64163513e+01
 1.88037415e+01
 2.33518372e+01
 2.01594543e+01
 1.43987427e+01
 6.63998413e+00
 3.31274414e+00
 8.89343262e-01
 2.31527710e+00
 2.26113892e+00
 4.48916626e+00
 1.03172302e+01
 1.36292725e+01
 1.88868408e+01
 1.66884155e+01
 1.78668823e+01
 1.28100586e+01
 8.43862915e+00
 8.75137329e+00
 1.44177246e+00
 -9.31335449e-01
 -1.18234253e+00
 -5.48431396e-01
 6.18371582e+00
 9.49859619e+00
 1.82614136e+01
 2.64736938e+01
 2.09366760e+01
 1.44373169e+01
 6.26800537e+00
 2.81219482e+00
 -1.80297852e-01
 4.20074463e-01
 3.76754761e+00
 5.21826172e+00
 8.89651489e+00
 1.18014526e+01
 2.02304077e+01
 2.58675842e+01
 1.86386719e+01
 1.63139343e+01
 9.77770996e+00
 4.82687378e+00
 -1.79501343e+00
 8.93066406e-01
 3.82043457e+00
 3.63754272e+00
 9.12911987e+00
 1.21535034e+01
 2.07351379e+01
 2.68640747e+01
 2.17248535e+01
 1.41162720e+01
 1.11422729e+01
 3.27484131e-01
 -4.46664429e+00
 -3.38955688e+00
 -5.72753906e+00
 1.46896362e+00
 4.62957764e+00
 9.96273804e+00
 1.67011108e+01
 2.17944641e+01
 2.53102112e+01
 1.80930786e+01
 9.50662231e+00
 5.77127075e+00
 2.30841064e+00
 2.70172119e-01
 -3.42590332e-01
 4.02221680e+00
 5.62005615e+00
 1.21305542e+01
 1.92772217e+01
 2.49361877e+01
 2.27854919e+01
 1.50536804e+01
 8.68661499e+00
 5.18167114e+00
 -2.93453979e+00
 9.29199219e-01
 3.44973755e+00
 6.78170776e+00
 8.59936523e+00
 1.71065979e+01
 2.13200989e+01
 2.39465637e+01
 2.56536865e+01
 1.66722412e+01
 8.02960205e+00
 6.50851440e+00
 4.22000122e+00
 4.84289551e+00
 5.63153076e+00
 5.27777100e+00
 7.01226807e+00
 1.13222351e+01
 2.15696716e+01
 2.31604919e+01
 2.47326965e+01
 1.72841797e+01
 1.34660950e+01
 5.94839478e+00
 8.14605713e-01
 2.37789917e+00
 -4.28649902e-01
 3.37457275e+00
 9.83920288e+00
 1.35468750e+01
 2.02565308e+01
 2.25110474e+01
 1.92898560e+01
 1.41770935e+01
 8.96447754e+00
 5.13845825e+00
 2.69177246e+00
 -3.87564087e+00
 4.03503418e-01
 9.49798584e-01
 8.14886475e+00
 1.31126099e+01
 1.51436768e+01
 2.12235107e+01
 2.19749451e+01
 1.40155334e+01
 9.54574585e+00
 4.42529297e+00
 3.63177490e+00
 -1.42980957e+00
 1.21463013e+00
 4.30804443e+00
 7.41223145e+00
 1.05479736e+01
 1.69340820e+01
 2.02868347e+01
 1.96747437e+01
 1.66812134e+01
 9.52853394e+00
 7.26522827e+00
 3.00631714e+00
 -4.25323486e-01
 1.18164062e+00
 6.96615601e+00
 7.86770630e+00
 1.33822327e+01
 2.17571716e+01
 2.66758423e+01
 1.98427124e+01
 1.24232178e+01
 9.05947876e+00
 4.30883789e+00
 1.88052368e+00
 9.40979004e-01
 -3.78051758e-01
 2.91766357e+00
 7.85055542e+00
 1.66802063e+01
 1.56009216e+01
 2.27981262e+01
 2.08839722e+01
 1.59196167e+01
 7.80227661e+00
 3.80679321e+00
 -6.47888184e-01
 -1.30584717e+00
 2.30178833e+00
 4.54397583e+00
 6.29623413e+00
 1.44625854e+01
 1.55344849e+01
 2.26263123e+01
 1.86755981e+01
 1.64888000e+01
 1.09906006e+01
 4.49249268e+00
 3.42065430e+00
 -5.33203125e-01
 -1.65353394e+00
 2.80117798e+00
 7.69177246e+00
 1.31354675e+01
 2.11533508e+01
 2.59236755e+01
 2.10078125e+01
 1.35964355e+01
 9.98498535e+00
 5.93392944e+00
 -2.85339355e-01
 5.79711914e-01
 3.08709717e+00
 1.80294800e+00
 9.69744873e+00
 1.28460083e+01
 2.47557983e+01
 2.40671692e+01
 2.18246460e+01
 1.77225952e+01
 1.15730591e+01
 3.58740234e+00
 -6.07785034e+00
 -8.77777100e-01
 2.50152588e+00
 5.21252441e+00
 6.41278076e+00
 1.29454041e+01
 1.91297913e+01
 2.35463867e+01
 2.35309448e+01
 1.52943420e+01
 1.17542114e+01
 7.16445923e+00
 3.83792114e+00
 2.79144287e-01
 5.06286621e-01
 4.06954956e+00
 6.55596924e+00
 1.44183350e+01
 1.71718140e+01
 2.20043945e+01
 2.00380554e+01
 1.43437805e+01
 1.11652527e+01
 8.67568970e+00
 -1.80902100e+00
 2.12881470e+00
 4.94146729e+00
 4.51553345e+00
 6.79730225e+00
 1.29486694e+01
 1.67678223e+01
 2.16425781e+01
 2.26201172e+01
 1.72169800e+01
 9.93835449e+00
 3.57394409e+00
 2.44818115e+00
 -1.75735474e+00
 4.33349609e-03
 5.73892212e+00
 5.44900513e+00
 1.00585938e+01
 2.06174622e+01
 2.34711304e+01
 2.57935486e+01
 1.84781189e+01
 1.03545837e+01
 6.87579346e+00
 3.31939697e-01
 1.73535156e+00
 1.05615234e+00
 6.70233154e+00
 9.93594360e+00
 1.20251465e+01
 1.79334412e+01
 2.13450012e+01
 2.12321472e+01
 1.66159058e+01
 8.59924316e+00
 3.02636719e+00
 4.63165283e+00
 1.69238281e+00
 -1.47369385e-01
 5.12738037e+00
 5.45028687e+00
 1.09986267e+01
 2.35103760e+01
 2.39661560e+01
 1.86422729e+01
 1.51816711e+01
 1.00542603e+01
 5.67425537e+00
 -4.16333008e+00
 -9.37469482e-01
 1.86843872e+00
 5.96597290e+00
 1.07994385e+01
 1.66679688e+01
 1.97394409e+01
 2.63346252e+01
 2.44529419e+01
 1.48870850e+01
 1.05971375e+01
 5.59927368e+00
 -1.36480713e+00
 -1.21661377e+00
 -1.02044678e+00
 5.12234497e+00
 3.98251343e+00
 1.19362183e+01
 2.28071594e+01
 2.60147095e+01
 2.40229797e+01
 1.46820068e+01
 1.18804321e+01
 7.03131104e+00
 2.91149902e+00
 3.28903198e+00
 1.96701050e+00
 5.79214478e+00
 7.45138550e+00
 1.38414612e+01
 1.62921448e+01
 2.22714233e+01
 1.99732666e+01
 1.77589417e+01
 1.00776978e+01
 6.10870361e+00
 3.03625488e+00
 2.92575073e+00
 1.34341431e+00
 2.52667236e+00
 7.22024536e+00
 1.47781677e+01
 1.57590637e+01
 2.07007751e+01
 2.12625427e+01
 1.41271973e+01
 1.29116821e+01
 6.94110107e+00
 2.12573242e+00
 2.28643799e+00
 1.24179077e+00
 4.48818970e+00
 1.00480347e+01
 1.61251831e+01
 2.12069092e+01
 2.28357544e+01
 2.32586365e+01
 1.58597412e+01
 1.01770020e+01
 7.45657349e+00
 3.76284790e+00
 1.95983887e-01
 -1.95349121e+00
 3.79479980e+00
 5.81280518e+00
 1.14069214e+01
 2.05831909e+01
 2.17289734e+01
 2.22777405e+01
 1.80816345e+01
 1.09789734e+01
 8.78723145e-01
 1.06832886e+00
 1.22674561e+00
 3.19461060e+00
 4.23880005e+00
 8.50274658e+00
 1.59071045e+01
 1.72879028e+01
 2.45287781e+01
 2.31552734e+01
 1.54267578e+01
 1.19850769e+01
 4.26379395e+00
 5.56805420e+00
 7.10308838e+00
 2.41723633e+00
 8.67810059e+00
 9.63101196e+00
 1.62222900e+01
 2.20363464e+01
 2.59735718e+01
 1.97349243e+01
 1.40067139e+01
 1.19701843e+01
 3.33395386e+00
 5.24691772e+00
 2.15887451e+00
 4.85824585e+00
 3.54086304e+00
 1.11877441e+01
 1.26040039e+01
 1.96900940e+01
 2.10977478e+01
 2.01989441e+01
 1.77729492e+01
 1.22037659e+01
 7.17327881e+00
 1.31274414e+00
 8.67980957e-01
 3.87039185e+00
 4.00451660e+00
 7.78213501e+00
 1.29879150e+01
 2.13317566e+01
 2.77978516e+01
 2.58568115e+01
 1.88656006e+01
 8.57119751e+00
 6.95974731e+00
 4.64688110e+00
 -9.44610596e-01
 1.90856934e-01
 4.43347168e+00
 9.13201904e+00
 1.04327087e+01
 2.02025146e+01
 2.10626831e+01
 2.27599182e+01
 1.63611450e+01
 1.03590698e+01
 3.27005005e+00
 6.61297607e+00
 9.31030273e-01
 6.29852295e+00
 5.89898682e+00
 1.08599243e+01
 1.06896057e+01
 1.96314392e+01
 3.07390747e+01
 2.16469727e+01
 1.45242004e+01
 1.20337524e+01
 3.50820923e+00
 2.23800659e+00
 2.62237549e-01
 2.07678223e+00
 6.35229492e+00
 1.17862854e+01
 1.48273315e+01
 2.06968384e+01
 2.34677734e+01
 2.38872070e+01
 1.97474365e+01
 1.10199585e+01
 8.10311890e+00
 2.24154663e+00
 2.76672363e+00
 1.69128418e+00
 1.83331299e+00
 8.51763916e+00
 1.57030334e+01
 1.97896729e+01
 2.64609070e+01
 2.53469238e+01
 1.86711731e+01
 1.17102966e+01
 6.87570190e+00
 1.40634155e+00
 -1.73590088e+00
 2.09191895e+00
 7.55499268e+00
 8.79022217e+00
 1.17946777e+01
 2.37360535e+01
 2.12875671e+01
 2.46060486e+01
 1.52059631e+01
 1.04895935e+01
 6.69580078e+00
 1.38641357e-01
