 4.25380768e+01
 6.30404333e+01
 4.66578631e+01
 8.09710171e+01
 1.77397545e+01
 2.72412223e+00
 1.34894636e+01
 7.25915458e-01
 7.59929257e+01
 9.27928651e+01
 1.67817380e+02
 5.52943949e+01
 1.18923639e+02
 7.63471203e+01
 4.73080777e+01
 5.65735465e+01
 9.40106814e+00
 1.65349228e+00
 1.71039838e+00
 3.69123757e+01
 2.20879252e+01
 8.29947457e+01
 1.17029050e+02
 3.76038219e+01
 6.12008878e+01
 5.13585382e+01
 5.37773915e+01
 5.10253861e+01
 4.74004066e+01
 1.77108403e+01
 2.81886889e+01
 8.03903271e+00
 1.99185514e+01
 5.24434674e+01
 1.27684676e+02
 1.42787002e+02
 1.15227764e+02
 3.43748623e+01
 1.21907844e+02
 3.37486925e+01
 2.14340597e+01
 7.63009249e+00
 4.36905391e+00
 0.00000000e+00
 2.29915017e+01
 6.44039085e+01
 1.24333910e+02
 1.13614076e+02
 4.58777273e+01
 7.51668185e+00
 6.40451553e+01
 6.57739860e+01
 9.02592497e+01
 9.07154953e-02
 1.62843475e+00
 9.09327341e+00
 1.05870880e+02
 1.58084829e+02
 7.00040758e+01
 5.89451848e+01
 5.14596926e+01
 8.21043902e+01
 7.73070292e+01
 4.69544781e+01
 1.15876663e+01
 6.50792478e+01
 4.61952398e+00
 3.02254152e+00
 5.26077271e+01
 6.53406005e+01
 2.94040702e+01
 1.03518785e+02
 8.04409555e+01
 5.98053183e+01
 1.12933031e+02
 8.86652082e+01
 2.11562496e+01
 3.22290840e+00
 6.04609581e+00
 1.71692440e+00
 2.68173122e+01
 9.86196767e+01
 1.35360876e+02
 7.24617952e+01
 2.18647233e+01
 6.20174273e+01
 8.21688864e+01
 3.36349427e+01
 7.69507753e+00
 9.72281156e+00
 9.30350001e+00
 6.02513106e+00
 3.68558040e+01
 3.69712633e+01
 5.19189389e+01
 4.64724793e+01
 1.11304377e+02
 2.73820642e+01
 5.48975282e+01
 1.47107752e+01
 3.02967343e+01
 5.55272665e+00
 9.64253327e+00
 3.76445717e+00
 1.46464677e+00
 2.53726107e+01
 1.12515128e+02
 1.61294733e+02
 2.89676286e+01
 2.47287481e+01
 9.40202146e+01
 3.05401604e+01
 3.16615102e+01
 1.13260421e+01
 2.08096142e+00
 2.15339572e+01
 1.43858295e+00
 9.92245039e+01
 1.11070903e+02
 3.95047228e+01
 2.78467197e+01
 3.71444242e+01
 4.86244090e+01
 3.05250777e+01
 6.38104427e+01
 1.56199211e+01
 9.95583957e-01
 9.37492223e-02
 1.23572561e+02
 1.01807619e+02
 4.46246495e+01
 1.68558682e+02
 2.22815832e+02
 8.22199737e+01
 6.99070841e+01
 1.51302681e+01
 4.04431931e+01
 2.72933417e+01
 2.45252832e-01
 3.60913598e+00
 2.89428924e+01
 7.58209580e+01
 3.36307512e+01
 1.29410666e+02
 1.50366356e+01
 9.96190898e+01
 6.54197263e+01
 5.93861633e+01
 1.55728775e+01
 1.96761637e+01
 5.39471473e-01
 1.39510217e+01
 6.86357830e+01
 8.86937750e+01
 1.87608254e+02
 1.64736457e+02
 2.71574830e+01
 4.98568987e+01
 4.69865903e+01
 7.34329432e+01
 4.60569304e+00
 4.30236126e+00
 1.69713121e+00
 4.46902209e+01
 9.73948681e+01
 5.58843578e+01
 4.29183607e+01
 7.47411321e+01
 1.17834878e+02
 7.15677030e+01
 4.11919532e+01
 8.84163694e+00
 2.03910002e+01
 6.31982677e+00
 1.13314968e+00
 3.96935611e-01
 3.51607435e+01
 3.64457495e+01
 8.42275531e+01
 1.32182599e+02
 3.25879077e+01
 8.04177229e+01
 9.07957718e+01
 4.59712588e+01
 4.18078740e+01
 1.75403420e+00
 1.47405735e+00
 4.58012853e+00
 1.06342296e+02
 1.66619887e+02
 1.02689112e+02
 1.04446186e+02
 6.90906813e+01
 1.96119269e+01
 3.67848224e+01
 2.92600536e+01
 9.30019900e+01
 9.57374249e+00
 2.28311043e+00
 4.08008397e-02
 5.17810257e+01
 6.16475900e+01
 8.19338684e+01
 1.61435914e+02
 3.38353176e+01
 9.38975431e+01
 4.51139761e+01
 1.33958129e+01
 4.31669034e+01
 7.84062337e+00
 2.66351091e+00
 2.81211334e+00
 2.10478900e+01
 9.56384529e+01
 1.13818927e+02
 6.27601751e+01
 5.12062083e+01
 1.36518235e+02
 2.18899042e+01
 8.61592245e+01
 3.22196639e+01
 1.58024801e+01
 2.72832605e+01
 2.29584977e+01
 6.64630617e+01
 7.43596413e+01
 4.22624396e+01
 9.45666560e+01
 6.89191048e+01
 2.41035186e+01
 4.52467424e+01
 6.16806165e+01
 5.07823216e+01
 9.22863353e-01
 1.80294471e+00
 2.28664292e+00
 2.44911397e+00
 4.90062262e+01
 5.77481497e+01
 1.60225207e+02
 4.16888271e+01
 7.38744975e+01
 4.61850811e+01
 1.44088864e+01
 3.01130826e+01
 5.02213784e+00
 4.79061152e-01
 2.46327568e+00
 5.76871211e+01
 4.38330396e+01
 1.53065366e+02
 9.55646619e+01
 1.04494175e+02
 2.90524937e+01
 3.42328640e+01
 4.00301701e+00
 1.21809250e+01
 1.49204928e+01
 3.29686086e+00
 2.09846980e+00
 6.82101196e+01
 1.97048096e+01
 5.29408574e+01
 1.13070275e+02
 5.59033341e+01
 1.21475436e+02
 9.76189425e+01
 7.40005557e+01
 7.05697077e+01
 9.15201770e+00
 2.14500042e+00
 2.89832884e+00
 1.42158027e+01
 1.24576823e+02
 6.74689640e+01
 1.04359933e+02
 8.43958885e+01
 5.71505148e+01
 1.10797798e+02
 1.28144261e+01
 4.62017579e+01
 2.86760878e+01
 9.25472265e-01
 1.02840459e+01
 1.83997592e+01
 1.47915372e+01
 1.43690285e+02
 7.25150946e+01
 4.04184531e+01
 9.67492866e+01
 1.23109938e+02
 3.56297950e+01
 4.58606851e+01
 3.27096686e+00
 6.98736273e-01
 2.72025098e+01
 2.48187375e+01
 3.08431830e+01
 6.89346461e+01
 8.16654939e+01
 2.12286117e+02
 5.18325160e+01
 4.81161152e+01
 2.05897886e+01
 1.12401832e+01
 5.48133602e+00
 1.01279415e+01
 4.88310351e-02
 3.65841289e+01
 1.93978724e+01
 2.13720948e+02
 8.10801594e+01
 1.45982077e+02
 9.83392134e+01
 4.38524252e+01
 4.69354821e+01
 1.86459125e+01
 4.88762930e-02
 4.57274200e+00
 4.26266019e+00
 1.71433904e+01
 7.68787857e+00
 1.23270039e+02
 1.14468602e+02
 1.39923361e+01
 6.63612216e+01
 3.07030478e+01
 6.87916361e+01
 3.11732086e+01
 6.95235885e+00
 9.90241677e-01
 3.14639173e+01
 2.25095551e-01
 3.30082087e+01
 7.11541290e+01
 5.91058676e+01
 4.85587591e+01
 2.27553178e+01
 5.16575876e+01
 8.98504952e+01
 5.57373847e+01
 7.62109661e+00
 7.96851017e+00
 8.10187883e+00
 5.16381289e+01
 8.63249300e+01
 1.45520475e+02
 1.39779450e+02
 1.00964951e+02
 1.42562435e+02
 5.06242648e+01
 2.45923695e+01
 8.74160200e+01
 1.13514797e+01
 7.57547252e-01
 8.87575407e+00
 2.05154406e+01
 3.36999983e+01
 8.41189236e+01
 1.30175002e+02
 4.56224501e+01
 8.30884034e+01
 2.07384894e+01
 6.25646218e+01
 2.94067914e+01
 3.81955438e+01
 1.45531414e+01
 1.91881363e-01
 2.46466748e+01
 5.61241421e+01
 5.74645486e+01
 4.77621268e+01
 1.02147322e+02
 9.61056168e+01
 3.93256263e+01
 4.59371047e+01
 4.92340449e+01
 1.25849192e+01
 3.35751928e+01
 9.26275746e+00
 6.02061460e+01
 1.15243900e+02
 9.25469199e+01
 1.46513630e+02
 1.44801654e+02
 1.13538379e+02
 1.30462205e+02
 1.18330661e+02
 2.90580234e+01
 1.58534567e+01
 1.88915791e+00
 3.50080839e+00
 9.31385922e+01
 1.74155809e+02
 6.41013138e+01
 6.59572618e+01
 3.34417054e+00
 6.71608143e+01
 4.25375457e+01
 3.19574095e+01
 3.10748409e+01
 4.23718753e+01
 2.44637950e+00
 9.56985975e+00
 1.48156764e+01
 9.95616158e+01
 1.06428992e+02
 1.02317686e+02
 1.19745942e+02
 7.75271582e+01
 1.92504414e+01
 7.79636877e+01
 3.81036360e+01
 6.70196934e+01
 4.18559032e+00
 1.06530559e+01
 2.67846998e+01
 8.30884729e+01
 9.26440075e+01
 1.83754255e+02
 1.17658912e+02
 9.50303460e+01
 1.92898399e+02
 2.05385645e+01
 4.54329057e+01
 3.92304451e+00
 4.94450035e+00
 1.38567160e+01
 2.41368047e+01
 6.46054965e+01
 4.86449204e+01
 1.06077238e+02
 7.26101080e+01
 2.36526786e+01
 1.12106734e+02
 8.68766033e+01
 7.89778605e+01
 2.99754334e+01
 1.65889133e+01
 1.52461028e+01
 4.36152724e+01
 2.07033210e+01
 1.65783896e+02
 9.94616330e+01
 6.15616580e+01
 7.02366444e+01
 1.48701237e+02
 5.36412157e+01
 4.02016329e+01
 9.96497358e+00
 5.76770182e-01
 2.32529910e-02
 1.38104180e+00
 1.28364778e+02
 1.35168030e+02
 8.91488180e+01
 2.20497860e+02
 1.19458740e+02
 1.39790576e+01
 3.46037181e+01
 4.51541650e+01
 1.91265995e+01
 2.21684174e+00
 7.72557918e+00
 3.37256276e+01
 1.64813512e+02
 1.00732178e+02
 1.33723432e+02
 1.18801128e+02
 8.42319083e+01
 7.89780359e+01
 3.70566742e+01
 6.31135643e+01
 6.33019254e+01
 3.53180667e+00
 2.52807909e+01
 1.35401565e+02
 6.53597133e+01
 9.09903125e+01
 6.16512537e+01
 1.34439369e+02
 2.62380027e+01
 5.38369174e+01
 3.09234895e+01
 6.60690006e+01
 2.17682270e-01
 1.91650907e+00
 2.37050850e+01
 4.50861126e+01
 1.91785521e+02
 8.58440105e+01
 7.15288059e+01
 2.23564427e+01
 2.59496468e+01
 1.77678597e+01
 6.41858930e+01
 4.24819905e+01
 1.12544593e+01
 5.93581981e-01
 1.10069924e+00
 1.42204869e+01
 4.90521982e+01
 6.21917738e+01
 1.69926968e+02
 8.42465428e+01
 5.54906509e+01
 1.05904672e+02
 3.96864974e+01
 5.32272620e+01
 3.94578686e+01
 2.67873902e+01
 2.61634843e+01
 7.90376767e+01
 1.13644438e+02
 3.60923661e+01
 9.48966743e+01
 7.59825324e+01
 7.94659829e+01
 5.48674389e+01
 2.19180809e+01
 4.06789628e+01
 3.14421928e+01
 4.03311664e-01
 5.18239889e+00
 3.40209356e+01
 7.31288278e+01
 1.59128531e+02
 1.15737246e+02
 1.97909835e+02
 8.24896979e+01
 1.19766765e+02
 5.13926282e+01
 6.25182861e+01
 2.61353376e+00
 9.36268545e+00
 1.76187436e+00
 4.12826474e+00
 1.30219103e+02
 1.59701966e+02
 1.37058917e+02
 8.47420818e+01
 1.11815707e+02
 7.65797155e+01
 4.46195764e+00
 8.70115481e+01
 1.54422101e+01
 8.65478612e-01
 2.76949813e+00
 1.40472785e+01
 8.69818680e+01
 2.61556178e+01
 8.75714362e+01
 1.19385931e+02
 8.50629602e+01
 1.35265930e+02
 9.03319067e+00
 6.81289620e+01
 5.50731020e+01
 3.86715397e+00
 1.36488822e+01
 5.71095179e+01
 8.33964990e+01
 1.51969038e+02
 9.59449103e+01
 3.50129973e+01
 4.47740097e+01
 1.97631394e+01
 6.58386545e+01
 1.56231003e+01
 2.41405365e+01
 1.76173642e+01
 1.40490034e+00
 3.38855496e+01
 9.37810880e+01
 8.09373062e+01
 1.32992547e+02
 5.29162835e+01
 3.80320489e+01
 4.18529398e+01
 1.34213295e+01
 5.23241624e+01
 2.52664610e+00
 8.89985303e-03
 3.57644224e+00
 2.25887099e+01
 1.38722016e+02
 1.27614331e+02
 1.03867395e+02
 9.62174197e+01
 1.24140519e+02
 6.69620884e+01
 3.79698618e+01
 5.33470592e+01
 6.07108802e-01
 6.11763834e-01
 1.08885918e+01
 9.51883981e+01
 1.76601914e+02
 2.66415064e+02
 1.50081800e+02
 1.18878203e+02
 7.09824058e+01
 9.40502747e+01
 1.01000951e+02
 1.07451132e+01
 3.93957320e+01
 1.51708526e+01
 3.74618024e+00
 1.23970407e+01
 7.66644928e+01
 2.08732686e+02
 9.71299418e+01
 1.33195397e+02
 6.31142473e+01
 9.35443682e+01
 9.57300367e+01
 2.47621539e+01
 4.10269428e-01
 1.33508195e+00
 1.45747096e+01
 3.12219659e+01
 1.98145172e+02
 7.23829432e+01
 1.55040659e+02
 9.58312762e+01
 3.37359736e+01
 6.50844853e+01
 2.83207105e+01
 4.99406302e+00
 6.28871426e+00
 1.32341310e+00
 1.32628139e-02
 1.24280171e-02
 7.69418742e+01
 1.11579330e+02
 4.92643828e+01
 7.17341794e+01
 3.00267664e+01
 1.19916861e+02
 3.84559009e+01
 2.43215003e+01
 2.93300475e+01
 7.57184061e-01
 7.99868174e-01
 3.76694335e+01
 8.55177597e+01
 6.12171874e+01
 7.63736843e+01
 2.66470723e+01
 4.59232352e+01
 9.16260938e+01
 5.81353874e+00
 5.74670842e+01
 5.51384730e+01
 1.97718000e+00
 3.52297773e+00
 3.49575630e+01
 1.82998679e+01
 1.08118746e+02
 5.62251090e+01
 1.23841962e+02
 5.03418513e+01
 3.29748916e+01
 7.02271434e+01
 3.33171386e+01
 3.59700908e+00
 1.84183819e+00
 5.68421418e+00
 6.79125343e+00
 5.61890174e+01
 1.67627617e+02
 9.60685222e+01
 4.08069279e+01
 1.44940288e+02
 1.76574358e+02
 5.47402168e+01
 3.40991403e+01
 1.49485684e+00
 9.56662476e+00
 1.53474363e+01
 1.77269001e+01
 3.26698934e+01
 1.09713959e+02
 7.36522881e+01
 1.09660278e+02
 1.14333461e+02
 2.60077490e+01
 6.80976146e+01
 2.37967757e+01
 4.01352045e-01
 1.93688476e+01
 6.23506717e-01
 7.73015807e+01
 7.58784328e+01
 1.21716194e+02
 6.97943952e+01
 7.65031377e+01
 9.17808414e+01
 1.10718755e+02
 9.06429623e+01
 9.38742013e+01
 4.15710960e+01
 1.09704204e+01
 1.31150056e+01
 5.88470188e+01
 1.25068191e+02
 8.62417904e+01
 9.39076718e+01
 1.03979285e+02
 1.02344521e+02
 6.60728251e+01
 5.98963964e+01
 8.69270289e+01
 1.14432260e+00
 1.94596156e+00
 6.07515230e+00
 3.02705316e+01
 1.28899751e+02
 7.21215064e+01
 4.20710974e+01
 9.17577152e+01
 4.44808792e+01
 3.40240752e+01
 1.43706947e+02
 6.87477913e+01
 1.11863066e+01
 3.09827891e+00
 6.50579525e+01
 2.92069388e+01
 4.23781978e+01
 1.84208227e+02
 6.10284002e+01
 1.07213364e+02
 1.32373730e+02
 2.05162418e+01
 5.99944270e+01
 3.08423061e+01
 2.62444149e-01
 5.83315698e-02
 3.50947473e+00
 1.10256609e+01
 4.63810858e+01
 3.03851362e+02
 1.44362484e+02
 1.00995518e+02
 8.48834286e+01
 1.10047474e+02
 1.44415905e+02
 2.85697217e+01
 1.21179728e+01
 5.61168880e-01
 7.53794152e-01
 1.53810779e+02
 1.10294074e+02
 7.06152156e+01
 5.33027582e+01
 7.22139672e+01
 2.21005301e+02
 2.34677781e+01
 6.40498374e+01
 3.02028853e+01
 1.51246964e+01
 1.61466136e-01
 9.28040987e+00
 1.68579893e+01
 2.90410932e+01
 1.65693787e+02
 7.31816840e+01
 1.22464799e+02
 2.62421986e+01
 1.23643904e+01
 4.91747106e+01
 6.23024513e+00
 3.99213520e+01
 7.18548657e+00
 7.19003042e+01
 3.58020062e+01
 1.27322019e+02
 1.22627051e+02
 2.36378356e+02
 1.98213886e+02
 6.13754648e+01
 2.75035106e+01
 3.32777620e+01
 2.26652946e+01
 1.86459224e+01
 1.07856857e+00
 1.04748400e+01
 5.66947410e+01
 8.62953766e+01
 1.78057065e+02
 1.12666164e+02
 3.11855201e+01
 6.59528377e+01
 7.84746239e+01
 8.94043223e+01
 5.53073885e+01
 1.05368837e+01
 6.57746087e+00
 4.13772919e+00
 3.29947408e+01
 3.25848847e+01
 1.49950426e+02
 1.26172475e+02
 4.12761362e+01
 8.57319329e+01
 4.80764573e+01
 6.10089620e+01
 7.92169433e+01
 7.07207285e+00
 6.88395295e+00
 9.14430620e+00
 1.81968015e+01
 3.00900941e+01
 2.14637226e+02
 8.39176549e+01
 8.19185251e+01
 1.36366778e+02
 1.69693335e+01
 6.35277606e+01
 1.85814660e+01
 2.02759419e+01
 2.43778061e+00
 3.06812195e+00
 2.57125543e+01
 2.30312778e+01
 2.04784665e+02
 7.46941808e+01
 1.00140719e+02
 3.57627990e+00
 1.89726556e+01
 1.41370508e+02
 2.55252596e+01
 5.02811152e+00
 1.53116032e+00
 1.07218482e+01
 4.76253864e+00
 1.04726520e+02
 6.80005223e+01
 1.14012818e+02
 1.09104765e+02
 2.66074554e+01
 8.81423154e+01
 4.44778536e+01
 8.87084068e+00
 7.88213796e+00
 7.74221395e+00
 1.34872457e+01
 2.36652402e+01
 6.44726278e+01
 5.67050476e+01
 1.40535787e+02
 5.75098115e+01
 9.23700859e+01
 8.48504639e+01
 1.25928736e+02
 5.70817787e+01
 3.16192343e+01
 3.05867213e+00
 6.18337849e+00
 9.46075700e+01
 9.56366698e+01
 1.52626860e+02
 1.07840418e+02
 1.03299867e+02
 3.47907666e+01
 1.87791724e+02
 1.16708338e+02
 6.91226026e+01
 2.21406101e+00
 8.77154483e+00
 4.75479204e+01
 9.95799564e+00
 5.38112956e+01
 4.75934966e+01
 4.71081705e+01
 1.07961798e+02
 2.30351574e+02
 6.27882767e+01
 9.81008465e+01
 1.21564421e+01
 2.14814319e+01
 5.21052058e+00
 9.40063335e-02
 5.82533905e-01
 7.57475957e+01
 2.04328912e+02
 9.39606693e+01
 9.89976645e+01
 8.86025985e+01
 4.54512390e+01
 5.99727246e+01
 1.44281032e+01
 1.99145933e+01
 1.45370273e+01
 5.73562150e+00
 5.84958213e+01
 5.91856171e+01
 1.61905202e+02
 1.93327912e+02
 1.35853900e+02
 1.27413659e+01
 1.78403524e+01
 1.62236291e+01
 1.61408933e+01
 6.04316052e+00
 6.11398664e-01
 1.23920219e+01
 2.68182198e+01
 7.83608436e+01
 3.76958365e+01
 7.06579100e+01
 1.55286421e+02
 5.87248418e+01
 2.17908081e+01
 1.50065394e+01
 1.56611054e+00
 7.92450251e+01
 6.14126935e-02
 4.13704102e+00
 3.51900673e+01
 6.35655185e+01
 4.77318200e+01
 1.44155659e+02
 1.44166718e+02
 1.02403734e+02
 3.38183509e+01
 1.96474740e+01
 1.29074275e+01
 8.67659406e+00
 1.09278777e-01
 1.13011317e+01
 5.70635201e+01
 1.27892411e+02
 1.22995618e+02
 3.01779091e+02
 2.67039454e+01
 7.66969424e+01
 8.99429510e+01
 5.21768585e+01
 4.35371788e+01
 4.79575892e+01
 2.48034665e+00
 4.10855443e+01
 4.32418775e+01
 1.19614515e+02
 2.04868401e+02
 8.25231477e+01
 9.95130909e+01
 1.19380493e+01
 7.68717810e+01
 6.22952830e+01
 2.17487114e+00
 1.60189107e+00
 9.36643018e+00
 6.11297130e+01
 1.32597868e+02
 9.64701975e+01
 1.45072378e+02
 1.70860440e+02
 5.41317161e+01
 2.76452141e+01
 5.60030685e+01
 2.22822065e+01
 8.12289741e+01
 1.82941390e+01
 7.22806372e-01
 2.66844209e+01
 7.68077740e+01
 7.49697742e+01
 5.31696347e+01
 8.77526544e+01
 1.79478059e+02
 2.18674709e+02
 7.86269122e+01
 9.21951283e+01
 4.74801025e+01
 5.94809076e+01
 1.30710612e-01
 9.70857967e-01
 9.33672964e+00
 2.30458665e+02
 1.02121136e+02
 1.40546135e+02
 5.05924897e+01
 9.14362736e+01
 4.37687246e+01
 4.48325354e+01
 1.02202892e+02
 3.97325659e+01
 2.20390313e+00
 1.63014665e+01
 1.18666505e+01
 1.27748297e+02
 1.70846803e+02
 1.71610374e+02
 1.57319967e+02
 6.01378289e+01
 3.81972877e+01
 3.96939043e+01
 3.56303967e+01
 4.40284322e+00
 3.81755020e+00
 5.15238749e+00
 9.92609375e+01
 5.41572307e+01
 1.05146542e+02
 1.08919006e+02
 6.53687508e+01
 7.63033882e+01
 4.97399807e+01
 1.98802152e+01
 1.14400355e+02
 4.48317551e+00
 2.57666085e+00
 7.83027295e-02
 1.70181035e+00
 3.14340764e+01
 1.24203130e+02
 9.92724734e+01
 9.74919300e+01
 9.31760109e+01
 7.43907879e+01
 8.79833131e+01
 5.97936014e+01
 9.01002204e+01
 1.74724593e+00
 3.15553900e+00
 7.45452495e+01
 8.51710402e+01
 1.54865636e+02
 2.16797844e+02
 6.04071007e+01
 6.32734925e+01
 5.84978785e+01
 1.48299847e+01
 2.69617706e+01
 1.48907116e+01
 4.98609550e+00
 1.23324927e-01
 4.45984351e+01
 5.42005962e+01
 2.39556825e+02
 1.20354579e+02
 1.82656032e+02
 7.16979578e+01
 5.36627343e+01
 4.52528381e+01
 3.67861500e+01
 1.63981355e+00
 1.73437827e+00
 1.61173208e+00
 6.14524051e+01
 1.30984355e+02
 2.72292692e+02
 1.43964551e+02
 1.61391072e+02
 1.67135887e+02
 5.57616618e+01
 3.83734929e+01
 4.32059913e+01
 2.75264354e+01
 1.45466184e+00
 1.59144253e+01
 4.00906612e+01
 1.23758817e+02
 1.83752643e+02
 2.09864995e+02
 1.65551052e+02
 1.03885620e+02
 7.19877904e+01
 6.41280421e+00
 2.50492281e+01
 1.02445978e+01
 8.41742609e+00
 6.00781817e-01
 1.10574253e+02
 4.43589749e+01
 6.54627088e+01
 1.25759467e+02
 1.03820507e+02
 3.71308487e+01
 8.87807009e+01
 1.10381528e+01
 4.51598117e+01
 2.54131037e-01
 2.00147005e+01
 1.08094822e+00
 3.80333092e+01
 1.27242829e+02
 1.09616503e+02
 1.27486185e+02
 2.36640741e+02
 6.97570604e+01
 4.79285245e+01
 8.20648838e+01
 3.27351902e+01
 6.86961080e+00
 2.15399638e+00
 1.02279974e+01
 6.03178354e+01
 8.25808904e+01
 1.16625942e+02
 8.06653053e+01
 9.90278415e+01
 7.52485533e+01
 5.71954274e+00
 8.47975749e+01
 8.05852063e+00
 5.79883380e+00
 7.87426047e-01
 4.23501961e+00
 2.21541331e+01
 7.46079516e+01
 1.73620268e+02
 9.43640888e+01
 1.08540551e+02
 6.79242437e+01
 5.57921604e+01
 4.79678722e+01
 4.65272599e+01
 6.47963901e-01
 1.06109668e+01
 2.21036015e+01
 1.05202097e+01
 1.26592449e+02
 1.03663910e+02
 1.84371866e+02
 5.10896705e+01
 9.40103367e+01
 5.60114531e+01
 2.10091908e+01
 1.25304317e+02
 1.14685935e+01
 2.03145807e+01
 4.42401473e+01
 3.49984429e+01
 1.31724468e+02
 4.92735191e+01
 6.92257570e+01
 1.31137900e+02
 2.90077759e+01
 7.00920050e+01
 7.77616647e+00
 1.14638400e+02
 1.61544697e+01
 5.74144669e-02
 1.23340333e+00
 7.66143662e+00
 2.02111413e+02
 1.77743095e+02
 1.11980257e+02
 1.34063798e+02
 7.22867666e+01
 1.37912342e+02
 7.07899327e+01
 2.31824116e+01
 2.60582385e+00
 1.11417619e+01
 2.61698806e+00
 2.42661299e+01
 3.20654462e+01
 6.00644986e+01
 1.81110913e+02
 1.00245203e+02
 1.80820856e+01
 2.39615510e+01
 6.01919119e+01
 9.93334219e+01
 1.58131957e+01
 3.75908612e+00
 5.84164007e+00
 7.45508012e+00
 1.55903224e+02
 9.74765006e+01
 9.61530803e+01
 1.57122369e+02
 2.08833345e+01
 7.31468639e+01
 2.91233427e+01
 3.64807961e+01
 1.96893617e+01
 8.27872018e-01
 3.48360588e-01
 9.16088027e+01
 3.66396568e+02
 1.63144521e+02
 7.73576345e+01
 1.04593505e+02
 1.61584992e+02
 3.73366741e+01
 1.15115578e+02
 4.05773942e+01
 8.09151960e+00
 1.21105090e+01
 9.03935581e+00
 2.64558157e+00
 1.70507923e+02
 1.63643330e+02
 1.77185499e+02
