 1.81563721e+00
 4.88552246e+00
 3.87215576e+00
 1.03328186e+01
 1.38244568e+01
 1.97317444e+01
 2.09160400e+01
 2.11885925e+01
 2.01005798e+01
 1.61712585e+01
 8.85982666e+00
 3.82842407e+00
 7.09908447e+00
 4.34612427e+00
 9.19735107e+00
 1.47142578e+01
 1.59686829e+01
 1.86440063e+01
 2.28053833e+01
 2.43208252e+01
 1.84100586e+01
 1.44293457e+01
 1.00198914e+01
 2.28276978e+00
 -1.30466309e+00
 2.64708862e+00
 7.57674561e+00
 1.41513000e+01
 1.70064636e+01
 1.94968201e+01
 1.99782349e+01
 2.05639587e+01
 1.51765686e+01
 1.57029053e+01
 8.72509155e+00
 6.08083496e+00
 6.51323853e+00
 4.72228394e+00
 6.83474121e+00
 1.01341797e+01
 1.48798767e+01
 1.74638000e+01
 2.23847900e+01
 2.43449951e+01
 1.83872009e+01
 1.37802063e+01
 9.44014893e+00
 3.96633301e+00
 5.59020996e-02
 6.47969971e+00
 7.37600098e+00
 8.64580688e+00
 1.50207153e+01
 2.38359009e+01
 2.45690552e+01
 2.54023071e+01
 2.18934875e+01
 1.50375610e+01
 6.00841675e+00
 2.83257446e+00
 3.44811401e+00
 3.07375488e+00
 7.33654175e+00
 1.19796082e+01
 1.58927856e+01
 2.05922485e+01
 2.14512268e+01
 2.39731079e+01
 1.67354980e+01
 1.16598450e+01
 6.45601807e+00
 2.40203247e+00
 5.79079590e+00
 4.76094971e+00
 9.25759277e+00
 1.12856995e+01
 1.43739258e+01
 1.79898621e+01
 2.01045471e+01
 1.98743530e+01
 1.65797668e+01
 1.48616882e+01
 7.75698242e+00
 4.88982544e+00
 3.25023804e+00
 1.20702515e+00
 6.07634888e+00
 1.34694458e+01
 1.72034851e+01
 1.84532104e+01
 2.16757141e+01
 2.56070190e+01
 2.06486450e+01
 1.32163635e+01
 1.00237671e+01
 5.93044434e+00
 3.57320557e+00
 6.86605225e+00
 8.93630371e+00
 1.17426392e+01
 1.47887207e+01
 2.08212830e+01
 2.27544189e+01
 2.21682983e+01
 1.75364929e+01
 1.11157166e+01
 6.03652344e+00
 5.56469116e+00
 1.13536987e+00
 3.92910156e+00
 8.72603760e+00
 1.24782959e+01
 1.45597168e+01
 2.13113647e+01
 2.37271362e+01
 2.44553467e+01
 1.72352539e+01
 1.51229492e+01
 9.73769531e+00
 4.72429810e+00
 4.56322632e+00
 5.41436157e+00
 9.50237427e+00
 1.16096130e+01
 1.52893921e+01
 2.39536987e+01
 2.63767944e+01
 2.03542114e+01
 1.71762634e+01
 1.09499146e+01
 1.13325134e+01
 5.32097778e+00
 6.33022461e+00
 7.61672363e+00
 8.74328003e+00
 1.12051941e+01
 1.68848511e+01
 1.71838013e+01
 2.07935730e+01
 1.80422607e+01
 1.71059509e+01
 1.21665588e+01
 9.62423096e+00
 7.81838379e+00
 3.99514160e+00
 4.85234985e+00
 8.02489624e+00
 1.00782410e+01
 1.62271667e+01
 2.27304626e+01
 2.05105225e+01
 2.29286743e+01
 1.58707214e+01
 1.02704102e+01
 8.73403320e+00
 7.00261841e+00
 6.67720947e+00
 8.23879395e+00
 8.20116577e+00
 1.22988525e+01
 1.42233826e+01
 1.78564087e+01
 2.09716736e+01
 1.92269836e+01
 1.58650757e+01
 1.33107544e+01
 5.60784302e+00
 7.16411743e+00
 6.05629883e+00
 6.10701904e+00
 9.81368408e+00
 1.10953918e+01
 1.75510193e+01
 1.77199646e+01
 1.86444641e+01
 2.28319031e+01
 1.77610718e+01
 1.16841980e+01
 9.31115112e+00
 5.61507568e+00
 4.21676025e+00
 3.82561646e+00
 8.40224609e+00
 1.46072937e+01
 1.58981873e+01
 1.84767090e+01
 2.39155212e+01
 2.06203247e+01
 1.60429626e+01
 1.14740540e+01
 6.34554443e+00
 5.02095947e+00
 5.43236694e+00
 6.52318726e+00
 1.24747559e+01
 1.02695251e+01
 1.34921509e+01
 2.11220337e+01
 2.35088440e+01
 2.08265625e+01
 2.05076233e+01
 1.29560486e+01
 7.77608643e+00
 7.18117676e+00
 2.33657227e+00
 2.64229736e+00
 8.48528442e+00
 1.32763306e+01
 1.70766541e+01
 1.76119324e+01
 2.12477661e+01
 1.93121582e+01
 1.81531616e+01
 1.34499451e+01
 8.75029907e+00
 2.32952271e+00
 4.68428955e+00
 2.45031128e+00
 8.45940552e+00
 1.10347839e+01
 1.85785767e+01
 2.37449585e+01
 2.04110657e+01
 2.24616333e+01
 1.84502808e+01
 1.51292969e+01
 6.08056030e+00
 5.44243774e+00
 3.36596069e+00
 7.64028320e+00
 4.22878418e+00
 1.08651978e+01
 1.55449463e+01
 1.85388428e+01
 1.97378784e+01
 2.34314209e+01
 1.79739014e+01
 1.22221008e+01
 7.52730713e+00
 6.51275024e+00
 5.67901001e+00
 2.52025757e+00
 4.02120361e+00
 1.10184875e+01
 1.42612244e+01
 1.92918640e+01
 2.11704651e+01
 2.27334839e+01
 1.46425720e+01
 1.39891296e+01
 8.81405029e+00
 5.06081543e+00
 4.17598877e+00
 7.19674072e+00
 7.99889526e+00
 1.31946045e+01
 1.65552307e+01
 1.92213074e+01
 2.19041687e+01
 2.08515869e+01
 1.61429993e+01
 1.53520142e+01
 1.01173950e+01
 3.59157715e+00
 6.48958740e+00
 7.56685791e+00
 9.11403809e+00
 1.32166687e+01
 1.64457031e+01
 1.90613953e+01
 2.12280823e+01
 1.99227539e+01
 1.48950134e+01
 1.07530762e+01
 6.26656494e+00
 5.55669556e+00
 5.15920410e+00
 5.85891113e+00
 7.22997437e+00
 1.00440918e+01
 1.46228882e+01
 1.92947937e+01
 2.15488525e+01
 2.21592957e+01
 1.65412842e+01
 1.20782104e+01
 8.68535767e+00
 5.22564087e+00
 2.01571045e+00
 5.85018311e+00
 6.56807861e+00
 1.20234619e+01
 1.81524597e+01
 2.27165161e+01
 2.07776428e+01
 1.95467163e+01
 2.06421753e+01
 1.28585144e+01
 8.81783447e+00
 6.56865845e+00
 3.03750000e+00
 3.36260376e+00
 7.05132446e+00
 1.13826233e+01
 1.68731018e+01
 2.01259094e+01
 2.06379333e+01
 2.10360046e+01
 1.95515991e+01
 1.43513733e+01
 1.05700317e+01
 4.58788452e+00
 3.77562866e+00
 8.03038940e+00
 9.63112793e+00
 1.23008362e+01
 1.70833679e+01
 2.00631958e+01
 2.20126892e+01
 2.30604492e+01
 1.77877136e+01
 1.40546509e+01
 1.19874207e+01
 3.01821289e+00
 5.50002441e+00
 6.33532104e+00
 1.01742798e+01
 1.26813293e+01
 1.82998291e+01
 2.06831299e+01
 2.33095947e+01
 2.23472229e+01
 1.87121826e+01
 1.21091553e+01
 6.46004639e+00
 2.83422241e+00
 4.15227661e+00
 4.71010742e+00
 8.96956787e+00
 1.26584412e+01
 1.45252319e+01
 1.92722107e+01
 2.27551819e+01
 2.78333679e+01
 2.00732666e+01
 1.45659119e+01
 8.10677490e+00
 5.26812134e+00
 4.29519043e+00
 6.19329224e+00
 6.23754272e+00
 1.06426941e+01
 1.67357727e+01
 1.96636292e+01
 2.22945801e+01
 1.92898499e+01
 1.49845215e+01
 1.07801758e+01
 8.74456177e+00
 6.58046875e+00
 2.22497559e-01
 3.10698853e+00
 4.43157349e+00
 1.22778259e+01
 1.52520691e+01
 1.93757874e+01
 2.26028381e+01
 2.31239868e+01
 1.80196777e+01
 1.21695801e+01
 1.09683167e+01
 4.96898804e+00
 2.52453003e+00
 8.00466309e+00
 8.44213257e+00
 1.31815735e+01
 1.79366699e+01
 2.16686951e+01
 2.16266113e+01
 2.43779236e+01
 2.05017334e+01
 1.54404846e+01
 9.89751587e+00
 6.82924805e+00
 5.82604980e-01
 2.70205078e+00
 6.65358887e+00
 1.18649536e+01
 1.47101685e+01
 1.99998718e+01
 2.14107300e+01
 2.17099548e+01
 1.95465637e+01
 1.24230286e+01
 8.61806641e+00
 6.10057983e+00
 6.06936035e+00
 8.05797729e+00
 1.00516296e+01
 1.22828003e+01
 1.36257568e+01
 1.67338196e+01
 2.11224915e+01
 2.15088135e+01
 1.78863159e+01
 1.29628235e+01
 7.57717285e+00
 7.18706665e+00
 6.53673706e+00
 8.91732178e+00
 1.00064026e+01
 1.16392456e+01
 1.51112610e+01
 2.29421021e+01
 2.22796570e+01
 1.92706848e+01
 1.77524353e+01
 1.45754333e+01
 8.31450806e+00
 6.91451416e+00
 2.70440063e+00
 7.70931396e+00
 8.89421997e+00
 1.55170532e+01
 1.59466187e+01
 1.65440613e+01
 2.24820190e+01
 2.44154602e+01
 1.76981445e+01
 1.66506592e+01
 8.08889160e+00
 8.89470825e+00
 5.24468384e+00
 6.79888306e+00
 8.69301758e+00
 1.16625305e+01
 1.54504333e+01
 1.96068970e+01
 2.22825562e+01
 2.40084473e+01
 1.90082031e+01
 1.55557190e+01
 8.60460815e+00
 6.29262695e+00
 5.95867310e+00
 6.22847900e+00
 1.00095764e+01
 1.27799316e+01
 1.74361511e+01
 1.77366272e+01
 2.17437073e+01
 1.87279297e+01
 1.72050110e+01
 1.29556824e+01
 7.02276001e+00
 4.92641602e+00
 4.15258179e+00
 4.03884277e+00
 7.34078369e+00
 1.15426575e+01
 1.62723022e+01
 2.14365173e+01
 2.20819031e+01
 2.14830261e+01
 1.77944275e+01
 1.53145081e+01
 7.01375732e+00
 7.89327393e+00
 6.38686523e+00
 3.32903442e+00
 7.70751343e+00
 1.45290771e+01
 1.69855286e+01
 2.01428772e+01
 2.03854004e+01
 2.14063965e+01
 1.61312805e+01
 9.66948853e+00
 7.32595215e+00
 7.26546631e+00
 2.54839478e+00
 4.02279053e+00
 6.05904541e+00
 1.23423706e+01
 1.77444092e+01
 1.99871155e+01
 2.58257080e+01
 2.28982178e+01
 2.13219543e+01
 1.45380188e+01
 8.48873291e+00
 3.05895386e+00
 2.85674438e+00
 4.58394775e+00
 8.41066895e+00
 1.12083069e+01
 1.60392395e+01
 2.20308167e+01
 2.07444092e+01
 2.15585876e+01
 1.57831665e+01
 1.43678223e+01
 8.19957886e+00
 7.93938599e+00
 6.22176514e+00
 2.47088013e+00
 9.26830444e+00
 1.28672119e+01
 1.46043945e+01
 1.99422852e+01
 2.10500122e+01
 2.10514771e+01
 1.60518433e+01
 1.31516052e+01
 1.01410767e+01
 2.94658813e+00
 5.71151123e+00
 8.30214844e+00
 8.93938599e+00
 1.26022583e+01
 1.86713501e+01
 2.02906128e+01
 2.43207031e+01
 2.49720703e+01
 1.80742737e+01
 1.38565918e+01
 7.50502930e+00
 7.66631470e+00
 5.12734375e+00
 7.48031006e+00
 1.12492004e+01
 1.69647156e+01
 1.46049438e+01
 1.92175537e+01
 2.34064575e+01
 2.32352234e+01
 1.92683044e+01
 1.18747192e+01
 8.23619995e+00
 5.45592651e+00
 4.13378296e+00
 8.31896362e+00
 9.47371826e+00
 1.33030334e+01
 1.58786560e+01
 2.09201904e+01
 2.17542664e+01
 1.99692932e+01
 1.91533142e+01
 1.23938843e+01
 1.03200012e+01
 6.80220947e+00
 3.55077515e+00
 6.14122925e+00
 8.70882568e+00
 1.51820007e+01
 1.60903870e+01
 2.07730042e+01
 2.14678894e+01
 2.61588684e+01
 1.84748169e+01
 1.48182922e+01
 9.98766479e+00
 4.87844238e+00
 5.28881226e+00
 6.02861938e+00
 6.29317627e+00
 1.17581421e+01
 1.57990662e+01
 2.32542664e+01
 2.28861633e+01
 1.93442627e+01
 1.72343384e+01
 1.27806641e+01
 7.08361206e+00
 3.51152954e+00
 5.49688110e+00
 3.42623291e+00
 9.64623413e+00
 1.19121338e+01
 1.76092773e+01
 2.46234375e+01
 2.33496948e+01
 2.35608154e+01
 1.80624329e+01
 1.24362427e+01
 8.81975708e+00
 6.35833130e+00
 2.56453857e+00
 7.84960327e+00
 8.81508789e+00
 1.36924988e+01
 1.82238708e+01
 2.46134888e+01
 2.51781555e+01
 2.57770325e+01
 1.83189941e+01
 1.52728516e+01
 9.40532837e+00
 3.98012695e+00
 5.50213013e+00
 7.92327271e+00
 9.70742188e+00
 1.29728943e+01
 1.72830444e+01
 1.92850586e+01
 2.54225403e+01
 2.25354858e+01
 1.85701843e+01
 1.23072144e+01
 7.44896851e+00
 5.68459473e+00
 5.26195679e+00
 5.03142700e+00
 8.83010254e+00
 1.19351746e+01
 1.77110840e+01
 2.14219299e+01
 2.13994690e+01
 2.14928833e+01
 2.04279419e+01
 1.56018005e+01
 9.75017700e+00
 4.50417480e+00
 4.93959961e+00
 4.92083130e+00
 9.49270020e+00
 1.62322021e+01
 1.58493896e+01
 2.28564697e+01
 2.52182861e+01
 2.64071594e+01
 1.92086121e+01
 1.45921265e+01
 1.10286194e+01
 5.19576416e+00
 6.06398926e+00
 5.11089478e+00
 6.66216431e+00
 1.33167969e+01
 1.66486145e+01
 1.89278503e+01
 2.21700073e+01
 2.32789551e+01
 1.50821472e+01
 1.28975769e+01
 9.88051758e+00
 7.82750854e+00
 4.14965210e+00
 5.02056274e+00
 1.11638123e+01
 1.25000854e+01
 1.83825317e+01
 2.31122375e+01
 2.34981628e+01
 2.51258789e+01
 2.18391357e+01
 1.17290894e+01
 1.03880249e+01
 8.37896118e+00
 4.07994995e+00
 1.37722168e+00
 8.59395752e+00
 1.20072571e+01
 1.50780884e+01
 2.11156250e+01
 2.36359192e+01
 1.98528687e+01
 1.94568726e+01
 1.41430908e+01
 1.00681396e+01
 6.24910889e+00
 3.99901733e+00
 7.74047241e+00
 8.42412720e+00
 1.12975098e+01
 1.48330933e+01
 2.05137268e+01
 2.43616577e+01
 2.33774658e+01
 1.87269226e+01
 1.20519653e+01
 1.06962830e+01
 5.96831665e+00
 3.20580444e+00
 4.97237549e+00
 6.97326050e+00
 1.12621094e+01
 1.34923035e+01
 1.66421753e+01
 2.00335022e+01
 2.10583740e+01
 1.50075012e+01
 1.18917175e+01
 8.34563599e+00
 6.33864746e+00
 4.98623047e+00
 6.45250854e+00
 6.18355713e+00
 1.33308960e+01
 1.40821472e+01
 2.22672363e+01
 2.22177673e+01
 2.20599609e+01
 1.77664734e+01
 1.56254517e+01
 9.65859375e+00
 6.86544189e+00
 1.20876465e+00
 1.16463623e+00
 8.41933594e+00
 1.00885254e+01
 1.68755737e+01
 1.95493713e+01
 2.20091187e+01
 2.03008667e+01
 1.53210693e+01
 1.31239868e+01
 7.59053955e+00
 4.38137207e+00
 4.95763550e+00
 4.64293823e+00
 7.61312256e+00
 1.08560730e+01
 1.36301208e+01
 1.94743896e+01
 1.95085693e+01
 2.04813171e+01
 1.87287537e+01
 1.30414673e+01
 9.16195068e+00
 7.62593994e+00
 5.77800903e+00
 7.16631470e+00
 1.02352234e+01
 1.22593628e+01
 1.63788391e+01
 1.92119690e+01
 2.27977539e+01
 2.28348022e+01
 2.22683960e+01
 1.64117371e+01
 1.06299072e+01
 8.28991089e+00
 4.77471313e+00
 7.97661743e+00
 9.26955566e+00
 1.39597107e+01
 1.49453674e+01
 2.17229553e+01
 2.10218750e+01
 2.27526489e+01
 1.86347595e+01
 1.44550415e+01
 1.14408203e+01
 6.48677979e+00
 5.53051147e+00
 8.02291260e+00
 1.08542419e+01
 1.34446960e+01
 1.99214111e+01
 2.07624451e+01
 2.39898010e+01
 2.32341248e+01
 1.90298401e+01
 1.21564575e+01
 8.23159180e+00
 5.16692505e+00
 5.48696289e+00
 6.34609375e+00
 8.45461426e+00
 1.34304443e+01
 1.56430908e+01
 1.99168640e+01
 2.40799500e+01
 2.05602966e+01
 2.08318726e+01
 1.29681946e+01
 9.84612427e+00
 7.70903931e+00
 3.83254395e+00
 3.82360229e+00
 8.79119263e+00
 1.02384277e+01
 1.59289795e+01
 1.82980591e+01
 2.24750610e+01
 2.52921692e+01
 2.00554443e+01
 1.61801086e+01
 1.04450012e+01
 5.32430420e+00
 4.37749634e+00
 5.90541992e+00
 8.73037109e+00
 1.20242249e+01
 1.60383240e+01
 1.92348877e+01
 2.47026001e+01
 2.21060730e+01
 1.86348206e+01
 1.43714233e+01
 1.13972412e+01
 7.30870972e+00
 6.02926025e+00
 6.27187500e+00
 1.01843811e+01
 1.18812805e+01
 1.72134033e+01
 2.26076599e+01
 2.11865479e+01
 2.41805054e+01
 1.97566772e+01
 1.38916870e+01
 6.31075439e+00
 5.05394897e+00
 3.85140381e+00
 7.32586060e+00
 7.80748901e+00
 1.32409607e+01
 1.73726440e+01
 2.19696594e+01
 2.46823669e+01
 2.01836792e+01
 1.98297058e+01
 1.51721130e+01
 1.00865723e+01
 8.16231689e+00
 2.77218018e+00
 7.66295776e+00
 9.23693237e+00
 1.24834229e+01
 1.93846069e+01
 2.35924011e+01
 2.49862610e+01
 2.25245605e+01
 2.03697754e+01
 1.50611206e+01
 1.10491577e+01
 7.65828857e+00
 5.91307983e+00
 5.99373779e+00
 9.53368530e+00
 1.41541687e+01
 1.53299500e+01
 1.82588135e+01
 2.12726685e+01
 2.11263672e+01
 1.58645874e+01
 1.32647949e+01
 9.71444092e+00
 3.88350830e+00
 3.15679321e+00
 9.00667725e+00
 1.05078369e+01
 1.32083679e+01
 1.74197021e+01
 2.35779663e+01
 2.27500854e+01
 2.16237122e+01
 1.73488403e+01
 1.28942200e+01
 9.10903320e+00
 7.12578735e+00
 7.33379517e+00
 5.42873535e+00
 8.37127075e+00
 1.38807922e+01
 1.81613708e+01
 1.89230286e+01
 2.02733093e+01
 2.39297729e+01
 1.95256897e+01
 1.38309875e+01
 8.76381836e+00
 5.19521484e+00
 2.84691772e+00
 6.62047729e+00
 8.42180786e+00
 1.46757751e+01
 1.66731201e+01
 1.89237915e+01
 2.22023254e+01
 2.35176331e+01
 2.20836731e+01
 1.17664429e+01
 8.69127808e+00
 8.61464844e+00
 6.73034058e+00
 5.29915771e+00
 9.32061157e+00
 1.30490356e+01
 1.71090637e+01
 2.08253113e+01
 2.42122437e+01
 2.57936340e+01
 1.98876587e+01
 1.45133606e+01
 1.16457153e+01
 8.93108521e+00
 2.70739136e+00
 8.05620728e+00
 8.76659546e+00
 1.57430054e+01
 2.05280701e+01
 2.87626282e+01
 2.48322693e+01
 2.28967834e+01
 1.79623962e+01
 1.64868103e+01
 1.07329346e+01
 5.88939819e+00
 3.68489990e+00
 4.76461182e+00
 1.07014404e+01
 1.11870056e+01
 1.81293884e+01
 2.33372437e+01
 2.63354736e+01
 2.67597900e+01
 1.91011902e+01
 1.73255249e+01
 9.47377930e+00
 7.68248901e+00
 8.55986938e+00
 7.67452393e+00
 1.01167847e+01
 1.34949890e+01
 1.66158081e+01
 2.30410095e+01
 2.52064148e+01
 2.61778198e+01
 1.89540039e+01
 1.33632141e+01
 1.07241455e+01
 7.28801880e+00
 6.27913818e+00
 7.26775513e+00
 9.51119385e+00
 1.49046875e+01
 2.13063599e+01
 2.17911621e+01
 2.37322632e+01
 2.55400024e+01
 2.21363770e+01
 1.55831238e+01
 1.17137695e+01
 8.79000244e+00
 6.30843506e+00
 8.02871094e+00
 8.13829956e+00
 1.17127319e+01
 1.58492065e+01
 2.45081726e+01
 2.50514771e+01
 2.46196533e+01
 1.82303101e+01
 1.53413025e+01
 1.10213562e+01
 9.35677490e+00
 6.82994995e+00
 5.25197754e+00
 9.39168701e+00
 1.19067017e+01
 1.65418640e+01
 1.88586670e+01
 2.02134338e+01
 2.32080017e+01
 2.17074219e+01
 1.56812988e+01
 9.82714233e+00
 5.67778931e+00
 7.63100586e+00
 7.84655151e+00
 1.02401062e+01
 1.65637146e+01
 1.50920959e+01
 2.07580200e+01
 2.22517334e+01
 2.51202332e+01
 1.85079285e+01
 1.43382813e+01
 1.19725586e+01
 7.74059448e+00
 2.08107910e+00
 8.19484863e+00
 7.81606445e+00
 1.23619019e+01
 1.51086670e+01
 1.95963379e+01
 2.44403931e+01
 2.14097534e+01
 1.83439880e+01
 1.69371277e+01
 1.19876953e+01
 6.52953491e+00
 6.52797852e+00
 4.52840576e+00
 1.10285889e+01
 1.48704163e+01
 1.78668152e+01
 1.94867798e+01
 2.15356384e+01
 2.20841003e+01
 1.83436829e+01
 1.75613953e+01
 8.66277466e+00
 9.69024048e+00
 9.54561768e+00
 6.92974243e+00
 1.10304199e+01
 1.46224304e+01
 1.70670410e+01
 2.14938904e+01
 2.71364990e+01
 2.65306335e+01
 2.33461548e+01
 1.74183899e+01
 1.04205566e+01
 6.02935181e+00
 6.07454834e+00
 8.86596069e+00
 1.13000732e+01
 1.35465942e+01
 1.64531494e+01
 2.29256836e+01
 2.85970093e+01
 2.51131836e+01
 2.38196350e+01
 1.55924011e+01
 1.25740601e+01
 8.61754761e+00
 7.46465454e+00
 7.97081909e+00
 9.68795166e+00
 1.24880005e+01
 1.64432007e+01
 1.85604492e+01
 2.32497803e+01
 2.63868347e+01
 2.03402039e+01
 1.24020630e+01
 1.29362122e+01
 8.30043945e+00
 3.86043701e+00
 4.20696411e+00
 7.77840576e+00
 1.28484741e+01
 1.57082458e+01
 2.42602478e+01
 2.98837524e+01
 2.49352966e+01
 2.01595398e+01
 1.49242798e+01
 9.33736572e+00
 7.57915649e+00
 3.04183350e+00
 8.85393677e+00
 1.07071472e+01
 1.15889526e+01
 1.55582825e+01
 1.93518921e+01
 2.67400757e+01
 2.59747864e+01
 1.99318176e+01
 1.43511292e+01
 1.18148743e+01
 8.70607910e+00
 8.56737671e+00
 8.82729492e+00
 1.28133179e+01
 1.45483643e+01
 1.75342957e+01
 2.15111328e+01
 2.50530029e+01
 2.43521973e+01
 2.10760437e+01
 1.55967651e+01
 9.47368774e+00
 6.11193237e+00
 6.39614258e+00
 9.54958496e+00
 9.46364746e+00
 1.50934082e+01
 1.74464966e+01
 2.10725952e+01
 2.35920044e+01
 2.10504089e+01
 2.09306885e+01
 1.57964722e+01
 7.89336548e+00
 5.85067139e+00
 3.68590698e+00
 7.25576172e+00
 9.26934204e+00
 1.40878845e+01
 1.93955933e+01
 2.21127869e+01
 2.62502380e+01
 2.63823486e+01
 2.14922424e+01
 1.47988525e+01
 1.15930115e+01
 8.35961304e+00
 6.52242432e+00
 5.07470093e+00
 8.99099121e+00
 1.37966858e+01
 1.70775391e+01
 2.71077820e+01
 2.69064575e+01
 2.82656189e+01
 2.23606201e+01
 1.61188293e+01
 1.17019897e+01
 8.38356934e+00
 5.54949341e+00
 7.44490967e+00
 1.11551147e+01
 1.44226318e+01
 1.56793457e+01
 2.01115051e+01
 2.33686157e+01
 2.49588867e+01
 1.94742676e+01
 1.47278381e+01
 1.25120178e+01
 7.18190918e+00
 7.66100464e+00
 7.32134399e+00
 7.84005127e+00
 1.39534851e+01
 1.96037842e+01
 1.84810730e+01
 2.55345703e+01
 2.33872314e+01
 1.97350098e+01
 1.71643616e+01
 1.22987000e+01
 9.45171509e+00
 5.54995117e+00
 4.59035645e+00
 1.15646912e+01
 1.52734619e+01
 2.09131714e+01
 2.29561401e+01
 2.50301453e+01
 2.51401001e+01
 2.02442261e+01
 1.54527832e+01
 1.30077759e+01
 5.73879395e+00
 8.78652344e+00
 8.29839478e+00
 1.01942993e+01
 1.39222351e+01
 1.77984253e+01
 2.25048767e+01
 2.75158325e+01
 2.46849915e+01
 1.78009583e+01
 1.46171509e+01
 1.30962769e+01
 8.02147827e+00
 5.39272461e+00
 7.62655029e+00
 1.03061462e+01
 1.41733948e+01
 1.82672058e+01
 2.32784058e+01
 2.42679688e+01
 2.22780396e+01
 1.98544250e+01
 1.71500183e+01
 1.16559692e+01
 9.18145142e+00
 1.11499878e+01
 1.01466919e+01
 8.99102173e+00
 1.33560730e+01
 1.68217407e+01
 2.07454468e+01
 2.58188110e+01
 2.69532715e+01
 2.28700806e+01
 1.50804688e+01
 1.09682861e+01
 7.95751343e+00
 6.10985718e+00
 5.78304443e+00
 6.41896973e+00
 1.01359802e+01
 1.96414429e+01
 2.46865479e+01
 2.65693298e+01
 2.50028320e+01
 1.99981934e+01
 1.57862183e+01
 1.14305664e+01
 8.90230713e+00
