 4.26831254e+01
 1.63194899e+01
 3.10309102e+01
 8.14168128e+01
 4.42340378e+01
 5.97100007e+01
 4.20303091e+01
 7.86162256e+00
 1.14389646e+02
 1.44918701e+01
 1.14863137e+02
 4.11293337e+01
 3.83748519e+01
 8.51322356e-01
 7.24677682e+01
 2.53145457e+01
 6.26559878e+01
 6.08581821e+01
 5.05697814e+01
 9.15593501e+00
 2.50375052e+01
 1.15841468e+02
 1.22151877e+01
 2.93922096e+01
 6.58507992e+01
 1.79242474e+01
 2.05550276e+01
 2.09326221e+01
 8.51261985e+01
 7.15312628e+01
 9.14336895e+01
 1.55515943e+01
 1.08559855e+02
 6.29172916e+01
 6.35839330e+01
 2.32525169e+01
 3.63693617e+01
 2.35063972e+01
 3.08737011e+01
 8.66175616e+01
 2.66466996e+01
 8.84863468e+01
 2.39397416e+01
 3.33188681e+01
 8.12593850e+01
 2.66293237e+01
 1.42851094e+01
 6.29137351e+01
 3.55697478e+01
 3.16781858e+01
 1.31566830e+01
 1.92058038e+01
 4.19654923e+01
 2.63070342e+01
 2.75027091e+01
 6.11622237e+01
 1.12258076e+02
 9.60501256e+01
 8.44958547e+01
 2.66359983e+01
 1.66866477e+01
 6.26544303e+01
 4.59373847e+01
 5.25161464e+01
 3.99571423e+01
 2.20157437e+01
 4.03019129e+01
 5.75358035e+01
 7.87605772e+01
 1.47792586e+01
 7.50082779e+01
 1.94418505e+01
 2.12935907e+01
 3.85516643e+01
 7.41885861e+01
 2.67464862e+01
 3.23937739e+01
 4.31696370e+01
 5.02570002e+01
 5.38921169e+01
 4.66679962e+01
 5.02062488e+01
 4.05310443e+01
 9.91310788e+01
 5.11323686e+01
 2.26538797e+01
 2.77792038e+01
 7.99929088e+01
 6.88156775e+01
 2.70147760e+01
 2.15062746e+01
 1.48477610e+01
 2.84350591e+01
 8.81086988e+01
 5.68585857e+01
 3.54141367e+01
 3.21028265e+01
 2.86210072e+01
 1.12859036e+02
 9.16471059e+00
 6.91087905e+01
 4.46740985e+01
 3.05431299e+01
 8.20312627e+01
 1.41189978e+02
 2.79922482e+01
 4.63568227e+01
 3.92492726e+01
 2.23953893e+01
 5.51666070e+01
 2.19312990e+01
 7.93488926e+01
 8.37516762e+01
 5.07061975e+01
 8.27827756e+01
 9.84422391e+01
 9.65625892e+01
 7.85638591e+01
 2.77819739e+01
 4.16459147e+01
 2.15777831e+01
 2.16521743e+01
 2.05257324e+01
 1.19450544e+01
 1.32220328e+02
 8.13746906e+01
 4.82109630e+01
 5.59922916e+01
 5.48746788e+01
 2.86030534e+01
 2.26287010e+01
 4.91347198e+01
 4.33637168e+01
 5.49112504e+01
 2.69311258e+01
 8.50686677e+01
 1.07612029e+02
 7.64957331e+01
 8.65656351e+01
 7.28223900e+01
 6.86610828e+01
 3.05512150e+01
 6.69156515e+01
 5.63169653e+01
 1.24319417e+01
 4.47914665e+01
 3.96486630e+01
 9.46511821e+01
 1.59435573e+01
 4.83492776e+01
 7.61314445e+01
 2.07071771e+02
 5.98771741e+01
 7.62087287e+01
 2.98887608e+01
 6.55502564e+01
 3.84042981e+01
 2.56110746e+01
 5.75424489e+01
 4.37699091e+01
 3.88180000e+01
 9.36742713e+01
 1.82565657e+01
 1.41821144e+01
 8.22604545e+01
 6.88476962e+01
 7.00094884e+01
 3.16450381e+01
 1.56579228e+01
 2.86006769e+01
 2.16192096e+01
 6.47242218e+01
 8.18768891e+01
 1.51625762e+02
 7.63955448e+01
 2.41801933e+01
 2.58055447e+01
 6.51309348e+00
 5.67101820e+01
 7.25381976e+01
 2.48096021e+01
 3.28168435e+01
 1.11878581e+01
 9.21248822e+00
 6.68782026e+01
 1.03681676e+02
 5.84958079e+01
 8.72278251e+01
 4.94154164e+01
 7.22135872e+01
 1.94262652e+01
 4.11653571e+01
 4.95662946e+01
 8.47788508e+00
 2.20948660e+01
 2.86137602e+01
 1.07394524e+02
 6.52479865e+01
 3.73588879e+01
 8.57333862e+00
 2.99987835e+01
 9.65684167e+01
 1.04802568e+02
 1.06620008e+01
 2.90979785e+01
 2.24842691e+01
 4.93428899e+01
 6.22263759e+01
 1.17812662e+02
 9.07055751e+01
 2.47865357e+01
 8.08436296e+01
 6.46751405e+01
 1.59135462e+02
 4.34817110e+01
 1.79297337e+01
 1.83328792e+01
 1.44396637e+01
 4.59331559e+01
 5.16483695e+01
 1.10958222e+02
 1.68480682e+01
 1.44002671e+01
 1.21744964e+01
 5.07865852e+01
 1.20430708e+02
 3.26955336e+01
 9.28103945e+01
 1.42682121e+01
 1.90254745e+01
 3.06063853e+01
 6.97783349e+01
 5.09248709e+01
 7.47815752e+01
 3.54397463e+01
 5.31941423e+01
 1.02319234e+02
 2.97368657e+01
 4.45030307e+01
 9.19380078e+01
 4.61906449e+01
 5.92836480e+01
 2.25595702e+01
 4.26048534e+01
 1.07328957e+02
 1.66658062e+01
 7.46814260e+01
 2.35419175e+01
 5.51486664e+01
 3.36505648e+01
 5.64362745e+01
 6.67871940e+01
 5.83632267e+01
 6.60037867e+01
 8.44656845e+00
 1.53730071e+01
 5.25565802e+01
 9.88204979e+01
 8.48478622e+01
 4.02304312e+01
 3.30248331e+01
 8.02178431e+01
 5.63867453e+01
 1.85185845e+01
 4.32683965e+01
 3.60396459e+01
 4.89229348e+01
 5.44859654e+01
 7.70823968e+01
 2.95439118e+01
 4.88765974e+01
 6.96910020e+01
 9.31434956e+01
 6.45382339e+01
 7.36090229e+01
 4.61543535e+01
 5.05461572e+01
 3.57462162e+01
 4.79119987e+01
 7.79856069e+01
 8.82631211e+01
 6.00211317e+01
 3.03709663e+01
 6.83891891e+01
 4.24297591e+01
 5.56876125e+01
 2.76910533e+01
 1.24279552e+01
 2.98026082e+01
 2.61383572e+00
 3.93228444e+01
 3.06474014e+01
 5.58752277e+01
 7.80241741e+01
 3.79017216e+01
 1.19357391e+02
 1.62263590e+01
 6.30684254e+01
 1.17934531e+02
 5.07585463e+01
 4.68345893e+01
 5.16123810e+01
 1.95992204e+01
 6.67237866e+01
 6.25149147e+01
 8.87827110e+01
 4.68908509e+01
 6.66340043e+01
 9.44103019e+01
 9.77476992e+01
 8.02690841e+01
 3.39930456e+01
 4.97283513e+01
 3.25041798e+00
 3.41201556e+01
 6.35976673e+01
 1.23787192e+02
 7.07711441e+01
 3.29866380e+01
 2.09080855e+01
 4.51905458e+01
 7.17539499e+01
 1.92664116e+01
 3.40193427e+00
 1.58687322e+01
 4.03882566e+01
 1.25009874e+01
 5.96430408e+01
 3.55110867e+01
 9.72163273e+01
 6.83965994e+01
 4.55995183e+00
 4.24455396e+01
 1.38932622e+02
 7.68966437e+01
 4.91411168e+01
 8.41498730e+01
 4.69444679e+01
 6.43247047e+01
 5.40742814e+01
 5.93936799e+01
 7.46945773e+01
 2.64128274e+01
 1.95753173e+01
 4.08461405e+01
 7.23590451e+01
 5.92595326e+01
 5.82980883e+01
 2.75306256e+01
 3.62186164e+01
 6.62993284e+01
 6.62692260e+01
 7.47228378e+01
 7.86428953e+01
 1.00305675e+02
 1.17731319e+02
 5.66736610e+01
 1.21293604e+02
 1.50694894e+01
 9.18086762e+01
 2.83821553e+01
 2.17976108e+01
 1.08071710e+02
 2.84915992e+01
 1.00578661e+02
 4.20654732e+01
 7.98320894e+01
 6.33604032e+01
 2.39625520e+01
 7.11629250e+01
 2.83608289e+01
 7.42933288e+01
 7.27397612e+01
 3.67057649e+01
 3.37152233e+01
 2.15122480e+01
 3.65694442e+01
 1.83055288e+01
 2.33834734e+01
 9.54338979e+01
 5.69146732e+01
 3.83223319e+01
 2.22864758e+01
 5.22331781e+01
 5.73571333e+01
 5.73325106e+01
 3.52105586e+01
 2.55518779e+01
 1.35358293e+02
 5.91277204e+01
 1.00170818e+02
 2.84552375e+01
 6.67284401e+01
 1.29683867e+02
 3.40785625e+01
 3.61030982e+01
 4.46295209e+01
 9.23425718e+00
 3.61791839e+01
 5.55233485e+01
 1.20817524e+02
 1.29876163e+02
 6.61421242e+01
 3.72373929e+01
 1.65285389e+02
 6.89602048e+01
 1.33631864e+01
 3.18622627e+01
 2.28458624e+01
 2.20849722e+01
 2.22818371e+00
 5.53449633e+01
 4.87010648e+01
 2.50204493e+01
 3.19176961e+01
 7.74726278e+01
 4.76650628e+01
 6.72410288e+01
 1.90400708e+01
 5.94718509e+01
 3.62543026e+01
 5.28937051e+01
 7.60258053e+01
 3.53308542e+01
 6.07113949e+01
 7.73029480e+01
 2.27672530e+01
 1.69086578e+01
 3.51793293e+01
 9.97303910e+01
 6.99790637e+01
 6.13613757e+01
 6.18370662e+01
 4.83721878e+01
 8.20971416e+01
 2.43072125e+01
 5.39553699e+01
 9.83294210e+01
 1.05309141e+01
 9.89572952e+01
 2.86634945e+01
 1.11727818e+01
 2.70162069e+01
 3.29871495e+01
 9.44670764e+00
 3.87167226e+01
 3.22543938e+01
 3.09666395e+01
 6.15140782e+01
 1.51848645e+01
 2.03624211e+01
 3.32208828e+01
 9.05014139e+01
 5.92205102e+01
 2.83687875e+01
 2.01723201e+01
 1.68047312e+01
 2.54171886e+01
 6.75903158e+01
 1.08263906e+02
 5.33609638e+01
 3.47960073e+01
 2.08224555e+01
 3.42241261e+01
 4.98642107e+01
 8.76820496e+01
 3.24513459e+01
 6.64626713e+01
 2.26912939e+01
 6.30037111e+01
 1.63638371e+02
 4.11428111e+01
 5.38814132e+01
 1.09389683e+01
 4.17130944e+01
 9.34675346e+00
 1.05533327e+02
 5.01960517e+01
 4.30469810e+01
 2.64810084e+01
 3.56483304e+01
 7.81610853e+01
 2.73165994e+01
 8.28957295e+01
 5.49035402e+01
 5.94514588e+01
 1.33899875e+01
 2.87004078e+01
 7.66864381e+01
 2.49789693e+01
 4.50251405e+01
 9.29160385e+01
 4.49786568e+01
 6.49331980e+01
 8.80302599e+01
 1.37491357e+01
 6.43952071e+01
 5.05155537e+01
 3.01090144e+01
 3.21078909e+01
 9.31403650e+01
 4.62778047e+01
 1.79776743e+01
 1.13548109e+02
 4.56467516e+01
 3.41426963e+01
 6.95027048e+01
 7.10795641e+01
 6.49433878e+01
 4.56903310e+01
 1.72903983e+01
 5.97403506e+01
 3.88989479e+01
 6.16923830e+01
 5.56719832e+01
 2.33313456e+01
 3.75271077e+01
 4.82660258e+01
 1.39951753e+01
 4.04775782e+01
 4.92254897e+01
 2.77411813e+01
 2.29480839e+01
 1.70673480e+01
 1.10009316e+01
 1.10852423e+02
 5.88639073e+01
 7.95681011e+01
 5.55587584e+01
 3.24190516e+01
 7.24089342e+01
 1.22977616e+02
 1.47212632e+02
 5.34847638e+01
 3.42723465e+01
 4.13093631e+01
 1.27778662e+02
 9.74158004e+01
 7.19720372e+01
 5.62345899e+01
 4.08122529e+01
 2.61686970e+01
 3.88497093e+01
 9.00999281e+01
 1.38212680e+02
 9.36845401e+01
 3.50297423e+01
 1.93727391e+01
 2.07734781e+01
 2.35935532e+01
 6.96547972e+01
 9.24639004e+00
 2.11018539e+01
 3.46134089e+01
 2.25614556e+01
 1.02419047e+02
 2.47981993e+01
 1.73362254e+01
 1.59148869e+01
 9.07377331e+00
 2.85197184e+01
 6.13620383e+01
 4.41983873e+01
 6.39504829e+01
 1.98656800e+01
 5.05880339e+00
 1.48149848e+01
 4.45209235e+01
 5.15650979e+01
 4.85933638e+01
 4.57045040e+01
 2.04133906e+01
 2.27661239e+01
 5.23096585e+01
 7.04577182e+00
 4.52447011e+01
 1.00937570e+02
 2.03067525e+01
 7.69150929e+01
 7.67960577e+01
 1.64728194e+02
 6.17792223e+01
 2.11752065e+01
 1.37764355e+01
 2.15843329e+01
 5.69232298e+01
 7.17871502e+01
 2.10483084e+01
 2.75421283e+01
 2.98199738e+01
 6.01716184e+01
 9.73952359e+01
 6.48282240e+01
 3.29664967e+01
 2.40388255e+01
 2.88118446e+01
 7.70524166e+01
 1.21008038e+02
 9.12347948e+01
 1.89063078e+01
 3.18201419e+01
 9.56048268e+00
 4.71741372e+01
 6.65781835e+01
 9.43801468e+01
 4.41033695e+01
 8.10577580e+01
 2.02197890e+01
 3.44425537e+01
 8.50494843e+01
 6.19461646e+01
 8.09944320e+01
 5.84112254e+01
 9.78048872e+01
 1.48239785e+01
 5.12842628e+01
 5.13608791e+01
 7.02187840e+01
 6.80233228e+01
 6.36507928e+01
 1.02409026e+01
 4.69538408e+01
 3.55386222e+01
 5.71527488e+01
 1.12963693e+01
 3.06593800e+01
 5.19935302e+01
 6.86278433e+01
 2.85720335e+01
 9.09047480e+01
 4.07470512e+01
 5.32269551e+01
 5.11165460e+00
 1.19653423e+01
 7.37477188e+01
 4.01883275e+01
 3.93957220e+01
 2.95745448e+01
 1.07169146e+02
 5.70061313e+01
 5.07839634e+01
 6.76945740e+00
 6.23817732e+01
 3.07094496e+00
 2.96631991e+01
 2.11562959e+01
 1.12101638e+02
 2.64525925e+01
 3.85516415e+01
 2.11352895e+01
 4.59039532e+01
 5.73353200e+01
 5.81020544e+00
 1.25650946e+01
 6.87984709e+00
 6.29407405e+01
 2.11369011e+01
 1.32918882e+02
 1.17499815e+02
 1.25246969e+01
 2.22870583e+01
 2.78395027e+01
 9.97258893e+01
 7.82997837e+01
 7.00116076e+01
 1.33690681e+01
 3.65660265e+01
 2.31603098e+01
 3.26886098e+01
 7.90581898e+01
 4.82630058e+01
 3.71339680e+01
 3.28773594e+01
 4.40565347e+01
 7.15797717e+01
 7.74946809e+01
 7.55797998e+01
 1.06415819e+02
 3.09110863e+01
 3.95562245e+01
 3.45803208e+01
 1.60570007e+02
 7.07481405e+01
 3.52837576e+01
 1.91869595e+01
 2.19011853e+01
 5.03939857e+01
 7.06866734e+01
 7.84680564e+01
 4.81948153e+01
 4.60133243e+01
 1.05500817e+01
 5.90726795e+01
 2.13995100e+01
 1.60207327e+01
 4.24934640e+01
 1.04330019e+02
 1.03836731e+01
 1.67463685e+01
 2.74197413e+01
 3.92357090e+01
 1.03380125e+01
 3.98523265e+01
 1.82901970e+01
 4.65224638e+01
 1.13264221e+01
 3.79124495e+01
 4.42805165e+01
 3.98159182e+01
 2.36141676e+01
 8.49107400e+01
 3.28091254e+01
 9.42444329e+01
 6.98901940e+01
 3.15329752e+01
 1.64523846e+01
 5.98055701e+01
 1.98388293e+01
 8.47884847e+01
 3.52844689e+01
 3.67331404e+01
 2.07290486e+01
 4.28876901e+01
 8.05571313e+01
 8.26631587e+01
 1.90708126e+01
 1.69254455e+01
 5.72747615e+00
 2.42858237e+01
 2.59778423e+01
 5.90569344e+00
 1.11587200e+01
 1.35596445e+01
 6.60325747e+01
 3.90948503e+01
 5.09351398e+01
 6.44129314e+01
 3.98747319e+01
 1.40651601e+01
 4.73407102e+01
 2.91359101e+01
 3.39194397e+01
 4.91665287e+00
 5.56148787e+01
 7.76118642e+01
 1.05253284e+01
 8.20763980e+00
 5.15821027e+01
 2.66125105e+01
 5.02399819e+01
 7.29157761e+00
 1.86519392e+01
 4.15204070e+01
 9.17262812e+01
 5.05475061e+01
 3.88725759e+01
 3.83143468e+01
 3.28983650e+01
 1.39468233e+01
 8.76619510e+01
 2.40974354e+01
 3.67862014e+01
 4.90593941e+01
 5.30686157e+01
 3.08126299e+01
 5.07624683e+01
 4.70673556e+01
 4.50219784e+01
 5.07844117e+01
 3.74463953e+01
 7.73485433e+01
 1.62028968e+01
 6.39032345e+01
 5.69749475e+01
 4.13248115e+00
 1.88915932e+01
 1.22241454e+02
 1.32196640e+02
 3.23194488e+01
 4.07176683e+01
 1.82521444e+01
 2.49752530e+01
 5.71436382e+01
 1.46099936e+02
 1.26251771e+02
 4.81738957e+01
 3.64454816e+01
 6.30380875e+01
 9.62017993e+00
 6.24042574e+01
 3.74607602e+01
 4.88316290e+01
 2.88688516e+01
 1.39837434e+01
 3.99850246e+01
 7.72272610e+01
 4.63456275e+01
 3.77274022e+01
 3.04931482e+01
 4.98827693e+00
 1.56351393e+01
 5.22404033e+01
 3.47911110e+01
 2.84561778e+01
 1.96979682e+01
 1.05725568e+01
 1.05086552e+01
 1.41623195e+02
 5.14764815e+01
 1.90308061e+01
 9.43884974e+00
 2.56890021e+01
 6.12908706e+01
 6.70477281e+01
 3.12383782e+01
 1.09547511e+02
 2.98061063e+01
 1.72256121e+01
 8.05185576e+00
 6.75961981e+01
 7.72880480e+01
 1.53624577e+01
 2.80573330e+01
 9.85654783e+00
 2.44454180e+01
 2.25317219e+01
 1.78307157e+02
 2.63223109e+01
 2.23517997e+01
 6.75794470e+01
 6.14915453e+01
 5.75840598e+01
 6.30497657e+01
 4.37886788e+01
 4.00504334e+01
 2.36049975e+01
 5.99053216e+01
 3.87817719e+01
 4.79578532e+01
 8.42220916e+00
 3.46924252e+00
 6.23471523e+00
 6.68313342e+01
 1.02706038e+02
 4.15086320e+01
 1.15805811e+01
 8.58739015e+01
 9.00264238e+00
 4.23479428e+01
 9.83061939e+01
 6.43785123e+01
 5.41233022e+01
 3.86653145e+01
 4.76138982e+01
 1.60959724e+01
 3.56998266e+01
 8.11121391e+01
 5.10985507e+01
 3.71709999e+01
 4.97153187e+01
 1.72855187e+01
 8.26479544e+00
 6.03283400e+01
 3.67498805e+01
 5.51596944e+01
 4.30540526e+01
 6.70141504e+01
 4.94871901e+01
 4.25921655e+01
 7.64585284e+01
 8.97299869e+01
 3.22756600e+01
 4.13680853e+01
 8.95514178e+00
 3.94792386e+01
 6.85557963e+01
 4.95827229e+01
 4.84961587e+01
 3.86282680e+01
 1.02764782e+01
 6.01255441e+01
 5.15929940e+01
 2.21457295e+01
 1.46430063e+01
 1.62115403e+01
 1.71910598e+01
 2.26804202e+01
 3.72636991e+01
 6.20108400e+01
 2.46983516e+01
 7.95226796e+01
 8.99143245e+01
 2.31760366e+01
 3.89008079e+01
 6.03187267e+00
 6.06220769e+01
 4.00448190e+01
 3.24119854e+01
 1.98577562e+01
 3.34922132e+01
 2.04251114e+01
 5.91840515e+01
 5.23180139e+01
 6.38034315e+01
 1.21625825e+02
 1.15574226e+02
 4.57820173e+01
 2.41296027e+01
 3.93009005e+01
 3.66406044e+01
 4.23968827e+01
 6.59449795e+01
 7.92376930e+01
 4.52465155e+00
 4.41930937e+01
 6.17888641e+01
 4.00941765e+01
 5.92984582e+01
 2.36762989e+01
 7.66391208e+00
 9.83711000e+00
 3.32756342e+01
 1.78074493e+01
 4.24978342e+01
 1.63622968e+01
 1.95551428e+01
 3.98540146e+01
 1.00194189e+02
 9.11916885e+01
 2.77302264e+01
 3.73214540e+01
 5.25013807e+01
 7.41158661e+01
 3.47781824e+01
 4.00487653e+01
 1.26593523e+01
 2.52790102e+01
 4.22594104e+01
 3.01469818e+01
 3.58651400e+01
 1.92367146e+01
 5.27014247e+01
 9.11921428e+00
 5.99836720e+01
 8.66316118e+01
 3.21714800e+01
 3.81963736e+01
 6.63954770e+01
 7.04549043e+01
 1.48522039e+01
 1.18857049e+01
 1.06006752e+02
 1.29817935e+02
 7.58131826e+01
 2.90897497e+01
 3.33084128e+01
 9.46821584e+01
 5.64236812e+01
 2.12336445e+01
 1.15524005e+01
 4.12668685e+00
 2.46886441e+01
 6.15731315e+01
 7.97254653e+01
 1.51247812e+02
 7.57235586e+01
 5.58686505e+01
 6.56789937e+01
 2.97668709e+01
 1.20722348e+01
 2.84098607e+01
 5.68540915e+01
 7.46291971e+00
 4.99846451e+01
 2.62947184e+01
 6.16984715e+01
 6.36358796e+01
 4.26667071e+01
 8.88527940e+00
 2.79644365e+01
 3.29520717e+01
 4.93149052e+01
 8.72353163e+01
 2.04758165e+01
 4.11676810e+01
 2.99571109e+01
 2.10737523e+01
 6.85330707e+01
 8.35698636e+01
 4.41784389e+01
 2.79933371e+01
 1.08803253e+01
 4.60164834e+01
 8.41985441e+01
 4.50634201e+01
 5.30806678e+00
 2.16225347e+01
 5.92226923e+01
 1.69610207e+01
 2.94612185e+01
 2.45113029e+01
 5.48065072e+01
 3.93183646e+01
 5.80429767e+01
 1.58942329e+01
 1.71016735e+01
 3.43472507e+01
 2.96829499e+01
 1.03717026e+01
 4.21594223e+01
 9.02509381e+01
 7.94732790e+01
 6.85382035e+01
 6.14404200e+01
 6.40678782e+01
 2.11601569e+01
 5.80552260e+01
 7.28441629e+01
 2.24288256e+01
 1.57631211e+01
 3.28023845e+01
 1.60448756e+01
 6.54126376e+01
 2.62576182e+01
 1.46046611e+02
 4.73272129e+01
 1.12541158e+01
 2.95619860e+01
 6.35480909e+01
 5.03396680e+01
 2.63686357e+01
 3.10623637e+01
 3.12969301e+01
 1.75416185e+01
 6.54633111e+01
 6.27416114e+01
 6.13685083e+01
 1.01379052e+02
 3.57792820e+01
 5.10957946e+01
 8.40014115e+01
 2.55191015e+01
 3.75030192e+01
 3.09757825e+00
 3.16173725e+01
 6.63338857e+01
 1.89239857e+01
 6.08785548e+01
 6.37066744e+01
 5.42121522e+01
 3.28964430e+01
 7.37317453e+01
 1.97886911e+01
 1.16267142e+02
 5.58287463e+01
 2.41135397e+01
 2.00750485e+01
 8.74896331e+01
 5.83093328e+01
 3.61159567e+01
 1.35268366e+02
 7.64747804e+01
 4.66012409e+01
 3.74653651e+01
 2.99400062e+01
 3.09517746e+01
 1.51517394e+01
 1.92220462e+01
 1.70743332e+01
 2.92157324e+01
 1.06618035e+01
 2.19754650e+01
 1.02221425e+02
 7.99107011e+01
 1.06286643e+01
 2.19296328e+01
 2.91166123e+01
 3.55481381e+01
 1.43381973e+02
 8.30151983e+01
 2.08762666e+01
 1.38808620e+01
 3.11976051e+01
 1.07170473e+02
 3.96408654e+01
 5.85162176e+01
 5.50765004e+01
 1.84143826e+01
 5.96710634e+00
 1.32658616e+01
 3.90246120e+01
 5.34284505e+01
 8.91319524e+00
 8.07422509e+00
 3.19466697e+01
 6.13709518e+01
 9.61640812e+01
 1.08012408e+02
 1.06764462e+01
 5.43633630e+00
 7.99184617e+01
 3.73155589e+01
 4.15777362e+00
 5.62278032e+01
 1.79646427e+01
 4.87176006e+01
 1.41425564e+01
 6.50831375e+01
 4.15065565e+01
 3.25896717e+01
 6.73076434e+01
 1.76561769e+01
 5.79802933e+01
 5.52591413e+01
 2.62927012e+01
 2.15536059e+01
 2.74608052e+01
 9.15979567e+01
 1.12863038e+01
 5.07392814e+01
 4.12693398e+01
 9.74462974e+01
 8.15195585e+01
 1.67040358e+01
 4.38464607e+00
 1.39249905e+02
 5.54148746e+01
 9.51889249e+01
 5.61986688e+01
 2.17384659e+01
 4.61228123e+01
 1.28612572e+01
 4.83869828e+01
 5.02721606e+01
 1.86257075e+00
 2.43446008e+01
 5.71183534e+01
 8.83472017e+01
 2.52737248e+01
 2.76715452e+01
 2.18199060e+01
 9.20476789e+01
 4.65744694e+01
 1.00682475e+02
 3.80892612e+01
 4.21692228e+01
 5.67521989e+00
 7.06354148e+00
 4.13693771e+01
 3.44734668e+01
 1.20957372e+02
 3.68058547e+01
 2.34322443e+01
 3.07097063e+01
 3.72442794e+01
 2.40835320e+01
 1.11579030e+02
 4.41163306e+01
 2.54537170e+01
 3.06179489e+01
 2.24824496e+01
 1.10736323e+02
 1.29719244e+02
 2.89977448e+01
 3.51892363e+01
 6.90513656e+01
 6.99222652e+01
 5.88407905e+01
 5.60117162e+01
 1.93552848e+01
 2.15672183e+01
 1.40764558e+01
 2.29754761e+01
 2.39111479e+01
 3.43504214e+01
 2.83185321e+01
 3.89696160e+01
 2.51155828e+01
 5.09124327e+01
 3.39920951e+01
 1.14306394e+02
 7.25385229e+01
 2.70319320e+01
 1.30946003e+02
 1.28502068e+01
 1.43004117e+02
 1.66481386e+01
 9.93565638e+01
 6.17521671e+01
 3.28891151e+01
 2.07841618e+01
 4.18544850e+01
 7.00365619e+01
 5.69453242e+01
 5.06845409e+01
 7.80785610e+01
 1.97344177e+01
 1.57297205e+02
 5.25753174e+01
 3.40037298e+01
