 1.27379761e+00
 2.33684692e+00
 5.67321167e+00
 9.67601929e+00
 1.45737549e+01
 1.86851135e+01
 2.36121765e+01
 2.22059265e+01
 1.72930847e+01
 1.14888245e+01
 8.29097900e+00
 2.73736572e-01
 7.95898438e-03
 7.03783569e+00
 6.53203735e+00
 1.21525513e+01
 1.73431946e+01
 2.40375610e+01
 2.79595886e+01
 2.46884399e+01
 1.70975891e+01
 1.12780090e+01
 7.43474731e+00
 7.12328491e+00
 5.63619385e+00
 7.97719727e+00
 7.64702759e+00
 1.10443054e+01
 1.35820557e+01
 2.27973267e+01
 2.43074585e+01
 2.38453613e+01
 1.92287842e+01
 1.14047485e+01
 2.97405396e+00
 4.07378540e+00
 6.06392822e+00
 5.95641479e+00
 5.84224854e+00
 1.07369934e+01
 1.48934265e+01
 2.03577515e+01
 2.52756592e+01
 2.40736633e+01
 1.65377136e+01
 9.46224365e+00
 5.22545776e+00
 -7.51403809e-02
 3.08034668e+00
 2.87307129e+00
 9.70067749e+00
 1.05709167e+01
 1.56904846e+01
 1.99439636e+01
 2.37913147e+01
 2.10374390e+01
 1.86402222e+01
 1.25010315e+01
 5.80892334e+00
 3.33876953e+00
 4.18618164e+00
 4.39644775e+00
 7.82897339e+00
 1.03728882e+01
 1.45883423e+01
 1.96454712e+01
 2.38701416e+01
 2.23868652e+01
 1.77931152e+01
 1.14339844e+01
 2.27752075e+00
 3.72298584e+00
 4.47539673e+00
 2.69036865e-01
 6.27010498e+00
 1.28972412e+01
 1.63344360e+01
 1.79439636e+01
 2.03626953e+01
 2.07117554e+01
 1.42799316e+01
 8.10418091e+00
 7.55053101e+00
 4.57015381e+00
 2.13253174e+00
 3.17092285e+00
 8.41616211e+00
 9.93407593e+00
 1.42610718e+01
 2.27208496e+01
 2.42561584e+01
 2.58597656e+01
 1.88832642e+01
 1.26056763e+01
 6.18422852e+00
 -6.74566650e-01
 -2.56445312e-01
 -1.82165527e-01
 2.75435791e+00
 9.94384155e+00
 1.18178650e+01
 2.13312622e+01
 2.64938904e+01
 2.31333557e+01
 1.70244385e+01
 1.36736389e+01
 2.38475952e+00
 5.72656250e-01
 3.40096436e+00
 1.15825806e+00
 7.84951172e+00
 8.26012573e+00
 1.19204651e+01
 1.63806396e+01
 2.50648743e+01
 2.55435425e+01
 1.89299255e+01
 1.26542908e+01
 9.49349365e+00
 2.81932983e+00
 3.64183960e+00
 9.41827393e-01
 9.31948242e+00
 1.05044495e+01
 1.39257751e+01
 2.33043457e+01
 2.72427612e+01
 2.65188843e+01
 1.69501587e+01
 1.16471802e+01
 6.61263428e+00
 6.79998169e+00
 1.52037964e+00
 4.15291748e+00
 5.95891724e+00
 1.16268555e+01
 1.47166687e+01
 1.81606079e+01
 2.43897949e+01
 2.44710022e+01
 2.04508606e+01
 8.91240845e+00
 8.30745850e+00
 3.41912231e+00
 6.64824829e+00
 5.55578003e+00
 8.07122192e+00
 1.30476318e+01
 1.42701965e+01
 2.00701843e+01
 2.35295654e+01
 2.25193726e+01
 1.59427734e+01
 1.04609009e+01
 7.91634521e+00
 1.92769775e+00
 6.05773315e+00
 5.76531372e+00
 7.07982788e+00
 1.06158386e+01
 1.56986633e+01
 1.90743652e+01
 2.41177917e+01
 2.50221191e+01
 1.54716736e+01
 1.24831177e+01
 6.34789429e+00
 4.67562256e+00
 4.54976807e+00
 4.88131104e+00
 8.88881836e+00
 1.18995605e+01
 1.55734497e+01
 2.35004517e+01
 2.31031128e+01
 2.30677429e+01
 2.10375916e+01
 1.20552612e+01
 6.23378906e+00
 3.40075073e+00
 5.77495728e+00
 -2.29779663e+00
 3.23513184e+00
 8.72045288e+00
 1.58803345e+01
 1.87721497e+01
 2.06112610e+01
 2.07838074e+01
 1.47106262e+01
 1.36143433e+01
 8.41387329e+00
 4.42131958e+00
 -1.66919556e+00
 1.09548340e+00
 6.82662354e+00
 1.08525330e+01
 1.66655518e+01
 1.97748657e+01
 2.55379883e+01
 2.35424744e+01
 1.97804199e+01
 1.12584473e+01
 8.41381226e+00
 8.74797974e+00
 6.27349243e+00
 6.36611328e+00
 6.96859131e+00
 1.03436523e+01
 1.28846985e+01
 1.71622253e+01
 2.64522949e+01
 2.41664978e+01
 1.96302734e+01
 1.11573120e+01
 5.56807861e+00
 5.12822876e+00
 2.24355469e+00
 5.43169556e+00
 5.42672119e+00
 9.48504028e+00
 1.34965759e+01
 1.70122925e+01
 2.14963318e+01
 2.31529175e+01
 1.82061096e+01
 1.57000977e+01
 9.75924072e+00
 -2.51199951e+00
 1.59166870e+00
 1.62612305e+00
 4.94909058e+00
 9.13125000e+00
 1.47032104e+01
 2.15402771e+01
 2.41150757e+01
 2.31316162e+01
 1.75041748e+01
 1.17919861e+01
 5.71465454e+00
 6.23897705e+00
 2.15792236e+00
 3.38878784e+00
 1.23023926e+01
 1.11925293e+01
 1.78659302e+01
 1.84128052e+01
 2.03434998e+01
 2.34473511e+01
 1.74540344e+01
 1.33019958e+01
 3.86684570e+00
 3.52834473e+00
 4.32387695e+00
 4.32595215e+00
 6.82326660e+00
 1.01229187e+01
 1.60015808e+01
 1.70135132e+01
 2.35989319e+01
 2.40790344e+01
 1.59798828e+01
 9.62606201e+00
 7.45928345e+00
 5.30748901e+00
 2.74773560e+00
 1.75710449e+00
 4.52324829e+00
 9.79451904e+00
 1.30082642e+01
 1.99844604e+01
 2.26122681e+01
 2.14742676e+01
 1.73794495e+01
 1.03933655e+01
 2.57497559e+00
 1.73284302e+00
 5.19585571e+00
 7.03359375e+00
 8.40822754e+00
 8.57769165e+00
 1.55057922e+01
 2.32547546e+01
 2.79215027e+01
 2.41197754e+01
 1.79290405e+01
 1.24933411e+01
 9.73842773e+00
 6.37218628e+00
 6.11993408e-01
 8.24792480e-01
 3.43517456e+00
 9.12136230e+00
 1.48521973e+01
 2.22594849e+01
 2.63495117e+01
 2.54928223e+01
 1.54984070e+01
 1.06527649e+01
 6.27929077e+00
 7.02419434e+00
 3.40728149e+00
 5.94280396e+00
 7.11834106e+00
 8.34252319e+00
 1.60738770e+01
 2.06644531e+01
 2.53621155e+01
 2.21541687e+01
 1.78655945e+01
 1.38132874e+01
 8.68511353e+00
 6.43850098e+00
 -2.83054199e+00
 -5.40274658e+00
 6.07406006e+00
 1.07098328e+01
 1.51073547e+01
 1.78075195e+01
 2.17914673e+01
 2.14908997e+01
 1.77218262e+01
 1.17323853e+01
 1.00671936e+01
 2.37151489e+00
 4.93596802e+00
 1.27813110e+00
 5.39943848e+00
 9.54973755e+00
 1.40302673e+01
 1.97033630e+01
 2.71334473e+01
 2.48350464e+01
 1.69665771e+01
 1.15198303e+01
 6.90154419e+00
 3.55492554e+00
 3.75243530e+00
 2.10531006e+00
 8.80364380e+00
 1.11791016e+01
 1.73890015e+01
 2.35467163e+01
 2.30726868e+01
 2.48635803e+01
 1.80608765e+01
 1.51707703e+01
 8.98150024e+00
 3.86751709e+00
 3.89306030e+00
 7.68877563e+00
 7.78103027e+00
 9.11809692e+00
 1.70735107e+01
 2.31407410e+01
 2.71932922e+01
 2.55470825e+01
 1.82725769e+01
 1.53221375e+01
 9.52379761e+00
 3.96859131e+00
 5.69732056e+00
 5.39833984e+00
 4.42696533e+00
 9.92769775e+00
 1.44173523e+01
 2.24749390e+01
 2.48284241e+01
 2.82782532e+01
 1.99012390e+01
 1.03523193e+01
 9.83577881e+00
 7.38030396e+00
 4.43059692e+00
 3.71282349e+00
 4.79784546e+00
 9.62227783e+00
 1.37436768e+01
 1.91582275e+01
 2.77562195e+01
 2.72438293e+01
 1.83654419e+01
 1.09832397e+01
 9.93914185e+00
 3.60939941e+00
 3.08599243e+00
 3.11046753e+00
 6.78069458e+00
 9.37627563e+00
 1.23713928e+01
 2.08684631e+01
 2.13710266e+01
 2.27715088e+01
 1.84599854e+01
 1.31455933e+01
 8.27288208e+00
 3.74453125e+00
 5.63884888e+00
 7.73586426e+00
 9.64101563e+00
 1.02910400e+01
 1.45047241e+01
 2.36431824e+01
 2.71557251e+01
 2.39388062e+01
 2.04846130e+01
 1.32430969e+01
 8.90895996e+00
 4.78475342e+00
 1.80471191e+00
 3.46965942e+00
 5.12279663e+00
 1.13954407e+01
 1.26228882e+01
 2.04972778e+01
 2.87497803e+01
 2.29396606e+01
 2.09073730e+01
 1.53273865e+01
 1.10735718e+01
 6.85228882e+00
 2.39669189e+00
 5.07167969e+00
 1.15071045e+01
 1.26279541e+01
 1.46299072e+01
 2.35442139e+01
 2.71115967e+01
 2.18547913e+01
 1.67499634e+01
 1.04101807e+01
 7.08962402e+00
 4.92180786e+00
 2.00716553e+00
 2.47365723e+00
 7.98586426e+00
 7.13237915e+00
 1.28198486e+01
 1.92119385e+01
 2.15507751e+01
 2.19359985e+01
 1.75122620e+01
 1.40039307e+01
 9.96193848e+00
 6.94896851e+00
 1.55452881e+00
 4.40038452e+00
 9.62191162e+00
 9.66646729e+00
 1.68580566e+01
 2.53147522e+01
 2.83674255e+01
 2.48109070e+01
 2.07440735e+01
 1.04323975e+01
 8.45733032e+00
 6.87700806e+00
 5.81636963e+00
 6.01375732e+00
 9.00167236e+00
 9.45806274e+00
 1.32747742e+01
 2.21685730e+01
 2.23948303e+01
 2.33632751e+01
 1.94634033e+01
 1.15831238e+01
 6.05941162e+00
 6.76458130e+00
 5.40157471e+00
 8.05248413e+00
 1.02296082e+01
 1.44875427e+01
 1.81823364e+01
 2.27056213e+01
 2.72646118e+01
 2.59048401e+01
 1.96976868e+01
 1.17303101e+01
 2.52938232e+00
 3.01894531e+00
 7.39281616e+00
 5.50408325e+00
 1.14109741e+01
 1.21178223e+01
 1.72113586e+01
 2.08568665e+01
 2.14020630e+01
 2.02178589e+01
 1.49948059e+01
 1.41558472e+01
 4.63698730e+00
 6.75579224e+00
 -1.12341309e-01
 4.70003662e+00
 7.21883545e+00
 1.06823364e+01
 1.68571716e+01
 2.43354126e+01
 2.65094238e+01
 2.40408875e+01
 1.69337402e+01
 1.17414795e+01
 9.87868652e+00
 5.08532104e+00
 4.38121948e+00
 3.50732422e-01
 9.04454956e+00
 1.13709351e+01
 1.58432556e+01
 2.18658691e+01
 2.35613342e+01
 2.12432495e+01
 1.92120300e+01
 1.09438110e+01
 6.08831177e+00
 3.33754883e+00
 2.64215088e-01
 7.19167480e+00
 6.44463501e+00
 1.15497375e+01
 1.40457092e+01
 2.10563599e+01
 2.56287170e+01
 2.34136597e+01
 2.34644409e+01
 1.43514038e+01
 7.53536377e+00
 4.37429199e+00
 2.88649902e+00
 7.88768921e+00
 7.22615967e+00
 1.12855469e+01
 1.26329285e+01
 2.08915039e+01
 2.92317139e+01
 2.59623657e+01
 1.94214722e+01
 1.43473755e+01
 7.98735962e+00
 1.14244995e+00
 5.43334351e+00
 7.21904907e+00
 8.82027588e+00
 9.71907959e+00
 1.96270691e+01
 2.52760864e+01
 2.43209473e+01
 2.57907349e+01
 1.74330994e+01
 1.06226746e+01
 9.18029175e+00
 2.07635498e-01
 6.38808594e+00
 2.01342163e+00
 7.18236694e+00
 1.05284363e+01
 1.73153931e+01
 1.76141296e+01
 2.24712463e+01
 2.26140076e+01
 2.06790405e+01
 1.23226563e+01
 8.16118774e+00
 9.04982910e+00
 5.67006836e+00
 6.64473877e+00
 9.78673706e+00
 1.02196289e+01
 1.84447571e+01
 2.33651062e+01
 2.48829285e+01
 2.36271912e+01
 1.63132874e+01
 1.07259155e+01
 8.61275635e+00
 4.09267578e+00
 4.12175903e+00
 1.43065796e+00
 1.12652832e+01
 1.16517273e+01
 1.43521973e+01
 2.15722900e+01
 2.46582886e+01
 2.17401672e+01
 1.88263184e+01
 1.27578674e+01
 8.42733154e+00
 6.42394409e+00
 5.67971191e+00
 7.59801636e+00
 9.82308350e+00
 9.81224976e+00
 1.60587402e+01
 2.30352112e+01
 2.59568115e+01
 2.47140137e+01
 2.02583862e+01
 1.02620789e+01
 9.05989990e+00
 7.62935791e+00
 1.80553589e+00
 3.22078857e+00
 5.75481567e+00
 1.15226990e+01
 1.76598450e+01
 2.53750854e+01
 2.68347717e+01
 2.71984192e+01
 1.91417786e+01
 9.70336304e+00
 8.20095215e+00
 5.34465942e+00
 3.31362305e+00
 5.59783325e+00
 8.85662231e+00
 1.01899658e+01
 1.56191040e+01
 1.87302490e+01
 2.48552490e+01
 2.08731018e+01
 1.82203308e+01
 1.28631226e+01
 8.36281738e+00
 7.82445679e+00
 2.04970703e+00
 -1.14847412e+00
 8.28273926e+00
 1.40014587e+01
 1.35158936e+01
 2.18226563e+01
 2.59309326e+01
 2.77941528e+01
 2.13119141e+01
 1.30639587e+01
 1.12211243e+01
 3.88161621e+00
 6.89342651e+00
 6.25490723e+00
 1.02138000e+01
 1.14453979e+01
 1.58898254e+01
 1.98652283e+01
 2.61300903e+01
 2.90775085e+01
 1.83890625e+01
 1.37365051e+01
 6.62932739e+00
 4.44579468e+00
 5.44777832e+00
 3.36565552e+00
 6.94359741e+00
 1.31303650e+01
 1.66300598e+01
 2.55206848e+01
 3.01957947e+01
 2.45688110e+01
 1.92242981e+01
 9.56282959e+00
 1.06059509e+01
 5.35238037e+00
 3.69887695e+00
 8.04079590e+00
 6.13070068e+00
 1.19733826e+01
 1.25786682e+01
 2.10299316e+01
 2.26742188e+01
 2.20515381e+01
 1.86000916e+01
 1.35216309e+01
 1.08092896e+01
 2.90886841e+00
 2.51534424e+00
 3.53414307e+00
 7.49660645e+00
 8.75261841e+00
 1.58861633e+01
 1.88126770e+01
 2.90963684e+01
 2.78804260e+01
 2.11283508e+01
 1.18281494e+01
 7.50707397e+00
 3.56615601e+00
 7.50878296e+00
 8.35610352e+00
 5.33171997e+00
 1.09869324e+01
 1.83476807e+01
 1.96587769e+01
 2.57733398e+01
 2.84369751e+01
 1.96249634e+01
 1.15309692e+01
 8.79351196e+00
 2.20369873e+00
 4.63140259e+00
 4.87435303e+00
 8.17992554e+00
 1.10274902e+01
 1.58947998e+01
 2.03473755e+01
 2.79887024e+01
 2.50036255e+01
 1.90889832e+01
 1.45295959e+01
 8.72820435e+00
 5.87444458e+00
 -7.26721191e-01
 3.83516846e+00
 1.08611694e+01
 1.12802368e+01
 1.65480591e+01
 2.01920715e+01
 2.47750183e+01
 2.20677124e+01
 1.75108887e+01
 1.29408813e+01
 8.82882080e+00
 2.25673828e+00
 1.48510132e+00
 7.05072021e-01
 4.21526489e+00
 1.06345459e+01
 1.65965210e+01
 2.21793457e+01
 2.74922119e+01
 2.50552612e+01
 2.25593506e+01
 1.30540710e+01
 9.75072632e+00
 6.52144775e+00
 2.13286743e+00
 6.98815308e+00
 1.00500732e+01
 9.33397827e+00
 1.55849548e+01
 2.42308594e+01
 2.93270508e+01
 2.33725830e+01
 2.06440063e+01
 1.28728577e+01
 1.14333435e+01
 6.30889282e+00
 5.73220215e+00
 6.12432251e+00
 9.60534058e+00
 1.15208069e+01
 1.66268860e+01
 2.10319458e+01
 2.54657532e+01
 2.46026245e+01
 1.86678711e+01
 1.26803223e+01
 1.04626099e+01
 3.58440552e+00
 4.39055786e+00
 7.15715942e+00
 1.07406555e+01
 1.34879089e+01
 1.98751770e+01
 1.98276306e+01
 2.52987915e+01
 2.71439758e+01
 2.03905579e+01
 1.57135559e+01
 1.09183594e+01
 6.06115112e+00
 6.30709229e+00
 5.00878296e+00
 7.83849487e+00
 1.25505615e+01
 1.45143066e+01
 2.24710632e+01
 2.61422668e+01
 2.69883362e+01
 1.87278687e+01
 1.41668945e+01
 7.22808228e+00
 4.22356567e+00
 2.75817261e+00
 1.64028320e+00
 4.37172852e+00
 9.80718384e+00
 1.55299927e+01
 2.19488464e+01
 2.70637146e+01
 2.17947632e+01
 2.19469849e+01
 1.82978760e+01
 9.89425049e+00
 5.10366211e+00
 5.97591553e+00
 3.26278076e+00
 7.07106934e+00
 1.22646423e+01
 1.24552551e+01
 2.15676208e+01
 2.61114441e+01
 2.58291260e+01
 2.08897034e+01
 1.51300903e+01
 8.27996216e+00
 7.39486084e+00
 4.66701660e+00
 7.06206665e+00
 6.45833740e+00
 1.15393921e+01
 1.51018616e+01
 1.95920654e+01
 2.45656677e+01
 2.46850525e+01
 1.98975769e+01
 1.37673889e+01
 8.68706665e+00
 6.36776123e+00
 5.80687866e+00
 2.90676270e+00
 7.56411133e+00
 1.14278198e+01
 1.32270752e+01
 2.05733276e+01
 2.36054932e+01
 2.57173706e+01
 2.13485657e+01
 1.27453552e+01
 8.58278809e+00
 6.11773071e+00
 4.45253906e+00
 2.81310425e+00
 8.29097900e+00
 1.26900574e+01
 1.80374084e+01
 2.01085449e+01
 2.46851746e+01
 2.46202332e+01
 1.68686462e+01
 1.61518494e+01
 9.72478638e+00
 6.03472290e+00
 6.90935669e+00
 5.76229248e+00
 1.03484741e+01
 1.40658203e+01
 1.85100037e+01
 2.49862915e+01
 2.61303040e+01
 2.48840576e+01
 1.81641785e+01
 1.24791199e+01
 7.60097656e+00
 9.23278198e+00
 1.69765625e+00
 1.69561157e+00
 7.16573486e+00
 1.22926880e+01
 1.57335144e+01
 2.53415466e+01
 2.83222900e+01
 2.69063049e+01
 1.96796204e+01
 9.71801147e+00
 9.23967896e+00
 5.91991577e+00
 3.44118652e+00
 9.60787354e+00
 9.74794922e+00
 9.99355469e+00
 1.38686157e+01
 2.28789612e+01
 2.85064026e+01
 2.48482605e+01
 1.82342163e+01
 1.23672424e+01
 1.02903076e+01
 6.40239868e+00
 6.45580444e+00
 7.56139526e+00
 1.13943115e+01
 1.14164978e+01
 1.73840881e+01
 2.23830200e+01
 2.94013611e+01
 2.89748474e+01
 2.16400391e+01
 1.29720703e+01
 1.01500793e+01
 9.13213501e+00
 6.65673218e+00
 7.70189819e+00
 7.71947632e+00
 1.16060120e+01
 1.43729492e+01
 2.03213135e+01
 2.89218079e+01
 2.66196228e+01
 1.83874146e+01
 1.17569519e+01
 7.02492676e+00
 5.16750488e+00
 4.05465088e+00
 7.37453613e+00
 1.14306274e+01
 1.69609924e+01
 1.78644348e+01
 1.98516785e+01
 2.58418213e+01
 2.81877380e+01
 2.40869995e+01
 1.81744324e+01
 5.18050537e+00
 6.89296875e+00
 1.47747192e+00
 1.98745117e+00
 5.97997437e+00
 1.03686157e+01
 1.47159668e+01
 2.17929321e+01
 2.53070313e+01
 2.64519287e+01
 1.95313660e+01
 1.47883545e+01
 1.06693970e+01
 1.93474731e+00
 3.79042969e+00
 -7.69693604e+00
 4.70754395e+00
 1.23109985e+01
 1.57094055e+01
 1.84902283e+01
 2.78856140e+01
 2.47465149e+01
 2.24488159e+01
 1.47979675e+01
 1.10062195e+01
 6.06966553e+00
 4.19277344e+00
 6.27395020e+00
 1.07479187e+01
 1.26610352e+01
 1.70552002e+01
 2.29292236e+01
 2.93135925e+01
 2.81712280e+01
 1.92091309e+01
 1.59624878e+01
 8.80791626e+00
 6.23897705e+00
 6.33947144e+00
 6.91137085e+00
 1.02013489e+01
 1.44894958e+01
 1.56187683e+01
 2.53223206e+01
 3.01728455e+01
 2.71018616e+01
 2.41389099e+01
 1.53944641e+01
 9.28652344e+00
 4.14965210e+00
 5.34996948e+00
 8.53023682e+00
 6.77373657e+00
 1.12249695e+01
 1.72971130e+01
 2.73847290e+01
 2.87811523e+01
 2.93032471e+01
 2.22328125e+01
 1.55692993e+01
 8.64730225e+00
 9.62169800e+00
 5.99733887e+00
 7.58736572e+00
 1.24477173e+01
 1.22572571e+01
 1.64888550e+01
 2.58576904e+01
 2.83427368e+01
 2.64636780e+01
 2.11859070e+01
 1.41155945e+01
 1.11685425e+01
 6.55291138e+00
 7.12822876e+00
 7.86980591e+00
 8.59658203e+00
 1.27839294e+01
 1.59039551e+01
 2.77319580e+01
 2.54460999e+01
 2.52682129e+01
 1.86247192e+01
 1.43453613e+01
 8.65252075e+00
 3.31032715e+00
 7.36315308e+00
 7.77016602e+00
 8.71303711e+00
 1.20711914e+01
 1.68441101e+01
 2.37918640e+01
 2.16811768e+01
 2.51820007e+01
 1.94938293e+01
 1.51595398e+01
 1.06810547e+01
 4.14815674e+00
 4.83046875e+00
 7.81258545e+00
 9.73119507e+00
 1.26777283e+01
 1.71730896e+01
 1.81578003e+01
 3.03554626e+01
 2.93991333e+01
 1.83145081e+01
 1.60433289e+01
 8.41213379e+00
 6.06722412e+00
 6.13427124e+00
 6.41170654e+00
 8.53835449e+00
 9.62664185e+00
 1.80199524e+01
 2.05965210e+01
 2.95749756e+01
 2.75452515e+01
 2.20349670e+01
 1.40654846e+01
 1.01750732e+01
 8.73677979e+00
 7.80642090e+00
 8.91051636e+00
 9.45232544e+00
 1.27031494e+01
 1.72452332e+01
 2.55469910e+01
 3.15669495e+01
 2.90136963e+01
 2.63231445e+01
 1.49636780e+01
 1.01879211e+01
 7.84645996e+00
 2.39837036e+00
 9.81612549e+00
 1.19757019e+01
 1.39998108e+01
 1.90242859e+01
 2.56289917e+01
 2.37988220e+01
 2.65138489e+01
 2.33633972e+01
 1.46315857e+01
 1.03773743e+01
 9.91329346e+00
 4.10793457e+00
 6.92376099e+00
 1.02355286e+01
 1.33685547e+01
 1.84957214e+01
 2.79464355e+01
 2.71077515e+01
 2.81841980e+01
 1.93305603e+01
 1.26703125e+01
 1.21596924e+01
 6.99535522e+00
 1.42999268e-01
 3.98870239e+00
 8.61733398e+00
 1.29908691e+01
 2.00076233e+01
 2.17417542e+01
 3.18847595e+01
 2.71373535e+01
 2.20017944e+01
 1.33554016e+01
 1.20789429e+01
 5.08791504e+00
 6.46019897e+00
 6.53267822e+00
 8.75100098e+00
 1.57785278e+01
 1.58133789e+01
 2.26275879e+01
 2.81469360e+01
 2.61126343e+01
 2.02346741e+01
 1.20596558e+01
 1.15960022e+01
 6.55129395e+00
 6.01061401e+00
 8.29461060e+00
 1.06761108e+01
 1.43471619e+01
 1.65106445e+01
 2.24372192e+01
 2.49577576e+01
 2.80348145e+01
 2.29147888e+01
 1.65252625e+01
 7.21657715e+00
 6.09557495e+00
 7.55230103e+00
 7.53936157e+00
 1.03474670e+01
 1.25652710e+01
 1.86469360e+01
 2.23323914e+01
 2.47315613e+01
 2.83256165e+01
 2.01866089e+01
 1.19414001e+01
 1.02731873e+01
 6.90438232e+00
 7.97438965e+00
 7.32955322e+00
 8.28081665e+00
 1.13216797e+01
 1.78891541e+01
 2.54594055e+01
 2.71159302e+01
 2.87273804e+01
 2.45786987e+01
 1.39826294e+01
 1.35174805e+01
 6.92272339e+00
 5.63997803e+00
 3.96709595e+00
 6.44048462e+00
 1.35766846e+01
 1.84053284e+01
 2.52472778e+01
 3.03307739e+01
 2.84908386e+01
 2.50397583e+01
 1.65905701e+01
 8.72255859e+00
 7.67684326e+00
 5.90474854e+00
 1.08092590e+01
 1.22720886e+01
 1.39884888e+01
 1.81661621e+01
 2.39729248e+01
 2.59667908e+01
 2.65945984e+01
 2.19074341e+01
 1.33391357e+01
 1.13645264e+01
 5.91286621e+00
 5.34658203e+00
 4.54165039e+00
 8.50863037e+00
 1.24989868e+01
 1.52835632e+01
 2.58298889e+01
 2.68882080e+01
 2.73788696e+01
 2.15900818e+01
 1.34179932e+01
 8.54662476e+00
 6.99514160e+00
 7.26476440e+00
 6.80806885e+00
 1.14060303e+01
 1.47339722e+01
 1.72729126e+01
 2.75211731e+01
 3.03370605e+01
 3.19479004e+01
 2.28630615e+01
 1.56914612e+01
 1.21402222e+01
 8.01592407e+00
 7.44368896e+00
 6.77776489e+00
 1.12733093e+01
 1.17609192e+01
 1.95520569e+01
 2.17909485e+01
 2.62813965e+01
 2.82332092e+01
 2.20427795e+01
 1.15349365e+01
 8.85500488e+00
 7.24083862e+00
 5.34288940e+00
 7.68767700e+00
 9.91463623e+00
 1.36134583e+01
 1.66297546e+01
 2.66052795e+01
 2.95174500e+01
 2.79832092e+01
 2.35038696e+01
 1.65317017e+01
 9.15432129e+00
 6.24492798e+00
