 -5.51172485e+00
 -3.14618530e+00
 5.26790771e+00
 7.83828125e+00
 1.39968811e+01
 1.86812988e+01
 2.36259705e+01
 2.11268860e+01
 1.80101868e+01
 1.11018005e+01
 4.57805786e+00
 4.75774536e+00
 1.21267090e+00
 3.46395264e+00
 6.13051758e+00
 7.99404297e+00
 1.49315735e+01
 2.12898499e+01
 2.31208130e+01
 2.13609558e+01
 1.53933350e+01
 9.25484619e+00
 6.72762451e+00
 4.98116455e+00
 3.22991943e-01
 1.40181885e+00
 3.49645386e+00
 9.42180786e+00
 1.52936646e+01
 1.90327698e+01
 2.31701904e+01
 2.38574768e+01
 1.32890869e+01
 1.19447876e+01
 3.73772583e+00
 2.80898438e+00
 -2.65369263e+00
 2.93480835e+00
 4.91964111e+00
 9.09478149e+00
 1.46497437e+01
 1.73227173e+01
 1.96947266e+01
 2.18353210e+01
 1.46110474e+01
 9.76021729e+00
 9.05480957e-01
 1.92308960e+00
 5.06890869e-01
 9.25683594e-01
 5.84569702e+00
 9.49086914e+00
 1.53465210e+01
 1.93073975e+01
 2.22340942e+01
 2.27240234e+01
 1.52069946e+01
 9.00954590e+00
 5.94210205e+00
 3.91881714e+00
 1.98858032e+00
 1.32897339e+00
 5.82836304e+00
 1.06281982e+01
 1.47153259e+01
 2.15656067e+01
 2.45323425e+01
 2.02965637e+01
 1.79359375e+01
 1.12839600e+01
 7.20675049e+00
 1.94652710e+00
 1.09960327e+00
 4.18123779e+00
 6.25774536e+00
 1.21900269e+01
 1.38641907e+01
 1.88826538e+01
 2.05926453e+01
 2.10382629e+01
 1.68113953e+01
 1.09389587e+01
 7.44768677e+00
 1.36208496e+00
 3.06646118e+00
 3.54314575e+00
 2.79067383e+00
 1.02285095e+01
 1.65378967e+01
 2.10078369e+01
 2.33497253e+01
 2.01049133e+01
 1.60043579e+01
 9.28383789e+00
 8.20977173e+00
 4.72890625e+00
 3.97332764e-01
 2.84783325e+00
 6.84157715e+00
 8.30034790e+00
 1.42790161e+01
 1.90496765e+01
 2.38791443e+01
 2.45119873e+01
 1.63883911e+01
 9.25252686e+00
 4.87563477e+00
 -1.05551758e+00
 -1.56711426e+00
 2.00814209e+00
 5.87658081e+00
 9.32488403e+00
 1.32473389e+01
 1.90579773e+01
 2.26216370e+01
 1.85624634e+01
 1.62890869e+01
 1.10849854e+01
 4.14626465e+00
 2.28283081e+00
 -3.42615356e+00
 6.76019287e-01
 4.54192505e+00
 8.31078491e+00
 1.34618469e+01
 2.10360657e+01
 2.21183716e+01
 2.07514893e+01
 1.77934204e+01
 1.06997009e+01
 3.62108765e+00
 2.12548218e+00
 1.49263916e+00
 7.13662109e+00
 7.33348999e+00
 1.07770020e+01
 1.80600220e+01
 2.27579895e+01
 2.13534790e+01
 2.09161316e+01
 1.57439209e+01
 9.51250610e+00
 3.96087036e+00
 9.70025635e-01
 -1.06595459e+00
 1.46495972e+00
 3.15746460e+00
 1.12784058e+01
 1.40872437e+01
 1.95269409e+01
 2.20529419e+01
 2.13774658e+01
 1.44941650e+01
 1.05671326e+01
 6.04427490e+00
 1.04180298e+00
 -8.73538818e+00
 -1.78641357e+00
 7.99431763e+00
 1.07640625e+01
 1.71612793e+01
 2.21204163e+01
 2.40699097e+01
 2.53334900e+01
 1.80486084e+01
 1.10033508e+01
 5.61925659e+00
 2.50176392e+00
 -5.31988525e-01
 5.77584229e+00
 8.79888306e+00
 1.10794312e+01
 1.76621948e+01
 2.32852722e+01
 2.25548035e+01
 2.55252319e+01
 1.60188232e+01
 1.32059265e+01
 7.35067139e+00
 2.79726563e+00
 3.49495850e+00
 5.37746582e+00
 6.00127563e+00
 1.06306396e+01
 1.42349792e+01
 2.23673950e+01
 2.66525818e+01
 2.22774597e+01
 1.80678955e+01
 7.31401978e+00
 5.70522461e+00
 -6.36267090e-01
 4.00740967e+00
 -1.14835205e+00
 5.07940063e+00
 7.86501465e+00
 1.36372009e+01
 2.05356079e+01
 2.50704285e+01
 2.39953552e+01
 1.76768738e+01
 1.19995361e+01
 3.56719360e+00
 1.50670776e+00
 2.71654663e+00
 3.65465698e+00
 5.49419556e+00
 1.03695923e+01
 1.72326904e+01
 2.11804138e+01
 2.44392639e+01
 2.33907104e+01
 1.73325134e+01
 1.04307495e+01
 7.09163818e+00
 9.32214355e-01
 5.69973145e+00
 -2.66663208e+00
 5.78521118e+00
 9.96178589e+00
 1.58247314e+01
 1.92793518e+01
 2.01970459e+01
 2.16718994e+01
 1.92670532e+01
 7.39293823e+00
 7.30486450e+00
 4.02782593e+00
 -3.49645996e-01
 4.16060791e+00
 6.33461914e+00
 9.59664307e+00
 1.37961365e+01
 2.16796814e+01
 2.32319885e+01
 2.23344666e+01
 1.76258789e+01
 1.26949097e+01
 7.53823242e+00
 3.52999268e+00
 2.38323364e+00
 5.31792603e+00
 8.63283691e+00
 8.71718750e+00
 1.60879150e+01
 1.70721069e+01
 2.45649658e+01
 2.20280090e+01
 1.66749207e+01
 1.04688049e+01
 4.27507935e+00
 -1.12268677e+00
 2.87160645e+00
 2.56508789e+00
 6.06896362e+00
 8.03075562e+00
 1.26718994e+01
 2.14165588e+01
 2.32639404e+01
 2.25136658e+01
 1.60725037e+01
 9.83355103e+00
 7.74669800e+00
 -1.07977905e+00
 1.04992065e+00
 1.95873413e+00
 5.43041382e+00
 8.15944824e+00
 1.49292236e+01
 2.41043335e+01
 2.37872864e+01
 2.33729187e+01
 1.67820984e+01
 9.10579834e+00
 4.00530396e+00
 5.12200928e-01
 -8.28122559e+00
 6.91162109e-02
 2.52739868e+00
 8.97893677e+00
 1.47335754e+01
 2.03323303e+01
 2.23236938e+01
 2.48135620e+01
 1.64050842e+01
 1.10994812e+01
 8.59417114e+00
 4.72182617e+00
 1.57232056e+00
 3.25338135e+00
 5.73171387e+00
 1.05981079e+01
 1.65645691e+01
 1.98262268e+01
 2.20324341e+01
 2.31880737e+01
 1.84349915e+01
 1.06862122e+01
 7.93200073e+00
 2.87539063e+00
 3.86013184e+00
 4.21758423e+00
 7.61943970e+00
 9.66103516e+00
 1.67448669e+01
 2.31516968e+01
 2.30885254e+01
 1.97488342e+01
 1.41728760e+01
 9.39293823e+00
 6.95589600e+00
 2.44277344e+00
 3.78856812e+00
 8.77602539e+00
 9.71688232e+00
 1.17802979e+01
 1.54370056e+01
 2.39847351e+01
 2.31999146e+01
 2.56724487e+01
 1.94050537e+01
 1.03741699e+01
 7.06679688e+00
 3.98497925e+00
 -1.32831421e+00
 -4.70917358e+00
 1.05394897e+00
 1.09458557e+01
 1.34489685e+01
 2.27437988e+01
 2.69336487e+01
 2.61399475e+01
 1.68759705e+01
 1.04392334e+01
 1.58876953e+00
 -5.19964600e-01
 1.22716675e+00
 5.50536499e+00
 7.05700073e+00
 1.08660828e+01
 1.69612976e+01
 2.26330811e+01
 2.42403198e+01
 2.53901917e+01
 1.58555847e+01
 8.53527222e+00
 6.03157959e+00
 3.71590576e+00
 2.06899414e+00
 2.49157104e+00
 7.21907959e+00
 1.17463623e+01
 1.46198059e+01
 2.15616394e+01
 2.50805603e+01
 2.24911438e+01
 1.90491577e+01
 1.23304688e+01
 6.45824585e+00
 1.41503906e-01
 -2.82880249e+00
 4.74724731e+00
 6.37929688e+00
 1.06777283e+01
 1.61691833e+01
 2.11662231e+01
 2.56305481e+01
 2.27043091e+01
 1.94685608e+01
 1.10147949e+01
 6.23031006e+00
 -1.82714844e-01
 -2.33991089e+00
 4.69579468e+00
 6.42934570e+00
 1.00254761e+01
 1.62458740e+01
 1.99142090e+01
 2.57494141e+01
 2.23947998e+01
 1.44736572e+01
 1.14645630e+01
 8.32418213e+00
 4.79796753e+00
 3.01904297e-01
 1.04265747e+00
 6.14595947e+00
 1.03535095e+01
 1.49257751e+01
 1.99191833e+01
 2.65360657e+01
 2.56147095e+01
 1.85578552e+01
 1.29611755e+01
 5.11315308e+00
 7.81396484e-01
 1.62355957e+00
 4.60299072e+00
 7.26778564e+00
 8.09606323e+00
 1.46092773e+01
 1.71652466e+01
 2.06543518e+01
 2.35019470e+01
 1.71415955e+01
 9.36708984e+00
 3.08162842e+00
 2.94576416e+00
 5.57436523e+00
 1.01439819e+00
 6.61843262e+00
 9.76494751e+00
 1.51240479e+01
 1.94624878e+01
 2.25126587e+01
 2.17508179e+01
 1.68615662e+01
 1.18827759e+01
 3.15529785e+00
 -2.29489746e+00
 1.88287354e-01
 3.50686035e+00
 7.25420532e+00
 1.12727295e+01
 1.42231384e+01
 2.21867920e+01
 2.42681213e+01
 2.35076233e+01
 1.88867432e+01
 1.29925476e+01
 8.14818726e+00
 3.16103516e+00
 2.23674927e+00
 2.01965332e-02
 9.25118408e+00
 9.58748779e+00
 1.49535461e+01
 1.91756836e+01
 2.35960022e+01
 2.29880920e+01
 1.84678894e+01
 1.07969910e+01
 7.84691772e+00
 2.80663452e+00
 2.24950562e+00
 4.89666138e+00
 6.22725830e+00
 1.17943054e+01
 1.41042114e+01
 1.95591064e+01
 2.44503113e+01
 2.09967896e+01
 1.61121765e+01
 1.20091187e+01
 8.34645996e+00
 1.99935303e+00
 3.45101318e+00
 2.83037720e+00
 5.26540527e+00
 1.41160522e+01
 1.46016174e+01
 2.19912048e+01
 2.22724548e+01
 2.17513672e+01
 1.89744507e+01
 1.26783691e+01
 6.71230469e+00
 4.17879639e+00
 -2.63464355e-01
 4.10558472e+00
 8.30565796e+00
 1.01294495e+01
 1.64543091e+01
 2.49169250e+01
 2.33012634e+01
 2.31390015e+01
 1.78503967e+01
 1.60752808e+01
 3.22487793e+00
 -6.61020508e+00
 -1.10819092e+00
 4.32723389e+00
 5.97051392e+00
 9.89605103e+00
 1.82973572e+01
 2.63256165e+01
 2.56059204e+01
 2.54728333e+01
 1.77234741e+01
 1.27616516e+01
 5.47954712e+00
 2.10857544e+00
 3.05962524e+00
 6.63811646e+00
 5.22231445e+00
 9.91225586e+00
 1.52940308e+01
 2.12490479e+01
 2.45399109e+01
 2.32385193e+01
 1.54350220e+01
 1.18941895e+01
 6.59981689e+00
 9.01116943e-01
 3.43963013e+00
 8.69393311e+00
 8.14144287e+00
 1.33398071e+01
 1.70852905e+01
 2.12687927e+01
 2.53627869e+01
 2.49270569e+01
 1.75776001e+01
 1.08192688e+01
 4.53161011e+00
 3.85146484e+00
 4.54515991e+00
 4.52620850e+00
 8.23812256e+00
 1.36956421e+01
 1.50284668e+01
 2.07665649e+01
 2.47681519e+01
 2.17765442e+01
 1.89518372e+01
 1.27263428e+01
 9.39159546e+00
 9.40820313e-01
 -4.01224365e+00
 4.82512817e+00
 6.49312744e+00
 9.58312378e+00
 1.65413452e+01
 2.01073853e+01
 2.20888611e+01
 2.15160461e+01
 1.81625000e+01
 9.80855713e+00
 3.36083374e+00
 5.63289795e+00
 5.93602905e+00
 4.78667603e+00
 6.96734009e+00
 1.21232239e+01
 1.63333069e+01
 2.02704712e+01
 2.40270630e+01
 2.04445740e+01
 1.84901978e+01
 1.17332703e+01
 7.38631592e+00
 1.76522217e+00
 2.85500488e+00
 -3.08429565e+00
 3.77156982e+00
 9.05574951e+00
 1.71112915e+01
 2.58355042e+01
 2.95538574e+01
 2.54613892e+01
 1.74876953e+01
 1.41294189e+01
 6.52251587e+00
 2.28899536e+00
 2.71578369e+00
 4.72869263e+00
 7.19548950e+00
 1.27186523e+01
 1.52144104e+01
 2.27744385e+01
 2.65066162e+01
 2.11596313e+01
 1.84180237e+01
 1.17637573e+01
 6.78377686e+00
 1.13857422e+00
 1.63866577e+00
 6.29796753e+00
 8.09441528e+00
 1.04201294e+01
 1.87001892e+01
 2.45946289e+01
 2.66249023e+01
 2.23124329e+01
 1.95031067e+01
 1.12391907e+01
 7.34899292e+00
 4.02160034e+00
 2.92714844e+00
 1.36266479e+00
 6.51809082e+00
 1.14472900e+01
 1.72148987e+01
 2.16129395e+01
 2.69370667e+01
 2.56932922e+01
 2.01409241e+01
 1.37928406e+01
 9.87215576e+00
 4.36275635e+00
 2.13213501e+00
 2.02401123e+00
 7.10411987e+00
 9.93248901e+00
 1.45821472e+01
 2.06784912e+01
 2.45841614e+01
 2.30759827e+01
 1.75724426e+01
 1.10878235e+01
 1.05847107e+01
 6.02416382e+00
 -2.13416138e+00
 3.33385620e+00
 7.09984741e+00
 1.28279663e+01
 1.69504333e+01
 2.07045227e+01
 2.39154602e+01
 2.30972229e+01
 1.81397034e+01
 1.17379089e+01
 2.05553589e+00
 7.09100342e-01
 6.44067383e-01
 4.09212646e+00
 6.31301270e+00
 9.75927124e+00
 1.66622253e+01
 2.31933228e+01
 2.44861694e+01
 2.59359985e+01
 1.87061707e+01
 1.48984009e+01
 8.78887329e+00
 3.77456055e+00
 1.22741089e+00
 3.96264038e+00
 8.73085938e+00
 1.32023865e+01
 1.76390625e+01
 2.19773193e+01
 2.33693787e+01
 2.54333130e+01
 1.74642883e+01
 1.55135132e+01
 6.56456909e+00
 4.64547119e+00
 2.96376953e+00
 5.44298706e+00
 7.86196289e+00
 1.16719299e+01
 1.75662170e+01
 2.52869812e+01
 2.32387024e+01
 2.10105835e+01
 1.64305969e+01
 1.09850403e+01
 7.70327148e+00
 1.43856201e+00
 -3.74991455e+00
 -2.75470581e+00
 8.54085693e+00
 1.35497986e+01
 1.74056946e+01
 2.27062012e+01
 2.68348328e+01
 2.81242920e+01
 1.58801208e+01
 1.23504578e+01
 7.34551392e+00
 5.11998901e+00
 5.27526245e+00
 -7.51226807e-01
 6.09215698e+00
 7.65432129e+00
 1.63539368e+01
 2.45072571e+01
 2.85352417e+01
 2.34006287e+01
 1.78268982e+01
 1.15402161e+01
 7.30181274e+00
 4.07521973e+00
 3.16967163e+00
 4.71602783e+00
 9.55339966e+00
 1.19689575e+01
 1.48964478e+01
 2.09694763e+01
 2.85235229e+01
 2.68130127e+01
 1.75444275e+01
 1.18862854e+01
 8.55040894e+00
 3.12310181e+00
 6.59692383e-01
 6.28243408e+00
 7.60494385e+00
 7.41695557e+00
 1.81064087e+01
 2.15967651e+01
 2.67600647e+01
 2.50753418e+01
 1.77295471e+01
 1.31552979e+01
 1.04123779e+01
 4.53359375e+00
 4.52370605e+00
 5.82448730e+00
 7.76290283e+00
 1.03685852e+01
 1.74224792e+01
 2.35613037e+01
 2.50741821e+01
 2.51976563e+01
 1.60397583e+01
 1.03692261e+01
 3.65468750e+00
 3.58901367e+00
 5.31466064e+00
 2.76268921e+00
 7.60869751e+00
 1.13279053e+01
 1.63440186e+01
 2.13032776e+01
 2.56224609e+01
 2.51006409e+01
 2.22555481e+01
 1.51189514e+01
 1.21295105e+01
 1.72487793e+00
 3.09475098e+00
 -1.17681885e-01
 7.79683838e+00
 8.76119385e+00
 1.78525940e+01
 2.33078552e+01
 2.56779724e+01
 2.48442017e+01
 1.86964355e+01
 1.11629883e+01
 5.29027710e+00
 3.46007690e+00
 2.01995239e+00
 3.70803223e+00
 6.05846558e+00
 1.26065918e+01
 1.67239014e+01
 2.11603638e+01
 2.96664063e+01
 2.70329529e+01
 2.06576172e+01
 1.29114014e+01
 5.40267334e+00
 4.56023560e+00
 4.48302612e+00
 4.76189575e+00
 6.69695435e+00
 1.22946106e+01
 1.58253418e+01
 2.24129272e+01
 2.26079956e+01
 2.29828125e+01
 1.71709839e+01
 1.55643555e+01
 1.07471863e+01
 2.28255615e+00
 2.20422363e-01
 6.50859985e+00
 9.44936523e+00
 1.30842224e+01
 1.67812134e+01
 2.39699951e+01
 2.32349792e+01
 2.61037537e+01
 1.93121277e+01
 1.10639282e+01
 5.61202393e+00
 8.10067139e+00
 4.92684326e+00
 3.50225220e+00
 5.00084839e+00
 1.04292542e+01
 1.58332153e+01
 1.95450378e+01
 2.41410156e+01
 2.41010071e+01
 1.50426270e+01
 1.31401001e+01
 1.05915161e+01
 1.77214966e+00
 -1.22928467e+00
 2.71709595e+00
 8.90581665e+00
 1.16388794e+01
 1.66097961e+01
 2.08386780e+01
 2.54976135e+01
 2.60465942e+01
 1.89846436e+01
 1.19020020e+01
 4.66637573e+00
 3.62731323e+00
 -2.11234131e+00
 1.53197632e+00
 6.86708984e+00
 1.16447083e+01
 1.57643372e+01
 1.93837830e+01
 2.43366943e+01
 2.35171143e+01
 1.94940125e+01
 1.06066223e+01
 8.67138062e+00
 -9.15893555e-02
 5.63928223e-01
 5.15160522e+00
 6.59050903e+00
 8.50051270e+00
 1.42114502e+01
 2.34421631e+01
 2.68940369e+01
 2.48692566e+01
 1.91031128e+01
 1.17132202e+01
 8.07079468e+00
 2.55376587e+00
 -5.64001465e-01
 3.14299927e+00
 6.10634766e+00
 1.35429321e+01
 1.67307373e+01
 2.41631714e+01
 2.73718506e+01
 2.58983704e+01
 2.07771851e+01
 1.30826050e+01
 5.97664795e+00
 1.25560913e+00
 -1.77252197e-01
 6.23934326e+00
 5.41967163e+00
 1.28310486e+01
 1.55591064e+01
 2.15355469e+01
 2.37661682e+01
 2.45057617e+01
 1.88983093e+01
 1.09190613e+01
 4.02251587e+00
 2.05773926e-01
 5.31860352e-02
 -5.84259644e+00
 4.17199097e+00
 9.81414185e+00
 1.39430786e+01
 2.08788391e+01
 2.48322693e+01
 2.71981750e+01
 2.08561951e+01
 9.30434570e+00
 2.73458252e+00
 1.26860962e+00
 -2.75873413e+00
 2.26058350e+00
 7.29067383e+00
 1.06594482e+01
 1.65137878e+01
 2.02926270e+01
 2.41617065e+01
 2.00457397e+01
 1.81525208e+01
 1.55888916e+01
 1.06893555e+01
 3.05150757e+00
 2.08464966e+00
 4.88628540e+00
 7.13338623e+00
 9.74837646e+00
 1.40139709e+01
 2.10369202e+01
 2.48478333e+01
 2.16938721e+01
 1.68775269e+01
 1.08653809e+01
 7.93840942e+00
 3.56411133e+00
 4.13320313e+00
 4.73830566e+00
 1.03991943e+01
 1.12216125e+01
 1.63608643e+01
 2.20683228e+01
 2.60014893e+01
 2.65850159e+01
 1.69722839e+01
 1.21062561e+01
 4.78182373e+00
 5.78759766e-01
 3.99379883e+00
 2.55965576e+00
 4.59206543e+00
 1.19726196e+01
 1.37729431e+01
 2.03428284e+01
 2.48015381e+01
 2.49986206e+01
 2.10261780e+01
 9.96621094e+00
 9.34462891e+00
 5.45800171e+00
 5.09411011e+00
 4.31072388e+00
 8.07760010e+00
 1.10820251e+01
 1.39594666e+01
 2.09550720e+01
 2.48070923e+01
 2.67614075e+01
 2.02299438e+01
 1.03085266e+01
 7.45391235e+00
 3.97100220e+00
 1.15810547e+00
 4.99672852e+00
 7.56014404e+00
 1.12699219e+01
 1.60834900e+01
 2.20233704e+01
 2.59144531e+01
 2.21752869e+01
 1.61621033e+01
 1.57282654e+01
 8.33556519e+00
 1.64434204e+00
 2.97573242e+00
 5.20821533e+00
 4.09002075e+00
 1.13133484e+01
 1.53385254e+01
 1.99340149e+01
 2.46097961e+01
 2.19302917e+01
 1.95937744e+01
 1.17926880e+01
 7.01735840e+00
 6.48055420e+00
 1.61589966e+00
 3.03188477e+00
 8.12633667e+00
 1.30571533e+01
 1.56394592e+01
 2.34401794e+01
 2.67900330e+01
 2.57684570e+01
 1.70810791e+01
 9.24010620e+00
 6.00917969e+00
 2.77917480e-01
 -9.67962646e-01
 3.92440186e+00
 6.88536987e+00
 1.11027771e+01
 1.65271851e+01
 2.55249268e+01
 2.58617188e+01
 2.60217834e+01
 1.98242126e+01
 1.23944336e+01
 9.26366577e+00
 3.73790894e+00
 6.69030151e+00
 5.06649170e+00
 8.35936890e+00
 1.09497009e+01
 1.59713989e+01
 2.50888916e+01
 2.53602539e+01
 2.17926575e+01
 1.85122925e+01
 1.45514465e+01
 6.57833252e+00
 3.70134888e+00
 3.11004028e+00
 3.58400879e+00
 9.68157349e+00
 1.29376770e+01
 1.59936768e+01
 2.11133667e+01
 2.58486572e+01
 2.27130066e+01
 2.06277710e+01
 1.51467529e+01
 8.54802856e+00
 5.27303467e+00
 5.35579834e+00
 6.88237915e+00
 7.97292480e+00
 1.35051208e+01
 1.68177124e+01
 2.39035583e+01
 2.64676147e+01
 2.55033508e+01
 1.91266113e+01
 1.30414368e+01
 6.62493286e+00
 4.69884644e+00
 6.53310547e+00
 5.86437378e+00
 9.47780762e+00
 1.16060425e+01
 1.60872437e+01
 2.16512390e+01
 2.30547119e+01
 2.21033875e+01
 1.76895386e+01
 1.47166382e+01
 5.85915527e+00
 4.98806152e+00
 1.23436890e+00
 2.61705933e+00
 7.56041870e+00
 1.26880432e+01
 1.78399292e+01
 2.25319763e+01
 2.56846863e+01
 2.52531372e+01
 1.77874695e+01
 1.37134949e+01
 6.87670288e+00
 5.98339233e+00
 -6.41607666e-01
 6.13894043e+00
 9.76879272e+00
 1.19902893e+01
 1.86031128e+01
 2.29996582e+01
 2.85621582e+01
 2.75836121e+01
 2.04728027e+01
 1.35465332e+01
 7.25145874e+00
 -1.78891602e+00
 6.44970093e+00
 4.50039063e+00
 5.45791016e+00
 9.39193115e+00
 1.64695984e+01
 2.40615173e+01
 2.23929077e+01
 2.53987061e+01
 1.91441589e+01
 1.31473022e+01
 7.51921997e+00
 4.33660278e+00
 3.16115723e+00
 1.21099243e+00
 9.09215698e+00
 1.08891846e+01
 1.62813965e+01
 1.89841553e+01
 2.47334229e+01
 2.49707886e+01
 2.02028442e+01
 1.34731689e+01
 9.14800415e+00
 -6.03857422e-01
 -3.36517944e+00
 3.91130981e+00
 8.76049194e+00
 1.34307800e+01
 1.62560669e+01
 2.21827026e+01
 2.45122009e+01
 2.62505737e+01
 2.05638367e+01
 1.07555176e+01
 9.22973022e+00
 3.71029053e+00
 -3.33191528e+00
 4.43359375e-02
 6.88317261e+00
 1.19544922e+01
 1.63575989e+01
 2.45023438e+01
 2.43130432e+01
 2.46765381e+01
 1.62692810e+01
 1.09846130e+01
 9.16524658e+00
 4.64830933e+00
 5.43264160e+00
 5.10442505e+00
 5.62783203e+00
 1.10704895e+01
 1.50504089e+01
 2.10097900e+01
 2.34703613e+01
 2.36275879e+01
 1.94611755e+01
 1.07840820e+01
 9.78725586e+00
 6.38839111e+00
 3.54119263e+00
 8.40725098e+00
 9.52843628e+00
 1.15782104e+01
 1.56181580e+01
 2.28082825e+01
 2.79834534e+01
 2.46762329e+01
 1.82766357e+01
 1.35859619e+01
 5.26091919e+00
 3.16170654e+00
 1.02935181e+00
 5.70217285e+00
 5.29009399e+00
 1.14483582e+01
 1.51781860e+01
 2.22612854e+01
 2.67579590e+01
 2.25338074e+01
 1.70851685e+01
 1.46712891e+01
 7.94936523e+00
 2.22466431e+00
 1.38631592e+00
 4.94524536e+00
 7.95253906e+00
 1.34966980e+01
 1.71134888e+01
 2.32578674e+01
 2.73968140e+01
 2.32035156e+01
 1.80097595e+01
 1.25222717e+01
 8.49260864e+00
 5.94759521e+00
 -1.14868774e+00
 1.68817139e-01
 7.38460693e+00
 1.22802368e+01
 1.49861389e+01
 2.05438171e+01
 2.27081848e+01
 2.54202515e+01
 1.71541992e+01
 1.17967163e+01
 6.45446167e+00
 6.26174316e+00
 4.28600464e+00
 2.40178833e+00
 5.66555176e+00
 1.10085999e+01
 1.44338013e+01
 2.42503601e+01
 2.68944336e+01
 2.54630371e+01
 2.12403503e+01
 1.32919556e+01
 8.01662598e+00
 7.07500610e+00
 4.60650024e+00
 4.06578979e+00
 8.28695068e+00
 1.44043518e+01
 1.32469421e+01
 1.80397278e+01
 2.46092773e+01
 2.12669006e+01
 1.85813538e+01
 1.25524231e+01
 8.42055664e+00
 2.85360107e+00
 4.58745728e+00
 1.71517334e+00
 8.26577148e+00
 1.22608582e+01
 1.57548462e+01
 2.18205505e+01
 2.31246277e+01
 2.18298279e+01
 1.89515930e+01
 1.29511353e+01
 5.36870728e+00
 5.99544678e+00
 -2.22666016e+00
 4.93654785e+00
 7.97796021e+00
 1.10209595e+01
 1.44880920e+01
 1.99929443e+01
 2.51942383e+01
 2.28501221e+01
 1.62473694e+01
 1.31619812e+01
 8.85958252e+00
 4.78914795e+00
