 -4.02011108e+00
 4.40185547e-01
 3.92471313e+00
 1.23627625e+01
 1.96897583e+01
 2.26246948e+01
 2.39167786e+01
 2.31341858e+01
 1.85865479e+01
 1.15159607e+01
 4.03228760e+00
 4.50378418e-01
 2.58706665e+00
 4.74243164e-01
 7.46701050e+00
 1.08130188e+01
 1.37136536e+01
 1.80986023e+01
 2.54183350e+01
 2.41378479e+01
 1.85432129e+01
 1.04738159e+01
 5.04965210e+00
 3.10665894e+00
 1.76602173e+00
 3.29327393e+00
 4.26589966e+00
 1.01681213e+01
 1.56291199e+01
 2.31218262e+01
 2.24731750e+01
 1.98132935e+01
 1.54904175e+01
 9.39620972e+00
 4.59661865e+00
 6.11297607e-01
 5.30364990e-01
 -4.27978516e-01
 1.56433105e+00
 4.86471558e+00
 1.35068665e+01
 2.16703186e+01
 2.41048584e+01
 1.95323792e+01
 1.67730713e+01
 8.34356689e+00
 3.36895752e+00
 -2.51968384e+00
 -1.30950928e-01
 4.88412476e+00
 4.89736938e+00
 9.95620728e+00
 1.28062744e+01
 1.59305420e+01
 2.29753113e+01
 2.30772705e+01
 1.83681641e+01
 1.10743713e+01
 4.29312134e+00
 2.89834595e+00
 4.97766113e+00
 6.06201172e-01
 2.91793823e+00
 9.89739990e+00
 1.59645081e+01
 1.89550171e+01
 1.89779358e+01
 2.24458313e+01
 1.78324890e+01
 8.88549805e+00
 -1.18234253e+00
 7.72094727e-02
 1.51211548e+00
 3.70037842e+00
 9.86114502e-01
 7.53820801e+00
 1.24103699e+01
 1.82463074e+01
 2.00558472e+01
 1.88427429e+01
 1.38367920e+01
 7.73870850e+00
 4.13937378e+00
 2.66961670e+00
 2.66989136e+00
 4.42584229e+00
 6.42016602e+00
 1.36786499e+01
 1.39147034e+01
 2.21749878e+01
 2.33376465e+01
 2.33912354e+01
 1.94549561e+01
 1.05594788e+01
 4.50646973e+00
 -2.38034058e+00
 -1.97772217e+00
 -2.57495117e+00
 1.45010376e+00
 1.04366150e+01
 1.45404968e+01
 2.39448853e+01
 2.08736877e+01
 2.37864685e+01
 1.70716553e+01
 1.10909729e+01
 5.99792480e+00
 2.82312012e+00
 -4.90081787e-01
 2.17681885e-01
 4.96463013e+00
 7.42538452e+00
 1.72220459e+01
 2.18041992e+01
 2.10938416e+01
 2.18294373e+01
 1.67593384e+01
 1.17451172e+01
 6.25198364e+00
 -1.13256836e+00
 2.24679565e+00
 3.65109253e+00
 9.13763428e+00
 9.89495850e+00
 1.61523743e+01
 1.89600525e+01
 2.65599976e+01
 2.38420715e+01
 1.85137939e+01
 9.57958984e+00
 3.78952026e+00
 2.42016602e+00
 -1.30206299e+00
 1.51080322e+00
 4.20062256e+00
 9.48556519e+00
 1.83848877e+01
 2.15785217e+01
 1.85713196e+01
 2.27728882e+01
 1.81122742e+01
 1.13459167e+01
 6.37103271e+00
 -5.13824463e-01
 -9.81048584e-01
 -2.59280396e+00
 2.07150269e+00
 7.44854736e+00
 1.76873779e+01
 2.32228088e+01
 2.33074341e+01
 2.20243530e+01
 1.98886719e+01
 7.65817261e+00
 2.60372925e+00
 1.17041016e+00
 1.50213623e+00
 -1.89752197e+00
 3.47113037e+00
 9.43814087e+00
 1.65652161e+01
 1.96404114e+01
 2.51834717e+01
 2.31823120e+01
 1.57951965e+01
 1.08569641e+01
 3.51434326e+00
 1.20693970e+00
 1.08642578e+00
 -5.22155762e-02
 3.78820801e+00
 8.23495483e+00
 1.11481934e+01
 2.13703003e+01
 2.10718384e+01
 2.29342651e+01
 1.63321533e+01
 1.01396179e+01
 4.53790283e+00
 2.46929932e+00
 -1.20260620e+00
 -1.72549438e+00
 3.04925537e+00
 9.11120605e+00
 1.91800537e+01
 2.29272766e+01
 2.21480408e+01
 2.44754944e+01
 1.60585632e+01
 1.11029053e+01
 6.88211060e+00
 -8.62792969e-01
 -1.22994995e+00
 2.39520264e+00
 5.56991577e+00
 1.51007385e+01
 2.15374756e+01
 1.91651917e+01
 2.59942017e+01
 2.53460693e+01
 1.61940613e+01
 1.36028137e+01
 7.61795044e+00
 3.26403809e+00
 3.61013794e+00
 7.62362671e+00
 8.44723511e+00
 1.22584534e+01
 1.41462097e+01
 2.47263489e+01
 2.22824402e+01
 2.23689270e+01
 1.35646667e+01
 9.39279175e+00
 3.45812988e+00
 -5.42449951e-01
 1.83831787e+00
 4.60040283e+00
 5.86712646e+00
 8.46353149e+00
 1.35578613e+01
 2.36039429e+01
 2.56576538e+01
 2.44895325e+01
 1.42058105e+01
 1.18747253e+01
 4.43292236e+00
 1.49520874e+00
 -1.24963379e+00
 1.20666504e+00
 3.34512329e+00
 7.57324219e+00
 1.51336670e+01
 1.91367798e+01
 2.48829041e+01
 2.09917603e+01
 1.57875061e+01
 9.36810303e+00
 4.95605469e+00
 3.23962402e+00
 3.84094238e-01
 3.61505127e+00
 3.61331177e+00
 8.09085083e+00
 1.65958252e+01
 2.47516174e+01
 2.72207947e+01
 2.44950867e+01
 2.14746704e+01
 1.47596436e+01
 4.93518066e+00
 3.96496582e+00
 2.12826538e+00
 2.43722534e+00
 7.00891113e+00
 1.33371582e+01
 1.57626343e+01
 2.68420105e+01
 2.10932922e+01
 2.38669128e+01
 1.97631531e+01
 1.18489990e+01
 2.94882202e+00
 2.38592529e+00
 3.56597900e-01
 2.21563721e+00
 1.75497437e+00
 8.45465088e+00
 2.00639038e+01
 1.77862549e+01
 2.26915894e+01
 1.65452576e+01
 1.22519531e+01
 1.18148499e+01
 3.78005981e+00
 4.05123901e+00
 2.24053955e+00
 5.16732788e+00
 3.04907227e+00
 8.52294922e+00
 1.29397888e+01
 1.97921143e+01
 2.33450012e+01
 1.93330994e+01
 1.53153076e+01
 1.04046021e+01
 6.94573975e+00
 3.01025391e+00
 5.33737183e+00
 4.07897949e-01
 3.46063232e+00
 7.45562744e+00
 1.60843811e+01
 1.72880249e+01
 2.13118896e+01
 2.27254639e+01
 1.64308472e+01
 1.28874512e+01
 3.43469238e+00
 1.23477173e+00
 8.04199219e-01
 1.13839722e+00
 4.89669800e+00
 1.34999695e+01
 1.39018860e+01
 2.07454529e+01
 1.97431335e+01
 1.93892822e+01
 1.84091492e+01
 1.21611938e+01
 3.01101685e+00
 3.65789795e+00
 -3.39770508e+00
 -2.18728638e+00
 6.90612793e-02
 8.11071777e+00
 1.37601624e+01
 2.18711548e+01
 2.32430115e+01
 2.61727905e+01
 2.15317383e+01
 1.25653381e+01
 5.69592285e+00
 -3.04437256e+00
 6.02722168e-02
 4.22247314e+00
 5.13128662e+00
 1.12753296e+01
 1.76631470e+01
 2.05597839e+01
 2.64659729e+01
 2.15558167e+01
 1.57391663e+01
 1.16282043e+01
 8.64428711e+00
 3.13061523e+00
 1.58410645e+00
 9.37286377e-01
 6.01531982e+00
 9.10055542e+00
 1.50007629e+01
 1.73724060e+01
 2.49970093e+01
 2.39113770e+01
 1.86961975e+01
 1.54147644e+01
 6.17846680e+00
 3.84249878e+00
 2.45538330e+00
 6.07421875e-01
 2.72424316e+00
 9.48138428e+00
 1.56061096e+01
 2.11421814e+01
 2.11712036e+01
 1.73427429e+01
 1.90368042e+01
 1.26001892e+01
 3.71630859e+00
 1.19894409e+00
 4.16210938e+00
 3.75247192e+00
 7.34313965e+00
 8.77355957e+00
 1.27496338e+01
 2.25645142e+01
 2.46227112e+01
 2.58200989e+01
 1.60594482e+01
 1.00877686e+01
 5.20263672e+00
 2.18511963e+00
 1.86645508e+00
 5.50607300e+00
 6.52420044e+00
 9.56564331e+00
 1.16450195e+01
 2.15208130e+01
 2.29490967e+01
 2.36132507e+01
 1.92986450e+01
 1.06066895e+01
 6.38241577e+00
 -3.51837158e-01
 -1.39227295e+00
 7.03552246e-01
 6.05242920e+00
 1.07378540e+01
 1.34122925e+01
 1.73763123e+01
 2.02767944e+01
 2.67444153e+01
 1.69469604e+01
 8.60607910e+00
 2.88812256e+00
 4.86389160e-01
 1.25625610e+00
 3.86224365e+00
 6.56564331e+00
 1.07665100e+01
 1.61469727e+01
 2.40016785e+01
 2.33166809e+01
 2.72208862e+01
 1.49946899e+01
 9.18133545e+00
 3.74285889e+00
 6.90176392e+00
 3.09124756e+00
 -6.64764404e-01
 4.09878540e+00
 1.03454285e+01
 1.38560181e+01
 1.91777649e+01
 2.25245361e+01
 2.58266602e+01
 1.84608765e+01
 1.17481079e+01
 6.35565186e+00
 1.23977661e+00
 1.75177002e+00
 4.09103394e+00
 5.83575439e+00
 9.32888794e+00
 1.58816223e+01
 2.17721863e+01
 2.25103760e+01
 2.29971008e+01
 1.89920959e+01
 1.16812744e+01
 5.77929688e+00
 3.27780151e+00
 2.23724365e+00
 3.39266968e+00
 1.47921753e+00
 1.03909607e+01
 1.55687256e+01
 2.20345459e+01
 2.31740112e+01
 2.44483337e+01
 1.93598328e+01
 1.08187561e+01
 4.50796509e+00
 8.95812988e-01
 -2.98025513e+00
 6.28479004e-01
 2.68289185e+00
 1.16061707e+01
 1.81911926e+01
 2.65980225e+01
 2.24895630e+01
 2.32473755e+01
 1.90552063e+01
 1.23686523e+01
 8.72897339e+00
 3.70617676e+00
 7.87841797e-01
 6.88342285e+00
 3.73678589e+00
 8.34515381e+00
 1.46714783e+01
 1.90891113e+01
 2.36357422e+01
 2.53684998e+01
 1.58930359e+01
 1.21343689e+01
 4.56475830e+00
 4.67550659e+00
 1.44393921e+00
 1.27227783e+00
 4.81436157e+00
 1.18654480e+01
 1.67631226e+01
 2.24102173e+01
 2.51337891e+01
 2.24387512e+01
 2.08784485e+01
 1.11530762e+01
 3.34042358e+00
 1.36074829e+00
 1.52835083e+00
 3.44546509e+00
 4.57550049e+00
 9.05816650e+00
 1.68753052e+01
 2.23103027e+01
 2.21826782e+01
 1.79674988e+01
 1.43084412e+01
 1.07313232e+01
 7.12698364e+00
 3.69381714e+00
 2.04110718e+00
 6.09048462e+00
 6.54342651e+00
 8.37222290e+00
 1.40516968e+01
 2.04608765e+01
 2.54698792e+01
 2.16604004e+01
 1.83339844e+01
 1.21120605e+01
 4.37002563e+00
 6.70135498e-01
 2.84915161e+00
 2.76437378e+00
 5.88916016e+00
 1.11716919e+01
 1.66069031e+01
 2.63202515e+01
 2.15553589e+01
 2.22116089e+01
 1.38202515e+01
 1.13502197e+01
 7.99539185e+00
 1.75915527e+00
 9.69543457e-02
 2.12149048e+00
 8.55761719e+00
 1.06691589e+01
 1.70742188e+01
 2.27072754e+01
 2.41220703e+01
 2.19726868e+01
 1.74186707e+01
 1.05963440e+01
 3.13681030e+00
 4.23452759e+00
 -1.51330566e+00
 -5.18646240e-01
 3.77810669e+00
 1.46701355e+01
 1.49213867e+01
 2.41713257e+01
 2.03999023e+01
 2.34930420e+01
 1.93412476e+01
 9.58361816e+00
 5.67105103e+00
 2.17810059e+00
 -1.18847656e+00
 5.03356934e+00
 6.54162598e+00
 1.41793823e+01
 2.30224915e+01
 2.79968262e+01
 2.50597839e+01
 1.97000427e+01
 1.72502441e+01
 1.10133972e+01
 4.57968140e+00
 2.30041504e-01
 9.21203613e-01
 1.08724976e+00
 6.45510864e+00
 9.32019043e+00
 1.61197815e+01
 2.26043396e+01
 2.62018127e+01
 2.28949890e+01
 1.91201782e+01
 1.06277466e+01
 6.16192627e+00
 1.46951294e+00
 5.01727295e+00
 4.07528687e+00
 6.06027222e+00
 1.10472412e+01
 1.37586975e+01
 2.59674683e+01
 2.54203186e+01
 2.27279663e+01
 1.69995117e+01
 1.27897949e+01
 2.60107422e+00
 -2.08166504e+00
 2.89596558e+00
 3.43966675e+00
 5.74652100e+00
 8.80880737e+00
 1.53336487e+01
 1.93342285e+01
 2.38565369e+01
 2.47766113e+01
 1.64710083e+01
 1.41700439e+01
 6.60113525e+00
 4.13531494e+00
 6.44134521e-01
 8.77868652e-01
 6.98513794e+00
 9.71154785e+00
 1.30779419e+01
 2.32460632e+01
 2.34754333e+01
 2.00906067e+01
 1.65254517e+01
 1.41514893e+01
 7.96011353e+00
 3.64761353e+00
 2.24313354e+00
 -3.05908203e-01
 7.99166870e+00
 1.66012573e+01
 1.99087524e+01
 2.41703796e+01
 2.65188904e+01
 2.27682800e+01
 1.75064392e+01
 1.41713562e+01
 5.25854492e+00
 5.41079712e+00
 4.95550537e+00
 5.64248657e+00
 7.25277710e+00
 1.26987305e+01
 2.20010986e+01
 2.50571899e+01
 2.59807434e+01
 2.38961792e+01
 1.66886597e+01
 1.48831177e+01
 4.31811523e+00
 2.50064087e+00
 2.85369873e-01
 1.22946167e+00
 4.25054932e+00
 1.07168884e+01
 2.04527283e+01
 2.46854553e+01
 2.69100037e+01
 2.07997131e+01
 1.51491089e+01
 1.20536194e+01
 8.19656372e+00
 5.26062012e+00
 2.22775269e+00
 4.19131470e+00
 4.52706909e+00
 7.75115967e+00
 1.84799194e+01
 2.01600647e+01
 1.97590942e+01
 2.67331543e+01
 1.89442139e+01
 1.21296387e+01
 7.32421875e+00
 3.55325317e+00
 5.22570801e+00
 8.26080322e-01
 6.29000854e+00
 9.99673462e+00
 1.46633606e+01
 2.13514404e+01
 2.72705383e+01
 2.61540527e+01
 2.15343323e+01
 9.65603638e+00
 4.89486694e+00
 2.90545654e+00
 5.33389282e+00
 3.27960205e+00
 7.43145752e+00
 1.07144165e+01
 1.66251221e+01
 2.67778015e+01
 2.44732666e+01
 2.40408936e+01
 1.50503845e+01
 1.42361755e+01
 9.09677124e+00
 -1.61569214e+00
 -2.20611572e-01
 2.63946533e-01
 6.45596313e+00
 1.09516296e+01
 1.92298279e+01
 2.54639893e+01
 2.31662903e+01
 2.58704529e+01
 1.63648071e+01
 1.25607605e+01
 6.50091553e+00
 4.48770142e+00
 2.01382446e+00
 3.92843628e+00
 4.79968262e+00
 1.40438843e+01
 1.72196960e+01
 1.67157898e+01
 2.21419067e+01
 2.16134949e+01
 1.62322998e+01
 9.21209717e+00
 2.71786499e+00
 5.00723267e+00
 5.98156738e+00
 3.75329590e+00
 6.57974243e+00
 1.17859497e+01
 1.76118774e+01
 2.23878784e+01
 2.66546021e+01
 2.17085571e+01
 1.42233276e+01
 1.27309875e+01
 5.22744751e+00
 -6.16180420e-01
 7.58972168e-01
 3.43850708e+00
 5.03091431e+00
 1.22106323e+01
 1.31160583e+01
 2.11079712e+01
 2.35312500e+01
 2.51697998e+01
 1.68963013e+01
 1.14734497e+01
 5.28530884e+00
 4.47970581e+00
 8.07495117e-01
 4.86724854e-01
 2.01315308e+00
 1.01648560e+01
 1.44648743e+01
 2.09818115e+01
 2.46760254e+01
 2.65516357e+01
 2.06668701e+01
 9.64913940e+00
 5.02111816e+00
 -7.14599609e-01
 1.88278198e+00
 2.96170044e+00
 5.30264282e+00
 8.63815308e+00
 1.42875977e+01
 1.89301758e+01
 2.52773743e+01
 2.07901917e+01
 1.76946716e+01
 1.08002930e+01
 8.68490601e+00
 4.47085571e+00
 3.27807617e+00
 3.95153809e+00
 6.32177734e+00
 1.21983337e+01
 1.91519470e+01
 2.01419678e+01
 2.50313721e+01
 2.54948425e+01
 2.07162170e+01
 1.01864624e+01
 9.54772949e+00
 7.30584717e+00
 5.73294067e+00
 5.49002075e+00
 8.17431641e+00
 8.77423096e+00
 1.50722351e+01
 2.12083435e+01
 2.28323059e+01
 2.46961975e+01
 1.81586304e+01
 1.19197083e+01
 6.00119019e+00
 3.12609863e+00
 3.34713745e+00
 -2.85089111e+00
 4.35339355e+00
 1.06889648e+01
 1.71784668e+01
 2.07906799e+01
 2.50497742e+01
 2.85179443e+01
 2.37875061e+01
 1.11631775e+01
 7.05877686e+00
 2.79342651e+00
 6.00384521e+00
 2.08673096e+00
 6.18307495e+00
 1.03586731e+01
 1.26983337e+01
 2.03816223e+01
 2.40487976e+01
 2.31262512e+01
 2.14986572e+01
 9.30892944e+00
 4.17987061e+00
 -4.89227295e-01
 4.04571533e+00
 5.46090698e+00
 3.63229370e+00
 1.31151733e+01
 1.88807068e+01
 2.61220398e+01
 2.40303650e+01
 2.50405273e+01
 1.58021851e+01
 1.44176025e+01
 5.93991089e+00
 5.36486816e+00
 2.72552490e+00
 4.33367920e+00
 6.27969360e+00
 1.10307922e+01
 1.75985413e+01
 2.15131226e+01
 2.62176514e+01
 2.48806458e+01
 1.86449280e+01
 1.30616150e+01
 8.81799316e+00
 5.49731445e+00
 2.62664795e+00
 4.36630249e+00
 6.27450562e+00
 7.81497192e+00
 1.47034912e+01
 1.74914551e+01
 2.56299438e+01
 2.15961609e+01
 1.77949524e+01
 1.21215210e+01
 8.63043213e+00
 3.30374146e+00
 2.80053711e+00
 2.37854004e+00
 4.20062256e+00
 1.07396545e+01
 1.90918884e+01
 1.88319397e+01
 2.07647400e+01
 2.28627014e+01
 1.91819458e+01
 1.22181091e+01
 2.52371216e+00
 2.19064331e+00
 2.60772705e+00
 1.26730347e+00
 5.48229980e+00
 1.05804138e+01
 1.75732727e+01
 2.24697876e+01
 2.64782410e+01
 2.33318787e+01
 2.23237915e+01
 1.06954346e+01
 8.20413208e+00
 1.58145142e+00
 5.01696777e+00
 6.35604858e+00
 8.71115112e+00
 1.02520142e+01
 1.72174988e+01
 2.21184082e+01
 1.96309204e+01
 2.12516174e+01
 1.45319214e+01
 1.06644592e+01
 7.83843994e+00
 3.58770752e+00
 3.77584839e+00
 5.88726807e+00
 1.06489258e+01
 1.05187683e+01
 1.61030273e+01
 2.44549255e+01
 2.65547791e+01
 2.09163818e+01
 1.78250122e+01
 1.47409058e+01
 6.63461304e+00
 3.28921509e+00
 4.27941895e+00
 2.82769775e+00
 4.96301270e+00
 9.04953003e+00
 1.55637512e+01
 2.30135803e+01
 2.86953430e+01
 2.38484802e+01
 2.06039429e+01
 1.04286499e+01
 9.71768188e+00
 5.24581909e+00
 4.96658325e+00
 4.30581665e+00
 6.62249756e+00
 1.01927185e+01
 2.02090759e+01
 2.42912903e+01
 2.83305664e+01
 2.34506226e+01
 1.76239319e+01
 7.32568359e+00
 3.78863525e+00
 1.94937134e+00
 1.19445801e-01
 2.31509399e+00
 6.79489136e+00
 9.81878662e+00
 1.45960388e+01
 2.25866394e+01
 2.46558838e+01
 2.33832397e+01
 1.64344177e+01
 8.18304443e+00
 3.43515015e+00
 4.85107422e+00
 4.91577148e-01
 4.61145020e+00
 4.99786377e+00
 8.26910400e+00
 1.95351257e+01
 2.63770447e+01
 2.38185730e+01
 2.27354431e+01
 1.69107056e+01
 1.26627808e+01
 5.58328247e+00
 3.52987671e+00
 1.01803589e+00
 3.16821289e+00
 6.94274902e-01
 1.02586365e+01
 1.50696106e+01
 2.18227844e+01
 2.94218750e+01
 2.54917603e+01
 1.77916260e+01
 1.47866211e+01
 9.23736572e+00
 3.52658081e+00
 3.31597900e+00
 -2.45910645e-01
 6.76791382e+00
 1.32450867e+01
 1.76233826e+01
 2.35219421e+01
 2.92192383e+01
 2.42613220e+01
 2.01125488e+01
 9.29980469e+00
 6.64233398e+00
 5.59991455e+00
 1.30859375e+00
 2.23730469e+00
 8.30459595e+00
 1.22832031e+01
 1.69375916e+01
 2.62309570e+01
 3.17877197e+01
 2.41589355e+01
 1.34789124e+01
 9.04541016e+00
 6.88729858e+00
 2.82821655e+00
 1.80386353e+00
 2.11785889e+00
 8.09539795e+00
 1.11700134e+01
 1.24598389e+01
 1.94660034e+01
 2.40779724e+01
 2.43804016e+01
 1.87120361e+01
 1.37142029e+01
 2.01956177e+00
 -2.40219116e+00
 -7.89489746e-01
 9.66705322e-01
 3.00692749e+00
 6.82955933e+00
 1.43953247e+01
 1.90610657e+01
 2.02778931e+01
 2.48881836e+01
 1.99418640e+01
 1.16910706e+01
 7.58325195e+00
 5.21826172e+00
 3.43405151e+00
 3.82983398e+00
 7.99273682e+00
 1.17019043e+01
 1.50828552e+01
 2.66604614e+01
 2.57417908e+01
 2.29602356e+01
 1.93175964e+01
 1.41939087e+01
 8.34497070e+00
 5.19409180e+00
 -1.19451904e+00
 -2.11425781e+00
 5.01660156e+00
 9.17004395e+00
 1.90600281e+01
 2.09452209e+01
 2.85605469e+01
 2.58395996e+01
 1.96118774e+01
 9.57119751e+00
 8.83016968e+00
 3.50677490e+00
 1.91641235e+00
 3.15075684e+00
 6.10244751e+00
 9.20303345e+00
 1.94826050e+01
 2.31210327e+01
 2.99042969e+01
 2.71560364e+01
 1.93385620e+01
 8.18807983e+00
 2.99218750e+00
 4.21044922e+00
 -3.56475830e-01
 1.66754150e+00
 7.22647095e+00
 1.08879395e+01
 1.55836487e+01
 2.07021484e+01
 2.07898865e+01
 2.54241028e+01
 1.80961914e+01
 1.41833496e+01
 7.41104126e+00
 1.80175781e+00
 2.47781372e+00
 4.14672852e-01
 6.71484375e+00
 8.26119995e+00
 1.80915833e+01
 2.64880066e+01
 2.52793274e+01
 2.16621704e+01
 1.82914124e+01
 1.22945251e+01
 7.32339478e+00
 7.17504883e+00
 3.13931274e+00
 1.19104004e+00
 3.78424072e+00
 9.13259888e+00
 1.83305359e+01
 2.26553040e+01
 2.20821838e+01
 2.41009521e+01
 1.88639221e+01
 1.17399292e+01
 5.91012573e+00
 3.01391602e+00
 2.22488403e+00
 1.17935181e+00
 6.81246948e+00
 8.83953857e+00
 1.54844971e+01
 2.22047729e+01
 2.63077698e+01
 2.68360291e+01
 1.61243896e+01
 9.39752197e+00
 6.66998291e+00
 8.23059082e-02
 1.66137695e+00
 1.53842163e+00
 2.91735840e+00
 9.24996948e+00
 1.67125549e+01
 2.56756897e+01
 2.67909546e+01
 2.38963928e+01
 2.14422607e+01
 1.39454346e+01
 3.08551025e+00
 4.43731689e+00
 4.88235474e+00
 7.35006714e+00
 5.42248535e+00
 8.92285156e+00
 1.97285461e+01
 2.38633423e+01
 2.28918762e+01
 2.31581726e+01
 2.02955627e+01
 1.37854919e+01
 4.85708618e+00
 2.73971558e+00
 3.39324951e+00
 5.82098389e+00
 8.96813965e+00
 1.38516235e+01
 1.36446838e+01
 2.16658936e+01
 2.73449097e+01
 2.67051697e+01
 1.62235413e+01
 1.49663391e+01
 8.99328613e+00
 4.51364136e+00
 4.68151855e+00
 5.39767456e+00
 8.15054321e+00
 1.11015015e+01
 2.04734802e+01
 2.41885681e+01
 2.90755005e+01
 2.35967712e+01
 1.72117310e+01
 1.52984924e+01
 8.57205200e+00
 5.84573364e+00
 -2.94158936e-01
 3.63427734e+00
 6.77133179e+00
 1.57668762e+01
 1.72284851e+01
 2.68213196e+01
 2.48599854e+01
 2.56560669e+01
 1.61207886e+01
 1.03839111e+01
 5.35241699e+00
 2.30798340e+00
 -2.75207520e-01
 2.61212158e+00
 6.11428833e+00
 1.03420105e+01
 1.58687744e+01
 2.46431885e+01
 2.14572144e+01
 1.96864014e+01
 1.85242310e+01
 1.07048645e+01
 6.29730225e+00
 3.01147461e-01
 4.71762085e+00
 -1.00579834e+00
 3.47061157e+00
 1.14701843e+01
 1.72882690e+01
 2.57730103e+01
 2.18315430e+01
 2.62554016e+01
 1.66451111e+01
 9.80142212e+00
 7.12792969e+00
 5.83090210e+00
 2.50521851e+00
 4.95111084e+00
 1.07192383e+01
 1.13130493e+01
 1.65952454e+01
 2.22835693e+01
 2.20993652e+01
 2.38174438e+01
 1.59563293e+01
 1.10307312e+01
 5.73348999e+00
 1.05734253e+00
 5.73205566e+00
 6.57312012e+00
 4.38711548e+00
 6.62014771e+00
 1.96972961e+01
 2.04288025e+01
 2.88483887e+01
 2.64187927e+01
 2.10928345e+01
 1.19951782e+01
 6.75851440e+00
 -2.91961670e-01
 -3.86340332e+00
 7.59887695e-01
 8.33236694e+00
 1.62663269e+01
 1.60847168e+01
 2.11963196e+01
 2.46676025e+01
 2.25988770e+01
 1.88308411e+01
 1.12592163e+01
 4.34838867e+00
 3.27832031e+00
 4.73272705e+00
 6.42041016e+00
 5.55828857e+00
 1.07630310e+01
 2.02557373e+01
 2.52201843e+01
 2.75596008e+01
 2.38483276e+01
 2.04176941e+01
 1.38896179e+01
 9.50567627e+00
 -6.52801514e-01
