 3.09282837e+00
 3.89479980e+00
 5.54354248e+00
 8.90343628e+00
 1.43493896e+01
 1.99578186e+01
 2.42072388e+01
 2.10932861e+01
 1.66981445e+01
 1.05271545e+01
 6.74739990e+00
 4.12103271e-01
 -1.85196533e+00
 7.05254517e+00
 8.16851196e+00
 1.12590576e+01
 1.37023865e+01
 2.14229065e+01
 2.20255676e+01
 1.97117859e+01
 1.63181091e+01
 1.33926025e+01
 8.99682007e+00
 -2.78320312e-03
 3.10906982e-01
 3.42803345e+00
 7.70815430e+00
 1.02083679e+01
 1.37655579e+01
 1.74307800e+01
 2.52942749e+01
 2.22700439e+01
 1.74825378e+01
 1.17206970e+01
 9.02797852e+00
 3.27916870e+00
 8.52319336e-01
 4.43541870e+00
 6.49459229e+00
 1.07015625e+01
 1.57617126e+01
 2.06631409e+01
 2.20716797e+01
 2.36953979e+01
 1.90283752e+01
 1.22014099e+01
 5.58837280e+00
 2.05529175e+00
 -7.24676514e-01
 -3.07510986e+00
 5.09301147e+00
 1.07530762e+01
 1.41727539e+01
 1.76212097e+01
 2.15045715e+01
 1.94871155e+01
 1.82817322e+01
 8.33748779e+00
 3.61937866e+00
 1.21340332e+00
 -1.43472900e+00
 3.81008301e+00
 6.48043213e+00
 9.82354126e+00
 1.63653809e+01
 1.96188293e+01
 2.28449951e+01
 2.10789734e+01
 1.78844543e+01
 1.23855835e+01
 3.62157593e+00
 5.31704102e+00
 4.95751953e-01
 4.62915039e-01
 6.03627930e+00
 9.65566406e+00
 1.44493347e+01
 1.74438110e+01
 2.39561096e+01
 2.01641479e+01
 1.40217834e+01
 1.17788635e+01
 9.13045654e+00
 -7.21197510e-01
 1.30910645e+00
 -2.56082764e+00
 5.10280762e+00
 1.02463013e+01
 1.66927734e+01
 1.75537659e+01
 2.25838867e+01
 2.21396118e+01
 1.61079041e+01
 1.24240967e+01
 7.19680176e+00
 1.78552246e-01
 5.83056030e+00
 2.82952881e-01
 5.66716919e+00
 9.88134155e+00
 1.74602905e+01
 2.29790894e+01
 2.39305359e+01
 2.18474976e+01
 1.72109619e+01
 1.18360535e+01
 7.85793457e+00
 2.95055542e+00
 -6.19177246e-01
 3.37322388e+00
 6.88488159e+00
 1.14918457e+01
 1.64854980e+01
 1.96067749e+01
 2.46975342e+01
 2.35989624e+01
 1.82104736e+01
 8.07106934e+00
 9.30169067e+00
 7.01067505e+00
 3.17818604e+00
 4.83995972e+00
 6.76033936e+00
 1.00872131e+01
 1.35194641e+01
 1.85627991e+01
 2.10836731e+01
 2.33913818e+01
 1.96694885e+01
 9.85106812e+00
 3.70098267e+00
 1.67015991e+00
 3.92092285e+00
 1.70034180e+00
 6.81438599e+00
 1.03469482e+01
 1.66147095e+01
 2.10534912e+01
 2.17594543e+01
 1.92708374e+01
 1.85459839e+01
 1.56660400e+01
 2.89507446e+00
 6.45348511e+00
 2.63353882e+00
 3.89254150e+00
 7.58110962e+00
 1.13341003e+01
 1.36771790e+01
 1.70325562e+01
 2.20967346e+01
 2.34001709e+01
 1.71317993e+01
 1.30335022e+01
 3.87392578e+00
 4.39153442e+00
 -1.48917236e+00
 3.49410400e+00
 6.52202759e+00
 1.03963257e+01
 1.47332703e+01
 1.79949890e+01
 2.15245605e+01
 2.33345886e+01
 1.80207764e+01
 9.23198853e+00
 5.42720947e+00
 1.21383057e+00
 1.17577515e+00
 -7.23022461e-02
 5.35250244e+00
 1.01679932e+01
 1.39193359e+01
 1.72465454e+01
 2.36415955e+01
 2.29572998e+01
 2.07105042e+01
 1.22833801e+01
 4.53875122e+00
 2.88918457e+00
 -1.30826416e+00
 3.18322144e+00
 8.20549927e+00
 8.55379639e+00
 1.27631165e+01
 1.99659363e+01
 2.29841248e+01
 2.35172974e+01
 1.78956848e+01
 1.26696106e+01
 7.05510864e+00
 6.12600098e+00
 -3.31894531e+00
 4.90206299e+00
 8.03441772e+00
 1.13684937e+01
 1.41844727e+01
 2.02398315e+01
 2.37846619e+01
 2.13796326e+01
 1.60349976e+01
 1.07990356e+01
 8.98458252e+00
 2.53875122e+00
 2.73330078e+00
 2.06734619e+00
 5.84270630e+00
 9.07384644e+00
 1.39617554e+01
 1.81014038e+01
 2.25070435e+01
 2.11886841e+01
 2.01669861e+01
 1.59858643e+01
 4.60366211e+00
 4.61498413e+00
 1.65795288e+00
 4.72023926e+00
 9.99596558e+00
 1.08672729e+01
 1.58492981e+01
 2.04779907e+01
 2.02851807e+01
 1.86682983e+01
 1.53284241e+01
 8.59432373e+00
 9.28661499e+00
 4.46578369e+00
 5.99053955e-01
 3.70263672e-01
 7.05916748e+00
 9.48385010e+00
 1.42219177e+01
 1.90543457e+01
 1.88752075e+01
 2.24751526e+01
 1.91694885e+01
 1.13407227e+01
 6.95131836e+00
 6.59456787e+00
 2.46404419e+00
 4.32784424e+00
 6.33922729e+00
 8.84096680e+00
 1.40540405e+01
 1.89355408e+01
 2.35308777e+01
 2.01859375e+01
 1.70490051e+01
 1.24964844e+01
 7.89339600e+00
 3.80437622e+00
 5.03075562e+00
 2.47191772e+00
 4.56936035e+00
 1.12986084e+01
 1.57303101e+01
 1.98188416e+01
 2.38493591e+01
 2.07936035e+01
 1.47354980e+01
 9.91347656e+00
 3.50927124e+00
 1.43517456e+00
 4.83434448e+00
 2.73626099e+00
 5.12005005e+00
 1.03095337e+01
 1.57154175e+01
 2.32996765e+01
 2.34732910e+01
 2.01971985e+01
 1.66166321e+01
 1.06076294e+01
 8.11370239e+00
 2.71563110e+00
 2.17336426e+00
 3.90667114e+00
 5.50591431e+00
 1.10463806e+01
 1.40113159e+01
 1.76853271e+01
 2.35117432e+01
 2.31175781e+01
 1.74811646e+01
 1.52833801e+01
 1.05678955e+01
 4.22191772e+00
 2.73183594e+00
 4.91558228e+00
 7.46669922e+00
 9.70339355e+00
 1.58987671e+01
 2.15748840e+01
 2.20784241e+01
 2.08423706e+01
 1.60846191e+01
 1.01440674e+01
 4.44652710e+00
 2.72191772e+00
 4.39193115e+00
 4.69106445e+00
 7.90078125e+00
 1.00443665e+01
 1.34351746e+01
 1.66336914e+01
 2.27869202e+01
 2.27215515e+01
 1.82231079e+01
 1.03537231e+01
 3.32479248e+00
 -1.39124146e+00
 1.79534302e+00
 3.45586548e+00
 4.62935791e+00
 1.06817566e+01
 1.61266724e+01
 2.11527954e+01
 2.09576660e+01
 2.21039063e+01
 1.46996094e+01
 1.19250732e+01
 4.13546143e+00
 5.47554932e+00
 2.47387085e+00
 5.28444824e+00
 9.08004150e+00
 1.29263855e+01
 1.68815247e+01
 1.70692078e+01
 2.10226990e+01
 1.96095520e+01
 1.73391357e+01
 1.12825867e+01
 6.70281372e+00
 4.41683350e+00
 1.64412842e+00
 3.09288940e+00
 7.88482056e+00
 1.12057129e+01
 1.60997559e+01
 1.91760803e+01
 2.44788452e+01
 2.19359985e+01
 1.63850952e+01
 1.30920654e+01
 9.04091797e+00
 2.77047119e+00
 1.51986084e+00
 6.55993042e+00
 9.65392456e+00
 1.22510315e+01
 1.61248413e+01
 2.29231506e+01
 2.35123230e+01
 2.40958191e+01
 1.77144104e+01
 1.21433350e+01
 4.17086182e+00
 6.18596802e+00
 5.55962524e+00
 9.86267090e-02
 6.83571777e+00
 1.28117004e+01
 1.54818970e+01
 2.05763184e+01
 2.36912476e+01
 2.28932434e+01
 1.63118225e+01
 1.33618713e+01
 7.90957031e+00
 6.45766602e+00
 2.98635254e+00
 4.59630737e+00
 5.03090820e+00
 1.09601990e+01
 1.48182007e+01
 1.86295105e+01
 2.22000061e+01
 2.18303772e+01
 1.55118347e+01
 1.20732666e+01
 4.41594849e+00
 3.82601318e+00
 2.56096802e+00
 4.93236694e+00
 8.79754028e+00
 1.16216370e+01
 1.78536621e+01
 2.21079041e+01
 2.24752747e+01
 2.05531250e+01
 1.76272827e+01
 1.22608276e+01
 9.74614868e+00
 4.26610718e+00
 5.25737915e+00
 5.33760986e+00
 8.52254639e+00
 1.06425110e+01
 1.49158264e+01
 1.78553101e+01
 2.51912781e+01
 2.30956665e+01
 1.81188904e+01
 1.13488403e+01
 3.51915894e+00
 -4.90606689e-01
 -3.91669312e+00
 -8.70862427e+00
 1.51787720e+00
 1.08777710e+01
 1.47325073e+01
 1.80575806e+01
 2.24418274e+01
 2.25664307e+01
 1.97564941e+01
 1.08206726e+01
 4.38216553e+00
 -2.44818726e+00
 2.73504028e+00
 -2.49121094e-01
 5.21508179e+00
 1.18325745e+01
 1.56131836e+01
 1.81550842e+01
 2.35404907e+01
 2.35768982e+01
 1.62085205e+01
 9.53356323e+00
 6.08928833e+00
 -7.39630127e-01
 -5.87940063e+00
 -1.60620117e-01
 8.90569458e+00
 9.20070801e+00
 1.49276672e+01
 2.03051697e+01
 2.55323120e+01
 2.75398499e+01
 1.40966125e+01
 1.27402283e+01
 9.25576172e+00
 3.57747803e+00
 5.67897949e+00
 4.60228882e+00
 7.48815308e+00
 1.07441345e+01
 1.43366028e+01
 1.98409668e+01
 1.91502014e+01
 2.01613403e+01
 1.52435242e+01
 9.63762817e+00
 6.90416870e+00
 3.77178345e+00
 1.00640869e-01
 2.24801025e+00
 7.05724487e+00
 1.03266541e+01
 1.40835510e+01
 1.90581299e+01
 2.31652161e+01
 2.12410217e+01
 2.13410889e+01
 1.29126221e+01
 9.93956909e+00
 3.67431030e+00
 2.57900391e+00
 2.58226929e+00
 7.37334595e+00
 1.22793213e+01
 1.62391907e+01
 2.00072571e+01
 2.20326477e+01
 2.13231750e+01
 1.75678040e+01
 1.41839233e+01
 4.30046997e+00
 4.16881714e+00
 4.08281860e+00
 -2.07163086e+00
 3.40380249e+00
 1.10023132e+01
 1.51005493e+01
 2.09084106e+01
 2.46549011e+01
 2.50858398e+01
 1.49110657e+01
 1.10086304e+01
 5.59569702e+00
 2.26433716e+00
 -1.57226562e-02
 1.40953979e+00
 5.09426270e+00
 8.65569458e+00
 1.36721130e+01
 1.99080139e+01
 2.52220398e+01
 2.11691223e+01
 1.49050537e+01
 1.03209778e+01
 9.55852661e+00
 4.31246338e+00
 -3.71954956e+00
 1.73693237e+00
 8.08242188e+00
 1.04444519e+01
 1.47654968e+01
 1.95832153e+01
 2.36450439e+01
 1.77260986e+01
 1.54629150e+01
 1.18059021e+01
 7.03301392e+00
 4.13610229e+00
 3.67522583e+00
 3.47451172e+00
 8.85186157e+00
 1.35396973e+01
 2.08860413e+01
 1.89129272e+01
 2.50350586e+01
 2.62528320e+01
 1.75248047e+01
 1.28371216e+01
 7.32180176e+00
 4.05022583e+00
 4.96032104e+00
 3.64465332e-01
 4.19304810e+00
 1.17050720e+01
 1.68912292e+01
 2.23002869e+01
 2.47073914e+01
 2.52144104e+01
 1.86023804e+01
 1.35831848e+01
 1.11997009e+01
 2.20742188e+00
 3.88399658e+00
 2.07903442e+00
 4.95424805e+00
 1.18082520e+01
 1.64135681e+01
 2.07336060e+01
 2.33939453e+01
 2.14079224e+01
 1.51440674e+01
 1.32315918e+01
 6.67543945e+00
 3.97292480e+00
 3.64568481e+00
 4.85238037e+00
 9.06124268e+00
 1.10031677e+01
 1.81399475e+01
 2.05563904e+01
 2.45788818e+01
 2.36858459e+01
 1.80064331e+01
 1.18050781e+01
 9.36940918e+00
 4.98644409e+00
 4.96083984e+00
 4.09206543e+00
 2.29461060e+00
 9.24227295e+00
 1.36043945e+01
 1.97128845e+01
 2.31590515e+01
 2.14497009e+01
 1.80431763e+01
 1.28580566e+01
 6.83901367e+00
 2.26213989e+00
 1.36285400e-01
 1.40224609e+00
 7.01342163e+00
 1.08057800e+01
 1.69038025e+01
 2.18970886e+01
 2.18981873e+01
 1.95887085e+01
 1.65567261e+01
 1.12814575e+01
 4.85164795e+00
 6.26855469e-01
 8.65106201e-01
 1.87603149e+00
 4.26229248e+00
 1.25873352e+01
 1.80996643e+01
 2.65558716e+01
 2.70418945e+01
 2.34098145e+01
 2.02609497e+01
 1.53812805e+01
 9.23088989e+00
 3.70809326e+00
 4.10735474e+00
 3.15203247e+00
 1.00359131e+01
 1.23746887e+01
 1.69054199e+01
 2.01824890e+01
 2.48684326e+01
 2.38356262e+01
 1.99711853e+01
 1.22087341e+01
 7.28917847e+00
 5.06307373e+00
 5.88231812e+00
 6.66951904e+00
 7.40496216e+00
 1.17932068e+01
 1.69406982e+01
 1.89963013e+01
 2.43910156e+01
 2.12359558e+01
 1.73127380e+01
 1.13481384e+01
 5.46907959e+00
 4.82915649e+00
 3.86614380e+00
 3.16210327e+00
 8.76876221e+00
 1.08908630e+01
 1.81198364e+01
 2.28028198e+01
 2.47604309e+01
 2.29974304e+01
 1.93905579e+01
 1.10908752e+01
 8.25802002e+00
 3.29427490e+00
 2.99188232e-01
 1.76025391e-02
 7.20540771e+00
 1.35453430e+01
 1.66497437e+01
 1.99127441e+01
 2.12076965e+01
 2.08563782e+01
 2.02552734e+01
 1.27837769e+01
 6.68349609e+00
 6.77813110e+00
 3.45888672e+00
 4.10686646e+00
 7.93068848e+00
 8.22637329e+00
 1.39689270e+01
 2.19045044e+01
 2.45467468e+01
 2.38898865e+01
 1.93810669e+01
 1.48189026e+01
 6.36345825e+00
 2.21349487e+00
 -2.56109619e-01
 3.90618286e+00
 8.17440186e+00
 1.28371216e+01
 1.42778564e+01
 1.81383606e+01
 2.30864502e+01
 2.54826294e+01
 1.68527466e+01
 1.44773804e+01
 4.27745972e+00
 9.01116943e-01
 2.29644165e+00
 5.62517700e+00
 8.41262207e+00
 9.28218994e+00
 1.55697266e+01
 1.82765442e+01
 2.33182617e+01
 2.33986755e+01
 1.70350891e+01
 1.47522522e+01
 8.25850830e+00
 4.61159668e+00
 2.78670654e+00
 3.41210327e+00
 8.61898193e+00
 1.22483765e+01
 1.39196716e+01
 1.93045593e+01
 2.09471680e+01
 2.04384399e+01
 1.70409790e+01
 1.12857300e+01
 1.13623596e+01
 4.81395874e+00
 2.54366455e+00
 7.41179810e+00
 7.85341797e+00
 1.28534180e+01
 1.75528809e+01
 2.25676819e+01
 2.24325806e+01
 2.21498962e+01
 1.67786194e+01
 1.24673401e+01
 5.02898560e+00
 3.61992798e+00
 4.09731445e+00
 3.99077759e+00
 5.73107300e+00
 1.07615601e+01
 1.54341675e+01
 1.73188416e+01
 2.31976563e+01
 2.41735168e+01
 1.62144104e+01
 1.42369019e+01
 9.41546021e+00
 -3.25628662e-01
 3.95253906e+00
 1.38860474e+00
 7.13103638e+00
 1.32122131e+01
 1.91342407e+01
 2.23806396e+01
 2.49460999e+01
 2.47481018e+01
 1.62511841e+01
 1.27593933e+01
 5.63155518e+00
 7.32674561e+00
 5.65627441e+00
 5.90154419e+00
 8.54628906e+00
 1.24928833e+01
 1.47086121e+01
 2.10900818e+01
 2.52029358e+01
 2.36729065e+01
 1.66362854e+01
 1.11896606e+01
 6.29567871e+00
 4.95678101e+00
 3.32845459e+00
 3.80803833e+00
 8.90392456e+00
 1.18631226e+01
 1.56619812e+01
 2.29682251e+01
 2.82818848e+01
 2.35683533e+01
 1.79473511e+01
 1.35974670e+01
 8.81047974e+00
 5.35473022e+00
 3.09786377e+00
 6.34456787e+00
 6.58355103e+00
 1.32473999e+01
 2.25505615e+01
 2.42398926e+01
 2.83353210e+01
 2.27574707e+01
 1.59469543e+01
 1.32506653e+01
 8.31377563e+00
 6.80004272e+00
 4.80339966e+00
 1.93444214e+00
 9.57833252e+00
 1.12509705e+01
 1.43468872e+01
 2.23528076e+01
 2.42408691e+01
 2.57842651e+01
 1.97227417e+01
 1.23714844e+01
 1.21316162e+01
 4.22884521e+00
 -1.54147949e+00
 9.74450684e-01
 7.04589233e+00
 1.19053894e+01
 1.44848877e+01
 2.27626892e+01
 2.38970581e+01
 2.48687378e+01
 2.04946533e+01
 1.37431885e+01
 9.04122314e+00
 2.82866821e+00
 5.42333374e+00
 5.67092285e+00
 8.46892700e+00
 1.27638794e+01
 1.72538391e+01
 2.13921753e+01
 2.14143005e+01
 2.18239380e+01
 1.72090393e+01
 1.31129700e+01
 1.07723938e+01
 3.89946899e+00
 8.39929199e-01
 2.67971191e+00
 7.23970947e+00
 1.27204529e+01
 1.71051575e+01
 2.23669983e+01
 2.31846252e+01
 2.37651917e+01
 1.77443176e+01
 9.34374390e+00
 1.21477905e+01
 1.42385254e+00
 -4.69635620e+00
 4.47738037e+00
 5.99514160e+00
 1.13406616e+01
 1.60559326e+01
 2.56467224e+01
 2.62393433e+01
 2.05955444e+01
 1.59909302e+01
 1.07712036e+01
 7.35494385e+00
 5.59719238e+00
 5.38332520e+00
 4.32100830e+00
 4.62313232e+00
 1.07477966e+01
 1.64881226e+01
 1.84195190e+01
 2.32324463e+01
 2.51359497e+01
 1.75404907e+01
 1.20871521e+01
 7.83171997e+00
 4.06047974e+00
 4.34377441e+00
 5.98439941e+00
 5.92907104e+00
 1.41050049e+01
 1.48695618e+01
 1.94884888e+01
 2.64966980e+01
 2.40285889e+01
 1.59741150e+01
 1.15985352e+01
 6.22298584e+00
 5.17141113e+00
 4.61205444e+00
 3.64211426e+00
 8.22249756e+00
 1.18890015e+01
 1.94532715e+01
 2.13087708e+01
 2.27931458e+01
 2.32284485e+01
 1.87600647e+01
 1.21012207e+01
 1.01217896e+01
 1.61440430e+00
 5.41711426e-01
 2.69152222e+00
 5.23671875e+00
 1.44905640e+01
 1.75487000e+01
 2.00369507e+01
 2.34167419e+01
 2.20295044e+01
 1.64367920e+01
 1.18344055e+01
 6.46804199e+00
 5.49749146e+00
 2.33196411e+00
 6.91069946e+00
 9.05455933e+00
 1.20505615e+01
 1.67502075e+01
 1.94509827e+01
 2.40599915e+01
 2.22920471e+01
 1.62045532e+01
 1.59298950e+01
 5.76101074e+00
 3.77092896e+00
 2.32085571e+00
 5.73372803e+00
 7.35314331e+00
 1.28144165e+01
 1.52615601e+01
 2.23847595e+01
 2.59339844e+01
 2.10386597e+01
 1.69815308e+01
 9.86620483e+00
 6.58275757e+00
 3.50847778e+00
 5.41518555e+00
 4.54201660e+00
 1.05423523e+01
 1.33520142e+01
 1.50760132e+01
 1.94094177e+01
 2.41499573e+01
 2.40073792e+01
 1.85346619e+01
 1.40816284e+01
 7.95513306e+00
 3.27480469e+00
 1.84069214e+00
 4.14031372e+00
 5.78350220e+00
 1.13466125e+01
 1.49002625e+01
 1.99835449e+01
 2.37849060e+01
 2.48710266e+01
 1.84110046e+01
 1.30167480e+01
 1.05573669e+01
 6.63295898e+00
 5.13375244e+00
 6.05504761e+00
 8.83767090e+00
 1.28799072e+01
 1.77591187e+01
 2.53947693e+01
 2.61753479e+01
 2.47379395e+01
 1.94926697e+01
 1.49163452e+01
 9.30315552e+00
 1.40645752e+00
 1.54677734e+00
 4.34346924e+00
 8.00258789e+00
 1.07136169e+01
 1.65573364e+01
 2.09291321e+01
 2.55781494e+01
 2.24814697e+01
 1.95943237e+01
 1.33833557e+01
 4.46999512e+00
 4.00069580e+00
 2.64238892e+00
 6.23641357e+00
 9.30477295e+00
 1.19612061e+01
 1.74865356e+01
 1.99594971e+01
 2.52004944e+01
 2.18293091e+01
 1.83257080e+01
 1.32260681e+01
 7.88485107e+00
 1.70379028e+00
 2.15560303e+00
 3.86980591e+00
 9.96117554e+00
 1.21128479e+01
 1.59389282e+01
 2.03067261e+01
 2.39456421e+01
 2.22750793e+01
 1.79961487e+01
 1.28625427e+01
 7.08635864e+00
 3.47692261e+00
 5.01317749e+00
 4.68011475e-01
 6.62380371e+00
 1.07038818e+01
 1.68992859e+01
 2.00064026e+01
 2.25995422e+01
 2.42912231e+01
 1.87550293e+01
 1.29515930e+01
 7.30718384e+00
 4.81667480e+00
 1.85616455e+00
 4.93383179e+00
 9.52370605e+00
 1.09768005e+01
 1.43230225e+01
 1.79878174e+01
 2.22006165e+01
 2.63979736e+01
 1.98878113e+01
 1.08960815e+01
 5.74831543e+00
 6.91158447e+00
 5.22792969e+00
 6.53811035e+00
 6.62487183e+00
 1.11397339e+01
 1.43392273e+01
 1.96597839e+01
 2.25813843e+01
 2.52082153e+01
 1.71034485e+01
 1.20645386e+01
 7.94271240e+00
 1.84539185e+00
 3.29003906e-01
 1.53099976e+00
 3.78853760e+00
 1.15081726e+01
 1.54310242e+01
 1.75867859e+01
 2.40686584e+01
 2.36509033e+01
 1.91398865e+01
 1.35637451e+01
 1.18866211e+01
 4.54866943e+00
 3.89586792e+00
 4.60427246e+00
 7.94677124e+00
 1.25016724e+01
 1.50311218e+01
 1.83619629e+01
 2.43591248e+01
 2.24510742e+01
 1.63361145e+01
 1.14193665e+01
 6.79876099e+00
 3.70662842e+00
 -1.46112671e+00
 2.45522461e+00
 9.09826050e+00
 1.07522522e+01
 1.38967529e+01
 2.04978882e+01
 2.39821106e+01
 2.38704468e+01
 1.82148376e+01
 1.29545227e+01
 4.90026245e+00
 3.17046509e+00
 3.30864868e+00
 5.73162231e+00
 5.89003906e+00
 1.20059753e+01
 1.66933838e+01
 2.30144897e+01
 2.18188721e+01
 2.27389160e+01
 1.93832642e+01
 1.33675476e+01
 7.32683716e+00
 4.07964478e+00
 3.34465942e+00
 3.82836304e+00
 8.75237427e+00
 1.19492432e+01
 1.62143494e+01
 2.46618896e+01
 2.27761169e+01
 1.90234924e+01
 1.72251526e+01
 1.48002258e+01
 9.08330688e+00
 5.97762451e+00
 2.97008667e+00
 5.46303711e+00
 9.95775757e+00
 9.33071289e+00
 1.41679626e+01
 1.80508057e+01
 2.13718201e+01
 2.23182312e+01
 1.58749023e+01
 8.50371704e+00
 5.79863892e+00
 4.69320068e+00
 -1.21982422e+00
 -6.76135864e+00
 2.64135132e+00
 1.11451660e+01
 1.72692200e+01
 2.03182312e+01
 2.51534058e+01
 2.34215637e+01
 1.80432373e+01
 1.23937317e+01
 4.37877808e+00
 6.35204468e+00
 -6.80242920e-01
 3.41494141e+00
 6.20519409e+00
 1.24690491e+01
 1.41749207e+01
 1.89013000e+01
 2.14269958e+01
 2.08652283e+01
 1.85565430e+01
 1.42799316e+01
 7.95317993e+00
 3.19652710e+00
 4.26818237e+00
 4.18886719e+00
 8.70205078e+00
 1.15623108e+01
 1.53746582e+01
 2.19828735e+01
 2.47270447e+01
 2.43087708e+01
 2.07189270e+01
 1.67026917e+01
 6.88570557e+00
 6.33126221e+00
 6.44826660e+00
 3.74779663e+00
 8.70696411e+00
 1.22386719e+01
 1.58724915e+01
 2.12071167e+01
 2.40165955e+01
 2.27956177e+01
 1.57651001e+01
 1.08132874e+01
 6.42601929e+00
 1.06273804e+00
 -1.17035522e+00
 4.59542236e+00
 7.43731079e+00
 1.04509827e+01
 1.65081726e+01
 1.85010925e+01
 2.33901306e+01
 2.24948669e+01
 1.78502441e+01
 1.31304871e+01
 8.04766235e+00
 3.33626709e+00
 2.63454590e+00
 8.81447754e+00
 9.14888916e+00
 1.08116089e+01
 1.49393860e+01
 2.01437012e+01
 2.38774658e+01
 2.51160522e+01
 1.67610413e+01
 1.00403992e+01
 9.49105225e+00
 5.07900391e+00
 3.93007813e+00
 7.68023071e+00
 7.09502563e+00
 1.26524902e+01
 1.41366821e+01
 1.97784363e+01
 2.15970398e+01
 2.12321106e+01
 2.26116272e+01
 1.50377136e+01
 7.40633545e+00
 4.48488770e+00
 3.33309326e+00
 3.53869019e+00
 7.02745972e+00
 1.21370789e+01
 1.37212769e+01
 1.99222046e+01
 2.19467102e+01
 2.09862915e+01
 1.85329834e+01
 1.39602600e+01
 7.20195923e+00
 3.53914795e+00
 6.02098999e+00
 5.34600220e+00
 7.58626709e+00
 1.18110291e+01
 1.51372925e+01
 1.87434326e+01
 2.17169739e+01
 2.33183228e+01
 1.92353149e+01
 1.24298035e+01
 4.34197388e+00
 5.19277344e+00
 1.57650146e+00
 6.86773071e+00
 7.80938110e+00
 1.14925781e+01
 1.58862549e+01
 2.20979248e+01
 2.61551758e+01
 2.60225769e+01
 1.69404236e+01
 1.36295105e+01
 4.96694336e+00
 2.78301392e+00
