 -5.89996338e-01
 -6.82373047e-02
 3.75335693e+00
 8.17510986e+00
 1.40634460e+01
 2.31637878e+01
 2.49483337e+01
 2.19494019e+01
 1.84356079e+01
 1.31478882e+01
 6.99926758e+00
 6.57348633e+00
 5.10296631e+00
 3.33200073e+00
 7.44888306e+00
 1.04738159e+01
 1.60878601e+01
 2.55301208e+01
 2.50030518e+01
 2.05102539e+01
 1.71206665e+01
 9.94946289e+00
 1.08592834e+01
 4.46026611e+00
 3.69314575e+00
 -2.19635010e-01
 4.68200684e-01
 7.73300171e+00
 1.88876343e+01
 2.25208435e+01
 2.42218933e+01
 2.44021912e+01
 1.28298340e+01
 1.36240540e+01
 7.47518921e+00
 2.35766602e+00
 9.20715332e-01
 4.51385498e+00
 5.73355103e+00
 7.08026123e+00
 1.39454041e+01
 2.03714600e+01
 2.37062073e+01
 2.25450439e+01
 1.10225830e+01
 9.52661133e+00
 2.48931885e-01
 6.97470093e+00
 3.39712524e+00
 2.04541016e+00
 7.86032104e+00
 7.36904907e+00
 1.35172424e+01
 2.08387146e+01
 2.24626465e+01
 2.35393066e+01
 1.45532837e+01
 1.03977661e+01
 2.79241943e+00
 6.52972412e+00
 -3.37738037e-01
 3.23147583e+00
 3.71118164e+00
 8.96566772e+00
 1.74238281e+01
 2.31304626e+01
 2.89727783e+01
 2.37564087e+01
 1.79699707e+01
 1.49729919e+01
 7.87243652e+00
 2.03771973e+00
 1.42498779e+00
 -2.30712891e+00
 4.65435791e+00
 1.23903198e+01
 1.60578308e+01
 2.31734924e+01
 2.26037598e+01
 2.07304688e+01
 1.61291199e+01
 1.08408508e+01
 7.36816406e+00
 7.69708252e+00
 2.74230957e+00
 4.56002808e+00
 2.89984131e+00
 1.14334412e+01
 1.52120056e+01
 2.39558105e+01
 2.32934570e+01
 2.10439758e+01
 1.86734924e+01
 9.28320312e+00
 1.06028748e+01
 4.55023193e+00
 3.92105103e+00
 2.94741821e+00
 4.48828125e+00
 7.19909668e+00
 1.25812378e+01
 1.91594849e+01
 2.64427185e+01
 2.51346741e+01
 1.79902954e+01
 1.06882629e+01
 6.03820801e+00
 4.03054810e+00
 1.86682129e+00
 3.17376709e+00
 4.26782227e+00
 8.97787476e+00
 1.25040588e+01
 2.34633179e+01
 2.47515259e+01
 2.01510315e+01
 1.85721741e+01
 1.50411377e+01
 4.97387695e+00
 4.43377686e+00
 1.10528564e+00
 5.33404541e+00
 4.86373901e+00
 8.40975952e+00
 1.49928284e+01
 2.21328735e+01
 2.59349670e+01
 2.07629700e+01
 1.90761108e+01
 1.10531311e+01
 5.54132080e+00
 2.62524414e+00
 6.32879639e+00
 5.25671387e+00
 7.45419312e+00
 1.38977966e+01
 1.47825012e+01
 1.83421326e+01
 2.39149780e+01
 2.44329834e+01
 2.06485901e+01
 1.01318359e+01
 7.00061035e+00
 1.49569702e+00
 4.13360596e-01
 1.85824585e+00
 2.90109253e+00
 8.17425537e+00
 1.58134155e+01
 2.26209412e+01
 2.53736267e+01
 2.22496643e+01
 1.69808655e+01
 9.68026733e+00
 8.48034668e+00
 3.44955444e+00
 -4.82748413e+00
 1.46231079e+00
 7.50787354e+00
 1.19227600e+01
 1.77419128e+01
 2.14018555e+01
 2.22037964e+01
 2.20818787e+01
 1.70366211e+01
 1.09128723e+01
 8.20956421e+00
 7.05203247e+00
 2.52380371e-01
 5.60006714e+00
 9.24755859e+00
 1.09921875e+01
 1.69007263e+01
 2.40694885e+01
 2.37128296e+01
 2.30936279e+01
 1.79014893e+01
 1.38642578e+01
 7.32855225e+00
 8.17474365e-01
 2.01977539e+00
 5.75180054e+00
 4.75662231e+00
 1.12261963e+01
 1.51243591e+01
 2.34602966e+01
 2.63304138e+01
 1.98440247e+01
 1.72718811e+01
 1.12449036e+01
 3.93081665e+00
 -3.35723877e-01
 1.95358276e+00
 1.47705078e-02
 3.17584229e+00
 1.15293884e+01
 1.16682434e+01
 2.12215881e+01
 2.50081482e+01
 2.45840149e+01
 1.63735046e+01
 1.10832520e+01
 6.54574585e+00
 4.98962402e+00
 3.35855103e+00
 1.01928711e-01
 2.62048340e+00
 9.10937500e+00
 1.24752502e+01
 2.28692322e+01
 2.69478760e+01
 2.39939880e+01
 1.87553406e+01
 1.12261658e+01
 1.00941467e+01
 3.13208008e+00
 3.90847778e+00
 3.28588867e+00
 7.28707886e+00
 7.22448730e+00
 1.47415466e+01
 2.41017456e+01
 2.46875916e+01
 2.24078674e+01
 1.57386780e+01
 1.10045776e+01
 1.15560303e+01
 2.08703613e+00
 -3.94564819e+00
 1.62088013e+00
 3.07571411e+00
 7.95318604e+00
 1.41036682e+01
 2.20119324e+01
 2.65562134e+01
 2.23782654e+01
 1.59552002e+01
 1.23427124e+01
 8.03372192e+00
 -2.52890015e+00
 4.68811035e+00
 6.56457520e+00
 7.94287109e+00
 1.02442017e+01
 1.73648682e+01
 2.48829651e+01
 2.57362976e+01
 2.34321289e+01
 1.79271545e+01
 1.00718079e+01
 5.85073853e+00
 5.43164062e+00
 6.84570312e+00
 3.73770142e+00
 3.97940063e+00
 7.87133789e+00
 9.13635254e+00
 1.89880066e+01
 2.48525085e+01
 2.55305481e+01
 1.64837952e+01
 8.78167725e+00
 7.43511963e+00
 2.40112305e-01
 9.12902832e-01
 2.61648560e+00
 5.07159424e+00
 8.79879761e+00
 1.87132263e+01
 2.44061584e+01
 2.55349121e+01
 2.00178833e+01
 1.51985779e+01
 1.22079163e+01
 7.16284180e+00
 5.33642578e+00
 4.15649414e+00
 5.18041992e+00
 5.39846802e+00
 1.08413086e+01
 1.35711365e+01
 2.42448425e+01
 2.43841248e+01
 1.93757629e+01
 1.75150452e+01
 1.19284668e+01
 9.54519653e+00
 7.24652100e+00
 2.99761963e+00
 3.23193359e+00
 2.04235840e+00
 1.18084106e+01
 2.07450256e+01
 2.06646423e+01
 2.68646240e+01
 2.63045959e+01
 1.37716064e+01
 1.06045532e+01
 7.70520020e+00
 3.38241577e+00
 5.87908936e+00
 3.61117554e+00
 6.34466553e+00
 1.36497498e+01
 1.78624268e+01
 2.36799316e+01
 2.54899292e+01
 2.24974365e+01
 1.66210938e+01
 1.14024048e+01
 9.57608032e+00
 3.76016235e+00
 3.41558838e+00
 6.62088013e+00
 7.85916138e+00
 1.01286621e+01
 1.73998718e+01
 2.40961914e+01
 2.50265198e+01
 2.44880981e+01
 1.90161743e+01
 1.06200256e+01
 1.10482178e+01
 8.00448608e+00
 3.83056641e-01
 1.82592773e+00
 4.67926025e+00
 1.31470947e+01
 1.95063782e+01
 2.31854858e+01
 2.90215149e+01
 2.45038452e+01
 1.65293579e+01
 1.09020691e+01
 3.16644287e+00
 3.21661377e+00
 2.45812988e+00
 4.58673096e+00
 5.83752441e+00
 1.14739990e+01
 1.96600952e+01
 2.38983154e+01
 2.64359131e+01
 2.43557434e+01
 1.64767761e+01
 8.10958862e+00
 7.96936035e+00
 5.92260742e+00
 1.95172119e+00
 3.98876953e+00
 6.64471436e+00
 1.18322449e+01
 1.64981079e+01
 2.24931641e+01
 2.76872864e+01
 2.24167480e+01
 1.65904236e+01
 1.14974976e+01
 5.68338013e+00
 6.89086914e-01
 1.92568970e+00
 6.01477051e+00
 7.87228394e+00
 8.31494141e+00
 1.63501892e+01
 2.21799316e+01
 2.61557007e+01
 2.40970459e+01
 2.12112122e+01
 8.85949707e+00
 5.60348511e+00
 2.47695923e+00
 -9.06829834e-01
 4.29602051e+00
 6.29748535e+00
 1.02664490e+01
 1.55067139e+01
 2.42763062e+01
 2.68572693e+01
 2.55655518e+01
 1.38726807e+01
 1.19323730e+01
 1.03850403e+01
 1.75732422e+00
 2.25915527e+00
 4.83209229e+00
 3.88943481e+00
 8.89208984e+00
 1.42013245e+01
 2.02739868e+01
 2.73859863e+01
 2.54250793e+01
 1.93679504e+01
 1.22055664e+01
 1.05523682e+01
 5.32287598e-01
 8.00119019e+00
 3.52908325e+00
 6.53558350e+00
 9.34561157e+00
 1.67052307e+01
 1.80567017e+01
 2.57911987e+01
 2.41151733e+01
 1.64009094e+01
 1.38429565e+01
 4.62585449e+00
 1.02209473e+00
 2.99462891e+00
 1.86117554e+00
 6.35369873e+00
 9.58444214e+00
 1.54075928e+01
 2.43386230e+01
 2.42889404e+01
 2.11492004e+01
 1.83780823e+01
 1.21058350e+01
 7.31072998e+00
 3.18447876e+00
 5.02545166e+00
 6.00393677e+00
 7.37554932e+00
 8.73913574e+00
 1.52658081e+01
 2.43475342e+01
 2.63618774e+01
 2.67730408e+01
 1.86554565e+01
 1.34756775e+01
 9.32040405e+00
 5.11962891e+00
 4.58670044e+00
 4.42999268e+00
 8.73968506e+00
 1.05818481e+01
 1.80538025e+01
 2.07040405e+01
 2.84949341e+01
 2.56365662e+01
 1.89075623e+01
 1.21341553e+01
 1.02561035e+01
 7.42779541e+00
 1.37387085e+00
 1.20541382e+00
 3.23941040e+00
 1.12401733e+01
 1.44233093e+01
 2.29303894e+01
 2.79756470e+01
 2.67543335e+01
 1.99612732e+01
 1.53614197e+01
 8.40664673e+00
 3.88125610e+00
 4.08605957e+00
 3.28338623e+00
 5.62228394e+00
 9.73339844e+00
 1.42849121e+01
 2.18890686e+01
 2.39617004e+01
 2.10398865e+01
 1.78853455e+01
 1.15117188e+01
 8.31683350e+00
 6.29348755e+00
 5.82009888e+00
 2.91760254e+00
 6.13607788e+00
 9.38793945e+00
 1.51160583e+01
 2.52864990e+01
 2.68725891e+01
 2.31785278e+01
 1.92813110e+01
 1.06448975e+01
 7.99816895e+00
 3.43130493e+00
 4.95419312e+00
 3.99969482e+00
 8.88409424e+00
 1.30639648e+01
 2.01609802e+01
 2.20200806e+01
 2.54435120e+01
 2.15954285e+01
 2.28271790e+01
 1.47946777e+01
 8.97525024e+00
 7.20391846e+00
 5.11932373e-01
 2.45379639e+00
 3.22494507e+00
 9.91250610e+00
 1.27156372e+01
 2.18220215e+01
 2.73352966e+01
 2.50281982e+01
 1.73588867e+01
 1.36071472e+01
 9.56704712e+00
 8.91464233e+00
 2.05911255e+00
 2.12329102e+00
 5.70489502e+00
 8.43560791e+00
 1.39971313e+01
 2.48669739e+01
 2.80004272e+01
 2.53184204e+01
 1.69340820e+01
 1.22683716e+01
 9.65042114e+00
 6.08151245e+00
 -5.05310059e-01
 3.98779297e+00
 6.26129150e+00
 9.18374634e+00
 1.66340637e+01
 2.68146057e+01
 2.63095093e+01
 2.50592041e+01
 1.79649353e+01
 1.40809326e+01
 9.44265747e+00
 4.63046265e+00
 2.99545288e+00
 2.99206543e+00
 6.20767212e+00
 1.04961853e+01
 1.61690674e+01
 2.20140686e+01
 2.51609192e+01
 2.53703003e+01
 2.29887085e+01
 1.23415527e+01
 8.94989014e+00
 7.14099121e+00
 1.91403198e+00
 1.75216675e+00
 6.63162231e+00
 8.43408203e+00
 1.27076416e+01
 2.59042053e+01
 2.57129517e+01
 2.53776550e+01
 1.98617859e+01
 1.61884155e+01
 8.44650269e+00
 3.93835449e+00
 1.33004761e+00
 6.20846558e+00
 1.00168152e+01
 9.34320068e+00
 1.42064209e+01
 2.22203064e+01
 2.69211731e+01
 2.48051147e+01
 1.91297913e+01
 1.26963806e+01
 1.04235535e+01
 8.72503662e+00
 4.20541382e+00
 4.12149048e+00
 1.03199158e+01
 7.99966431e+00
 1.55397949e+01
 2.58836670e+01
 2.76972961e+01
 2.31247559e+01
 2.31405029e+01
 1.30792847e+01
 1.06422424e+01
 5.33575439e+00
 2.62350464e+00
 2.02383423e+00
 7.71231079e+00
 1.11192627e+01
 1.59739990e+01
 2.56734314e+01
 2.97314758e+01
 2.54989319e+01
 1.82800903e+01
 1.35549011e+01
 9.43164062e+00
 4.89910889e+00
 6.36120605e+00
 6.19116211e+00
 6.79376221e+00
 1.09371948e+01
 1.66652832e+01
 2.23749390e+01
 2.57905579e+01
 2.47473755e+01
 2.15263977e+01
 1.59609070e+01
 8.82250977e+00
 3.59121704e+00
 5.17260742e+00
 5.52621460e+00
 6.25027466e+00
 1.20519104e+01
 1.66487427e+01
 2.52349548e+01
 2.80889282e+01
 2.47085876e+01
 1.83425598e+01
 1.27066650e+01
 8.80575562e+00
 4.89825439e+00
 3.04067993e+00
 1.90548706e+00
 4.74578857e+00
 1.04060974e+01
 1.69026184e+01
 2.17057190e+01
 2.67063599e+01
 2.83903809e+01
 1.98137817e+01
 1.48741455e+01
 8.89651489e+00
 3.81619263e+00
 6.88153076e+00
 4.68463135e+00
 6.74121094e+00
 1.07261658e+01
 1.96039734e+01
 2.50485229e+01
 2.82204590e+01
 2.68459778e+01
 1.90590515e+01
 1.11773376e+01
 6.41024780e+00
 1.33645630e+00
 -3.31811523e+00
 5.89382935e+00
 5.72241211e+00
 1.22737122e+01
 1.69184265e+01
 2.48913879e+01
 2.92443237e+01
 2.32961121e+01
 2.01679688e+01
 1.26772461e+01
 8.32836914e+00
 4.67785645e+00
 7.40588379e+00
 3.13659668e+00
 9.11663818e+00
 1.17757874e+01
 2.10242920e+01
 2.78639832e+01
 2.76309204e+01
 2.52700806e+01
 1.69406738e+01
 1.23609619e+01
 8.46768188e+00
 5.91519165e+00
 4.58538818e+00
 7.65988159e+00
 7.44851685e+00
 1.19495850e+01
 2.01394043e+01
 2.77747803e+01
 2.79705505e+01
 2.73217163e+01
 1.92418518e+01
 1.36820374e+01
 9.08621216e+00
 8.61593628e+00
 3.57571411e+00
 2.72564697e+00
 5.48974609e+00
 1.48621521e+01
 2.03542786e+01
 2.66934204e+01
 3.06247559e+01
 2.65817261e+01
 2.14176331e+01
 1.20740662e+01
 1.08097229e+01
 5.97842407e+00
 5.46551514e+00
 1.97778320e+00
 5.94284058e+00
 7.85852051e+00
 1.56035156e+01
 2.64849243e+01
 3.01312256e+01
 2.43979492e+01
 1.62857056e+01
 1.15111084e+01
 1.08237610e+01
 5.61898804e+00
 4.39916992e+00
 7.36843872e+00
 1.01382141e+01
 1.52929382e+01
 2.04577942e+01
 2.48645020e+01
 2.82265015e+01
 2.39702759e+01
 2.07559814e+01
 1.47915344e+01
 4.33471680e+00
 5.99023438e+00
 4.64138794e+00
 3.28485107e+00
 6.58895874e+00
 1.28755493e+01
 1.62725220e+01
 2.50907898e+01
 2.77314758e+01
 2.29986572e+01
 1.96442566e+01
 1.59807739e+01
 1.08123474e+01
 7.27865601e+00
 5.01422119e+00
 5.57186890e+00
 8.25802612e+00
 1.16871033e+01
 2.04145508e+01
 2.09765930e+01
 2.90415649e+01
 2.47162781e+01
 1.74457703e+01
 1.09602051e+01
 1.31490784e+01
 1.85586548e+00
 5.15020752e+00
 5.36697388e+00
 9.47982788e+00
 1.12355957e+01
 1.76655579e+01
 2.16657715e+01
 2.83154602e+01
 2.57501831e+01
 1.88554688e+01
 1.37166748e+01
 9.28234863e+00
 -2.87606812e+00
 -2.42105103e+00
 1.42681885e+00
 4.75683594e+00
 9.76187134e+00
 1.48781128e+01
 2.51052246e+01
 2.94081116e+01
 2.72223511e+01
 1.85105286e+01
 1.58191528e+01
 7.81085205e+00
 7.07330322e+00
 2.81570435e+00
 1.55187988e+00
 6.61068726e+00
 1.01240845e+01
 1.67479553e+01
 2.77032471e+01
 2.72489624e+01
 2.38558350e+01
 1.67742004e+01
 1.20351868e+01
 8.96749878e+00
 3.22286987e+00
 2.43600464e+00
 3.56488037e+00
 1.07801819e+01
 1.08503418e+01
 2.10233154e+01
 2.57238770e+01
 2.84995728e+01
 2.64776306e+01
 1.86053772e+01
 1.15629272e+01
 9.40002441e+00
 4.01583862e+00
 2.96661377e+00
 3.48016357e+00
 7.20303345e+00
 1.29723816e+01
 1.71264954e+01
 2.49426575e+01
 2.50075684e+01
 2.66632690e+01
 1.99736328e+01
 1.56208496e+01
 9.67834473e+00
 3.57540894e+00
 5.26095581e+00
 6.23565674e+00
 7.20236206e+00
 1.35838318e+01
 1.48162537e+01
 2.60668945e+01
 2.60532837e+01
 2.79365845e+01
 1.98467407e+01
 1.44027710e+01
 9.25021362e+00
 7.38272095e+00
 8.62988281e+00
 4.24099731e+00
 8.67779541e+00
 1.33977966e+01
 2.08027039e+01
 2.70716553e+01
 3.03014221e+01
 2.84349670e+01
 1.87121582e+01
 1.44517517e+01
 7.23284912e+00
 6.79348755e+00
 2.96136475e+00
 1.81631470e+00
 5.42636108e+00
 7.35562134e+00
 1.93093872e+01
 2.41666565e+01
 2.71196899e+01
 2.71850891e+01
 1.70649414e+01
 1.14675293e+01
 7.09710693e+00
 1.07285461e+01
 6.41052246e+00
 5.16366577e+00
 3.66253662e+00
 1.38051147e+01
 2.24320068e+01
 2.80259705e+01
 3.18732910e+01
 2.64735107e+01
 2.30430908e+01
 1.41282043e+01
 9.09356689e+00
 5.75274658e+00
 3.64660645e+00
 5.32363892e+00
 5.74218750e+00
 1.22710571e+01
 1.86756287e+01
 2.61438904e+01
 2.69640808e+01
 2.89797974e+01
 2.09757385e+01
 1.67930298e+01
 9.73187256e+00
 2.24533081e+00
 4.10458374e+00
 5.90698242e+00
 8.76797485e+00
 1.42164001e+01
 1.88248596e+01
 2.48461609e+01
 2.65811462e+01
 2.45495605e+01
 1.88916626e+01
 1.59258423e+01
 6.25479126e+00
 -6.21856689e-01
 5.76242065e+00
 4.58636475e+00
 9.73077393e+00
 1.18706970e+01
 1.66524963e+01
 2.50272217e+01
 2.78245850e+01
 2.82749023e+01
 1.93955688e+01
 1.58499146e+01
 9.72180176e+00
 3.53332520e+00
 5.48098755e+00
 5.52410889e+00
 4.75726318e+00
 1.04275818e+01
 2.13815308e+01
 2.70389709e+01
 2.76008301e+01
 2.43019409e+01
 1.98043213e+01
 1.16606140e+01
 8.40570068e+00
 9.14935303e+00
 1.43988037e+00
 1.88009644e+00
 6.84893799e+00
 1.52582397e+01
 1.89973755e+01
 2.82301331e+01
 3.05435486e+01
 2.89119568e+01
 2.27435608e+01
 1.25536804e+01
 1.19681091e+01
 6.07073975e+00
 4.12518311e+00
 3.45263672e+00
 8.92324829e+00
 1.16099243e+01
 1.71201477e+01
 2.61832886e+01
 3.16847229e+01
 2.46439514e+01
 2.23164673e+01
 1.43449402e+01
 8.96929932e+00
 8.47656250e+00
 6.00045776e+00
 6.74002075e+00
 9.42291260e+00
 1.05836792e+01
 1.65406494e+01
 2.83569336e+01
 3.23500671e+01
 2.84981079e+01
 2.06088257e+01
 1.27965698e+01
 5.52673340e+00
 2.90530396e+00
 7.09637451e+00
 6.63076782e+00
 6.55715942e+00
 9.28125000e+00
 2.07277832e+01
 2.31501160e+01
 3.16326294e+01
 2.61551514e+01
 2.21023865e+01
 1.45336609e+01
 7.72567749e+00
 7.96203613e-01
 4.37738037e+00
 4.71252441e+00
 7.09854126e+00
 1.02591248e+01
 1.66244507e+01
 2.59753418e+01
 3.10665588e+01
 2.88931580e+01
 2.34670105e+01
 1.32436523e+01
 8.52365112e+00
 8.42083740e+00
 5.50939941e+00
 3.83264160e+00
 5.65737915e+00
 8.20443726e+00
 1.87873535e+01
 2.35047607e+01
 2.87714233e+01
 2.28083801e+01
 2.21799927e+01
 1.42400513e+01
 5.35018921e+00
 2.03997803e+00
 -8.89587402e-02
 7.15426636e+00
 8.98031616e+00
 1.27171021e+01
 1.64942627e+01
 2.61416016e+01
 3.17299805e+01
 2.63905945e+01
 1.88059082e+01
 1.41940002e+01
 9.84741211e+00
 7.17993164e+00
 5.65167236e+00
 4.21459961e+00
 8.93942261e+00
 8.65286255e+00
 1.79988403e+01
 2.37479553e+01
 2.81878052e+01
 2.57035217e+01
 2.13617554e+01
 1.46757202e+01
 1.01012878e+01
 4.10232544e+00
 4.33035278e+00
 5.83685303e+00
 8.24334717e+00
 1.12485046e+01
 1.82784424e+01
 2.67194214e+01
 2.70778809e+01
 2.65114441e+01
 1.83396912e+01
 1.30880127e+01
 9.02484131e+00
 5.07934570e+00
 8.54098511e+00
 5.88925171e+00
 8.08483887e+00
 1.45781860e+01
 1.64443054e+01
 2.64557800e+01
 3.28719177e+01
 2.51697998e+01
 1.95370178e+01
 1.34891663e+01
 6.89437866e+00
 2.04025269e+00
 6.02642822e+00
 6.33294678e+00
 7.87786865e+00
 1.29008484e+01
 1.69829407e+01
 2.69765930e+01
 2.36954956e+01
 2.21573486e+01
 2.20968628e+01
 1.72419128e+01
 9.44409180e+00
 3.91754150e+00
 8.60498047e+00
 7.16067505e+00
 3.90069580e+00
 9.82696533e+00
 1.94346313e+01
 2.73510742e+01
 3.07364502e+01
 2.48847046e+01
 1.84196777e+01
 1.43604736e+01
 1.17385254e+01
 8.48776245e+00
 6.82220459e+00
 -2.28881836e-01
 4.53796387e+00
 1.09227600e+01
 1.34357910e+01
 2.42509460e+01
 2.80313110e+01
 2.53061523e+01
 2.06377563e+01
 1.33443909e+01
 8.78756714e+00
 8.26492310e+00
 3.72903442e+00
 8.47509766e+00
 8.44262695e+00
 1.11814270e+01
 1.74143372e+01
 2.51850586e+01
 2.55916138e+01
 2.71193542e+01
 1.91043396e+01
 1.37113342e+01
 8.39468384e+00
 6.15161133e+00
 3.18231201e+00
 5.06173706e+00
 8.50173950e+00
 1.37425537e+01
 1.85536499e+01
 2.41442566e+01
 2.87458496e+01
 2.49843750e+01
 1.91665039e+01
 1.55179443e+01
 1.00572205e+01
 8.69772339e+00
 7.86190796e+00
 3.84695435e+00
 5.27362061e+00
 1.18845825e+01
 1.94571533e+01
 2.66370544e+01
 3.13068237e+01
 2.70116272e+01
 2.28198242e+01
 1.27642212e+01
 1.09436340e+01
 7.79745483e+00
 6.82571411e+00
 4.69949341e+00
 6.76861572e+00
 1.22702942e+01
 1.80106506e+01
 2.85840759e+01
 2.91680603e+01
 2.79427795e+01
 1.84232483e+01
 1.28789673e+01
 1.02886658e+01
 1.03349915e+01
 6.39178467e+00
 7.14825439e+00
 9.26458740e+00
 1.78393860e+01
 2.17489624e+01
 2.84576416e+01
 3.02524414e+01
 2.97908325e+01
 2.21091003e+01
 1.92586060e+01
 9.70059204e+00
 6.51669312e+00
 5.06506348e+00
 7.56967163e+00
 8.40786743e+00
 1.32119446e+01
 1.45052795e+01
 2.44465942e+01
 2.85660706e+01
 2.71524658e+01
 1.81409302e+01
 1.40200195e+01
 9.13189697e+00
 7.35235596e+00
 5.88836670e-01
 6.43811035e+00
 9.22814941e+00
 1.09547119e+01
 2.10601501e+01
 3.07294617e+01
 3.12534180e+01
 2.84444580e+01
 2.26530457e+01
 1.38428345e+01
 1.01375122e+01
 6.38305664e+00
 6.99075317e+00
 5.52340698e+00
 4.58792114e+00
 9.29605103e+00
 1.98125000e+01
 2.80118103e+01
 2.88734436e+01
 2.79507141e+01
 2.13429260e+01
 1.70153503e+01
 1.15520935e+01
 3.01730347e+00
 1.35412598e+00
 5.73464966e+00
 8.71264648e+00
 1.30951233e+01
 2.26772461e+01
 2.60779114e+01
 2.91741638e+01
 3.01064453e+01
 2.21590271e+01
 1.66356201e+01
 7.08920288e+00
 8.46716309e+00
 8.10501099e+00
 6.55511475e+00
 8.52639771e+00
 1.47699890e+01
 2.30040588e+01
 2.76082764e+01
 3.31059875e+01
 2.98880310e+01
 2.45052490e+01
 1.43131714e+01
 9.02752686e+00
 7.80966187e+00
 5.62930298e+00
 8.61401367e+00
 9.20269775e+00
 1.20218811e+01
 1.65035095e+01
 2.50210876e+01
 2.81849670e+01
 2.42319336e+01
 2.04947510e+01
 1.37761230e+01
 8.38211060e+00
 9.40209961e+00
 7.18359375e+00
 4.31240845e+00
 5.16598511e+00
 1.02567749e+01
 1.94284668e+01
 2.72898560e+01
 2.87232971e+01
 2.75232544e+01
 2.23564148e+01
 1.54067688e+01
 4.52548218e+00
 1.51089478e+00
 6.26937866e+00
 7.15612793e+00
 8.63418579e+00
 1.39325256e+01
 1.93119507e+01
 2.38311462e+01
 3.09457397e+01
 2.97309570e+01
 2.27776184e+01
 1.58885803e+01
 1.25453491e+01
 3.15655518e+00
