 4.33257348e+01
 6.85115695e+01
 1.26402276e+02
 3.13646364e+01
 5.21543884e+01
 7.51510521e+01
 8.38089122e+01
 6.39634181e+01
 7.02953904e+01
 1.36623225e+02
 8.99727317e+01
 1.18074864e+01
 4.43575279e+01
 6.62859467e+01
 6.26836460e+01
 5.02812177e+01
 1.21045884e+02
 5.50834652e+01
 3.58181068e+01
 6.57883014e+01
 5.83769041e+01
 1.00903320e+02
 1.28469166e+02
 1.04525653e+01
 3.10639593e+01
 3.15023990e+01
 5.27027835e+01
 6.84070812e+01
 1.22006093e+02
 1.10112502e+02
 1.77071975e+01
 2.99150414e+01
 6.06981328e+01
 5.35231910e+01
 9.50205034e+01
 3.07407618e+01
 8.26072283e+01
 4.39254218e+01
 2.22326627e+01
 5.68375859e+01
 1.11317492e+02
 7.34714680e+01
 9.69378006e+01
 7.41043593e+01
 2.71747899e+01
 1.15263602e+02
 5.84322985e+01
 2.00994937e+01
 3.35880743e+01
 4.82561544e+00
 3.48614129e+01
 7.67067873e+01
 2.88078422e+01
 7.30060539e+01
 5.54396579e+01
 8.11094644e+01
 3.28088661e+01
 9.38319710e+01
 3.76438980e+01
 5.54890452e+01
 2.61454312e+01
 3.37441101e+01
 4.68039056e+01
 4.47989093e+01
 9.07767418e+01
 1.05142752e+02
 5.20694308e+01
 4.22996225e+01
 2.43115548e+01
 2.54495174e+01
 4.89522371e+01
 4.32496345e+01
 2.56417706e+01
 2.27022390e+01
 5.77984958e+01
 5.52920064e+01
 1.02142265e+02
 9.23345833e+01
 7.89723114e+01
 3.98843987e+01
 2.77003934e+01
 5.81338294e+01
 8.24156287e+01
 8.11377511e+01
 3.89014643e+01
 4.66079617e+01
 7.70514353e+01
 7.75787273e+01
 6.14424114e+01
 9.82098154e+01
 4.88049549e+01
 2.16400398e+01
 1.00726011e+02
 8.89132870e+01
 1.10213456e+02
 1.05401202e+02
 7.17280163e+01
 9.49401622e+01
 5.24988326e+01
 6.44981650e+01
 5.04569707e+01
 7.31244619e+01
 2.38197909e+01
 5.34100734e+01
 5.94376019e+01
 9.75828898e+01
 4.34844362e+01
 6.53758054e+01
 6.86757055e+01
 2.17074182e+01
 8.02683412e+01
 5.99270852e+01
 7.66239092e+01
 1.04445911e+02
 5.77589695e+01
 8.61931527e+01
 1.34451924e+02
 6.85672162e+01
 8.12138587e+01
 5.03345475e+01
 4.82987999e+01
 6.52437412e+01
 6.64046655e+01
 9.26540784e+01
 5.76059113e+01
 6.90229405e+01
 5.74877609e+01
 1.59977703e+01
 1.03877765e+02
 1.01022947e+02
 4.35019517e+01
 9.03118610e+00
 2.73547349e+01
 2.93416725e+01
 4.30127636e+01
 4.19707666e+01
 3.67349796e+01
 6.51456607e+01
 1.13822460e+02
 5.56087388e+00
 5.03018356e+01
 5.30844740e+01
 5.07329305e+01
 7.36291267e+01
 1.69193092e+01
 2.61219186e+00
 4.93941577e+01
 5.40229040e+01
 1.37528887e+02
 4.39849945e+01
 5.52180948e+01
 6.00169915e+01
 1.92988284e+01
 5.73273460e+01
 3.26037266e+01
 8.40617486e+01
 2.37809028e+01
 1.48420201e+01
 5.38048792e+01
 8.81005519e+01
 3.95122914e+01
 9.94527081e+01
 7.90575272e+01
 1.30899475e+02
 6.07666108e+01
 6.34767851e+01
 4.08867162e+01
 2.68516109e+00
 8.32510217e+01
 7.29161171e+01
 3.05940518e+01
 6.13243930e+01
 8.61573728e+01
 7.92955114e+01
 7.40950733e+01
 4.14013607e+01
 8.83278251e+01
 4.81945152e+01
 9.80607328e+01
 8.53704797e+01
 9.13082263e+01
 3.03889473e+01
 3.12633671e+01
 4.27686085e+01
 8.62769897e+01
 4.20610790e+01
 1.88316924e+02
 3.62994366e+01
 5.03314447e+01
 5.55151980e+01
 1.67569531e+01
 1.84557883e+01
 9.31089105e+01
 3.32313728e+01
 7.57792587e+01
 7.12220601e+01
 8.25089507e+01
 5.39386125e+01
 7.45200513e+01
 7.79595629e+01
 6.06646340e+01
 1.34156561e+02
 7.43179527e+01
 4.89815642e+01
 4.54873793e+01
 3.72054240e+01
 4.60804943e+01
 6.11027728e+01
 1.43756127e+02
 5.48413780e+01
 8.30647756e+01
 2.67903841e+01
 7.10504359e+01
 9.27657379e+01
 2.11148476e+01
 6.58213286e+01
 1.33103550e+01
 2.13898495e+01
 2.65248465e+01
 8.78171251e+01
 2.12810795e+01
 1.04044283e+02
 3.59802609e+01
 1.54133574e+02
 9.19277226e+01
 2.97376203e+00
 9.05861770e+01
 7.25709227e+01
 5.80158495e+01
 3.40689528e+01
 6.56586873e+01
 5.07216857e+01
 3.83243489e+01
 1.04763727e+02
 2.07277126e+01
 3.15533839e+01
 7.77304173e+01
 1.25533709e+01
 1.17839867e+02
 1.33843555e+01
 3.59824655e+01
 2.81214933e+01
 6.10049903e+01
 8.45922539e+01
 4.86362577e+01
 1.54435540e+02
 4.97506065e+01
 4.06900271e+01
 3.11224455e+01
 2.39790000e+01
 4.49933108e+01
 4.86108990e+01
 4.69459677e+01
 2.47720182e+01
 3.05472248e+01
 1.10409772e+02
 1.18645400e+02
 1.10690398e+02
 1.05861925e+02
 3.65423828e+01
 4.49766816e+01
 1.19781225e+02
 6.73397260e+01
 5.64155499e+01
 7.76207020e+01
 1.01997947e+02
 8.39440902e+01
 1.06295714e+02
 5.12047126e+01
 3.17014396e+01
 1.84898191e+01
 2.95190029e+01
 5.85335634e+01
 1.00476476e+02
 1.01144339e+02
 4.84030847e+01
 8.54805864e+01
 1.55873975e+01
 6.44391865e+01
 7.12328429e+01
 1.32139999e+02
 3.64012458e+01
 5.07509460e+01
 1.11975970e+02
 2.64757871e+01
 7.30471783e+01
 3.28597956e+01
 3.71162900e+01
 6.75774488e+01
 8.94378309e+01
 3.42869503e+01
 1.84957525e+02
 4.61448775e+01
 9.75896468e+01
 3.55870945e+01
 7.70239573e+01
 9.45503321e+01
 1.43289284e+02
 1.07339585e+02
 5.79071946e+01
 2.93838176e+01
 2.77730046e+01
 1.34384423e+02
 1.42741286e+02
 5.62170605e+01
 1.02504923e+02
 1.84330849e+01
 4.08252636e+01
 1.55768724e+01
 1.52982098e+01
 6.09260519e+01
 7.78272886e+01
 5.76146906e+01
 3.34686169e+01
 5.75887229e+01
 4.99500440e+01
 2.77605904e+01
 4.58741005e+01
 1.49301657e+01
 5.20473510e+01
 3.77619501e+01
 9.55319709e+01
 5.93900105e+01
 9.71899548e+01
 2.68391404e+01
 7.68371951e+01
 6.24531575e+01
 1.35607074e+02
 1.00606539e+02
 1.27604100e+02
 1.23392405e+02
 7.21412626e+01
 1.07935642e+02
 1.03335219e+02
 1.35034240e+01
 3.80752494e+01
 4.54173543e+01
 3.40241095e+01
 4.73692551e+01
 6.16410450e+01
 4.44268903e+01
 8.87494620e+01
 9.10594337e+01
 2.57105898e+01
 7.95689521e+01
 1.21527157e+02
 2.15892811e+01
 4.36713922e+01
 1.24692598e+01
 2.87176994e+01
 8.45827485e+01
 9.68500423e+01
 3.46304250e+01
 6.91551960e+01
 9.12220896e+01
 2.66346828e+01
 1.67276187e+01
 1.10535685e+02
 4.52273356e+01
 4.64556905e+01
 8.75859997e+00
 4.56548048e+01
 3.08704954e+01
 7.38752499e+01
 1.39524207e+02
 4.62247842e+01
 4.87618769e+01
 6.83059270e+01
 4.12011287e+01
 5.32464674e+01
 5.44055871e+01
 4.88109134e+01
 4.07550729e+01
 5.25127231e+01
 7.06810860e+01
 5.90801101e+01
 1.02374074e+02
 1.56822578e+02
 1.43613612e+02
 5.07357113e+01
 2.19119233e+01
 6.91270361e+01
 1.24882300e+02
 6.62489814e+01
 1.03052264e+02
 3.19863945e+01
 6.71273387e+00
 7.75456812e+01
 1.69529765e+02
 8.16281500e+01
 4.29202398e+01
 1.05600583e+02
 8.53343572e+01
 1.40699407e+02
 5.44481620e+01
 4.70143703e+01
 8.38042059e+01
 4.85480230e+01
 1.08697604e+02
 3.07069496e+01
 1.39962510e+02
 8.92488841e+01
 8.85504315e+01
 7.94013185e+01
 1.17389762e+02
 7.87689256e+00
 8.64082802e+01
 6.69630092e+01
 4.51780377e+01
 3.32986740e+01
 8.92451176e+01
 1.20447427e+02
 1.05707601e+02
 8.52490850e+01
 6.73557055e+01
 1.47527696e+01
 2.63487133e+01
 1.13485543e+02
 2.68969408e+01
 7.92725131e+01
 4.78229486e+01
 1.25320452e+01
 1.43325734e+01
 1.09481235e+02
 6.80185629e+01
 5.44286568e+01
 1.54007589e+01
 3.26785850e+01
 7.35592768e+01
 1.23608487e+02
 8.11537164e+01
 7.07713102e+01
 1.32960859e+02
 5.52894205e+01
 3.52620944e+01
 4.51490224e+01
 1.13261978e+02
 1.90138457e+01
 4.21236319e+01
 5.25697979e+01
 3.43364373e+01
 1.22799466e+02
 3.15604382e+01
 5.52914084e+01
 1.50532015e+01
 3.05332001e+01
 1.64862595e+01
 5.85317529e+01
 3.54470250e+01
 9.61329936e+01
 9.60212993e+00
 1.73919584e+01
 6.97090978e+01
 8.84319157e+01
 5.59596957e+01
 7.85834980e+01
 5.36183360e+01
 4.48775754e+01
 9.63146547e+01
 9.58996972e+00
 6.83407762e+01
 5.33773697e+01
 4.47117112e+01
 2.47561638e+01
 4.01842080e+01
 5.06490388e+01
 8.14981812e+01
 5.65202341e+01
 3.17920014e+01
 5.27478418e+01
 2.84403804e+01
 4.56536685e+01
 2.09045041e+02
 1.23588337e+02
 3.73152544e+01
 1.31504761e+02
 4.03342194e+01
 4.18457000e+01
 3.15674585e+01
 4.03614071e+01
 4.64987295e+01
 7.56373638e+01
 4.96406848e+01
 7.98266925e+01
 8.44433416e+01
 3.11938868e+01
 2.18951976e+01
 5.41506048e+01
 3.14051485e+01
 3.95636056e+01
 5.84199692e+01
 2.46200796e+01
 4.10767504e+01
 5.67266455e+01
 7.29893820e+01
 4.78751364e+01
 8.45519089e+01
 4.07400712e+01
 1.01039863e+02
 3.34808810e+01
 1.93657199e+01
 7.42633710e+01
 6.79956471e+01
 6.03897857e+01
 3.73139341e+01
 7.47047220e+01
 6.80419776e+01
 1.43910863e+02
 9.59185236e+01
 6.04117593e+01
 4.48955749e+01
 1.07053103e+01
 5.90004155e+01
 3.44848112e+01
 4.60780637e+01
 3.77827308e+01
 2.51102935e+01
 5.03189335e+01
 1.18406839e+02
 1.57220217e+02
 7.65172713e+01
 1.35402640e+02
 2.88249941e+01
 2.61155830e+01
 7.55518543e+01
 5.76174140e+01
 9.50837574e+01
 4.21906217e+01
 5.00359584e+01
 2.12963125e+01
 1.76652558e+01
 4.30547086e+01
 1.21002435e+02
 8.89439672e+01
 7.87015802e+01
 3.34093262e+01
 2.88724553e+01
 7.33074590e+01
 5.10006616e+01
 9.28342867e+01
 4.55279727e+01
 1.80902298e+01
 4.46375401e+01
 8.08492427e+01
 9.56334250e+01
 7.05156150e+01
 7.95394928e+01
 1.03196284e+01
 9.48747023e+01
 8.83873468e+01
 8.92860180e+01
 6.50918469e+01
 3.09874863e+01
 4.75089727e+01
 9.49585290e+01
 1.06870978e+02
 6.75543800e+01
 9.31391580e+01
 5.09030444e+01
 1.69725027e+01
 9.01537053e+01
 3.48972487e+01
 1.17712390e+01
 3.19431083e+01
 2.30252171e+01
 8.58328803e+00
 6.33864585e+01
 2.30225535e+01
 5.55289175e+01
 6.43020237e+01
 4.19120077e+01
 8.33150980e+01
 2.95543669e+01
 4.45918848e+01
 1.09645943e+02
 4.09753742e+01
 6.43328604e+01
 7.87441602e+01
 3.75930280e+01
 7.36656762e+01
 1.28757821e+02
 3.40697175e+01
 3.93095171e+01
 2.05944760e+01
 6.31506363e+01
 8.96440549e+01
 4.70123855e+01
 6.10764476e+00
 4.80709471e+01
 6.13875574e+01
 3.52324094e+01
 5.81273627e+01
 8.80144162e+01
 4.23946101e+01
 6.92084237e+00
 7.91472715e+00
 3.17962499e+01
 1.37187781e+01
 9.21833979e+01
 2.51770348e+01
 1.63594211e+01
 5.92120738e+01
 4.08383668e+01
 2.29945051e+01
 9.62241430e+01
 1.40713819e+02
 3.25942925e+01
 2.27308374e+01
 1.56136638e+02
 1.90171222e+01
 6.68923367e+01
 5.85119488e+01
 3.04490300e+01
 3.88812044e+01
 4.20258708e+01
 9.58632210e+01
 7.59290088e+01
 8.11759327e+01
 2.55009168e+01
 1.10899398e+02
 1.23014845e+02
 1.00064619e+02
 9.29297728e+01
 7.15539697e+01
 3.62300352e+01
 7.25423872e+01
 6.18706536e+01
 8.50563148e+01
 1.40321985e+02
 9.56251603e+01
 2.15770523e+01
 9.46506490e+01
 4.58355946e+01
 6.04106232e+01
 2.02166931e+01
 7.67385616e+01
 5.99674239e+01
 3.74316844e+01
 6.40319814e+01
 3.67826252e+01
 7.94764640e+01
 9.15379483e+01
 1.60684791e+02
 6.12236204e+01
 1.76880936e+01
 7.25899039e+01
 8.32993087e+01
 5.72420766e+01
 4.60017826e+01
 1.47403290e+01
 2.00431626e+01
 1.08429472e+02
 2.83283272e+01
 4.19689373e+01
 3.44135682e+01
 5.87312902e+01
 2.33144033e+01
 5.66164704e+01
 5.38555798e+01
 8.60308572e+01
 6.13207775e+01
 1.29878280e+01
 1.08338636e+01
 2.68364662e+01
 5.15367771e+01
 3.67983515e+01
 2.52673394e+01
 2.41738573e+01
 1.04637502e+02
 2.44832306e+01
 5.66169676e+00
 3.06892187e+01
 4.26472335e+01
 8.58252411e+01
 1.35849291e+02
 6.72646519e+01
 4.84889534e+01
 3.07319004e+01
 4.05877837e+01
 1.89936563e+01
 6.43318073e+01
 1.77463767e+01
 1.04777438e+02
 6.75456933e+01
 3.85815725e+01
 6.71140150e+01
 5.30404167e+01
 6.84571102e+01
 6.99131254e+01
 1.19147155e+02
 5.87915810e+01
 1.25178503e+02
 8.97721349e+01
 1.22940909e+02
 2.25633465e+01
 4.50678043e+01
 2.82145153e+01
 5.78960298e+01
 5.33258027e+01
 1.65713848e+01
 1.01390918e+02
 1.19148937e+02
 3.43937709e+01
 2.84702773e+01
 6.14136775e+01
 1.52183115e+02
 7.42685744e+01
 9.79059509e+01
 7.82554627e+01
 3.62938627e+01
 2.80087448e+01
 6.66786799e+01
 4.94415036e+01
 1.09716693e+02
 5.79467210e+01
 6.67165113e+01
 4.35029937e+01
 7.14396779e+01
 8.28375014e+01
 6.42670789e+01
 5.52686173e+01
 1.66521566e+01
 4.67174669e+01
 3.48483371e+01
 6.13197251e+01
 8.35630086e+01
 1.17997115e+02
 1.49531890e+02
 3.75408745e+01
 9.11565615e+01
 6.18767248e+01
 1.29093300e+01
 3.82338884e+01
 1.90334416e+01
 4.41826286e+01
 8.90618000e+01
 7.24798410e+01
 7.96277082e+01
 2.42481087e+01
 3.97423269e+01
 1.76774440e+01
 2.55486360e+00
 1.42332381e+01
 9.70962764e+01
 3.40624372e+01
 5.19986612e+01
 6.68662029e+01
 4.06459822e+01
 1.27135675e+02
 1.92488395e+02
 1.21550114e+02
 8.64489317e+01
 5.51781812e+01
 6.25027640e+01
 4.00287745e+01
 1.43568639e+01
 4.07480378e+01
 9.16584317e+00
 4.67253595e+01
 5.25535255e+01
 7.93668346e+01
 3.86295713e+01
 9.76960562e+01
 5.31105245e+01
 3.81009079e+01
 9.88899547e+01
 6.42581052e+01
 2.98988591e+01
 4.66643038e+01
 1.62052760e+01
 1.47195473e+02
 5.93949611e+01
 4.54884463e+01
 6.58504698e+01
 3.98424899e+01
 6.53362985e+01
 1.49923080e+02
 9.02768571e+01
 6.56057470e+01
 7.63770362e+01
 4.07164673e+01
 3.91882625e+01
 1.22863388e+01
 8.71540139e+01
 6.39374650e+01
 5.57842997e+01
 3.86503283e+01
 6.77454530e+00
 1.29702855e+02
 5.69224308e+01
 7.25632285e+01
 7.81490294e+01
 2.33322664e+01
 2.81572452e+01
 9.03715294e+01
 2.30239892e+01
 4.27572039e+01
 4.25430704e+01
 5.57478156e+01
 4.47955629e+01
 4.04544473e+01
 5.08937146e+01
 6.00526503e+01
 6.39753885e+01
 3.49018771e+01
 7.48172076e+01
 1.98661782e+01
 1.10778933e+02
 5.00817307e+01
 5.57831021e+01
 6.40154070e+01
 8.44338218e+01
 1.28654383e+02
 4.85635044e+01
 9.74235720e+01
 6.80840082e+01
 7.88991147e+01
 1.04716214e+02
 2.51734271e+01
 1.37799918e+01
 8.52184738e+01
 4.64217929e+01
 2.50585701e+01
 2.01802066e+01
 7.91793853e+01
 2.19774610e+01
 1.81713450e+01
 5.02495120e+01
 6.41448847e+01
 1.07314859e+02
 8.61880213e+00
 7.10860093e+01
 1.07092266e+02
 6.94500137e+01
 7.26424823e+00
 7.68870839e+01
 1.67504231e+01
 5.29365899e+01
 5.96808584e+01
 1.02151551e+02
 2.25729584e+01
 7.93288722e+01
 8.50136265e+01
 8.62849971e+01
 6.06386611e+01
 4.56014047e+01
 2.78349880e+01
 3.41890161e+01
 3.01028019e+01
 1.14630430e+02
 2.94603652e+01
 5.21600643e+01
 3.64428531e+01
 6.90842813e+01
 6.84183041e+01
 1.06094834e+02
 8.38256719e+01
 1.55389782e+02
 6.65433172e+01
 5.50363651e+01
 3.45137287e+01
 3.50445354e+00
 4.25552488e+01
 5.40744362e+01
 5.80481751e+01
 3.20742549e+01
 1.29260746e+02
 5.73754479e+01
 1.05247111e+02
 5.37121643e+01
 9.81447560e+01
 1.45619609e+01
 5.93113108e+01
 1.25726873e+02
 5.64507726e+01
 7.49756790e+01
 4.13844355e+01
 3.56997052e+01
 5.04810188e+01
 9.33357660e+01
 1.23432112e+02
 1.15096181e+02
 2.88726299e+01
 4.92726700e+01
 1.05374202e+02
 2.37979742e+01
 7.03523030e+01
 1.10092233e+01
 5.28991584e+01
 3.22636062e+01
 7.80330250e+00
 6.70521361e+01
 2.57639916e+01
 3.60240813e+01
 8.61985411e+01
 7.27934260e+01
 2.08191972e+02
 8.51358743e+01
 6.53538719e+01
 8.92606105e+01
 5.86162920e+01
 6.90180494e+01
 1.18511479e+02
 3.52300348e+01
 7.45176153e+01
 1.25505354e+02
 7.16027528e+01
 6.58568539e+00
 3.93918659e+01
 6.30719137e+01
 2.73623785e+01
 6.49669256e+00
 4.16836774e+01
 5.69386924e+01
 8.21476446e+01
 9.02124709e+01
 9.62786800e+01
 1.63724010e+02
 5.57813251e+01
 2.08298902e+01
 5.55482616e+01
 6.74247269e+01
 1.45848456e+02
 8.79365035e+01
 5.97049021e+01
 7.45562844e+01
 2.86077597e+01
 1.41744290e+02
 1.05389889e+02
 5.96858750e+01
 5.58611330e+01
 5.28671544e+01
 2.75883127e+01
 1.10565745e+02
 1.48395468e+02
 3.46552258e+01
 1.05491333e+02
 4.62108475e+01
 2.14450631e+01
 9.44420421e+01
 9.24700574e+01
 1.80182166e+02
 9.54717532e+01
 3.08673164e+01
 1.05082619e+02
 4.46430114e+01
 5.22071229e+01
 2.29520399e+01
 4.72144090e+01
 4.97573330e+01
 3.46714422e+01
 7.35781880e+01
 8.64657400e+01
 4.93751754e+01
 2.95213220e+01
 3.36327577e+01
 1.49137232e+02
 3.85743546e+01
 6.31220503e+01
 8.67491919e+01
 5.83418971e+01
 6.31822042e+01
 9.11584908e+01
 8.02319124e+01
 1.11877156e+02
 1.23886813e+02
 1.55348834e+01
 9.47914042e+00
 5.31239987e+00
 7.11190966e+01
 9.25389330e+01
 6.00111987e+01
 4.33880426e+01
 4.41044517e+01
 6.01049746e+01
 7.15426774e+01
 8.25039131e+01
 8.09943083e+01
 1.20270060e+02
 2.73623888e+01
 7.95364010e+01
 5.75819996e+01
 5.63680180e+01
 8.68734274e+01
 3.45343422e+01
 1.90334416e+01
 6.80584157e+01
 1.07124004e+02
 9.41418193e+01
 5.60793249e+01
 1.03793721e+02
 1.00530896e+02
 2.21287405e+02
 7.90284025e+01
 2.52938830e+01
 5.07174901e+01
 3.05568153e+01
 9.19534466e+01
 3.29395698e+01
 8.67927455e+01
 1.14520966e+02
 6.30273767e+01
 5.22670432e+01
 4.28999139e+01
 5.28429730e+01
 5.37980682e+01
 5.08575527e+01
 8.61104557e+01
 4.14922524e+01
 4.56850406e+01
 3.92786799e+01
 4.09964725e+01
 8.30333805e+01
 4.54954627e+01
 2.78207569e+01
 5.53030719e+01
 7.29741346e+01
 8.79482839e+01
 2.27883613e+01
 9.32562880e+01
 9.44820687e+01
 1.98684606e+01
 1.20885907e+02
 7.03785599e+01
 3.82676171e+01
 3.67092674e+01
 8.04456228e+01
 7.57742406e+01
 6.87704855e+01
 8.52855805e+01
 1.01110118e+02
 3.49401100e+01
 4.83570445e+01
 2.64157388e+01
 3.35730540e+01
 3.48395393e+01
 7.09972971e+01
 9.07924881e+01
 1.01313093e+02
 8.11235846e+00
 6.40936711e+01
 6.04905383e+01
 7.89673174e+01
 1.32375364e+02
 4.23262576e+01
 3.42945356e+01
 5.05154101e+01
 1.12149578e+02
 9.86348091e+01
 4.20801740e+01
 7.55089904e+01
 3.42670848e+01
 5.18451331e+01
 1.09722454e+02
 3.07608848e+01
 6.00355635e+01
 6.55455355e+01
 1.95648569e+01
 3.64395621e+01
 3.28856186e+01
 1.19553732e+02
 6.93728509e+01
 8.33159749e+01
 3.22019957e+01
 7.35462121e+01
 1.97626286e+02
 1.51318921e+02
 6.74453061e+01
 8.89751904e+01
 5.33164787e+01
 2.96525999e+01
 5.57452044e+01
 6.48235468e+01
 3.11061793e+01
 5.77429650e+01
 1.03988980e+01
 6.78521516e+01
 5.18717039e+00
 5.64084948e+01
 8.75121929e+01
 4.61349338e+01
 3.98406761e+01
 3.63718732e+01
 8.17810799e+01
 8.63136270e+01
 1.04364212e+02
 1.08045470e+02
 6.36855738e+01
 4.39198121e+01
 1.45469905e+01
 8.46676722e+01
 4.74612479e+01
 5.41934197e+01
 4.76659649e+01
 1.89107315e+01
 6.92525994e+01
 1.29804917e+02
 7.89279722e+01
 3.69288503e+01
 6.19184539e+00
 7.12717308e+01
 4.89438405e+01
 5.95742940e+01
 5.51595434e+01
 2.02197366e+01
 8.68467025e+01
 4.90110885e+01
 8.73651813e+01
 8.54887811e+01
 4.59680443e+02
 9.74108017e+01
 2.27990865e+01
 2.80658650e+01
 1.02532823e+02
 5.83829720e+01
 5.66796843e+01
 5.59497203e+01
 5.57282867e+01
 9.98307562e+00
 3.59051194e+01
 1.40626873e+02
 1.15420245e+01
 8.48872376e+01
 2.91529369e+01
 6.94841773e+01
 6.18929186e+01
 6.70896001e+01
 7.59300368e+01
 5.03190839e+01
 4.61038933e+01
 6.31131794e+01
 8.47319163e+01
 6.11435056e+01
 5.10939774e+01
 3.39999881e+01
 5.45338787e+01
 4.46336737e+01
 2.59872282e+01
 7.02819532e+01
 4.63456616e+01
 3.85202951e+01
 4.41071448e+01
 3.93592893e+01
 6.45165858e+01
 7.38408679e+01
 2.13955751e+01
 5.30925469e+01
 3.43426078e+01
 1.04054081e+02
 8.21223493e+01
 6.52898352e+01
 8.23992727e+01
 3.54548835e+01
 1.59610736e+01
 1.38642817e+02
 5.65740463e+01
 2.81257410e+02
 8.21895625e+01
 4.57760734e+01
 1.79081813e+01
 5.69097745e+01
 8.35711206e+01
 3.11411468e+01
 1.01313376e+02
 1.06634154e+02
 6.53375335e+01
 4.94010077e+01
 4.76513521e+01
 7.66359040e+01
 1.09274688e+02
 2.69187023e+01
 1.95473265e+01
 1.28805719e+02
 5.44436983e+01
 9.22544313e+01
 5.63899963e+01
 3.22833529e+01
 3.66315549e+01
 5.20303380e+01
 8.71688279e+01
 1.25342133e+02
 5.94555843e+01
 1.36502585e+02
 8.68017898e+01
 5.12710613e+01
 6.67408858e+01
 1.36644674e+02
 7.16584444e+01
 2.77038537e+01
 2.53023421e+00
 1.45916580e+01
 7.04879531e+01
 1.69804584e+02
 7.49875515e+01
 7.58772878e+01
 3.55069358e+01
 5.79484542e+01
 4.92870131e+01
 1.67319197e+01
 4.98442557e+01
