 9.59037323e+01
 2.26588173e+01
 8.51339493e+01
 8.65284042e+01
 4.72378006e+01
 7.36410475e+00
 4.78716278e+01
 2.86819029e+00
 2.29350567e+01
 9.05215073e+01
 1.04841614e+02
 1.09159744e+02
 9.82342377e+01
 1.20189346e+02
 8.73155899e+01
 5.38684196e+01
 1.16740131e+01
 1.02530861e+00
 1.50733221e+00
 4.10741425e+01
 6.49797668e+01
 2.10899063e+02
 1.52345612e+02
 1.69457062e+02
 6.80277481e+01
 2.59875565e+01
 2.80229664e+01
 3.10797329e+01
 3.60488200e+00
 4.67784119e+00
 4.21233902e+01
 1.42525196e+01
 2.98068643e+00
 1.59744797e+02
 1.69093277e+02
 1.26909737e+02
 1.87044113e+02
 4.03883438e+01
 2.48454475e+01
 2.88054161e+01
 1.03916912e+01
 1.38849020e+00
 1.52814693e+01
 3.46500134e+00
 4.88827629e+01
 8.79993210e+01
 1.37216812e+02
 1.34706924e+02
 8.24978924e+00
 6.18012466e+01
 9.38005447e+01
 3.06217155e+01
 4.06617117e+00
 2.31924820e+01
 4.27388430e+00
 1.38625183e+01
 5.39962502e+01
 1.58432983e+02
 2.47810303e+02
 1.67715240e+02
 2.32921867e+01
 9.37744045e+00
 2.41532501e+02
 1.19578087e+02
 1.19368248e+02
 2.58167953e+01
 7.56334209e+00
 4.17174530e+01
 3.11634483e+01
 1.03626259e+02
 3.50934372e+01
 1.42672272e+02
 2.55957947e+01
 9.67314529e+01
 1.06463829e+02
 1.48680964e+01
 4.72310524e+01
 1.29277802e+01
 1.06497707e+01
 5.88054466e+01
 1.82161694e+01
 7.21467743e+01
 2.38544140e+01
 4.48676834e+01
 8.75517426e+01
 2.58514130e+02
 7.64407539e+00
 2.34358559e+01
 2.09001083e+01
 1.49312744e+01
 4.12423790e-01
 1.61463633e-01
 2.32346649e+01
 9.75212631e+01
 7.28936844e+01
 2.32262249e+01
 9.55631943e+01
 6.80055542e+01
 6.85712509e+01
 9.21734009e+01
 2.78388767e+01
 2.94220781e+00
 9.10799122e+00
 3.12107015e+00
 9.45208931e+00
 2.04846420e+02
 1.23105057e+02
 8.52891235e+01
 1.54561508e+02
 5.84451637e+01
 5.45999222e+01
 8.33165894e+01
 1.96936752e+02
 6.29957438e+00
 1.72089977e+01
 4.16822243e+00
 1.13042812e+01
 1.60909531e+02
 1.91899414e+01
 5.79291153e+01
 8.04295654e+01
 2.99395065e+01
 4.49705238e+01
 5.68890686e+01
 3.04105892e+01
 2.72964931e+00
 3.54933500e+00
 7.44550371e+00
 5.18579626e+00
 2.52681465e+01
 1.00369125e+02
 1.91450608e+00
 1.95883999e+01
 1.11399277e+02
 5.38915253e+01
 5.38356171e+01
 4.84779205e+01
 1.28942833e+01
 3.79840584e+01
 3.15029716e+00
 6.95772324e+01
 5.99255219e+01
 2.15943161e+02
 1.12430939e+02
 1.39526779e+02
 5.58715172e+01
 8.16372299e+01
 5.08336735e+00
 5.58863525e+01
 6.44471054e+01
 3.87801313e+00
 3.18209004e+00
 1.79961529e+01
 1.35499176e+02
 7.67535248e+01
 7.96435013e+01
 9.69435959e+01
 1.08179283e+01
 4.97838879e+00
 1.06945000e+02
 2.14020157e+01
 1.23379002e+01
 1.47157609e+00
 1.48614464e+01
 8.28962231e+00
 1.68937988e+02
 1.22733261e+02
 3.71536140e+01
 1.97306461e+01
 4.47211571e+01
 6.13951874e+01
 2.11266065e+00
 5.46857681e+01
 1.22349253e+01
 2.49926493e-01
 8.25508833e-01
 8.13070068e+01
 8.83003922e+01
 1.06896324e+02
 1.99496174e+01
 9.43446808e+01
 1.09499359e+02
 1.74821289e+02
 1.08860100e+02
 4.79766798e+00
 1.62545013e+01
 1.01355257e+01
 2.49619341e+00
 4.43880119e+01
 3.49654160e+01
 1.21624893e+02
 6.29686165e+01
 1.59123459e+02
 4.00412827e+01
 1.06985970e+02
 1.28535110e+02
 4.46267548e+01
 8.39762592e+00
 3.93536544e+00
 3.90336533e+01
 1.79979294e+02
 3.72212257e+01
 1.15191086e+02
 6.44605484e+01
 3.45904510e+02
 1.86865829e+02
 4.03534737e+01
 2.76830688e+02
 6.00856400e+01
 3.28930449e+00
 3.76410198e+00
 7.76788902e+00
 6.47866516e+01
 1.38483978e+02
 1.07868515e+02
 5.09937286e+01
 5.22753143e+01
 1.04684097e+02
 7.98646088e+01
 6.08392448e+01
 1.78750057e+01
 2.76312923e+00
 5.00570488e+00
 2.63893843e+00
 1.04086807e+02
 9.11166077e+01
 9.78413239e+01
 6.81510696e+01
 2.44874146e+02
 5.48759308e+01
 2.41886597e+01
 1.20361748e+02
 1.68616882e+02
 1.67668190e+01
 2.69251084e+00
 6.03840303e+00
 1.06083313e+02
 4.71687050e+01
 1.45445145e+02
 8.31419754e+01
 1.68215714e+02
 1.35308121e+02
 9.84539490e+01
 1.50761627e+02
 6.94872131e+01
 7.52518616e+01
 1.78145313e+00
 2.14157677e+00
 3.28774147e+01
 9.10720978e+01
 1.94509613e+02
 1.17965965e+02
 1.45357475e+01
 9.13047714e+01
 7.29958115e+01
 1.27402725e+02
 7.03824081e+01
 4.95773745e+00
 3.95132713e+01
 1.58086672e+01
 3.80579448e+00
 6.39627419e+01
 2.07344559e+02
 1.29465607e+02
 1.46036469e+02
 2.39346542e+02
 6.27785339e+01
 9.01812363e+01
 5.36109619e+01
 3.80965996e+01
 3.27904373e-01
 8.40531063e+00
 9.34955215e+01
 4.17207947e+01
 1.23948280e+02
 1.02172318e+02
 5.74131432e+01
 1.65608765e+02
 4.23732376e+01
 1.35078079e+02
 4.33941650e+01
 1.14744663e+00
 1.10243244e+01
 1.07649803e+01
 7.76232376e+01
 2.75629272e+02
 2.39166527e+01
 1.08363655e+02
 6.83852081e+01
 1.38076797e+02
 7.01934738e+01
 4.76010551e+01
 4.82900391e+01
 2.81991634e+01
 6.38279021e-01
 9.02423573e+00
 1.18292252e+02
 8.72635498e+01
 8.30409775e+01
 4.93817902e+01
 2.03678253e+02
 7.34866943e+01
 1.76434364e+01
 1.05271584e+02
 2.87957973e+01
 2.65340209e+00
 1.05948410e+01
 5.84916067e+00
 3.41673584e+01
 6.27273750e+01
 1.68967056e+01
 7.01499329e+01
 1.13903458e+02
 1.91273270e+02
 7.79382706e+01
 1.96347961e+02
 1.11550644e+02
 7.83894444e+00
 8.19868183e+00
 1.69388676e+01
 4.67224693e+01
 8.12236710e+01
 1.04810883e+02
 5.97651711e+01
 1.47052383e+02
 1.80268764e+01
 6.07221298e+01
 4.43687935e+01
 1.11125002e+01
 3.41469145e+00
 2.47945762e+00
 3.25944614e+00
 4.48669167e+01
 5.39443130e+01
 8.22035370e+01
 3.79002914e+01
 7.07241821e+01
 2.93862640e+02
 3.44628105e+01
 8.77736053e+01
 4.54994926e+01
 1.98447075e+01
 2.33856273e+00
 1.40956430e+01
 3.68097038e+01
 2.53017090e+02
 8.61341171e+01
 8.12823181e+01
 3.64340134e+01
 1.17453011e+02
 1.69203705e+02
 7.49199448e+01
 6.71482239e+01
 4.46893005e+01
 2.94552565e+00
 3.35352402e+01
 1.24169426e+02
 7.15918350e+00
 1.51544266e+02
 1.90533432e+02
 1.00653702e+02
 2.32632637e+01
 1.67196228e+02
 1.38680162e+01
 3.02219696e+01
 4.85039482e+01
 7.51748323e-01
 5.87934971e+00
 4.80019112e+01
 1.69987427e+02
 1.03551804e+02
 8.54416885e+01
 1.28136826e+02
 4.02077827e+01
 1.13526354e+01
 4.99352417e+01
 3.72546463e+01
 5.40520048e+00
 4.21767521e+00
 1.69224129e+01
 1.06816460e+02
 2.79479771e+01
 1.45380981e+02
 2.71658447e+02
 1.05009552e+02
 2.25984669e+01
 5.23338966e+01
 1.05816765e+02
 4.68966866e+01
 1.00202971e+01
 6.84002113e+00
 8.46276939e-01
 4.07537270e+01
 1.58593401e-01
 9.06887360e+01
 1.00716660e+02
 1.01147491e+02
 2.11638565e+01
 2.34541187e+01
 1.88978790e+02
 7.63597412e+01
 6.00847511e+01
 7.54574442e+00
 3.59237595e+01
 2.91806412e+01
 4.46066523e+00
 3.35123520e+01
 1.20167450e+02
 1.17223389e+02
 1.08830017e+02
 2.21300526e+01
 4.10594788e+01
 1.36162024e+01
 8.43853855e+00
 2.32698798e+00
 9.73401165e+00
 3.80585365e+01
 1.06297379e+02
 7.33767090e+01
 1.36124878e+02
 1.49819748e+02
 1.54639420e+02
 1.26617531e+02
 8.82781067e+01
 3.83829346e+01
 2.45684814e+01
 4.84815627e-01
 1.55240488e+00
 2.66470108e+01
 1.03630692e+02
 4.03157578e+01
 2.83561859e+02
 5.22570229e+01
 4.12210617e+01
 9.31123276e+01
 4.99795609e+01
 3.29290276e+01
 1.48137081e+00
 1.13529119e+01
 3.05400467e+00
 8.69433441e+01
 8.20770340e+01
 7.18784256e+01
 8.93665771e+01
 1.60841007e+01
 8.73530579e+01
 1.48227509e+02
 3.42489395e+01
 2.50659142e+01
 3.37966614e+01
 2.39304304e+00
 9.42917156e+00
 5.24836426e+01
 8.39552002e+01
 1.10973644e+01
 3.87013550e+01
 5.79988976e+01
 2.15840240e+02
 1.89278168e+02
 1.28287563e+01
 2.17984276e+01
 4.98183155e+00
 4.32209641e-01
 8.70138168e+00
 2.05106306e+00
 1.12009598e+02
 5.87490158e+01
 8.35775948e+00
 1.63221741e+02
 1.32923508e+02
 1.15219398e+02
 9.75573044e+01
 5.60129356e+00
 2.78045425e+01
 9.03482342e+00
 6.79903889e+00
 1.53036833e+00
 2.21224945e+02
 4.07400436e+01
 8.90709496e+00
 2.63107910e+02
 5.83161278e+01
 1.13010841e+02
 6.77581787e+01
 8.08481674e+01
 1.35747156e+01
 8.21576953e-01
 1.25252533e+01
 1.27412069e+00
 6.79458084e+01
 2.41692390e+01
 1.11538094e+02
 1.99811203e+02
 8.87168274e+01
 1.57010773e+02
 4.95421715e+01
 4.32941475e+01
 2.31120944e+00
 7.81758881e+00
 2.02801819e+01
 5.21812296e+00
 1.56401169e+02
 3.97108345e+01
 1.43022079e+02
 1.65173080e+02
 1.21655510e+02
 8.69290085e+01
 4.07586136e+01
 2.15689201e+01
 1.43568287e+01
 3.08072358e-01
 3.13703680e+00
 5.52938766e+01
 2.18517685e+02
 9.55052185e+01
 7.69773636e+01
 4.07997246e+01
 1.28565750e+02
 2.58688049e+02
 1.32345047e+02
 2.22334290e+01
 6.35897541e+00
 1.68280280e+00
 5.12042379e+00
 4.21021271e+00
 3.58253899e+01
 1.01792923e+02
 1.25022552e+02
 2.49912472e+01
 9.32966614e+01
 3.12766666e+01
 2.69353504e+01
 3.25406914e+01
 4.27844810e+01
 4.01291162e-01
 5.88051701e+00
 2.72375011e+01
 1.64393814e+02
 5.40204048e-01
 1.21031578e+02
 1.24544258e+02
 5.57415581e+01
 1.40515289e+02
 6.19383659e+01
 5.92456589e+01
 8.63901424e+00
 1.55051184e+01
 9.61783886e-01
 1.11009079e+02
 4.26367416e+01
 1.41858124e+02
 8.26296921e+01
 1.39314651e+02
 1.25759232e+02
 6.77945480e+01
 2.24294796e+01
 1.44814978e+01
 6.96814489e+00
 3.73928299e+01
 8.50290298e+00
 1.02154602e+02
 8.63686676e+01
 1.01356743e+02
 3.13976707e+01
 5.41860619e+01
 9.62684021e+01
 6.59621887e+01
 3.91299629e+01
 6.70568848e+01
 8.25163555e+00
 5.34479752e+01
 3.57271423e+01
 7.58739548e+01
 5.11392479e+01
 1.08365921e+02
 7.05962896e+00
 9.71115494e+01
 4.83736267e+01
 3.81223526e+01
 1.81036758e+01
 3.51118088e+01
 9.01403427e+00
 2.09255238e+01
 4.08702431e+01
 2.05509090e+01
 1.97861267e+02
 1.04884911e+02
 4.33597803e+00
 1.21601236e+00
 1.19676437e+02
 7.52406387e+01
 2.99453220e+01
 3.94012604e+01
 8.76157570e+00
 5.73791265e+00
 2.36686754e+00
 1.21630852e+02
 3.82064629e+01
 2.66648499e+02
 9.57864456e+01
 1.15253420e+01
 7.97185898e+01
 5.70896492e+01
 1.04380512e+01
 2.44209366e+01
 1.21214569e+00
 2.23849249e+00
 1.56384563e+00
 1.56012402e+01
 8.16622467e+01
 1.56921677e+02
 1.05739944e+02
 1.55975540e+02
 7.81701279e+01
 1.01845184e+02
 3.13802261e+01
 1.12051229e+01
 8.39189625e+00
 3.70012254e-01
 4.02167816e+01
 8.09749317e+00
 1.96976334e+02
 5.11350365e+01
 1.61049637e+02
 5.40286903e+01
 1.70702408e+02
 1.53165703e+01
 3.75057459e-02
 8.22556782e+00
 2.08511848e+01
 6.84554291e+00
 5.79262018e-01
 1.51608915e+01
 6.71227341e+01
 7.70797043e+01
 1.57162827e+02
 1.83686674e+00
 1.70108533e+00
 7.99105225e+01
 9.26848297e+01
 6.35567169e+01
 4.32567902e+01
 1.22494431e+01
 6.27568531e+00
 1.98224602e+01
 3.32439041e+00
 3.42241549e+00
 3.18076115e+01
 1.28734451e+02
 5.27489891e+01
 3.85843697e+01
 7.64376678e+01
 4.77089195e+01
 1.74945412e+01
 4.56997681e+00
 1.68013554e+01
 4.92110138e+01
 7.89578781e+01
 4.30354424e+01
 6.81289062e+01
 2.11216339e+02
 1.28233521e+02
 1.04931969e+02
 7.18052292e+01
 3.58054466e+01
 1.25631704e+01
 4.12744827e+01
 2.64602108e+01
 6.25188293e+01
 1.37516815e+02
 7.65283127e+01
 9.72954102e+01
 1.55235947e+02
 3.21673775e+01
 9.87296982e+01
 1.71054897e+01
 6.64300079e+01
 7.53443861e+00
 6.28266191e+00
 6.11812401e+00
 3.19218674e+01
 9.68834610e+01
 3.20623093e+01
 1.61763084e+00
 1.55932297e+02
 1.63241165e+02
 7.75267868e+01
 4.43531380e+01
 2.91263270e+00
 3.63289261e+01
 1.00361109e+00
 1.76411867e+00
 2.11288204e+01
 4.84681892e+01
 8.15263977e+01
 5.85884361e+01
 1.54926880e+02
 1.15424271e+02
 3.62927933e+01
 2.82919140e+01
 2.12599277e+01
 2.94232235e+01
 1.19743633e+00
 4.26821375e+00
 5.61355209e+01
 3.07694416e+01
 4.14977570e+01
 1.84869507e+02
 4.26256218e+01
 1.02176094e+02
 4.33576107e+00
 1.73849258e+01
 9.34801757e-01
 2.17636561e+00
 5.33022821e-01
 5.44472504e+01
 2.22733966e-03
 1.06019257e+02
 2.21755844e+02
 1.12865934e+01
 6.12580986e+01
 1.75182693e+02
 1.06002815e+02
 8.75974941e+00
 9.10397110e+01
 6.51386566e+01
 1.41127291e+01
 4.29485464e+00
 1.51904888e+01
 1.20275909e+02
 1.81623062e+02
 9.11460114e+01
 5.11786690e+01
 3.26223526e+01
 1.63896927e+02
 5.16901321e+01
 8.34077530e+01
 7.20394659e+00
 1.42613287e+01
 1.21208897e+01
 2.33540764e+01
 8.39303970e+01
 1.57608780e+02
 1.16608284e+02
 7.27239914e+01
 3.22664108e+01
 6.72688980e+01
 5.77668839e+01
 9.73860264e+00
 6.75236225e+00
 3.15867901e+00
 1.33985865e+00
 8.97861570e-02
 3.05650635e+01
 2.34962196e+01
 1.00424210e+02
 7.37206116e+01
 1.72393456e+01
 1.48370941e+02
 3.16669047e-01
 7.58552551e+01
 2.19811082e+00
 3.90733868e-01
 5.86147232e+01
 1.13028008e+02
 1.65291977e+02
 1.65691345e+02
 9.05333328e+01
 1.23674919e+02
 6.20571136e+01
 9.51424408e+01
 5.30556755e+01
 6.90544510e+01
 1.13707781e+00
 4.71764326e+00
 7.23137045e+00
 4.06901169e+01
 9.49592896e+01
 1.81732788e+01
 3.73086281e+01
 2.84286671e+01
 6.50415649e+01
 5.17374191e+01
 2.37781119e+00
 7.39635620e+01
 6.28811312e+00
 1.06456003e+01
 6.67186975e+00
 7.39254303e+01
 5.70020771e+00
 1.86094299e+02
 1.41875381e+02
 1.65272919e+02
 4.73475876e+01
 4.26354790e+01
 5.88231659e+01
 6.73570728e+00
 3.15244923e+01
 4.82634258e+00
 3.02655830e+01
 3.15198040e+01
 1.48889751e+01
 8.05055618e+01
 9.73518448e+01
 6.40988541e+01
 2.26954784e+01
 1.44458435e+02
 3.20015182e+01
 1.85530682e+01
 2.44880753e+01
 1.11590166e+01
 1.04000406e+01
 2.79990692e+01
 2.97361336e+01
 6.97664185e+01
 1.59001831e+02
 2.54240433e+02
 4.56393776e+01
 6.46345215e+01
 3.07733097e+01
 7.85731430e+01
 1.51853371e+01
 1.29575953e-01
 3.82504997e+01
 1.78430061e+01
 1.02861839e+02
 2.34473724e+01
 2.17472061e+02
 1.83721939e+02
 5.29332314e+01
 2.17092590e+01
 4.92047920e+01
 5.38247833e+01
 8.58211517e+01
 3.99948955e+00
 2.93346348e+01
 2.24867401e+01
 5.81203985e+00
 1.54358459e+02
 1.16159088e+02
 1.88505402e+02
 5.50612030e+01
 1.51525314e+02
 7.33762436e+01
 6.61556625e+01
 2.75465240e+01
 2.31701660e+01
 1.68234789e+00
 1.01296568e+01
 6.04361458e+01
 1.98969604e+02
 9.11011658e+01
 6.88924789e+01
 2.63198639e+02
 3.55318642e+01
 9.99504318e+01
 9.47146893e+00
 2.84025049e+00
 1.98145962e+00
 2.54908943e+01
 2.65991383e+01
 4.91722717e+01
 1.67069836e+01
 5.33902283e+01
 1.05154633e+02
 1.47875595e+01
 1.23594559e+02
 1.47650558e+02
 2.75513744e+01
 2.05797577e+00
 1.18100762e+00
 1.79844971e+01
 2.80140514e+01
 2.50008202e+01
 9.64383621e+01
 1.41076355e+01
 1.59860733e+02
 2.28282108e+01
 1.66462212e+01
 4.92290649e+01
 3.03611603e+01
 1.47468462e+01
 1.29271746e-01
 1.93062992e+01
 5.10590973e+01
 7.98437595e+00
 2.59533253e+01
 1.52411499e+01
 1.47976179e+01
 8.85662918e+01
 5.08944397e+01
 6.57199430e+00
 4.01195412e+01
 3.14821601e+00
 1.60991490e+00
 4.83951149e+01
 1.13556614e+01
 6.61168213e+01
 2.01265289e+02
 4.65632210e+01
 1.31716660e+02
 9.27460556e+01
 3.64606500e-01
 6.53919029e+00
 7.02801895e+01
 6.55274506e+01
 2.06102600e+01
 1.59433184e+01
 1.41148911e+01
 2.64266872e+01
 2.12791862e+01
 6.11115189e+01
 1.07039749e+02
 1.10349709e+02
 9.06991959e+01
 1.74019897e+02
 5.94147377e+01
 2.11059856e+00
 2.13219833e+00
 5.40830564e+00
 6.30718827e-01
 1.18896202e+02
 1.18743675e+02
 1.76692410e+01
 1.30695343e+02
 1.09327507e+02
 4.66710968e+01
 5.50712242e+01
 2.42092285e+01
 1.88779430e+01
 5.18242407e+00
 4.95668030e+01
 7.41879120e+01
 5.87053776e+00
 1.01815735e+02
 1.12905365e+02
 1.86290817e+02
 4.50013657e+01
 5.97114449e+01
 5.42706528e+01
 4.61931658e+00
 4.03443909e+01
 2.61699600e+01
 1.46515179e+00
 2.36686764e+01
 3.51456413e+01
 4.74973602e+01
 8.69097290e+01
 1.21488770e+02
 8.03639526e+01
 6.51425781e+01
 6.99372025e+01
 3.22884407e+01
 6.77558756e+00
 1.49268570e+01
 1.29557152e+01
 5.23885460e+01
 5.65180473e+01
 3.16234772e+02
 8.57050476e+01
 7.59316788e+01
 1.74815170e+02
 8.58615189e+01
 9.03940353e+01
 9.84199905e+00
 5.20934677e+01
 3.99221158e+00
 6.43736303e-01
 1.40399750e+02
 1.30370083e+01
 1.31607742e+02
 1.53536453e+02
 1.23325714e+02
 1.15357368e+02
 6.39772606e+00
 3.08220825e+01
 5.50079231e+01
 1.05732622e+01
 6.36135817e+00
 2.07063103e+01
 2.81250267e+01
 1.45232544e+02
 2.99516602e+02
 1.61527542e+02
 5.49071770e+01
 1.19640732e+02
 9.44407196e+01
 4.83645058e+01
 1.85980301e+01
 7.14738798e+00
 5.60345917e+01
 1.32633638e+00
 6.74245682e+01
 9.18084869e+01
 5.32715492e+01
 6.81414108e+01
 1.24173645e+02
 1.16705460e+02
 1.24631615e+02
 7.00128479e+01
 2.86566138e+00
 4.94982605e+01
 1.48863125e+00
 1.85228329e+01
 6.99999523e+00
 3.44905930e+01
 2.82808266e+01
 5.10703545e+01
 2.37405380e+02
 1.67106262e+02
 1.03807602e+02
 1.51438646e+01
 1.13238358e+00
 1.49947052e+01
 1.84771862e+01
 1.26697206e+01
 5.26545954e+00
 3.31498756e+01
 2.57060760e+02
 1.11619598e+02
 5.39433250e+01
 6.54547806e+01
 4.85417404e+01
 8.82239609e+01
 2.65696697e+01
 1.85782356e+01
 5.15967941e+00
 2.81731892e+00
 2.51999545e+00
 1.57302429e+02
 8.51752701e+01
 2.65399456e+01
 4.79057045e+01
 3.67107315e+01
 1.09464546e+02
 1.33776169e+01
 6.17524490e+01
 4.62866259e+00
 3.65982971e+01
 9.02453613e+01
 3.08446350e+01
 1.75585312e+02
 1.41152802e+02
 9.35954895e+01
 6.91325302e+01
 5.70742188e+01
 2.05229740e+01
 1.20029755e+01
 9.06447449e+01
 1.67547493e+01
 5.45214033e+00
 3.14105320e+01
 6.48448792e+01
 6.34053421e+01
 2.21762115e+02
 3.99838066e+01
 4.69992218e+01
 2.29878349e+01
 3.89428368e+01
 3.70515704e+00
 3.94020996e+01
 1.01617980e+00
 5.08132362e+00
 5.95669403e+01
 8.48143921e+01
 5.95293427e+01
 1.57183609e+02
 1.00635391e+02
 1.23736496e+02
 4.62769279e+01
 4.97612076e+01
 7.64163818e+01
 1.09304924e+01
 2.52176380e+00
 5.65381575e+00
 1.12406559e+01
 2.35593815e+01
 5.57895317e+01
 1.21549828e+02
 1.96680481e+02
 1.58819046e+01
 2.92169876e+01
 1.52258272e+01
 2.91781540e+01
 3.36326714e+01
 4.80886173e+00
 3.79050922e+00
 4.52789211e+00
 4.90661125e+01
 2.15454086e+02
 2.29133911e+02
 1.54041016e+02
 4.39539261e+01
 9.41624603e+01
 4.76001310e+00
 8.65287018e+01
 7.38866882e+01
 4.40545082e+01
 1.77184749e+00
 2.03878231e+01
 2.79471436e+01
 2.93923950e+01
 1.89270035e+02
 7.56799316e+01
 2.49498383e+02
 6.41029968e+01
 1.19929329e+02
 1.27004585e+01
 2.25020103e+01
 5.76106024e+00
 1.19627428e+00
 2.51333088e-01
 3.85457182e+00
 5.35045738e+01
 5.35089760e+01
 1.11892807e+02
 1.48260284e+02
 4.77046280e+01
 2.71933389e+00
 3.70660543e+00
 3.03417149e+01
 1.39553976e+00
 7.61127853e+00
 1.06089334e+01
 5.04411011e+01
 9.43045044e+01
 9.42229462e+01
 2.53235283e+01
 2.39949589e+01
 1.17618752e+02
 2.57269907e+00
 1.03867210e+02
 4.74456978e+01
 4.30728340e+01
 5.71578503e-01
 2.03793240e+00
 6.02870560e+00
 3.73006744e+01
 1.19247566e+02
 4.80919800e+01
 2.06250946e+02
 7.95639114e+01
 6.53072052e+01
 1.03988892e+02
 1.19388519e+02
 4.41348152e+01
 5.34450388e+00
 2.95460186e+01
 2.95948811e+01
 3.18018169e+01
 3.76953149e+00
 1.32589970e+01
 1.01918823e+02
 2.44818878e+01
 2.67510223e+02
 1.19490633e+01
 2.34564075e+01
 3.98786354e+01
 6.97975016e+00
 3.35153079e+00
 4.00070496e+01
 1.16904991e+02
 8.78914948e+01
 6.17125397e+01
 9.23758392e+01
 8.53353348e+01
 7.10554733e+01
 4.86265068e+01
 5.80498199e+01
 8.58027267e+00
 6.04078445e+01
 1.37775421e+01
 8.78801575e+01
 3.81964073e+01
 1.15358696e+02
 1.63871033e+02
 1.54322952e+02
 1.67243195e+02
 1.03454514e+02
 3.92095833e+01
 6.63823395e+01
 4.42205000e+00
 2.84692154e+01
 1.77758217e+01
 2.81253605e+01
 1.17223900e+02
 1.30539764e+02
 1.22033974e+02
 6.90705967e+00
 1.40261354e+01
 4.49331284e+01
 5.60545654e+01
 4.97486067e+00
 5.44960213e+00
 4.15295944e+01
 2.56331444e+00
 1.72386742e+01
 6.62448645e+00
 1.47194290e+02
 9.85730362e+01
