 -3.77866211e+00
 2.96258545e-01
 2.02852783e+00
 8.00466309e+00
 1.47131592e+01
 1.77291809e+01
 1.76118103e+01
 2.04722839e+01
 1.64232727e+01
 9.41307983e+00
 1.73418579e+00
 -3.86560669e+00
 -2.36639404e-01
 -1.56805420e-01
 4.45705566e+00
 1.21489502e+01
 1.55945679e+01
 1.60163513e+01
 1.77887207e+01
 1.91722656e+01
 1.53867737e+01
 8.48644409e+00
 2.46254883e+00
 -7.10025635e+00
 -5.32361450e+00
 -1.88452759e+00
 4.06401978e+00
 9.19115601e+00
 1.13492981e+01
 1.62192627e+01
 1.85934692e+01
 1.87011047e+01
 1.30494934e+01
 7.36303101e+00
 2.83031616e+00
 -1.23007812e+00
 -2.61328125e-01
 -8.78027344e-01
 2.20806274e+00
 8.96819458e+00
 1.31553284e+01
 1.56607910e+01
 1.96732727e+01
 1.82202087e+01
 1.55183655e+01
 9.61098633e+00
 6.59822998e+00
 -5.56860352e-01
 -6.05029907e+00
 -5.31058350e+00
 1.48320923e+00
 1.35196472e+01
 1.34359375e+01
 1.87727600e+01
 1.98977295e+01
 1.78423096e+01
 1.38030945e+01
 7.79747925e+00
 3.11165771e+00
 -2.61643066e+00
 -6.80447998e+00
 -4.22348633e+00
 4.77294312e+00
 9.24840698e+00
 1.39382568e+01
 1.62150513e+01
 1.86168457e+01
 1.91554810e+01
 1.28092896e+01
 7.86748657e+00
 8.19082031e+00
 -7.62884521e-01
 -1.32788086e-01
 -2.24920654e-01
 2.09334717e+00
 7.03978882e+00
 1.61516663e+01
 1.86310364e+01
 2.07535339e+01
 1.74986511e+01
 1.28936096e+01
 9.33568726e+00
 3.83880005e+00
 -2.48693848e-01
 -4.92307129e+00
 -5.84210815e+00
 4.40386353e+00
 1.00006348e+01
 1.59892212e+01
 1.84945007e+01
 2.10446106e+01
 2.09410339e+01
 1.48445984e+01
 1.06994873e+01
 5.87566528e+00
 -1.21954956e+00
 2.52893066e-01
 4.69924316e+00
 -1.65564575e+00
 5.75664673e+00
 1.16057983e+01
 1.59901062e+01
 2.04799438e+01
 1.73241821e+01
 1.24678284e+01
 9.90270386e+00
 4.87795410e+00
 1.23766479e+00
 9.11218262e-01
 3.21682129e+00
 8.14315186e+00
 9.57860718e+00
 1.37233521e+01
 1.96325623e+01
 1.80869995e+01
 1.85768677e+01
 1.18193604e+01
 8.26940308e+00
 1.50200806e+00
 2.08660278e+00
 1.20208130e+00
 4.06694946e+00
 3.72359619e+00
 1.21322266e+01
 1.23469177e+01
 1.65208374e+01
 2.00240417e+01
 1.61167542e+01
 1.51765686e+01
 8.59987793e+00
 5.58501587e+00
 4.66607666e-01
 1.67352295e-01
 3.26601563e+00
 5.93438110e+00
 7.12929688e+00
 1.17822510e+01
 1.52876221e+01
 1.88644043e+01
 1.79313904e+01
 1.21738220e+01
 9.83086548e+00
 5.03475342e+00
 -9.26580811e-01
 -6.07376709e+00
 -1.21112671e+00
 5.35949097e+00
 7.81276855e+00
 1.19163452e+01
 1.65351501e+01
 1.81222473e+01
 1.74331909e+01
 1.37430969e+01
 9.30306396e+00
 1.54989014e+00
 -3.58774414e+00
 -1.13294067e+00
 -3.85126343e+00
 6.76921997e+00
 8.80288086e+00
 1.62015320e+01
 1.93750244e+01
 2.18973938e+01
 2.02424866e+01
 1.35240723e+01
 7.48873291e+00
 6.35009155e+00
 4.21289063e-01
 -8.97924805e-01
 2.16256104e+00
 3.06594238e+00
 1.26069885e+01
 1.34605957e+01
 1.57700134e+01
 1.89106079e+01
 1.79899841e+01
 1.36059814e+01
 1.12007385e+01
 6.23754272e+00
 5.56817627e-01
 -5.82889404e+00
 -4.90030518e+00
 5.51019287e-01
 7.53206787e+00
 1.20618835e+01
 1.57950378e+01
 1.95092712e+01
 1.64629150e+01
 1.35422607e+01
 1.11966797e+01
 3.35787354e+00
 -1.14328613e+00
 -4.40683594e+00
 -8.51355591e+00
 -4.93356934e+00
 5.93013916e+00
 1.18132568e+01
 1.39986206e+01
 1.89209839e+01
 2.01682983e+01
 1.63676086e+01
 1.07796265e+01
 6.87615967e-01
 -1.60584106e+00
 -6.29766846e-01
 1.13732910e-01
 1.60030518e+00
 7.84349976e+00
 1.14156128e+01
 1.77321716e+01
 2.00872742e+01
 1.65727173e+01
 1.49296509e+01
 1.05242859e+01
 3.48977051e+00
 -2.46204224e+00
 -1.62814941e+00
 3.70519409e+00
 2.61873779e+00
 8.94744263e+00
 1.24208618e+01
 1.85675903e+01
 2.18789307e+01
 2.00905396e+01
 1.48106018e+01
 8.61412964e+00
 -4.72167969e-02
 -2.15399170e-01
 -3.83459473e-01
 3.15307007e+00
 3.63576660e+00
 9.51610718e+00
 1.36902100e+01
 1.72253967e+01
 1.90499207e+01
 1.68044373e+01
 1.36857544e+01
 7.38897095e+00
 1.98000488e+00
 -6.23993530e+00
 -5.48856201e+00
 -2.42337646e+00
 -3.01977539e-01
 7.45934448e+00
 1.18658386e+01
 1.61744019e+01
 1.85586182e+01
 1.94950500e+01
 1.27096802e+01
 1.06897827e+01
 1.86187134e+00
 -5.21576538e+00
 -2.97543945e+00
 -1.06659607e+01
 4.38564453e+00
 1.17906738e+01
 1.43314758e+01
 1.68221680e+01
 1.82110229e+01
 1.86952148e+01
 1.51541992e+01
 8.94808350e+00
 7.78914795e+00
 1.13237915e+00
 2.87035522e+00
 1.13796387e+00
 3.22472534e+00
 8.99376831e+00
 1.16314331e+01
 1.65612122e+01
 2.00209595e+01
 1.82664124e+01
 1.35772339e+01
 8.31435547e+00
 2.91262207e+00
 6.04760742e-01
 3.71118164e-01
 -2.72226562e+00
 6.25848389e-01
 3.64748535e+00
 1.12433716e+01
 1.57902771e+01
 2.00919128e+01
 1.69974915e+01
 1.32192322e+01
 1.08604370e+01
 3.91765747e+00
 1.71608887e+00
 3.40862427e+00
 3.12212524e+00
 1.55217896e+00
 1.28097168e+01
 1.24800354e+01
 1.54890076e+01
 1.94855896e+01
 1.67519165e+01
 1.68533264e+01
 7.61806641e+00
 5.29512939e+00
 -3.36112061e+00
 -6.38962402e+00
 -3.97818604e+00
 1.81044922e+00
 1.12920471e+01
 1.12368713e+01
 1.46917969e+01
 1.89340454e+01
 1.68097473e+01
 1.32799011e+01
 9.44820557e+00
 2.92754517e+00
 1.11782227e+00
 -1.47339478e+00
 -1.59985962e+00
 6.02697144e+00
 1.05977417e+01
 1.26243225e+01
 1.69474731e+01
 1.95054260e+01
 2.04949280e+01
 1.53425232e+01
 9.51870117e+00
 2.88469849e+00
 5.85327148e-03
 -9.89447021e-01
 1.83333740e+00
 1.84282837e+00
 9.30684814e+00
 1.39422241e+01
 1.49631897e+01
 1.80983215e+01
 2.03886353e+01
 1.43494507e+01
 5.29485474e+00
 5.56615601e+00
 6.98999023e-01
 -3.46271362e+00
 -3.04379883e+00
 6.74401245e+00
 1.06427551e+01
 1.46485535e+01
 1.52359863e+01
 2.15234924e+01
 2.00030151e+01
 1.39034668e+01
 9.23180542e+00
 4.99221191e+00
 2.01424561e+00
 6.73791504e-01
 -1.99249878e+00
 3.78167725e-01
 9.83181152e+00
 1.30107056e+01
 1.61694275e+01
 1.73198486e+01
 1.58865601e+01
 1.46294189e+01
 7.60582886e+00
 5.00835571e+00
 1.83080444e+00
 -4.63629150e-01
 3.25472412e+00
 4.62078247e+00
 1.05133606e+01
 1.47030579e+01
 1.75943848e+01
 1.73354126e+01
 1.63016296e+01
 1.53911377e+01
 8.19155273e+00
 6.07402954e+00
 -7.79882812e-01
 -6.74230957e-01
 -2.14902344e+00
 3.43065796e+00
 5.92571411e+00
 1.43223511e+01
 1.83083435e+01
 2.35531555e+01
 2.10934692e+01
 1.52552429e+01
 9.80660400e+00
 7.13228760e+00
 -1.73041382e+00
 -1.24466553e+00
 -1.45850220e+00
 8.19909668e-01
 6.89098511e+00
 1.25092407e+01
 1.50718323e+01
 2.00308167e+01
 1.91366211e+01
 1.69619080e+01
 8.67098389e+00
 1.51528320e+00
 -2.79315796e+00
 -1.98609009e+00
 5.15740967e-01
 5.56859741e+00
 1.05461670e+01
 1.21866699e+01
 1.66882874e+01
 2.00264221e+01
 1.91572205e+01
 1.36754089e+01
 1.09228455e+01
 8.09853516e+00
 -6.23840332e-02
 -2.97806396e+00
 -2.32749023e+00
 5.47347412e+00
 1.15972229e+01
 1.37160583e+01
 1.88715454e+01
 2.26211487e+01
 1.97494751e+01
 1.34066406e+01
 1.22968689e+01
 4.01152954e+00
 1.74031982e+00
 2.79268799e+00
 2.07567749e+00
 7.70968018e+00
 8.46386108e+00
 1.44973694e+01
 1.42143494e+01
 1.73660217e+01
 1.82480713e+01
 1.45968567e+01
 6.72524414e+00
 2.29537354e+00
 2.11989746e+00
 8.71148682e-01
 4.29155884e+00
 3.91442261e+00
 1.06686035e+01
 1.40063416e+01
 1.61967712e+01
 1.94455505e+01
 1.99215332e+01
 1.60995728e+01
 8.90834961e+00
 3.68892822e+00
 6.39520264e-01
 5.35607910e-01
 -4.67718506e-01
 2.18517456e+00
 1.01321960e+01
 1.30316406e+01
 1.52440735e+01
 2.06501709e+01
 2.11692749e+01
 1.70158630e+01
 1.00914856e+01
 5.49257813e+00
 -6.46429443e-01
 -4.70922852e-01
 -4.83862305e-01
 4.34099731e+00
 1.07278381e+01
 1.26030823e+01
 1.64180847e+01
 1.90150085e+01
 1.77622925e+01
 1.59871460e+01
 1.19704529e+01
 4.22811279e+00
 -6.51251221e-01
 -1.01505127e+00
 -2.25421753e+00
 7.13189087e+00
 1.01033875e+01
 1.52682739e+01
 1.77615295e+01
 1.88553711e+01
 1.49982544e+01
 1.63848511e+01
 1.18291565e+01
 7.08681641e+00
 2.23101196e+00
 -1.30191650e+00
 5.56115723e-01
 6.94500122e+00
 1.36853577e+01
 1.55994507e+01
 1.80181519e+01
 2.08208862e+01
 2.12752930e+01
 1.22589966e+01
 9.46431885e+00
 3.55925903e+00
 1.28743896e+00
 2.13097534e+00
 1.23644409e+00
 5.23433838e+00
 9.65676270e+00
 1.50012451e+01
 1.63257385e+01
 1.95118958e+01
 1.93940369e+01
 1.67553650e+01
 1.34758545e+01
 1.48565063e+00
 9.41949463e-01
 -1.64935913e+00
 -1.21103516e+00
 7.20025024e+00
 1.17409302e+01
 1.46596619e+01
 1.86877686e+01
 2.02853333e+01
 1.81593262e+01
 1.29778992e+01
 7.30971680e+00
 5.08544312e+00
 3.55904541e+00
 -6.98156738e-01
 2.13390503e+00
 -1.16861572e+00
 6.63836060e+00
 1.04995361e+01
 1.72921387e+01
 2.13752380e+01
 2.10468994e+01
 1.73060547e+01
 9.98442993e+00
 4.32158813e+00
 -3.52680054e+00
 9.91510010e-01
 2.81063232e+00
 1.10262451e+00
 1.07698303e+01
 1.35930115e+01
 1.71427246e+01
 1.84986511e+01
 1.79012390e+01
 1.40574280e+01
 8.48745117e+00
 1.47493896e+00
 3.22252808e+00
 -3.07321777e+00
 2.15154419e+00
 6.97878418e+00
 1.06022278e+01
 1.44810425e+01
 1.64561401e+01
 2.11047302e+01
 2.06336304e+01
 1.64609924e+01
 1.08238159e+01
 4.62670288e+00
 -3.98822632e+00
 -3.45331421e+00
 2.02337036e+00
 5.93529663e+00
 1.03610168e+01
 1.39179016e+01
 1.61298767e+01
 2.19114624e+01
 2.22205750e+01
 1.48502747e+01
 1.22976624e+01
 5.57073364e+00
 -8.34143066e-01
 1.21581421e+00
 3.46608887e+00
 4.64199219e+00
 1.04892517e+01
 1.51596924e+01
 1.69860779e+01
 1.95989014e+01
 2.26208740e+01
 1.79117981e+01
 1.01587158e+01
 8.08419189e+00
 2.57445679e+00
 4.31322632e+00
 3.71639404e+00
 5.56020508e+00
 9.36855469e+00
 1.30964905e+01
 1.55460754e+01
 2.02694641e+01
 1.95895020e+01
 1.33479858e+01
 9.56328735e+00
 3.18361816e+00
 -1.26593018e-01
 -1.36066284e+00
 1.97265015e+00
 6.18767700e+00
 9.34343872e+00
 1.63248535e+01
 1.99735046e+01
 2.00249268e+01
 1.96086060e+01
 1.44296204e+01
 9.37526855e+00
 5.90175781e+00
 -3.99908447e-01
 -2.10675659e+00
 2.54091797e+00
 6.63649902e+00
 8.06237183e+00
 1.38418823e+01
 1.68070618e+01
 2.14406677e+01
 1.94588867e+01
 1.67186218e+01
 1.06774841e+01
 4.73885498e+00
 -4.73721924e+00
 -7.35693359e-01
 -6.96661377e-01
 2.62456665e+00
 1.01604553e+01
 1.14457642e+01
 1.70605408e+01
 1.67452332e+01
 1.53599182e+01
 1.51603943e+01
 1.06014038e+01
 3.65767822e+00
 -3.81048584e-01
 -1.87683716e+00
 -2.83942261e+00
 4.00121460e+00
 6.93917236e+00
 1.25386597e+01
 1.75502869e+01
 2.14784180e+01
 2.10297180e+01
 1.26519104e+01
 9.71746216e+00
 4.97707520e+00
 6.61889648e-01
 7.53350830e-01
 6.08593140e+00
 5.21837769e+00
 1.24018494e+01
 1.40754028e+01
 1.53272034e+01
 2.29606873e+01
 1.98780762e+01
 1.56307312e+01
 7.53563843e+00
 4.97026978e+00
 2.65941772e+00
 2.05983887e+00
 -5.02539062e-01
 6.93917236e+00
 1.18107544e+01
 1.36250244e+01
 1.80865417e+01
 1.87977539e+01
 1.90228516e+01
 1.72450806e+01
 1.30714050e+01
 3.93193970e+00
 3.63543091e+00
 2.23790894e+00
 -9.28747559e-01
 2.95964966e+00
 8.51635132e+00
 1.31039368e+01
 1.72776123e+01
 1.83351074e+01
 1.95773254e+01
 1.36052185e+01
 1.00427185e+01
 3.15026245e+00
 -1.33481445e+00
 -8.14520264e-01
 -5.68237305e-03
 5.63723145e+00
 9.26259766e+00
 1.49693237e+01
 1.99681641e+01
 2.42002808e+01
 1.95408264e+01
 1.46107727e+01
 9.64116821e+00
 6.02346191e+00
 1.95244751e+00
 -3.67166748e+00
 8.99291992e-02
 7.32750854e+00
 1.08893066e+01
 1.40408569e+01
 1.83911377e+01
 2.06911560e+01
 1.71522461e+01
 1.74396912e+01
 1.01755005e+01
 2.54857788e+00
 -2.30615845e+00
 -3.56912842e+00
 -6.28848877e+00
 1.77440796e+00
 6.47823486e+00
 1.27102905e+01
 1.55924927e+01
 1.95510193e+01
 1.79741760e+01
 1.45686890e+01
 9.85845337e+00
 5.23299561e+00
 -7.41705322e-01
 -8.36813965e+00
 -4.44910278e+00
 -7.16680908e-01
 6.71450195e+00
 1.06610657e+01
 1.69494263e+01
 1.94397827e+01
 2.00574280e+01
 1.66797119e+01
 1.24800964e+01
 8.91643677e+00
 5.55223999e+00
 2.05162964e+00
 7.85119629e-01
 7.23077393e-01
 9.98009644e+00
 1.21989075e+01
 1.56690002e+01
 1.96089417e+01
 1.79607788e+01
 1.80577637e+01
 1.19790588e+01
 4.85582886e+00
 1.05162964e+00
 7.15966797e-01
 1.85912476e+00
 6.25338135e+00
 1.02382141e+01
 1.21417175e+01
 1.60392090e+01
 1.94535156e+01
 2.12210938e+01
 1.95598083e+01
 1.28664795e+01
 3.74907837e+00
 3.32412109e+00
 2.08764648e-01
 1.60695801e+00
 3.81972656e+00
 8.66591797e+00
 1.54429871e+01
 1.79160095e+01
 1.99297729e+01
 2.00953308e+01
 1.47935120e+01
 9.86913452e+00
 4.16246948e+00
 3.56557617e+00
 4.29833374e+00
 5.20348511e+00
 6.23165283e+00
 1.03048035e+01
 1.40385376e+01
 1.97879578e+01
 2.19894043e+01
 2.03306824e+01
 1.82188049e+01
 1.23951355e+01
 6.30242310e+00
 2.04492188e-01
 2.71273193e+00
 3.38579712e+00
 6.78572998e+00
 1.03678528e+01
 1.58682190e+01
 1.74637695e+01
 2.16382080e+01
 2.00951782e+01
 1.59475037e+01
 1.36400696e+01
 6.51043091e+00
 3.75679932e+00
 -3.81421509e+00
 -3.73489990e+00
 8.99011230e-01
 1.04839417e+01
 1.66488586e+01
 1.79534546e+01
 2.20888306e+01
 1.95655762e+01
 1.74128662e+01
 8.29799805e+00
 7.71761475e+00
 2.67815552e+00
 4.40050659e+00
 4.30397949e+00
 5.50994263e+00
 1.07793823e+01
 1.67876221e+01
 1.98147217e+01
 1.98618103e+01
 1.92823730e+01
 1.49324890e+01
 1.30168091e+01
 5.78127441e+00
 3.34765015e+00
 3.85614014e-01
 2.60613403e+00
 7.20855103e+00
 1.01191345e+01
 1.48333679e+01
 1.47255798e+01
 1.75622498e+01
 1.98125854e+01
 1.57330261e+01
 1.15623413e+01
 5.74953613e+00
 3.22005615e+00
 1.66811523e+00
 6.46749268e+00
 6.92992554e+00
 9.21517334e+00
 1.49627319e+01
 2.13220764e+01
 2.39480225e+01
 2.19544312e+01
 1.73673950e+01
 8.39470825e+00
 4.28038940e+00
 2.57967529e+00
 8.96997070e-01
 1.47597656e+00
 2.21529541e+00
 1.08663574e+01
 1.23991638e+01
 1.59758545e+01
 2.21023499e+01
 2.09541565e+01
 1.58071228e+01
 1.00062500e+01
 6.95717773e+00
 2.66353760e+00
 3.78484497e+00
 3.72365723e+00
 7.95772705e+00
 1.37841736e+01
 1.80897766e+01
 1.94809204e+01
 2.14351746e+01
 2.05821472e+01
 1.75880066e+01
 1.31857239e+01
 4.67186890e+00
 2.25130615e+00
 -1.01404419e+00
 8.03948975e-01
 6.30275879e+00
 1.36870667e+01
 1.47122131e+01
 1.91830688e+01
 2.05194336e+01
 1.82986084e+01
 1.50730225e+01
 9.98912964e+00
 4.24782715e+00
 5.56905518e+00
 3.90548096e+00
 9.62304688e-01
 3.26665649e+00
 1.16086365e+01
 1.41010376e+01
 1.81686646e+01
 2.25002380e+01
 2.01975342e+01
 1.50584045e+01
 1.38529297e+01
 3.16155396e+00
 3.12447510e+00
 2.26485596e+00
 2.43737183e+00
 4.25994263e+00
 8.05364380e+00
 1.22484070e+01
 1.83630920e+01
 2.11546265e+01
 2.29542786e+01
 1.46413513e+01
 1.24135986e+01
 3.63298950e+00
 3.55648193e+00
 2.07695923e+00
 4.46776733e+00
 8.23906860e+00
 1.00502563e+01
 1.30681396e+01
 2.06046082e+01
 1.97987000e+01
 2.03843628e+01
 1.89105774e+01
 1.09704529e+01
 7.64586792e+00
 3.81041870e+00
 2.52407227e+00
 3.44884644e+00
 5.19677124e+00
 9.30794678e+00
 1.67370544e+01
 1.82763306e+01
 2.17557312e+01
 2.01636902e+01
 1.76137634e+01
 1.07675110e+01
 8.35033569e+00
 3.69121704e+00
 1.29793701e+00
 -4.88897705e-01
 3.10030518e+00
 1.14708496e+01
 1.29002930e+01
 1.77352844e+01
 1.93067871e+01
 2.14688049e+01
 1.52743774e+01
 1.09158875e+01
 5.99569092e+00
 -5.93793335e+00
 -5.51065674e+00
 -4.19803467e+00
 -2.67797852e-01
 1.16890808e+01
 1.58014771e+01
 1.92683350e+01
 2.04562927e+01
 1.97634216e+01
 1.48782288e+01
 9.19442139e+00
 6.22063599e+00
 3.52697144e+00
 1.42348633e+00
 1.47261963e+00
 5.32155762e+00
 6.51671753e+00
 1.56974731e+01
 1.85664612e+01
 1.98515869e+01
 1.94854065e+01
 1.70287720e+01
 1.17999817e+01
 6.21328125e+00
 2.96547852e+00
 4.03801880e+00
 5.58046875e+00
 7.11037598e+00
 9.53618774e+00
 1.48926941e+01
 2.04300781e+01
 2.05442444e+01
 2.02326294e+01
 1.55781189e+01
 1.28260437e+01
 8.12542114e+00
 2.47359619e+00
 3.35677490e+00
 7.09707031e+00
 9.64977417e+00
 1.12208191e+01
 1.29027344e+01
 1.89269958e+01
 2.41731812e+01
 2.28013550e+01
 1.78164917e+01
 1.56641785e+01
 5.71761475e+00
 -8.48028564e-01
 2.66677246e+00
 7.08580933e+00
 8.43435059e+00
 1.25347534e+01
 1.49462830e+01
 2.09839722e+01
 2.26240784e+01
 1.98407227e+01
 1.55221802e+01
 1.01236816e+01
 5.91005859e+00
 4.57143555e+00
 -2.25897217e-01
 9.49060059e-01
 6.38793335e+00
 1.15483032e+01
 1.39400574e+01
 1.92835632e+01
 2.18028198e+01
 1.79176575e+01
 1.64611450e+01
 1.26916443e+01
 6.73705444e+00
 3.52733765e+00
 -3.27258911e+00
 -3.23339844e-01
 9.24584351e+00
 1.10109192e+01
 1.45905090e+01
 1.70950562e+01
 2.20520569e+01
 2.12202393e+01
 2.05085693e+01
 1.23403564e+01
 5.90572510e+00
 -1.63992920e+00
 6.08575439e-01
 -4.11325684e+00
 5.26085815e+00
 1.10333801e+01
 1.64398132e+01
 1.93911377e+01
 2.52502686e+01
 2.38552490e+01
 1.65349670e+01
 1.24798828e+01
 5.13778076e+00
 3.98232422e+00
 4.45882568e+00
 5.84673462e+00
 1.04101196e+01
 1.19269958e+01
 1.76041504e+01
 2.09583679e+01
 2.39971558e+01
 2.56697021e+01
 1.83003479e+01
 1.42842041e+01
 8.67330322e+00
 2.50109253e+00
 3.83834229e+00
 2.93102417e+00
 9.12908325e+00
 1.14325195e+01
 1.85085388e+01
 2.16126648e+01
 2.43923889e+01
 2.42993408e+01
 2.09036194e+01
 1.12325989e+01
 5.56865845e+00
 8.56286621e-01
 -5.08825684e-01
 1.47478638e+00
 7.80932007e+00
 1.10862671e+01
 1.39236694e+01
 1.85340210e+01
 2.04294373e+01
 2.34491211e+01
 1.83616577e+01
 1.35476318e+01
 9.84755859e+00
 5.42849121e+00
 1.84200439e+00
 1.61275635e+00
 4.77031860e+00
 1.35946289e+01
 1.40604492e+01
 1.90347229e+01
 1.96947571e+01
 1.98447815e+01
 1.68962341e+01
 1.28437439e+01
 6.95226440e+00
 9.95202637e-01
 1.05132446e+00
 5.02224121e+00
 8.42308960e+00
 1.41384521e+01
 1.55039307e+01
 1.94385925e+01
 2.01873108e+01
 1.97715698e+01
 1.64479309e+01
 1.22126099e+01
 6.76015625e+00
 -1.08716431e+00
 -5.59296265e+00
 1.50191650e+00
 1.17426086e+01
 1.34328247e+01
 1.27937256e+01
 2.03173462e+01
 2.04824158e+01
 2.12042786e+01
 1.58743530e+01
 1.15188843e+01
 6.81328735e+00
 4.72579346e+00
 -5.34091797e+00
 -2.91055908e+00
 1.21602783e+00
 9.31115112e+00
 1.38812500e+01
 1.86982971e+01
 2.29350525e+01
 2.14604126e+01
 1.92061096e+01
 1.23700195e+01
 6.08687744e+00
 5.05327759e+00
 4.03286133e+00
 5.17540894e+00
 7.51900635e+00
 1.47946411e+01
 1.45842834e+01
 1.96730286e+01
 2.07452026e+01
 2.29075867e+01
 1.88406311e+01
 1.09917542e+01
 6.39754639e+00
 1.64733276e+00
 1.42614136e+00
 -4.23508301e+00
 -3.50378418e-01
 1.17491394e+01
 1.42749878e+01
 1.63279663e+01
 2.06524902e+01
 1.84498840e+01
 1.72380920e+01
 1.23254944e+01
 4.84481201e+00
 1.70227051e-02
 2.39556885e-01
 1.42855225e+00
 3.99184570e+00
 1.05728699e+01
 1.59174438e+01
 1.70952393e+01
 2.17967773e+01
 1.66381165e+01
 1.63421875e+01
 1.10740906e+01
 5.05471191e+00
 -4.43273926e-01
 -4.54041138e+00
 -4.84692993e+00
 3.63292847e+00
 9.69042358e+00
 1.73832947e+01
 2.00015198e+01
 2.10088440e+01
 1.96356750e+01
 1.60522400e+01
 1.35579773e+01
 7.24205933e+00
 2.44348145e-01
 4.00765381e+00
 4.62551270e+00
 6.40416870e+00
 1.07971436e+01
 1.30056702e+01
 1.91551758e+01
 2.17695862e+01
 2.17827393e+01
 1.90068298e+01
 1.44310547e+01
 8.89455566e+00
 6.73336182e+00
 -7.96301270e-01
 8.50885010e-01
 6.66347656e+00
 1.41963440e+01
 1.54526611e+01
 1.92636353e+01
 2.29991394e+01
 2.23568359e+01
 1.54644409e+01
 1.31345459e+01
 4.61339722e+00
 1.08980713e+00
 4.42119751e+00
 4.50423584e+00
 6.07421265e+00
 1.26815430e+01
 1.71986938e+01
 2.21704346e+01
 2.42473083e+01
 2.48594299e+01
 1.86749512e+01
 1.23733765e+01
 8.44439087e+00
 3.40487061e+00
 4.93370972e+00
 4.87331543e+00
 4.27181396e+00
 1.11212097e+01
 1.43085876e+01
 2.09519287e+01
 2.27749268e+01
 2.07633606e+01
 1.70252319e+01
 1.10915771e+01
 5.63625488e+00
 3.31856689e+00
