 4.43922115e+01
 6.96727072e+01
 9.43203628e+00
 3.84437084e+01
 5.74742119e+01
 6.54332082e+01
 7.23362905e+00
 1.02557275e+01
 3.50398178e+01
 9.56449521e+01
 4.97530494e+01
 1.75123248e+02
 1.74332779e+02
 5.01909493e+01
 1.18425479e+02
 9.58870591e+01
 4.98322706e+01
 5.46107526e+01
 1.55801879e+01
 2.10629390e+01
 1.10705485e+02
 1.95905561e+02
 1.54223420e+02
 2.63619201e+02
 5.89935831e+01
 6.01799944e+01
 6.10602532e+01
 1.33993031e+02
 5.97799111e+01
 2.40209356e+01
 1.81780647e+01
 1.62623311e+01
 8.12889941e+01
 9.35210509e+01
 6.52684912e+01
 9.42875987e+01
 2.38797314e+02
 1.87972866e+02
 3.99795924e+01
 6.85429812e+01
 6.45516611e+01
 9.37447672e+01
 2.57852188e+01
 4.57569412e+01
 1.93801302e+02
 7.97442086e+01
 1.13603601e+02
 1.60749276e+02
 1.27684455e+02
 1.14590600e+02
 1.01433352e+01
 2.82776477e+01
 8.86106103e+01
 7.63458253e+01
 4.47915142e+01
 6.92842939e+01
 4.96434392e+01
 1.46159105e+02
 4.61230996e+01
 7.91312305e+01
 2.47601140e+02
 9.86155911e+01
 8.70832539e+01
 4.27456474e+01
 2.24375841e+02
 6.38045913e+01
 2.31372605e+01
 5.97285117e+01
 9.63766555e+01
 3.31194126e+02
 1.95994241e+02
 2.25636885e+02
 5.50808353e+00
 1.11313399e+02
 2.95842107e+00
 2.10519057e+02
 7.89289751e+01
 5.47469354e+01
 5.35537043e+01
 5.23987037e+01
 1.22091183e+02
 1.75696290e+02
 1.94785606e+02
 1.27328148e+02
 6.94044174e+01
 8.07474963e+01
 7.39452562e+00
 1.84093713e+02
 1.24369890e+02
 5.50919943e+01
 2.86312890e+01
 1.76887923e+01
 7.36586688e+00
 1.91654387e+02
 2.35887978e+02
 1.57835900e+02
 6.29963688e+01
 4.75688151e+01
 7.75901546e+01
 7.79837163e+01
 7.44108605e+01
 1.06113543e+02
 3.97165565e+01
 8.64524785e+01
 1.98343297e+02
 9.62962873e+01
 5.03844629e+01
 7.91957843e+01
 2.53726370e+02
 8.83109246e+01
 1.11164717e+02
 9.00741286e+01
 8.68352506e+01
 3.28961397e+01
 2.20218499e+00
 9.12918954e+01
 1.70471182e+02
 1.55874011e+02
 1.24434288e+02
 1.56751094e+02
 2.77159777e+01
 1.39876863e+02
 1.61513924e+02
 6.17202069e+01
 5.78738362e+01
 2.62858081e+01
 6.21017268e+01
 3.14784821e+01
 5.37057946e+01
 3.00489147e+02
 7.53922104e+01
 3.54944270e+01
 1.28810828e+02
 1.04751612e+02
 6.81917277e+01
 3.78303456e+01
 1.11519638e+01
 1.34112386e+01
 8.01338258e+01
 1.87462417e+02
 8.56211315e+01
 2.12406201e+02
 7.93037812e+01
 4.00053505e+01
 6.19272466e+01
 6.48328754e+01
 3.13060024e+00
 3.75090400e+01
 8.06429283e+01
 4.05279231e+01
 4.89056880e+01
 2.08117567e+01
 4.87850166e+01
 1.45460502e+01
 1.14014545e+02
 9.05789248e+00
 4.19569274e+01
 5.61650626e+01
 7.64573411e+01
 1.12473635e+01
 5.48601601e+01
 6.30264668e+01
 2.12129107e+01
 4.44656499e+00
 7.77658114e+01
 9.84351358e+01
 6.11701005e+01
 6.75365778e+01
 3.86558763e+00
 8.13827347e+01
 4.04930675e+01
 6.72926957e+01
 7.88946422e+01
 6.08095629e+01
 3.71593437e+01
 3.62305638e+01
 4.85060972e+01
 2.45629917e+02
 1.19539994e+02
 2.50720806e+02
 7.36920240e+01
 5.52268410e+01
 1.22092833e+02
 2.99852048e+01
 1.68716105e+02
 4.00221737e+01
 4.53998152e+01
 4.89801313e+00
 2.82998639e+01
 1.18205860e+01
 8.42455260e+01
 4.29434695e+01
 1.88680237e+02
 4.29850006e-01
 7.05607822e+01
 5.52451647e+01
 7.17151835e+01
 1.20806687e+02
 2.07046730e+01
 1.81042030e+01
 1.13691947e+02
 1.23262947e+02
 3.33892416e+01
 1.28559814e+02
 7.78652852e+01
 2.12996063e+01
 1.21553983e+02
 5.05835273e+01
 2.21395007e+01
 3.74670946e+01
 6.47514123e+01
 2.41807487e+01
 8.39150654e+00
 9.61532070e+01
 1.74074210e+02
 4.05818618e+01
 1.98311209e+02
 1.13232049e+00
 2.01841346e+01
 1.18807386e+02
 3.51709518e+01
 8.47764619e+01
 5.92501465e+01
 4.16830879e+01
 1.68421556e+02
 3.54139954e+01
 1.98965295e+02
 2.10831830e+02
 3.81636418e+01
 1.87517437e+01
 5.18899275e+01
 7.52247212e+01
 1.79009686e+02
 3.37701025e+01
 8.82332753e+01
 2.13270150e+01
 1.95405718e+02
 1.06661690e+02
 1.92529074e+02
 2.04429326e+02
 7.60682939e+01
 5.50886433e+01
 2.66822383e+01
 1.05927901e+02
 8.71862378e+01
 1.67491944e+02
 1.48403642e+01
 7.41706669e+01
 1.57386329e+02
 1.55494961e+02
 2.26398497e+02
 1.62356107e+01
 1.34287490e+02
 4.99087805e+01
 2.69669325e+01
 4.80231676e+01
 8.43108530e+01
 7.72931507e+01
 1.01597142e+01
 1.02270320e+02
 5.06766214e+01
 2.73942174e+01
 1.31169777e+02
 7.18049839e+01
 8.64798395e+01
 5.53941304e+01
 9.56336784e+01
 8.35779734e+01
 4.16348407e+01
 5.01550703e+00
 3.33666671e+01
 3.39278487e+01
 1.82526846e+02
 1.38389084e+02
 2.07483787e+01
 1.37872177e+02
 5.18677896e-01
 1.42602708e+01
 7.31957835e+01
 4.80782461e+01
 1.16013936e+02
 3.05961159e+01
 1.82109201e+01
 3.26192541e+01
 1.61902411e+02
 3.03955620e+02
 6.36481017e+01
 1.84774448e+02
 1.67076879e+02
 7.14245416e+01
 8.21723553e+01
 2.35762691e+01
 7.99590386e+01
 1.09196262e+02
 1.03083133e+02
 5.84095105e+01
 3.82639087e+01
 7.32546273e+01
 2.17718097e+02
 1.58137358e+02
 1.56600570e+02
 1.27855359e+02
 4.01367065e+01
 1.54778166e+02
 2.74899250e+01
 8.98334794e+00
 6.42863330e+01
 1.12370376e+02
 1.59116647e+01
 5.20019052e+01
 1.71170202e+02
 4.21964437e+01
 2.66985204e+01
 7.36114356e+01
 6.25368776e+01
 1.12214652e+02
 7.49035006e+01
 1.81369693e+01
 3.95563536e+01
 1.15632638e+01
 4.61908186e+01
 6.54557936e+01
 2.47549823e+02
 1.00046164e+02
 3.14672229e+01
 8.47060269e+01
 1.05534489e+02
 5.41392799e+01
 6.06006353e+01
 5.62167902e+01
 3.84832535e+01
 8.32068499e+00
 9.44337440e+01
 1.85854391e+02
 5.92413098e+01
 1.03949761e+02
 5.16748150e+01
 1.33977589e+02
 1.43113679e+02
 1.42409844e+02
 1.01424759e+01
 2.44614602e+01
 6.43004520e+01
 1.96182906e+01
 3.92732740e+01
 1.40234825e+02
 1.22596253e+02
 1.81216693e+02
 1.90349463e+00
 8.08575770e+00
 3.75779048e+00
 3.03469377e+01
 1.20592468e+02
 3.28395242e+01
 4.05558357e+01
 1.31058234e+02
 2.75845054e+01
 1.59397828e+02
 6.18283271e+01
 3.18537562e+01
 1.48244781e+02
 7.71130800e+01
 2.94253366e+01
 4.74088925e+01
 7.50865897e+01
 3.47097568e+01
 2.18682019e+01
 1.13800566e+02
 1.77920460e+01
 3.09442036e+01
 1.87003531e+02
 6.76545090e+01
 4.92670429e+01
 3.09971645e+01
 1.31043316e+02
 4.82161122e+01
 1.34480469e+02
 6.23471601e+01
 1.35716674e+01
 4.75378159e+01
 1.58515491e+02
 4.09917976e+02
 1.20756200e+02
 3.01106329e+02
 3.94647043e+01
 5.27482114e+01
 1.75807294e+02
 1.79923058e+02
 1.30940166e+02
 3.03435241e+01
 5.44820018e+00
 7.23403367e+01
 9.41885356e+01
 4.03600923e+00
 1.97178604e+02
 3.77188226e+01
 1.80250852e+02
 1.00249697e+01
 1.65449910e+02
 8.80005977e+01
 1.57368901e+02
 2.15096487e+02
 4.51521091e+01
 1.77797181e+01
 3.18976398e+01
 8.64396067e+01
 7.55277851e+01
 1.32675469e+02
 1.53959371e+02
 4.75550767e+01
 5.44758290e+01
 1.53027638e+02
 8.27614655e+01
 9.17303225e+01
 3.26203624e+01
 1.14253514e+02
 3.58040454e+01
 4.68198954e+01
 9.14400781e+01
 7.34663733e+01
 6.39915854e-01
 5.02305532e-01
 9.28093032e+01
 5.71718619e+01
 8.73627302e+01
 9.09851074e+01
 4.82271136e+01
 9.30858173e+01
 6.30497686e+00
 1.22263431e+02
 2.39830624e+02
 2.33354142e+02
 7.56153019e+01
 1.38935552e+02
 4.80171215e+01
 1.17677573e+02
 6.22971810e+01
 6.30815311e+01
 1.97129446e+01
 1.42932443e+01
 9.29602305e+01
 1.18103977e+02
 2.27122901e+02
 1.99746631e+02
 7.36758052e+01
 5.24672704e+01
 2.07855089e+02
 2.01803673e+02
 1.18246706e+02
 2.01683030e+02
 2.38038212e+00
 6.05424152e+01
 8.58160421e+01
 1.40476816e+02
 1.36022091e+02
 5.07485003e+01
 3.29970914e+00
 3.91925574e+01
 1.33371226e+02
 1.21383102e+02
 5.70766144e+01
 2.99941654e+01
 8.60592548e+00
 3.27215925e+01
 1.06698897e+02
 4.56971814e+01
 1.73228919e+02
 1.84983144e+02
 2.18825114e+02
 1.79447885e+02
 8.00859342e+01
 7.27683280e+01
 8.36381396e+01
 1.42641803e+01
 6.90881869e+01
 5.74868742e+01
 3.68568554e+01
 1.52063284e+02
 1.94355294e+02
 1.52818197e+02
 1.52739193e+02
 1.36729283e+02
 8.14516431e+01
 7.72769694e+01
 9.29320284e+01
 1.64444501e+01
 1.05958810e+02
 4.63511475e+01
 7.25868427e+00
 5.80484334e+01
 5.43719846e+01
 7.28710416e+01
 9.53870002e+01
 3.98455518e+01
 1.43375937e+02
 8.89292476e+01
 7.82363840e+01
 2.98390383e+01
 3.47155360e+01
 1.03929737e+01
 1.18917222e+02
 1.79720196e+02
 1.06531295e+02
 3.09443838e+01
 1.20129620e+02
 4.30230071e+01
 3.97097309e+01
 2.70221320e+02
 6.38971006e+01
 5.57837622e+01
 1.56060167e+01
 9.54593711e+00
 1.63590022e+01
 9.76857374e+01
 1.68480965e+01
 7.53972808e+01
 9.54939207e+01
 6.38017549e+01
 2.65783286e+01
 5.36580806e+01
 7.49738910e+01
 1.00378039e+02
 1.25577374e+01
 8.82556377e+01
 8.64631135e+01
 1.94371043e+02
 1.88180199e+02
 1.09939143e+01
 5.48068217e+01
 1.54137288e+02
 1.66735177e+02
 1.14214792e+02
 1.34352882e+02
 1.37260496e+02
 8.35107640e+00
 2.79011909e+01
 1.37211851e+01
 2.23290051e+02
 2.15294227e+02
 6.56983890e+01
 5.93078600e+01
 1.03934928e+01
 5.12216427e+01
 4.78819399e+01
 8.69282664e+01
 3.49523131e+01
 9.76424449e+01
 2.94120824e+02
 1.52594705e+02
 1.97011501e+02
 2.57022237e+02
 1.17491725e+02
 4.94615811e+01
 1.21296778e+01
 8.12037567e+01
 9.51144226e+01
 2.84445971e+01
 2.95886389e+01
 2.32734713e+01
 1.31863351e+01
 1.12425895e+02
 1.32365659e+02
 1.63735026e+01
 1.51129335e+02
 2.12119241e+01
 1.74895617e+01
 8.48884166e+01
 1.77841616e+02
 2.94565806e+01
 2.61910968e+01
 6.51309007e+01
 5.90335833e+00
 4.44423038e+01
 1.27182310e+02
 8.08378235e+01
 9.72818988e+01
 4.13241350e+01
 2.30130916e+02
 3.42147841e+01
 1.39179465e+02
 7.07600170e+01
 4.64387286e+01
 2.22873836e+00
 6.43553093e+00
 2.37559816e+02
 9.52920453e+01
 7.55238388e+01
 1.05608095e+02
 1.32674182e+02
 8.19083216e+01
 1.14591395e+02
 1.52151785e+02
 8.24185365e+01
 9.49678577e+01
 3.57544324e+01
 2.85010779e+01
 8.79166267e+01
 2.89805262e+02
 1.47501557e+02
 5.04194516e+01
 1.49308773e+02
 4.05522148e+01
 6.47744763e+00
 6.35143470e+01
 4.49649665e+01
 1.01569304e+02
 1.18334909e+02
 1.55372852e+01
 1.54938498e+02
 1.57001368e+02
 2.60239046e+02
 1.12498504e+01
 8.01918486e+00
 4.62511164e+01
 1.00731310e+02
 1.61575108e+02
 4.38614628e+01
 1.17908873e+02
 4.01126876e+01
 1.42771529e+02
 6.16370139e+01
 5.68119879e+01
 2.72150945e+02
 3.80333357e+01
 2.13523113e+02
 5.10512645e+01
 1.36360226e+02
 1.23578690e+02
 6.87863043e+01
 1.09033044e+02
 9.47642611e+00
 6.57908738e+01
 8.73260577e+01
 2.50359305e+02
 6.38046007e+01
 4.68367037e+01
 1.01061816e+02
 8.74303606e+00
 5.88226204e+01
 9.41629907e+01
 1.81175340e+02
 6.29719917e+01
 3.60975490e+01
 2.71290696e+01
 1.89666612e+02
 2.85487040e+01
 5.26616976e+01
 6.54849232e+01
 9.04507868e+01
 7.70764327e+01
 5.30871292e+01
 6.88922268e+01
 4.82455394e+01
 4.76007621e+01
 1.84700766e+01
 2.04993238e+00
 1.71294642e-01
 1.30203308e+02
 8.75801583e+01
 1.39672014e+02
 6.05328368e+01
 1.77040953e+02
 2.50872676e+02
 1.23097401e+02
 3.22658893e+01
 3.12806371e+01
 3.19246630e+01
 2.03965080e+01
 9.99548743e+01
 1.63152332e+02
 1.53828764e+01
 1.10439649e+02
 1.15236631e+02
 7.84429637e+01
 1.85044278e+02
 8.41441232e+00
 8.65993492e+01
 1.60360118e+02
 8.11103608e+01
 7.29612950e+01
 2.23804421e+02
 2.09988412e+02
 2.66283917e+02
 8.89628350e+01
 2.03260284e+02
 6.32057612e+00
 4.31714977e+01
 3.07636453e+01
 1.03307643e+02
 1.05604832e+02
 4.12227539e+01
 4.00854703e+01
 1.71841866e+01
 2.30535574e+01
 1.91673183e+02
 2.27528051e+01
 6.50288521e+01
 9.81747843e+00
 1.93550075e+02
 3.35522188e+01
 1.10752888e+02
 2.44541852e+01
 8.39649033e+01
 5.16495148e+01
 2.17198887e+01
 2.46954882e+02
 4.58189230e+01
 3.92554672e-01
 1.08840645e+02
 1.75448694e+01
 5.21637524e+01
 4.75527652e+01
 8.68489506e+01
 1.18708686e+02
 2.35064300e+01
 3.38394588e+01
 8.17770888e+00
 4.01320854e+01
 1.40647481e+02
 2.25408135e+02
 4.44784700e+01
 4.28167469e+01
 7.73849565e+01
 9.40201411e+01
 7.58608254e+01
 9.64010877e+01
 6.99618159e+01
 5.15492201e+01
 4.81350503e+01
 8.71034921e+01
 1.55671380e+02
 1.07957355e+02
 8.33323643e+01
 1.42751154e+02
 1.93531561e+02
 7.06110005e+01
 1.42621014e+02
 6.79689235e+01
 9.44520220e+00
 9.55320976e+01
 3.01820975e+00
 1.87721704e+02
 8.84063080e+01
 1.52753078e+02
 7.40119670e+01
 2.36513057e+01
 1.62399241e+02
 8.15876779e+01
 4.39479161e+01
 6.22575738e+01
 8.94859591e+01
 4.71982876e+01
 1.94841448e+02
 1.09281530e+02
 1.52692584e+02
 2.55283709e+02
 2.46889670e+01
 7.20371834e+01
 5.47541215e+01
 4.39069784e+01
 7.90466821e+01
 3.96483922e+01
 5.17610490e+01
 2.65832055e+01
 1.32679246e+01
 2.15559991e+02
 1.45835924e+02
 3.40038916e+02
 1.32148905e+02
 6.84795515e+01
 8.80462692e+01
 1.29465436e+02
 8.39261808e+01
 5.55779226e+01
 1.70080024e+01
 2.93193881e+01
 4.62363213e+01
 6.20598181e+01
 1.08222369e+02
 1.31732857e+02
 4.03835965e+01
 1.41045318e+02
 5.05643150e+01
 1.21928031e+02
 7.86078336e+01
 7.07259431e+01
 8.09847806e+01
 5.08175752e+01
 2.37063416e+01
 8.09795140e+01
 3.78798489e+01
 1.06129553e+02
 1.58043855e+01
 3.40032181e+01
 5.68226039e+01
 1.56834993e+01
 1.18389231e+02
 6.99190205e+01
 1.83772666e+01
 9.53057258e+01
 1.29855615e+02
 9.41332056e+01
 6.55959638e+01
 1.85162413e+02
 5.27875950e+01
 1.53732195e+02
 1.51046384e+02
 1.10609058e+02
 1.09465642e+02
 4.28694538e+01
 3.10778834e+01
 1.78561985e+01
 1.28774545e+02
 1.32933128e+02
 5.39421627e+01
 1.32357328e+02
 2.13848464e+02
 2.95655303e+01
 1.63774104e+02
 1.65271282e+02
 1.57897608e+02
 4.71256166e+01
 6.56876256e+00
 4.83179760e+01
 1.11787178e+02
 2.28107408e+02
 1.76382662e+02
 7.76010045e+01
 6.84124821e+00
 5.69466342e+00
 9.11099366e+01
 1.38898858e+02
 4.03195592e+01
 1.84046367e+01
 5.57508411e+01
 6.84287399e+01
 3.04701218e+01
 3.84564927e-01
 1.04029156e+01
 1.65536612e+02
 4.80377007e+01
 1.47982945e+01
 3.55538042e+01
 4.15505912e+01
 3.99493983e+01
 4.68989799e+01
 4.58964016e+01
 2.06216349e+01
 7.34671587e+01
 8.74173159e+01
 1.66128474e+02
 1.94085720e+02
 6.23852908e+01
 2.16145953e+02
 2.12654224e+02
 5.34237022e+01
 1.30699897e+01
 2.55583490e+01
 2.17678269e+01
 7.50665488e+00
 1.37278101e+02
 1.02212471e+02
 3.94432126e+01
 1.81255143e+02
 4.17534344e+01
 5.85645987e+00
 3.84691515e+01
 2.48382286e+01
 7.95126433e+01
 7.34706806e+01
 3.42129035e+01
 4.23544762e+01
 1.16744605e+02
 9.70856554e+01
 5.16266955e+01
 2.27570808e+02
 1.71149660e+02
 1.17384926e+02
 2.50696992e+02
 7.68545969e+01
 1.09322835e+02
 1.00157348e+02
 2.60478015e+01
 5.47866127e+01
 1.02710668e+02
 7.75326263e+01
 5.56630628e+01
 6.85987330e+01
 2.16469765e+02
 4.92315921e+01
 1.01657172e+02
 1.03769579e+02
 8.28332201e+01
 8.42009615e+01
 1.34380521e+01
 4.79987297e+01
 1.16056222e+02
 2.07875304e+00
 7.14557785e+01
 5.95186950e+01
 5.84351469e+01
 1.13183567e+02
 1.14925789e+02
 1.41487691e+02
 4.47392720e+01
 3.00318438e+01
 3.98650959e+01
 5.24616692e+01
 1.27224566e+02
 2.28315705e+01
 6.97094278e+01
 4.03539408e+01
 3.21850558e+01
 4.86550607e+01
 5.14795313e+01
 5.16375679e+01
 4.49928245e+01
 1.63878996e+02
 3.26011717e+01
 4.70115056e+01
 2.16309672e+01
 1.21192803e+02
 3.45573714e+02
 1.60039438e+02
 1.45825969e+02
 2.06873591e+02
 1.69054085e+02
 6.24324842e+01
 2.80352288e+01
 1.15426975e+01
 1.45530793e+01
 5.97298320e+01
 1.03480664e+02
 1.78126103e+02
 1.43350394e+02
 2.59794964e+01
 8.34292680e+01
 8.99107877e+01
 1.20932854e+01
 1.20185245e+02
 1.72507513e+01
 5.79421080e+01
 2.34676076e+01
 6.08307877e+01
 3.33017605e+01
 1.61112073e+02
 1.96707499e+02
 1.80292147e+02
 1.03902736e+02
 1.50909257e+02
 1.85560903e+02
 7.11359769e+01
 1.18865312e+02
 5.12061712e+01
 7.09078475e+01
 1.67525949e+01
 1.39004546e+02
 8.84169977e+01
 1.26807314e+02
 8.70823867e+01
 2.04790496e+02
 2.00188630e+01
 1.06865953e+02
 5.16625187e+01
 1.00485022e+02
 3.58800459e+01
 2.53918380e+01
 1.00945752e+01
 5.12771717e+01
 1.19752568e+02
 1.08512217e+02
 6.22570505e+01
 2.76069744e+01
 5.76194691e-01
 1.34105083e+02
 4.33539724e+01
 9.98657541e+01
 2.99834344e+01
 1.51307016e+02
 5.34866317e+01
 8.06642143e+01
 8.77336926e+01
 1.32444637e+02
 6.04379989e+01
 1.06465447e+02
 3.35085998e+01
 4.39628195e+01
 8.87172787e+01
 1.95250143e+02
 2.07972752e+02
 4.23367178e+01
 4.97275328e+01
 9.26161807e+01
 8.03202327e+01
 1.97754302e+02
 1.19731014e+02
 1.63961500e+02
 4.11528697e+01
 9.85677998e+01
 9.22175143e+01
 4.75858050e+01
 1.33164758e+00
 8.36144581e+00
 1.99584876e+01
 1.59569423e+02
 9.63508730e+01
 1.52101242e+02
 2.51121985e+01
 5.94127440e+01
 8.59951620e+01
 8.95173737e+01
 1.21559238e+02
 9.75088845e+01
 1.88730376e+01
 1.82063198e+01
 5.05031522e+01
 9.68832253e+01
 1.41677847e+02
 6.44711821e+01
 8.30373171e+00
 1.00310751e+02
 3.37594745e+01
 9.17161572e+01
 1.44449616e+02
 9.40194936e+01
 6.64012316e+01
 2.32637274e+01
 6.58725624e+01
 2.20355341e+01
 9.00075827e+01
 9.30325465e+01
 7.99013568e+00
 6.46047949e+01
 4.86223584e+00
 5.87319333e+01
 9.83709680e+01
 3.11028860e+02
 4.81541123e+01
 6.00905389e+01
 5.73842410e+01
 4.17910895e+01
 9.31830426e+01
 1.03710446e+02
 4.71605492e+01
 6.11121739e+01
 4.47318529e+01
 6.85501496e+01
 4.63860216e+01
 7.94039762e+00
 5.78882247e+00
 1.40886552e+01
 6.87452676e+01
 3.36254966e+01
 1.49876710e+02
 1.82370779e+01
 2.33950005e+01
 1.34169559e+02
 7.93226235e+01
 1.02795228e+02
 2.36547751e+02
 8.05766548e+01
 6.00139416e+01
 9.16863602e+01
 4.84891336e+01
 9.31616005e+01
 3.20133715e+02
 7.41774699e+01
 6.45503286e+00
 9.58915231e+01
 2.73388800e+01
 8.87525603e+01
 2.86052028e+01
 1.72474547e+02
 1.17800847e+02
 3.31296550e+01
 6.53593479e+01
 7.80534390e+01
 2.22801859e+02
 1.74351630e+02
 7.11284313e+01
 8.92945390e+01
 1.02477223e+02
 5.84730752e+01
 7.04405220e+01
 1.18559595e+02
 1.38642278e+02
 5.90775614e+01
 1.22398404e+02
 1.83364915e+02
 9.20359833e+01
 7.20272855e+01
 1.50319845e+02
 6.07888741e+01
 5.68346294e+01
 2.18216701e+02
 2.53758808e+01
 4.72039975e+01
 1.09098675e+02
 3.90028113e+01
 2.88707809e+01
 1.55120813e+01
 6.20864581e+01
 2.29164771e+01
 8.01703072e+01
 1.15168569e+02
 1.33118875e+02
 2.11948352e+02
 7.36775952e+01
 9.92750653e+01
 4.99747968e+01
 3.46325589e+01
 1.75336003e+01
 7.98039670e+01
 1.31937821e+02
 6.50666498e+01
 2.26720615e+00
 5.46414764e+01
 1.50400331e+02
 6.16827511e+01
 9.98928178e+01
 7.17644149e+01
 5.83158236e+01
 1.24530432e+02
 1.40283554e+02
 7.56834449e+01
 1.35035651e+02
 1.29258229e+02
 7.53096631e+01
 1.41907405e+02
 7.47422407e+01
 5.60215138e+01
 1.83409932e+02
 8.58257566e+01
 5.55657347e+01
 3.44433482e+01
 6.71482517e+00
 6.00799538e+01
 2.53740908e+02
 2.23611661e+02
 2.28685069e+02
 1.38957606e+02
 7.25233902e+01
 2.05907407e+02
 9.29960820e+01
 6.28597876e+01
 1.64761893e+02
 1.06939854e+01
 4.55683224e+01
 1.30500509e+02
 8.62235149e+01
 5.85917867e+01
 3.12353999e+02
 1.71464858e+02
 1.48742064e+02
 7.77794214e+01
 1.85542427e+02
 1.69981320e+02
 1.09098090e+02
 1.40739318e+02
 3.15481295e+01
 1.49298583e+02
 9.89086924e+01
 1.22815238e+02
 7.06630256e+01
 2.42522548e+02
 1.63479600e+02
 9.77129620e+01
 3.13508997e+01
 1.39288550e+02
 2.39132303e+01
 3.72442477e+01
 1.92375952e+01
 4.08821428e+01
 1.66733229e+02
 8.52826734e+01
 6.89138236e+01
 1.09354220e+02
 8.19304033e+01
 1.17672670e+02
 1.32298939e+02
 8.76007752e+01
 2.17921645e+01
 5.09647541e+00
 6.27023690e+01
 9.29240490e+01
 4.82337687e+01
 5.67729080e+01
 1.80688057e+01
 2.19142631e+02
 1.06155248e+02
 9.12502887e+01
 8.15744859e+01
 7.33791746e+01
 7.13926989e+01
 2.43934887e+01
 1.20860237e+01
 2.36385469e+00
 3.35319759e+01
 3.14693921e+02
 7.77955379e+01
