 3.72827291e+01
 2.31746942e+01
 3.84251795e+01
 3.83968996e+01
 1.70688966e+02
 2.37722548e+01
 1.26924319e+02
 5.54791210e+01
 6.50896958e+01
 4.41279553e+01
 3.60573232e+01
 4.07820491e+01
 3.85221002e+01
 3.13629230e+01
 5.04409321e+01
 9.27317032e+01
 1.40774806e+02
 1.30105878e+02
 2.76326132e+01
 7.44807978e+01
 3.88081192e+01
 4.97370039e+01
 9.13724393e+01
 3.09284500e+01
 7.06718000e+01
 4.91994949e+01
 5.57492187e+01
 1.06942620e+01
 3.94515061e+01
 3.59503581e+01
 5.17725225e+00
 8.93134033e+01
 3.12445805e+01
 5.23388806e+01
 8.08592476e+01
 1.04619190e+02
 5.41566217e+01
 1.87178730e+01
 6.41741800e+01
 5.49940297e+01
 1.57760257e+02
 7.22143695e+01
 1.46458942e+01
 8.03004280e+01
 3.93939239e+01
 1.47087734e+02
 6.84443613e+01
 4.78297548e+01
 5.74828207e+01
 2.88932991e+01
 7.40934363e+01
 6.38138559e+01
 7.54708087e+01
 6.80575716e+01
 1.93059491e+01
 5.93602387e+01
 8.84968420e+01
 6.19124455e+01
 1.07572619e+02
 3.81054630e+01
 6.52623565e+01
 2.05221173e+01
 3.07906363e+01
 3.21644232e+01
 9.25193910e+01
 7.59756223e+01
 8.49327809e+01
 8.34832008e+01
 1.93961635e+01
 4.84136277e+01
 2.40514264e+01
 4.44020188e+01
 1.98090688e+01
 2.82975639e+01
 1.99988970e+01
 7.53446568e+01
 1.93064260e+02
 5.55303642e+01
 1.28592816e+02
 6.76225098e+01
 4.72236755e+01
 7.46433660e+01
 3.73086979e+01
 5.11176113e+01
 3.32185784e+01
 3.30592274e+01
 4.24489682e+01
 1.08901727e+02
 8.40156207e+01
 3.90902494e+01
 8.44781860e+01
 2.01886376e+01
 5.42025104e+01
 5.64828173e+01
 6.30585323e+01
 3.84386456e+01
 9.74869800e+01
 7.77429939e+01
 4.60677005e+01
 6.36263334e+01
 7.60903201e+01
 6.79329872e+01
 1.94561748e+00
 7.78568420e+00
 6.31102114e+01
 1.38695074e+02
 1.06854684e+02
 8.00961069e+01
 5.92357206e+01
 1.14625533e+01
 7.29345722e+01
 3.02340248e+01
 8.90658677e+01
 4.70663843e+01
 6.35050085e+01
 5.80174427e+01
 1.86441166e+02
 1.66593671e+01
 8.20801315e+01
 8.35477546e+01
 5.39341719e+01
 3.87395348e+01
 8.75848926e+01
 5.31591678e+01
 2.70548255e+01
 8.05060321e+01
 6.29011897e+01
 1.53199264e+02
 4.47096672e+01
 1.14711334e+02
 1.18746423e+02
 1.14512861e+01
 3.09012717e+01
 5.68819743e+01
 8.65436515e+00
 4.13945590e+01
 4.24856201e+01
 1.25172224e+02
 2.78006235e+01
 7.55156797e+01
 6.56154690e+01
 8.03009835e+01
 5.95963641e+01
 2.44352562e+01
 3.02887418e+01
 4.23638167e+01
 1.91021692e+02
 7.29193861e+01
 1.14721789e+02
 1.05779846e+02
 8.49466270e+01
 1.00839010e+02
 7.18009552e+01
 7.50956467e+01
 9.51532916e+01
 6.34670168e+01
 2.90207868e+01
 4.65588565e+01
 4.48823913e+01
 3.40936924e+01
 2.10964777e+01
 1.13696803e+02
 5.22061581e+01
 3.62633645e+01
 3.96407825e+01
 7.49014836e+01
 1.12041420e+02
 6.41859263e+01
 2.75640815e+01
 5.85931348e+01
 1.23653587e+01
 1.18362099e+02
 1.13972430e+02
 6.79681315e+01
 5.60203542e+01
 8.18366466e+01
 3.52304945e+01
 9.04841209e+01
 1.02525800e+02
 1.85987798e+01
 4.91109251e+01
 3.34338023e+01
 8.29740788e+01
 5.51332348e+01
 1.55685183e+02
 2.64850729e+01
 6.36345203e+01
 8.00351048e+01
 7.57178772e+01
 3.31634641e+01
 1.94567687e+02
 6.67135540e+01
 9.48860534e+01
 8.97132405e+00
 1.74394285e+01
 1.33401755e+02
 8.82580445e+01
 4.86751424e+01
 6.62085829e+01
 3.11911326e+01
 5.72757813e+01
 8.95210374e+01
 3.78241668e+01
 5.54663515e+01
 8.99150321e+00
 5.11359433e+01
 8.38744501e+01
 2.77991052e+01
 7.92251574e+01
 3.45341957e+01
 9.97641343e+01
 7.87667381e+01
 2.90630024e+01
 1.26810022e+02
 4.23634074e+01
 5.92148453e+00
 3.19584575e+01
 2.17023488e+01
 3.77678859e+01
 3.14567970e+01
 1.19826563e+02
 4.43294782e+01
 6.26789519e+00
 6.70619494e+01
 2.18502582e+01
 1.42539671e+02
 5.22842857e+01
 1.06715609e+01
 2.95592698e+01
 3.15238691e+01
 3.17559950e+01
 2.35795860e+01
 7.02544953e+01
 9.19572939e+01
 6.43982034e+01
 1.00476379e+02
 4.13524320e+01
 6.79288892e+01
 6.37376786e+01
 3.87273275e+01
 7.53998775e+01
 3.55758267e+01
 7.40091949e+01
 1.59659972e+01
 1.43373150e+02
 4.08716524e+01
 4.99836382e+01
 4.44644679e+01
 1.41146517e+02
 6.75353306e+01
 5.59576919e+01
 3.07778766e+01
 3.59096245e+01
 1.47009225e+01
 8.11210256e+01
 1.09321638e+02
 1.19631937e+02
 1.30893347e+02
 5.55184232e+01
 4.22752724e+01
 1.52703617e+02
 1.32680750e+02
 8.53796761e+01
 2.56946341e+01
 2.08043245e+01
 4.28209141e+01
 4.45258305e+01
 2.30917718e+01
 1.12890645e+02
 1.05881705e+02
 1.29073895e+02
 6.63326089e+01
 1.09110358e+02
 1.22086081e+02
 1.15129769e+02
 5.95658947e+01
 6.48141244e+01
 2.12531656e+01
 7.55097310e+01
 4.80560676e+01
 7.00756985e+01
 1.18576577e+02
 4.21492147e+01
 6.14314933e+01
 4.28318673e+01
 4.51641039e+01
 1.11934705e+02
 3.67139691e+01
 3.74821515e+01
 8.61938357e+01
 4.92360230e+01
 1.75123935e+01
 6.39122964e+01
 5.65901662e+01
 5.79471302e+01
 7.42566866e+01
 2.44346046e+01
 7.11802838e+01
 1.12690944e+02
 3.48279253e+01
 7.34607218e+01
 6.40278921e+01
 4.00363656e+01
 7.37474783e+01
 8.23230067e+01
 4.43909029e+01
 2.66874293e+01
 3.24793868e+01
 3.44178929e+01
 1.19675132e+02
 1.05014169e+02
 1.65104720e+01
 5.56951008e+01
 5.92925062e+01
 3.80158307e+01
 9.23971207e+01
 9.71113308e+01
 1.51430314e+02
 6.30345700e+01
 5.05820296e+01
 1.09578379e+02
 1.71867283e+02
 6.45323003e+01
 1.17837051e+02
 5.08350316e+01
 3.99865218e+01
 7.02758054e+01
 2.09130980e+01
 8.79568001e+01
 1.86367862e+01
 1.05420699e+02
 2.89379972e+01
 1.18085198e+02
 2.65959579e+01
 5.90593885e+01
 9.08808950e+01
 5.29413693e+01
 3.78550212e+01
 1.66663925e+01
 3.92573874e+01
 5.60586334e+01
 3.67803315e+01
 8.42245410e+01
 6.28554029e+00
 4.93408562e+01
 9.38983469e+01
 6.34477077e+01
 3.19354082e+01
 7.89881599e+01
 3.97501622e+01
 6.91983814e+01
 7.17518032e+01
 1.20966928e+02
 5.97999359e+01
 1.13209360e+02
 1.67842993e+01
 4.52743329e+01
 1.07365282e+02
 3.02677540e+00
 9.60800785e+01
 4.71731628e+01
 2.61605055e+01
 6.11448843e+01
 8.24837862e+01
 5.24235508e+01
 7.22413195e+01
 1.06744193e+02
 4.71024606e+01
 8.26159426e+01
 9.20293769e+01
 4.19830629e+01
 4.60671548e+01
 3.21441506e+01
 4.20537267e+01
 3.88765783e+01
 9.46211298e+01
 1.05538972e+02
 3.82669993e+01
 7.93386600e+01
 1.62584776e+02
 1.46973035e+02
 8.01800706e+01
 5.94868105e+01
 5.88765045e+01
 2.99465631e+01
 4.16868395e+01
 2.66917191e+01
 6.49899726e+01
 8.52657905e+01
 4.97202201e+01
 1.79149824e+02
 1.80399760e+02
 7.22552565e+01
 1.04413310e+02
 4.15002087e+01
 7.32880929e+01
 4.40802293e+01
 1.72394142e+01
 8.46902926e+01
 6.23944356e+01
 1.23438942e+02
 8.19084460e+01
 3.12301280e+01
 8.54148926e+01
 1.26940847e+02
 8.46204869e+01
 1.09466817e+02
 1.34075861e+02
 3.82016871e+01
 2.78639585e+01
 6.21206496e+01
 1.52774830e+02
 1.10748903e+02
 9.82890433e+01
 1.76324625e+01
 5.21469245e+01
 1.05873351e+02
 1.10792936e+02
 7.58327550e+00
 5.91990248e+01
 6.30740695e+00
 1.58188385e+01
 7.38601561e+01
 9.13508454e+01
 1.85116461e+02
 8.38827960e+01
 9.42332517e+00
 7.52232195e+01
 6.21593311e+01
 9.01319254e+01
 1.48377656e+02
 1.08137141e+02
 6.78668299e+01
 6.72219680e+01
 5.49971700e+01
 4.02726108e+01
 3.44406564e+01
 3.60592138e+01
 1.13503375e+02
 8.12873404e+01
 1.04174139e+02
 1.15122811e+02
 2.59082359e+01
 6.08514936e+01
 1.52614751e+01
 3.00459086e+01
 2.45064918e+01
 9.55605484e+01
 9.60876106e+01
 5.43245347e+01
 7.44934454e+00
 4.79035848e+01
 1.53366945e+02
 7.60071651e+01
 1.21333436e+02
 6.31794432e+01
 1.53170266e+01
 4.49873063e+01
 8.36631036e+01
 7.36942056e+01
 1.00365502e+02
 8.56099008e+01
 3.93243669e+01
 6.67031085e+01
 5.65844330e+01
 7.51008012e+01
 6.16798103e+01
 6.16008044e+01
 4.26078679e+01
 1.22101695e+00
 1.19324817e+02
 6.63899584e+01
 1.83589426e+02
 3.43432266e+01
 7.77625838e+01
 4.50188117e+01
 5.82728055e+01
 1.24963531e+02
 9.23906708e+01
 1.44796130e+02
 5.20919150e+01
 2.71058141e+01
 1.04396680e+01
 2.89081112e+01
 4.39586539e+01
 4.47850241e+01
 1.25985186e+02
 9.78509292e+00
 4.85359609e+01
 1.85792419e+01
 1.77991653e+01
 3.22447765e+01
 4.98342194e+01
 1.30097897e+02
 4.60122768e+01
 1.44998393e+02
 8.19170927e+01
 6.72421811e+01
 3.37739916e+01
 7.97946238e+01
 4.02129259e+01
 2.28545360e+02
 7.72931648e+01
 1.80865519e+01
 3.90781565e+01
 5.71282395e+01
 5.67104801e+01
 4.88910105e+01
 4.12946059e+01
 3.96237855e+01
 3.75315144e+01
 1.17645631e+02
 3.36791960e+01
 5.37751309e+01
 8.61466925e+01
 3.68241198e+01
 4.80474008e+01
 6.40498418e+01
 7.36973881e+01
 4.81178270e+01
 3.37260756e+01
 3.12251696e+01
 1.18986322e+02
 2.79751013e+01
 9.55732407e+01
 8.71348384e+01
 6.84855547e+01
 4.94113315e+01
 6.50008090e+01
 5.18892945e+00
 7.80389201e+00
 8.74146869e+01
 7.36737297e+01
 3.21231237e+01
 4.32076283e+01
 8.28638356e+01
 1.36764572e+02
 6.03535479e+01
 5.84189414e+01
 1.56027966e+02
 4.28944719e+01
 2.72935262e+01
 3.44608971e+01
 1.50170617e+02
 1.20563353e+02
 3.84156646e+01
 3.06166773e+01
 5.92223859e+01
 6.19149761e+01
 1.03163852e+02
 4.79141704e+01
 2.00951959e+02
 7.31796036e+01
 3.31067220e+01
 7.06231143e+01
 1.19262253e+02
 6.11417176e+01
 2.26573775e+02
 1.41863577e+02
 8.80727435e+01
 1.01696718e+02
 1.04350208e+02
 3.78760558e+01
 5.33975670e+01
 4.77153607e+01
 3.59936079e+01
 3.50993385e+01
 1.09526554e+02
 4.04306745e+01
 4.22263193e+01
 1.77795927e+01
 5.64325531e+01
 1.13451208e+02
 2.87104026e+01
 6.36725528e+01
 3.55806903e+01
 8.24374690e+01
 2.65548914e+01
 5.68844001e+01
 9.12816507e+01
 7.78203411e+01
 8.74937356e+01
 2.19139888e+01
 2.00935475e+01
 8.67760645e+01
 1.04436803e+02
 3.79645718e+01
 9.73067849e+01
 2.04688691e+01
 1.18418467e+01
 5.23848331e+01
 1.14653367e+01
 1.05829069e+02
 7.48753954e+01
 5.46016820e+01
 2.92260823e+01
 1.20652144e+02
 6.13536195e+01
 1.90957530e+02
 5.07621029e+01
 6.06140528e+01
 5.36602193e+01
 1.25445624e+02
 9.56405306e+01
 9.66557421e+01
 7.53412857e+01
 5.44635662e+01
 3.30460761e+01
 6.75857925e+01
 2.73396001e+01
 1.52799566e+01
 3.27463372e+01
 4.83212013e+01
 5.38443362e+01
 1.33896484e+02
 1.19228985e+02
 2.14932401e+02
 1.16877044e+02
 5.59119916e+01
 8.98320549e+01
 5.44468324e+01
 1.23306902e+02
 3.26343729e+01
 3.57737766e+01
 3.01808031e+01
 5.58856089e+01
 6.24217868e+01
 1.05686776e+02
 7.08132142e+01
 5.79497602e+01
 1.12713363e+02
 7.11447379e+01
 1.15007599e+02
 9.01331823e+01
 7.01368782e+01
 4.69133254e+01
 7.82471169e+01
 7.24259279e+01
 8.85218135e+01
 8.30169286e+01
 1.60843529e+02
 3.41049443e+01
 1.51376853e+01
 3.22159807e+01
 5.93244368e+01
 1.71678212e+02
 8.96216756e+01
 3.59423691e+01
 1.28503143e+02
 2.06276787e+01
 2.09459262e+01
 1.99284832e+01
 1.93268669e+02
 4.52275808e+01
 2.50238889e+01
 3.50611154e+01
 8.50833119e+01
 5.79511691e+01
 1.09234923e+02
 2.83859335e+01
 3.71125069e+01
 4.77537901e+01
 3.12572113e+01
 4.16109975e+01
 9.08055255e+01
 3.34071579e+01
 1.00676968e+02
 4.97550449e+01
 4.31687412e+01
 1.48552700e+02
 3.12064400e+01
 6.72410824e+01
 7.75964054e+01
 5.39770684e+01
 1.97208933e+01
 1.60386101e+01
 4.01791024e+01
 1.03844149e+02
 1.70295290e+02
 7.98455421e+00
 9.94492475e+01
 4.78394306e+01
 2.58008205e+01
 9.00351191e+01
 2.18224492e+01
 8.63208517e+01
 8.11472710e+01
 1.09702709e+02
 3.78846185e+01
 1.10722053e+02
 9.72585815e+01
 1.15809293e+02
 2.97231127e+01
 6.73601731e+01
 4.34814423e+01
 7.18196632e+01
 6.92541655e+01
 3.48385165e+01
 4.75470825e+01
 7.63902767e+01
 8.59926804e+01
 1.22387425e+02
 9.85532618e+01
 1.36098795e+02
 4.91373598e+01
 2.57743787e+01
 8.12693333e+01
 8.59456170e+01
 8.26919850e+00
 4.16238595e+01
 5.70658619e+01
 5.51165066e+01
 5.37182457e+01
 1.01019471e+02
 5.22188740e+01
 4.09428586e+01
 7.36942763e+01
 9.34866839e+01
 3.48752847e+01
 2.65600197e+01
 1.50250049e+01
 5.00649631e+01
 7.08942693e+01
 1.24295795e+02
 1.18160921e+02
 2.90777480e+01
 9.36720921e+01
 1.68019997e+02
 9.93079820e+01
 9.17224713e+01
 5.62708032e+01
 2.12064724e+01
 5.33095206e+01
 2.04542880e+01
 7.16902597e+00
 1.17940208e+02
 7.73665599e+01
 9.51933016e+01
 3.33124566e+01
 4.79655564e+01
 1.11656238e+02
 1.37288962e+02
 4.14251440e+01
 3.60455382e+01
 9.78422388e+00
 7.30728893e+01
 6.34577064e+01
 7.95186827e+01
 1.27549072e+02
 5.78353786e+01
 1.02693228e+02
 1.23020566e+02
 6.28931363e+01
 8.71338445e+01
 3.82069631e+01
 1.21108021e+02
 1.38142562e+02
 1.79168656e+01
 5.42084254e+01
 2.31875298e+01
 1.23194135e+02
 8.23739120e+01
 2.80484660e+01
 8.26981492e+01
 1.47977075e+02
 5.23013615e+01
 4.43210905e+01
 9.14907526e+00
 2.09718012e+01
 5.85613676e+01
 1.03779368e+02
 2.10067188e+02
 8.36121329e+01
 6.75491536e+01
 5.74194216e+01
 1.34625333e+02
 8.48391879e+01
 1.70435301e+01
 7.24030378e+01
 7.50923459e+00
 8.92385307e+01
 2.73937036e+01
 2.10575262e+01
 3.07639730e+01
 1.46091843e+02
 9.95181687e+01
 4.59509386e+01
 1.74792499e+02
 9.39601497e+01
 8.60199830e+01
 7.28425345e+01
 7.56691519e+01
 2.39408524e+01
 5.59889546e+01
 5.02477776e+01
 3.73035611e+01
 6.04725509e+01
 9.25126149e+01
 1.64795973e+02
 4.26532553e+01
 1.17356386e+01
 9.16144595e+01
 8.89893615e+01
 1.69503559e+01
 1.63334608e+01
 1.27345022e+01
 2.73607469e+01
 1.06162360e+02
 1.03537679e+02
 5.60436148e+01
 6.50302796e+01
 6.46973820e+01
 5.09338620e+01
 1.34794917e+02
 7.67306914e+01
 3.89116468e+01
 4.15385070e+01
 4.81169545e+01
 1.10406773e+02
 9.97974747e+01
 1.55930609e+01
 4.01600209e+01
 1.43160199e+00
 4.86268109e+01
 1.07784298e+01
 8.22364791e+00
 5.15372978e+01
 6.27846958e+01
 6.03863753e+01
 1.05564182e+02
 1.75427096e+01
 7.63028215e+01
 5.16437561e+01
 9.24499267e+01
 7.60492493e+01
 6.92602860e+00
 4.57446881e+01
 1.48229736e+01
 2.78400440e+01
 1.40249334e+02
 5.79178204e+01
 7.08938458e+01
 1.12091991e+02
 3.12842581e+01
 8.48826969e+01
 1.43688880e+02
 5.01910531e+01
 6.59659619e+00
 1.12209740e+02
 7.14957300e+01
 7.71353032e+01
 9.65931664e+01
 5.17305943e+01
 6.03699596e+01
 1.35453901e+02
 4.38796560e+01
 8.49032664e+01
 3.69307838e+01
 3.17861258e+01
 5.91636152e+01
 8.96160461e+01
 3.12053004e+01
 6.53128435e+01
 7.51696764e+01
 7.51826651e+01
 3.66908978e+01
 5.67887095e+01
 1.58933752e+02
 8.86528601e+01
 1.31357220e+02
 1.50947659e+02
 2.92475800e+01
 3.20815531e+01
 4.40162895e+01
 2.66729232e+01
 1.00577122e+02
 6.28027221e+01
 3.58803214e+01
 5.41430642e+00
 1.02877907e+00
 4.13208464e+01
 1.34200935e+02
 5.10961028e+00
 1.11878532e+01
 1.30075769e+02
 6.06508996e+01
 2.01212109e+01
 3.97594178e+01
 2.44722272e+01
 9.49877052e+01
 3.74109986e+01
 1.32415782e+02
 2.75266232e+01
 1.67610908e+02
 8.14109133e+01
 1.13426963e+02
 6.77720373e+01
 1.20323612e+02
 7.10877679e+01
 2.73140952e+01
 1.47158863e+01
 1.32836801e+01
 4.49787250e+01
 1.22313392e+02
 1.31955516e+02
 1.44792789e+02
 5.66153888e+01
 6.10266755e+01
 1.36136143e+02
 8.40045613e+01
 1.00089256e+02
 6.20244621e+01
 1.10546014e+02
 7.07233308e+01
 5.26600708e+01
 3.79926391e+01
 9.95930693e+01
 1.34444220e+02
 2.81761801e+01
 2.06939302e+01
 1.02811433e+02
 1.29391704e+02
 1.22700498e+02
 5.24218797e+01
 1.24287203e+02
 8.23173304e+01
 8.94666271e+01
 9.37901993e+01
 8.20667989e+01
 5.06122689e+01
 2.16602463e+01
 1.11833113e+02
 3.59915067e+01
 1.61940622e+02
 1.01497384e+02
 1.30262211e+02
 5.56274338e+01
 2.32553487e+01
 5.36713723e+01
 5.63411954e+01
 7.01304157e+01
 5.10553865e+01
 3.51985954e+01
 7.08653882e+01
 2.69528397e+01
 1.29410091e+02
 6.04872719e+01
 1.90870266e+01
 3.85086146e+01
 7.63547948e+01
 3.05028167e+01
 4.85828734e+01
 6.54031908e+01
 7.52817045e+01
 3.94229076e+01
 1.80760089e+01
 6.25042862e+01
 1.01925735e+02
 4.34223750e+01
 7.30075789e+01
 6.25878142e+01
 3.30773465e+01
 1.15546255e+02
 8.61782441e+01
 5.62061960e+01
 2.04939632e+02
 4.28229074e+01
 2.71812387e+01
 2.14797629e+01
 2.28643759e+01
 1.02006547e+02
 1.25199140e+02
 4.38447957e+01
 1.83669519e+01
 2.70696217e+01
 4.02545814e+01
 9.37460390e+01
 1.09670582e+02
 6.39468095e+01
 1.18244592e+02
 4.64195251e+01
 9.23906733e+01
 5.10798046e+01
 5.20653676e+01
 7.34750113e+01
 7.67938150e+01
 2.78537329e+01
 1.02285684e+02
 7.76144317e+01
 6.21192127e+01
 1.14502998e+02
 5.50320241e+01
 9.15974942e+00
 2.35185909e+02
 1.25200480e+01
 6.29768419e+01
 1.73159165e+01
 2.88040504e+01
 1.10203543e+02
 1.03617693e+01
 2.31312295e+02
 1.86910328e+02
 4.95489698e+01
 7.69096460e+01
 2.90108825e+01
 7.08301589e+01
 1.05521135e+02
 8.96983678e+01
 4.09812985e+01
 6.16301459e+00
 6.91213651e+01
 9.56529117e+01
 2.46505173e+01
 1.31796952e+02
 1.23180026e+02
 5.16206872e+01
 1.03883079e+01
 1.42295078e+02
 3.10743944e+01
 1.06663561e+02
 9.40608177e+01
 2.00135230e+01
 3.36448305e+01
 7.59815112e+01
 1.29691477e+02
 1.11662207e+02
 6.60945249e+01
 4.84764519e+01
 8.82868061e+01
 8.93784150e+01
 5.54830839e+01
 6.06690672e+01
 2.05832875e+01
 3.55076388e+01
 4.76321424e+01
 3.52183067e+01
 1.45352705e+02
 5.49447127e+01
 1.39557366e+01
 9.77206500e+01
 2.99300414e+01
 1.78019641e+02
 1.37482498e+02
 4.21425401e+01
 7.74486577e+01
 1.37798445e+02
 2.94577426e+01
 7.20365359e+01
 1.15986585e+02
 4.04399917e+01
 6.29369988e+01
 1.93032853e+01
 1.51533460e+01
 9.19911173e+00
 4.01278894e+01
 1.48260176e+02
 3.13882432e+01
 5.69135039e+01
 3.07800787e+01
 7.33882514e+01
 1.17972044e+02
 1.39333913e+02
 1.00384834e+02
 2.39338830e+01
 6.81081616e+01
 2.21117557e+02
 1.48812714e+01
 3.54000007e+01
 3.40200437e+01
 4.43717909e+01
 1.26928034e+01
 4.38011778e+01
 9.98033343e+01
 1.83209948e+02
 4.71951939e+01
 4.78456131e+01
 1.13112373e+02
 1.97708467e+02
 5.81398712e+01
 3.53240416e+01
 6.06456135e+01
 1.30084837e+02
 8.46080341e+01
 7.07893292e+01
 9.88521092e+01
 5.81808430e+01
 6.49213421e+01
 5.82909070e+01
 2.10603018e+01
 1.28247568e+02
 1.73314125e+02
 7.21321910e+01
 7.13252691e+01
 4.40376346e+01
 8.87710933e+01
 7.74284000e+01
 9.07635290e+01
 1.22727401e+02
 4.04288499e+01
 1.31184732e+01
 1.77671487e+02
 1.11906086e+02
 5.47991851e+01
 1.43671238e+02
 5.51134837e+01
 1.27223069e+02
 1.00912840e+02
 5.14831481e+01
 3.66414741e+01
 5.89085331e+01
 5.99535388e+01
 2.70459195e+01
 9.21505827e+01
 2.85477052e+01
 1.38655941e+02
 7.68780123e+01
 9.65387950e+01
 9.48631183e+01
 9.35510331e+01
 9.25968593e+01
 1.19269053e+02
 5.65459978e+01
 1.75505158e+01
 3.04649005e+01
 1.60534689e+01
 8.64382328e+01
 5.14438783e+01
 3.43461741e+01
 5.55180578e+01
 2.57324205e+01
 3.16973364e+01
 4.71709355e+01
 1.03936791e+02
 1.15619865e+02
 3.78262644e+01
 1.42925537e+01
 1.10250722e+02
 8.06841989e+01
 1.63730689e+01
 5.13416055e+01
 1.13150809e+02
 1.16851885e+02
 3.28571797e+01
 7.70740294e+01
 3.78199576e+01
 9.43359775e+01
 6.09518954e+01
 1.06146819e+02
 7.40283072e+01
 1.10913771e+01
 9.06914118e+01
 3.30547069e+01
 5.33265968e+01
 1.58819262e+01
 8.73173818e+01
 6.08714543e+01
 8.07965809e+01
 4.22135469e+01
 2.07995353e+01
 9.70067196e+01
 5.65878418e+01
 1.29500281e+02
 1.09851169e+02
 6.49437630e+01
 5.50492125e+01
 4.93525002e+01
 5.11853465e+01
 9.93828722e+01
 1.67052226e+02
 4.63754698e+01
 4.93758050e+01
 4.76589967e+01
 1.22643807e+02
 6.68137707e+01
 9.63002660e+01
 7.67887332e+01
 6.35660008e+01
 5.23577463e+01
 5.43851712e+01
 1.69272783e+01
 9.08789073e+01
 1.19576109e+02
 4.85540966e+01
 6.53809989e+01
 6.58541049e+01
 5.53742418e+01
 9.20438486e+01
 9.03394231e+01
 4.76881214e+01
 1.87452529e+01
 6.90952172e+01
 3.57429720e+01
 7.63566031e+01
 9.90524953e+01
 4.73494700e+01
 1.22913497e+01
 9.33408580e+01
 1.09219568e+02
 2.82584607e+01
 8.85402978e+01
