 -1.45361328e-01
 2.59322510e+00
 2.37636719e+00
 7.19545898e+00
 1.35041443e+01
 1.62154785e+01
 1.70353943e+01
 1.96683594e+01
 1.54969727e+01
 1.01642700e+01
 2.71386108e+00
 2.62148438e+00
 3.91314087e+00
 4.22060547e+00
 4.60872803e+00
 1.06522461e+01
 1.37315308e+01
 1.41859070e+01
 1.70884338e+01
 1.80265442e+01
 1.38075500e+01
 9.57644043e+00
 5.85534058e+00
 -3.09454956e+00
 2.07666016e-01
 1.35823975e+00
 4.71849976e+00
 8.15465698e+00
 1.05542542e+01
 1.56040283e+01
 1.90309387e+01
 1.83582092e+01
 1.28804260e+01
 8.88921509e+00
 5.52953491e+00
 3.92537842e+00
 2.64101563e+00
 2.01806030e+00
 3.64525757e+00
 8.09444580e+00
 1.17112366e+01
 1.42665955e+01
 1.77973877e+01
 1.64581848e+01
 1.45812927e+01
 1.06718384e+01
 8.58556519e+00
 2.88488159e+00
 -9.55419922e-01
 8.47161865e-01
 2.55141602e+00
 1.12865845e+01
 1.12191406e+01
 1.69949890e+01
 1.83760315e+01
 1.66807495e+01
 1.30972839e+01
 8.45040283e+00
 5.77028809e+00
 -5.31439209e-01
 -4.07855835e+00
 3.12829590e-01
 4.83162842e+00
 8.15252075e+00
 1.14049316e+01
 1.44742676e+01
 1.64288269e+01
 1.78257690e+01
 1.28286987e+01
 1.00491272e+01
 1.00970703e+01
 2.91475830e+00
 1.34664307e+00
 1.49163208e+00
 2.38033447e+00
 7.85775146e+00
 1.44589783e+01
 1.69249512e+01
 1.85872131e+01
 1.62002197e+01
 1.25501953e+01
 9.94304810e+00
 5.99230347e+00
 2.01864014e+00
 -3.19461670e+00
 -1.04437866e+00
 3.11458740e+00
 8.29146729e+00
 1.35976807e+01
 1.71364990e+01
 1.96422363e+01
 1.95490051e+01
 1.42303711e+01
 1.09334656e+01
 6.78859863e+00
 1.93938599e+00
 3.49636230e+00
 4.84032593e+00
 -1.20700684e+00
 6.70906982e+00
 1.05900208e+01
 1.55632568e+01
 1.89056335e+01
 1.66130920e+01
 1.22412659e+01
 1.14381042e+01
 6.35555420e+00
 3.93386230e+00
 3.46285400e+00
 4.13335571e+00
 7.21782837e+00
 8.46010742e+00
 1.26289307e+01
 1.86885315e+01
 1.72943054e+01
 1.75874268e+01
 1.22406250e+01
 9.23470459e+00
 4.12374268e+00
 5.90352783e+00
 2.63448486e+00
 3.50780640e+00
 4.33760986e+00
 1.07862793e+01
 1.06081177e+01
 1.50028320e+01
 1.91013733e+01
 1.54536377e+01
 1.50949036e+01
 9.63598022e+00
 7.24413452e+00
 1.96254883e+00
 3.04714355e+00
 5.33727417e+00
 5.43242798e+00
 7.03185425e+00
 1.00539490e+01
 1.44236694e+01
 1.84068848e+01
 1.72064758e+01
 1.22985168e+01
 1.04432922e+01
 6.46196899e+00
 3.61016235e+00
 1.39382324e+00
 2.94893799e+00
 5.62194214e+00
 7.85765991e+00
 1.11063477e+01
 1.45122314e+01
 1.71537720e+01
 1.66820618e+01
 1.30731445e+01
 9.80275879e+00
 3.76616821e+00
 6.50994873e-01
 7.83258057e-01
 -7.02551270e-01
 5.36455688e+00
 7.22683105e+00
 1.33697144e+01
 1.74647461e+01
 2.05589233e+01
 1.86578918e+01
 1.29377991e+01
 8.10808716e+00
 7.73690186e+00
 1.21950684e+00
 7.86614990e-01
 2.71840820e+00
 3.45174561e+00
 1.08759094e+01
 1.16978394e+01
 1.47585083e+01
 1.89429260e+01
 1.70406738e+01
 1.31007935e+01
 1.14220215e+01
 7.62648926e+00
 3.88515625e+00
 -1.58566895e+00
 -1.77817383e+00
 2.75487671e+00
 7.45501099e+00
 1.08036438e+01
 1.45934082e+01
 1.90193726e+01
 1.62694031e+01
 1.36752258e+01
 1.20927368e+01
 5.40307007e+00
 3.66829834e+00
 -1.25198975e+00
 -2.84238281e+00
 -2.23468628e+00
 5.12459717e+00
 1.07468506e+01
 1.25914551e+01
 1.83926636e+01
 1.95718933e+01
 1.58353821e+01
 1.10835815e+01
 3.55748901e+00
 3.51427612e+00
 1.63195190e+00
 1.07213745e+00
 6.03051758e-01
 6.18950806e+00
 1.09453064e+01
 1.54979797e+01
 1.89481140e+01
 1.60453125e+01
 1.40208984e+01
 1.06839844e+01
 6.11312256e+00
 2.74819336e+00
 1.47277222e+00
 4.32482300e+00
 1.84230957e+00
 7.94066772e+00
 1.16963440e+01
 1.71362244e+01
 2.14223572e+01
 1.83672729e+01
 1.49581543e+01
 9.12038574e+00
 2.60872803e+00
 7.13067627e-01
 2.05272827e+00
 4.86052856e+00
 3.89870605e+00
 7.78054199e+00
 1.16053406e+01
 1.47997375e+01
 1.67724243e+01
 1.54847351e+01
 1.33754517e+01
 8.19265137e+00
 4.94451294e+00
 -2.43701782e+00
 -3.51385498e-01
 3.09381104e-01
 1.58626709e+00
 6.68551025e+00
 1.05633179e+01
 1.57654358e+01
 1.80023743e+01
 1.87547546e+01
 1.34277588e+01
 1.11581360e+01
 5.54320679e+00
 -4.90173340e-02
 5.98999023e-02
 -7.20960083e+00
 5.15508423e+00
 1.06209961e+01
 1.37656494e+01
 1.60926147e+01
 1.68075806e+01
 1.75491882e+01
 1.42725159e+01
 9.21337280e+00
 9.50298462e+00
 2.76015625e+00
 5.36776123e+00
 1.98467407e+00
 4.39171753e+00
 7.40871582e+00
 1.08427063e+01
 1.51980225e+01
 1.86952454e+01
 1.71266724e+01
 1.36902405e+01
 9.88738403e+00
 5.98967896e+00
 3.52227173e+00
 3.90825806e+00
 -9.61584473e-01
 1.23323975e+00
 3.91518555e+00
 1.00483337e+01
 1.39454590e+01
 1.91473022e+01
 1.63453613e+01
 1.27398621e+01
 1.17036987e+01
 6.35451660e+00
 5.03566895e+00
 4.50524292e+00
 3.35354004e+00
 2.79064331e+00
 1.10340820e+01
 1.07052856e+01
 1.38758484e+01
 1.84666077e+01
 1.64383484e+01
 1.57731567e+01
 8.30535278e+00
 7.16768799e+00
 3.95989990e-01
 -6.05017090e-01
 7.71325684e-01
 3.00017700e+00
 8.78426514e+00
 1.06264587e+01
 1.34968811e+01
 1.79872681e+01
 1.68298889e+01
 1.31494690e+01
 1.07662598e+01
 5.51381836e+00
 3.93782959e+00
 1.27740479e-01
 -7.59643555e-02
 4.99257813e+00
 7.78218994e+00
 1.17391296e+01
 1.61779419e+01
 1.90550171e+01
 1.92719666e+01
 1.38932129e+01
 9.85253296e+00
 6.69921265e+00
 4.76583252e+00
 2.20958862e+00
 3.79995117e+00
 3.43380127e+00
 8.13195190e+00
 1.31923462e+01
 1.38225037e+01
 1.66315552e+01
 1.72423340e+01
 1.40408264e+01
 6.66979370e+00
 8.21401367e+00
 5.87297974e+00
 -5.01959229e-01
 -3.27209473e-02
 6.92485962e+00
 8.56246338e+00
 1.29984375e+01
 1.44594360e+01
 2.09514709e+01
 1.79892517e+01
 1.35270020e+01
 1.00087219e+01
 6.98153076e+00
 5.84661255e+00
 2.13445435e+00
 -5.25305176e-01
 1.59047852e+00
 7.57952271e+00
 1.09397827e+01
 1.45679260e+01
 1.61228271e+01
 1.62300659e+01
 1.41241394e+01
 8.59807739e+00
 7.12459717e+00
 5.97979126e+00
 4.54171143e+00
 4.71495972e+00
 4.37474976e+00
 9.37200317e+00
 1.26676575e+01
 1.52323853e+01
 1.60248047e+01
 1.58598267e+01
 1.48745056e+01
 8.47182617e+00
 8.16713867e+00
 1.23720703e+00
 2.70668945e+00
 8.30017090e-02
 3.60338745e+00
 5.63323364e+00
 1.22932373e+01
 1.52493225e+01
 2.09031616e+01
 1.86628662e+01
 1.48809753e+01
 1.06960693e+01
 9.81472168e+00
 2.33428345e+00
 2.75222168e+00
 2.16665039e+00
 2.54000244e+00
 7.00890503e+00
 1.12578979e+01
 1.45830322e+01
 1.88824402e+01
 1.94053894e+01
 1.58865295e+01
 8.63659058e+00
 4.34185181e+00
 4.88153076e-01
 1.77910767e+00
 1.49706421e+00
 4.37490234e+00
 9.29241333e+00
 1.10330750e+01
 1.53731018e+01
 1.91756226e+01
 1.87313477e+01
 1.35658203e+01
 1.16870361e+01
 1.00406433e+01
 3.47039185e+00
 4.85803223e-01
 2.34285889e+00
 4.97393188e+00
 1.07484680e+01
 1.24205261e+01
 1.73481689e+01
 2.05115601e+01
 1.81944214e+01
 1.32156616e+01
 1.28924500e+01
 6.64479980e+00
 6.61263428e+00
 3.12783203e+00
 -3.54406738e-01
 3.18035278e+00
 8.98986206e+00
 1.21436707e+01
 1.43937317e+01
 1.77078186e+01
 1.73761230e+01
 1.53722168e+01
 9.04711304e+00
 7.74602661e+00
 5.48031006e+00
 1.31902466e+00
 1.81752930e+00
 4.52288208e+00
 9.65694580e+00
 1.45240723e+01
 1.45634399e+01
 2.08420044e+01
 1.86265503e+01
 1.42263428e+01
 1.15780579e+01
 5.91463623e+00
 4.03789673e+00
 1.51165161e+00
 2.81768188e+00
 7.11275635e+00
 8.05849609e+00
 1.37196594e+01
 1.35578857e+01
 1.80637451e+01
 1.83457275e+01
 1.73985229e+01
 1.17729736e+01
 9.43856201e+00
 7.58031616e+00
 2.09405518e-01
 1.86944580e-01
 5.78157959e+00
 6.99767456e+00
 9.62725220e+00
 1.62151123e+01
 1.82317749e+01
 1.79732300e+01
 1.48621155e+01
 9.65920410e+00
 3.09743652e+00
 -2.28208008e+00
 2.44954834e+00
 3.87185059e+00
 -9.43359375e-02
 5.32720337e+00
 1.18854309e+01
 1.52747131e+01
 1.92031189e+01
 1.59706970e+01
 1.28949524e+01
 5.85515747e+00
 5.93483887e+00
 1.35265503e+00
 5.60372314e+00
 3.57991943e+00
 3.15996704e+00
 7.16607056e+00
 1.17816711e+01
 1.49075562e+01
 1.97208191e+01
 1.90652710e+01
 1.42526184e+01
 1.22766968e+01
 3.20919189e+00
 2.77843628e+00
 4.15004883e+00
 -2.53394165e+00
 2.12627563e+00
 9.31829224e+00
 1.16082092e+01
 1.79941956e+01
 1.86750427e+01
 1.81136719e+01
 1.48024536e+01
 9.14672241e+00
 4.90462646e+00
 5.89101563e+00
 2.93920288e+00
 1.65297852e+00
 5.27825317e+00
 6.96264038e+00
 1.18071228e+01
 1.52889954e+01
 1.69842468e+01
 1.57972656e+01
 1.28139893e+01
 9.79595337e+00
 7.69594727e+00
 3.47765503e+00
 3.74117432e+00
 3.39992676e+00
 1.96447144e+00
 7.83886108e+00
 1.23705994e+01
 1.86640869e+01
 2.15843445e+01
 1.84382568e+01
 1.55182739e+01
 1.14103943e+01
 6.37182007e+00
 7.46874390e+00
 3.16875610e+00
 -2.29816284e+00
 4.56740723e+00
 6.89202271e+00
 1.30253540e+01
 1.52830750e+01
 1.95373779e+01
 1.97090698e+01
 1.35496460e+01
 1.03449036e+01
 7.11812744e+00
 6.02199707e+00
 3.58373413e+00
 1.72393188e+00
 6.92983398e+00
 9.97728882e+00
 1.39791199e+01
 1.91967712e+01
 1.83564087e+01
 1.71964050e+01
 1.48925415e+01
 1.11148621e+01
 5.04711304e+00
 2.68575439e+00
 4.11193237e+00
 2.66805420e+00
 2.15462646e+00
 9.42958984e+00
 9.52727661e+00
 1.31719910e+01
 1.84579712e+01
 1.64982239e+01
 1.46172119e+01
 1.01206909e+01
 6.79064331e+00
 2.33400879e+00
 2.79338989e+00
 4.73775635e+00
 4.55126343e+00
 7.42940674e+00
 9.65630493e+00
 1.82047058e+01
 2.06929871e+01
 1.63479248e+01
 1.39249512e+01
 1.18253113e+01
 7.24862061e+00
 8.43139648e-02
 1.22942505e+00
 3.66561279e+00
 5.72030029e+00
 9.47304688e+00
 1.23096863e+01
 1.77372681e+01
 1.69946838e+01
 1.81632629e+01
 1.57638184e+01
 1.05928284e+01
 6.87563477e+00
 5.06612549e+00
 5.43926392e+00
 5.91201172e+00
 4.27453003e+00
 7.76506958e+00
 1.20359131e+01
 1.23395630e+01
 1.88149048e+01
 1.87528625e+01
 1.54678589e+01
 1.32170044e+01
 5.08135376e+00
 1.33348999e+00
 1.73760376e+00
 5.20360718e+00
 5.83446655e+00
 9.03713379e+00
 1.11578003e+01
 1.56496521e+01
 2.03897034e+01
 1.86634155e+01
 1.38750854e+01
 9.27065430e+00
 6.70064697e+00
 4.47203979e+00
 2.82598267e+00
 1.13094482e+00
 5.32891235e+00
 9.67870483e+00
 1.10696655e+01
 1.47610107e+01
 1.96088196e+01
 1.87690979e+01
 1.44198547e+01
 8.96160278e+00
 7.68724976e+00
 5.71486816e+00
 4.07778320e+00
 4.80584106e+00
 8.22680054e+00
 1.07532288e+01
 1.13321777e+01
 1.47351624e+01
 1.73611389e+01
 1.71733643e+01
 1.31032043e+01
 1.21229492e+01
 5.70357666e+00
 2.08233032e+00
 1.42504272e+00
 -1.36197510e+00
 4.58171997e+00
 1.03046509e+01
 1.40795837e+01
 1.61534058e+01
 1.87502380e+01
 1.72443481e+01
 1.37564636e+01
 7.36785278e+00
 4.54262695e+00
 2.67901001e+00
 1.83675537e+00
 2.37764893e+00
 6.50481567e+00
 9.60030518e+00
 1.39558350e+01
 1.59761902e+01
 2.13288513e+01
 1.72445618e+01
 1.40811707e+01
 1.36135803e+01
 8.69893799e+00
 3.06383667e+00
 7.95404053e-01
 3.51598511e+00
 8.12645874e+00
 9.29110107e+00
 1.20201965e+01
 1.66925293e+01
 1.91941162e+01
 1.92505127e+01
 1.51310059e+01
 8.84569702e+00
 8.70516357e+00
 3.86724243e+00
 2.56615601e+00
 -8.28918457e-02
 3.93825684e+00
 7.72603760e+00
 1.19733826e+01
 1.53025757e+01
 1.78560425e+01
 1.98618713e+01
 1.49615112e+01
 1.10104919e+01
 8.66350708e+00
 4.54067383e+00
 2.19664917e+00
 1.38585815e+00
 6.21816406e+00
 9.30129395e+00
 1.43944031e+01
 1.81122681e+01
 2.65258118e+01
 2.03603760e+01
 1.63432861e+01
 1.27181946e+01
 8.43572388e+00
 3.41387329e+00
 -1.73792114e+00
 -3.25720215e-01
 3.79995117e+00
 6.68624268e+00
 1.20672241e+01
 1.58940063e+01
 1.69251648e+01
 1.90308167e+01
 1.49945007e+01
 1.04081970e+01
 4.59322510e+00
 3.89077148e+00
 1.41802368e+00
 4.58968506e+00
 4.34325562e+00
 7.69527588e+00
 1.25710999e+01
 1.57890564e+01
 1.82535034e+01
 1.83192993e+01
 1.63949524e+01
 1.29326721e+01
 7.91826782e+00
 1.46929321e+00
 2.78933105e+00
 5.56670532e+00
 5.19503174e+00
 6.99721680e+00
 1.37976013e+01
 1.58191162e+01
 1.84635864e+01
 1.87904297e+01
 1.55654236e+01
 1.12738281e+01
 4.40633545e+00
 2.45339355e+00
 4.00148926e+00
 3.57677612e+00
 4.78984985e+00
 9.92183838e+00
 1.12105042e+01
 1.48383423e+01
 1.77942139e+01
 1.77468201e+01
 1.34165588e+01
 9.89962158e+00
 6.07280884e+00
 6.83205566e+00
 5.03399048e+00
 3.15065918e+00
 3.95217285e+00
 1.01053101e+01
 1.38343750e+01
 1.56864868e+01
 1.91296021e+01
 1.78521973e+01
 1.40591370e+01
 9.90166626e+00
 5.93480835e+00
 4.28441772e+00
 2.46257935e+00
 5.35491333e+00
 5.15117798e+00
 9.20839844e+00
 1.21706482e+01
 1.65136963e+01
 1.99235168e+01
 1.84280029e+01
 1.54971252e+01
 1.14786926e+01
 7.03063354e+00
 6.91207275e+00
 4.09975586e+00
 -4.20324707e-01
 2.61812744e+00
 8.01772461e+00
 1.41707397e+01
 1.48815552e+01
 1.97448975e+01
 2.06367126e+01
 1.36059509e+01
 1.19879089e+01
 9.33825073e+00
 5.65828857e+00
 5.59758911e+00
 9.33679199e-01
 3.49227295e+00
 1.11523376e+01
 1.26752869e+01
 1.76968933e+01
 1.85882202e+01
 1.81893250e+01
 1.51225830e+01
 7.85817871e+00
 5.00249634e+00
 4.39992676e+00
 -2.79241943e-01
 -1.79404297e+00
 4.17263184e+00
 1.07669922e+01
 1.34027954e+01
 1.76362244e+01
 1.90893799e+01
 1.75744873e+01
 1.47143799e+01
 1.06281372e+01
 5.44616089e+00
 6.57280884e+00
 3.89510498e+00
 2.86916504e+00
 7.00127563e+00
 9.25600586e+00
 1.42043396e+01
 1.59311462e+01
 1.88987366e+01
 2.31481873e+01
 1.63197571e+01
 1.20822998e+01
 6.56661377e+00
 6.40984497e+00
 6.56084595e+00
 6.81572876e+00
 7.15554199e+00
 8.50930176e+00
 1.50543152e+01
 1.60575195e+01
 2.08300415e+01
 1.91597229e+01
 1.43785339e+01
 1.07975403e+01
 7.99892578e+00
 4.65340576e+00
 4.81273804e+00
 7.24511719e-01
 9.48419189e-01
 6.06176147e+00
 1.16119324e+01
 1.61537415e+01
 1.90185486e+01
 2.04363037e+01
 1.39588257e+01
 1.19228455e+01
 6.48949585e+00
 5.93605957e+00
 7.73156738e-01
 4.69842529e-01
 4.22457275e+00
 8.14730225e+00
 1.40544678e+01
 1.72482544e+01
 1.90150696e+01
 1.84462524e+01
 1.64965454e+01
 1.02317139e+01
 9.10936890e+00
 6.44725952e+00
 5.32195435e+00
 2.23528442e+00
 4.78005371e+00
 8.39171753e+00
 1.19705750e+01
 1.69436890e+01
 2.03151184e+01
 1.94283386e+01
 1.50764099e+01
 1.01787048e+01
 7.49978027e+00
 5.43489990e+00
 2.60894165e+00
 5.73137817e+00
 6.45202026e+00
 9.41347656e+00
 1.28308044e+01
 1.48866516e+01
 1.72296997e+01
 1.96763855e+01
 1.39529053e+01
 1.19190002e+01
 8.32021484e+00
 4.72921143e+00
 7.68975830e-01
 4.95604858e+00
 3.84423218e+00
 6.10811768e+00
 1.22544189e+01
 1.73976685e+01
 2.24449097e+01
 1.83947998e+01
 1.37035461e+01
 1.30252625e+01
 4.68795166e+00
 -1.71213379e+00
 -1.19451904e-01
 5.01439819e+00
 3.69457397e+00
 8.87993774e+00
 1.36700684e+01
 1.55561768e+01
 1.89735046e+01
 1.76187683e+01
 1.68962646e+01
 1.18442932e+01
 8.73296509e+00
 6.81081543e+00
 1.68880615e+00
 2.89217529e+00
 8.26241455e+00
 8.62380371e+00
 1.37533203e+01
 1.92774292e+01
 2.13487793e+01
 2.01037842e+01
 1.63322693e+01
 1.22155701e+01
 7.33614502e+00
 2.23668823e+00
 3.69197998e+00
 2.27960205e-01
 4.40645752e+00
 6.83605347e+00
 1.12426697e+01
 1.78357178e+01
 2.19193359e+01
 1.87209717e+01
 1.47850586e+01
 1.19127136e+01
 9.30422363e+00
 4.37133179e+00
 2.31707153e+00
 2.93972168e+00
 4.35744629e+00
 1.07715393e+01
 1.57553650e+01
 1.64885803e+01
 1.85318542e+01
 1.84834229e+01
 1.66682373e+01
 1.25542542e+01
 6.57375488e+00
 8.95852051e+00
 -6.01477051e-01
 4.84325562e+00
 7.18419800e+00
 8.08791504e+00
 1.22653442e+01
 1.51870361e+01
 1.88692871e+01
 1.86935974e+01
 1.58419739e+01
 1.09390808e+01
 8.13524780e+00
 6.10720215e+00
 2.67641602e+00
 3.39824829e+00
 6.06997070e+00
 1.13600098e+01
 1.23250977e+01
 1.38680054e+01
 1.83477722e+01
 1.82809998e+01
 1.50144897e+01
 1.23632141e+01
 5.18221436e+00
 4.89147339e+00
 2.46349487e+00
 2.69265137e+00
 5.16018066e+00
 1.04193359e+01
 1.13187195e+01
 1.85770813e+01
 2.08365723e+01
 2.14039551e+01
 1.60906006e+01
 1.31799561e+01
 6.90661011e+00
 3.60204468e+00
 2.58529053e+00
 3.51625977e+00
 2.74303589e+00
 1.11109558e+01
 1.52673279e+01
 1.72956177e+01
 1.93040100e+01
 2.00538879e+01
 1.33671204e+01
 1.02002197e+01
 8.33590088e+00
 5.35634766e+00
 2.94436035e+00
 2.95830688e+00
 9.18425903e+00
 9.87746582e+00
 1.39397827e+01
 1.65035950e+01
 2.07612549e+01
 2.23066040e+01
 1.57734619e+01
 1.27517639e+01
 8.97973022e+00
 4.70925293e+00
 6.16964111e+00
 1.39208374e+00
 3.54439697e+00
 9.75615845e+00
 1.39817444e+01
 1.61935974e+01
 2.03695313e+01
 2.06827942e+01
 1.49839111e+01
 1.20728699e+01
 4.92006836e+00
 4.02877197e+00
 3.05901489e+00
 2.78121338e+00
 4.02605591e+00
 8.83696899e+00
 1.34688049e+01
 1.77099243e+01
 1.83863159e+01
 1.95850159e+01
 1.58610474e+01
 1.14501587e+01
 6.53750000e+00
 5.38363037e+00
 3.24566040e+00
 2.63585815e+00
 2.25084839e+00
 1.13147217e+01
 1.25825745e+01
 1.61350647e+01
 1.96139465e+01
 2.09785095e+01
 1.56753784e+01
 1.14044128e+01
 9.43026123e+00
 5.81972656e+00
 -1.34039307e-01
 2.34862671e+00
 6.94234619e+00
 7.48775635e+00
 1.23340393e+01
 1.64794861e+01
 1.94982849e+01
 1.90116211e+01
 1.75379272e+01
 1.13828674e+01
 8.91805420e+00
 4.06371460e+00
 7.20656738e+00
 -6.81921387e-01
 6.16021118e+00
 1.04449097e+01
 1.25553223e+01
 1.61662231e+01
 1.87200256e+01
 2.09339233e+01
 1.68562256e+01
 1.29753052e+01
 7.61245117e+00
 1.83449707e+00
 1.48812256e+00
 2.95321045e+00
 7.78789673e+00
 1.03175598e+01
 1.63433777e+01
 1.56978088e+01
 2.01332947e+01
 2.23751770e+01
 1.58643738e+01
 1.23726746e+01
 6.44622192e+00
 8.21035156e+00
 3.97384033e+00
 2.73519287e+00
 4.55385742e+00
 1.23446594e+01
 1.51830383e+01
 1.60828796e+01
 2.01977173e+01
 1.99216248e+01
 1.62483459e+01
 8.59636841e+00
 8.75441895e+00
 3.64418945e+00
 4.92049561e+00
 4.25814209e+00
 7.28725586e+00
 1.15547729e+01
 1.29471375e+01
 1.54371582e+01
 1.85237366e+01
 2.04149414e+01
 1.65580383e+01
 1.30821167e+01
 6.83718262e+00
 6.34057007e+00
 5.88149414e+00
 2.70061646e+00
 4.47478638e+00
 7.44036255e+00
 1.31753479e+01
 1.58846069e+01
 2.03265320e+01
 1.82705322e+01
 1.69943787e+01
 1.08503052e+01
 8.35329590e+00
 4.56438599e+00
 7.03338013e+00
 7.35534058e+00
 6.79479370e+00
 9.67055664e+00
 1.39714905e+01
 1.93177734e+01
 2.10430237e+01
 1.86874329e+01
 1.69013916e+01
 1.25036255e+01
 6.82036743e+00
 6.75866699e-01
 1.58513794e+00
 1.14476929e+00
 5.28859863e+00
 9.53151855e+00
 1.34009644e+01
 1.88082214e+01
 2.04769836e+01
 1.95685669e+01
 1.57706848e+01
 1.04967896e+01
 9.08809814e+00
 4.97338867e-01
 2.27257690e+00
 6.36034546e+00
 7.60711060e+00
 9.53371582e+00
 1.47961975e+01
 1.58914124e+01
 1.93954712e+01
 1.95308472e+01
 1.67083984e+01
 1.26489502e+01
 7.94521484e+00
 7.90246582e-01
 6.38491211e+00
 5.57711182e+00
 6.49303589e+00
 9.61727295e+00
 1.27144104e+01
 1.85263611e+01
 2.33904663e+01
 2.27892395e+01
 2.18788696e+01
 1.29843384e+01
 1.02700745e+01
 9.60659180e+00
 6.21285400e+00
 6.95458984e-01
 6.79863892e+00
 8.71611938e+00
 1.27229553e+01
 1.71424194e+01
 1.89274231e+01
 2.02030579e+01
 1.48850952e+01
 1.23406311e+01
 8.87310181e+00
 3.68059692e+00
 4.89031372e+00
 6.52401123e+00
 7.68978271e+00
 1.14253784e+01
 1.32691895e+01
 1.71516663e+01
 1.91479126e+01
 2.04998108e+01
 1.63446899e+01
 1.14150940e+01
 9.76192627e+00
 3.88405762e+00
 4.06218872e+00
 6.61645508e-01
 1.01958618e+00
 6.81606445e+00
 1.29192139e+01
 1.59141479e+01
 2.05542236e+01
 2.07225586e+01
 1.86643005e+01
 1.38451172e+01
 7.49160156e+00
 8.72814331e+00
 1.89934692e+00
 5.52037964e+00
 6.93871460e+00
 9.08040771e+00
 1.14133850e+01
 1.70430542e+01
 2.04522644e+01
 1.89312683e+01
 1.61635071e+01
 1.14019104e+01
 7.71273193e+00
 3.43016968e+00
