 2.81322632e+00
 -8.54437256e-01
 1.02341553e+01
 1.34040466e+01
 1.77242371e+01
 2.16430908e+01
 2.04450928e+01
 2.04447876e+01
 1.77344910e+01
 1.34993530e+01
 1.01748901e+01
 3.75643311e+00
 2.34124146e+00
 5.80611572e+00
 8.68557129e+00
 1.14904114e+01
 1.88010498e+01
 2.10333496e+01
 2.07833801e+01
 1.91068970e+01
 1.82602173e+01
 1.23968140e+01
 7.29540405e+00
 4.35738525e+00
 3.26275024e+00
 5.55703125e+00
 6.58931885e+00
 1.48501221e+01
 1.80537048e+01
 2.01344543e+01
 2.38799377e+01
 2.26657349e+01
 1.67347656e+01
 1.21304565e+01
 1.10947510e+01
 2.28649292e+00
 3.41774902e+00
 4.33099365e-01
 7.64946899e+00
 1.28952271e+01
 1.79411560e+01
 2.17016846e+01
 2.13128906e+01
 2.39521118e+01
 1.89581543e+01
 1.28122498e+01
 9.77874146e+00
 6.01983032e+00
 -2.68601074e+00
 4.26427612e+00
 7.22017822e+00
 1.32489258e+01
 1.54527832e+01
 2.06065308e+01
 2.20959412e+01
 2.11883484e+01
 1.84162842e+01
 1.16450439e+01
 9.67369995e+00
 5.02785645e+00
 -1.03253784e+00
 4.41616211e+00
 6.81820068e+00
 1.47231995e+01
 1.58453613e+01
 1.87616516e+01
 2.25812927e+01
 2.43081909e+01
 1.85754639e+01
 1.26616455e+01
 9.91497192e+00
 6.07528076e+00
 8.16057739e+00
 7.76021729e+00
 1.12451721e+01
 1.33929077e+01
 1.63147827e+01
 2.11789795e+01
 2.23577209e+01
 2.02706238e+01
 1.75439087e+01
 1.22024780e+01
 4.32949219e+00
 6.59856567e+00
 2.71962891e+00
 4.95806274e+00
 9.81459961e+00
 1.68386169e+01
 2.00497986e+01
 2.25064026e+01
 2.27401672e+01
 2.20703064e+01
 1.81711060e+01
 1.36536499e+01
 1.12640015e+01
 7.18557129e+00
 7.30547485e+00
 6.89864502e+00
 8.24395142e+00
 1.30556580e+01
 1.64747864e+01
 2.08242432e+01
 2.27445313e+01
 2.31686646e+01
 1.76057068e+01
 1.51591736e+01
 7.45824585e+00
 6.04787598e+00
 3.68349609e+00
 1.82674561e+00
 7.28292236e+00
 1.37033630e+01
 1.51206909e+01
 2.04654785e+01
 2.33134094e+01
 2.06594788e+01
 1.92843872e+01
 1.42056824e+01
 4.26110229e+00
 4.70113525e+00
 -2.72601929e+00
 3.29470215e+00
 1.05436035e+01
 1.22140747e+01
 2.02635132e+01
 2.39043823e+01
 2.46683594e+01
 2.12412048e+01
 1.51675354e+01
 1.31153809e+01
 5.59542236e+00
 6.81588135e+00
 5.80800781e+00
 4.07909546e+00
 1.04805237e+01
 1.53799683e+01
 1.95842834e+01
 1.90152527e+01
 2.22900024e+01
 2.11057678e+01
 1.73436523e+01
 1.18408142e+01
 5.54259644e+00
 1.55355225e+00
 2.98003540e+00
 7.46761475e+00
 9.95638428e+00
 1.37130371e+01
 1.93442017e+01
 2.06928040e+01
 2.29312988e+01
 2.24200378e+01
 1.75946594e+01
 1.24209229e+01
 5.17232666e+00
 3.70522461e+00
 -4.22003174e-01
 4.62844238e+00
 9.01629028e+00
 1.04088379e+01
 1.53127380e+01
 2.18000122e+01
 2.12908569e+01
 2.11090637e+01
 1.66827332e+01
 1.21942993e+01
 6.65361938e+00
 4.89318237e+00
 7.05041504e-01
 5.50841675e+00
 9.73262939e+00
 1.12632690e+01
 1.90247437e+01
 2.23708435e+01
 2.32871033e+01
 2.17242371e+01
 1.71409851e+01
 1.34150024e+01
 1.03506104e+01
 3.18422852e+00
 1.45336304e+00
 6.44713745e+00
 9.71911011e+00
 1.15047852e+01
 1.74827820e+01
 2.09706055e+01
 2.30822998e+01
 2.08741699e+01
 1.47737976e+01
 1.61905457e+01
 1.01419922e+01
 -1.26959229e-01
 1.05532227e+00
 6.75274048e+00
 1.10253845e+01
 1.12685486e+01
 1.65331360e+01
 2.18950134e+01
 2.25351807e+01
 2.45853210e+01
 1.70453125e+01
 1.07286621e+01
 4.61583862e+00
 4.99761353e+00
 -2.19885254e-01
 7.50975952e+00
 1.09295898e+01
 1.57918640e+01
 1.63466431e+01
 2.03134705e+01
 2.08690430e+01
 2.12938477e+01
 1.67053162e+01
 1.27925354e+01
 5.72524414e+00
 -2.22814941e-01
 -3.57211914e+00
 1.41738281e+00
 9.74773560e+00
 1.36087891e+01
 2.01476074e+01
 2.19194580e+01
 2.35175720e+01
 2.13316284e+01
 1.77897278e+01
 1.25621887e+01
 9.76506958e+00
 5.42638550e+00
 9.62335205e-01
 5.22658691e+00
 5.80614624e+00
 1.34321228e+01
 1.54068848e+01
 2.20027405e+01
 2.10219055e+01
 1.86947266e+01
 1.46839233e+01
 1.34157349e+01
 1.02496887e+01
 6.41219482e+00
 2.98131714e+00
 2.49440918e+00
 8.17617188e+00
 1.28643433e+01
 1.66048828e+01
 2.19990173e+01
 2.16311890e+01
 2.09856812e+01
 1.79685303e+01
 1.52233215e+01
 9.92479858e+00
 8.12862549e+00
 2.36562500e+00
 2.82467041e+00
 9.87023315e+00
 1.60496155e+01
 1.99034973e+01
 2.39107300e+01
 2.68178345e+01
 2.30303589e+01
 1.96435486e+01
 1.44475647e+01
 7.90023193e+00
 8.53469238e+00
 5.26668701e+00
 4.31603394e+00
 1.08526245e+01
 1.22583557e+01
 1.89184204e+01
 2.05235229e+01
 2.29033142e+01
 2.15754639e+01
 1.80979553e+01
 9.46242676e+00
 8.43374023e+00
 5.38106689e+00
 -4.95666504e-02
 3.75686035e+00
 5.73980103e+00
 1.34226624e+01
 1.52080933e+01
 1.83325745e+01
 2.26513916e+01
 1.99403625e+01
 1.88109375e+01
 1.36110474e+01
 9.83742676e+00
 3.46679077e+00
 2.12737427e+00
 7.95665894e+00
 9.62114868e+00
 1.33518616e+01
 1.59388672e+01
 2.49962708e+01
 2.37328735e+01
 2.17142883e+01
 1.71282898e+01
 1.14541260e+01
 1.08466431e+01
 3.77315674e+00
 6.50447998e+00
 8.79070435e+00
 9.79174194e+00
 1.27933594e+01
 1.78579346e+01
 2.23848511e+01
 2.48444458e+01
 2.50781799e+01
 1.85242859e+01
 1.17834717e+01
 7.79259644e+00
 5.89052734e+00
 2.89635620e+00
 8.91170654e+00
 1.07432190e+01
 1.19741760e+01
 1.39072205e+01
 2.06682068e+01
 2.20184875e+01
 2.57347046e+01
 1.82013794e+01
 1.47894531e+01
 8.26134644e+00
 3.17522583e+00
 -1.65909424e+00
 7.75289307e+00
 1.22579590e+01
 1.28535706e+01
 2.12690979e+01
 2.31628967e+01
 2.35346008e+01
 2.15744263e+01
 1.68022400e+01
 1.19538818e+01
 6.37819824e+00
 4.71111450e+00
 4.62905273e+00
 6.77605591e+00
 9.15105591e+00
 1.27836853e+01
 1.72101379e+01
 2.15278870e+01
 2.26514221e+01
 2.18298279e+01
 1.47109009e+01
 1.05027100e+01
 1.05411316e+01
 5.14861450e+00
 1.37096558e+00
 3.89861450e+00
 9.13982544e+00
 1.28466125e+01
 1.58423706e+01
 2.15918823e+01
 2.17936340e+01
 2.07975403e+01
 1.62728210e+01
 1.40035339e+01
 8.54689941e+00
 1.74947510e+00
 5.43053589e+00
 8.53670654e+00
 9.53920898e+00
 1.28339478e+01
 1.73750549e+01
 1.89427429e+01
 1.94314514e+01
 1.98052307e+01
 1.73812195e+01
 1.15056396e+01
 7.27089844e+00
 5.81817017e+00
 1.68743286e+00
 5.22707520e+00
 1.16245667e+01
 1.32198425e+01
 1.09214111e+01
 1.92829834e+01
 2.15611816e+01
 1.98854919e+01
 1.72755066e+01
 1.42724548e+01
 7.93813477e+00
 -3.08477783e-01
 -1.11115112e+00
 8.28185425e+00
 8.26546631e+00
 8.80104980e+00
 1.74440552e+01
 2.01900574e+01
 2.11198364e+01
 2.08062073e+01
 1.71133057e+01
 1.35563293e+01
 9.42586670e+00
 4.76729736e+00
 1.24904785e+00
 2.86528931e+00
 1.06925293e+01
 1.22087646e+01
 1.65191284e+01
 1.76513611e+01
 2.17440430e+01
 2.09385925e+01
 1.95324341e+01
 1.42263733e+01
 1.07160583e+01
 7.41610107e+00
 9.10921631e+00
 9.60625610e+00
 8.77675781e+00
 1.31353088e+01
 1.71276489e+01
 1.80356995e+01
 2.16988159e+01
 2.01205383e+01
 1.82119080e+01
 1.41534973e+01
 6.82720337e+00
 6.21788940e+00
 5.17458496e+00
 7.19466553e+00
 1.12965637e+01
 1.36621338e+01
 1.76617065e+01
 2.26747375e+01
 2.41505981e+01
 2.23315674e+01
 1.48620239e+01
 1.21363770e+01
 9.58162842e+00
 6.36806641e+00
 2.22091064e+00
 1.35675049e-01
 7.24187622e+00
 1.36494080e+01
 1.68399902e+01
 2.05409790e+01
 2.21610962e+01
 2.03993164e+01
 1.56294800e+01
 1.10826660e+01
 1.17510925e+01
 2.18697510e+00
 2.10473022e+00
 8.16344604e+00
 1.17965942e+01
 1.57492004e+01
 1.70871216e+01
 2.24274231e+01
 2.28126770e+01
 2.14731689e+01
 1.93336426e+01
 1.49027344e+01
 1.13887573e+01
 4.90966187e+00
 5.71083984e+00
 7.27901611e+00
 1.08363892e+01
 1.49370972e+01
 1.72564331e+01
 2.08591248e+01
 2.27201477e+01
 2.21930176e+01
 1.77499634e+01
 1.19441162e+01
 9.62697754e+00
 7.25295410e+00
 -1.39526367e-02
 6.82332764e+00
 7.80883179e+00
 1.11939636e+01
 1.82406555e+01
 2.09175354e+01
 2.25182129e+01
 2.09977356e+01
 1.75436951e+01
 1.21198059e+01
 1.60473022e+00
 5.00252686e+00
 1.76802979e+00
 5.34438477e+00
 8.18264160e+00
 1.50198303e+01
 1.42470642e+01
 2.11740662e+01
 2.11349121e+01
 2.09194580e+01
 1.77273193e+01
 1.20335632e+01
 5.95693359e+00
 3.78658447e+00
 5.47002563e+00
 5.60820923e+00
 1.11703430e+01
 1.34695068e+01
 1.68906494e+01
 2.18793274e+01
 2.36642395e+01
 2.05252014e+01
 1.71433044e+01
 1.53814026e+01
 9.03325806e+00
 8.33013306e+00
 5.00243530e+00
 5.00170288e+00
 6.69945679e+00
 1.38643127e+01
 1.57024475e+01
 2.22533813e+01
 2.43951965e+01
 2.27248779e+01
 1.76039368e+01
 1.03215576e+01
 1.11044556e+01
 4.78292236e+00
 5.24560547e-01
 4.22988281e+00
 1.00682922e+01
 1.23762451e+01
 1.84323975e+01
 1.95746399e+01
 2.31310974e+01
 2.25465942e+01
 1.57964722e+01
 1.22458130e+01
 1.01120239e+01
 5.52126465e+00
 5.29931030e+00
 7.75081787e+00
 1.01505981e+01
 1.50787903e+01
 1.69455811e+01
 2.41402832e+01
 2.49852234e+01
 2.21843506e+01
 1.68681274e+01
 1.33604675e+01
 9.56664429e+00
 3.38793335e+00
 6.11626587e+00
 -4.79620361e-01
 8.27163086e+00
 1.33275085e+01
 1.75603577e+01
 2.28536926e+01
 2.29891907e+01
 2.09069153e+01
 1.64067322e+01
 1.27221313e+01
 9.92754517e+00
 5.73543701e+00
 4.94539795e+00
 5.33120117e+00
 1.10805908e+01
 1.75887695e+01
 1.86946960e+01
 2.17637878e+01
 2.45402466e+01
 2.55344482e+01
 1.84580933e+01
 1.35657898e+01
 8.33596191e+00
 5.12050781e+00
 5.83690796e+00
 6.91295776e+00
 1.08901611e+01
 1.41393372e+01
 1.68288513e+01
 2.12730957e+01
 2.15582825e+01
 2.18395020e+01
 1.94539734e+01
 1.33492065e+01
 5.43230591e+00
 1.19375000e+00
 1.84792480e+00
 1.05237061e+01
 1.14163757e+01
 1.58511902e+01
 1.67493835e+01
 2.16676880e+01
 2.47738586e+01
 2.07211853e+01
 1.81565796e+01
 1.44139954e+01
 8.07967529e+00
 4.71447144e+00
 6.19457397e+00
 7.62493286e+00
 9.49468384e+00
 1.58222595e+01
 1.73080383e+01
 1.83769775e+01
 2.45036255e+01
 2.16434265e+01
 1.54575745e+01
 1.29714294e+01
 8.62905273e+00
 4.99624023e+00
 6.68316040e+00
 7.26677856e+00
 9.57720337e+00
 1.30989624e+01
 1.77205444e+01
 2.19884583e+01
 2.25437866e+01
 2.26769043e+01
 1.90824524e+01
 1.19457031e+01
 1.05857788e+01
 5.01409302e+00
 2.81261597e+00
 9.88946533e-01
 8.64364014e+00
 1.43803040e+01
 1.56584106e+01
 2.49049011e+01
 2.09164368e+01
 2.16959167e+01
 1.84465881e+01
 1.08369080e+01
 7.45928345e+00
 7.45263672e-01
 6.82412109e+00
 9.07241211e+00
 8.47747192e+00
 1.50200745e+01
 1.75948425e+01
 2.19907776e+01
 2.28492676e+01
 2.07515808e+01
 1.78973938e+01
 1.20606934e+01
 8.17495117e+00
 -4.53955078e-01
 4.46660767e+00
 6.14541016e+00
 1.06402527e+01
 1.44586426e+01
 1.93749634e+01
 2.29651733e+01
 2.45875183e+01
 2.30611816e+01
 1.64276367e+01
 1.25082947e+01
 9.09780273e+00
 5.23916016e+00
 6.78624878e+00
 5.18615112e+00
 1.11075073e+01
 1.62249084e+01
 1.75768066e+01
 2.38814026e+01
 2.44449097e+01
 2.12534424e+01
 1.98942200e+01
 1.41389404e+01
 3.54467163e+00
 3.03395996e+00
 6.82930908e+00
 5.85094604e+00
 1.02219177e+01
 1.12781616e+01
 1.84609009e+01
 2.13512207e+01
 2.19004456e+01
 2.11103455e+01
 2.00013367e+01
 1.20720764e+01
 9.39742432e+00
 5.33638916e+00
 6.73708496e+00
 9.48861084e+00
 1.05839172e+01
 1.77980286e+01
 1.81572205e+01
 1.99566589e+01
 2.30492798e+01
 2.32028442e+01
 2.00479675e+01
 1.05154358e+01
 1.04988647e+01
 8.73604736e+00
 6.08049927e+00
 6.85827026e+00
 9.47207031e+00
 1.22790466e+01
 1.89738098e+01
 2.22663208e+01
 2.29802490e+01
 2.31882263e+01
 1.86501404e+01
 1.56120544e+01
 8.78173218e+00
 8.34072266e+00
 7.36458740e+00
 8.11962280e+00
 1.30419556e+01
 1.64209534e+01
 2.00280701e+01
 2.17487427e+01
 2.70630737e+01
 2.49012390e+01
 1.83517700e+01
 1.47034851e+01
 1.05168091e+01
 1.07519775e+01
 7.50774536e+00
 9.96386108e+00
 1.32713562e+01
 1.65166870e+01
 1.98714844e+01
 2.76491638e+01
 2.76115662e+01
 2.30044495e+01
 1.78770081e+01
 1.19424683e+01
 1.01871277e+01
 7.38936768e+00
 1.72759399e+00
 4.33684692e+00
 7.70690308e+00
 1.19963318e+01
 1.74499451e+01
 2.19330383e+01
 2.38397461e+01
 2.28857056e+01
 1.88736206e+01
 1.37472473e+01
 7.56054077e+00
 7.82515869e+00
 6.56862793e+00
 7.55748901e+00
 9.78292236e+00
 1.25888916e+01
 1.99969727e+01
 2.40682007e+01
 2.41516663e+01
 2.21343018e+01
 1.92554565e+01
 1.33898865e+01
 7.25332031e+00
 3.31197510e+00
 6.29302368e+00
 6.37926636e+00
 6.76589355e+00
 1.29196716e+01
 2.04336182e+01
 2.58116394e+01
 2.65498596e+01
 2.39504944e+01
 1.92205139e+01
 1.30801025e+01
 6.53634033e+00
 7.00246582e+00
 -4.13519287e-01
 3.90136108e+00
 1.18397156e+01
 1.36547485e+01
 1.80433594e+01
 2.16950928e+01
 2.39395081e+01
 2.26878601e+01
 1.74809204e+01
 1.31023804e+01
 1.00660034e+01
 3.37990723e+00
 1.34179077e+00
 6.03847656e+00
 8.99874268e+00
 1.29278198e+01
 1.93838440e+01
 2.33553406e+01
 2.57460571e+01
 2.51836792e+01
 2.19021240e+01
 1.43075500e+01
 1.03366333e+01
 1.08498474e+01
 9.39388428e+00
 3.84142456e+00
 9.38445435e+00
 1.17090088e+01
 1.78471924e+01
 2.54218994e+01
 2.48984009e+01
 2.35272766e+01
 1.86773010e+01
 1.32710205e+01
 1.04884583e+01
 5.84008179e+00
 5.96679077e+00
 7.97576294e+00
 1.16866699e+01
 1.65822693e+01
 1.90107056e+01
 2.36239868e+01
 2.57778259e+01
 2.35484558e+01
 1.90745483e+01
 1.33054138e+01
 4.98833618e+00
 1.04497620e+01
 4.14122925e+00
 7.76543579e+00
 1.24196106e+01
 1.53341003e+01
 1.84332214e+01
 2.31360718e+01
 2.46503845e+01
 2.47410217e+01
 2.16396729e+01
 1.46839539e+01
 9.17446289e+00
 5.40645752e+00
 3.60607300e+00
 9.17241821e+00
 1.20340515e+01
 1.47495972e+01
 1.74825073e+01
 2.24880920e+01
 2.36294800e+01
 2.33772827e+01
 1.92188049e+01
 1.42912537e+01
 1.09874817e+01
 8.08776245e+00
 7.41494141e+00
 8.69860229e+00
 1.20078369e+01
 1.43168579e+01
 1.72446838e+01
 2.25918823e+01
 2.55304199e+01
 2.41374756e+01
 1.75886169e+01
 1.54052979e+01
 9.67061768e+00
 7.26455078e+00
 6.11611328e+00
 4.99041138e+00
 1.08675476e+01
 1.64760681e+01
 1.83789917e+01
 2.16870056e+01
 2.29304749e+01
 2.38013855e+01
 2.02385803e+01
 1.39394775e+01
 8.38207397e+00
 4.14531860e+00
 7.64995728e+00
 2.01055298e+00
 1.36027161e+01
 1.35088745e+01
 1.92252441e+01
 2.45735718e+01
 2.78570801e+01
 2.41945129e+01
 1.95477844e+01
 1.23332764e+01
 6.57235107e+00
 2.53426514e+00
 3.48354492e+00
 5.22384033e+00
 8.88295898e+00
 1.52520081e+01
 1.89511658e+01
 2.53113342e+01
 2.41784912e+01
 2.58640076e+01
 2.13331543e+01
 1.30107056e+01
 1.03525330e+01
 6.76033936e+00
 4.93654785e+00
 7.10671387e+00
 1.10742737e+01
 1.05226990e+01
 1.59846741e+01
 2.41966797e+01
 2.47395264e+01
 2.44693542e+01
 2.01214844e+01
 1.38705994e+01
 9.68078003e+00
 7.20339355e+00
 5.86119995e+00
 6.76430664e+00
 1.14931885e+01
 1.49590698e+01
 1.75104004e+01
 2.21893555e+01
 2.54327026e+01
 2.12673889e+01
 1.71881348e+01
 1.30679565e+01
 9.71584473e+00
 5.35878906e+00
 1.30782471e+00
 5.60714111e+00
 1.18686768e+01
 1.40126587e+01
 1.78739563e+01
 2.27267700e+01
 2.39876038e+01
 2.51529480e+01
 1.81741577e+01
 1.53266235e+01
 6.91286621e+00
 5.57845459e+00
 3.00060425e+00
 4.78981934e+00
 1.04718262e+01
 1.22582642e+01
 1.76786133e+01
 1.93405701e+01
 2.26872803e+01
 2.33072144e+01
 1.79554688e+01
 1.30974060e+01
 6.22759399e+00
 4.29458008e+00
 7.53298340e+00
 8.61477051e+00
 8.82140503e+00
 1.67869812e+01
 1.98930603e+01
 2.05319458e+01
 2.42842041e+01
 2.33460632e+01
 1.90325256e+01
 1.54632202e+01
 8.97582397e+00
 6.50875244e+00
 3.14962158e+00
 6.74596558e+00
 1.10209595e+01
 1.37727295e+01
 1.86303955e+01
 2.39187866e+01
 2.52830139e+01
 2.20341736e+01
 1.73224731e+01
 1.38432861e+01
 9.53136597e+00
 6.83471069e+00
 6.43291626e+00
 6.54595337e+00
 8.61440430e+00
 1.07364746e+01
 1.79800354e+01
 1.99251038e+01
 2.45135742e+01
 2.43824097e+01
 1.76332642e+01
 1.16040894e+01
 9.69237671e+00
 5.59499512e+00
 5.52202759e+00
 -6.09533691e-01
 9.79494629e+00
 1.24252563e+01
 1.75171448e+01
 2.07126404e+01
 2.29888245e+01
 2.16505676e+01
 1.99061829e+01
 1.45422607e+01
 1.20778748e+01
 5.70140991e+00
 3.09423218e+00
 9.63747559e+00
 1.50887085e+01
 1.71460815e+01
 1.99739624e+01
 2.65616699e+01
 2.68745361e+01
 2.47899719e+01
 2.28074890e+01
 1.52644897e+01
 9.42366943e+00
 3.23256836e+00
 5.44954834e+00
 7.19265137e+00
 1.27683655e+01
 1.43334900e+01
 1.79849182e+01
 2.43591858e+01
 2.77257935e+01
 2.39171692e+01
 2.12897583e+01
 1.41691223e+01
 9.55697021e+00
 4.32085571e+00
 4.68328247e+00
 8.33318481e+00
 1.06458374e+01
 1.78228088e+01
 1.96602112e+01
 2.28019043e+01
 2.53755432e+01
 2.62617737e+01
 2.12883545e+01
 1.64867798e+01
 9.12078247e+00
 7.17745361e+00
 6.25222168e+00
 5.82146606e+00
 9.62066040e+00
 1.48232361e+01
 1.85476318e+01
 2.13500305e+01
 2.39021545e+01
 2.21450134e+01
 2.07650696e+01
 1.35812927e+01
 1.27155701e+01
 8.98986206e+00
 5.51061401e+00
 7.11535034e+00
 1.24448792e+01
 1.26917358e+01
 1.94653870e+01
 2.14755798e+01
 2.52682434e+01
 2.75028015e+01
 2.17322327e+01
 1.48857666e+01
 9.69768677e+00
 4.37670288e+00
 1.48854980e+00
 8.12600098e+00
 8.89864502e+00
 1.21117493e+01
 1.63386475e+01
 2.34215027e+01
 2.25597473e+01
 2.48221069e+01
 2.11561829e+01
 1.73280884e+01
 1.27286621e+01
 6.99428711e+00
 6.44127808e+00
 5.22808228e+00
 8.64330444e+00
 1.47820679e+01
 1.80163818e+01
 2.41871887e+01
 2.58626648e+01
 2.57887817e+01
 2.04737793e+01
 1.39598022e+01
 1.05312744e+01
 6.74358521e+00
 8.36791382e+00
 3.34761963e+00
 6.36666260e+00
 1.32005554e+01
 2.05007263e+01
 2.26118103e+01
 2.49475647e+01
 2.41813599e+01
 1.91767212e+01
 1.40085083e+01
 9.10253296e+00
 1.07550903e+01
 3.55562744e+00
 6.58681641e+00
 1.22376953e+01
 1.48348938e+01
 2.22804810e+01
 2.32586304e+01
 2.19599243e+01
 2.47126099e+01
 1.95353943e+01
 1.58569275e+01
 1.26987854e+01
 6.60979614e+00
 2.73211060e+00
 7.15929565e+00
 1.07322021e+01
 1.41700989e+01
 2.06219116e+01
 2.49246155e+01
 2.27992493e+01
 2.30931641e+01
 1.92453552e+01
 1.34049011e+01
 1.00026184e+01
 5.11144409e+00
 3.72500000e+00
 8.73168335e+00
 1.28778320e+01
 1.27506958e+01
 1.94366089e+01
 2.06624084e+01
 2.59573914e+01
 2.39207092e+01
 1.88014771e+01
 1.28501526e+01
 8.54442749e+00
 8.65072021e+00
 6.44747314e+00
 9.45247803e+00
 1.11973511e+01
 1.61435791e+01
 1.87855774e+01
 2.26882568e+01
 2.56853882e+01
 2.60369202e+01
 1.76832214e+01
 1.52921082e+01
 1.10519958e+01
 1.20097900e+01
 3.95052490e+00
 8.03301392e+00
 1.14040466e+01
 1.65013062e+01
 1.92546631e+01
 2.34288879e+01
 2.48758484e+01
 2.53657776e+01
 2.25420776e+01
 1.64877869e+01
 1.01621948e+01
 7.74895630e+00
 8.54561768e+00
 7.60286865e+00
 1.31884094e+01
 1.53540283e+01
 2.01881653e+01
 2.57064148e+01
 2.67387329e+01
 2.55668274e+01
 2.13035217e+01
 1.42196899e+01
 1.04933411e+01
 1.07840210e+01
 7.40572510e+00
 1.01762024e+01
 1.17935730e+01
 1.68987671e+01
 1.75528503e+01
 2.34172607e+01
 2.41913391e+01
 2.43687378e+01
 2.27394043e+01
 1.43545471e+01
 1.00939880e+01
 9.25359497e+00
 4.39553223e+00
 6.44289551e+00
 1.00528198e+01
 1.45085388e+01
 1.83098999e+01
 2.41780029e+01
 2.67084595e+01
 2.51431213e+01
 1.97174316e+01
 1.72591492e+01
 1.04813171e+01
 5.64501343e+00
 5.30010376e+00
 5.84743652e+00
 1.18308044e+01
 1.53590942e+01
 1.88462158e+01
 2.29913879e+01
 2.64087769e+01
 2.51383301e+01
 2.08808228e+01
 1.43557678e+01
 1.27711426e+01
 1.20043274e+01
 5.03008423e+00
 9.66906128e+00
 1.46015869e+01
 1.18021179e+01
 1.68594299e+01
 2.14751526e+01
 2.52823425e+01
 2.49737793e+01
 2.01505981e+01
 1.49197937e+01
 9.94658813e+00
 5.44658813e+00
 5.58565674e+00
 4.13076172e+00
 1.19679504e+01
 1.52152649e+01
 2.00602661e+01
 2.12885071e+01
 2.48520447e+01
 2.49664246e+01
 1.96582886e+01
 1.49587952e+01
 9.41497192e+00
 9.04830322e+00
