 2.73471360e+02
 1.89876681e+02
 2.11026183e+02
 1.03435157e+02
 2.34126000e+02
 5.97429432e+01
 8.88814230e+00
 5.49349986e+01
 1.65195242e+02
 9.24977789e+01
 1.08717972e+02
 2.12917408e+02
 1.96115524e+02
 1.28350327e+02
 1.72008298e+02
 8.24259447e+01
 1.19346215e+02
 8.59402871e+00
 2.47302887e+01
 9.61580071e+00
 5.51048469e+01
 9.19826254e+01
 4.47685902e+02
 5.04642348e+02
 4.00112783e+02
 9.36025513e+01
 1.86564336e+02
 9.55414439e+01
 9.68864206e+01
 1.51596115e+02
 3.00719460e+01
 7.03075317e+01
 5.48397632e+00
 9.48484124e+01
 1.01478638e+02
 4.29577668e+02
 1.23452243e+02
 1.97452739e+02
 1.56670989e+02
 8.93824173e+01
 1.09872784e+02
 3.46372405e+01
 1.17726262e+01
 3.33327892e+00
 1.26447102e+02
 5.06146524e+01
 1.54448346e+02
 3.51976868e+02
 1.38565236e+02
 1.43207865e+02
 3.71270449e+01
 1.52289807e+02
 7.43293181e+01
 5.42963165e+01
 1.94547418e+01
 2.47192756e+01
 3.22970953e+00
 3.82920842e+01
 1.24179038e+02
 1.66465231e+02
 4.78938477e+02
 2.72177439e+02
 6.19529414e+01
 1.12207448e+02
 5.69734648e+01
 8.62575757e+01
 6.47001785e+00
 1.12846023e+01
 1.49032026e+02
 1.30330409e+02
 2.52249311e+02
 1.98006028e+02
 2.06463242e+02
 1.27702750e+02
 2.07445569e+02
 1.17412110e+02
 9.46690163e+01
 2.47194858e+01
 2.90730607e+00
 1.72320758e+01
 1.03854898e+02
 2.70060876e+02
 2.02341823e+02
 2.38494277e+02
 2.31033091e+02
 7.35183563e+01
 2.16603978e+02
 9.77607382e+01
 1.97783515e+02
 1.04053769e+02
 2.82806963e+01
 8.30549829e+01
 7.15168118e+01
 9.00567604e+01
 4.28456977e+02
 1.11587751e+02
 1.06829472e+02
 8.35656816e+01
 3.45488753e+02
 1.08087176e+02
 1.26574189e+02
 7.43110832e+01
 1.67257719e+00
 4.19487522e+01
 7.28439725e+01
 8.24085392e+01
 6.40521288e+01
 4.94815075e+01
 2.23015856e+02
 1.46557287e+02
 2.04931296e+02
 9.83017073e+01
 1.74100424e+02
 7.08676329e+01
 4.34109458e+01
 2.16001187e+01
 6.09865902e+01
 9.18492793e+01
 1.35674722e+02
 3.82588232e+01
 1.60602142e+02
 3.45174908e+02
 4.96722309e+01
 8.37896783e+01
 1.16723491e+02
 5.28477161e+00
 3.70571661e+01
 1.10020444e+01
 2.06592780e+02
 2.91631943e+02
 1.31881442e+02
 2.67237232e+02
 2.85207866e+02
 1.16786520e+02
 9.45938612e+01
 7.54684161e+01
 9.99518030e+01
 1.50673064e+01
 7.10746361e+00
 4.19306040e+01
 2.13530874e+01
 1.83308040e+02
 1.86196844e+02
 8.99278186e+01
 1.97127688e+02
 1.85993416e+02
 1.77771715e+02
 7.08417768e+01
 1.72001575e+02
 5.25387445e+01
 3.42923192e+01
 4.36100344e+01
 5.88505219e+01
 1.52623016e+02
 3.17426273e+02
 3.53404358e+02
 4.08612334e+01
 1.42261634e+02
 3.70092648e+02
 7.65966726e+01
 4.69629027e+01
 2.65045004e+01
 1.78378518e+01
 9.10162582e+00
 1.17081384e+02
 2.30999669e+02
 1.89107793e+02
 1.83098915e+02
 1.49702897e+02
 1.53701515e+02
 1.58059270e+02
 1.40101100e+02
 1.22834700e+02
 1.88156267e+02
 1.32725411e+01
 1.69857411e+01
 7.05929286e+01
 2.31842269e+02
 3.44742246e+02
 2.03557982e+02
 2.03610852e+02
 1.78611509e+02
 2.65837024e+02
 1.98242475e+02
 8.06590302e+01
 2.41302794e+01
 4.13996799e+01
 2.93213564e+01
 2.48949502e+01
 2.79111107e+02
 2.53990136e+02
 2.26290198e+02
 1.92656807e+02
 6.56307519e+01
 1.35047607e+02
 1.50142470e+02
 9.08113816e+01
 1.35081221e+02
 6.42934461e+01
 3.88024852e+01
 4.46150218e+01
 1.06095245e+02
 1.32863454e+02
 2.24948240e+02
 2.67765316e+02
 2.17127775e+02
 2.88650739e+02
 2.04039290e+02
 1.01240423e+02
 5.97034801e+01
 2.79989521e+01
 2.92640351e+01
 2.10469989e+01
 1.73651559e+02
 1.12525897e+02
 7.59401608e+01
 1.53490628e+02
 2.26487549e+02
 2.01097319e+02
 4.47686826e+01
 1.59957102e+02
 5.70443260e+01
 3.69613799e+00
 1.82074074e+01
 1.90877376e+01
 1.46016824e+02
 2.34158431e+02
 2.79651663e+02
 2.81553120e+02
 2.35356597e+02
 3.39403088e+01
 1.24873927e+02
 8.71838116e+01
 8.23179471e+01
 6.35989256e+01
 9.12887676e+01
 7.35973160e+01
 3.17931989e+02
 3.76969930e+02
 1.29396576e+02
 9.93399894e+01
 6.20955097e+01
 1.90744710e+02
 1.82581897e+02
 1.63433845e+02
 1.27790272e+01
 9.86682991e+01
 2.28696474e+01
 8.74239657e+01
 3.39781324e+02
 1.18760209e+02
 2.12033475e+02
 3.37001957e+01
 5.06505991e+01
 8.91497827e+01
 2.00797153e+02
 8.13527565e+01
 2.18011681e+00
 6.44091447e+00
 6.55915611e+01
 5.69090437e+01
 2.23363852e+02
 1.40964346e+02
 1.52503146e+02
 7.30530149e+01
 1.58010994e+02
 1.30856573e+02
 8.69573965e+01
 1.32707497e+02
 2.81994029e+01
 6.20068889e+01
 5.03574507e+01
 1.39476622e+02
 2.13300502e+02
 2.20281319e+02
 1.26469188e+02
 3.08873398e+02
 2.46717788e+02
 2.22635082e+02
 6.21146063e+01
 7.30903928e+01
 3.66643681e+01
 5.25696822e+00
 5.29754878e+00
 1.68926777e+02
 1.38168374e+02
 1.82483715e+02
 2.76137348e+02
 2.02056145e+02
 1.13818312e+02
 6.55845211e+01
 2.29958299e+02
 9.43663202e+01
 3.13586627e+01
 4.40115393e+01
 2.04451596e+01
 1.73287175e+02
 1.24187464e+02
 1.31512092e+02
 2.53317845e+02
 3.37806457e+02
 1.27049672e+02
 1.61732890e+02
 1.82499934e+02
 8.67397890e+01
 1.37333132e+02
 2.17529284e+01
 6.55546851e+01
 1.23227926e+02
 1.01190027e+02
 2.45674569e+02
 8.19688624e+01
 9.06944638e+01
 1.11447306e+02
 7.92559191e+01
 8.76207623e+01
 1.08020642e+02
 5.06379741e+01
 6.57536227e+01
 9.32608225e+00
 2.65531960e+02
 2.23851304e+02
 2.17746669e+02
 2.17232347e+02
 3.79660556e+02
 1.23920002e+02
 1.04022558e+02
 1.91073892e+02
 1.00704446e+02
 7.14230341e+01
 2.17801433e+01
 2.11691579e+01
 1.25594898e+02
 3.83590715e+01
 1.47709274e+02
 1.06106285e+02
 1.92537054e+02
 1.65660382e+02
 7.84261330e+01
 1.80987193e+02
 9.68540025e+01
 3.64733990e+01
 6.98331883e+00
 2.23845516e+01
 1.14334233e+01
 8.80109863e+01
 2.33743829e+02
 1.96487665e+02
 4.18828284e+02
 4.26977266e+02
 1.86876649e+02
 1.95832051e+02
 8.12542548e+01
 4.64219491e+00
 1.28973913e+01
 1.01263311e+02
 2.23192796e+02
 9.92414292e+01
 1.78683080e+02
 4.06883784e+02
 2.42458257e+02
 1.10239034e+02
 8.15593334e+01
 1.32317054e+02
 7.04722705e+00
 2.72522780e+01
 2.37433888e+00
 9.85196647e+01
 1.36685042e+02
 1.03171540e+02
 2.63089909e+02
 1.64492000e+02
 1.87666924e+02
 4.05735880e+02
 1.34474584e+02
 1.59628283e+02
 1.27210587e+02
 9.15740733e+01
 6.88159065e+00
 2.99953115e+00
 2.50355858e+02
 1.78146351e+02
 1.70138957e+02
 3.11762755e+02
 2.36680536e+02
 4.30230572e+02
 1.16206438e+02
 1.69228337e+02
 1.29499853e+02
 4.16939076e+01
 6.06578896e+00
 7.14506788e+01
 7.66297895e+01
 1.14359830e+02
 2.37054991e+02
 1.88451800e+02
 7.42960425e+01
 4.65858140e+02
 7.18626876e+01
 2.02588691e+02
 7.18591798e+01
 1.95484592e+01
 1.04085287e+01
 7.12148554e+01
 1.72475415e+02
 4.35530917e+02
 2.38934808e+02
 1.61370882e+02
 2.03821692e+02
 8.74338259e+01
 2.20861680e+02
 5.75793356e+01
 5.25600345e+01
 3.75460702e+01
 1.77985069e+01
 1.89955515e+01
 9.93791192e+01
 8.39807957e+01
 4.65427998e+02
 1.45866582e+02
 4.11971029e+02
 1.58459704e+02
 1.84510289e+02
 1.16236470e+02
 1.67192988e+02
 4.02504559e+01
 1.47785010e+01
 6.92173041e+01
 4.66101877e+01
 1.04250138e+02
 5.93003677e+01
 2.96793179e+00
 2.14664014e+02
 2.06993637e+02
 1.72869197e+02
 1.31390205e+02
 1.81641842e+02
 3.75807218e+01
 2.94145428e+01
 4.02082612e+01
 9.08762610e+01
 1.22166634e+02
 2.61208790e+02
 1.56919227e+02
 4.92431760e+02
 2.14644151e+02
 1.39527891e+02
 2.34612336e+02
 1.44795311e+02
 4.72512902e+01
 1.22776399e+01
 2.62257141e+01
 1.91248604e+02
 2.34577925e+02
 1.60473915e+02
 1.59875097e+02
 1.13994042e+02
 1.91727760e+02
 1.59849168e+02
 1.17786420e+02
 1.30546549e+02
 4.06078004e+00
 2.70310185e+01
 2.84929003e+01
 5.83198736e+01
 8.17791572e+01
 3.32899447e+02
 1.22493905e+02
 1.70571804e+02
 5.61178101e+01
 1.30734530e+02
 6.98784730e+01
 4.25275630e+01
 3.57847423e+00
 3.53104342e+01
 1.51812104e+01
 5.08363360e+01
 2.68078720e+01
 2.98592564e+02
 2.12082000e+02
 2.07658397e+02
 1.08282881e+02
 1.79994391e+02
 1.58677775e+02
 4.21516848e+01
 6.70333146e+01
 2.62145049e+00
 2.62054223e+01
 1.14453730e+02
 9.44939855e+01
 3.51819644e+02
 3.66249902e+02
 2.31642712e+02
 9.53882386e+01
 8.73456685e+01
 2.77419357e+01
 1.64347400e+02
 3.46904413e+00
 7.52389986e+00
 1.41510426e+02
 1.60339052e+02
 1.23140309e+02
 2.07816672e+02
 3.19841650e+02
 3.10821508e+02
 1.33514656e+02
 1.63061382e+02
 2.06328731e+02
 4.51983929e+01
 3.24492761e+01
 9.33953197e+00
 4.19744957e+01
 4.85928876e+01
 1.80669706e+02
 1.86942012e+02
 1.85727739e+02
 3.17229099e+02
 2.44498704e+02
 8.59736699e+01
 1.37694787e+02
 1.35542688e+02
 5.18294233e+01
 5.09200622e+01
 1.35703648e+02
 2.25348940e+02
 1.67328098e+02
 6.71249659e+01
 3.72445464e+02
 2.37042407e+02
 2.21565731e+02
 1.46306210e+02
 1.48000093e+02
 8.91622842e+01
 3.91808541e+01
 1.32488730e+01
 2.30379987e+01
 2.67731216e+02
 2.40710585e+01
 1.06356884e+02
 1.47014586e+02
 4.15719687e+02
 6.27581809e+01
 1.45262914e+02
 6.58460379e+01
 5.25695007e+01
 5.38580267e+01
 1.32747688e+01
 8.48734816e+00
 2.19522874e+02
 2.12008901e+02
 1.73825815e+02
 1.76442853e+02
 2.04481008e+02
 2.31693023e+02
 1.93582425e+02
 1.42522235e+02
 1.48901310e+02
 6.88580114e+01
 1.12360827e+02
 8.05778557e+00
 7.67941529e+01
 1.09580027e+02
 1.48590860e+02
 1.20737585e+02
 7.83228860e+01
 1.91930799e+02
 2.36133685e+02
 1.52194614e+02
 1.98678030e+02
 1.18166642e+02
 3.20926124e+01
 1.25131917e+02
 4.28337202e+01
 8.57535051e+01
 1.52300839e+02
 1.41910192e+02
 1.33453037e+02
 3.44971235e+01
 1.19082612e+02
 6.45704762e+01
 6.11728495e+01
 3.03106760e+01
 7.73316790e+00
 1.10843614e+02
 1.26935444e+02
 1.43647083e+02
 4.07002875e+01
 9.38160591e+01
 1.94159969e+02
 1.12536737e+02
 1.58149178e+02
 1.66600296e+02
 1.06418725e+02
 3.39438884e+01
 1.04172810e+02
 6.71529775e+01
 4.49583032e+01
 2.30484292e+02
 1.40674573e+02
 1.08078550e+02
 1.98476057e+02
 1.72574534e+02
 3.23677361e+02
 1.18628949e+02
 1.15311718e+02
 1.57520339e+01
 2.04056798e+00
 4.41806360e+01
 1.14897508e+02
 2.22424164e+02
 1.56148765e+02
 2.24853645e+02
 1.09997604e+02
 2.41028083e+02
 1.84399247e+02
 1.37956516e+02
 4.56243307e+01
 2.86300381e+01
 3.43645049e+01
 7.50891133e+01
 4.52121114e+01
 1.98263444e+02
 3.30352274e+02
 2.69246008e+02
 7.03892446e+01
 1.91303798e+02
 2.16732852e+02
 9.97273936e+01
 9.12169838e+01
 4.59054164e+01
 1.73230631e+00
 6.04020972e+01
 7.31433212e+01
 1.75944489e+02
 1.99567490e+02
 1.50311583e+01
 2.22666204e+02
 8.99247989e+01
 1.17058703e+02
 1.63852857e+02
 4.69644374e+01
 6.65191539e+01
 7.47438068e+01
 6.37322328e+01
 6.06179573e+01
 1.65941122e+02
 1.00369024e+02
 1.82398090e+02
 1.28378907e+02
 3.02559066e+02
 1.46563977e+02
 1.93438940e+02
 7.34050010e+01
 9.56906656e+00
 2.26211051e+00
 6.31062271e+01
 1.32155486e+02
 1.15478924e+02
 2.21613142e+02
 3.96234764e+02
 3.10003385e+02
 1.36912907e+02
 2.54162978e+02
 1.13411519e+02
 6.21361182e+01
 1.64018081e+01
 2.79887721e+01
 3.79288342e+01
 1.53869479e+02
 2.62334109e+02
 9.81221858e+01
 2.55811169e+02
 2.81762225e+02
 6.94545085e+01
 2.95073998e+02
 1.01379948e+02
 1.88241817e+02
 2.38189457e+01
 1.52913574e+01
 2.34848812e+01
 4.64519631e+01
 1.35676814e+02
 1.41886404e+02
 1.06523648e+02
 8.82051737e+01
 7.56911731e+01
 2.49350708e+02
 1.59470129e+02
 4.51133524e+01
 5.28739824e+01
 1.06131556e+01
 5.77172458e+01
 3.90206256e+01
 2.54372220e+02
 2.13814810e+02
 2.91178362e+02
 1.27696937e+02
 2.78537903e+02
 1.12422389e+02
 6.10650071e+01
 1.51761231e+02
 2.76921589e+01
 2.38370207e+00
 1.14692735e+01
 9.09979034e+01
 6.49346865e+01
 2.14168988e+02
 3.17731478e+02
 1.13130386e+02
 1.40185347e+02
 5.57889303e+01
 1.45901951e+02
 1.42628527e+02
 1.56981824e+01
 2.86489937e+01
 6.89065692e+01
 1.89803832e+02
 1.39432039e+02
 2.92125999e+02
 1.60319080e+02
 1.40361847e+02
 1.56771673e+02
 1.30601583e+02
 9.20200199e+01
 8.19712789e+01
 4.85954431e+01
 1.76796915e+01
 4.64981059e+01
 2.10425529e+01
 3.18729552e+02
 1.44207020e+02
 2.06859567e+02
 1.69277767e+02
 8.44811262e+01
 4.28780046e+01
 2.95676768e+01
 1.05722606e+02
 8.37730668e+00
 4.83103806e+01
 8.20445242e+01
 3.09835139e+01
 1.83389461e+02
 1.20082990e+02
 3.23555483e+02
 2.55150957e+02
 1.94086286e+02
 9.76833696e+01
 1.72173025e+02
 1.23334672e+02
 1.42710451e+02
 2.54866933e+00
 1.00501080e+01
 1.42819213e+02
 7.18392242e+01
 2.32194859e+02
 1.56661245e+02
 3.27196256e+02
 1.96149909e+02
 3.12753638e+02
 1.71297106e+02
 7.22536885e+01
 1.63831414e+02
 2.67697951e+00
 9.16977606e+01
 1.28571949e+02
 4.88070596e+01
 3.25429775e+02
 9.28052070e+00
 1.56432574e+02
 9.87300481e+01
 8.03367194e+01
 1.19078545e+02
 1.04392292e+02
 1.02131877e+01
 3.32941239e+00
 9.35103033e+01
 6.59539743e+01
 2.41609773e+02
 1.17406858e+02
 2.09046035e+02
 1.08181349e+02
 1.04739951e+02
 2.06586737e+02
 1.31386933e+02
 1.37030620e+02
 2.73385215e+01
 3.17176428e+01
 2.82453842e+01
 1.21404469e+02
 1.86214469e+02
 2.06419426e+02
 1.60516152e+02
 2.80181384e+02
 3.52639246e+02
 1.34151942e+02
 7.71107955e+01
 1.31769153e+02
 3.35203702e+01
 2.07428117e+00
 6.21372436e+01
 1.42680578e+02
 1.78616069e+02
 2.72830955e+02
 2.90449669e+02
 1.35172242e+02
 2.43945209e+02
 1.73600715e+02
 1.07857357e+02
 1.99644300e+02
 1.51433454e+02
 6.70076219e+01
 5.20820103e+01
 1.04338271e+02
 5.44783186e+01
 5.83675168e+01
 1.42458865e+02
 2.45282291e+02
 2.01543724e+02
 1.19850514e+02
 1.63382940e+02
 1.06438651e+02
 8.90377262e+01
 9.95348016e+00
 1.50055329e+01
 1.19366026e+02
 1.99549686e+02
 3.66601210e+02
 2.63353931e+02
 3.95923892e+02
 1.66879127e+02
 2.48450521e+02
 1.83052568e+02
 1.23910813e+02
 1.19396972e+01
 7.66170142e+00
 1.02683318e+02
 1.25984823e+02
 9.48875734e+01
 1.77843276e+02
 3.15171339e+01
 2.21183777e+02
 3.29972310e+02
 1.13590622e+02
 1.59721316e+02
 1.20718847e+02
 7.31954907e+00
 1.35411907e+01
 1.35742342e+02
 8.64795023e+01
 6.58799142e+01
 2.63276691e+02
 2.71828431e+02
 6.56334114e+01
 1.50148605e+02
 2.19372530e+02
 1.92099629e+02
 5.38934324e+01
 3.01664755e+01
 2.83530519e+00
 4.49198325e+01
 8.80062932e+01
 1.38202809e+02
 1.66443292e+02
 1.44452148e+02
 1.75771436e+02
 1.53837209e+02
 5.85044021e+01
 5.19592931e+01
 8.24795727e+01
 2.49025646e+01
 2.01695796e+01
 1.95299104e+01
 7.78741250e+01
 1.06698747e+02
 1.07097799e+02
 3.73370556e+02
 7.36664266e+01
 1.92213363e+02
 3.10981114e+02
 1.34397798e+02
 8.28226673e+01
 1.23629610e+02
 7.38339801e+00
 8.38844864e+01
 6.40848721e+00
 1.41724599e+02
 2.31625403e+02
 4.46418470e+02
 2.05180118e+02
 1.60880665e+02
 2.54989402e+02
 6.36112177e+01
 2.11059469e+02
 4.44423746e+01
 5.18093060e+00
 6.64734214e+00
 1.81168544e+02
 1.87030721e+02
 1.18229255e+02
 1.71007067e+02
 2.06035131e+02
 2.51875982e+02
 2.38801290e+02
 1.16804323e+02
 2.19634078e+01
 7.77608986e+00
 4.45928007e+01
 5.22853412e+00
 3.96660492e+01
 1.13785034e+02
 1.27169394e+02
 2.57083692e+02
 3.11022195e+02
 1.78784206e+01
 2.27372538e+02
 2.87543910e+02
 9.84856387e+01
 3.44032557e+01
 1.49674754e+01
 5.70075589e+01
 1.82451315e+02
 1.63601714e+02
 1.96195545e+02
 2.91595014e+02
 9.35877093e+01
 2.46063539e+02
 3.30189538e+01
 1.10138076e+02
 7.43254936e+01
 4.10572183e+01
 3.19825287e+00
 8.77450516e+00
 5.66896301e+01
 1.48906864e+02
 2.68204848e+02
 3.94705624e+02
 2.02619989e+02
 2.56436484e+02
 5.51840884e+01
 2.37900226e+02
 7.50782147e+01
 9.98060439e+00
 1.00707136e+02
 2.62015174e+01
 8.77288637e+01
 4.55078709e+01
 1.33220715e+02
 3.36173408e+02
 4.07145117e+02
 2.40118377e+02
 1.95105835e+02
 1.90958303e+02
 1.69844768e+02
 2.65222387e+00
 1.78596332e+01
 2.36307094e+01
 5.48495111e+01
 5.66751181e+00
 2.83887737e+02
 3.25980249e+02
 1.77133174e+02
 9.77212865e+01
 2.21673820e+02
 1.46294262e+02
 1.27061475e+02
 2.62889034e+01
 2.13679219e+00
 2.51864158e+01
 3.28959181e+01
 3.23937953e+02
 4.34666170e+02
 2.71127645e+02
 2.33652619e+02
 1.91944159e+02
 2.38860962e+02
 2.02699960e+02
 1.47835486e+02
 8.88410899e+01
 1.40321561e+01
 5.60055130e+00
 5.44980448e+01
 3.05357503e+02
 1.64192267e+02
 2.51469065e+02
 2.17465091e+02
 5.33922421e+01
 2.38252393e+02
 5.54878695e+01
 7.33978294e+01
 1.97379715e+01
 2.53918916e+01
 7.67206716e+00
 8.57727790e+01
 3.29751357e+02
 2.09085242e+02
 3.53945109e+02
 2.81686281e+02
 3.49134794e+02
 1.52551096e+02
 4.87027524e+01
 8.39784669e+01
 3.80663789e+01
 9.47661369e+00
 3.06349205e+01
 3.00550431e+01
 1.05342280e+02
 1.67390255e+02
 2.74714398e+02
 1.71911599e+02
 2.36645397e+02
 2.46084064e+02
 1.67217070e+02
 1.71659133e+02
 5.96275668e+01
 3.57963461e+01
 3.33824865e+01
 1.55811393e+01
 1.89040803e+02
 1.47860233e+02
 1.77764271e+02
 1.80765899e+02
 2.07812693e+02
 1.50296742e+02
 2.50759390e+02
 1.25577021e+02
 9.07864154e+01
 3.50734220e+01
 1.10463940e+01
 1.63455303e+02
 1.75738111e+02
 3.41171429e+02
 2.07707468e+02
 2.58566567e+02
 2.77664386e+02
 2.48503665e+02
 1.32089743e+02
 1.77523169e+01
 4.42000104e+00
 3.56420657e+00
 1.91756333e+01
 2.37948261e+02
 2.10422019e+02
 3.03768343e+02
 3.50323746e+02
 5.68778534e+00
 1.28797744e+02
 2.54435828e+02
 9.09850696e+01
 8.76572415e+01
 9.62377097e+01
 1.05390198e+01
 5.26107225e+01
 7.10484557e+01
 3.23528103e+01
 1.79941673e+02
 2.42026697e+02
 2.48548526e+02
 1.00242773e+02
 9.97879680e+01
 5.91825490e+01
 4.31353086e+01
 4.72842957e+00
 3.20264527e+00
 4.96548964e+01
 1.29122640e+02
 1.43648145e+02
 2.27010726e+02
 2.36362746e+02
 3.42841123e+02
 2.29101657e+02
 1.96231652e+02
 2.72040223e+02
 3.52966513e+01
 2.82038891e+01
 1.13910051e+01
 5.36337558e+01
 1.58944087e+02
 3.07521501e+02
 4.40884754e+02
 3.70064780e+02
 3.58117591e+02
 2.93659514e+02
 2.60162569e+02
 2.11763109e+02
 9.88045684e+01
 3.63952697e+01
 4.29778413e+01
 7.39752518e+01
 1.29811845e+01
 1.27058883e+02
 2.14530864e+01
 3.74376328e+02
 2.79987733e+02
 2.65217345e+02
 1.36965628e+02
 1.65425645e+02
 2.07832073e+02
 7.36444359e+00
 3.40089745e+01
 2.83318345e+00
 3.49344451e+00
 9.97901312e+01
 1.76279615e+02
 2.04711258e+02
 2.46876949e+02
 1.53113467e+02
 1.35162595e+02
 1.24599383e+02
 1.36014354e+02
 2.31270104e+01
 2.89483624e+01
 1.63129171e+00
 1.20906068e+01
 1.68782306e+02
 1.92548065e+02
 3.20261576e+02
 1.80304425e+02
 3.27164651e+02
 1.81048240e+02
 9.58847866e+01
 7.36951372e+01
 2.63928793e+01
 1.29857130e+01
 8.72694427e+00
 6.52335638e+01
 1.63796087e+02
 1.70946531e+02
 2.49024382e+02
 2.67990771e+02
 6.33527499e+01
 1.35129037e+02
 8.10343655e+01
 1.76281240e+02
 1.18121239e+00
 1.74725665e+01
 2.70075989e+01
 1.30208102e+01
 2.36937231e+02
 3.79974667e+02
 2.03248806e+02
 1.04220282e+02
 1.45060096e+02
 3.23821045e+02
 9.68398206e+01
 7.75094113e+01
 9.87680467e+00
 2.98351287e+01
 3.74957662e+01
 1.48527031e+01
 2.50372713e+02
 2.33779680e+02
 8.76186749e+01
 4.62092413e+02
 1.25266035e+02
 1.24293761e+02
 8.38845593e+01
 5.23734619e+01
 4.75326707e+01
 6.16063389e+01
 8.96878638e+01
 1.01097700e+02
 1.06629204e+02
 1.25399478e+02
 4.80720141e+02
 2.92320919e+02
 1.28603347e+02
 9.31716129e+01
 1.06238287e+02
 9.40491055e+01
 3.28502616e+00
 5.44577004e+01
 1.35477398e+01
 5.72501185e+01
 6.87617398e+01
 1.36369876e+02
 2.57662678e+02
 1.37620042e+02
 7.71172517e+01
 9.72119372e+01
 7.73240422e+01
 8.01075609e+01
 1.02389494e+02
 4.06389931e+01
 2.74497750e+01
 5.10714499e+01
 1.37210884e+02
 3.00499709e+02
 2.24101723e+02
 2.64609870e+02
 7.73726655e+01
 1.88681329e+02
 1.61087671e+02
 6.79616435e+01
 4.30437513e+01
 7.62326209e+01
 4.45388728e+00
 2.19462185e+02
 1.99338476e+02
 1.66156348e+02
 3.78803984e+02
