 3.04143677e+00
 5.45876465e+00
 7.39293823e+00
 1.11546570e+01
 1.51580139e+01
 2.07684570e+01
 2.12050720e+01
 2.36098267e+01
 1.92438904e+01
 1.32488953e+01
 7.34246216e+00
 6.70195923e+00
 5.85878906e+00
 7.85765991e+00
 7.00399170e+00
 1.17984863e+01
 1.49233337e+01
 1.65255676e+01
 2.08686768e+01
 2.26052185e+01
 1.78683105e+01
 1.09310852e+01
 8.60976563e+00
 1.48800049e+00
 4.06246338e+00
 6.94616089e+00
 6.05153809e+00
 1.01258789e+01
 1.33109680e+01
 2.01666809e+01
 2.43506714e+01
 2.39729858e+01
 1.65536743e+01
 1.12023254e+01
 8.60637817e+00
 7.01827393e+00
 3.91741333e+00
 3.36052856e+00
 6.24495850e+00
 1.01072327e+01
 1.50008179e+01
 1.86616455e+01
 2.21144043e+01
 2.12893311e+01
 1.84612061e+01
 1.35615479e+01
 1.11022278e+01
 5.67553101e+00
 5.38021240e+00
 6.16704712e+00
 8.18587646e+00
 1.21236816e+01
 1.34746948e+01
 1.87631165e+01
 2.20172363e+01
 2.04880615e+01
 1.68938232e+01
 1.10896240e+01
 1.00483337e+01
 3.25939331e+00
 2.63619385e+00
 5.82930908e+00
 9.53914795e+00
 1.11377502e+01
 1.45034424e+01
 1.86475159e+01
 2.16994263e+01
 2.10751282e+01
 1.56620422e+01
 1.20462280e+01
 1.24989258e+01
 5.80559692e+00
 5.38155518e+00
 5.76030884e+00
 6.94790039e+00
 1.11776367e+01
 1.68224121e+01
 2.23475586e+01
 2.45692383e+01
 2.15561768e+01
 1.74679810e+01
 1.36039063e+01
 8.14379272e+00
 7.95446167e+00
 3.77150879e+00
 6.57662354e+00
 7.44350586e+00
 1.10286499e+01
 1.55144592e+01
 2.10590454e+01
 2.47905823e+01
 2.31516663e+01
 1.85811707e+01
 1.39141479e+01
 9.33843384e+00
 5.95186768e+00
 5.58760986e+00
 7.50298462e+00
 4.68749390e+00
 9.68923340e+00
 1.36738831e+01
 1.91685120e+01
 2.32755981e+01
 2.15580383e+01
 1.55728699e+01
 1.35342651e+01
 9.58709106e+00
 6.99770508e+00
 5.90300903e+00
 7.70903931e+00
 9.31304321e+00
 1.13068787e+01
 1.45613647e+01
 1.96074768e+01
 2.25884033e+01
 2.18708130e+01
 1.52222534e+01
 1.17480103e+01
 7.18599854e+00
 8.26812134e+00
 5.27117310e+00
 7.20925293e+00
 7.30007324e+00
 1.05844666e+01
 1.30641724e+01
 1.79033142e+01
 2.29645325e+01
 1.93861633e+01
 1.68160950e+01
 1.21067444e+01
 9.47838745e+00
 6.24324951e+00
 5.58419189e+00
 7.61889038e+00
 8.97918091e+00
 1.14926086e+01
 1.34893738e+01
 1.75151917e+01
 2.34714600e+01
 2.32784668e+01
 1.64360291e+01
 1.28918701e+01
 8.83202515e+00
 5.92775879e+00
 4.75914917e+00
 5.62267456e+00
 7.92971191e+00
 1.01596619e+01
 1.42886597e+01
 2.18088928e+01
 2.47613464e+01
 2.26601501e+01
 1.66454712e+01
 1.29465576e+01
 6.88860474e+00
 2.97313843e+00
 4.46245728e+00
 3.83977661e+00
 9.65053711e+00
 9.17049561e+00
 1.46460510e+01
 1.81173950e+01
 2.34361511e+01
 2.43883606e+01
 1.68363892e+01
 1.01069885e+01
 1.10628296e+01
 4.99062500e+00
 2.53890381e+00
 5.82552490e+00
 6.26931152e+00
 1.10317322e+01
 1.66105591e+01
 1.85724731e+01
 2.30658813e+01
 2.26557556e+01
 1.78701111e+01
 1.39607483e+01
 9.11214600e+00
 9.59359131e+00
 3.64617310e+00
 5.75417480e+00
 6.45012817e+00
 9.40990601e+00
 1.41505371e+01
 1.74150024e+01
 2.48992554e+01
 2.21599365e+01
 1.69594055e+01
 1.48540588e+01
 9.37606201e+00
 8.08599243e+00
 4.70375977e+00
 3.13359985e+00
 5.23809204e+00
 8.66433105e+00
 1.60774170e+01
 1.71841370e+01
 2.57369019e+01
 2.47339722e+01
 1.92081238e+01
 1.32609802e+01
 8.80114136e+00
 5.93990479e+00
 4.03154907e+00
 3.89608154e+00
 6.18566284e+00
 8.43770752e+00
 1.25710999e+01
 1.84661194e+01
 2.21953674e+01
 2.27122437e+01
 1.81957642e+01
 1.40488220e+01
 7.62285767e+00
 5.93120728e+00
 3.83168945e+00
 6.49447021e+00
 6.45485840e+00
 1.12809387e+01
 1.52267395e+01
 2.06419312e+01
 2.46000000e+01
 2.24800049e+01
 1.80277039e+01
 1.30411926e+01
 7.32073364e+00
 5.21801147e+00
 5.32351074e+00
 7.48281250e+00
 9.35643921e+00
 1.04790894e+01
 1.32442871e+01
 1.70783325e+01
 2.04480835e+01
 2.03070618e+01
 1.75228516e+01
 1.33008057e+01
 9.30602417e+00
 5.64919434e+00
 3.46294556e+00
 7.24279175e+00
 5.74950562e+00
 1.04165588e+01
 1.30056091e+01
 1.86824585e+01
 2.32652527e+01
 2.36590210e+01
 1.77826782e+01
 1.33172852e+01
 9.57518921e+00
 4.05498657e+00
 4.32213745e+00
 3.39959717e-01
 8.50933228e+00
 1.18410278e+01
 1.56268860e+01
 2.00309998e+01
 2.20604187e+01
 2.41474243e+01
 1.90922485e+01
 1.34198242e+01
 1.23015991e+01
 5.52141724e+00
 8.56411133e+00
 5.37035522e+00
 9.94381104e+00
 1.17178589e+01
 1.34955994e+01
 1.96922241e+01
 2.43636414e+01
 2.27691589e+01
 1.88297058e+01
 1.41149231e+01
 1.05254150e+01
 7.66805420e+00
 7.06060181e+00
 4.60939941e+00
 4.77468262e+00
 8.37563477e+00
 1.42321716e+01
 1.80963074e+01
 2.50478455e+01
 2.38616577e+01
 1.59743591e+01
 1.32592102e+01
 8.25289307e+00
 7.09258423e+00
 6.32232056e+00
 6.20220337e+00
 4.79763184e+00
 1.20583130e+01
 1.35509888e+01
 1.64920288e+01
 2.18640991e+01
 2.08117310e+01
 1.77062317e+01
 1.05886475e+01
 1.05632874e+01
 6.17983398e+00
 4.74511108e+00
 7.29860840e+00
 6.65676270e+00
 1.28424316e+01
 1.37482849e+01
 1.87932678e+01
 2.38768250e+01
 2.15911804e+01
 1.78033997e+01
 1.42268616e+01
 1.01082703e+01
 6.20055542e+00
 4.75249634e+00
 5.56484375e+00
 7.03685913e+00
 1.16432434e+01
 1.36946960e+01
 1.85153137e+01
 2.33885132e+01
 2.38617798e+01
 1.76278931e+01
 1.32993408e+01
 7.55669556e+00
 6.43264160e+00
 4.53988037e+00
 6.53185425e+00
 6.52880249e+00
 1.02705933e+01
 1.40377441e+01
 1.65600830e+01
 2.04293457e+01
 2.32120911e+01
 1.73632141e+01
 1.03748413e+01
 1.16581970e+01
 7.44909058e+00
 4.94558105e+00
 5.45971069e+00
 9.09102783e+00
 1.19096619e+01
 1.59874512e+01
 1.74553162e+01
 2.58052002e+01
 2.18702332e+01
 1.74977966e+01
 1.22898193e+01
 1.06419922e+01
 9.15743408e+00
 6.11470947e+00
 2.62905273e+00
 6.87569580e+00
 1.04163757e+01
 1.35701538e+01
 1.79539124e+01
 1.86999756e+01
 1.96467224e+01
 1.72346741e+01
 1.22432495e+01
 8.38146362e+00
 8.10189209e+00
 8.70031128e+00
 8.58385620e+00
 9.21865234e+00
 1.08043762e+01
 1.53211609e+01
 1.93888184e+01
 2.11832214e+01
 2.18658081e+01
 1.92826782e+01
 1.31162964e+01
 9.34505615e+00
 7.14312134e+00
 6.28005371e+00
 5.75753174e+00
 8.41542969e+00
 8.39049683e+00
 1.45333801e+01
 1.97493835e+01
 2.72460266e+01
 2.33537537e+01
 1.74316956e+01
 1.47389465e+01
 1.22790771e+01
 7.03997192e+00
 5.24373779e+00
 5.48681030e+00
 6.93941650e+00
 1.10677124e+01
 1.42377869e+01
 1.68576294e+01
 2.16495605e+01
 2.30034119e+01
 2.15373474e+01
 1.26295715e+01
 8.44164429e+00
 3.10540161e+00
 5.51333008e+00
 3.57647095e+00
 7.27819214e+00
 1.22732788e+01
 1.37289063e+01
 1.80065552e+01
 2.27679077e+01
 2.29200073e+01
 1.80902954e+01
 1.37100769e+01
 1.23076111e+01
 6.70852051e+00
 3.38045654e+00
 5.80263672e+00
 9.50405273e+00
 1.30669495e+01
 1.79754883e+01
 2.12424561e+01
 2.26860291e+01
 2.27863403e+01
 1.83939453e+01
 1.47815796e+01
 1.01299377e+01
 9.64516602e+00
 7.38506470e+00
 2.57482300e+00
 8.24273071e+00
 1.15616089e+01
 1.38009583e+01
 1.76185547e+01
 2.25374695e+01
 2.24627930e+01
 2.01261230e+01
 1.14089600e+01
 9.72191772e+00
 6.26390991e+00
 5.76018677e+00
 5.86330566e+00
 8.59154663e+00
 1.22523132e+01
 1.64915405e+01
 1.94150330e+01
 2.29221130e+01
 2.40987183e+01
 1.93018127e+01
 1.44583374e+01
 9.90258179e+00
 6.80178223e+00
 3.33965454e+00
 4.77889404e+00
 9.13207397e+00
 1.06168762e+01
 1.71740356e+01
 1.78367249e+01
 2.45401855e+01
 2.23223206e+01
 2.08535400e+01
 1.42588135e+01
 1.17161499e+01
 9.54055176e+00
 4.49785767e+00
 6.83263550e+00
 1.01867615e+01
 1.10849243e+01
 1.48260742e+01
 2.10946289e+01
 2.24804016e+01
 2.35241943e+01
 1.89991394e+01
 1.16398865e+01
 7.94939575e+00
 3.95565186e+00
 7.31954346e+00
 9.78286133e+00
 6.06942139e+00
 1.05143677e+01
 1.42324768e+01
 1.98083130e+01
 2.39397827e+01
 2.04250122e+01
 1.67273804e+01
 1.05027100e+01
 1.07950989e+01
 6.90776978e+00
 7.65804443e+00
 6.86635742e+00
 6.99410400e+00
 1.11011292e+01
 1.54828735e+01
 1.99232117e+01
 2.57276550e+01
 2.42956177e+01
 1.95108887e+01
 1.42484375e+01
 7.02364502e+00
 7.30004272e+00
 7.13292847e+00
 2.62435303e+00
 6.02034912e+00
 1.11377502e+01
 1.43536316e+01
 2.11717163e+01
 2.52231079e+01
 2.43711792e+01
 1.96318604e+01
 1.24276062e+01
 1.07332397e+01
 8.96941528e+00
 7.68129883e+00
 4.17702637e+00
 8.12743530e+00
 1.14255310e+01
 1.56172729e+01
 1.91138855e+01
 2.07459045e+01
 2.06130615e+01
 1.71900269e+01
 1.27893311e+01
 1.22744690e+01
 6.17366943e+00
 7.99691162e+00
 5.80050049e+00
 7.27700195e+00
 1.04467712e+01
 1.47459656e+01
 2.08647400e+01
 2.55048157e+01
 2.46314331e+01
 2.00877930e+01
 1.37664734e+01
 9.51369629e+00
 9.86361084e+00
 6.77358398e+00
 2.29345093e+00
 6.25008545e+00
 8.55788574e+00
 1.67441956e+01
 2.06648193e+01
 2.60187012e+01
 2.50207458e+01
 1.79802185e+01
 1.45632568e+01
 1.08710571e+01
 9.43065796e+00
 5.78142700e+00
 5.80471191e+00
 1.00330139e+01
 1.16267639e+01
 1.62572876e+01
 2.16344238e+01
 2.39814392e+01
 2.28391357e+01
 1.91412598e+01
 1.32802063e+01
 9.55358276e+00
 7.16030273e+00
 7.65462646e+00
 4.32940063e+00
 6.19408569e+00
 1.14487244e+01
 1.27831970e+01
 1.63139282e+01
 2.33337952e+01
 2.17779175e+01
 1.85899902e+01
 1.29636475e+01
 9.05684814e+00
 4.17308960e+00
 4.91787109e+00
 6.85283813e+00
 9.15679321e+00
 1.08771606e+01
 1.29607178e+01
 2.14403931e+01
 2.55942322e+01
 2.14073730e+01
 1.66232544e+01
 1.42627197e+01
 9.81722412e+00
 4.98314819e+00
 4.28304443e+00
 7.23336182e+00
 8.47322998e+00
 1.13498169e+01
 1.45386902e+01
 1.91354919e+01
 2.13259216e+01
 2.37259460e+01
 2.01587463e+01
 1.41103760e+01
 9.45595703e+00
 7.92116699e+00
 8.07897339e+00
 7.97057495e+00
 5.79537354e+00
 1.18656250e+01
 1.52142273e+01
 1.63184448e+01
 2.35185486e+01
 2.40734192e+01
 1.97555786e+01
 1.57117859e+01
 8.28515015e+00
 5.66805420e+00
 5.76299438e+00
 6.25765381e+00
 6.99810181e+00
 1.06433960e+01
 1.48352905e+01
 1.97083679e+01
 2.57270752e+01
 2.38823486e+01
 1.74965759e+01
 1.18630310e+01
 9.12227783e+00
 7.90291748e+00
 6.55898438e+00
 5.90105591e+00
 9.26790771e+00
 1.15645386e+01
 1.39162231e+01
 1.90395447e+01
 2.45596558e+01
 2.37894226e+01
 1.83167969e+01
 1.28645264e+01
 8.98983154e+00
 7.50225220e+00
 5.33144531e+00
 7.48632202e+00
 1.03814941e+01
 1.33742920e+01
 1.48808838e+01
 1.87343689e+01
 2.39415222e+01
 2.28216797e+01
 1.72842346e+01
 1.46006714e+01
 8.67406616e+00
 6.27221069e+00
 4.97203979e+00
 4.13982544e+00
 8.06969604e+00
 1.14146362e+01
 1.63184753e+01
 1.91195007e+01
 2.29843384e+01
 2.27601257e+01
 1.90267883e+01
 1.30454956e+01
 8.08773193e+00
 6.73098145e+00
 5.40328369e+00
 7.07647095e+00
 9.40917358e+00
 1.14890686e+01
 1.48828369e+01
 2.07982727e+01
 2.81313416e+01
 2.33688904e+01
 1.79589172e+01
 1.73158203e+01
 1.18944336e+01
 8.41707764e+00
 4.52468262e+00
 6.87572632e+00
 1.04468933e+01
 1.34992920e+01
 1.46288696e+01
 2.06710754e+01
 2.44763123e+01
 2.36505981e+01
 1.95327698e+01
 1.32207886e+01
 1.15605408e+01
 5.89199219e+00
 3.48739014e+00
 5.83461914e+00
 1.02863403e+01
 9.84542236e+00
 1.46523071e+01
 1.81552063e+01
 2.34929749e+01
 2.35296875e+01
 1.82293945e+01
 1.27922302e+01
 1.28996826e+01
 6.61147461e+00
 4.69429932e+00
 6.12661133e+00
 1.00851074e+01
 1.13282715e+01
 1.47212769e+01
 1.80975586e+01
 2.65141235e+01
 2.37462708e+01
 2.08188721e+01
 1.56768433e+01
 1.02222534e+01
 7.18914185e+00
 3.01525269e+00
 5.66457520e+00
 9.35344849e+00
 1.02657410e+01
 1.51925903e+01
 2.01354919e+01
 2.41834351e+01
 2.43216797e+01
 1.89327026e+01
 1.22595459e+01
 9.08287964e+00
 8.10195313e+00
 4.53414307e+00
 6.06762085e+00
 6.48916016e+00
 1.09627625e+01
 1.55339905e+01
 1.90839172e+01
 2.38705383e+01
 2.38185059e+01
 1.95783020e+01
 1.46338745e+01
 1.07878662e+01
 4.25219116e+00
 4.47957764e+00
 5.62676392e+00
 7.88659058e+00
 1.05867249e+01
 1.62159363e+01
 2.04537598e+01
 2.42222229e+01
 2.34769836e+01
 1.87737976e+01
 1.33748413e+01
 8.72197876e+00
 7.38869629e+00
 7.18630371e+00
 5.03280029e+00
 7.11980591e+00
 1.30423523e+01
 1.56265503e+01
 1.89091431e+01
 2.30188232e+01
 2.23767944e+01
 1.90245300e+01
 1.21630798e+01
 1.00517212e+01
 9.97927246e+00
 7.06154785e+00
 5.02440796e+00
 7.30407104e+00
 1.17371765e+01
 1.69758240e+01
 1.97567993e+01
 2.49950195e+01
 2.31930176e+01
 1.90238281e+01
 1.23436523e+01
 9.68596802e+00
 7.95046387e+00
 6.34182129e+00
 8.76134644e+00
 8.07814941e+00
 1.16004578e+01
 1.39023376e+01
 2.02438293e+01
 2.45667053e+01
 2.40248352e+01
 1.87080017e+01
 1.45486389e+01
 1.09429871e+01
 8.19393311e+00
 7.58968506e+00
 3.62029419e+00
 7.75039063e+00
 1.08395325e+01
 1.48942810e+01
 1.79644714e+01
 2.41048218e+01
 2.46810242e+01
 1.85648132e+01
 1.53912598e+01
 1.23706299e+01
 7.93245850e+00
 8.01760254e+00
 5.02712402e+00
 7.50197754e+00
 1.25329834e+01
 1.73539978e+01
 2.33103577e+01
 2.44837280e+01
 2.39357544e+01
 1.95784546e+01
 1.24709106e+01
 7.68831787e+00
 7.08269653e+00
 5.64309082e+00
 4.95272217e+00
 7.83501587e+00
 1.25201050e+01
 1.73711182e+01
 2.12829529e+01
 2.40733887e+01
 2.29631287e+01
 1.81609131e+01
 1.40288635e+01
 8.90462646e+00
 8.35466919e+00
 6.41304932e+00
 5.17333374e+00
 9.79769287e+00
 1.32752319e+01
 1.78735291e+01
 2.20198303e+01
 2.56392456e+01
 2.71358582e+01
 2.12190796e+01
 1.59252258e+01
 1.00159546e+01
 1.03680359e+01
 9.03481445e+00
 8.71038208e+00
 1.05536743e+01
 1.24438110e+01
 1.98442017e+01
 1.92840515e+01
 2.66381165e+01
 2.54738403e+01
 1.80119263e+01
 1.32141357e+01
 9.95311890e+00
 8.71703491e+00
 6.98650513e+00
 6.40645752e+00
 6.79641113e+00
 1.03445068e+01
 1.40458313e+01
 2.02557922e+01
 2.46231628e+01
 2.38863464e+01
 1.81292053e+01
 1.40895020e+01
 1.00196777e+01
 7.39019165e+00
 5.97048340e+00
 4.21120605e+00
 6.96962891e+00
 8.78371582e+00
 1.66203857e+01
 2.06709534e+01
 2.42896362e+01
 2.32355286e+01
 2.05393921e+01
 1.28027283e+01
 1.26158081e+01
 8.96102295e+00
 6.17220459e+00
 5.66445313e+00
 8.40432129e+00
 1.27003113e+01
 1.70256287e+01
 2.12671753e+01
 2.53439880e+01
 2.51595398e+01
 1.91258789e+01
 1.39233948e+01
 1.01649414e+01
 8.35833130e+00
 6.19155273e+00
 8.23687134e+00
 9.20455322e+00
 1.13976685e+01
 1.63130737e+01
 2.00934998e+01
 2.28432861e+01
 2.59359985e+01
 1.71254517e+01
 1.52099548e+01
 1.07518555e+01
 8.65944824e+00
 6.88820801e+00
 9.39360962e+00
 8.62963257e+00
 1.02899414e+01
 1.60527893e+01
 2.10971619e+01
 2.57831665e+01
 2.45382935e+01
 1.88402954e+01
 1.56746460e+01
 1.09777161e+01
 3.42785034e+00
 5.12346802e+00
 8.37621460e+00
 7.79369507e+00
 1.09268738e+01
 1.55143066e+01
 2.01676880e+01
 2.56215149e+01
 2.30841309e+01
 2.06230408e+01
 1.47569214e+01
 1.07101379e+01
 9.03255615e+00
 5.11092529e+00
 7.39428101e+00
 1.03713013e+01
 1.00121094e+01
 1.44009338e+01
 2.06726318e+01
 2.68497559e+01
 2.51827332e+01
 2.03088928e+01
 1.53622681e+01
 1.21526428e+01
 4.34322510e+00
 6.66018066e+00
 5.02935181e+00
 9.35616455e+00
 1.06482788e+01
 1.43757568e+01
 2.25199829e+01
 2.72004028e+01
 2.43738647e+01
 2.04238525e+01
 1.46257263e+01
 1.26903015e+01
 7.31621704e+00
 5.86794434e+00
 5.39751587e+00
 6.43285522e+00
 1.18811584e+01
 1.81527649e+01
 1.97007996e+01
 2.43636414e+01
 2.46704041e+01
 2.04488464e+01
 1.45118958e+01
 1.15566040e+01
 1.09059692e+01
 5.17778931e+00
 8.51390991e+00
 9.84084473e+00
 1.18025757e+01
 1.55087524e+01
 1.78348328e+01
 2.18897949e+01
 2.34147583e+01
 1.91123901e+01
 1.37937256e+01
 9.06856689e+00
 8.85082397e+00
 5.72689209e+00
 5.03551636e+00
 8.79226074e+00
 1.23095337e+01
 1.59653564e+01
 1.82885376e+01
 2.50393311e+01
 2.43506104e+01
 1.94612366e+01
 1.48495117e+01
 7.35439453e+00
 8.86681519e+00
 5.37832031e+00
 6.05382690e+00
 6.15160522e+00
 1.22073914e+01
 1.45539490e+01
 2.03745361e+01
 2.51584106e+01
 2.57546326e+01
 1.93551575e+01
 1.50531555e+01
 8.35195313e+00
 7.53917847e+00
 5.74855957e+00
 6.16018066e+00
 7.10320435e+00
 1.22354980e+01
 1.78514954e+01
 2.24796082e+01
 2.31952759e+01
 2.43344666e+01
 1.81042419e+01
 1.17145630e+01
 1.00755859e+01
 8.34459839e+00
 4.92275391e+00
 5.26558838e+00
 1.10609985e+01
 1.20913940e+01
 1.77395569e+01
 2.20561768e+01
 2.67521912e+01
 2.59688354e+01
 1.98167358e+01
 1.49139343e+01
 1.15523315e+01
 6.83370361e+00
 8.18822632e+00
 5.74944458e+00
 6.28991089e+00
 1.28817993e+01
 1.59490601e+01
 1.91751038e+01
 2.56327759e+01
 2.50052124e+01
 1.82250610e+01
 1.49205261e+01
 8.53051147e+00
 5.06774292e+00
 4.93856201e+00
 6.62761841e+00
 8.80434570e+00
 1.11046387e+01
 1.66748596e+01
 2.32859436e+01
 2.62849060e+01
 2.55598999e+01
 2.03268066e+01
 1.60545288e+01
 9.95552979e+00
 8.52828369e+00
 8.21697388e+00
 6.16997681e+00
 6.96904907e+00
 1.27652527e+01
 1.58689209e+01
 1.97390381e+01
 2.61417786e+01
 2.58358704e+01
 1.92731567e+01
 1.32237183e+01
 1.09796387e+01
 9.54857788e+00
 5.69628296e+00
 7.84642944e+00
 8.35241089e+00
 1.08984619e+01
 1.55928589e+01
 1.92846008e+01
 2.16643311e+01
 2.29258057e+01
 2.07393127e+01
 1.57620789e+01
 1.26550842e+01
 8.40352783e+00
 9.94872437e+00
 5.42427979e+00
 9.43465576e+00
 1.19207092e+01
 1.53079163e+01
 2.07507568e+01
 2.42631775e+01
 2.63311401e+01
 2.22721497e+01
 1.60930115e+01
 1.06422974e+01
 7.28887329e+00
 5.38216553e+00
 7.75447998e+00
 1.11380249e+01
 1.29616333e+01
 1.94669739e+01
 2.19717651e+01
 2.69754272e+01
 2.78319031e+01
 2.16107422e+01
 1.57335754e+01
 1.01059204e+01
 1.00882813e+01
 7.29403076e+00
 6.04223022e+00
 7.82564697e+00
 1.45587708e+01
 1.76118103e+01
 2.17510010e+01
 2.64642578e+01
 2.43014160e+01
 2.06114746e+01
 1.22218872e+01
 1.08866821e+01
 6.90291748e+00
 9.23000488e+00
 8.30993042e+00
 1.05024048e+01
 1.34901672e+01
 1.62463318e+01
 1.98649536e+01
 2.38257690e+01
 2.69311157e+01
 2.06557251e+01
 1.52873169e+01
 1.08315674e+01
 8.96529541e+00
 9.77880249e+00
 7.14244995e+00
 7.60158691e+00
 1.13114563e+01
 1.67354675e+01
 2.07834412e+01
 2.56920410e+01
 2.41599365e+01
 1.91629578e+01
 1.45737549e+01
 9.86040649e+00
 6.29204712e+00
 9.07781372e+00
 8.55730591e+00
 7.88674316e+00
 1.23042236e+01
 1.70253540e+01
 2.44352356e+01
 2.59421631e+01
 2.59790283e+01
 2.06405579e+01
 1.61588379e+01
 1.10075317e+01
 4.51448975e+00
 4.55480347e+00
 4.55785522e+00
 9.43453369e+00
 1.13079163e+01
 1.67572571e+01
 2.27122742e+01
 2.50369202e+01
 2.36591431e+01
 1.90826660e+01
 1.43734375e+01
 1.27651306e+01
 5.15081177e+00
 5.27547607e+00
 1.00916382e+01
 1.08789917e+01
 1.41718994e+01
 1.96362244e+01
 2.10766235e+01
 2.49002014e+01
 2.35032593e+01
 2.02964111e+01
 1.60362793e+01
 1.26847473e+01
 6.54165039e+00
 9.37276611e+00
 7.57195435e+00
 8.97911987e+00
 1.19944702e+01
 1.71238647e+01
 2.09372192e+01
 2.57477356e+01
 2.59502808e+01
 2.51200500e+01
 1.51308838e+01
 1.28428284e+01
 1.17855164e+01
 8.51616821e+00
 4.38234863e+00
 9.22329102e+00
 1.30700317e+01
 1.51103149e+01
 2.05605713e+01
 2.33540894e+01
 2.48271118e+01
 1.93276001e+01
 1.45559326e+01
 1.37681824e+01
 7.55834351e+00
 8.20440063e+00
 9.63628540e+00
 9.86339722e+00
 1.18781982e+01
 1.56358887e+01
 1.87012573e+01
 2.45828796e+01
 2.40584045e+01
 1.89499756e+01
 1.41132446e+01
 1.23989197e+01
 6.70891724e+00
 6.46029053e+00
 2.64272461e+00
 5.17598877e+00
 8.74916992e+00
 1.55953003e+01
 2.10301147e+01
 2.65798889e+01
 2.49081055e+01
 2.13027283e+01
 1.64101196e+01
 1.09839722e+01
 1.11823975e+01
 4.99645386e+00
 8.34984741e+00
 9.37468872e+00
 1.26564575e+01
 1.60169617e+01
 2.09144836e+01
 2.51672302e+01
 2.42987305e+01
 1.99540344e+01
 1.54745422e+01
 1.10706726e+01
 6.70589600e+00
