 3.86284790e+00
 4.23992310e+00
 5.79491577e+00
 8.75737915e+00
 1.30565125e+01
 1.87209412e+01
 2.50984741e+01
 2.16964050e+01
 1.72806946e+01
 1.16469055e+01
 9.21312866e+00
 3.11998901e+00
 -3.41101074e-01
 7.01107178e+00
 7.74498901e+00
 9.49862061e+00
 1.31598145e+01
 2.07668091e+01
 2.11128784e+01
 1.97977539e+01
 1.74860779e+01
 1.43545166e+01
 1.05537048e+01
 2.34084473e+00
 2.29567871e+00
 4.18544922e+00
 7.27239380e+00
 1.03856140e+01
 1.30443665e+01
 1.85155884e+01
 2.64927307e+01
 2.26219116e+01
 1.83093201e+01
 1.29844604e+01
 9.58443604e+00
 5.47673950e+00
 2.82625732e+00
 3.77886353e+00
 6.02117310e+00
 1.01414429e+01
 1.58261353e+01
 2.23445679e+01
 2.19132324e+01
 2.33533264e+01
 1.83247009e+01
 1.29030396e+01
 6.50563965e+00
 3.28283081e+00
 1.47951660e+00
 1.66674194e+00
 5.78212891e+00
 1.07026306e+01
 1.30509583e+01
 1.72585083e+01
 2.22734619e+01
 2.11564880e+01
 1.83444153e+01
 1.06542603e+01
 6.40270386e+00
 2.89266357e+00
 9.63378906e-02
 4.69075928e+00
 6.84337769e+00
 9.59557495e+00
 1.54238525e+01
 1.77892090e+01
 2.27222534e+01
 2.05465637e+01
 1.84274231e+01
 1.21276184e+01
 5.56554565e+00
 5.99294434e+00
 1.90825806e+00
 3.66613159e+00
 6.51384888e+00
 9.32787476e+00
 1.28913818e+01
 1.69809509e+01
 2.31808105e+01
 2.11435791e+01
 1.47160583e+01
 1.21184631e+01
 9.78438721e+00
 1.79592285e+00
 2.82070313e+00
 3.97454834e-01
 5.61431274e+00
 1.02110535e+01
 1.64898621e+01
 1.75930115e+01
 2.31422363e+01
 2.18968140e+01
 1.59807068e+01
 1.31744324e+01
 9.19448242e+00
 2.89421997e+00
 5.70879517e+00
 1.58410034e+00
 5.78136597e+00
 9.27825317e+00
 1.62961670e+01
 2.25892273e+01
 2.33437439e+01
 2.26365906e+01
 1.69399048e+01
 1.21139160e+01
 9.68135986e+00
 4.98491821e+00
 2.03151855e+00
 5.36696777e+00
 6.63594971e+00
 1.12034546e+01
 1.54720703e+01
 1.95547119e+01
 2.55501648e+01
 2.28372131e+01
 1.81143433e+01
 1.03927551e+01
 1.09630371e+01
 7.31633911e+00
 3.77263794e+00
 4.31609497e+00
 6.46508179e+00
 1.00262695e+01
 1.31967407e+01
 1.81969238e+01
 2.12869202e+01
 2.30089966e+01
 1.96637207e+01
 1.05475098e+01
 6.93312988e+00
 3.87819824e+00
 4.82232056e+00
 2.78280029e+00
 7.16222534e+00
 1.00268799e+01
 1.55152222e+01
 1.96422668e+01
 2.06994568e+01
 1.93102051e+01
 1.89438721e+01
 1.55417114e+01
 5.35186157e+00
 6.57561646e+00
 4.26311646e+00
 3.97625122e+00
 7.68816528e+00
 1.08446594e+01
 1.39258667e+01
 1.80127502e+01
 2.25696045e+01
 2.36831604e+01
 1.78271729e+01
 1.40110107e+01
 5.23513184e+00
 6.16588745e+00
 -1.09930420e-01
 3.73189697e+00
 6.01833496e+00
 9.84975586e+00
 1.39139648e+01
 1.80685669e+01
 2.07056824e+01
 2.28460327e+01
 1.72009521e+01
 1.11216064e+01
 7.33583984e+00
 3.96981201e+00
 2.49117432e+00
 1.08773193e+00
 5.50359497e+00
 1.06139160e+01
 1.32091003e+01
 1.75718628e+01
 2.41454407e+01
 2.24879395e+01
 1.88572937e+01
 1.29082581e+01
 5.83275757e+00
 4.66192017e+00
 9.37982178e-01
 5.63036499e+00
 7.39031372e+00
 8.64794312e+00
 1.31937195e+01
 1.96616150e+01
 2.32872253e+01
 2.34724365e+01
 1.82884766e+01
 1.42574402e+01
 8.54036865e+00
 7.17785034e+00
 9.58398438e-01
 5.69692383e+00
 7.81234131e+00
 1.12394043e+01
 1.45537048e+01
 2.12110229e+01
 2.29581238e+01
 2.01313416e+01
 1.60544678e+01
 1.16736084e+01
 9.50957642e+00
 3.45116577e+00
 3.32573853e+00
 2.96654663e+00
 6.15578613e+00
 9.26186523e+00
 1.40699097e+01
 1.85204712e+01
 2.37468506e+01
 2.17949463e+01
 2.07589355e+01
 1.60282227e+01
 5.77193604e+00
 5.72155151e+00
 2.79311523e+00
 6.00533447e+00
 8.94866333e+00
 9.65599976e+00
 1.50679871e+01
 2.00885864e+01
 1.98229614e+01
 1.97603088e+01
 1.57087036e+01
 1.00807739e+01
 9.78338013e+00
 4.48198853e+00
 2.83187256e+00
 1.62511597e+00
 6.89751587e+00
 9.04949341e+00
 1.30999390e+01
 1.88405090e+01
 2.02981506e+01
 2.18244873e+01
 1.78350769e+01
 1.19818054e+01
 8.07357178e+00
 7.00472412e+00
 3.25264893e+00
 3.88845215e+00
 6.10650024e+00
 8.32256470e+00
 1.36966187e+01
 1.93244568e+01
 2.39853149e+01
 2.13964783e+01
 1.77986084e+01
 1.37393433e+01
 8.87636719e+00
 5.03798828e+00
 5.52611694e+00
 3.81121216e+00
 5.14568481e+00
 1.12478271e+01
 1.61769958e+01
 2.08979431e+01
 2.29071899e+01
 2.13664795e+01
 1.56996704e+01
 1.09658752e+01
 5.48488770e+00
 3.01510010e+00
 5.50478516e+00
 5.13784180e+00
 5.18398438e+00
 1.00459534e+01
 1.58196655e+01
 2.36145264e+01
 2.35902344e+01
 2.19163452e+01
 1.66595093e+01
 1.08713928e+01
 9.14125977e+00
 4.57811890e+00
 3.86879883e+00
 4.25707397e+00
 5.58992920e+00
 9.62874756e+00
 1.30245911e+01
 1.76823669e+01
 2.33636719e+01
 2.31515137e+01
 1.81920715e+01
 1.53633362e+01
 1.07845093e+01
 6.04970703e+00
 3.23095093e+00
 4.89098511e+00
 6.87508545e+00
 9.86544189e+00
 1.51045776e+01
 2.26408936e+01
 2.29530273e+01
 2.21071411e+01
 1.66073547e+01
 1.20373779e+01
 5.52465210e+00
 3.85546265e+00
 4.70427856e+00
 4.67272339e+00
 7.39019165e+00
 1.00463196e+01
 1.30765015e+01
 1.73562256e+01
 2.43168884e+01
 2.12617737e+01
 1.78492981e+01
 1.21696106e+01
 5.06322632e+00
 1.98583374e+00
 3.55462036e+00
 3.81569824e+00
 4.41994629e+00
 9.62755737e+00
 1.57276245e+01
 2.19954468e+01
 2.11546875e+01
 2.14019104e+01
 1.54601074e+01
 1.30596558e+01
 6.39791260e+00
 6.01638184e+00
 3.22338257e+00
 5.17595825e+00
 8.42354736e+00
 1.16889587e+01
 1.60289246e+01
 1.65714966e+01
 1.99150024e+01
 1.91920410e+01
 1.83556763e+01
 1.19588867e+01
 8.67940674e+00
 5.81099854e+00
 3.13417969e+00
 3.84197388e+00
 7.48504028e+00
 1.05521179e+01
 1.44034058e+01
 1.79183899e+01
 2.45320068e+01
 2.18869568e+01
 1.66834351e+01
 1.42849365e+01
 1.04849182e+01
 3.49498901e+00
 2.28942261e+00
 6.43221436e+00
 8.77504883e+00
 1.15143372e+01
 1.54689575e+01
 2.27050720e+01
 2.48036438e+01
 2.42747131e+01
 1.85039612e+01
 1.30547424e+01
 6.52111206e+00
 7.97051392e+00
 6.24910889e+00
 2.22707520e+00
 7.75533447e+00
 1.15133606e+01
 1.47735840e+01
 2.15379883e+01
 2.30167480e+01
 2.16184631e+01
 1.72674805e+01
 1.34796997e+01
 9.28603516e+00
 8.36007080e+00
 4.03203735e+00
 5.14132080e+00
 5.14046631e+00
 9.98458252e+00
 1.32374817e+01
 1.85283752e+01
 2.18626953e+01
 2.23142334e+01
 1.64003845e+01
 1.27386719e+01
 6.14553223e+00
 5.03228149e+00
 3.63604126e+00
 6.16866455e+00
 8.44588623e+00
 1.01360718e+01
 1.67162720e+01
 2.17867065e+01
 2.20432983e+01
 1.94542480e+01
 1.71099182e+01
 1.29822632e+01
 1.13797852e+01
 6.44436035e+00
 7.18407593e+00
 6.09584961e+00
 8.71123657e+00
 1.03702637e+01
 1.49990479e+01
 2.01078125e+01
 2.54423767e+01
 2.28956848e+01
 1.79979797e+01
 1.30334412e+01
 5.08590088e+00
 2.34017334e+00
 3.82562256e-01
 -3.31485596e+00
 5.10146484e+00
 1.13178650e+01
 1.41404053e+01
 1.83898560e+01
 2.36283813e+01
 2.31856018e+01
 2.00549866e+01
 1.23186890e+01
 6.22142944e+00
 -3.79394531e-02
 4.98903809e+00
 1.86995850e+00
 5.70998535e+00
 1.14316345e+01
 1.37553040e+01
 1.74100586e+01
 2.23314758e+01
 2.30822388e+01
 1.66031433e+01
 1.10672546e+01
 7.07396851e+00
 2.71651611e+00
 -1.62640991e+00
 3.82702026e+00
 8.39165649e+00
 9.03466187e+00
 1.51148010e+01
 2.02198425e+01
 2.70044800e+01
 2.73715149e+01
 1.52202393e+01
 1.35045410e+01
 1.02740417e+01
 4.05889282e+00
 5.58797607e+00
 5.42467651e+00
 7.10802612e+00
 1.03284241e+01
 1.47529846e+01
 1.97399231e+01
 2.13335815e+01
 2.22548767e+01
 1.68066650e+01
 1.06824280e+01
 9.28136597e+00
 6.24178467e+00
 3.60286865e+00
 3.64873657e+00
 7.01690063e+00
 1.04531189e+01
 1.37048584e+01
 2.03945557e+01
 2.38517090e+01
 2.19810730e+01
 2.01856323e+01
 1.40801331e+01
 1.16154724e+01
 3.64260254e+00
 4.26732788e+00
 3.56585083e+00
 6.98186646e+00
 1.18270813e+01
 1.51817566e+01
 2.14081970e+01
 2.08374268e+01
 2.23579346e+01
 1.73488708e+01
 1.41023193e+01
 5.25164185e+00
 6.35384521e+00
 5.72423706e+00
 1.87996826e+00
 4.75664673e+00
 1.07781921e+01
 1.45772339e+01
 2.02104736e+01
 2.53228088e+01
 2.66760193e+01
 1.69605042e+01
 1.32075745e+01
 7.49773560e+00
 3.31804810e+00
 1.15209351e+00
 3.44945679e+00
 5.35466919e+00
 8.41286621e+00
 1.38028503e+01
 1.92975403e+01
 2.49585815e+01
 2.08311401e+01
 1.52002502e+01
 1.13355042e+01
 1.05575806e+01
 6.43666992e+00
 9.94317627e-01
 3.78057251e+00
 7.82888184e+00
 9.64052734e+00
 1.42390381e+01
 1.95122620e+01
 2.39052979e+01
 1.80972229e+01
 1.64349304e+01
 1.28951660e+01
 7.51171265e+00
 5.49755249e+00
 5.08513794e+00
 4.64464722e+00
 8.41961060e+00
 1.27667480e+01
 1.98992249e+01
 1.79585510e+01
 2.51169373e+01
 2.71310059e+01
 1.68230530e+01
 1.31537109e+01
 8.66890869e+00
 4.37481079e+00
 5.97570190e+00
 1.25219116e+00
 4.69552002e+00
 1.11152588e+01
 1.56332947e+01
 2.10058533e+01
 2.25101563e+01
 2.53969360e+01
 1.90117737e+01
 1.44666077e+01
 1.24499451e+01
 4.41335449e+00
 4.66549072e+00
 2.90804443e+00
 5.86675415e+00
 1.17586304e+01
 1.57175232e+01
 2.00085388e+01
 2.37365967e+01
 2.32265259e+01
 1.66099487e+01
 1.40684143e+01
 8.37493286e+00
 5.34020386e+00
 5.45003662e+00
 5.69570313e+00
 8.62203369e+00
 9.90395508e+00
 1.62926880e+01
 1.89454895e+01
 2.48503357e+01
 2.37513062e+01
 1.89647766e+01
 1.25911499e+01
 1.11187378e+01
 5.98693237e+00
 6.14461670e+00
 4.16094360e+00
 3.67687378e+00
 9.20321045e+00
 1.28061462e+01
 1.96960999e+01
 2.33181396e+01
 2.23799377e+01
 1.86075378e+01
 1.42954651e+01
 9.21984253e+00
 5.38799438e+00
 2.05288086e+00
 3.24440918e+00
 7.07918701e+00
 1.03656250e+01
 1.69368530e+01
 2.13952881e+01
 2.36143127e+01
 2.16916138e+01
 1.83214050e+01
 1.40941101e+01
 6.23330078e+00
 3.96483765e+00
 3.29653320e+00
 4.13121948e+00
 4.48897705e+00
 1.11611267e+01
 1.81114746e+01
 2.59819275e+01
 2.79646851e+01
 2.32248169e+01
 1.86229187e+01
 1.58839355e+01
 9.95818481e+00
 5.77813110e+00
 5.05706177e+00
 3.75158081e+00
 8.96306763e+00
 1.20692688e+01
 1.73745056e+01
 2.06320740e+01
 2.42159058e+01
 2.43552795e+01
 1.92800537e+01
 1.29724060e+01
 8.21059570e+00
 5.44143066e+00
 6.33202515e+00
 6.81847534e+00
 7.51232300e+00
 1.10225159e+01
 1.55938354e+01
 1.78273254e+01
 2.40844360e+01
 2.17060181e+01
 1.90028931e+01
 1.20309998e+01
 7.50194702e+00
 6.42791138e+00
 4.21532593e+00
 4.12767944e+00
 8.82451782e+00
 1.02907349e+01
 1.64948364e+01
 2.21113831e+01
 2.57162109e+01
 2.33600098e+01
 1.96062256e+01
 1.23485046e+01
 1.07648560e+01
 4.44954834e+00
 1.46486816e+00
 1.46154175e+00
 7.29439697e+00
 1.25298706e+01
 1.64435669e+01
 2.16222473e+01
 2.21641174e+01
 2.21102844e+01
 1.99955994e+01
 1.38168274e+01
 7.72280273e+00
 8.96608887e+00
 4.50859985e+00
 5.55816040e+00
 7.67748413e+00
 8.25399170e+00
 1.38965088e+01
 2.18049866e+01
 2.38444458e+01
 2.42054993e+01
 1.98942200e+01
 1.54291931e+01
 8.76491699e+00
 4.30724487e+00
 1.82290039e+00
 4.90462646e+00
 8.75191650e+00
 1.09583069e+01
 1.40857483e+01
 1.78770691e+01
 2.35239502e+01
 2.56789185e+01
 1.75312134e+01
 1.49543091e+01
 6.84703979e+00
 2.33818970e+00
 4.42150269e+00
 5.84917603e+00
 8.02654419e+00
 8.79003296e+00
 1.49278809e+01
 1.91087585e+01
 2.38975769e+01
 2.29431396e+01
 1.64192139e+01
 1.43578735e+01
 8.71434937e+00
 6.88872681e+00
 5.01091919e+00
 4.27321777e+00
 8.18499146e+00
 1.15341431e+01
 1.32459961e+01
 1.82873779e+01
 2.19952637e+01
 2.15510498e+01
 1.74244019e+01
 1.13798462e+01
 1.22890564e+01
 6.30187378e+00
 5.11803589e+00
 7.15526733e+00
 7.60582886e+00
 1.13559509e+01
 1.57259766e+01
 2.05149170e+01
 2.27644287e+01
 2.26708313e+01
 1.76662537e+01
 1.42738586e+01
 6.22579346e+00
 4.69857178e+00
 5.18078003e+00
 4.09182129e+00
 5.79421387e+00
 1.06438843e+01
 1.41539246e+01
 1.76248718e+01
 2.34278809e+01
 2.48014160e+01
 1.66460510e+01
 1.46238342e+01
 1.00494934e+01
 4.53234253e+00
 5.14000854e+00
 2.90819702e+00
 7.36092529e+00
 1.30885559e+01
 1.92556702e+01
 2.23125854e+01
 2.58799683e+01
 2.51809021e+01
 1.67086121e+01
 1.37158752e+01
 6.60204468e+00
 7.17742310e+00
 6.90496216e+00
 6.89754639e+00
 8.33504639e+00
 1.17101685e+01
 1.34805237e+01
 1.95082642e+01
 2.48055969e+01
 2.41163269e+01
 1.75392090e+01
 1.30974976e+01
 8.04281006e+00
 7.79760132e+00
 5.52568970e+00
 4.98366699e+00
 8.32860718e+00
 1.21917969e+01
 1.62094360e+01
 2.19885193e+01
 2.80494629e+01
 2.46010071e+01
 1.81800171e+01
 1.41562134e+01
 9.73278198e+00
 6.75835571e+00
 4.83529053e+00
 6.71914063e+00
 6.77483521e+00
 1.36114441e+01
 2.15453430e+01
 2.30386902e+01
 2.85024353e+01
 2.28025452e+01
 1.73943115e+01
 1.40662170e+01
 9.38979492e+00
 8.79860840e+00
 6.34447632e+00
 6.50368652e+00
 8.01885376e+00
 1.17019592e+01
 1.38932739e+01
 2.35455261e+01
 2.54139343e+01
 2.60383545e+01
 1.97297913e+01
 1.27076355e+01
 1.34691406e+01
 5.19497070e+00
 2.81609497e+00
 3.66591797e+00
 8.12691650e+00
 1.11684204e+01
 1.43115479e+01
 2.29965149e+01
 2.42207886e+01
 2.52091003e+01
 1.93853088e+01
 1.37335144e+01
 9.78698120e+00
 5.35668335e+00
 6.36782227e+00
 6.53966675e+00
 7.81929932e+00
 1.23277832e+01
 1.72193848e+01
 2.26924072e+01
 2.16164185e+01
 2.16510254e+01
 1.80670410e+01
 1.41589905e+01
 1.16273743e+01
 5.07537231e+00
 3.24492798e+00
 3.67702637e+00
 7.31868896e+00
 1.17961365e+01
 1.46018005e+01
 2.05174805e+01
 2.34066711e+01
 2.35737244e+01
 1.80467163e+01
 1.13861938e+01
 1.20524536e+01
 2.02886353e+00
 -2.92486572e-01
 3.71132813e+00
 6.99544678e+00
 1.15140015e+01
 1.52502686e+01
 2.44111572e+01
 2.56012817e+01
 2.05294128e+01
 1.67342163e+01
 1.21686646e+01
 8.44960938e+00
 6.60430298e+00
 6.64052734e+00
 4.64501343e+00
 4.96212158e+00
 1.05597473e+01
 1.60608765e+01
 2.02925354e+01
 2.43265625e+01
 2.62347961e+01
 1.82809998e+01
 1.35503784e+01
 9.46578369e+00
 5.68975220e+00
 6.05959473e+00
 6.27422485e+00
 6.87600098e+00
 1.37369324e+01
 1.45767456e+01
 1.93047424e+01
 2.67560669e+01
 2.47225281e+01
 1.77474609e+01
 1.23191162e+01
 8.76021729e+00
 6.76271973e+00
 5.21825562e+00
 4.09838257e+00
 8.71669922e+00
 1.20902039e+01
 1.84182373e+01
 2.06385132e+01
 2.22249084e+01
 2.39379211e+01
 1.98959290e+01
 1.35929810e+01
 1.18687073e+01
 3.05828247e+00
 2.27639160e+00
 4.66747437e+00
 5.63482056e+00
 1.35785156e+01
 1.66284729e+01
 2.12220703e+01
 2.39344727e+01
 2.20924622e+01
 1.75213867e+01
 1.24848877e+01
 8.33602295e+00
 6.86437378e+00
 5.78154907e+00
 8.10582886e+00
 8.85222778e+00
 1.18745667e+01
 1.76211487e+01
 1.98303467e+01
 2.53887573e+01
 2.28635498e+01
 1.74893738e+01
 1.60631653e+01
 5.99303589e+00
 4.07253418e+00
 2.65944824e+00
 6.10991821e+00
 7.59209595e+00
 1.13378845e+01
 1.42179810e+01
 2.28586670e+01
 2.64660278e+01
 2.21846863e+01
 1.73519531e+01
 1.13726135e+01
 6.98806152e+00
 4.94350586e+00
 5.81066284e+00
 5.30657349e+00
 9.94689331e+00
 1.18741699e+01
 1.51563354e+01
 2.02442566e+01
 2.53782288e+01
 2.40691772e+01
 1.96636292e+01
 1.50887695e+01
 8.80748901e+00
 4.89412842e+00
 3.51891479e+00
 5.41002808e+00
 5.70372925e+00
 1.09184814e+01
 1.45849548e+01
 2.07534424e+01
 2.38303467e+01
 2.28970581e+01
 1.80335327e+01
 1.36245056e+01
 1.25645386e+01
 7.93850098e+00
 6.66689453e+00
 6.64638672e+00
 8.84661255e+00
 1.18840576e+01
 1.75249268e+01
 2.52849365e+01
 2.72005249e+01
 2.59490906e+01
 1.96144958e+01
 1.57089783e+01
 1.06057373e+01
 4.16427002e+00
 4.81282959e+00
 5.59331665e+00
 8.06301270e+00
 1.04874817e+01
 1.64265686e+01
 2.09471680e+01
 2.55943237e+01
 2.34629150e+01
 2.08281189e+01
 1.54732605e+01
 6.44469604e+00
 5.73650513e+00
 4.40191040e+00
 6.44631348e+00
 8.83736572e+00
 1.11532837e+01
 1.58675171e+01
 2.04400269e+01
 2.42652222e+01
 2.33601318e+01
 1.92736145e+01
 1.36299988e+01
 9.24010620e+00
 3.50505981e+00
 5.15844116e+00
 5.28429565e+00
 9.44829712e+00
 1.20940186e+01
 1.45683533e+01
 2.10937134e+01
 2.36024719e+01
 2.28117920e+01
 1.81575562e+01
 1.35243469e+01
 9.27373657e+00
 5.01030884e+00
 6.06847534e+00
 2.63088379e+00
 6.64302979e+00
 1.06040588e+01
 1.75680481e+01
 1.80406738e+01
 2.31075073e+01
 2.50289551e+01
 1.95505920e+01
 1.31515747e+01
 9.25353394e+00
 6.35961304e+00
 2.38320313e+00
 4.64498291e+00
 9.42125854e+00
 1.05890137e+01
 1.43031860e+01
 1.82592712e+01
 2.51459290e+01
 2.77676636e+01
 1.98157898e+01
 1.14347473e+01
 8.26253662e+00
 7.70772705e+00
 7.11260376e+00
 7.29192505e+00
 7.44417725e+00
 1.10539185e+01
 1.34224487e+01
 1.99822937e+01
 2.32202698e+01
 2.53540894e+01
 1.77646118e+01
 1.26198669e+01
 8.52407227e+00
 4.64495239e+00
 2.54201660e+00
 5.80208740e+00
 4.68386230e+00
 1.07311951e+01
 1.52408386e+01
 1.84219299e+01
 2.59292847e+01
 2.56071716e+01
 2.12345520e+01
 1.48267456e+01
 1.27622925e+01
 5.78203735e+00
 4.50676880e+00
 5.34600220e+00
 7.60427246e+00
 1.13864685e+01
 1.39095398e+01
 1.83014771e+01
 2.53555542e+01
 2.33742310e+01
 1.69616333e+01
 1.25150085e+01
 7.31865845e+00
 4.02605591e+00
 1.35561523e+00
 4.01970825e+00
 8.31533203e+00
 9.96804199e+00
 1.35946289e+01
 2.01899048e+01
 2.48463074e+01
 2.37574402e+01
 1.77600647e+01
 1.35447021e+01
 5.41130981e+00
 3.23095093e+00
 5.94686279e+00
 5.84090576e+00
 6.63283691e+00
 1.12831970e+01
 1.55697266e+01
 2.21913391e+01
 2.37601868e+01
 2.27666260e+01
 1.88285767e+01
 1.41668030e+01
 9.31621704e+00
 5.55718384e+00
 4.43593750e+00
 4.06386719e+00
 8.36504517e+00
 1.15244690e+01
 1.59739319e+01
 2.62969910e+01
 2.25259338e+01
 1.96189209e+01
 1.81600281e+01
 1.51617371e+01
 1.03908630e+01
 7.90053711e+00
 5.68908081e+00
 6.32055054e+00
 8.99779663e+00
 9.41164551e+00
 1.35852295e+01
 1.71226746e+01
 2.18358398e+01
 2.29128662e+01
 1.72145325e+01
 1.09267517e+01
 7.51177368e+00
 6.30495605e+00
 1.48583984e-01
 -8.59899902e-01
 6.60445557e+00
 1.12834412e+01
 1.75155273e+01
 2.02703796e+01
 2.52470947e+01
 2.33037964e+01
 1.79100281e+01
 1.34218384e+01
 6.69509277e+00
 8.18627319e+00
 1.88421021e+00
 4.15209351e+00
 6.50530396e+00
 1.16459595e+01
 1.45852295e+01
 1.89041382e+01
 2.20666138e+01
 2.00982910e+01
 1.86286560e+01
 1.48463989e+01
 1.00520569e+01
 5.33080444e+00
 4.42873535e+00
 4.95049438e+00
 8.08617554e+00
 1.08915039e+01
 1.49043823e+01
 2.06252380e+01
 2.49708191e+01
 2.43497864e+01
 1.94488770e+01
 1.75130859e+01
 8.60454712e+00
 7.22585449e+00
 7.03676758e+00
 4.61663208e+00
 8.58489380e+00
 1.18529602e+01
 1.52830139e+01
 1.99096313e+01
 2.39092041e+01
 2.20928589e+01
 1.61339661e+01
 1.25451904e+01
 8.67189941e+00
 4.08626709e+00
 5.68004761e+00
 6.64034424e+00
 7.74974976e+00
 1.00757996e+01
 1.58544556e+01
 1.94037415e+01
 2.37906738e+01
 2.04652039e+01
 1.72692200e+01
 1.43707214e+01
 9.03103027e+00
 4.29168091e+00
 5.32140503e+00
 8.75496826e+00
 9.25335083e+00
 1.01499268e+01
 1.46267029e+01
 1.99472900e+01
 2.42270142e+01
 2.52654053e+01
 1.74484497e+01
 1.16788269e+01
 1.01476379e+01
 7.19600830e+00
 4.42629395e+00
 7.54097900e+00
 7.12697754e+00
 1.20796448e+01
 1.40720764e+01
 1.99884277e+01
 2.18201233e+01
 2.03474976e+01
 2.21448914e+01
 1.55927368e+01
 9.05486450e+00
 6.19103394e+00
 6.42293701e+00
 5.60125122e+00
 7.34380493e+00
 1.19484802e+01
 1.33727966e+01
 2.04269348e+01
 2.34035583e+01
 2.43350769e+01
 1.93023010e+01
 1.45811096e+01
 9.51970825e+00
 5.91234741e+00
 6.30571899e+00
 5.66060791e+00
 6.97765503e+00
 1.14078918e+01
 1.47906433e+01
 1.88502441e+01
 2.17242676e+01
 2.37234131e+01
 1.90948425e+01
 1.38462769e+01
 6.60476074e+00
 6.95842896e+00
 3.88561401e+00
 7.17073975e+00
 7.75600586e+00
 1.04994141e+01
 1.57100769e+01
 2.18805481e+01
 2.65027710e+01
 2.72179504e+01
 1.81697937e+01
 1.44428345e+01
 7.70073853e+00
 4.34795532e+00
