 -1.15067139e+00
 3.70879517e+00
 5.46712646e+00
 9.52422485e+00
 1.68727051e+01
 1.97859131e+01
 1.67805115e+01
 1.99366699e+01
 1.62413879e+01
 1.01075073e+01
 2.82717285e+00
 -4.47229614e+00
 1.63677368e+00
 5.83551025e-01
 6.00902710e+00
 1.31251465e+01
 1.45569702e+01
 1.62452332e+01
 1.85388123e+01
 2.00762268e+01
 1.45911804e+01
 7.83556519e+00
 3.29198608e+00
 -6.12875977e+00
 -2.50037231e+00
 3.63643799e+00
 6.59624634e+00
 1.15737549e+01
 1.30270935e+01
 1.87266479e+01
 1.90973755e+01
 2.00168701e+01
 1.49236694e+01
 8.45943604e+00
 4.09432373e+00
 -1.06262817e+00
 -1.68814697e+00
 1.16814575e+00
 4.73845825e+00
 9.39244995e+00
 1.41363464e+01
 1.84593445e+01
 2.03037354e+01
 1.90716492e+01
 1.64228760e+01
 1.11828247e+01
 7.67257080e+00
 3.56225586e-01
 -3.52728271e-01
 2.41216431e+00
 6.51970825e+00
 1.50100647e+01
 1.20155579e+01
 1.73041626e+01
 1.90484863e+01
 1.77778870e+01
 1.42566772e+01
 8.83150635e+00
 3.74715576e+00
 -2.81384888e+00
 -4.38275757e+00
 2.56966553e+00
 1.10290466e+01
 1.17000366e+01
 1.52088257e+01
 1.56965576e+01
 1.86231018e+01
 1.71805969e+01
 1.43387085e+01
 7.79268799e+00
 6.95409546e+00
 -5.32324219e-01
 1.44881592e+00
 1.39837036e+00
 5.93795166e+00
 1.16669861e+01
 1.80490356e+01
 2.03547607e+01
 2.20989929e+01
 1.83900085e+01
 1.41176697e+01
 1.05264221e+01
 4.66268311e+00
 3.09212646e+00
 -1.88556519e+00
 -3.64965820e-01
 6.47872314e+00
 9.64650879e+00
 1.56151367e+01
 1.48546997e+01
 1.95434814e+01
 1.90934692e+01
 1.45572449e+01
 1.11321045e+01
 4.67980347e+00
 -1.96210327e+00
 -7.56811523e-01
 5.22600708e+00
 2.14296875e+00
 1.12624756e+01
 1.24799744e+01
 1.88314758e+01
 2.01518494e+01
 1.83933044e+01
 1.30931946e+01
 1.05613037e+01
 6.09206543e+00
 1.12804565e+00
 3.55843506e+00
 6.75924072e+00
 1.20139099e+01
 1.05519653e+01
 1.54404541e+01
 1.94243408e+01
 2.00986267e+01
 1.95561462e+01
 1.45057007e+01
 9.70232544e+00
 3.24855957e+00
 4.25344238e+00
 2.36998901e+00
 5.84685669e+00
 5.73192749e+00
 1.36826416e+01
 1.34769836e+01
 1.79656311e+01
 2.13316284e+01
 1.69543701e+01
 1.53637634e+01
 1.01725098e+01
 6.37697754e+00
 1.10128174e+00
 -9.57098389e-01
 5.14541016e+00
 8.40886841e+00
 7.63231812e+00
 1.29704529e+01
 1.70205627e+01
 2.12417542e+01
 1.95977722e+01
 1.36496826e+01
 1.06953369e+01
 6.29232178e+00
 2.14061890e+00
 7.27655029e-01
 2.39241943e+00
 8.38628540e+00
 9.40941772e+00
 1.40050293e+01
 1.83064514e+01
 2.01385742e+01
 1.83557678e+01
 1.50457092e+01
 1.09197632e+01
 1.62334595e+00
 -3.14359131e+00
 1.57955322e+00
 9.92395020e-01
 6.12008057e+00
 9.47973022e+00
 1.77617432e+01
 1.89773193e+01
 2.10438171e+01
 2.06625000e+01
 1.54000488e+01
 7.85372314e+00
 8.34316406e+00
 6.21209717e-01
 -1.64258423e+00
 4.11660156e+00
 5.16802368e+00
 1.41485535e+01
 1.42702576e+01
 1.76581360e+01
 2.11554504e+01
 1.94749695e+01
 1.47993713e+01
 1.10129333e+01
 7.71315918e+00
 2.83516846e+00
 -1.97690430e+00
 1.41094360e+00
 4.26506958e+00
 1.00178467e+01
 1.48202148e+01
 1.73079773e+01
 2.29635254e+01
 1.84061218e+01
 1.62526184e+01
 1.29265381e+01
 3.57702026e+00
 2.17241821e+00
 -4.58295288e+00
 -4.53046265e+00
 1.89547119e+00
 9.57521973e+00
 1.45451599e+01
 1.68301636e+01
 1.97961365e+01
 2.04829346e+01
 1.81340271e+01
 9.49910889e+00
 3.59670410e+00
 -2.11371460e+00
 -1.74069824e+00
 -1.16333008e-02
 5.91173706e+00
 9.20671997e+00
 1.34543701e+01
 1.77534729e+01
 2.07246643e+01
 1.89465576e+01
 1.59873596e+01
 1.04454285e+01
 4.25560913e+00
 -1.43048706e+00
 -2.04596558e+00
 5.07616577e+00
 3.39272461e+00
 1.02295471e+01
 1.44827820e+01
 1.84999023e+01
 2.11316162e+01
 1.92943665e+01
 1.58268066e+01
 9.29442749e+00
 2.22023926e+00
 8.87658691e-01
 3.64190674e-01
 4.70916138e+00
 8.45333252e+00
 1.07473999e+01
 1.54367004e+01
 1.78889404e+01
 2.00367981e+01
 1.74842468e+01
 1.45821167e+01
 1.01871887e+01
 3.24385986e+00
 -1.29373779e+00
 -6.86706543e-02
 3.75576172e+00
 5.42369995e+00
 9.06038818e+00
 1.17329346e+01
 1.52362610e+01
 1.79047485e+01
 1.98193604e+01
 1.41316162e+01
 1.10575500e+01
 4.96993408e+00
 -3.76416626e+00
 -3.24926758e-01
 -7.08457031e+00
 8.17379150e+00
 1.31116882e+01
 1.50296875e+01
 1.80273376e+01
 2.08163391e+01
 2.07680298e+01
 1.68872925e+01
 1.10374695e+01
 9.14879761e+00
 -5.13220215e-01
 4.24794922e+00
 2.62679443e+00
 7.50762329e+00
 1.21077209e+01
 1.45685364e+01
 1.85514160e+01
 2.08573853e+01
 2.03214355e+01
 1.61474854e+01
 1.04244629e+01
 4.49758301e+00
 2.41686401e+00
 3.26574097e+00
 2.27075195e-01
 2.65426025e+00
 6.64272461e+00
 1.30440308e+01
 1.71831909e+01
 2.12539307e+01
 1.84128052e+01
 1.44026428e+01
 1.17142883e+01
 5.27947388e+00
 3.96563110e+00
 4.49776611e+00
 4.25664673e+00
 3.64962158e+00
 1.41104980e+01
 1.40163208e+01
 1.68178955e+01
 2.08291260e+01
 1.77893616e+01
 1.68807617e+01
 7.99291382e+00
 5.56060181e+00
 -1.62885132e+00
 -2.79819336e+00
 1.42824707e+00
 5.05800781e+00
 1.29680725e+01
 1.23428284e+01
 1.74559875e+01
 2.00355774e+01
 1.83242432e+01
 1.51865173e+01
 9.91607056e+00
 3.95900879e+00
 9.20648193e-01
 8.97973633e-01
 -3.42932129e-01
 4.11440430e+00
 1.02386414e+01
 1.27032715e+01
 1.78520752e+01
 1.97321716e+01
 1.93498474e+01
 1.56957031e+01
 8.21608887e+00
 1.01983643e-01
 -2.83338013e+00
 -2.28616943e+00
 2.71172485e+00
 3.09255371e+00
 9.85088501e+00
 1.53756348e+01
 1.54082581e+01
 1.84220520e+01
 2.08056885e+01
 1.37383972e+01
 6.11391602e+00
 6.74309692e+00
 -1.74932861e-01
 -1.24155273e+00
 5.47723389e-01
 5.49163208e+00
 1.49912048e+01
 1.79044434e+01
 1.65081726e+01
 2.16148010e+01
 1.85737854e+01
 1.51303650e+01
 1.15554749e+01
 6.91018066e+00
 4.12230835e+00
 3.26088867e+00
 -3.34396973e+00
 4.07903442e+00
 1.04520203e+01
 1.43813110e+01
 1.66664368e+01
 1.83908936e+01
 1.70472961e+01
 1.55789734e+01
 8.10155640e+00
 4.41912231e+00
 3.04723511e+00
 3.41619263e+00
 6.32460938e+00
 7.01433716e+00
 1.12522522e+01
 1.57181030e+01
 1.97943054e+01
 1.85967651e+01
 1.80586487e+01
 1.63800903e+01
 8.63179932e+00
 6.50921021e+00
 2.84902344e+00
 1.42540894e+00
 2.76101074e+00
 3.93776855e+00
 7.12447510e+00
 1.45574585e+01
 1.86721741e+01
 2.14058167e+01
 1.91743103e+01
 1.33177734e+01
 1.25234314e+01
 7.63112793e+00
 2.66518555e+00
 6.29998779e-01
 3.95220337e+00
 4.88710938e+00
 1.18278748e+01
 1.43583313e+01
 1.60359131e+01
 2.02740112e+01
 1.94375244e+01
 1.91851440e+01
 1.02372681e+01
 3.77630005e+00
 -3.86789551e+00
 -2.11584473e-01
 6.88806152e-01
 6.40209351e+00
 1.15672852e+01
 1.56255737e+01
 1.80851379e+01
 2.10939575e+01
 1.86098572e+01
 1.57476440e+01
 1.20515991e+01
 9.42659912e+00
 1.20339355e+00
 -1.63168945e+00
 7.51519775e-01
 8.42263184e+00
 1.36524292e+01
 1.76304260e+01
 1.97545105e+01
 2.10790344e+01
 2.00104309e+01
 1.41632935e+01
 1.41134583e+01
 4.24703369e+00
 1.76687012e+00
 -5.85852051e-01
 5.52425537e+00
 6.53557739e+00
 1.12442871e+01
 1.23862854e+01
 1.44854980e+01
 2.25489136e+01
 2.27768799e+01
 1.57063232e+01
 8.67470703e+00
 1.44725952e+00
 -9.78002930e-01
 -1.63806763e+00
 -3.36588135e+00
 5.93337402e+00
 6.63588867e+00
 1.13175903e+01
 1.52893005e+01
 1.91659485e+01
 1.76355835e+01
 1.36488586e+01
 6.84081421e+00
 5.09124146e+00
 -4.61791992e-02
 -7.64423218e+00
 6.95434570e-02
 2.32692871e+00
 1.26332642e+01
 1.35635315e+01
 1.72593018e+01
 2.18950745e+01
 1.99856812e+01
 1.51357971e+01
 1.09519592e+01
 4.42019043e+00
 2.13833008e+00
 -7.41491699e-01
 3.74630127e+00
 -9.90087891e-01
 6.71157227e+00
 1.48510681e+01
 1.79452759e+01
 2.10968872e+01
 1.94952637e+01
 1.32014099e+01
 7.62133179e+00
 4.34810791e+00
 9.96545410e-01
 -3.96643066e-01
 4.66976318e+00
 5.68612061e+00
 8.06426392e+00
 1.28073975e+01
 1.61085144e+01
 1.90335022e+01
 1.89798828e+01
 1.42757813e+01
 7.89595947e+00
 5.27535400e+00
 -1.92734375e+00
 -2.28250732e+00
 -2.96134033e+00
 -5.81064453e+00
 7.82634888e+00
 1.19003540e+01
 1.47369019e+01
 2.00386597e+01
 1.93976074e+01
 1.37320496e+01
 8.67104492e+00
 3.53539429e+00
 -1.10010376e+00
 -3.50882568e+00
 -2.87509766e+00
 -2.51929321e+00
 1.12146240e+01
 1.16573425e+01
 1.43622375e+01
 1.79070984e+01
 1.72873169e+01
 1.19933105e+01
 9.49004517e+00
 4.37310181e+00
 -7.73077393e-01
 -4.66971436e+00
 -2.48782959e+00
 5.38808594e+00
 8.95476685e+00
 1.42473694e+01
 1.59706055e+01
 2.00611206e+01
 1.79100281e+01
 1.43316895e+01
 9.47454224e+00
 4.85247192e+00
 -7.40332031e-01
 1.39507446e+00
 -3.92667236e+00
 -2.22894897e+00
 4.89650879e+00
 1.33954712e+01
 1.54724365e+01
 1.99597412e+01
 2.08605286e+01
 1.69742065e+01
 1.00849548e+01
 6.03066406e+00
 8.88146973e-01
 -4.37048340e-01
 9.31298828e-01
 -1.26550903e+00
 6.10576782e+00
 1.18361755e+01
 1.58745667e+01
 1.93033386e+01
 1.97683960e+01
 1.42154175e+01
 5.30944214e+00
 2.34993896e+00
 -3.17612305e+00
 1.47097168e+00
 6.50323486e-01
 4.11394653e+00
 8.80755005e+00
 1.09675842e+01
 1.50397888e+01
 1.98274780e+01
 1.93302246e+01
 1.48953796e+01
 8.49633179e+00
 7.67053223e-01
 7.57623291e-01
 -1.31571045e+00
 -1.98675537e-01
 3.54424438e+00
 9.61416016e+00
 1.43632446e+01
 1.52613159e+01
 1.85756775e+01
 1.73434692e+01
 1.53313843e+01
 1.01736694e+01
 4.91298828e+00
 2.17553711e-01
 7.87225342e-01
 4.69018555e-01
 1.45494995e+00
 1.26922546e+01
 1.74522034e+01
 1.67651611e+01
 1.86328064e+01
 1.69215942e+01
 1.50530945e+01
 1.14153992e+01
 4.24947510e+00
 -1.94921875e-01
 -3.84284058e+00
 -5.02081299e-01
 4.86379395e+00
 1.21048523e+01
 1.38133789e+01
 1.70581909e+01
 2.01557251e+01
 2.32098022e+01
 1.45845886e+01
 1.01415649e+01
 4.50594482e+00
 1.91503296e+00
 1.35888062e+00
 7.38244629e-01
 3.70632324e+00
 5.43447266e+00
 1.35781494e+01
 1.52822510e+01
 1.68544250e+01
 1.72433105e+01
 1.40284058e+01
 1.12599121e+01
 5.04393921e+00
 1.97290039e-01
 1.00078735e+00
 2.77788696e+00
 2.57393799e+00
 8.20791016e+00
 1.22623230e+01
 1.59120117e+01
 1.80118958e+01
 1.70643860e+01
 1.55415894e+01
 7.89965210e+00
 6.96288452e+00
 -2.38263550e+00
 -3.89310303e+00
 -7.90616455e+00
 -2.18067017e+00
 6.28167114e+00
 1.13154236e+01
 1.41700684e+01
 1.82000366e+01
 1.91785828e+01
 1.66214233e+01
 1.04967590e+01
 -8.02978516e-02
 2.46901855e+00
 8.42156982e-01
 1.04500732e+00
 6.45317993e+00
 1.08570801e+01
 1.20865112e+01
 1.51443420e+01
 1.80719238e+01
 1.67167908e+01
 1.45650879e+01
 1.00667053e+01
 5.09786377e+00
 -3.38944092e+00
 -5.79154053e+00
 9.02185059e-01
 -2.22641602e+00
 9.48433838e+00
 1.55294739e+01
 1.80694214e+01
 2.01157471e+01
 1.76656433e+01
 1.63654114e+01
 9.29470215e+00
 -4.43151855e-01
 -6.22400513e+00
 -5.29880371e+00
 -1.07153931e+00
 1.97322998e+00
 9.03368530e+00
 1.79795471e+01
 1.67299744e+01
 2.04952332e+01
 1.96989685e+01
 1.32085205e+01
 1.10028931e+01
 3.38002930e+00
 -2.89835205e+00
 1.74066162e-01
 -7.38553467e+00
 -9.17913818e-01
 9.63259277e+00
 1.32646729e+01
 1.61200500e+01
 1.92667480e+01
 1.87310120e+01
 1.29265076e+01
 8.40139160e+00
 5.78237305e+00
 4.04138184e-01
 -2.91016235e+00
 -2.09641113e+00
 4.99404297e+00
 8.23378906e+00
 1.27976318e+01
 1.80840393e+01
 2.12577759e+01
 2.13845764e+01
 1.37444397e+01
 1.11952148e+01
 4.53673706e+00
 -1.02115479e+00
 1.30397949e+00
 -5.28387451e-01
 2.11293945e+00
 3.85433350e+00
 1.21495300e+01
 1.71483704e+01
 2.10256592e+01
 2.03753906e+01
 1.54008118e+01
 8.92473755e+00
 5.43056641e+00
 -3.84649658e-01
 -2.66065063e+00
 -5.85623779e+00
 3.19301758e+00
 5.63829956e+00
 1.17484985e+01
 1.91680237e+01
 1.78703247e+01
 2.02152344e+01
 1.41138245e+01
 1.12470947e+01
 6.27648315e+00
 2.39437256e+00
 -8.42895508e-03
 1.46783447e-01
 1.97081909e+00
 6.68218384e+00
 1.06389404e+01
 1.66899048e+01
 2.00816589e+01
 1.90161682e+01
 1.53964478e+01
 1.08745056e+01
 4.13479004e+00
 2.16738281e+00
 -1.07541504e+00
 9.42285156e-01
 4.67781982e+00
 6.38710938e+00
 1.34342590e+01
 1.75291992e+01
 2.04102722e+01
 1.85562988e+01
 1.54091431e+01
 1.01117188e+01
 5.32378540e+00
 1.86464844e+00
 -5.07513428e-01
 -8.45953369e-01
 -2.37143555e+00
 1.04789368e+01
 1.15469299e+01
 1.50841309e+01
 2.15583435e+01
 1.83503662e+01
 1.51816650e+01
 9.50393066e+00
 3.51040039e+00
 -3.88706055e+00
 -1.73386230e+00
 2.12096558e+00
 5.81127319e+00
 1.24193054e+01
 1.11840454e+01
 1.55100647e+01
 2.00700012e+01
 2.18828979e+01
 1.65979248e+01
 1.10429626e+01
 7.04207764e+00
 3.69793091e+00
 1.44219360e+00
 5.76074219e-01
 4.34017334e+00
 1.17687622e+01
 1.46201416e+01
 1.55522400e+01
 1.86052490e+01
 1.73468872e+01
 1.51732727e+01
 1.02704407e+01
 5.72542725e+00
 -4.82715454e+00
 -1.41422119e+00
 2.13891602e-01
 1.29235229e+00
 9.19036255e+00
 1.58714539e+01
 1.85433594e+01
 2.03877808e+01
 2.07832581e+01
 1.44770752e+01
 1.10722290e+01
 4.46645508e+00
 -2.26010742e+00
 -1.63764038e+00
 1.74175415e+00
 3.44289551e+00
 7.88201294e+00
 1.19637085e+01
 1.57807861e+01
 1.93913513e+01
 1.70353943e+01
 1.45282227e+01
 9.09264526e+00
 3.78545532e+00
 5.81964111e-01
 -4.60407104e+00
 -5.84020996e-01
 2.48937378e+00
 8.10021362e+00
 1.30888306e+01
 1.37624146e+01
 2.01042725e+01
 2.01115356e+01
 1.77083984e+01
 9.10439453e+00
 9.45977783e-01
 1.54445801e+00
 -4.07470703e-02
 3.36083374e+00
 2.84655151e+00
 1.02212463e+01
 1.26742798e+01
 1.69623352e+01
 1.93634583e+01
 2.12155396e+01
 1.46485840e+01
 1.03287903e+01
 4.07183228e+00
 3.96114502e+00
 1.04689941e+00
 -1.11481323e+00
 3.63336182e-01
 9.97863159e+00
 1.38843628e+01
 1.71311584e+01
 1.87948242e+01
 1.66362549e+01
 1.59932800e+01
 6.54677734e+00
 3.20162354e+00
 7.23901367e-01
 1.70485840e+00
 2.90593872e+00
 5.34914551e+00
 9.07314453e+00
 1.15867554e+01
 1.64962708e+01
 1.92872253e+01
 1.97531677e+01
 1.35593811e+01
 9.56582031e+00
 6.43447266e+00
 2.22237549e+00
 1.73922119e+00
 -9.92773437e-01
 7.58123169e+00
 1.06104980e+01
 1.56934448e+01
 1.76068359e+01
 2.07645508e+01
 2.34692627e+01
 1.69981934e+01
 7.87896118e+00
 2.97875366e+00
 2.03942871e-01
 1.28319702e+00
 4.59957275e+00
 6.08901367e+00
 1.24475952e+01
 1.59986816e+01
 1.66840759e+01
 2.08499390e+01
 1.65821777e+01
 1.43581787e+01
 9.77715454e+00
 4.37255249e+00
 2.01101074e+00
 -7.31390381e-01
 -8.08294678e-01
 8.87933350e-01
 7.15688477e+00
 1.24851013e+01
 1.64869324e+01
 1.88098694e+01
 2.07000366e+01
 1.46914612e+01
 1.17446228e+01
 6.40661011e+00
 1.00747070e+00
 1.81725464e+00
 2.82134399e+00
 7.91955566e-01
 1.24665771e+01
 1.22625061e+01
 1.76645752e+01
 1.87891785e+01
 2.04571472e+01
 1.53619629e+01
 1.12386108e+01
 5.70357666e+00
 4.32973633e+00
 3.14278564e+00
 3.10762939e+00
 3.30251465e+00
 1.06179138e+01
 1.50130859e+01
 1.49699951e+01
 1.88067261e+01
 1.87035461e+01
 1.71611267e+01
 1.06111694e+01
 5.63781128e+00
 1.63942871e+00
 6.50292969e-01
 5.57604370e+00
 4.16533813e+00
 7.11107788e+00
 1.24966064e+01
 1.48124329e+01
 2.06810547e+01
 1.67719971e+01
 1.48434082e+01
 7.72619019e+00
 6.28740845e+00
 -3.46990967e-01
 -2.66013184e+00
 -3.70895996e+00
 5.83779297e+00
 1.00468384e+01
 1.41808105e+01
 1.69654175e+01
 2.05843750e+01
 2.03781677e+01
 1.71532227e+01
 1.11133972e+01
 9.35205078e-01
 -2.65662231e+00
 7.65924072e-01
 4.70250854e+00
 4.45681152e+00
 8.80318604e+00
 1.26122375e+01
 1.81899658e+01
 2.20518127e+01
 1.86552368e+01
 1.57206055e+01
 7.53975830e+00
 7.32915649e+00
 -1.23968506e-01
 -1.51529541e+00
 -1.03155518e-01
 4.46880493e+00
 1.18901001e+01
 1.39066406e+01
 1.51575562e+01
 1.68255859e+01
 1.64669434e+01
 1.30375305e+01
 8.72380981e+00
 6.28856812e+00
 -5.15966797e-01
 -1.21332397e+00
 -5.83307495e+00
 6.84234009e+00
 9.32683716e+00
 1.21391541e+01
 1.50001770e+01
 2.29536987e+01
 1.78913513e+01
 1.38273254e+01
 8.87810669e+00
 6.92888794e+00
 1.07454834e+00
 -4.50903320e-01
 9.65814209e-01
 6.82656250e+00
 1.02839294e+01
 1.35406738e+01
 1.59958435e+01
 1.94285522e+01
 1.71134583e+01
 1.65109802e+01
 1.16729675e+01
 1.59838257e+00
 1.36498413e+00
 1.65535889e+00
 9.78753662e-01
 7.65746460e+00
 9.83416138e+00
 1.46425110e+01
 1.50226685e+01
 2.06436707e+01
 1.82227722e+01
 1.59815308e+01
 1.05449463e+01
 3.13771973e+00
 -1.80822754e-01
 -2.20062866e+00
 -5.08811035e+00
 6.37255249e+00
 1.08461548e+01
 1.27219482e+01
 1.51628662e+01
 1.92383057e+01
 2.03990417e+01
 1.47010437e+01
 7.69231567e+00
 9.08447266e-02
 -2.93619385e+00
 -4.36197510e+00
 -3.88873901e+00
 -1.87708130e+00
 1.01913696e+01
 1.30154663e+01
 1.43485657e+01
 1.80427185e+01
 1.66454407e+01
 1.37146240e+01
 9.17989502e+00
 9.53363037e-01
 -7.51104736e-01
 3.00988770e-01
 1.91246948e+00
 3.57772217e+00
 9.04561768e+00
 1.34901672e+01
 1.70515076e+01
 2.05728394e+01
 2.07907043e+01
 1.76399475e+01
 1.02135254e+01
 6.19240723e+00
 4.28667603e+00
 2.18230591e+00
 7.46456299e+00
 4.87151489e+00
 1.25031067e+01
 1.34325806e+01
 1.65510193e+01
 2.09101807e+01
 2.00912720e+01
 1.47197815e+01
 1.09710632e+01
 6.10601196e+00
 -4.65427246e+00
 -4.06360474e+00
 -3.41708984e+00
 3.81402588e-01
 6.69582520e+00
 1.23212219e+01
 1.77224976e+01
 1.84455505e+01
 1.63153015e+01
 1.44267517e+01
 1.18013855e+01
 3.40996704e+00
 -2.90283203e-02
 2.47741699e-02
 -4.23181763e+00
 3.30932007e+00
 9.03872070e+00
 1.52237488e+01
 1.71265503e+01
 2.07883545e+01
 1.94099976e+01
 1.51068359e+01
 1.37423645e+01
 4.41152344e+00
 -3.05914307e-01
 2.83156738e+00
 2.22619629e-01
 1.02443848e+00
 1.03778625e+01
 1.25863586e+01
 1.58020264e+01
 1.73445984e+01
 1.69648682e+01
 1.29290710e+01
 1.08133484e+01
 6.26860962e+00
 7.43347168e-02
 -1.80353394e+00
 4.28652344e+00
 4.91198120e+00
 1.14435364e+01
 1.17411438e+01
 1.49819275e+01
 1.88343140e+01
 2.05548950e+01
 1.67116638e+01
 7.90569458e+00
 4.14852295e+00
 -1.38458862e+00
 4.08776855e-01
 4.87362061e+00
 6.25698242e+00
 9.79622803e+00
 1.37961365e+01
 1.66158386e+01
 1.91184937e+01
 1.93580261e+01
 1.78624817e+01
 9.16884766e+00
 4.25317383e-01
 -9.64575195e-01
 -1.29489746e+00
 1.83281860e+00
 5.65670166e+00
 1.01553284e+01
 1.44548279e+01
 1.66991821e+01
 2.23990417e+01
 2.28534485e+01
 1.67318359e+01
 9.43334351e+00
 4.80797729e+00
 1.98897705e+00
 -3.33084717e+00
 -1.07169189e+00
 3.93444214e+00
 1.05462891e+01
 1.44329468e+01
 1.70020386e+01
 1.90049683e+01
 1.97271057e+01
 1.37602173e+01
 1.01356140e+01
 6.30294189e+00
 5.55291748e-01
 -2.38300171e+00
 -8.43735352e+00
 2.14800415e+00
 9.41350708e+00
 1.64437805e+01
 1.97216125e+01
 1.78850037e+01
 1.75735413e+01
 1.32658325e+01
 6.78765259e+00
 4.52272949e+00
 2.55260620e+00
 1.85970459e+00
 -5.24969482e-01
 6.76979980e+00
 1.04426208e+01
 1.40130554e+01
 1.53571411e+01
 1.95517212e+01
 2.19486633e+01
 1.37653137e+01
 7.95064697e+00
 5.74731445e-01
 4.57910156e-01
 1.91723022e+00
 4.94133911e+00
 6.33764038e+00
 7.78661499e+00
 1.44770142e+01
 1.57079712e+01
 2.00337769e+01
 1.89014832e+01
 1.49248596e+01
 9.63863525e+00
 3.28273926e+00
 -2.60046997e+00
 1.60796509e+00
 3.45778809e+00
 7.40044556e+00
 1.23164917e+01
 1.33825317e+01
 1.49600769e+01
 1.94109436e+01
 1.90809265e+01
 1.58095032e+01
 1.03677307e+01
 3.85698853e+00
 -2.04028931e+00
 6.63079834e-01
 1.06622314e-01
 5.61333618e+00
 9.90844116e+00
 1.54303528e+01
 1.86720825e+01
 2.21234680e+01
 2.04292236e+01
 1.47256104e+01
 1.10680176e+01
 3.60689697e+00
 9.46289063e-02
 -5.74560547e-01
 4.17830811e+00
 7.81987915e+00
 9.08464966e+00
 1.30477844e+01
 1.62021423e+01
 2.25388123e+01
 1.70791260e+01
 1.51955505e+01
 1.00114380e+01
 5.96578369e+00
 2.18587646e+00
 1.70343018e-01
 2.07390747e+00
 3.62804565e+00
 8.04909668e+00
 1.26582886e+01
 1.40204712e+01
 1.74929443e+01
 1.58635498e+01
 1.59658752e+01
 1.19708496e+01
 6.27648315e+00
 2.38042603e+00
