 9.83914185e+00
 7.72003174e+00
 5.10253906e+00
 1.33984070e+01
 1.40607300e+01
 2.05625000e+01
 2.16989136e+01
 2.12381287e+01
 2.12010803e+01
 1.63656006e+01
 1.28418884e+01
 9.50717163e+00
 5.67376709e+00
 6.99813843e+00
 8.11071777e+00
 1.18110352e+01
 1.42295227e+01
 1.86105652e+01
 2.44385376e+01
 2.28640747e+01
 1.90483704e+01
 1.43984680e+01
 1.36221008e+01
 1.01417542e+01
 9.89822388e+00
 8.34173584e+00
 9.85140991e+00
 1.13544006e+01
 1.34216309e+01
 1.71587830e+01
 2.38879700e+01
 2.23991394e+01
 1.92818298e+01
 1.63890381e+01
 1.40958557e+01
 1.06593933e+01
 1.05619202e+01
 7.17987061e+00
 1.06622925e+01
 1.28294067e+01
 1.45167236e+01
 2.27603455e+01
 2.35293579e+01
 2.37557678e+01
 1.93935242e+01
 1.57027283e+01
 1.33751526e+01
 9.37237549e+00
 1.07270203e+01
 7.08843994e+00
 1.05622559e+01
 1.17777405e+01
 1.35703125e+01
 1.92754822e+01
 2.17354431e+01
 2.27229919e+01
 1.95289917e+01
 1.68090515e+01
 1.33087158e+01
 1.15940552e+01
 1.06918030e+01
 6.51123047e+00
 9.75680542e+00
 1.27688293e+01
 1.52763977e+01
 2.06121216e+01
 2.60989380e+01
 2.33543396e+01
 1.80796814e+01
 1.60337219e+01
 1.33236389e+01
 1.08853149e+01
 7.24053955e+00
 8.15435791e+00
 9.91076660e+00
 1.17313232e+01
 1.46862488e+01
 2.05062866e+01
 2.52821655e+01
 2.47136841e+01
 1.91360779e+01
 1.53066101e+01
 1.04508667e+01
 1.11456604e+01
 1.08555603e+01
 9.19857788e+00
 1.02100830e+01
 1.12734985e+01
 1.49627075e+01
 1.70497437e+01
 2.36830444e+01
 2.08508911e+01
 2.04708557e+01
 1.64385681e+01
 1.37375183e+01
 7.99685669e+00
 7.71371460e+00
 7.92553711e+00
 9.17669678e+00
 1.26310425e+01
 1.48685608e+01
 1.81595764e+01
 2.33205566e+01
 2.19712219e+01
 1.75939026e+01
 1.52782898e+01
 1.42659912e+01
 1.06789856e+01
 8.75561523e+00
 7.69934082e+00
 1.05458679e+01
 9.87149048e+00
 1.49755859e+01
 1.87797546e+01
 2.13772888e+01
 2.40460205e+01
 2.08158264e+01
 1.62789917e+01
 1.29255981e+01
 1.09825134e+01
 6.84844971e+00
 9.53057861e+00
 9.44692993e+00
 1.23239441e+01
 1.61022034e+01
 1.88880310e+01
 2.35571899e+01
 2.23242493e+01
 2.07257080e+01
 1.64902649e+01
 1.31808167e+01
 1.09800415e+01
 7.77352905e+00
 9.62509155e+00
 1.03587036e+01
 1.31469116e+01
 1.60460205e+01
 1.82647705e+01
 2.27265930e+01
 2.13954163e+01
 1.87438660e+01
 1.47067871e+01
 1.31516418e+01
 1.16023254e+01
 8.48291016e+00
 9.70672607e+00
 9.90783691e+00
 1.26936035e+01
 1.43565674e+01
 2.00933533e+01
 2.67780151e+01
 2.27983704e+01
 1.83887634e+01
 1.50467224e+01
 1.37924500e+01
 9.50253296e+00
 1.00975342e+01
 6.83712769e+00
 1.10052490e+01
 1.15855103e+01
 1.43837280e+01
 1.78160706e+01
 2.44275818e+01
 2.31983337e+01
 1.86668701e+01
 1.48801880e+01
 1.19481506e+01
 1.10188293e+01
 1.00079346e+01
 8.60412598e+00
 8.57394409e+00
 1.09267883e+01
 1.68693237e+01
 2.03964539e+01
 2.24276428e+01
 2.39219360e+01
 2.04914551e+01
 1.47641602e+01
 1.33428955e+01
 1.20365295e+01
 9.79986572e+00
 9.20468140e+00
 8.10046387e+00
 1.17040100e+01
 1.42131958e+01
 1.97996216e+01
 2.51527100e+01
 2.35369873e+01
 1.89842529e+01
 1.63342896e+01
 1.29428101e+01
 1.15855713e+01
 9.39727783e+00
 7.83673096e+00
 1.05764465e+01
 1.13916016e+01
 1.47106018e+01
 1.91462402e+01
 2.43073730e+01
 2.52939148e+01
 1.82438965e+01
 1.64337463e+01
 1.45387573e+01
 9.94442749e+00
 9.63827515e+00
 9.07675171e+00
 9.66677856e+00
 1.27520447e+01
 1.59681091e+01
 1.96235657e+01
 2.71208191e+01
 2.27739868e+01
 1.89138489e+01
 1.68559570e+01
 1.27012634e+01
 1.04059448e+01
 7.32345581e+00
 1.05083618e+01
 9.63537598e+00
 1.35824585e+01
 1.61338196e+01
 1.83494873e+01
 2.35623779e+01
 2.41558228e+01
 1.87724915e+01
 1.52987061e+01
 1.45155640e+01
 1.02236938e+01
 8.19598389e+00
 9.87915039e+00
 1.18627930e+01
 1.29068909e+01
 1.52228394e+01
 2.02101440e+01
 2.45126038e+01
 2.51221313e+01
 2.02288818e+01
 1.72201538e+01
 1.32345581e+01
 1.24169617e+01
 1.13819885e+01
 1.01139832e+01
 1.07380676e+01
 1.19844360e+01
 1.46035461e+01
 1.90410156e+01
 2.68214111e+01
 2.42694702e+01
 1.87420959e+01
 1.59505005e+01
 1.31486206e+01
 9.08358765e+00
 8.28649902e+00
 9.55999756e+00
 8.64038086e+00
 1.02417908e+01
 1.38855591e+01
 1.90823364e+01
 2.40193481e+01
 1.95721130e+01
 1.86494446e+01
 1.44522705e+01
 1.27167358e+01
 1.14856873e+01
 1.00765381e+01
 8.07510376e+00
 9.67364502e+00
 1.04645386e+01
 1.34608459e+01
 1.87368164e+01
 2.15511169e+01
 2.20207825e+01
 1.67114258e+01
 1.54109192e+01
 1.24727783e+01
 1.22725525e+01
 8.39755249e+00
 1.00422974e+01
 9.48580933e+00
 1.14420776e+01
 1.58031616e+01
 1.73346252e+01
 2.29643860e+01
 2.22041931e+01
 1.86762695e+01
 1.56562195e+01
 1.27486267e+01
 1.15815430e+01
 9.71636963e+00
 9.84054565e+00
 1.05544434e+01
 1.27695923e+01
 1.44122925e+01
 2.31011353e+01
 2.15171814e+01
 2.19039612e+01
 1.75094299e+01
 1.49009705e+01
 1.18684692e+01
 1.16828003e+01
 7.11560059e+00
 9.91760254e+00
 8.56793213e+00
 1.38259888e+01
 1.47337036e+01
 1.80357056e+01
 2.48475342e+01
 2.41492615e+01
 2.17673340e+01
 1.64992371e+01
 1.30460510e+01
 1.01683350e+01
 1.01580811e+01
 8.55416870e+00
 8.40618896e+00
 1.33377075e+01
 1.60284729e+01
 1.86764832e+01
 2.43544617e+01
 2.27772217e+01
 2.04970093e+01
 1.67391357e+01
 1.43987427e+01
 1.19139099e+01
 9.30004883e+00
 7.83953857e+00
 9.96380615e+00
 1.14864197e+01
 1.42796631e+01
 2.14057922e+01
 2.51978149e+01
 2.34734802e+01
 1.97498779e+01
 1.50905457e+01
 1.30989380e+01
 1.20651550e+01
 1.08766785e+01
 9.44824219e+00
 1.00206604e+01
 1.17520447e+01
 1.53403320e+01
 2.07373047e+01
 2.37082214e+01
 2.29567871e+01
 1.93432617e+01
 1.64891357e+01
 1.22493286e+01
 1.11007690e+01
 9.24047852e+00
 1.01277161e+01
 1.02443237e+01
 1.21799622e+01
 1.55915222e+01
 1.92907715e+01
 2.44010010e+01
 2.09755554e+01
 1.81466675e+01
 1.56676636e+01
 1.29973450e+01
 1.08853149e+01
 1.00295715e+01
 7.82421875e+00
 1.06376343e+01
 1.23631592e+01
 1.70406799e+01
 2.03738708e+01
 2.42147522e+01
 2.22337646e+01
 1.99952087e+01
 1.68283997e+01
 1.26029053e+01
 1.03582764e+01
 8.36419678e+00
 1.12781372e+01
 1.20878296e+01
 1.31767578e+01
 1.83583374e+01
 2.13203735e+01
 2.52957153e+01
 2.54405823e+01
 1.95843506e+01
 1.65164490e+01
 1.43203125e+01
 1.14318848e+01
 1.12037659e+01
 1.00333557e+01
 1.14769592e+01
 1.25631714e+01
 1.55982056e+01
 1.72825012e+01
 2.35626526e+01
 2.38440857e+01
 2.09499512e+01
 1.55620117e+01
 1.34814758e+01
 1.04967957e+01
 7.97537231e+00
 9.24880981e+00
 1.06394348e+01
 1.29891052e+01
 1.71078186e+01
 2.02738342e+01
 2.42197266e+01
 2.38184814e+01
 1.96350403e+01
 1.59863586e+01
 1.18237610e+01
 1.14492188e+01
 7.07940674e+00
 8.39031982e+00
 1.05852966e+01
 1.07991333e+01
 1.49638062e+01
 1.98569336e+01
 2.53312988e+01
 2.30209351e+01
 1.91156006e+01
 1.72749939e+01
 1.49302979e+01
 1.15890198e+01
 9.66351318e+00
 1.09954224e+01
 1.14482727e+01
 1.27958679e+01
 1.56569519e+01
 1.90976868e+01
 2.30229797e+01
 2.17655945e+01
 2.07141724e+01
 1.61088562e+01
 1.43017273e+01
 1.09991760e+01
 9.12786865e+00
 8.93368530e+00
 9.99639893e+00
 1.21673889e+01
 1.44924622e+01
 1.80368958e+01
 2.53637390e+01
 2.49292603e+01
 1.77792358e+01
 1.68816223e+01
 1.43778992e+01
 1.34418945e+01
 9.98040771e+00
 9.53015137e+00
 9.83953857e+00
 1.31390991e+01
 1.71240540e+01
 2.03171082e+01
 2.53533020e+01
 2.38159485e+01
 1.89869690e+01
 1.60213928e+01
 1.40914307e+01
 1.17280579e+01
 8.92257690e+00
 6.68145752e+00
 9.81240845e+00
 1.03295898e+01
 1.40654907e+01
 1.95219116e+01
 2.35048828e+01
 2.38380127e+01
 2.02789001e+01
 1.59043579e+01
 1.34633484e+01
 9.12738037e+00
 9.97631836e+00
 8.50335693e+00
 9.99545288e+00
 1.29584351e+01
 1.50977173e+01
 2.08243408e+01
 2.11486206e+01
 2.11691895e+01
 1.97736511e+01
 1.69697266e+01
 1.26126404e+01
 1.05388794e+01
 1.00703735e+01
 9.55490112e+00
 1.09008484e+01
 1.17203674e+01
 1.43194580e+01
 1.89381104e+01
 2.52127075e+01
 2.39122314e+01
 1.85274353e+01
 1.60720520e+01
 1.13668823e+01
 1.10910034e+01
 9.33917236e+00
 9.81472778e+00
 9.04968262e+00
 1.05263977e+01
 1.62979736e+01
 1.91746521e+01
 2.46604919e+01
 2.34094238e+01
 2.11952515e+01
 1.76007080e+01
 1.40153198e+01
 9.60083008e+00
 9.50143433e+00
 9.81805420e+00
 9.32766724e+00
 1.29388123e+01
 1.73673401e+01
 2.22711487e+01
 2.51675415e+01
 2.15935364e+01
 2.00469666e+01
 1.61749268e+01
 1.45325623e+01
 1.32919922e+01
 1.00311279e+01
 8.92065430e+00
 1.03357544e+01
 1.24361877e+01
 1.51834717e+01
 2.14217834e+01
 2.46770020e+01
 2.34448242e+01
 1.96488342e+01
 1.58573608e+01
 1.47734375e+01
 1.26280823e+01
 9.69171143e+00
 7.99359131e+00
 1.04255981e+01
 1.32575073e+01
 1.50566406e+01
 2.00546265e+01
 2.58227844e+01
 2.43543091e+01
 2.02336731e+01
 1.56848755e+01
 1.36184387e+01
 1.05278931e+01
 9.17358398e+00
 1.03951111e+01
 7.93771362e+00
 1.27198486e+01
 1.45730591e+01
 2.25387268e+01
 2.41150513e+01
 2.34330444e+01
 1.90940552e+01
 1.61629944e+01
 1.35310059e+01
 8.88879395e+00
 1.14297180e+01
 1.12214966e+01
 1.02601624e+01
 1.08808594e+01
 1.47624817e+01
 2.06881409e+01
 2.53379822e+01
 2.51516418e+01
 2.01571350e+01
 1.72349243e+01
 1.50175476e+01
 1.23287048e+01
 9.87173462e+00
 8.74942017e+00
 1.04062500e+01
 1.28971863e+01
 1.58487854e+01
 2.49751282e+01
 2.29751892e+01
 2.36841736e+01
 1.94508057e+01
 1.62614136e+01
 1.40167847e+01
 1.09319153e+01
 1.05671082e+01
 9.65527344e+00
 1.00401306e+01
 1.14520874e+01
 1.87318726e+01
 1.97937012e+01
 2.34690247e+01
 2.23361511e+01
 1.93918152e+01
 1.70660095e+01
 1.50363464e+01
 1.28290710e+01
 1.04750366e+01
 1.17979736e+01
 9.72763062e+00
 1.25487671e+01
 1.46946106e+01
 1.75317688e+01
 2.39529114e+01
 2.49733276e+01
 2.10595093e+01
 1.61800537e+01
 1.41276855e+01
 9.28115845e+00
 9.99453735e+00
 1.09910583e+01
 1.01937256e+01
 1.32534485e+01
 1.47164307e+01
 1.80899658e+01
 2.42370605e+01
 2.39304199e+01
 1.82615662e+01
 1.47471008e+01
 1.31987000e+01
 1.02375183e+01
 9.88134766e+00
 1.04036560e+01
 9.76629639e+00
 1.41173706e+01
 1.47015076e+01
 1.86302490e+01
 2.36971741e+01
 2.21368713e+01
 1.90611877e+01
 1.65604248e+01
 1.36510315e+01
 1.23176270e+01
 9.10095215e+00
 9.63168335e+00
 1.09067078e+01
 1.45573425e+01
 1.73280029e+01
 2.01867065e+01
 2.59798279e+01
 2.45123291e+01
 2.06084290e+01
 1.70226746e+01
 1.41126099e+01
 1.19259033e+01
 8.82723999e+00
 9.78765869e+00
 1.07874146e+01
 1.23786011e+01
 1.62367249e+01
 2.23033142e+01
 2.70299377e+01
 2.58872986e+01
 2.01573181e+01
 1.71169128e+01
 1.27345581e+01
 9.38125610e+00
 8.54895020e+00
 1.11776733e+01
 1.16280518e+01
 1.33433228e+01
 1.86860352e+01
 2.39627380e+01
 2.44836731e+01
 2.44285889e+01
 2.11149597e+01
 1.81722107e+01
 1.51700134e+01
 1.35140686e+01
 7.34509277e+00
 9.72412109e+00
 1.09405823e+01
 1.24415588e+01
 1.45043640e+01
 1.80918274e+01
 2.31197205e+01
 2.44645691e+01
 1.99279785e+01
 1.61364441e+01
 1.27845459e+01
 1.15530396e+01
 9.72445679e+00
 7.78173828e+00
 1.10615845e+01
 1.25272827e+01
 1.66384583e+01
 2.01158447e+01
 2.55809631e+01
 2.55416260e+01
 2.02709045e+01
 1.81779785e+01
 1.39443970e+01
 1.21957703e+01
 1.03707275e+01
 1.06343994e+01
 1.08340149e+01
 1.21545105e+01
 1.46607056e+01
 2.10112610e+01
 2.60677185e+01
 2.52298584e+01
 2.15376587e+01
 1.69294128e+01
 1.38510742e+01
 1.19853516e+01
 1.05173340e+01
 1.08561096e+01
 1.08048706e+01
 1.51997986e+01
 1.71683960e+01
 2.14699402e+01
 2.79332581e+01
 2.44907837e+01
 2.19716187e+01
 1.66468201e+01
 1.39536743e+01
 1.25637207e+01
 9.85034180e+00
 9.64859009e+00
 8.42047119e+00
 1.29202576e+01
 1.48433228e+01
 1.73924255e+01
 2.50568542e+01
 2.40020752e+01
 2.06546021e+01
 1.54982300e+01
 1.20598145e+01
 1.25237427e+01
 1.11928711e+01
 8.94158936e+00
 1.12376404e+01
 1.40563049e+01
 1.59484253e+01
 1.96238708e+01
 2.47947388e+01
 2.59895020e+01
 2.01208496e+01
 1.70191956e+01
 1.50179138e+01
 1.07111511e+01
 1.06806641e+01
 9.42193604e+00
 1.09013977e+01
 1.28824768e+01
 1.43956299e+01
 1.72627258e+01
 2.53012695e+01
 2.48400269e+01
 2.01912231e+01
 1.65548706e+01
 1.30612183e+01
 1.28575439e+01
 1.00866699e+01
 7.93212891e+00
 1.13130798e+01
 1.19928894e+01
 1.43452148e+01
 2.01504211e+01
 2.65624390e+01
 2.47330627e+01
 2.11777954e+01
 1.77967834e+01
 1.39698792e+01
 1.28981018e+01
 1.15127869e+01
 1.03275452e+01
 1.09350586e+01
 1.30643311e+01
 1.48541870e+01
 1.96798706e+01
 2.48227539e+01
 2.55012207e+01
 2.22376099e+01
 1.83830566e+01
 1.36039429e+01
 1.29449158e+01
 8.20193481e+00
 7.36386108e+00
 1.16497192e+01
 1.16291504e+01
 1.70311890e+01
 2.09276733e+01
 2.69247131e+01
 2.59165039e+01
 2.01093445e+01
 1.67286682e+01
 1.31171570e+01
 1.14097900e+01
 9.19039917e+00
 9.54830933e+00
 9.42208862e+00
 1.25738525e+01
 1.39135437e+01
 2.13091125e+01
 2.66534729e+01
 2.56728516e+01
 2.07450867e+01
 1.67124939e+01
 1.34342041e+01
 1.20514526e+01
 1.09847717e+01
 1.10425415e+01
 1.11926575e+01
 1.25979614e+01
 1.39050293e+01
 1.94397278e+01
 2.38780518e+01
 2.35527954e+01
 2.02132263e+01
 1.69808350e+01
 1.21567078e+01
 1.07455750e+01
 8.85333252e+00
 1.06575317e+01
 1.13585205e+01
 1.16922913e+01
 1.87603455e+01
 2.04019165e+01
 2.45830383e+01
 2.58815918e+01
 2.08247070e+01
 1.80570679e+01
 1.48612671e+01
 1.31532898e+01
 1.14712219e+01
 8.92037964e+00
 1.14156494e+01
 1.22317200e+01
 1.53947754e+01
 2.04228821e+01
 2.72563782e+01
 2.33110046e+01
 1.95211792e+01
 1.62238159e+01
 1.42363281e+01
 1.19470825e+01
 9.60986328e+00
 1.01620483e+01
 9.17413330e+00
 1.39606018e+01
 1.55309448e+01
 1.86087646e+01
 2.40536804e+01
 2.67013855e+01
 2.08274841e+01
 1.62910156e+01
 1.44295959e+01
 1.13814087e+01
 9.24523926e+00
 1.01907043e+01
 1.02710266e+01
 1.11877747e+01
 1.37333069e+01
 2.39538879e+01
 2.69179993e+01
 2.66366272e+01
 2.13780518e+01
 1.69608154e+01
 1.42084351e+01
 1.35202637e+01
 8.82586670e+00
 1.14963684e+01
 1.13979797e+01
 1.28352661e+01
 1.62813110e+01
 2.23765564e+01
 2.53703308e+01
 2.47428589e+01
 2.08769226e+01
 1.63452759e+01
 1.40602417e+01
 1.30630493e+01
 1.03265991e+01
 9.68444824e+00
 1.07815552e+01
 1.36292725e+01
 1.54531860e+01
 1.99015808e+01
 2.79607544e+01
 2.74399414e+01
 1.84837952e+01
 1.65781860e+01
 1.44476929e+01
 1.35329285e+01
 1.13157349e+01
 1.28162537e+01
 1.06536865e+01
 1.27532654e+01
 1.48439026e+01
 2.03377380e+01
 2.45939026e+01
 2.56147766e+01
 2.15888977e+01
 1.78266907e+01
 1.60869141e+01
 8.89199829e+00
 1.00152283e+01
 9.68984985e+00
 1.06213074e+01
 1.44562683e+01
 1.46071167e+01
 1.97361145e+01
 2.76089172e+01
 2.24809875e+01
 2.03958435e+01
 1.74276428e+01
 1.38266296e+01
 1.37263489e+01
 1.10493469e+01
 9.85363770e+00
 1.20011597e+01
 1.43794861e+01
 1.55239868e+01
 2.09843140e+01
 2.88313904e+01
 2.48489075e+01
 2.17631836e+01
 1.78275757e+01
 1.57082825e+01
 1.21809692e+01
 9.46542358e+00
 9.72708130e+00
 1.23355103e+01
 1.44842529e+01
 1.70599060e+01
 2.05633850e+01
 2.43241882e+01
 2.64781799e+01
 2.22236328e+01
 1.79164124e+01
 1.49819946e+01
 1.22937927e+01
 1.16026611e+01
 1.03730469e+01
 1.06533813e+01
 1.35746460e+01
 1.71528015e+01
 2.32876892e+01
 2.47826538e+01
 2.46773071e+01
 2.10481567e+01
 1.68398743e+01
 1.45209656e+01
 1.22908630e+01
 9.20300293e+00
 9.41040039e+00
 1.09574890e+01
 1.23068237e+01
 1.56232910e+01
 1.97446594e+01
 2.69255981e+01
 2.50506897e+01
 2.05365601e+01
 1.56435547e+01
 1.53614807e+01
 1.16515808e+01
 9.43878174e+00
 9.63223267e+00
 8.05685425e+00
 1.35686951e+01
 1.72471619e+01
 2.12083130e+01
 2.62442322e+01
 2.32080078e+01
 2.04917603e+01
 1.51521301e+01
 1.33458557e+01
 1.13718872e+01
 9.25051880e+00
 1.01621704e+01
 1.16416016e+01
 1.22670898e+01
 1.62829590e+01
 2.13478699e+01
 2.88110352e+01
 2.48238220e+01
 2.12579041e+01
 1.75451965e+01
 1.56318054e+01
 1.27656860e+01
 1.17172852e+01
 8.83102417e+00
 9.26327515e+00
 1.25178528e+01
 1.80490723e+01
 2.04810791e+01
 2.78354187e+01
 2.66172485e+01
 2.06994629e+01
 1.64988098e+01
 1.49541626e+01
 1.19181519e+01
 1.14643250e+01
 1.10105591e+01
 9.00134277e+00
 1.13039246e+01
 1.54573975e+01
 2.09765930e+01
 2.62002869e+01
 2.61805115e+01
 2.11426697e+01
 1.76980286e+01
 1.53688049e+01
 1.22947693e+01
 1.22669067e+01
 1.03034058e+01
 1.17159424e+01
 1.24158936e+01
 1.44038696e+01
 1.83008118e+01
 2.39864502e+01
 2.20722961e+01
 1.89609985e+01
 1.59196167e+01
 1.17725525e+01
 1.01914673e+01
 8.26596069e+00
 1.02567749e+01
 1.16128540e+01
 1.35538940e+01
 1.55662537e+01
 2.17537231e+01
 2.52851868e+01
 2.40606995e+01
 2.03002930e+01
 1.70696716e+01
 1.48130188e+01
 1.23216858e+01
 1.12749023e+01
 1.17431946e+01
 1.25040588e+01
 1.25545959e+01
 1.62357483e+01
 2.01163635e+01
 2.45661011e+01
 2.62644653e+01
 2.04514160e+01
 1.70679321e+01
 1.37824097e+01
 1.29924622e+01
 1.29442749e+01
 1.23792114e+01
 1.22739258e+01
 1.40471497e+01
 1.69003601e+01
 2.02196655e+01
 2.72743835e+01
 2.72937317e+01
 2.26964111e+01
 1.73454590e+01
 1.44020386e+01
 9.65130615e+00
 1.01781616e+01
 9.77072144e+00
 1.17080383e+01
 1.57475586e+01
 1.64731140e+01
 2.20640869e+01
 2.70953979e+01
 2.15794067e+01
 1.96793518e+01
 1.62838440e+01
 1.49972839e+01
 1.16673279e+01
 1.06221924e+01
 9.85073853e+00
 1.11042480e+01
 1.09518127e+01
 1.51944580e+01
 2.04017639e+01
 2.52198486e+01
 2.35550537e+01
 2.04702148e+01
 1.77264404e+01
 1.43982544e+01
 1.33741760e+01
 1.09696045e+01
 8.61196899e+00
 1.14254150e+01
 1.42000732e+01
 1.90346985e+01
 2.21256714e+01
 2.54376526e+01
 2.50000000e+01
 2.25419312e+01
 1.86135559e+01
 1.44975281e+01
 1.31217957e+01
 1.15379639e+01
 1.10559082e+01
 1.12595520e+01
 1.45385132e+01
 1.74509277e+01
 2.17437744e+01
 2.64815063e+01
 2.58410950e+01
 2.09967651e+01
 1.79642944e+01
 1.61269836e+01
 1.06062622e+01
 1.05316467e+01
 1.07786255e+01
 1.10716858e+01
 1.43189087e+01
 1.64290466e+01
 2.11903992e+01
 2.93058777e+01
 2.60191345e+01
 2.22826233e+01
 1.72412109e+01
 1.46908875e+01
 1.13855896e+01
 1.06761780e+01
 1.08488159e+01
 1.14730530e+01
 1.22069397e+01
 1.53386230e+01
 2.21842346e+01
 2.62015381e+01
 2.44198303e+01
 2.06516724e+01
 1.54634094e+01
 1.26460571e+01
 1.27887268e+01
 1.03451233e+01
 8.68930054e+00
 1.02212219e+01
 1.36074829e+01
 1.78409119e+01
 2.24690247e+01
 2.64545593e+01
 2.56708069e+01
 1.99722290e+01
 1.64340210e+01
 1.49070740e+01
 1.23614502e+01
 1.15282288e+01
 9.87509155e+00
 1.23489685e+01
 1.33671570e+01
 1.59841919e+01
 2.05075378e+01
 2.35692444e+01
 2.37009583e+01
 1.94505310e+01
 1.66843872e+01
 1.56285095e+01
 1.12069702e+01
 1.03518372e+01
 7.91775513e+00
 1.07019958e+01
 1.27153320e+01
 1.70247192e+01
 1.85229492e+01
 2.51744385e+01
 2.25392151e+01
 2.07581787e+01
 1.82455139e+01
 1.49488831e+01
 1.31558533e+01
 1.13224182e+01
 1.01222229e+01
 1.10644226e+01
 1.25005493e+01
 1.54932251e+01
 2.22051392e+01
 2.66598511e+01
 2.67924805e+01
 1.99666138e+01
 1.69736633e+01
 1.43479004e+01
 1.15502319e+01
 8.90927124e+00
 1.07382812e+01
 1.25174255e+01
 1.38898010e+01
 1.71241760e+01
 2.14961548e+01
 2.60742188e+01
 2.48144226e+01
 2.05249329e+01
 1.62738342e+01
 1.53207397e+01
 1.34007568e+01
 1.14635315e+01
 1.16419678e+01
 1.07285156e+01
 1.26234131e+01
 1.72111816e+01
 2.12138977e+01
 2.52890320e+01
 2.35305176e+01
 2.08785095e+01
 1.76177979e+01
 1.53529663e+01
 1.10831299e+01
 1.09215698e+01
 1.06162109e+01
 1.08420105e+01
 1.30447998e+01
 1.53599548e+01
 1.88537903e+01
 2.53477783e+01
 2.28881836e+01
 2.06136475e+01
 1.64932556e+01
 1.41593018e+01
 1.06526489e+01
