 3.70794067e+00
 4.64681396e+00
 6.12102661e+00
 9.22408447e+00
 1.45784851e+01
 2.01699768e+01
 2.50275818e+01
 2.22039124e+01
 1.66926819e+01
 1.08755432e+01
 7.51699219e+00
 1.10576782e+00
 -6.10296631e-01
 8.00878296e+00
 8.66085205e+00
 1.14881226e+01
 1.37858826e+01
 2.20424744e+01
 2.30967041e+01
 1.98532043e+01
 1.62604614e+01
 1.35109802e+01
 9.10756836e+00
 -6.14074707e-02
 1.24367676e+00
 3.79702148e+00
 7.79113159e+00
 1.00255371e+01
 1.39304443e+01
 1.69566589e+01
 2.53702637e+01
 2.29005066e+01
 1.84861389e+01
 1.22071777e+01
 9.78093872e+00
 3.76333008e+00
 1.12011108e+00
 4.81997070e+00
 6.86849365e+00
 1.05122925e+01
 1.58822571e+01
 2.18429810e+01
 2.33258911e+01
 2.50767151e+01
 1.97545105e+01
 1.26553894e+01
 6.17128906e+00
 2.39119873e+00
 -2.95446777e-01
 -2.21552124e+00
 5.43264160e+00
 1.06151367e+01
 1.45418945e+01
 1.78542419e+01
 2.21477600e+01
 1.92596375e+01
 1.91605469e+01
 8.87481079e+00
 4.36669312e+00
 1.71645508e+00
 -1.02536621e+00
 4.49569092e+00
 7.10048828e+00
 9.60115967e+00
 1.67935120e+01
 1.99076782e+01
 2.23417297e+01
 2.14747864e+01
 1.80112854e+01
 1.22508789e+01
 4.32247314e+00
 6.15160522e+00
 1.20037231e+00
 1.88659058e+00
 6.04293213e+00
 1.02462097e+01
 1.49857117e+01
 1.91266113e+01
 2.47110840e+01
 2.11238037e+01
 1.43657166e+01
 1.24121338e+01
 9.57149658e+00
 -7.01300049e-01
 2.20516357e+00
 -3.20227661e+00
 5.04088745e+00
 9.85134277e+00
 1.68816162e+01
 1.79875122e+01
 2.24481750e+01
 2.24624573e+01
 1.64115845e+01
 1.24417664e+01
 7.59899292e+00
 -4.20593262e-02
 6.51989136e+00
 -7.47503662e-01
 6.06249390e+00
 1.00297485e+01
 1.82276855e+01
 2.24306580e+01
 2.44159485e+01
 2.30958191e+01
 1.78447205e+01
 1.16834656e+01
 7.58123169e+00
 3.89125977e+00
 -9.00122070e-01
 3.23748169e+00
 6.99123535e+00
 1.18325439e+01
 1.67045837e+01
 2.03272339e+01
 2.59334351e+01
 2.50937134e+01
 1.90993591e+01
 8.54613647e+00
 9.72701416e+00
 7.07293091e+00
 3.39638672e+00
 4.99358521e+00
 6.64141235e+00
 1.00768066e+01
 1.37630859e+01
 1.91943604e+01
 2.13383423e+01
 2.42763000e+01
 2.01553284e+01
 1.02784363e+01
 4.45272217e+00
 2.04915771e+00
 4.03130493e+00
 1.32009277e+00
 6.93822632e+00
 1.05269409e+01
 1.72736755e+01
 2.17908569e+01
 2.27876526e+01
 2.08853394e+01
 1.91805664e+01
 1.64940735e+01
 2.96398315e+00
 7.11062012e+00
 3.44024048e+00
 4.45791016e+00
 8.09923706e+00
 1.14999939e+01
 1.39460693e+01
 1.77622314e+01
 2.28532654e+01
 2.46009460e+01
 1.76126648e+01
 1.35040222e+01
 4.76717529e+00
 4.79912720e+00
 -1.61231079e+00
 3.63921509e+00
 6.49108276e+00
 1.06142212e+01
 1.51974731e+01
 1.84924255e+01
 2.21209045e+01
 2.38783813e+01
 1.85293823e+01
 9.18303833e+00
 5.81505737e+00
 2.84304199e+00
 1.93444214e+00
 -1.00592041e-01
 5.32393799e+00
 1.01473022e+01
 1.41097351e+01
 1.77829529e+01
 2.45852295e+01
 2.45501648e+01
 2.15054565e+01
 1.29594666e+01
 4.78551636e+00
 3.16072998e+00
 -1.30686035e+00
 3.64730225e+00
 9.30648193e+00
 8.68923340e+00
 1.30517212e+01
 2.00923706e+01
 2.33970276e+01
 2.38752075e+01
 1.90236755e+01
 1.33370300e+01
 7.71325073e+00
 6.68438110e+00
 -1.56418457e+00
 5.63729248e+00
 8.78560791e+00
 1.22524048e+01
 1.54905029e+01
 2.12250000e+01
 2.44393555e+01
 2.16036316e+01
 1.70807129e+01
 1.13910767e+01
 9.53948364e+00
 2.90200195e+00
 3.08724365e+00
 2.18432007e+00
 6.53423462e+00
 9.08928833e+00
 1.39437500e+01
 1.78467346e+01
 2.21290527e+01
 2.20236755e+01
 2.09068542e+01
 1.61331116e+01
 5.48745117e+00
 5.35085449e+00
 1.04046021e+00
 4.28753052e+00
 1.03667542e+01
 1.14409729e+01
 1.67707153e+01
 2.09634644e+01
 2.08264099e+01
 1.88790527e+01
 1.55099121e+01
 8.97451172e+00
 9.78035889e+00
 5.34588013e+00
 9.70727539e-01
 3.41638184e-01
 7.51778564e+00
 9.87258301e+00
 1.43974243e+01
 1.93171936e+01
 1.94146057e+01
 2.28846069e+01
 1.95380188e+01
 1.15347839e+01
 7.57409058e+00
 6.61693726e+00
 3.06685791e+00
 4.67086182e+00
 6.69860229e+00
 9.36132202e+00
 1.41078735e+01
 1.88380981e+01
 2.25255371e+01
 2.01817871e+01
 1.71797424e+01
 1.26554199e+01
 8.34267578e+00
 3.72216187e+00
 5.79644165e+00
 2.70189819e+00
 5.00481567e+00
 1.18288513e+01
 1.56662231e+01
 2.13211609e+01
 2.47844177e+01
 2.16119629e+01
 1.54751221e+01
 1.04473511e+01
 4.00396118e+00
 3.14437256e+00
 5.59002075e+00
 3.01357422e+00
 5.55468140e+00
 1.04808594e+01
 1.60894409e+01
 2.26382690e+01
 2.40815063e+01
 2.06126038e+01
 1.67738892e+01
 1.04111572e+01
 8.79146729e+00
 3.06078491e+00
 2.57201538e+00
 3.99660645e+00
 5.79790649e+00
 1.14493347e+01
 1.42141968e+01
 1.88527466e+01
 2.47486816e+01
 2.48207642e+01
 1.79854370e+01
 1.58276306e+01
 1.14586426e+01
 4.54692993e+00
 3.78618774e+00
 5.60042725e+00
 8.08580933e+00
 9.84047852e+00
 1.64877258e+01
 2.29113403e+01
 2.32258850e+01
 2.18211914e+01
 1.69958435e+01
 1.02261597e+01
 4.80010376e+00
 3.24254761e+00
 4.67055664e+00
 5.34197388e+00
 8.64898071e+00
 1.03254333e+01
 1.37899109e+01
 1.73290039e+01
 2.34706360e+01
 2.32719666e+01
 1.88550964e+01
 1.07268616e+01
 3.90834961e+00
 -9.58044434e-01
 4.33404541e-01
 3.19927368e+00
 4.53838501e+00
 1.12738586e+01
 1.65846497e+01
 2.19214111e+01
 2.28210693e+01
 2.30500732e+01
 1.53537842e+01
 1.24385620e+01
 4.19280396e+00
 6.06978760e+00
 3.02001343e+00
 6.31310425e+00
 9.61193237e+00
 1.33446899e+01
 1.75794922e+01
 1.86449524e+01
 2.24984985e+01
 2.12224365e+01
 1.84932495e+01
 1.18245483e+01
 6.91488037e+00
 4.74425659e+00
 1.98479614e+00
 3.63781128e+00
 8.18062744e+00
 1.14361206e+01
 1.73822876e+01
 2.03544250e+01
 2.56290527e+01
 2.26060120e+01
 1.72805115e+01
 1.41133667e+01
 9.30901489e+00
 2.83397827e+00
 2.52761230e+00
 6.97326050e+00
 1.00910583e+01
 1.25159851e+01
 1.64257751e+01
 2.33079163e+01
 2.44230896e+01
 2.45856567e+01
 1.94039246e+01
 1.26743713e+01
 4.61470947e+00
 6.79610596e+00
 6.32726440e+00
 5.57672119e-01
 7.43987427e+00
 1.32655579e+01
 1.51264893e+01
 2.15182739e+01
 2.53702637e+01
 2.37704102e+01
 1.65012756e+01
 1.36825195e+01
 7.78923950e+00
 6.70366821e+00
 3.34636841e+00
 4.74764404e+00
 5.38985596e+00
 1.17745911e+01
 1.51532532e+01
 1.87846313e+01
 2.31186157e+01
 2.32095886e+01
 1.54541870e+01
 1.18990417e+01
 4.91805420e+00
 3.77810059e+00
 2.03585205e+00
 5.37047729e+00
 9.36809692e+00
 1.21155640e+01
 1.79218079e+01
 2.29168030e+01
 2.26405884e+01
 2.08008667e+01
 1.79979797e+01
 1.33932129e+01
 1.04601379e+01
 4.76436768e+00
 5.93816528e+00
 5.63097534e+00
 8.46901855e+00
 1.03984314e+01
 1.50370728e+01
 1.79503723e+01
 2.54640137e+01
 2.34226929e+01
 1.89067932e+01
 1.19515625e+01
 3.81105957e+00
 1.47949219e-02
 -3.02573242e+00
 -8.23209229e+00
 1.65889893e+00
 1.13067566e+01
 1.50921265e+01
 1.84967896e+01
 2.32675720e+01
 2.28426758e+01
 2.09700256e+01
 1.06908203e+01
 4.50869141e+00
 -2.32398071e+00
 2.70183716e+00
 -2.48266602e-01
 5.65062866e+00
 1.22839905e+01
 1.67428833e+01
 1.99393555e+01
 2.49311768e+01
 2.47427002e+01
 1.60396057e+01
 1.01241089e+01
 6.22695313e+00
 3.21130371e-01
 -4.95291748e+00
 -1.88909912e-01
 9.50972900e+00
 9.52169189e+00
 1.50139404e+01
 2.08596130e+01
 2.67800537e+01
 2.73605896e+01
 1.48373047e+01
 1.32342163e+01
 9.76348267e+00
 4.27269897e+00
 6.27428589e+00
 5.11907349e+00
 7.80498657e+00
 1.07765747e+01
 1.47958923e+01
 2.11008240e+01
 2.05696960e+01
 2.06305786e+01
 1.61139160e+01
 1.06215454e+01
 6.90221558e+00
 4.69951782e+00
 9.21044922e-01
 2.71636353e+00
 7.72246704e+00
 1.03917480e+01
 1.42288757e+01
 1.94301086e+01
 2.37875610e+01
 2.24921509e+01
 2.21342102e+01
 1.34707886e+01
 1.01366211e+01
 4.01091919e+00
 2.84310303e+00
 3.05678711e+00
 8.51256714e+00
 1.27911316e+01
 1.68282715e+01
 2.09529358e+01
 2.31813904e+01
 2.31614014e+01
 1.76374451e+01
 1.48574768e+01
 4.00301514e+00
 4.83779297e+00
 4.75380859e+00
 -1.65543213e+00
 4.02160034e+00
 1.14052979e+01
 1.54984985e+01
 2.14580017e+01
 2.52318970e+01
 2.62669006e+01
 1.52270447e+01
 1.13942810e+01
 6.07018433e+00
 2.49419556e+00
 5.16290283e-01
 1.38317261e+00
 5.09877930e+00
 8.90194092e+00
 1.39785400e+01
 2.02417236e+01
 2.56094299e+01
 2.21464783e+01
 1.61482178e+01
 1.08259216e+01
 1.01338135e+01
 4.92141113e+00
 -3.35373535e+00
 2.16518555e+00
 8.57689819e+00
 1.09580933e+01
 1.50248962e+01
 2.03363281e+01
 2.44319702e+01
 1.80593811e+01
 1.58003479e+01
 1.18026978e+01
 7.30678711e+00
 4.92296753e+00
 3.83083496e+00
 4.34548340e+00
 9.03667603e+00
 1.40555359e+01
 2.24784485e+01
 2.09381042e+01
 2.59563538e+01
 2.71501404e+01
 1.81735168e+01
 1.31925293e+01
 7.99462280e+00
 4.70760498e+00
 6.13448486e+00
 -2.14361572e-01
 4.45647583e+00
 1.18986450e+01
 1.76670776e+01
 2.33719727e+01
 2.40504089e+01
 2.54622131e+01
 1.91781250e+01
 1.39983459e+01
 1.16102234e+01
 3.03597412e+00
 4.30440674e+00
 2.21193848e+00
 4.40596924e+00
 1.16480957e+01
 1.74057251e+01
 2.24487244e+01
 2.39067627e+01
 2.15958496e+01
 1.53506104e+01
 1.36096741e+01
 6.81771240e+00
 4.84023438e+00
 4.20440063e+00
 5.23323975e+00
 9.40352783e+00
 1.13124329e+01
 1.83470703e+01
 2.14735962e+01
 2.56358582e+01
 2.52915283e+01
 1.87209106e+01
 1.20441833e+01
 9.49871216e+00
 5.78499756e+00
 5.56463013e+00
 4.32146606e+00
 2.20424805e+00
 9.56423340e+00
 1.44991394e+01
 2.11381165e+01
 2.42549683e+01
 2.21927734e+01
 1.81484924e+01
 1.36403748e+01
 6.80932007e+00
 2.66869507e+00
 1.04669189e-01
 1.83465576e-01
 6.80159912e+00
 1.05505005e+01
 1.63042847e+01
 2.23402344e+01
 2.22658630e+01
 1.98437744e+01
 1.66923157e+01
 1.11071106e+01
 5.00789795e+00
 8.09472656e-01
 1.18612061e+00
 2.78725586e+00
 4.45897827e+00
 1.22405640e+01
 1.90140930e+01
 2.54528748e+01
 2.73782898e+01
 2.48716980e+01
 2.11026855e+01
 1.51393372e+01
 9.57921753e+00
 4.60585938e+00
 4.38305054e+00
 3.83419189e+00
 1.06648804e+01
 1.27342163e+01
 1.71453796e+01
 2.08929077e+01
 2.48533875e+01
 2.41164490e+01
 2.03542114e+01
 1.30099121e+01
 7.55480347e+00
 5.73366699e+00
 6.55779419e+00
 7.26567993e+00
 7.54888306e+00
 1.18304688e+01
 1.73865601e+01
 1.95575806e+01
 2.63452393e+01
 2.24506775e+01
 1.77450500e+01
 1.16734253e+01
 5.80877075e+00
 5.28972778e+00
 4.19426880e+00
 3.76674805e+00
 9.86013184e+00
 1.11086670e+01
 1.83103271e+01
 2.36975342e+01
 2.55662170e+01
 2.35442749e+01
 2.01009766e+01
 1.21553284e+01
 8.42473755e+00
 3.88125000e+00
 3.98431396e-01
 -2.59588623e-01
 7.26613770e+00
 1.38091370e+01
 1.65177856e+01
 1.96918579e+01
 2.18801208e+01
 2.17829834e+01
 2.20725342e+01
 1.38231445e+01
 7.36754761e+00
 6.94692383e+00
 4.00289307e+00
 4.15108643e+00
 7.92797241e+00
 8.21990356e+00
 1.40919739e+01
 2.25435120e+01
 2.54859863e+01
 2.42403809e+01
 1.96551453e+01
 1.50504700e+01
 7.00209961e+00
 3.20226440e+00
 1.02214966e+00
 3.66048584e+00
 8.13430176e+00
 1.33764282e+01
 1.48789001e+01
 1.86512085e+01
 2.36214844e+01
 2.58720032e+01
 1.74617249e+01
 1.58024536e+01
 5.53402100e+00
 8.66296387e-01
 2.78890381e+00
 5.98287354e+00
 9.25933228e+00
 9.65252075e+00
 1.62849365e+01
 1.88986755e+01
 2.34068542e+01
 2.45962158e+01
 1.75208679e+01
 1.51826721e+01
 8.90346680e+00
 5.38598022e+00
 3.28078613e+00
 3.79738770e+00
 8.63662109e+00
 1.28531738e+01
 1.39236694e+01
 1.97895752e+01
 2.07158142e+01
 2.11493774e+01
 1.81056763e+01
 1.15895935e+01
 1.16890198e+01
 6.04476318e+00
 2.93245850e+00
 7.99965820e+00
 8.61654053e+00
 1.42652527e+01
 1.97377563e+01
 2.35291992e+01
 2.39153687e+01
 2.31140381e+01
 1.73807007e+01
 1.25271851e+01
 4.58455811e+00
 4.55898438e+00
 4.62682495e+00
 3.92958984e+00
 6.04168091e+00
 1.10121704e+01
 1.55218140e+01
 1.76063782e+01
 2.34627014e+01
 2.45030762e+01
 1.72002197e+01
 1.51961304e+01
 9.78884277e+00
 -8.31915283e-01
 4.50582275e+00
 2.65233765e+00
 7.40184937e+00
 1.35902954e+01
 1.88691345e+01
 2.25273071e+01
 2.56098572e+01
 2.55591064e+01
 1.70426575e+01
 1.33426147e+01
 5.97094116e+00
 8.25179443e+00
 6.19927368e+00
 5.79470215e+00
 8.76970825e+00
 1.30176025e+01
 1.54756104e+01
 2.15217529e+01
 2.57945496e+01
 2.42258240e+01
 1.67134338e+01
 1.13515259e+01
 7.44042358e+00
 4.97997437e+00
 3.54332886e+00
 3.98320923e+00
 9.20726929e+00
 1.21068054e+01
 1.61845032e+01
 2.34391113e+01
 2.85739380e+01
 2.42191406e+01
 1.92544495e+01
 1.44390808e+01
 9.04042969e+00
 5.96184692e+00
 3.61364136e+00
 6.53884277e+00
 6.70305786e+00
 1.34149109e+01
 2.36605164e+01
 2.39350525e+01
 2.90429932e+01
 2.29413391e+01
 1.67397400e+01
 1.35817810e+01
 8.41539917e+00
 7.25148926e+00
 5.24086914e+00
 2.66018066e+00
 1.02221619e+01
 1.17392822e+01
 1.46272217e+01
 2.37852417e+01
 2.51304871e+01
 2.70781494e+01
 2.09087463e+01
 1.30295654e+01
 1.23964783e+01
 4.33062134e+00
 -2.03491821e+00
 1.63900146e+00
 7.30120239e+00
 1.26375061e+01
 1.46400696e+01
 2.45941406e+01
 2.42699524e+01
 2.49402710e+01
 2.06039673e+01
 1.48405701e+01
 9.92418823e+00
 2.81063232e+00
 5.34530029e+00
 6.38674316e+00
 8.87453613e+00
 1.32022949e+01
 1.76777588e+01
 2.22424255e+01
 2.25452209e+01
 2.32769409e+01
 1.80321289e+01
 1.33858276e+01
 1.13468567e+01
 4.29479370e+00
 2.33422852e-01
 3.41481934e+00
 7.52739868e+00
 1.29510437e+01
 1.76151062e+01
 2.16250549e+01
 2.33562866e+01
 2.33552185e+01
 1.95436951e+01
 9.77248535e+00
 1.28052307e+01
 1.50859985e+00
 -4.78732910e+00
 5.02657471e+00
 6.02388916e+00
 1.11437317e+01
 1.61585938e+01
 2.52174011e+01
 2.61531006e+01
 2.12105042e+01
 1.62630859e+01
 1.12785889e+01
 7.51220093e+00
 6.16735229e+00
 5.48650513e+00
 4.76824341e+00
 4.60708008e+00
 1.11106812e+01
 1.63578430e+01
 1.92579285e+01
 2.39959045e+01
 2.56356140e+01
 1.87805115e+01
 1.30317932e+01
 8.07650146e+00
 4.95159302e+00
 5.29744873e+00
 6.94103394e+00
 5.66448364e+00
 1.36599670e+01
 1.50372253e+01
 1.92258240e+01
 2.67172180e+01
 2.39805237e+01
 1.60256287e+01
 1.21658875e+01
 6.25191650e+00
 5.23290405e+00
 5.05211792e+00
 3.81893311e+00
 8.39409790e+00
 1.18454224e+01
 2.03361755e+01
 2.18466125e+01
 2.37247864e+01
 2.36955811e+01
 1.93654419e+01
 1.29980103e+01
 1.03733765e+01
 2.08031616e+00
 7.50238037e-01
 3.25228271e+00
 5.25652466e+00
 1.37739502e+01
 1.72889954e+01
 2.08789917e+01
 2.40040527e+01
 2.20398804e+01
 1.67126709e+01
 1.25822083e+01
 6.65380249e+00
 6.14071045e+00
 1.75814209e+00
 7.43605957e+00
 9.14672241e+00
 1.24314819e+01
 1.71400391e+01
 2.11187683e+01
 2.48170105e+01
 2.29529663e+01
 1.66778809e+01
 1.54199158e+01
 6.04778442e+00
 4.84530029e+00
 3.07555542e+00
 6.05629883e+00
 7.33291016e+00
 1.30031067e+01
 1.52281128e+01
 2.29503723e+01
 2.69096924e+01
 2.19605957e+01
 1.77369934e+01
 1.03262268e+01
 7.23305664e+00
 4.11605225e+00
 5.75338135e+00
 4.73409424e+00
 1.08156372e+01
 1.40529419e+01
 1.60495544e+01
 2.04900757e+01
 2.62353149e+01
 2.45163208e+01
 2.05800110e+01
 1.39179626e+01
 8.49471436e+00
 3.53344116e+00
 1.76989136e+00
 4.15282593e+00
 5.59148560e+00
 1.17074219e+01
 1.45516296e+01
 1.97296082e+01
 2.33501526e+01
 2.46314026e+01
 1.84660889e+01
 1.35697571e+01
 1.07264648e+01
 7.17452393e+00
 5.21526489e+00
 6.73113403e+00
 9.09935913e+00
 1.32848450e+01
 1.79465881e+01
 2.64341064e+01
 2.76065308e+01
 2.54815308e+01
 1.97349487e+01
 1.51961609e+01
 9.61080322e+00
 1.90776978e+00
 2.11028442e+00
 5.19848022e+00
 8.57140503e+00
 1.07815796e+01
 1.69278503e+01
 2.23602234e+01
 2.66032043e+01
 2.27567688e+01
 2.01927124e+01
 1.37263428e+01
 4.95388184e+00
 4.50899658e+00
 2.74337158e+00
 6.75356445e+00
 9.35192261e+00
 1.21739746e+01
 1.76543213e+01
 1.98574768e+01
 2.39912964e+01
 2.28541199e+01
 1.84191833e+01
 1.36908508e+01
 8.44628296e+00
 2.84856567e+00
 3.11068115e+00
 3.98995361e+00
 1.07639709e+01
 1.21503845e+01
 1.66053711e+01
 2.17817017e+01
 2.51614014e+01
 2.25791260e+01
 1.89726807e+01
 1.33672424e+01
 7.55983887e+00
 4.17263184e+00
 5.22429810e+00
 1.18401489e+00
 6.73812256e+00
 1.02649780e+01
 1.68199707e+01
 2.09677673e+01
 2.32320190e+01
 2.44901062e+01
 1.86819397e+01
 1.32373596e+01
 7.58968506e+00
 5.48995361e+00
 1.98232422e+00
 5.42885742e+00
 9.80080566e+00
 1.13023010e+01
 1.47869202e+01
 1.90449463e+01
 2.42291504e+01
 2.64866882e+01
 2.08175293e+01
 1.12736145e+01
 5.35262451e+00
 7.02999268e+00
 5.57439575e+00
 6.83471069e+00
 6.99260864e+00
 1.14270264e+01
 1.49582458e+01
 2.02838379e+01
 2.38908325e+01
 2.60925842e+01
 1.75054565e+01
 1.24563538e+01
 8.00753174e+00
 2.39190063e+00
 1.00573120e+00
 3.42406616e+00
 4.15087280e+00
 1.17161804e+01
 1.54435059e+01
 1.82211548e+01
 2.55056702e+01
 2.55024048e+01
 1.93369385e+01
 1.40782410e+01
 1.21490417e+01
 5.59832153e+00
 4.09325562e+00
 5.02303467e+00
 8.39428101e+00
 1.28763062e+01
 1.55885559e+01
 1.87409607e+01
 2.54383179e+01
 2.28597046e+01
 1.74494873e+01
 1.25546509e+01
 7.69963989e+00
 4.65172729e+00
 -1.03854980e+00
 2.74273071e+00
 9.53423462e+00
 1.15799194e+01
 1.37986694e+01
 2.02276245e+01
 2.38990417e+01
 2.44741150e+01
 1.85222717e+01
 1.30106140e+01
 5.62743530e+00
 3.43132935e+00
 3.78173218e+00
 5.91518555e+00
 6.04744873e+00
 1.20172974e+01
 1.69160706e+01
 2.37864319e+01
 2.31292053e+01
 2.34690796e+01
 1.86848389e+01
 1.36460205e+01
 7.83541260e+00
 5.61174927e+00
 4.19130859e+00
 4.20910034e+00
 9.52361450e+00
 1.19369446e+01
 1.65654236e+01
 2.50646606e+01
 2.37260071e+01
 2.03431335e+01
 1.67208801e+01
 1.48682190e+01
 9.18627319e+00
 6.70607910e+00
 3.06829224e+00
 5.77053223e+00
 1.08603149e+01
 9.25719604e+00
 1.42382446e+01
 1.87784973e+01
 2.24786011e+01
 2.31843506e+01
 1.73898560e+01
 9.16344604e+00
 6.34987793e+00
 5.21590576e+00
 -1.76355591e+00
 -6.78650513e+00
 3.05605469e+00
 1.12532288e+01
 1.73492371e+01
 1.97587524e+01
 2.43604980e+01
 2.37674194e+01
 1.88700195e+01
 1.26322876e+01
 4.82460938e+00
 6.99624023e+00
 -4.34326172e-02
 4.03246460e+00
 6.04607544e+00
 1.25703674e+01
 1.42710510e+01
 1.90499817e+01
 2.06780945e+01
 2.00798584e+01
 1.85673462e+01
 1.47783142e+01
 7.96593628e+00
 3.74367676e+00
 5.04766235e+00
 4.67177734e+00
 8.85631714e+00
 1.23053528e+01
 1.57991272e+01
 2.37188660e+01
 2.57773682e+01
 2.43445068e+01
 2.07705322e+01
 1.66957336e+01
 7.48391113e+00
 6.67205200e+00
 7.04342041e+00
 4.46950684e+00
 9.14064941e+00
 1.26722046e+01
 1.65601440e+01
 2.18359619e+01
 2.43786255e+01
 2.33809753e+01
 1.59380737e+01
 1.12324158e+01
 7.05092773e+00
 2.13536987e+00
 -1.61901855e-01
 4.92495117e+00
 7.60640869e+00
 1.10173889e+01
 1.71273132e+01
 1.93312012e+01
 2.37763611e+01
 2.35434814e+01
 1.83934265e+01
 1.31949707e+01
 8.32174072e+00
 4.28911743e+00
 2.45186768e+00
 9.13918457e+00
 9.22094116e+00
 1.08350159e+01
 1.53045593e+01
 2.15603577e+01
 2.59927002e+01
 2.61047607e+01
 1.75973755e+01
 1.04358459e+01
 1.00923706e+01
 5.53435669e+00
 4.61660156e+00
 8.20626221e+00
 7.56432495e+00
 1.30336548e+01
 1.42865234e+01
 2.11964355e+01
 2.32593018e+01
 2.10914856e+01
 2.23518921e+01
 1.50524231e+01
 7.89315186e+00
 4.69918213e+00
 4.63875732e+00
 3.82604370e+00
 7.23186646e+00
 1.21337524e+01
 1.40158936e+01
 2.02648254e+01
 2.26124817e+01
 2.30732361e+01
 1.86968018e+01
 1.42325073e+01
 7.84172974e+00
 3.99971924e+00
 6.53795776e+00
 5.90621338e+00
 7.63973389e+00
 1.24998108e+01
 1.54754272e+01
 2.03953491e+01
 2.23470093e+01
 2.26857544e+01
 1.96250549e+01
 1.25800720e+01
 3.92693481e+00
 5.55413208e+00
 8.22137451e-01
 7.13793335e+00
 8.28725586e+00
 1.18755432e+01
 1.66110779e+01
 2.33328796e+01
 2.67315613e+01
 2.61355530e+01
 1.70871216e+01
 1.35439697e+01
 5.07988892e+00
 3.36290894e+00
