 -6.58172607e-01
 -2.41595459e+00
 -4.73858643e+00
 7.66049194e+00
 8.91305542e+00
 1.73457031e+01
 1.82455444e+01
 1.59577026e+01
 1.57666931e+01
 9.20404053e+00
 2.51303101e+00
 -2.18841553e-01
 -4.23663330e+00
 -2.40072632e+00
 -1.51525879e+00
 4.49490356e+00
 8.42175293e+00
 1.40351562e+01
 2.12533264e+01
 1.84386902e+01
 1.37032166e+01
 5.10635376e+00
 5.25070190e+00
 5.33996582e-01
 1.89468384e+00
 -8.92608643e-01
 1.96655273e+00
 4.52954102e+00
 8.04006958e+00
 1.23221741e+01
 1.77288513e+01
 1.80032043e+01
 1.31124573e+01
 9.27035522e+00
 5.92306519e+00
 1.09619141e-01
 3.61022949e-01
 -5.01373291e+00
 1.17645264e+00
 6.03433228e+00
 8.74505615e+00
 1.90663452e+01
 1.93872681e+01
 1.96539917e+01
 1.26573792e+01
 5.95913696e+00
 2.68954468e+00
 -4.90203857e-01
 9.60968018e-01
 -3.31237793e+00
 3.05197144e+00
 5.02209473e+00
 7.27529907e+00
 1.46282349e+01
 1.85145569e+01
 1.81428223e+01
 1.24510498e+01
 8.87692261e+00
 -6.95983887e-01
 1.33303833e+00
 6.99951172e-01
 -5.47140503e+00
 -5.12268066e-01
 6.66510010e+00
 1.11719360e+01
 1.74353638e+01
 2.31559448e+01
 1.89212646e+01
 1.12498474e+01
 7.51837158e+00
 2.94934082e+00
 -1.10775757e+00
 -2.90515137e+00
 -1.90530396e+00
 1.53533936e-01
 4.81896973e+00
 8.94839478e+00
 1.73345337e+01
 2.19694824e+01
 2.01407166e+01
 1.19604492e+01
 6.41207886e+00
 5.03417969e-01
 2.21994019e+00
 1.35903931e+00
 -1.01968384e+00
 2.95867920e+00
 4.23806763e+00
 9.57708740e+00
 1.09278564e+01
 1.97551880e+01
 1.51188660e+01
 1.30680542e+01
 8.18276978e+00
 5.71337891e+00
 -2.98526001e+00
 -4.04620361e+00
 -3.93365479e+00
 9.08538818e-01
 5.63272095e+00
 9.91061401e+00
 1.45530396e+01
 1.76425781e+01
 1.65044556e+01
 1.00847168e+01
 6.87017822e+00
 5.66970825e+00
 -1.96670532e+00
 -1.21249390e+00
 -3.77764893e+00
 2.38494873e+00
 1.67800903e+00
 1.02395020e+01
 1.43451233e+01
 1.51528625e+01
 1.94442139e+01
 1.48843384e+01
 7.62377930e+00
 4.49267578e+00
 5.75012207e-01
 -5.09664917e+00
 1.22164917e+00
 -3.53454590e-01
 5.50558472e+00
 1.04219055e+01
 1.46430969e+01
 1.93964539e+01
 1.76265564e+01
 1.31506958e+01
 8.64062500e+00
 4.26995850e+00
 1.82736206e+00
 -4.50354004e+00
 1.19903564e-01
 1.19561768e+00
 7.64630127e+00
 1.25377502e+01
 1.41207581e+01
 1.89493713e+01
 1.64098206e+01
 1.19309998e+01
 5.50802612e+00
 2.72866821e+00
 8.75640869e-01
 -1.38830566e+00
 -1.99462891e-01
 6.53381348e-02
 6.17614746e+00
 7.85989380e+00
 1.57189026e+01
 2.33717041e+01
 1.85473328e+01
 1.12145996e+01
 5.78854370e+00
 5.11456299e+00
 -1.26345825e+00
 -7.29492188e-01
 -2.29653931e+00
 3.50283813e+00
 4.37567139e+00
 8.24252319e+00
 1.26963196e+01
 2.05611267e+01
 1.85335083e+01
 1.18284302e+01
 4.47817993e+00
 2.32290649e+00
 2.07336426e+00
 9.44061279e-01
 -2.09564209e-01
 1.67602539e-01
 4.15408325e+00
 1.25990906e+01
 1.53677063e+01
 1.73914185e+01
 2.01341858e+01
 1.40701599e+01
 6.10638428e+00
 4.30654907e+00
 2.26245117e+00
 -5.69458008e-01
 -1.84457397e+00
 -1.77380371e+00
 4.26882935e+00
 8.47717285e+00
 1.51683044e+01
 2.25274963e+01
 1.88493347e+01
 1.18262024e+01
 6.35949707e+00
 2.84393311e+00
 2.05056763e+00
 -1.33584595e+00
 -2.71826172e+00
 3.30270386e+00
 4.44586182e+00
 9.59533691e+00
 1.55712280e+01
 2.12638550e+01
 2.10095215e+01
 1.10684814e+01
 9.34051514e+00
 5.89569092e+00
 9.66918945e-01
 -1.46820068e-01
 -1.69845581e+00
 2.19390869e-01
 5.04495239e+00
 1.02584534e+01
 1.51589661e+01
 2.28623047e+01
 1.84806213e+01
 1.10709229e+01
 7.58386230e+00
 2.91305542e+00
 -4.21447754e-01
 -3.68957520e+00
 6.59301758e-01
 2.72552490e-01
 7.35198975e+00
 1.19173279e+01
 1.36100769e+01
 1.97660828e+01
 1.98232117e+01
 1.13805237e+01
 5.82501221e+00
 5.79528809e+00
 -2.08993530e+00
 -3.94302368e+00
 3.33526611e-01
 4.33609009e+00
 5.60964966e+00
 9.55569458e+00
 1.53144836e+01
 2.10044861e+01
 2.07530212e+01
 1.50038452e+01
 9.50213623e+00
 3.77429199e+00
 2.73013306e+00
 2.74035645e+00
 -1.59515381e-01
 2.50192261e+00
 5.22433472e+00
 9.53698730e+00
 1.30670776e+01
 2.34791870e+01
 2.03085938e+01
 1.16161499e+01
 8.35363770e+00
 2.88989258e+00
 5.95092773e-03
 -2.02185059e+00
 2.00317383e-01
 3.78570557e-01
 2.30151367e+00
 8.41189575e+00
 1.50355225e+01
 2.07662354e+01
 1.36086426e+01
 1.13014832e+01
 6.19778442e+00
 4.80389404e+00
 3.12783813e+00
 7.55218506e-01
 -1.49542236e+00
 2.34042358e+00
 3.30029297e+00
 7.89825439e+00
 1.47299500e+01
 1.63192444e+01
 1.59301758e+01
 8.33468628e+00
 7.62930298e+00
 3.90637207e+00
 3.29348755e+00
 -1.29321289e+00
 1.79553223e+00
 7.12463379e-01
 4.90505981e+00
 1.18198547e+01
 1.32398071e+01
 1.74792175e+01
 1.82539368e+01
 1.15097961e+01
 7.88281250e+00
 2.91113281e+00
 1.05905151e+00
 -7.17254639e-01
 5.59051514e-01
 1.40484619e+00
 6.06842041e+00
 8.77233887e+00
 2.05800171e+01
 1.72401733e+01
 1.74757385e+01
 1.03164368e+01
 7.13677979e+00
 2.74914551e+00
 4.50195312e+00
 -7.39575195e+00
 9.65270996e-01
 -3.60870361e-01
 7.77038574e+00
 7.93203735e+00
 1.29776611e+01
 1.96665955e+01
 1.99293823e+01
 1.64497986e+01
 9.10177612e+00
 3.73596191e+00
 -2.56811523e+00
 2.68981934e-01
 -1.59967041e+00
 -1.69967651e+00
 7.40872192e+00
 1.19095764e+01
 1.42994690e+01
 2.21982422e+01
 1.73354492e+01
 1.29900208e+01
 7.85806274e+00
 3.77694702e+00
 1.99090576e+00
 -2.20739746e+00
 -1.11752319e+00
 1.77069092e+00
 3.95153809e+00
 7.96487427e+00
 1.62634583e+01
 2.09979248e+01
 1.82368469e+01
 1.29143372e+01
 5.09695435e+00
 4.33432007e+00
 3.17233276e+00
 1.77096558e+00
 -6.79168701e-01
 2.37808228e+00
 5.39471436e+00
 1.14506836e+01
 1.65650635e+01
 1.93572998e+01
 1.74136963e+01
 1.37361450e+01
 9.17248535e+00
 2.44396973e+00
 1.42098999e+00
 -5.11993408e-01
 1.23461914e+00
 7.39624023e-01
 4.94451904e+00
 1.02866821e+01
 1.33368225e+01
 2.04674683e+01
 1.59151611e+01
 1.10391846e+01
 8.22210693e+00
 3.93280029e+00
 1.71658325e+00
 8.87664795e-01
 -1.36431885e+00
 2.37164307e+00
 5.59436035e+00
 1.22396851e+01
 1.60065613e+01
 2.01217651e+01
 1.50457764e+01
 1.15172119e+01
 7.64178467e+00
 2.02905273e+00
 4.19097900e-01
 -1.85824585e+00
 2.19934082e+00
 4.73013306e+00
 7.52719116e+00
 1.39171143e+01
 1.78175354e+01
 2.22250671e+01
 2.14764404e+01
 1.21521912e+01
 7.52511597e+00
 4.14801025e+00
 -2.37487793e-01
 6.64367676e-01
 7.46948242e-01
 3.36120605e+00
 4.69042969e+00
 1.01312866e+01
 1.16232605e+01
 1.78942261e+01
 1.94626465e+01
 1.60463257e+01
 7.46585083e+00
 4.80123901e+00
 9.67254639e-01
 -2.62905884e+00
 1.13677979e+00
 2.64788818e+00
 6.80722046e+00
 1.27700195e+01
 1.64684448e+01
 2.01381836e+01
 1.98372192e+01
 1.23768005e+01
 6.93701172e+00
 -9.14978027e-01
 6.23870850e-01
 -7.25314331e+00
 -9.25231934e-01
 1.47793579e+00
 3.76846313e+00
 9.64498901e+00
 1.63732605e+01
 2.26536560e+01
 1.77426147e+01
 1.18868713e+01
 9.17337036e+00
 5.95404053e+00
 9.26513672e-01
 -5.19073486e-01
 1.06307983e+00
 4.02954102e+00
 5.71124268e+00
 1.01528015e+01
 1.41729736e+01
 1.77939453e+01
 1.66448059e+01
 1.36030579e+01
 7.48010254e+00
 4.96588135e+00
 4.69604492e-01
 -8.11431885e-01
 -6.04116821e+00
 -1.51062012e+00
 3.91696167e+00
 7.87792969e+00
 1.23785706e+01
 2.17438354e+01
 2.02908020e+01
 9.52789307e+00
 9.19821167e+00
 5.34365845e+00
 4.72775269e+00
 7.02362061e-01
 1.47369385e-01
 1.57711792e+00
 5.77902222e+00
 1.12982483e+01
 1.67995605e+01
 2.19759216e+01
 1.85133362e+01
 1.09542542e+01
 6.72393799e+00
 5.03817749e+00
 2.29818726e+00
 -2.36260986e+00
 -5.70300293e+00
 -2.02270508e-01
 2.44567871e+00
 7.60952759e+00
 1.45626526e+01
 1.95010681e+01
 1.88260803e+01
 1.44920349e+01
 6.37777710e+00
 4.90896606e+00
 2.75878906e-02
 1.42364502e-01
 1.06475830e-01
 2.12728882e+00
 6.74868774e+00
 9.33978271e+00
 1.71681519e+01
 1.51178589e+01
 1.50010681e+01
 1.36705933e+01
 8.75137329e+00
 1.80194092e+00
 1.43206787e+00
 2.10571289e-03
 7.95593262e-01
 2.52697754e+00
 5.10159302e+00
 8.20574951e+00
 1.35902100e+01
 2.06745605e+01
 1.98536987e+01
 1.14223022e+01
 6.78869629e+00
 1.83566284e+00
 1.33541870e+00
 -1.77990723e+00
 -1.28186035e+00
 -7.59948730e-01
 2.94213867e+00
 1.13972168e+01
 1.45378113e+01
 1.99768066e+01
 1.77692261e+01
 1.45916138e+01
 1.00863953e+01
 4.19320679e+00
 -4.38745117e+00
 -6.80603027e-01
 5.37567139e-01
 -6.31622314e-01
 5.85064697e+00
 1.34332886e+01
 1.73582764e+01
 2.15495911e+01
 1.54361572e+01
 1.33974609e+01
 5.71392822e+00
 6.41772461e+00
 4.42565918e+00
 1.45108032e+00
 -1.99923706e+00
 6.86676025e-01
 3.11035156e+00
 9.83309937e+00
 1.75177002e+01
 2.05379333e+01
 1.87734680e+01
 1.28492432e+01
 6.67294312e+00
 6.09899902e+00
 2.15100098e+00
 -1.21502686e+00
 -3.64056396e+00
 1.98849487e+00
 7.62399292e+00
 8.83819580e+00
 1.58678284e+01
 2.14855652e+01
 1.91614075e+01
 1.29855652e+01
 6.58428955e+00
 5.10504150e+00
 -2.52886963e+00
 -2.14102173e+00
 4.66491699e-01
 -2.61447144e+00
 6.60220337e+00
 8.42230225e+00
 1.83154907e+01
 2.07791138e+01
 1.88270264e+01
 1.29465332e+01
 8.01171875e+00
 4.60549927e+00
 -2.07083130e+00
 1.88070679e+00
 2.79876709e+00
 1.56466675e+00
 3.58801270e+00
 1.02424316e+01
 1.77420654e+01
 2.25005188e+01
 2.15246582e+01
 1.35063477e+01
 9.32974243e+00
 7.40792847e+00
 3.70666504e+00
 1.54205322e+00
 -8.98986816e-01
 1.82449341e+00
 6.30651855e+00
 9.78192139e+00
 2.16317139e+01
 1.92304077e+01
 1.76035156e+01
 1.23493042e+01
 7.86093140e+00
 5.50866699e+00
 1.55108643e+00
 1.92584229e+00
 9.85687256e-01
 2.17919922e+00
 3.89593506e+00
 1.49032288e+01
 1.47484741e+01
 1.81734924e+01
 1.75394897e+01
 1.17987671e+01
 8.73663330e+00
 6.83947754e+00
 2.47891235e+00
 1.48748779e+00
 3.52639771e+00
 1.99337769e+00
 6.16073608e+00
 8.82293701e+00
 1.27342224e+01
 1.89857483e+01
 2.14174194e+01
 1.52210388e+01
 8.70812988e+00
 2.96490479e+00
 -2.55593872e+00
 -8.16894531e-01
 1.95028687e+00
 9.83306885e-01
 7.12512207e+00
 8.58920288e+00
 1.36899719e+01
 1.95661926e+01
 1.85329895e+01
 1.07864075e+01
 5.98098755e+00
 5.43499756e+00
 1.95971680e+00
 1.77929688e+00
 2.90075684e+00
 9.46197510e-01
 8.28039551e+00
 9.48672485e+00
 1.44253235e+01
 1.91558228e+01
 1.76235046e+01
 1.07916260e+01
 9.20166016e+00
 5.33004761e+00
 4.04513550e+00
 -2.59954834e+00
 1.71875000e-01
 2.82699585e+00
 9.34094238e+00
 1.27064209e+01
 1.51241760e+01
 2.23213501e+01
 2.07251892e+01
 1.46331177e+01
 8.38250732e+00
 4.62722778e+00
 2.91760254e+00
 -1.77194214e+00
 1.17681885e+00
 3.35925293e+00
 6.04681396e+00
 1.22191772e+01
 1.83374634e+01
 2.39144287e+01
 2.21038818e+01
 1.30438538e+01
 8.39111328e+00
 8.83819580e-01
 -3.63494873e+00
 -1.70178223e+00
 1.96786499e+00
 3.20599365e+00
 7.15817261e+00
 1.49424438e+01
 2.11710815e+01
 1.97895203e+01
 2.02471313e+01
 1.38577576e+01
 1.04834900e+01
 5.87002563e+00
 4.46249390e+00
 -3.62738037e+00
 9.18579102e-01
 2.90322876e+00
 5.60330200e+00
 7.36401367e+00
 1.20027466e+01
 1.90130005e+01
 2.05120850e+01
 1.31007385e+01
 5.52401733e+00
 1.60702515e+00
 -1.77243042e+00
 -5.40069580e-01
 -3.60247803e+00
 3.08944702e+00
 5.18627930e+00
 1.11513367e+01
 1.58096924e+01
 2.23305054e+01
 2.16770630e+01
 1.28220215e+01
 1.03891907e+01
 3.76324463e+00
 5.67321777e-01
 -9.25109863e-01
 1.15689087e+00
 2.90924072e+00
 5.34207153e+00
 9.26309204e+00
 1.77039490e+01
 2.23778687e+01
 2.06199646e+01
 1.47756042e+01
 8.74072266e+00
 5.64764404e+00
 2.98309326e+00
 1.59136963e+00
 1.61270142e+00
 2.27600098e+00
 9.51394653e+00
 1.09673462e+01
 1.59252625e+01
 2.50191650e+01
 1.93994446e+01
 1.55098877e+01
 8.42779541e+00
 4.64529419e+00
 2.41567993e+00
 -3.56140137e-01
 -3.74145508e-02
 -2.67483521e+00
 6.36926270e+00
 9.28955078e+00
 1.23399048e+01
 2.02210388e+01
 2.00977173e+01
 1.34035339e+01
 5.81750488e+00
 -6.18377686e-01
 2.64581299e+00
 1.35888672e+00
 -1.82287598e+00
 2.38308716e+00
 8.14340210e+00
 1.03239441e+01
 1.34782410e+01
 2.13628235e+01
 2.21555176e+01
 1.27933655e+01
 9.74053955e+00
 6.84106445e+00
 1.20581055e+00
 1.68130493e+00
 -4.54589844e-01
 3.24270630e+00
 5.85900879e+00
 8.83648682e+00
 1.14031677e+01
 2.14421082e+01
 2.01774292e+01
 1.27677002e+01
 6.06869507e+00
 2.66638184e+00
 3.20623779e+00
 -3.46069336e-01
 -3.67181396e+00
 3.82192993e+00
 4.89996338e+00
 8.66656494e+00
 1.57267151e+01
 2.36243591e+01
 2.05837708e+01
 1.52010193e+01
 1.01942139e+01
 4.81115723e+00
 3.12454224e+00
 1.93377686e+00
 6.98486328e-01
 2.71817017e+00
 6.62280273e+00
 8.90188599e+00
 1.43375854e+01
 2.10399780e+01
 2.06955872e+01
 1.64440613e+01
 1.01868896e+01
 2.30670166e+00
 2.80441284e+00
 -2.57061768e+00
 -3.29672241e+00
 4.18902588e+00
 3.98641968e+00
 1.33005981e+01
 1.76192932e+01
 2.41663818e+01
 2.19213562e+01
 1.26795044e+01
 8.43405151e+00
 4.11062622e+00
 2.54281616e+00
 1.14013672e-01
 -3.92974854e-01
 -3.52325439e-01
 4.65426636e+00
 8.01712036e+00
 1.59016113e+01
 2.40434875e+01
 2.10445557e+01
 1.37672119e+01
 7.35919189e+00
 4.38409424e+00
 3.19616699e+00
 8.51959229e-01
 2.06604004e+00
 3.38961792e+00
 5.45278931e+00
 7.79898071e+00
 1.51570435e+01
 1.90452576e+01
 1.85321655e+01
 1.36534729e+01
 8.61288452e+00
 1.17675781e+00
 -1.00790405e+00
 -4.93478394e+00
 -5.40130615e-01
 3.82678223e+00
 3.66058350e+00
 1.47755432e+01
 1.59382629e+01
 2.11016541e+01
 2.19286499e+01
 1.51773987e+01
 8.78741455e+00
 5.61776733e+00
 3.32696533e+00
 1.25927734e+00
 -1.50164795e+00
 2.67993164e+00
 4.69097900e+00
 1.04244690e+01
 1.58853760e+01
 2.36870117e+01
 1.85618286e+01
 1.18729858e+01
 6.92575073e+00
 5.20794678e+00
 4.21276855e+00
 6.72943115e-01
 1.77899170e+00
 6.00433350e-01
 8.30767822e+00
 9.31228638e+00
 1.21788330e+01
 2.00999451e+01
 2.30725098e+01
 1.22143860e+01
 6.92523193e+00
 4.76138306e+00
 -1.49841309e-01
 4.67224121e-01
 1.08279419e+00
 1.62600708e+00
 4.56527710e+00
 7.88766479e+00
 2.07015076e+01
 2.44783020e+01
 2.27000122e+01
 1.66742554e+01
 8.48236084e+00
 5.33111572e+00
 3.78585815e+00
 -4.85794067e+00
 1.24783325e+00
 3.28073120e+00
 6.03002930e+00
 1.14977417e+01
 1.81927490e+01
 2.12280273e+01
 1.98384705e+01
 1.39475098e+01
 7.00106812e+00
 6.02801514e+00
 4.05334473e+00
 -2.06414795e+00
 -8.08837891e-01
 2.58163452e+00
 6.14422607e+00
 8.35208130e+00
 1.45030823e+01
 2.35587769e+01
 2.31264954e+01
 1.03230896e+01
 8.00338745e+00
 5.22665405e+00
 5.05776978e+00
 3.03311157e+00
 5.27017212e+00
 2.26690674e+00
 5.01342773e+00
 8.79736328e+00
 1.57478333e+01
 2.04733582e+01
 2.05606384e+01
 1.52371521e+01
 9.45809937e+00
 8.09753418e+00
 -3.34506226e+00
 -4.04449463e-01
 -2.90435791e-01
 2.65344238e+00
 9.68634033e+00
 8.10644531e+00
 1.51940918e+01
 2.49112854e+01
 1.64715271e+01
 1.30468140e+01
 9.17321777e+00
 5.12054443e+00
 4.74172974e+00
 1.40582275e+00
 -4.30267334e-01
 3.86016846e+00
 8.94964600e+00
 8.66946411e+00
 1.70121765e+01
 2.62764893e+01
 1.99376526e+01
 1.60287476e+01
 9.03378296e+00
 6.88955688e+00
 7.60284424e-01
 -2.62680054e+00
 9.88769531e-03
 4.70401001e+00
 7.97662354e+00
 1.17596130e+01
 1.56936951e+01
 2.05626221e+01
 2.24056702e+01
 1.70775452e+01
 1.08445129e+01
 6.64981079e+00
 3.18710327e+00
 2.22256470e+00
 -2.59033203e-01
 2.06695557e+00
 7.76025391e+00
 1.28236084e+01
 2.06855774e+01
 1.96251831e+01
 2.02196350e+01
 1.48643188e+01
 8.76947021e+00
 4.97186279e+00
 1.35455322e+00
 -2.02328491e+00
 -4.64782715e-01
 2.93569946e+00
 5.80624390e+00
 1.09011841e+01
 1.60168457e+01
 2.31585388e+01
 2.13141785e+01
 1.40717773e+01
 7.48464966e+00
 7.43530273e+00
 4.19006348e-02
 -5.06347656e-01
 -1.31506348e+00
 -2.99496460e+00
 6.87835693e+00
 1.33167419e+01
 1.63352661e+01
 2.31355286e+01
 1.75361328e+01
 1.36083374e+01
 5.65594482e+00
 3.82458496e+00
 1.01303101e+00
 9.86938477e-02
 1.42156982e+00
 4.20123291e+00
 4.40695190e+00
 1.05621033e+01
 1.73743896e+01
 2.57013245e+01
 2.01370850e+01
 1.34022522e+01
 8.17761230e+00
 5.89898682e+00
 2.16546631e+00
 7.57415771e-01
 -2.73577881e+00
 -2.43652344e-01
 4.19943237e+00
 1.29184265e+01
 1.76571045e+01
 2.37676392e+01
 2.16401062e+01
 1.30365906e+01
 7.82443237e+00
 5.97772217e+00
 2.70367432e+00
 2.80944824e+00
 2.24612427e+00
 -9.06921387e-01
 2.32559204e+00
 1.01178894e+01
 1.72213135e+01
 2.38757629e+01
 2.15525208e+01
 1.36918640e+01
 8.67132568e+00
 5.98797607e+00
 2.41946411e+00
 2.48440552e+00
 -3.13415527e-02
 3.01718140e+00
 5.68087769e+00
 8.28485107e+00
 1.36292114e+01
 1.90890503e+01
 1.59985657e+01
 1.16604614e+01
 8.13122559e+00
 -6.13098145e-02
 1.18170166e+00
 -3.92297363e+00
 -1.18032837e+00
 2.12841797e+00
 6.82662964e+00
 9.73657227e+00
 1.74849854e+01
 2.11574402e+01
 1.97837219e+01
 1.27497253e+01
 9.64562988e+00
 5.90982056e+00
 2.96667480e+00
 1.17718506e+00
 3.12408447e+00
 6.28671265e+00
 6.50280762e+00
 1.11965027e+01
 1.59553833e+01
 2.13808594e+01
 2.35259094e+01
 1.39180603e+01
 8.09396362e+00
 3.78063965e+00
 3.07684326e+00
 4.50122070e+00
 3.88317871e+00
 3.88070679e+00
 6.76837158e+00
 1.05721741e+01
 1.54556580e+01
 2.35145569e+01
 2.31925049e+01
 1.70565186e+01
 8.90203857e+00
 5.07272339e+00
 -6.59045410e+00
 4.00482178e-01
 -4.37896729e-01
 3.45883179e+00
 9.88336182e+00
 1.18679504e+01
 1.83011475e+01
 2.34338074e+01
 1.59839478e+01
 1.20952148e+01
 7.41564941e+00
 6.29223633e+00
 1.40994263e+00
 2.43896484e+00
 6.15692139e-01
 3.17962646e+00
 2.05920410e+00
 8.54119873e+00
 1.50656128e+01
 2.09783630e+01
 1.73822021e+01
 1.32734070e+01
 9.61810303e+00
 5.62503052e+00
 5.08486938e+00
 1.78115845e+00
 -7.91748047e-01
 3.99676514e+00
 8.44009399e+00
 1.45989990e+01
 1.79267273e+01
 2.19110413e+01
 2.02446594e+01
 1.68950500e+01
 1.18581848e+01
 6.12805176e+00
 4.07199097e+00
 1.64456177e+00
 3.17077637e-02
 9.46838379e-01
 8.80413818e+00
 1.19135132e+01
 1.62621460e+01
 2.19632874e+01
 2.10506592e+01
 1.48739014e+01
 9.85180664e+00
 8.31384277e+00
 7.42218018e-01
 1.70953369e+00
 1.89120483e+00
 3.97738647e+00
 9.46569824e+00
 1.17940674e+01
 1.69189453e+01
 2.60495605e+01
 2.19878235e+01
 1.62197266e+01
 8.25143433e+00
 4.86993408e+00
 4.54742432e-01
 -1.30325317e+00
 1.89819336e-01
 2.59597778e+00
 5.41366577e+00
 9.04748535e+00
 1.77955322e+01
 2.41708069e+01
 1.94870911e+01
 1.40093994e+01
 5.55493164e+00
 3.47045898e+00
 4.01409912e+00
 1.96972656e+00
 -2.30462646e+00
 2.17953491e+00
 7.44732666e+00
 1.39981384e+01
 1.87745667e+01
 2.29500122e+01
 2.09735718e+01
 1.30773926e+01
 6.88061523e+00
 6.26696777e+00
 2.70458984e+00
 3.79199219e+00
 1.67504883e+00
 4.05917358e+00
 7.01791382e+00
 1.00543823e+01
 1.60140991e+01
 1.90157776e+01
 1.84477844e+01
 1.20623779e+01
 7.78451538e+00
 6.08206177e+00
 3.22875977e+00
 7.00042725e-01
 -4.54464722e+00
 2.07312012e+00
 4.99783325e+00
 1.08882751e+01
 1.18215637e+01
 2.10829773e+01
 1.62865295e+01
 1.42052917e+01
 1.04931030e+01
 5.72354126e+00
 3.82736206e+00
 8.49060059e-01
 -3.30505371e-01
 2.61758423e+00
 4.91583252e+00
 1.00166931e+01
 1.77778320e+01
 2.50239868e+01
 2.32708740e+01
 1.28679810e+01
 8.07543945e+00
 5.83193970e+00
 2.52990723e+00
 -3.69769287e+00
 1.52807617e+00
 4.62878418e+00
 7.59072876e+00
 1.22598877e+01
 1.77348328e+01
 2.21940918e+01
 1.97167969e+01
 1.38397827e+01
 7.66012573e+00
 6.69613647e+00
 4.24160767e+00
 6.64855957e-01
 1.72540283e+00
 -1.41815186e-01
 4.78024292e+00
 1.15500793e+01
 1.70579834e+01
 2.04648132e+01
 1.78290100e+01
 1.46792297e+01
 1.01265869e+01
 4.99414062e+00
 6.38427734e-01
 9.31396484e-01
 1.49633789e+00
 2.82962036e+00
 6.12576294e+00
 1.00633850e+01
 1.41379700e+01
 2.21361694e+01
 1.71000671e+01
 1.39357605e+01
 8.42037964e+00
 3.29519653e+00
 -1.38598633e+00
