 -7.65441895e-01
 3.01055908e-01
 3.66906738e+00
 7.68908691e+00
 1.22447205e+01
 2.25725403e+01
 2.41013489e+01
 2.18659668e+01
 1.84989014e+01
 1.22950439e+01
 6.28811646e+00
 5.88745117e+00
 4.12329102e+00
 3.67868042e+00
 6.94876099e+00
 9.77642822e+00
 1.50290833e+01
 2.47561646e+01
 2.38922424e+01
 1.94648743e+01
 1.66434326e+01
 9.23483276e+00
 9.82812500e+00
 4.41656494e+00
 2.78671265e+00
 1.92230225e-01
 -2.29705811e-01
 8.04000854e+00
 1.77700195e+01
 2.17377930e+01
 2.37647400e+01
 2.28265381e+01
 1.23130798e+01
 1.30921631e+01
 7.06304932e+00
 2.55728149e+00
 6.14379883e-01
 3.21029663e+00
 5.61093140e+00
 6.49700928e+00
 1.32672424e+01
 1.94555664e+01
 2.35926208e+01
 2.08577576e+01
 1.03172302e+01
 9.03417969e+00
 -2.88085938e-01
 6.20486450e+00
 3.05297852e+00
 2.01235962e+00
 7.02246094e+00
 7.88574219e+00
 1.35004578e+01
 1.99102478e+01
 2.15577087e+01
 2.19153137e+01
 1.35149841e+01
 9.80905151e+00
 2.62005615e+00
 7.09963989e+00
 -7.84393311e-01
 3.40420532e+00
 3.94488525e+00
 8.58938599e+00
 1.54902039e+01
 2.12774658e+01
 2.76995850e+01
 2.30601196e+01
 1.69138794e+01
 1.30274963e+01
 5.92178345e+00
 1.04089355e+00
 1.38607788e+00
 -3.03994751e+00
 4.96173096e+00
 1.08434753e+01
 1.42291870e+01
 2.25058594e+01
 2.09845886e+01
 2.05818176e+01
 1.54891052e+01
 1.00204468e+01
 6.91061401e+00
 7.87438965e+00
 2.25457764e+00
 4.93130493e+00
 2.97463989e+00
 9.57070923e+00
 1.33746338e+01
 2.17659302e+01
 2.25743713e+01
 1.95083008e+01
 1.81296692e+01
 8.44329834e+00
 1.02150574e+01
 4.18350220e+00
 4.45541382e+00
 3.54446411e+00
 4.50390625e+00
 7.00247192e+00
 1.14371033e+01
 1.78376465e+01
 2.53975525e+01
 2.42418518e+01
 1.64210205e+01
 1.00277100e+01
 5.54986572e+00
 3.44793701e+00
 1.15701294e+00
 2.62393188e+00
 3.88494873e+00
 8.36325073e+00
 1.22379456e+01
 2.15195007e+01
 2.36362000e+01
 2.05432129e+01
 1.76010132e+01
 1.37521057e+01
 5.26217651e+00
 4.37680054e+00
 1.29064941e+00
 3.84411621e+00
 4.43685913e+00
 7.92684937e+00
 1.40010376e+01
 2.11470947e+01
 2.45145874e+01
 2.00137329e+01
 1.80794983e+01
 1.03618774e+01
 4.66122437e+00
 2.71078491e+00
 5.72622681e+00
 4.73049927e+00
 6.89599609e+00
 1.34617004e+01
 1.43388367e+01
 1.79027100e+01
 2.21093140e+01
 2.35368958e+01
 1.75372009e+01
 9.36245728e+00
 5.42227173e+00
 6.46545410e-01
 7.35717773e-01
 2.03381348e+00
 3.56817627e+00
 7.43264771e+00
 1.46245422e+01
 2.20219421e+01
 2.43280945e+01
 2.03997803e+01
 1.58577881e+01
 1.01770325e+01
 9.02087402e+00
 3.99783325e+00
 -3.76763916e+00
 2.00308228e+00
 6.85183716e+00
 1.08596497e+01
 1.76470642e+01
 1.99658508e+01
 2.19736328e+01
 2.07758484e+01
 1.51863098e+01
 1.01242676e+01
 7.48587036e+00
 7.71310425e+00
 8.50006104e-01
 5.80285645e+00
 8.67309570e+00
 9.46841431e+00
 1.63450623e+01
 2.27314148e+01
 2.22897644e+01
 2.21140137e+01
 1.73962097e+01
 1.19027100e+01
 7.46026611e+00
 -1.04202271e+00
 1.54220581e+00
 4.90573120e+00
 4.26022339e+00
 1.07231445e+01
 1.32002258e+01
 2.25524597e+01
 2.50798950e+01
 1.93304749e+01
 1.63542175e+01
 1.09359131e+01
 3.80285645e+00
 -1.11389160e-01
 1.48718262e+00
 3.67828369e-01
 2.93466187e+00
 9.96359253e+00
 1.10376892e+01
 1.96083374e+01
 2.43599243e+01
 2.36044312e+01
 1.57210388e+01
 1.08083496e+01
 6.63507080e+00
 5.13232422e+00
 3.40292358e+00
 7.17315674e-01
 2.08657837e+00
 7.88415527e+00
 1.13521423e+01
 2.16989136e+01
 2.53009644e+01
 2.30049744e+01
 1.63408203e+01
 1.04623108e+01
 9.77471924e+00
 2.70544434e+00
 4.52597046e+00
 3.79312134e+00
 7.22921753e+00
 6.23706055e+00
 1.42578430e+01
 2.31857300e+01
 2.31960449e+01
 2.07720642e+01
 1.47803345e+01
 1.09269714e+01
 1.13422546e+01
 1.65795898e+00
 -3.81286621e+00
 2.22558594e+00
 2.96023560e+00
 7.44161987e+00
 1.37215881e+01
 2.09740906e+01
 2.49591064e+01
 2.20213623e+01
 1.44938049e+01
 1.17184448e+01
 7.53656006e+00
 -2.85760498e+00
 4.89419556e+00
 6.06063843e+00
 7.91351318e+00
 1.02087097e+01
 1.60108337e+01
 2.31074524e+01
 2.41464844e+01
 2.24903259e+01
 1.67908325e+01
 1.01525879e+01
 5.30566406e+00
 6.04153442e+00
 7.77050781e+00
 3.45971680e+00
 4.43859863e+00
 7.08663940e+00
 9.62396240e+00
 1.93071899e+01
 2.43270874e+01
 2.44423218e+01
 1.63458862e+01
 8.87899780e+00
 7.65222168e+00
 4.88922119e-01
 1.59426880e+00
 1.56454468e+00
 5.04855347e+00
 7.57022095e+00
 1.83417053e+01
 2.34539185e+01
 2.43619690e+01
 1.93641357e+01
 1.43683472e+01
 1.08011780e+01
 7.06201172e+00
 4.71215820e+00
 4.11160278e+00
 4.42837524e+00
 5.68875122e+00
 1.02185364e+01
 1.35520325e+01
 2.22915649e+01
 2.22152100e+01
 1.78501587e+01
 1.71205139e+01
 1.22107544e+01
 9.67044067e+00
 6.05593872e+00
 1.98022461e+00
 2.20706177e+00
 1.13153076e+00
 1.04563293e+01
 1.82976990e+01
 1.92591858e+01
 2.59132385e+01
 2.49962463e+01
 1.36035156e+01
 1.08258362e+01
 7.29190063e+00
 3.40542603e+00
 5.76141357e+00
 3.51837158e+00
 6.04235840e+00
 1.29540710e+01
 1.63143311e+01
 2.22718506e+01
 2.31299744e+01
 2.08587646e+01
 1.57690735e+01
 1.16163635e+01
 8.69940186e+00
 4.29577637e+00
 4.68917847e+00
 6.78082275e+00
 7.54684448e+00
 9.93911743e+00
 1.63711243e+01
 2.24170227e+01
 2.43440247e+01
 2.37602234e+01
 1.83838196e+01
 1.00998840e+01
 1.10177307e+01
 7.90808105e+00
 1.86889648e-01
 1.69656372e+00
 4.92926025e+00
 1.16931458e+01
 1.83370361e+01
 2.18019714e+01
 2.77945862e+01
 2.31883545e+01
 1.56294556e+01
 1.01510925e+01
 2.24218750e+00
 3.57843018e+00
 2.86114502e+00
 3.65365601e+00
 5.10360718e+00
 1.02474060e+01
 1.86162109e+01
 2.32589111e+01
 2.49467468e+01
 2.19794617e+01
 1.56254272e+01
 7.94549561e+00
 5.94308472e+00
 6.07684326e+00
 1.83731079e+00
 4.50820923e+00
 6.91751099e+00
 1.05057678e+01
 1.48994446e+01
 2.14781494e+01
 2.66154480e+01
 2.05151062e+01
 1.58519897e+01
 1.15018616e+01
 4.82760620e+00
 1.79614258e+00
 2.62161255e+00
 6.52642822e+00
 7.96896362e+00
 7.92736816e+00
 1.50252991e+01
 2.09517212e+01
 2.42879333e+01
 2.27422180e+01
 1.89226990e+01
 7.69100952e+00
 5.55987549e+00
 2.21661377e+00
 -1.11389160e-01
 5.17257690e+00
 6.32955933e+00
 9.84817505e+00
 1.44346313e+01
 2.26694641e+01
 2.62706299e+01
 2.48391113e+01
 1.34726257e+01
 1.07396240e+01
 9.38247681e+00
 2.85125732e-01
 1.69757080e+00
 2.44546509e+00
 3.68679810e+00
 8.48327637e+00
 1.30540771e+01
 1.89349976e+01
 2.64731140e+01
 2.43609314e+01
 1.87310486e+01
 1.09824829e+01
 9.24371338e+00
 1.21154785e-01
 7.75338745e+00
 3.90182495e+00
 6.24942017e+00
 9.70138550e+00
 1.53319092e+01
 1.75822754e+01
 2.51363525e+01
 2.26525574e+01
 1.56043091e+01
 1.37594299e+01
 4.12011719e+00
 1.39001465e+00
 2.64147949e+00
 2.26052856e+00
 5.92193604e+00
 9.27239990e+00
 1.40396729e+01
 2.26769409e+01
 2.36585388e+01
 1.96392517e+01
 1.70873413e+01
 1.18606262e+01
 6.33178711e+00
 5.61706543e-01
 -1.51223755e+00
 5.36660767e+00
 6.41452026e+00
 1.05754700e+01
 1.49267883e+01
 1.82448425e+01
 2.52136230e+01
 2.39786377e+01
 1.92787170e+01
 1.37771606e+01
 1.19208374e+01
 2.19589233e+00
 6.22711182e-01
 2.74893188e+00
 2.11468506e+00
 9.34420776e+00
 1.30963135e+01
 2.10552979e+01
 2.34190979e+01
 2.11909790e+01
 1.55983276e+01
 1.18351135e+01
 7.61679077e+00
 2.74847412e+00
 1.86416626e+00
 4.39285278e+00
 4.91265869e+00
 9.30410767e+00
 1.39165649e+01
 2.03518372e+01
 2.62106628e+01
 2.24915466e+01
 1.88496094e+01
 1.20725708e+01
 6.82192993e+00
 2.23110962e+00
 3.05950928e+00
 7.42431641e-01
 4.59658813e+00
 9.49462891e+00
 1.54583130e+01
 1.84784546e+01
 2.62468567e+01
 2.33153992e+01
 1.91372681e+01
 1.17124634e+01
 7.11608887e+00
 8.39526367e+00
 6.87139893e+00
 5.89953613e+00
 5.00250244e+00
 1.14585876e+01
 1.98110352e+01
 2.69011230e+01
 2.59473877e+01
 2.25504761e+01
 1.94042053e+01
 8.84390259e+00
 6.94161987e+00
 4.58926392e+00
 3.08322144e+00
 5.33190918e+00
 7.52239990e+00
 9.70492554e+00
 2.08041077e+01
 2.34495239e+01
 2.50778198e+01
 2.60123596e+01
 1.73926392e+01
 9.34179688e+00
 5.45309448e+00
 4.75054932e+00
 1.83523560e+00
 4.36779785e+00
 4.27569580e+00
 7.08190918e+00
 1.31871948e+01
 2.07714539e+01
 2.42672119e+01
 2.15900574e+01
 1.80373840e+01
 1.04505005e+01
 1.12162476e+01
 6.17782593e+00
 -1.71545410e+00
 2.77450562e+00
 6.31298828e+00
 1.08150024e+01
 1.35626831e+01
 2.39302063e+01
 2.32645874e+01
 2.63314209e+01
 1.76231689e+01
 1.25804749e+01
 6.67214966e+00
 8.14736938e+00
 6.80599976e+00
 6.60580444e+00
 7.89846802e+00
 1.04550476e+01
 1.46529236e+01
 2.31727295e+01
 2.99497375e+01
 2.35859375e+01
 1.94432983e+01
 1.24067383e+01
 8.21334839e+00
 7.06927490e+00
 2.98178101e+00
 5.60952759e+00
 9.87136841e+00
 8.36883545e+00
 1.73394470e+01
 2.24716187e+01
 2.79698181e+01
 2.52330322e+01
 1.55877380e+01
 1.14346619e+01
 9.32617188e+00
 5.91790771e+00
 -1.21124268e-01
 2.23764038e+00
 6.28732300e+00
 1.23565674e+01
 1.28947144e+01
 1.83433228e+01
 2.38250427e+01
 2.23058472e+01
 1.90875244e+01
 1.39060669e+01
 8.16650391e+00
 2.83630371e+00
 5.95837402e+00
 3.17846680e+00
 6.85516357e+00
 9.19006348e+00
 1.61715088e+01
 2.14210205e+01
 2.48552856e+01
 2.16583862e+01
 1.61373596e+01
 1.17335205e+01
 8.63687134e+00
 5.55383301e+00
 4.86300659e+00
 6.66943359e+00
 8.97457886e+00
 9.97711182e+00
 2.30560913e+01
 2.50195312e+01
 2.59899597e+01
 2.57350159e+01
 1.84462280e+01
 1.24564819e+01
 9.86312866e+00
 6.06323242e+00
 1.54339600e+00
 6.10092163e+00
 4.23886108e+00
 1.43350830e+01
 1.82200623e+01
 2.38455200e+01
 2.48684998e+01
 2.55355835e+01
 1.53743286e+01
 1.42906189e+01
 5.61163330e+00
 2.61535645e+00
 6.86968994e+00
 5.06375122e+00
 5.80337524e+00
 1.25983276e+01
 1.86654053e+01
 2.43882141e+01
 2.62584839e+01
 2.70862427e+01
 2.05805359e+01
 1.19634094e+01
 1.00445557e+01
 7.77005005e+00
 -1.11206055e-01
 3.12973022e+00
 6.55566406e+00
 1.03312378e+01
 1.51506653e+01
 2.02210999e+01
 2.73602905e+01
 2.20193481e+01
 2.14103394e+01
 1.36786804e+01
 7.90066528e+00
 5.11312866e+00
 1.38162231e+00
 3.63012695e+00
 5.60058594e+00
 1.00313110e+01
 1.46011047e+01
 2.10109253e+01
 2.36839905e+01
 2.63116455e+01
 1.72211914e+01
 1.40411377e+01
 8.86782837e+00
 8.26843262e+00
 5.72048950e+00
 6.04086304e+00
 4.45410156e+00
 1.07535095e+01
 1.69649963e+01
 2.02777710e+01
 2.50311279e+01
 2.47267151e+01
 2.02499695e+01
 1.16707153e+01
 7.53854370e+00
 8.36541748e+00
 4.88751221e+00
 5.68359375e+00
 1.01062317e+01
 1.02918396e+01
 1.26953125e+01
 2.11364441e+01
 2.75943298e+01
 2.45439148e+01
 1.95890808e+01
 1.28058472e+01
 7.80010986e+00
 3.85006714e+00
 5.98751831e+00
 7.03961182e+00
 5.30062866e+00
 1.35178223e+01
 1.71291504e+01
 2.06212463e+01
 2.86713562e+01
 2.26460876e+01
 1.66572266e+01
 9.92822266e+00
 7.02624512e+00
 4.69866943e+00
 2.96075439e+00
 3.83346558e+00
 5.29431152e+00
 1.19812012e+01
 1.69810791e+01
 2.21200562e+01
 2.72174683e+01
 2.41522522e+01
 1.68296509e+01
 1.40781250e+01
 6.62475586e+00
 6.44900513e+00
 4.14724731e+00
 2.98324585e+00
 6.29702759e+00
 1.16224060e+01
 1.56200256e+01
 2.10199585e+01
 2.41773987e+01
 1.92025146e+01
 1.69371338e+01
 1.14529724e+01
 7.95532227e+00
 5.32415771e+00
 -2.34585571e+00
 2.64437866e+00
 8.08377075e+00
 1.21101990e+01
 1.46941223e+01
 2.17651062e+01
 2.62628479e+01
 2.37297058e+01
 2.01928101e+01
 1.36981201e+01
 6.57269287e+00
 5.13711548e+00
 4.17199707e+00
 5.55703735e+00
 6.68374634e+00
 1.31394348e+01
 1.51400452e+01
 2.01434631e+01
 2.68542786e+01
 2.42738953e+01
 1.78965454e+01
 8.30468750e+00
 6.58334351e+00
 5.64498901e+00
 3.48724365e+00
 2.89837646e+00
 7.23300171e+00
 9.15393066e+00
 1.51535339e+01
 2.09691162e+01
 2.45020447e+01
 2.43668518e+01
 1.87568359e+01
 1.22888184e+01
 4.21286011e+00
 4.42724609e+00
 6.33178711e+00
 8.47265625e+00
 1.02062683e+01
 1.01254883e+01
 1.46481628e+01
 2.06423645e+01
 2.61496277e+01
 2.46920776e+01
 1.71285400e+01
 1.10576172e+01
 6.31774902e+00
 2.48321533e+00
 7.84802246e+00
 3.08663940e+00
 4.60363770e+00
 1.07756348e+01
 1.37276001e+01
 2.36304321e+01
 2.66820374e+01
 2.52768860e+01
 1.81890869e+01
 1.37890625e+01
 1.06282959e+01
 6.03912354e+00
 6.33255005e+00
 6.70516968e+00
 7.26300049e+00
 1.07660828e+01
 2.04988403e+01
 2.77272644e+01
 2.58368530e+01
 2.33500061e+01
 1.90317688e+01
 1.26261902e+01
 5.12500000e+00
 2.70645142e+00
 9.46990967e-01
 4.25329590e+00
 8.47177124e+00
 1.26950073e+01
 1.88926697e+01
 2.54394531e+01
 2.67959595e+01
 2.35931091e+01
 2.05058899e+01
 1.48165283e+01
 9.04293823e+00
 2.92776489e+00
 4.02795410e+00
 4.30044556e+00
 8.72845459e+00
 1.12778625e+01
 1.49323730e+01
 2.40609741e+01
 2.69199524e+01
 2.24559937e+01
 1.70810242e+01
 1.08976440e+01
 9.34445190e+00
 6.44735718e+00
 1.05038452e+00
 4.84658813e+00
 6.18923950e+00
 1.21199036e+01
 1.77089539e+01
 2.22916260e+01
 2.45746765e+01
 2.30782776e+01
 2.09051208e+01
 1.23294678e+01
 8.34228516e+00
 7.01992798e+00
 2.77249146e+00
 4.03216553e+00
 6.90133667e+00
 1.26130066e+01
 1.23165283e+01
 2.55836182e+01
 2.75206604e+01
 2.22012024e+01
 1.76403809e+01
 9.91833496e+00
 7.77047729e+00
 8.70651245e+00
 3.85095215e+00
 1.75872803e+00
 8.67282104e+00
 1.10573425e+01
 1.57788696e+01
 2.42778931e+01
 2.81381531e+01
 2.80596313e+01
 2.21073914e+01
 1.59237671e+01
 4.13796997e+00
 8.77767944e+00
 2.79260254e+00
 7.96954346e+00
 7.79791260e+00
 8.09677124e+00
 1.44627380e+01
 2.00722351e+01
 2.88527222e+01
 2.58378296e+01
 1.90021057e+01
 1.26163025e+01
 8.60867310e+00
 7.39886475e+00
 2.77627563e+00
 4.67211914e+00
 2.82360840e+00
 1.09395142e+01
 1.63513184e+01
 2.64001770e+01
 2.67622986e+01
 2.78476868e+01
 1.89748230e+01
 1.43531799e+01
 7.75326538e+00
 7.64093018e+00
 6.40142822e+00
 6.75079346e+00
 7.24795532e+00
 1.12022705e+01
 2.02394714e+01
 2.14986877e+01
 2.85036316e+01
 2.63536682e+01
 1.89438782e+01
 1.25627136e+01
 6.91567993e+00
 1.17344055e+01
 4.09875488e+00
 4.21548462e+00
 6.56942749e+00
 1.08855286e+01
 1.49499207e+01
 2.27543640e+01
 2.43089294e+01
 2.39397278e+01
 1.82023926e+01
 1.21776733e+01
 9.06814575e+00
 7.75134277e+00
 7.33605957e+00
 4.18389893e+00
 7.55477905e+00
 1.01934814e+01
 1.67958374e+01
 2.49134521e+01
 2.75544739e+01
 2.66093445e+01
 1.57727051e+01
 1.36712036e+01
 1.02566528e+01
 5.59552002e+00
 1.04296875e+00
 3.07986450e+00
 5.04479980e+00
 1.09920654e+01
 1.95066223e+01
 1.96401672e+01
 2.94881897e+01
 2.46518555e+01
 2.32640991e+01
 1.59359436e+01
 9.73739624e+00
 8.87973022e+00
 1.20474243e+00
 -6.59484863e-01
 8.29632568e+00
 9.67788696e+00
 1.74820862e+01
 2.43849792e+01
 2.93859863e+01
 2.80505371e+01
 1.91746521e+01
 1.00070801e+01
 5.82183838e+00
 2.38461304e+00
 1.36468506e+00
 5.40771484e+00
 5.30819702e+00
 8.22009277e+00
 2.16126709e+01
 2.51358948e+01
 2.65127869e+01
 2.46181946e+01
 1.66218567e+01
 1.42604675e+01
 1.15950623e+01
 5.74728394e+00
 2.93038940e+00
 3.97930908e+00
 9.28536987e+00
 9.37307739e+00
 1.69866028e+01
 2.34556580e+01
 2.83721924e+01
 2.57790527e+01
 1.81851196e+01
 1.39702148e+01
 3.63491821e+00
 7.63427734e+00
 4.35568237e+00
 3.19195557e+00
 7.48019409e+00
 1.15184326e+01
 1.73100891e+01
 2.42343445e+01
 3.11349487e+01
 2.81404419e+01
 2.06582642e+01
 1.06880493e+01
 8.12777710e+00
 3.15267944e+00
 5.50582886e+00
 3.84930420e+00
 5.99124146e+00
 1.04790039e+01
 1.84601746e+01
 2.90879517e+01
 2.94722900e+01
 2.63902283e+01
 2.23096924e+01
 1.54564819e+01
 9.98861694e+00
 6.09036255e+00
 5.15353394e+00
 6.01727295e+00
 6.71258545e+00
 1.05376587e+01
 1.31509094e+01
 2.31577759e+01
 2.69305725e+01
 2.68681030e+01
 1.95369263e+01
 1.15952148e+01
 7.71667480e+00
 5.61712646e+00
 5.50387573e+00
 1.65927124e+00
 6.66104126e+00
 1.09201355e+01
 1.45334778e+01
 2.29398193e+01
 2.84301147e+01
 2.66991577e+01
 1.98111267e+01
 1.47867126e+01
 8.10168457e+00
 2.93792725e+00
 4.31716919e+00
 7.36825562e+00
 7.58541870e+00
 1.44404907e+01
 1.70722961e+01
 2.57070007e+01
 2.79190369e+01
 2.42817993e+01
 2.15852661e+01
 1.23117676e+01
 8.46496582e+00
 3.15597534e+00
 1.20397949e+00
 7.75564575e+00
 8.03305054e+00
 1.13121643e+01
 1.99100647e+01
 2.43094788e+01
 3.02473450e+01
 2.41798096e+01
 2.04441833e+01
 1.25633240e+01
 8.90597534e+00
 7.26876831e+00
 5.93258667e+00
 4.25146484e+00
 8.49877930e+00
 1.22836609e+01
 2.28249512e+01
 2.89120483e+01
 2.37556763e+01
 2.87832031e+01
 1.95834961e+01
 1.33499146e+01
 8.49664307e+00
 5.74822998e+00
 4.24829102e+00
 3.94296265e+00
 5.32785034e+00
 9.90563965e+00
 1.64692688e+01
 2.62217102e+01
 3.05097656e+01
 2.86059265e+01
 2.08302002e+01
 1.31364136e+01
 4.89212036e+00
 7.25888062e+00
 6.09664917e+00
 1.23541260e+00
 7.72268677e+00
 1.13686218e+01
 1.69906921e+01
 2.69617310e+01
 3.06784058e+01
 2.56165771e+01
 1.92225952e+01
 1.18653564e+01
 1.04581909e+01
 5.90560913e+00
 7.65054321e+00
 6.95053101e+00
 7.91986084e+00
 1.09911804e+01
 2.10610962e+01
 2.41020508e+01
 2.88082275e+01
 2.81472778e+01
 2.17018433e+01
 1.41560669e+01
 1.28090210e+01
 6.28521729e+00
 8.73657227e-01
 7.27560425e+00
 7.51696777e+00
 1.13423462e+01
 1.60657043e+01
 2.57512817e+01
 2.81968384e+01
 2.85875244e+01
 2.41629639e+01
 1.26930237e+01
 1.00587769e+01
 2.60443115e+00
 4.92565918e+00
 9.36764526e+00
 8.68557739e+00
 1.15270996e+01
 1.71740417e+01
 2.45579529e+01
 2.64576416e+01
 2.50995789e+01
 1.83698425e+01
 1.64982910e+01
 7.75164795e+00
 3.84408569e+00
 8.20660400e+00
 3.98379517e+00
 7.56039429e+00
 1.63388977e+01
 1.82596741e+01
 2.71264343e+01
 3.32355042e+01
 2.86697083e+01
 2.09776306e+01
 1.50212708e+01
 9.90762329e+00
 5.06228638e+00
 5.32473755e+00
 3.67501831e+00
 9.70407104e+00
 1.24809265e+01
 2.38049927e+01
 2.95892029e+01
 3.23284912e+01
 2.79457397e+01
 2.22503967e+01
 1.43542175e+01
 1.15273132e+01
 6.68048096e+00
 2.97479248e+00
 7.70556641e+00
 6.65139771e+00
 1.12779846e+01
 2.05241699e+01
 2.79342957e+01
 2.91949463e+01
 2.78522034e+01
 1.88820801e+01
 1.45204773e+01
 1.17994080e+01
 1.00664062e+01
 5.12341309e+00
 6.49447632e+00
 1.06378784e+01
 1.36591797e+01
 2.02151794e+01
 2.67272644e+01
 2.78359070e+01
 2.77714233e+01
 2.12727966e+01
 1.52777405e+01
 8.86203003e+00
 3.53741455e+00
 5.93572998e+00
 6.47451782e+00
 5.83392334e+00
 1.29424133e+01
 2.03121643e+01
 2.37808533e+01
 3.14394226e+01
 2.98599548e+01
 2.14342041e+01
 1.44876099e+01
 1.03536987e+01
 7.27435303e+00
 4.01699829e+00
 4.74142456e+00
 6.10882568e+00
 9.16134644e+00
 1.59496460e+01
 2.23382263e+01
 2.64161682e+01
 2.96789856e+01
 1.84168091e+01
 1.40438232e+01
 1.08261414e+01
 8.88067627e+00
 7.74169922e+00
 4.05328369e+00
 9.88522339e+00
 1.37172241e+01
 1.99485474e+01
 2.66156311e+01
 2.83609619e+01
 2.54533386e+01
 1.99124146e+01
 1.32192688e+01
 1.41458130e+01
 1.17410583e+01
 7.49197388e+00
 4.84518433e+00
 8.99230957e+00
 1.46733093e+01
 1.77680664e+01
 2.27530212e+01
 3.15700378e+01
 2.47790222e+01
 1.90076294e+01
 1.40919189e+01
 8.93072510e+00
 8.33901978e+00
 7.82693481e+00
 8.38409424e+00
 1.12327271e+01
 1.32351074e+01
 2.00264893e+01
 2.54154358e+01
 2.97381287e+01
 2.75396423e+01
 2.21257935e+01
 1.65428772e+01
 1.05679626e+01
 7.12847900e+00
 5.34240723e+00
 4.44177246e+00
 9.45947266e+00
 1.11748657e+01
 2.11397095e+01
 2.81321716e+01
 2.89461670e+01
 2.40763245e+01
 2.28398438e+01
 1.43181763e+01
 1.01665955e+01
 5.87353516e+00
 7.82714844e+00
 5.17037964e+00
 9.28369141e+00
 1.14853210e+01
 1.59917297e+01
 2.79949951e+01
 3.28455200e+01
 2.83793945e+01
 2.31007996e+01
 1.82364807e+01
 1.30630798e+01
 8.40451050e+00
