 4.37219238e-01
 1.61859131e-01
 4.88530884e+00
 7.04796753e+00
 1.17637268e+01
 1.67990356e+01
 2.05293823e+01
 1.85962463e+01
 1.26737000e+01
 1.11039368e+01
 4.44899902e+00
 -1.97687378e+00
 7.54754639e-01
 3.41011963e+00
 5.74746094e+00
 1.08909851e+01
 1.35502258e+01
 1.85213562e+01
 1.95904480e+01
 1.79997803e+01
 1.54033142e+01
 1.10456787e+01
 5.96248779e+00
 -5.73583984e-01
 -1.91809692e+00
 -5.68273926e-01
 5.01513062e+00
 1.35315796e+01
 1.35068298e+01
 1.68548523e+01
 1.76096130e+01
 1.75545898e+01
 1.35866943e+01
 1.18775879e+01
 3.81768188e+00
 2.14727173e+00
 -2.84021606e+00
 2.60936890e+00
 6.33291016e+00
 1.19758545e+01
 1.40039917e+01
 1.54351440e+01
 1.94988647e+01
 1.65620667e+01
 1.39611450e+01
 1.10342651e+01
 1.80056152e+00
 -9.64422607e-01
 -2.52017822e+00
 -3.40408936e+00
 5.14336548e+00
 9.48351440e+00
 1.41178223e+01
 1.79111877e+01
 1.85349365e+01
 1.76754395e+01
 1.51312195e+01
 1.19687439e+01
 3.47670898e+00
 -2.08127441e+00
 -7.59130859e-01
 2.63671265e+00
 3.72792969e+00
 1.17623840e+01
 1.29666992e+01
 1.61448914e+01
 1.94701477e+01
 1.93979126e+01
 1.44805542e+01
 7.80135498e+00
 7.33403931e+00
 -1.61035767e+00
 -4.40155640e+00
 4.41033936e-01
 3.31646118e+00
 1.01493164e+01
 1.44248901e+01
 1.51021667e+01
 1.80353333e+01
 1.81024719e+01
 1.35354553e+01
 1.27678467e+01
 3.39064941e+00
 9.26690674e-01
 3.47835693e+00
 7.19140625e-01
 5.63060913e+00
 1.45087524e+01
 1.15304810e+01
 1.91557861e+01
 1.92975403e+01
 1.86449219e+01
 1.22308899e+01
 1.14094482e+01
 9.08660278e+00
 -2.45014038e+00
 7.59545898e-01
 7.22161865e-01
 2.47521362e+00
 7.07994995e+00
 1.46152588e+01
 1.94801575e+01
 1.99211060e+01
 1.80051819e+01
 1.48783813e+01
 1.24748169e+01
 6.74132690e+00
 5.24536133e-02
 -3.00873413e+00
 -2.79660645e+00
 4.32470093e+00
 1.01496826e+01
 1.47111755e+01
 1.63709656e+01
 2.10329834e+01
 1.91848999e+01
 1.37571960e+01
 9.67232666e+00
 -2.42200317e+00
 -3.74439087e+00
 -2.64365234e+00
 2.36263428e+00
 6.64315186e+00
 7.63613281e+00
 1.46796204e+01
 1.85633179e+01
 2.05225464e+01
 1.85836731e+01
 1.40031372e+01
 1.21237732e+01
 4.71129761e+00
 -1.88831177e+00
 1.80782471e+00
 2.93789063e+00
 7.60341797e+00
 1.15957275e+01
 1.31059814e+01
 1.60750671e+01
 1.81846863e+01
 1.84241272e+01
 1.62331482e+01
 1.00064636e+01
 3.12261353e+00
 1.65368042e+00
 7.38159180e-02
 5.28637085e+00
 7.88311157e+00
 1.18922974e+01
 1.33491455e+01
 1.62098938e+01
 1.83909546e+01
 1.74120422e+01
 1.42130981e+01
 8.06261597e+00
 5.07964478e+00
 2.47719727e+00
 -1.04831543e+00
 3.77938232e+00
 6.29671631e+00
 1.04563232e+01
 1.39643188e+01
 1.60841614e+01
 2.01338440e+01
 1.74535461e+01
 1.11865479e+01
 9.93532715e+00
 3.32994995e+00
 -5.26495361e-01
 -5.25281372e+00
 -4.65277100e-01
 7.71373901e+00
 1.08096558e+01
 1.37721497e+01
 1.69285828e+01
 2.14059998e+01
 1.77763611e+01
 1.62509705e+01
 1.05852600e+01
 5.20247803e+00
 -2.00931396e+00
 6.12817383e-01
 6.21636963e-01
 5.26159058e+00
 1.00548035e+01
 1.49843994e+01
 1.53959595e+01
 1.91436707e+01
 1.82678772e+01
 1.29178406e+01
 9.43346558e+00
 5.35830078e+00
 2.50183105e-02
 -1.46032715e-01
 3.56417236e+00
 4.97203979e+00
 9.07851563e+00
 1.19809509e+01
 1.68449646e+01
 1.98057190e+01
 1.93781067e+01
 1.43711182e+01
 1.01785522e+01
 7.64882813e+00
 1.50197754e+00
 -1.84692993e+00
 1.21294556e+00
 1.50356445e+00
 9.06670532e+00
 1.17890259e+01
 1.73257080e+01
 2.04233643e+01
 1.87378479e+01
 1.20826660e+01
 8.96074829e+00
 -9.83642578e-02
 5.98901367e-01
 -1.18811646e+00
 4.64031372e+00
 8.46184692e+00
 1.20397583e+01
 1.48762756e+01
 1.60546509e+01
 2.10923706e+01
 1.78308655e+01
 1.40693604e+01
 1.24456726e+01
 3.95580444e+00
 2.06273804e+00
 -2.21625366e+00
 3.78728638e+00
 7.55855713e+00
 1.21164795e+01
 1.57679382e+01
 1.63886047e+01
 1.89831787e+01
 1.60438171e+01
 1.57819153e+01
 1.08818909e+01
 7.77388916e+00
 -1.77792969e+00
 -4.54825439e+00
 1.77407227e+00
 8.78356323e+00
 1.05644470e+01
 1.45177856e+01
 1.82016235e+01
 2.02311035e+01
 1.88510681e+01
 1.45975281e+01
 1.16609741e+01
 4.87713013e+00
 2.54515991e+00
 4.34020386e+00
 1.98787842e+00
 5.49013672e+00
 1.16453491e+01
 1.76661926e+01
 1.70085999e+01
 2.13077332e+01
 1.91626831e+01
 1.45738159e+01
 8.03548584e+00
 3.33089600e+00
 -7.64221191e-02
 1.68419800e+00
 5.64266357e+00
 7.46846924e+00
 1.57050110e+01
 1.37326294e+01
 1.63591553e+01
 2.21176697e+01
 1.93567749e+01
 1.43947388e+01
 8.59105835e+00
 3.66591797e+00
 1.86525879e+00
 -1.38437500e+00
 2.25411377e+00
 7.07009277e+00
 1.30328613e+01
 1.55074707e+01
 1.79752441e+01
 1.96533447e+01
 1.92524353e+01
 1.69138733e+01
 9.19942627e+00
 5.35402832e+00
 2.03505859e+00
 -4.29538574e+00
 -1.04569092e+00
 5.44906006e+00
 1.32486816e+01
 1.23974854e+01
 1.81637512e+01
 1.89728638e+01
 1.85188232e+01
 1.61472107e+01
 7.52251587e+00
 6.33425293e+00
 -5.97998047e-01
 -2.82721558e+00
 2.41951904e+00
 4.57262573e+00
 1.40539185e+01
 1.40718323e+01
 1.86017090e+01
 1.99314819e+01
 1.89254700e+01
 1.63948608e+01
 9.11434326e+00
 -3.06829834e-01
 -1.76956787e+00
 3.20855713e-01
 6.80078125e-01
 5.74205933e+00
 1.01381165e+01
 1.35915161e+01
 1.85930115e+01
 1.89556824e+01
 1.77436462e+01
 1.40535522e+01
 1.11119019e+01
 3.08580933e+00
 -5.86218262e-01
 8.78381348e-01
 1.62947998e+00
 7.71825562e+00
 1.29153992e+01
 1.28269592e+01
 1.82568298e+01
 2.14647766e+01
 1.83847595e+01
 1.49400269e+01
 8.49859009e+00
 7.46111450e+00
 6.47790527e-01
 1.24804077e+00
 8.70345459e+00
 7.54769287e+00
 1.11519409e+01
 1.39222656e+01
 1.68804871e+01
 1.93580566e+01
 1.88276917e+01
 1.71478210e+01
 1.06342712e+01
 7.52575073e+00
 6.50844727e+00
 -3.38794556e+00
 6.40218506e+00
 7.91362915e+00
 1.28551270e+01
 1.46091858e+01
 1.74571167e+01
 1.97651917e+01
 1.91274353e+01
 1.58070313e+01
 1.00777222e+01
 4.53319702e+00
 1.83419189e+00
 3.24182129e-01
 2.22326050e+00
 7.50405273e+00
 1.14880005e+01
 1.78937927e+01
 1.85028015e+01
 2.01263672e+01
 1.81254517e+01
 1.50916077e+01
 8.39977417e+00
 6.60692749e+00
 -9.03967285e-01
 1.87963257e+00
 5.84008789e-01
 2.33327637e+00
 9.37099609e+00
 1.83681274e+01
 1.71217285e+01
 1.90262695e+01
 1.57430969e+01
 1.57001587e+01
 1.04833008e+01
 9.00127563e+00
 -1.32177734e-01
 5.33645020e+00
 3.92342529e+00
 8.01860962e+00
 1.50249573e+01
 1.59667908e+01
 1.80600830e+01
 2.01327454e+01
 1.76815735e+01
 1.47610413e+01
 1.14483276e+01
 4.14721069e+00
 2.31408691e-01
 3.03695068e+00
 2.56633911e+00
 6.00808105e+00
 1.22390991e+01
 1.19187866e+01
 1.77916504e+01
 1.98073975e+01
 2.02612549e+01
 1.32807556e+01
 1.09250427e+01
 5.90081177e+00
 4.82534180e+00
 9.78356934e-01
 3.46364746e+00
 7.36098633e+00
 1.20813232e+01
 1.41311584e+01
 1.80396057e+01
 1.97712036e+01
 1.82853333e+01
 1.40353638e+01
 1.24645325e+01
 7.20083008e+00
 7.94000244e-01
 3.82836914e-01
 3.26638184e+00
 3.10524902e+00
 1.20074097e+01
 1.38860107e+01
 1.68967834e+01
 2.11320435e+01
 2.13641602e+01
 1.57807251e+01
 1.05161987e+01
 6.41216431e+00
 1.98879395e+00
 -1.12326660e+00
 8.99041748e-01
 5.01119385e+00
 1.28921753e+01
 1.54863525e+01
 1.82647034e+01
 2.06122375e+01
 1.92503601e+01
 1.69037415e+01
 1.07721497e+01
 4.48812256e+00
 5.65911865e-01
 1.89996338e-01
 7.92718506e-01
 5.23180542e+00
 1.26764465e+01
 1.27810913e+01
 1.73755737e+01
 2.12584167e+01
 2.10374084e+01
 1.45376831e+01
 6.49489746e+00
 3.59978638e+00
 3.70702515e+00
 -2.30100098e+00
 -9.58868408e-01
 5.58959351e+00
 1.43113953e+01
 1.40801025e+01
 2.32692505e+01
 2.14390198e+01
 2.18888794e+01
 1.64084717e+01
 1.00726257e+01
 6.41033325e+00
 1.25472412e+00
 2.76574097e+00
 2.26134644e+00
 7.50783691e+00
 1.20217834e+01
 1.69717957e+01
 1.66599976e+01
 2.24341064e+01
 1.96698242e+01
 1.54849792e+01
 1.25882813e+01
 8.35210571e+00
 2.20882568e+00
 4.57622681e+00
 4.06795654e+00
 7.60921631e+00
 1.30121399e+01
 1.38469177e+01
 1.75390259e+01
 1.85649963e+01
 1.83192383e+01
 1.29877869e+01
 1.07643066e+01
 3.68682251e+00
 1.87938843e+00
 3.77379761e+00
 5.07232056e+00
 6.01156006e+00
 9.33492432e+00
 1.54007507e+01
 1.78299194e+01
 1.90980469e+01
 2.07771240e+01
 1.62565247e+01
 7.48290405e+00
 5.19268188e+00
 -3.11511841e+00
 -1.25452271e+00
 9.52874756e-01
 5.78798828e+00
 9.62359009e+00
 1.69377686e+01
 1.61271301e+01
 1.95667053e+01
 1.91882874e+01
 1.44736877e+01
 1.08473755e+01
 3.76213989e+00
 3.19252930e+00
 -1.93262329e+00
 5.75966797e+00
 7.43694458e+00
 1.08942810e+01
 1.34030701e+01
 1.85776306e+01
 2.02686401e+01
 1.85920044e+01
 1.52150208e+01
 1.15412842e+01
 7.21444092e+00
 2.47588501e+00
 -3.58435059e-01
 3.04595337e+00
 7.17958984e+00
 1.03648010e+01
 1.59305969e+01
 1.75450684e+01
 2.00333496e+01
 2.01969849e+01
 1.42491699e+01
 9.35305176e+00
 4.52800903e+00
 3.44323120e+00
 6.81451416e-01
 1.57857666e+00
 8.22316895e+00
 1.23647400e+01
 1.76299988e+01
 1.93407227e+01
 2.22696472e+01
 1.80432983e+01
 1.66899048e+01
 9.25603638e+00
 4.64287720e+00
 9.25958252e-01
 -1.39676514e+00
 4.08791504e+00
 6.38311157e+00
 1.13860413e+01
 1.30426575e+01
 2.07541443e+01
 2.18964783e+01
 1.97892395e+01
 1.43181091e+01
 1.14766479e+01
 5.47170410e+00
 8.26745605e-01
 4.49276123e+00
 5.64254150e+00
 5.02105103e+00
 1.43220459e+01
 1.89758850e+01
 1.94554382e+01
 2.38683716e+01
 2.18465210e+01
 1.65293518e+01
 9.57341919e+00
 7.54650269e+00
 2.28087769e+00
 -9.75225830e-01
 7.05621338e-01
 1.03887329e+00
 1.17369324e+01
 1.48995605e+01
 2.00933777e+01
 1.99431396e+01
 2.04746338e+01
 1.62252747e+01
 1.14137512e+01
 4.90307007e+00
 5.02669678e+00
 -3.06195679e+00
 2.95104370e+00
 7.85991821e+00
 1.45580078e+01
 1.54891602e+01
 1.65838562e+01
 2.05616394e+01
 2.07965027e+01
 1.47212769e+01
 1.36511780e+01
 3.02257690e+00
 2.95394287e+00
 2.19008789e+00
 2.07305298e+00
 7.12316284e+00
 1.24958130e+01
 1.62739807e+01
 2.09015442e+01
 2.13078247e+01
 2.00107666e+01
 1.44589783e+01
 1.33872009e+01
 4.21923218e+00
 3.66277466e+00
 3.14931641e+00
 6.23406372e+00
 7.58211670e+00
 8.86629639e+00
 1.27822205e+01
 1.71146179e+01
 2.11083618e+01
 1.88601624e+01
 1.65908752e+01
 1.01224609e+01
 2.27190552e+00
 4.22643433e+00
 -1.98980713e-01
 2.70934448e+00
 7.79659424e+00
 1.12263733e+01
 1.59390503e+01
 1.79223267e+01
 2.26569763e+01
 1.90804382e+01
 1.60776001e+01
 1.33571716e+01
 7.75390015e+00
 5.44796143e+00
 1.65123901e+00
 3.43963013e+00
 9.93740234e+00
 1.02351929e+01
 1.59933105e+01
 1.66877991e+01
 1.94891602e+01
 1.95087219e+01
 1.52292725e+01
 9.48345337e+00
 4.54393921e+00
 3.43239746e+00
 -3.62430420e+00
 3.81237183e+00
 8.39400635e+00
 1.05887695e+01
 1.43101746e+01
 1.82939392e+01
 1.95114075e+01
 1.98026367e+01
 1.85613037e+01
 1.31069580e+01
 4.88329468e+00
 2.96138916e+00
 4.16564331e+00
 7.43349609e+00
 6.59475098e+00
 1.00227600e+01
 1.92553650e+01
 2.07456299e+01
 2.23258606e+01
 2.23985535e+01
 1.76468445e+01
 1.20773865e+01
 8.15279541e+00
 3.85286865e+00
 -3.82474365e+00
 2.99727783e+00
 5.27703247e+00
 1.25598083e+01
 1.51650330e+01
 1.84974609e+01
 1.91014648e+01
 2.17880188e+01
 1.74687134e+01
 1.07885071e+01
 3.49242554e+00
 -4.90463867e+00
 -6.53772583e+00
 -2.43048096e-01
 9.04787598e+00
 1.28603760e+01
 1.41584412e+01
 1.91185547e+01
 2.07056519e+01
 2.02863098e+01
 1.54260498e+01
 1.00127502e+01
 7.53261719e+00
 -3.65048828e+00
 -2.50968018e+00
 5.16292725e+00
 8.68395386e+00
 1.42913757e+01
 1.59426514e+01
 2.00456177e+01
 2.10364319e+01
 2.15398804e+01
 1.65311829e+01
 1.13269592e+01
 6.76049194e+00
 3.54248047e-02
 6.11505127e-01
 3.15548096e+00
 7.41887817e+00
 1.03776184e+01
 1.51054016e+01
 1.92745911e+01
 2.02459656e+01
 1.79836365e+01
 1.43875061e+01
 9.54027710e+00
 7.37954102e+00
 3.59075317e+00
 4.31704102e+00
 3.60891113e+00
 5.97945557e+00
 1.17159058e+01
 1.52851196e+01
 1.82510620e+01
 2.07323242e+01
 2.04828430e+01
 1.71620422e+01
 1.16941467e+01
 3.49721680e+00
 3.77544556e+00
 2.60268555e+00
 2.08406982e+00
 5.43013916e+00
 1.18077942e+01
 1.37065369e+01
 1.82453247e+01
 2.00555359e+01
 1.81727234e+01
 1.51886536e+01
 1.20836731e+01
 9.63765869e+00
 2.46648560e+00
 -3.43363037e+00
 1.12746582e+00
 6.22698364e+00
 1.30666443e+01
 1.67212158e+01
 2.18184448e+01
 2.06600891e+01
 2.14618774e+01
 1.55709473e+01
 1.25854431e+01
 5.24379883e+00
 6.44500122e+00
 2.03857422e-03
 3.79033813e+00
 9.40505371e+00
 1.14605957e+01
 1.52587524e+01
 1.73096558e+01
 1.97688538e+01
 2.00043579e+01
 1.70050598e+01
 1.11954590e+01
 7.47554932e+00
 2.78624878e+00
 7.20422363e-01
 6.26238403e+00
 8.49996338e+00
 9.75927124e+00
 1.50421387e+01
 2.13825317e+01
 2.22486511e+01
 1.96407104e+01
 1.70083252e+01
 9.68773804e+00
 4.02587280e+00
 6.22136841e+00
 2.89412842e+00
 5.54281006e+00
 8.89260254e+00
 1.43165527e+01
 1.48018433e+01
 2.00383240e+01
 2.27576843e+01
 1.92508179e+01
 1.95178772e+01
 1.36255737e+01
 5.57406006e+00
 4.35433350e+00
 -2.45621338e+00
 5.88451538e+00
 1.11032349e+01
 1.46775757e+01
 1.76537109e+01
 1.82107788e+01
 2.32588745e+01
 2.24839417e+01
 1.86308838e+01
 1.09369446e+01
 9.82399902e+00
 2.02929077e+00
 4.77239380e+00
 4.92986450e+00
 1.10104309e+01
 1.29241272e+01
 1.75879761e+01
 1.90111938e+01
 1.91881348e+01
 1.81959778e+01
 1.63059937e+01
 1.14155823e+01
 7.91225586e+00
 5.01564941e+00
 5.68358765e+00
 2.09465942e+00
 9.00283203e+00
 9.05141602e+00
 1.68445679e+01
 2.00567871e+01
 2.18470398e+01
 1.91520325e+01
 1.73584839e+01
 1.22648254e+01
 6.69039307e+00
 5.18959961e+00
 2.52739868e+00
 1.34114990e+00
 3.97719727e+00
 1.20717407e+01
 1.34215637e+01
 1.84294067e+01
 2.15811096e+01
 1.95593506e+01
 1.47800537e+01
 1.00709473e+01
 6.78103027e+00
 -2.25684204e+00
 6.36102295e-01
 6.68917236e+00
 5.42266235e+00
 1.02609192e+01
 1.45475708e+01
 1.94971252e+01
 2.10108276e+01
 1.75333801e+01
 1.77851501e+01
 1.38035217e+01
 7.38839111e+00
 2.29659424e+00
 1.28194580e+00
 4.19146118e+00
 8.63900146e+00
 1.01556030e+01
 1.67673279e+01
 1.79783569e+01
 2.17971130e+01
 2.19222351e+01
 1.77378479e+01
 1.33530823e+01
 6.06035767e+00
 4.71813354e+00
 4.93209229e+00
 5.53911743e+00
 9.26815186e+00
 1.06827026e+01
 1.54421631e+01
 1.88636108e+01
 1.99613281e+01
 1.99805847e+01
 1.76852966e+01
 1.37235046e+01
 6.58675537e+00
 5.86965332e+00
 3.26839600e+00
 3.97924194e+00
 8.42699585e+00
 1.04664246e+01
 1.58889709e+01
 1.62973877e+01
 2.02696472e+01
 2.06756226e+01
 1.54890076e+01
 1.34652344e+01
 3.92733154e+00
 -6.40014648e-02
 3.49086914e+00
 3.20894775e+00
 4.44555054e+00
 1.10183044e+01
 1.72692505e+01
 1.93241821e+01
 1.95814758e+01
 2.14943787e+01
 1.68785034e+01
 1.13086182e+01
 7.03481445e+00
 4.01241455e+00
 5.71907959e+00
 2.59014282e+00
 8.98058472e+00
 1.30782104e+01
 1.50625244e+01
 1.96031433e+01
 2.15611206e+01
 2.08785339e+01
 1.62620789e+01
 1.18591553e+01
 5.42150269e+00
 4.58406982e+00
 7.24298096e-01
 2.35158691e+00
 9.41433105e+00
 1.26173645e+01
 1.79715820e+01
 2.02641846e+01
 2.06158997e+01
 1.92558838e+01
 1.50483948e+01
 1.21368958e+01
 7.58297119e+00
 6.05462646e-01
 2.08248291e+00
 5.40175781e+00
 6.55513916e+00
 1.15121399e+01
 1.35256592e+01
 1.92355286e+01
 2.00372864e+01
 1.99526001e+01
 1.63736206e+01
 9.83776245e+00
 7.28820190e+00
 1.94069824e+00
 5.61883545e-01
 7.32598877e-01
 7.24739990e+00
 1.28162170e+01
 1.39844910e+01
 1.71536194e+01
 2.20127502e+01
 1.94182068e+01
 1.59256226e+01
 1.35473877e+01
 4.24907837e+00
 3.14440308e+00
 4.13894043e+00
 6.39434204e+00
 3.84822998e+00
 1.21877686e+01
 1.48983093e+01
 1.97382751e+01
 2.12923218e+01
 2.04031006e+01
 1.64321838e+01
 1.09078003e+01
 8.74224243e+00
 -7.17810059e-01
 -2.12255859e-01
 5.10402832e+00
 7.74282227e+00
 1.35465027e+01
 1.77404114e+01
 1.87762390e+01
 2.11077515e+01
 2.00327698e+01
 1.68200928e+01
 1.17325073e+01
 6.62951050e+00
 2.80603027e-01
 5.29326782e+00
 7.20256958e+00
 9.42363892e+00
 1.24140259e+01
 1.52763306e+01
 2.21303040e+01
 2.29299866e+01
 2.12712646e+01
 1.78985535e+01
 1.14609314e+01
 6.76372681e+00
 6.52333984e+00
 5.15856323e+00
 7.53847656e+00
 8.82659302e+00
 1.26251160e+01
 1.70681091e+01
 1.88454224e+01
 2.27022644e+01
 2.10113464e+01
 1.78341003e+01
 1.18478943e+01
 2.21972046e+00
 1.24447021e+00
 4.40346680e+00
 1.22847900e+00
 1.13254639e+01
 1.48109375e+01
 1.71128784e+01
 2.12843262e+01
 2.06511169e+01
 1.95511719e+01
 1.72420593e+01
 1.38231445e+01
 9.17650757e+00
 3.89656982e+00
 5.30297241e+00
 4.67373047e+00
 7.43029175e+00
 1.33829285e+01
 1.78803345e+01
 1.99539734e+01
 2.13615662e+01
 1.99003845e+01
 1.76919189e+01
 1.31895691e+01
 6.33181152e+00
 6.84426270e+00
 2.75286255e+00
 3.17379150e+00
 9.63768921e+00
 1.38465210e+01
 1.54903503e+01
 2.04203430e+01
 1.83551880e+01
 1.94549500e+01
 1.41472412e+01
 1.15586487e+01
 4.56902466e+00
 4.88710938e+00
 4.29998169e+00
 8.84881592e-01
 5.95998535e+00
 1.50295654e+01
 1.65861755e+01
 1.81786438e+01
 2.12946106e+01
 2.21502014e+01
 1.77042786e+01
 1.11785828e+01
 5.48781738e+00
 7.04003906e-01
 4.71914063e+00
 4.45482788e+00
 9.51964722e+00
 1.26960999e+01
 1.53608032e+01
 1.70217529e+01
 2.04143616e+01
 2.10973450e+01
 1.79879089e+01
 1.30931335e+01
 7.70925293e+00
 1.72106323e+00
 2.69396362e+00
 6.30648193e+00
 9.28350220e+00
 1.36864563e+01
 1.95058228e+01
 1.65549561e+01
 2.06885620e+01
 2.03407227e+01
 1.76416260e+01
 1.12312561e+01
 4.56920776e+00
 1.17202148e+00
 3.07390747e+00
 9.06915283e-01
 1.08001648e+01
 1.08232971e+01
 1.53239685e+01
 2.07976929e+01
 2.28308655e+01
 2.27052246e+01
 1.69093567e+01
 1.43905884e+01
 7.90603027e+00
 -4.65795898e-01
 2.78429565e+00
 6.93514404e+00
 9.00173340e+00
 1.62532288e+01
 1.61835876e+01
 1.90407959e+01
 2.14716125e+01
 2.21921631e+01
 1.73101135e+01
 1.33588196e+01
 8.35561523e+00
 -3.67340698e+00
 2.36293945e+00
 2.55086670e+00
 9.12999878e+00
 1.09639221e+01
 1.67304016e+01
 1.82133423e+01
 2.31135193e+01
 2.13534485e+01
 1.80539795e+01
 1.21410156e+01
 7.23482666e+00
 4.60622559e+00
 8.27752686e-01
 2.61211548e+00
 7.34472046e+00
 1.39296204e+01
 1.82225586e+01
 2.08635498e+01
 2.30856567e+01
 2.20277344e+01
 1.84154907e+01
 1.15386902e+01
 1.01698547e+01
 6.68474731e+00
 2.76549683e+00
 5.61882935e+00
 1.19576660e+01
 1.35637451e+01
 1.67750488e+01
 1.96625305e+01
 2.42837463e+01
 2.19852234e+01
 1.56384827e+01
 1.18918701e+01
 8.29598389e+00
 8.09127197e+00
 4.62770996e+00
 8.92839966e+00
 8.11519775e+00
 1.29422546e+01
 1.68443542e+01
 1.68478333e+01
 2.16328979e+01
 2.15095154e+01
 1.84359985e+01
 1.46320129e+01
 5.30828247e+00
 4.67382202e+00
 -4.09268799e+00
 5.44030762e-01
 9.25435791e+00
 1.60499512e+01
 1.60568481e+01
 1.84655090e+01
 2.18027283e+01
 1.99368225e+01
 1.55965515e+01
 1.16730896e+01
 4.91692505e+00
 3.23690186e+00
 2.54830322e+00
 4.30727539e+00
 8.98723755e+00
 1.33785034e+01
 1.64224792e+01
 2.06933228e+01
 2.29491516e+01
 2.28935791e+01
 1.92194763e+01
 1.19230591e+01
 6.88134155e+00
 5.87355957e+00
 4.50927124e+00
 5.71822510e+00
 1.15795532e+01
 1.50863892e+01
 1.73940369e+01
 1.90051819e+01
 2.32631470e+01
 2.12416931e+01
 1.65294434e+01
 1.44973083e+01
 3.45043335e+00
 6.14879761e+00
 6.98183594e+00
 4.23943481e+00
 1.00435425e+01
 1.26152893e+01
 1.82654968e+01
 1.86993042e+01
 2.01994873e+01
 2.17822205e+01
 1.72353149e+01
 1.31256653e+01
 6.90587769e+00
 5.28237305e+00
 2.53762207e+00
 2.66796265e+00
 8.66616211e+00
 1.43214661e+01
 1.86567932e+01
 1.94583374e+01
 2.25407043e+01
 2.14765564e+01
 1.57539307e+01
 1.19157654e+01
 9.23873291e+00
 7.07644043e+00
