 3.71284066e+01
 5.95813945e+01
 2.04022350e+01
 8.32062381e+01
 9.23569007e+01
 1.28645283e+02
 4.81836653e+01
 1.96239689e+01
 8.86149859e+01
 1.25089131e+02
 7.34384124e+01
 3.71424160e+01
 8.44216613e+01
 2.36484079e+01
 7.74670543e+01
 4.97743781e+00
 5.60546725e+01
 6.66280946e+01
 4.06829798e+01
 4.29521513e+01
 1.22270403e+02
 1.75035046e+02
 6.24482459e+01
 9.86309797e+01
 8.02938899e+01
 3.77197455e+01
 4.02850096e+01
 4.58639448e+01
 4.18241610e+01
 7.44922927e+01
 2.75337436e+01
 4.15436664e+01
 1.10493479e+02
 8.59187432e+01
 8.20178865e+01
 5.06012788e+01
 1.09998052e+02
 4.20747435e+01
 4.42559032e+01
 3.55468236e+01
 1.34671997e+02
 9.28222749e+01
 8.34174486e+01
 4.33337980e+01
 9.33052894e+01
 3.95835027e+01
 8.47294929e+01
 6.97829119e+01
 7.43401973e+01
 7.98360297e+01
 1.62204868e+01
 7.14429589e+01
 9.57462893e+01
 1.07047407e+02
 8.34959264e+01
 9.56151064e+01
 8.34691931e+01
 1.13766335e+02
 4.74753432e+01
 7.26442314e+01
 9.41875672e+01
 3.85712157e+01
 8.60215517e+01
 6.97754636e+01
 9.28805997e+01
 1.02311992e+02
 6.39457181e+01
 1.36853465e+02
 1.80624445e+01
 2.24065339e+02
 7.44133288e+01
 1.53089313e+02
 1.39227752e+01
 6.63063826e+01
 2.95174098e+01
 1.04530947e+02
 7.78374320e+01
 6.95768518e+01
 2.83366900e+01
 2.79208201e+01
 1.02045265e+02
 1.87591408e+02
 7.01178539e+01
 5.73437451e+01
 6.06912103e+01
 3.53609085e+01
 1.99580893e+01
 5.40552571e+01
 9.56222877e+01
 7.81762271e+01
 4.45017629e+01
 7.10334131e+01
 3.17831899e+01
 7.63378265e+01
 1.74977646e+02
 1.22477155e+02
 5.47745448e+01
 2.99497973e+01
 8.20793004e+01
 8.37835773e+01
 7.54662144e+01
 4.22949624e+01
 7.83621249e+01
 7.00247668e+01
 6.10044783e+01
 2.99586895e+01
 4.69315216e+01
 8.61227525e+01
 8.47327178e+01
 8.09635344e+01
 1.19278358e+02
 1.02242430e+02
 9.59836230e+01
 5.24396437e+01
 5.77832465e+01
 2.15731621e+02
 8.69400837e+01
 2.74566275e+01
 7.40325458e+01
 3.74386568e+01
 3.51068877e+01
 6.67657507e+01
 7.16447542e+01
 3.39045974e+01
 1.04213315e+02
 5.44642631e+01
 3.92729846e+01
 9.05335618e+01
 1.73534545e+01
 6.82756086e+01
 7.49003792e+01
 3.11586755e+01
 4.27746797e+01
 6.36066719e+01
 4.97694513e+01
 6.83953413e+01
 3.60623368e+01
 4.46838677e+01
 1.06261184e+02
 2.30208576e+02
 4.68105205e+01
 1.57552379e+02
 8.27853932e+01
 7.65763489e+01
 1.66902774e+01
 1.91748759e+01
 2.63359817e+01
 2.96745642e+01
 6.76385191e+01
 7.91740293e+01
 1.09281228e+02
 1.08464957e+02
 3.63786783e+01
 9.37838943e+01
 4.64405862e+01
 2.78949913e+01
 4.19952406e+01
 2.09523739e+01
 7.44469813e+01
 8.08787505e+00
 3.87422163e+01
 6.06943185e+01
 2.39168091e+01
 6.14940349e+01
 1.21318226e+02
 8.60305357e+01
 1.30253105e+01
 4.81129192e+01
 2.76078276e+00
 3.70453822e+01
 3.19767956e+01
 8.25352720e+01
 3.27024870e+01
 1.22535847e+02
 1.15834092e+02
 1.09476059e+02
 1.15727467e+02
 1.89102151e+02
 1.07681249e+02
 1.11758173e+02
 6.07876463e+01
 6.38799737e+01
 6.67189083e+01
 5.30278930e+01
 8.19382566e+01
 5.14459104e+01
 6.91696976e+00
 1.08879414e+01
 4.52606623e+00
 9.20705159e+01
 8.68953683e+01
 5.46912437e+01
 8.40729054e+01
 3.42964674e+01
 6.71454016e+01
 5.12184062e+01
 7.78040444e+01
 6.30541003e+01
 1.01382226e+02
 5.96032823e+01
 1.53115930e+01
 1.34823964e+02
 1.12831360e+01
 8.89165804e+01
 5.71104649e+01
 5.50741569e+01
 5.04404059e+01
 7.61608016e+01
 6.30590712e+01
 7.66086294e+01
 2.29682636e+01
 1.38057393e+01
 2.14803499e+01
 9.42355367e+01
 1.38381190e+02
 5.37443108e+01
 6.78169262e+01
 2.02627277e+01
 4.31879698e+01
 6.47359617e+01
 6.41687282e+01
 6.20046143e+01
 7.79675432e+01
 4.02897232e+01
 3.48696858e+01
 2.56239830e+01
 9.81245149e+01
 7.34308468e+01
 2.33659074e+01
 2.16146754e+01
 5.48578362e+01
 8.24022669e+01
 6.60282465e+01
 1.64692288e+01
 1.26276297e+02
 2.14061408e+01
 5.77240853e+01
 4.10580614e+01
 8.90806122e+01
 8.77991623e+01
 4.39527978e+01
 4.21933590e+01
 1.73503577e+01
 3.88636056e+01
 5.61145101e+01
 1.46328095e+02
 1.98831376e+01
 9.01147175e+01
 5.88293618e+01
 1.06622052e+02
 1.16524291e+02
 2.40758209e+01
 5.09656055e+01
 4.11338024e+01
 3.40114227e+01
 6.70334371e+01
 6.25001477e+01
 1.09593005e+02
 7.80923390e+01
 5.40276214e+01
 3.95142131e+01
 7.89723016e+01
 5.42744821e+01
 3.81731762e+01
 6.14406818e+01
 7.02547481e+01
 4.71181727e+01
 8.61349243e+01
 5.72830548e+01
 3.04607534e+01
 1.68458129e+01
 6.98879518e+01
 1.19103863e+02
 2.11446713e+02
 6.46277565e+01
 5.91240012e+01
 1.93693177e+01
 3.84285735e+01
 6.61529839e+01
 3.91461601e+01
 9.17738707e+01
 8.44795885e+01
 7.78115570e+01
 7.71173971e+01
 5.13344851e+01
 1.64989663e+02
 4.78476254e+01
 1.10921195e+02
 7.14472392e+01
 4.27282352e+01
 4.51442993e+01
 6.08881023e+01
 7.39749351e+01
 1.06197410e+02
 3.41423815e+01
 1.35793449e+02
 4.88500717e+01
 6.37755301e+01
 7.84948594e+01
 6.43701603e+01
 7.07144883e+01
 9.71269463e+01
 2.92425326e+01
 1.92645363e+01
 9.86919574e+01
 2.04799758e+01
 1.20848578e+02
 1.46668568e+02
 4.56760922e+01
 1.25691961e+02
 1.14083664e+02
 2.87701380e+01
 1.94256256e+01
 5.64687191e+01
 5.94274671e+01
 5.63487014e+01
 1.18539795e+02
 3.40848733e+01
 2.14824677e+01
 7.36166898e+00
 3.25163539e+01
 6.03181286e+01
 1.07699787e+02
 5.60224784e+01
 7.12490226e+01
 8.44203025e+01
 1.93154312e+01
 1.64179021e+01
 9.01385123e+01
 4.77659506e+01
 1.11048958e+02
 9.85495957e+00
 1.12938472e+02
 5.88321305e+01
 5.56678860e+01
 5.95963592e+01
 3.50744981e+00
 3.98001255e+01
 8.67127787e+01
 4.46416983e+01
 3.70071918e+01
 2.32571347e+01
 2.79862045e+01
 7.15719619e+01
 1.33700024e+02
 1.09135858e+02
 1.22031597e+02
 4.33233768e+01
 4.65652546e+00
 6.64119704e+00
 7.22367209e-01
 4.71884039e+01
 1.34029002e+02
 2.80721240e+01
 2.27875813e+01
 6.87016975e+01
 1.71744257e+01
 1.08172570e+02
 1.07408308e+02
 6.23755760e+01
 3.44523857e+01
 3.67515983e+01
 1.40117413e+01
 7.88888581e+01
 1.20095165e+02
 7.65817550e+01
 8.40124441e+01
 7.18442715e+01
 2.48679649e+01
 2.57882029e+01
 9.84684234e+01
 1.15650915e+02
 3.24232421e+01
 5.57230677e+01
 6.30937158e+01
 7.18534170e+01
 5.97214961e+01
 1.32070393e+02
 4.82560727e+01
 4.89824948e+01
 1.01374431e+02
 1.95649178e+02
 5.46699518e+01
 7.22534108e+01
 1.00266616e+01
 1.03809210e+02
 5.55078121e+01
 5.53269998e+01
 2.39563774e+02
 4.35809203e+01
 4.24648752e+01
 1.52928509e+02
 1.10081281e+02
 5.31143100e+01
 8.26697293e+01
 1.81958669e+01
 1.03073632e+02
 4.21180312e+01
 8.95206379e+01
 6.98487131e+01
 2.27888500e+02
 1.43208704e+02
 7.48450320e+01
 7.02797517e+01
 8.75720582e+01
 9.98791325e+01
 3.74398689e+01
 1.35723507e+02
 6.70488681e+01
 1.13660064e+01
 7.71917045e+01
 4.06903581e+01
 5.41931761e+01
 6.44099648e+01
 7.60358221e+01
 9.46748140e+01
 1.62849229e+01
 8.43768488e+01
 7.09359837e+01
 5.18028945e+01
 1.77982913e+01
 3.15804331e+01
 9.88792266e+01
 3.15578309e+01
 3.52921106e+01
 1.60844424e+02
 2.78764802e+01
 7.83081872e+01
 5.43781375e+01
 1.20047800e+02
 1.62826082e+02
 1.30901220e+02
 8.49911375e+01
 1.38797051e+02
 5.48982152e+01
 8.71688373e+01
 1.35083065e+02
 8.85471491e+01
 7.29402968e+01
 6.02306327e+01
 7.54840457e+01
 1.33840983e+02
 6.21329470e+01
 7.10554978e+01
 7.15172544e+01
 3.72232284e+01
 6.81975692e+01
 9.98031325e+01
 5.07292170e+01
 1.78948203e+02
 6.22842459e+01
 6.52013105e+01
 7.35470466e+01
 5.87730821e+01
 5.33699627e+01
 8.40300417e+01
 9.65896463e+00
 3.21220531e+01
 8.45594020e+01
 2.91506792e+01
 8.33432093e+01
 2.36818575e+01
 7.17253562e+00
 5.39234389e+01
 8.06367918e+00
 2.38756019e+01
 9.95795368e+01
 8.82621272e+01
 6.59780895e+01
 1.01589413e+02
 5.20430149e+01
 5.09557435e+01
 5.51999711e+01
 1.97653634e+01
 4.38171862e+01
 3.45038290e+01
 2.39050123e+01
 2.35504873e+01
 1.55374798e+02
 7.53474209e+01
 5.80796384e+01
 6.00016950e+01
 1.07879374e+02
 5.30302127e+01
 1.74884677e+02
 7.32713380e+01
 1.58811816e+02
 5.49826028e+01
 5.14152405e+01
 1.62575071e+02
 3.69419249e+01
 1.21839432e+01
 5.36315975e+01
 6.45684626e+01
 4.68023465e+01
 3.42930043e+01
 2.22525915e+01
 4.16854304e+01
 1.19893602e+02
 1.15971403e+02
 1.79449426e+02
 1.34037450e+02
 9.20109109e+01
 5.51472319e+01
 5.74500128e+01
 5.96884763e+01
 6.79747735e+01
 1.09920628e+02
 9.66814272e+01
 1.39785659e+02
 6.31536899e+01
 2.62304351e+01
 5.46160897e+01
 2.37565161e+01
 5.95052195e+00
 8.31842755e+01
 4.13565190e+01
 2.90967694e+01
 3.84210310e+01
 5.81686740e+01
 4.47074141e+01
 2.92783354e+01
 9.35598124e+01
 5.25231682e+01
 6.09340400e+00
 7.51922532e+01
 1.59498494e+02
 6.61940547e+01
 2.58227794e+01
 8.99057447e+01
 7.93708930e+01
 1.36812465e+02
 5.80383971e+01
 1.86936528e+01
 7.61282144e+00
 1.02580478e+01
 2.42734803e+01
 1.47172302e+02
 1.11906935e+02
 8.00885602e+01
 2.33170317e+01
 2.07794893e+01
 8.71385022e+01
 6.18247344e+01
 1.14813353e+02
 1.04287361e+02
 6.16203605e+01
 1.25604645e+02
 1.53142265e+02
 1.07992151e+02
 1.28148568e+02
 1.06649715e+02
 2.97260377e+01
 5.72540497e+01
 4.53753579e+01
 4.52866292e+01
 1.15165549e+02
 1.48741944e+01
 3.48255600e+01
 3.63305247e+01
 1.25575511e+02
 5.83224202e+00
 8.80801933e+01
 8.88913241e+01
 1.97330793e+01
 1.55227058e+01
 2.23604815e+01
 7.75298205e+01
 1.95587878e+01
 1.50357713e+01
 1.31695723e+02
 2.98627602e+00
 3.67055049e+01
 8.85695005e+01
 1.35108086e+01
 8.80168034e+01
 1.21564165e+01
 1.04703805e+02
 5.31437514e+01
 1.46304596e+02
 2.15127787e+01
 5.05502784e+01
 5.56508047e+01
 7.36907378e+00
 1.27323502e+02
 6.90332115e+01
 4.34609799e+01
 3.86445453e+01
 1.31099987e+02
 4.71475641e+01
 6.14857866e+01
 2.51238194e+01
 9.28058830e+01
 7.78471373e+01
 8.22186001e+01
 3.87361939e+00
 8.63609905e+01
 2.23515098e+02
 1.00137470e+02
 1.10900548e+02
 8.74091505e+01
 5.85284651e+01
 5.16931032e+00
 4.86684474e+01
 1.94258695e+02
 8.26757548e+01
 5.55111640e+01
 6.25546603e+01
 3.88832051e+01
 8.44104460e+01
 9.92281412e+01
 2.00400421e+01
 4.36480505e+01
 7.75820764e+01
 1.10505498e+02
 1.03620468e+02
 6.51051912e+01
 5.77169989e+01
 1.78139231e+01
 6.33694699e+01
 4.79675421e+01
 1.24666740e+02
 8.37954775e+01
 4.58013444e+01
 6.44500364e+01
 6.61392164e+01
 2.54713950e+01
 1.54401452e+02
 1.59772561e+02
 1.86633455e+02
 4.38892915e+01
 1.05875470e+02
 8.88170160e+01
 1.07183324e+02
 1.25834156e+02
 1.31702807e+01
 4.78413014e+01
 2.18978784e+01
 1.25837745e+01
 3.91055985e+01
 1.17721253e+02
 1.80772679e+01
 2.90251911e+01
 4.12830495e+01
 1.09862183e+02
 9.06132771e+01
 4.40332696e+01
 4.26498887e+01
 3.31023305e+01
 1.05873238e+02
 8.28015619e+01
 5.81103894e+01
 7.73602312e+01
 3.69059013e+01
 8.12029528e+01
 4.03557166e+01
 6.83808197e+01
 1.50985339e+02
 7.79936080e+01
 6.32986265e+01
 5.25492187e+01
 1.13395020e+02
 9.64670990e+01
 1.24473289e+02
 2.91431247e+01
 5.37807037e+01
 3.03042226e+01
 4.76131465e+01
 1.29055878e+02
 1.58100906e+02
 3.57720530e+01
 1.12058608e+02
 9.38145098e+01
 8.02853647e+01
 8.13473145e+01
 1.89418610e+01
 9.14797785e+01
 1.23530108e+02
 1.36272813e+02
 3.67276107e+01
 1.65137212e+02
 9.62424811e+01
 1.45686832e+02
 1.00736747e+02
 1.02361407e+02
 8.95500040e+00
 1.47362901e+01
 4.59940880e+01
 8.81029985e+01
 7.88724882e+01
 4.25065112e+01
 1.16328705e+02
 1.60333283e+01
 1.31758481e+01
 1.05948269e+02
 4.84217151e+01
 7.79906753e+01
 5.03723115e+01
 8.67844163e+01
 1.36010337e+01
 6.04754303e+01
 5.70961608e+01
 1.39156090e+02
 7.89119621e+01
 2.19455117e+01
 3.60996050e+01
 8.09026334e+01
 2.03380953e+01
 2.91151961e+01
 5.97085998e+01
 6.35578159e+01
 7.40666057e+01
 1.84467377e+02
 1.51815656e+02
 2.53771295e+01
 4.89525808e+01
 2.64939014e+01
 2.22611053e+01
 1.92803062e+02
 7.85889303e+01
 5.32430765e+01
 3.98935305e+01
 6.11459123e+01
 2.13970791e+01
 2.14875984e+02
 1.15513556e+02
 7.27830682e+01
 8.17373556e+01
 7.75171836e+00
 1.19378156e+02
 3.71010831e+01
 6.41576542e+01
 7.06308364e+01
 8.25047916e+01
 7.86123401e+01
 5.39002338e+01
 1.49814631e+02
 2.02320587e+02
 1.25821877e+02
 1.65473685e+02
 2.42513890e+01
 1.45747335e+02
 1.13190007e+02
 9.83363905e+01
 9.00890422e+01
 4.37424359e+01
 7.04306857e+01
 2.71540494e+01
 7.84928110e+01
 3.69397490e+01
 1.11042888e+02
 5.56470387e+01
 1.53331376e+02
 1.01834181e+02
 1.22104809e+02
 1.50972535e+02
 8.92953185e+01
 5.82638807e+01
 9.40246968e+01
 9.70703848e+01
 9.24245823e+01
 1.35840467e+02
 1.00106342e+02
 4.73568170e+01
 5.28413794e+01
 2.11652934e+02
 1.22675151e+02
 9.79939584e+01
 5.02654726e+01
 2.76111454e+01
 4.09554039e+01
 3.52142308e+01
 6.40710450e+01
 8.71376346e+01
 4.72984409e+01
 4.89791965e+01
 8.85607938e+01
 3.89577820e+01
 8.97248170e+01
 1.71017600e+01
 1.19453233e+02
 1.28294256e+02
 4.86963828e+01
 6.71036408e+01
 8.44645250e+01
 1.38209834e+02
 1.94065901e+02
 6.07981211e+01
 2.06937834e+01
 1.41033635e+02
 2.34571421e+01
 4.10039094e+01
 4.72015518e+01
 4.62402956e+01
 7.26350331e+01
 4.00114711e+01
 1.58766955e+02
 1.46635992e+02
 1.12626097e+02
 7.20172317e+01
 8.36375593e+01
 4.55786364e+01
 9.92190794e+01
 1.07848661e+02
 7.23171412e+01
 8.84620290e+01
 1.05777933e+02
 5.60320635e+01
 1.26132895e+02
 6.58755196e+01
 9.68803112e+01
 3.00518491e+01
 5.86718349e+01
 7.77605668e+01
 8.76019313e+01
 1.56267053e+02
 6.27464215e+01
 3.09724777e+01
 7.79621694e+01
 8.79441424e+01
 1.60065484e+02
 5.74114361e+01
 3.71351495e+01
 2.56135302e+01
 5.71343720e+00
 1.09305783e+02
 9.64521681e+01
 4.98307603e+01
 1.54402731e+01
 3.17068000e+01
 1.30666907e+02
 1.55967121e+02
 1.03517470e+02
 1.44231094e+02
 1.03350205e+02
 1.69986718e+02
 6.45112533e+01
 3.02316008e+01
 1.30376304e+01
 8.99913785e+01
 1.08857746e+01
 2.98645706e+01
 7.73018990e+01
 1.89628986e+01
 6.45816189e+01
 1.00991720e+02
 8.91715215e+01
 1.09402616e+01
 5.05169305e+01
 1.99736439e+02
 1.21643435e+02
 1.25982243e+02
 6.54878756e+01
 7.48293442e+01
 9.67721922e+01
 5.58145028e+01
 1.98734204e+01
 8.26463720e+01
 4.73276630e+01
 1.99369498e+01
 4.00178078e+01
 1.57620714e+02
 1.20330924e+02
 7.87057263e+01
 6.56687528e+01
 2.57642097e+01
 3.02719920e+01
 7.00166880e+01
 2.12987604e+02
 3.13632314e+01
 8.46276487e+01
 6.19560595e+01
 1.94158346e+02
 1.36174116e+02
 1.75445815e+01
 8.06272503e+01
 7.14987311e+01
 5.25828363e+01
 8.15628120e+01
 5.94839015e+01
 8.50529921e+01
 2.34923024e+02
 8.25792047e+01
 4.09262402e+01
 9.61712119e+01
 1.18641403e+01
 1.27458912e+02
 5.54565637e+01
 6.64060930e+01
 5.10687169e+01
 6.35413681e+01
 1.15653784e+02
 1.00097105e+02
 7.20109910e+01
 3.16024253e+01
 1.52206579e+02
 1.12963752e+02
 4.76715859e+01
 7.36386131e+01
 1.13435488e+02
 7.12067143e+01
 5.69000340e+01
 2.23679868e+01
 1.16981525e+02
 4.56068354e+01
 1.29822989e+02
 1.93645176e+02
 1.44399531e+02
 3.30070276e+01
 2.13611700e+01
 2.61238635e+01
 3.92787530e+01
 3.83878869e+01
 4.94414519e+01
 2.60480987e+01
 3.06179856e+01
 4.27191975e+01
 2.10010101e+02
 2.50291019e+01
 1.24255301e+02
 1.68079792e+01
 1.39447396e+02
 2.07023734e+02
 6.91004107e+01
 8.66313581e+01
 7.76163299e+01
 5.76436740e+01
 1.52868449e+01
 1.05477058e+02
 1.92007370e+02
 3.22318219e+01
 1.47058600e+02
 6.90760671e+01
 2.45147255e+01
 6.34810415e+01
 8.97253196e+01
 6.72505292e+01
 8.07269724e+01
 4.31837361e+01
 3.93659485e+01
 4.16642577e+01
 1.01371791e+02
 1.27697717e+02
 1.14629533e+02
 1.52327082e+01
 7.12903516e+01
 1.99891229e+02
 1.06788313e+02
 3.40196783e+01
 6.45011614e+01
 1.07294434e+02
 3.97757772e+01
 1.22893203e+02
 6.76961099e+01
 1.78055469e+01
 2.37176547e+01
 5.06498554e+01
 5.95623089e+01
 1.37348238e+02
 1.06900944e+02
 1.01684835e+02
 3.29754485e+01
 1.16994753e+02
 4.89133823e+01
 8.27698551e+01
 7.36989251e+01
 3.05869582e+01
 2.95788211e+01
 7.41224951e+01
 9.11921075e+01
 3.58522474e+01
 6.98179804e+01
 5.67545569e+01
 6.09198779e+00
 1.92585325e+01
 3.57316305e+01
 1.47149589e+02
 1.90956561e+01
 9.17675177e+01
 3.56510295e+01
 4.77371996e+01
 5.46015748e+01
 5.39384050e+01
 4.73944579e+01
 2.38735386e+01
 4.27704140e+01
 5.73041457e+01
 6.80284859e+01
 6.19508026e+01
 1.23750885e+02
 2.91576578e+01
 1.23687745e+02
 7.51871912e+01
 4.37416608e+01
 1.22105431e+02
 1.72571577e+02
 8.24330453e+01
 2.54614004e+01
 2.94037026e+01
 8.43098267e+01
 1.02363395e+02
 2.36237615e+01
 2.78116098e+01
 6.81767172e+01
 1.15630851e+02
 9.63535039e+01
 7.51918211e+01
 2.68635978e+01
 8.29675601e+01
 4.89447104e+01
 4.62524655e+01
 1.03781970e+02
 9.13059559e+01
 4.37474713e+01
 3.45559251e+01
 1.22328501e+02
 3.36354047e+01
 3.56023340e+01
 3.15047821e+01
 1.04207403e+01
 1.24218440e+02
 4.46957732e+01
 6.82255295e+01
 1.48498252e+02
 5.13792854e+01
 1.29276117e+02
 8.19964378e+01
 1.13376265e+02
 1.63166417e+02
 1.42006462e+02
 5.30263418e+01
 1.62304890e+01
 4.44106374e+01
 2.96826980e+01
 1.23551544e+01
 1.29119623e+02
 1.33400166e+02
 1.30017107e+02
 5.07703073e+01
 1.23895252e+02
 1.05902451e+02
 1.23921337e+02
 6.68131277e+01
 3.39722398e+01
 3.71615507e+01
 5.67596449e+01
 7.12795310e+01
 8.19852882e+01
 6.79959082e+01
 4.61968064e+01
 3.86380948e+01
 6.43498051e+01
 1.47235111e+01
 1.46406037e+02
 5.57013613e+01
 3.49802576e+01
 9.15120212e+01
 4.68074671e+01
 1.00737235e+02
 8.81111979e+01
 7.54403296e+01
 9.81359531e+01
 1.62225399e+02
 6.20352340e+01
 4.65854349e+01
 3.86365893e+01
 5.66405630e+01
 4.46092827e+01
 7.43870608e+01
 3.91934375e+01
 3.23491977e+01
 3.08934962e+01
 3.80345416e+01
 9.03094547e+01
 4.09842168e+01
 1.09213732e+02
 8.26363860e+01
 7.63554874e+01
 1.85200206e+02
 8.16765338e+01
 6.74683360e+01
 8.69439888e+01
 2.14291146e+01
 5.35930727e+01
 7.95410031e+01
 1.01071881e+02
 6.33661765e+01
 3.86906050e+01
 7.59196857e+01
 6.51429344e+01
 7.69540843e+01
 1.08590371e+02
 6.15521869e+01
 1.44214127e+01
 5.51379897e+01
 1.25880692e+02
 4.19649125e+01
 1.56706971e+02
 1.04472076e+02
 8.12867655e+01
 1.70055149e+01
 6.31919009e+01
 2.56214404e+01
 7.14665858e+01
 9.35530501e+01
 6.53632104e+01
 4.82485113e+01
 5.85757139e+01
 1.49801243e+02
 2.19367945e+02
 5.79535369e+01
 7.01793402e+01
 3.14712125e+01
 1.05257264e+02
 8.14484021e+01
 9.33168382e+00
 4.29185200e+01
 9.50261392e+01
 2.37277081e+01
 1.01853995e+02
 6.22051882e+01
 5.40929568e+01
 5.26856146e+01
 1.10961321e+02
 2.63903451e+01
 4.55614773e+01
 1.42265542e+02
 6.75971755e+01
 8.47432511e+01
 7.45751889e+01
 8.97696936e+01
 1.38882111e+02
 9.85681701e+01
 1.72934695e+02
 7.18108010e+01
 2.65171512e+01
 4.57321090e+01
 3.91423692e+01
 1.14395559e+02
 1.65981521e+02
 6.50121071e+01
 6.78638468e+01
 1.30799064e+02
 3.41815035e+01
 8.92953282e+01
 8.22434340e+01
 5.95167657e+01
 5.53191202e+01
 1.51795146e+02
 9.25482819e+01
 8.25599399e+01
 1.99806887e+02
 1.11633879e+02
 6.59884157e+01
 9.21043957e+01
 1.21933076e+02
 2.04126367e+02
 5.60492679e+01
 1.89848870e+02
 1.72153076e+01
 2.42735251e+01
 1.84287542e+02
 2.20110642e+01
 6.29092139e+01
 5.31326725e+01
 9.67642747e+01
 5.41501225e+01
 9.99143551e+01
 3.29618445e+01
 4.13268400e+01
 8.95198876e+01
 3.20064563e+01
 3.91373504e+01
 6.73291483e+01
 6.76834412e+01
 4.80567209e+01
 4.46831468e+01
 9.84883199e+01
 9.32074317e+01
 7.90473845e+01
 9.12674478e+01
 1.80770510e+01
 6.61117961e+01
 1.59895335e+02
 5.39759491e+01
 4.28683776e+01
 8.40498704e+01
 1.70297631e+01
 1.55057506e+02
 4.75992534e+01
 6.63395710e+01
 1.44679181e+02
 3.90444253e+01
 1.49861797e+01
 2.06220076e+01
 4.02769562e+01
 8.18707074e-01
 5.03720228e+01
 1.57424237e+02
 9.64739295e+01
