 -1.74408569e+00
 -1.26959229e-01
 2.77858887e+00
 8.86403809e+00
 1.27404114e+01
 1.83891235e+01
 2.01402832e+01
 2.13487183e+01
 1.71049744e+01
 1.24934937e+01
 8.28771362e+00
 2.45809326e+00
 1.06270752e+00
 5.85571289e-02
 5.07012939e-01
 1.02689453e+01
 1.31762329e+01
 1.63028503e+01
 1.98501831e+01
 2.05491272e+01
 1.73349854e+01
 1.24608704e+01
 2.68312988e+00
 -9.14770508e-01
 -2.22745361e+00
 -7.17224121e-02
 4.26717529e+00
 9.22145996e+00
 1.51772400e+01
 1.91758972e+01
 2.49056946e+01
 2.15133606e+01
 1.59518677e+01
 1.04285522e+01
 6.66546021e+00
 3.68963013e+00
 7.42669678e-01
 3.66448975e-01
 4.61736450e+00
 7.92092285e+00
 1.23961426e+01
 1.71643616e+01
 2.12008911e+01
 2.21554810e+01
 1.43953186e+01
 9.50673828e+00
 2.64779053e+00
 2.63567505e+00
 3.90688477e+00
 5.07097778e+00
 4.97701416e+00
 1.12667175e+01
 1.40835815e+01
 1.70772644e+01
 2.21224915e+01
 2.23608948e+01
 1.41353394e+01
 8.83193359e+00
 6.69161377e+00
 2.31798706e+00
 2.12023315e+00
 4.18187866e+00
 4.24303589e+00
 8.75792847e+00
 1.36860901e+01
 1.89916321e+01
 2.09449402e+01
 1.93129822e+01
 1.52535034e+01
 1.15643250e+01
 3.91631470e+00
 3.00505981e+00
 2.06872559e-01
 1.46178589e+00
 7.49947510e+00
 8.99862061e+00
 1.30954529e+01
 1.67344910e+01
 2.10169006e+01
 2.10480591e+01
 1.34595886e+01
 8.88707886e+00
 3.09777222e+00
 4.74611816e+00
 -2.60388794e+00
 -6.37540283e+00
 5.65966187e+00
 7.79671631e+00
 1.30760132e+01
 1.56161133e+01
 2.13026978e+01
 1.84719788e+01
 1.77665649e+01
 8.96865234e+00
 5.94820557e+00
 3.01006470e+00
 4.29857788e+00
 4.03435669e+00
 7.40584717e+00
 6.91030273e+00
 1.34994751e+01
 1.80875183e+01
 2.57155701e+01
 2.25408264e+01
 1.69413086e+01
 8.19707642e+00
 5.66231689e+00
 3.14827881e+00
 2.47829590e+00
 3.87844238e+00
 6.76778564e+00
 6.97893677e+00
 1.30269104e+01
 1.80970703e+01
 2.11291748e+01
 2.24742371e+01
 1.58952271e+01
 5.78151855e+00
 4.99968872e+00
 2.00625000e+00
 1.14092407e+00
 -1.35040894e+00
 1.36168823e+00
 9.45003662e+00
 1.49842468e+01
 1.88908936e+01
 2.22192627e+01
 2.22181030e+01
 1.41924988e+01
 1.21530396e+01
 6.17043457e+00
 2.99291382e+00
 5.43847656e-01
 1.12600098e+00
 6.38213501e+00
 1.09626709e+01
 1.53183533e+01
 1.73721558e+01
 2.00741516e+01
 1.93572632e+01
 1.45448547e+01
 1.07740417e+01
 5.27749023e+00
 -1.65878906e+00
 3.30272827e+00
 2.99666748e+00
 6.39418945e+00
 1.01795898e+01
 1.42177979e+01
 1.64476868e+01
 1.85187927e+01
 2.29833618e+01
 1.59815613e+01
 1.10033508e+01
 4.00649414e+00
 2.90807495e+00
 1.86306152e+00
 2.74801025e+00
 4.50786743e+00
 1.02414795e+01
 1.78987061e+01
 2.06478210e+01
 2.24696899e+01
 2.55094238e+01
 1.76293884e+01
 1.05247437e+01
 7.75426636e+00
 3.23113403e+00
 4.81597290e+00
 4.57781372e+00
 3.36748657e+00
 8.99709473e+00
 1.26150757e+01
 1.87151428e+01
 2.54894348e+01
 1.94299255e+01
 1.44786621e+01
 1.11017090e+01
 4.35732422e+00
 5.18456421e+00
 -9.05065918e-01
 -2.40539551e-02
 6.68221436e+00
 9.55437622e+00
 1.33773743e+01
 1.81326233e+01
 2.19598633e+01
 2.20957581e+01
 1.53124023e+01
 9.84234009e+00
 6.11837158e+00
 -6.01806641e-03
 5.25292969e-01
 2.25267944e+00
 2.68563232e+00
 9.07335815e+00
 1.29971863e+01
 1.89887634e+01
 2.40453430e+01
 2.30172058e+01
 1.76666809e+01
 1.06055847e+01
 5.64473877e+00
 3.67369995e+00
 2.74596558e+00
 4.63497314e+00
 7.58861694e+00
 8.75866089e+00
 1.36329285e+01
 1.68666931e+01
 1.95574585e+01
 1.92179810e+01
 1.50464111e+01
 1.05827576e+01
 1.52440796e+00
 -3.87304687e-01
 -6.68798828e-01
 2.80520020e+00
 7.08660278e+00
 7.89293823e+00
 1.25232788e+01
 1.99850708e+01
 2.33820435e+01
 2.29426819e+01
 1.76315247e+01
 9.61092529e+00
 8.42025146e+00
 3.41658936e+00
 1.40520630e+00
 -2.84757080e+00
 1.40834961e+00
 8.28524170e+00
 1.53104187e+01
 1.65642639e+01
 2.18770081e+01
 2.01090942e+01
 1.90389038e+01
 1.38097473e+01
 7.33654175e+00
 4.72832642e+00
 2.48479614e+00
 1.54177246e+00
 3.82235107e+00
 1.10165039e+01
 1.38608643e+01
 2.13832947e+01
 2.45014893e+01
 2.46850830e+01
 1.87612549e+01
 9.92308960e+00
 5.09743652e+00
 5.09938965e+00
 4.06859741e+00
 4.12291870e+00
 2.14995728e+00
 9.81731567e+00
 1.24059387e+01
 1.66151978e+01
 1.87061401e+01
 2.23183533e+01
 1.52214600e+01
 1.03830200e+01
 3.37481079e+00
 4.44024658e-01
 1.00316772e+00
 3.57470093e+00
 2.88433228e+00
 1.00810181e+01
 1.34665466e+01
 1.76921936e+01
 1.97270447e+01
 2.06036011e+01
 1.43623291e+01
 1.18809143e+01
 5.31282959e+00
 2.45809326e+00
 4.84139404e+00
 4.49364624e+00
 5.16445313e+00
 9.83220825e+00
 1.33091980e+01
 1.75189148e+01
 2.26689697e+01
 2.04824158e+01
 1.52210938e+01
 9.84237061e+00
 4.77138672e+00
 4.43282471e+00
 4.96395264e+00
 5.15847168e+00
 8.03408203e+00
 1.15920959e+01
 1.37256714e+01
 1.99675232e+01
 2.23303772e+01
 2.03047729e+01
 1.61695190e+01
 1.10360962e+01
 7.89635620e+00
 4.39226685e+00
 3.18651733e+00
 4.64171753e+00
 4.34298096e+00
 1.09296204e+01
 1.35571228e+01
 1.82093140e+01
 2.40395447e+01
 2.29740540e+01
 1.76139160e+01
 1.25980164e+01
 5.03002319e+00
 1.75612793e+00
 2.32000122e+00
 3.80336914e+00
 4.21523438e+00
 8.81438599e+00
 1.23745972e+01
 1.65443054e+01
 2.18558899e+01
 2.11069580e+01
 1.52116638e+01
 8.71828613e+00
 3.73430786e+00
 4.41457520e+00
 6.12237549e-01
 7.71728516e-02
 6.91375122e+00
 1.16749207e+01
 1.38246704e+01
 1.87618347e+01
 2.26621643e+01
 2.10286499e+01
 1.66216675e+01
 1.16027771e+01
 9.55816040e+00
 4.66689453e+00
 6.00097046e+00
 3.24709473e+00
 4.04061279e+00
 5.00875244e+00
 1.27332397e+01
 1.77669006e+01
 2.04340759e+01
 2.34450928e+01
 1.68709656e+01
 8.45534668e+00
 5.44420776e+00
 3.22927246e+00
 3.51015625e+00
 3.24276123e+00
 4.77315674e+00
 6.23134766e+00
 1.43680054e+01
 1.70954834e+01
 2.08181396e+01
 2.38955017e+01
 1.86811157e+01
 1.04741150e+01
 6.21145020e+00
 3.17043457e+00
 2.94436035e+00
 3.55709229e+00
 8.24379883e+00
 9.56313477e+00
 1.43913208e+01
 1.75667969e+01
 2.02494751e+01
 2.21139465e+01
 1.55770203e+01
 1.04982239e+01
 5.76210938e+00
 9.62768555e-02
 -1.30490723e+00
 1.16509399e+00
 5.07384644e+00
 1.06621033e+01
 1.54338318e+01
 1.94838806e+01
 2.17257935e+01
 2.06420837e+01
 1.64663635e+01
 1.07213684e+01
 5.06997070e+00
 3.94860229e+00
 4.37767944e+00
 4.38598022e+00
 6.77721558e+00
 9.19210205e+00
 1.31679016e+01
 2.17069946e+01
 2.46373840e+01
 2.36260010e+01
 1.74410034e+01
 1.12318359e+01
 8.48922119e+00
 4.30932007e+00
 1.95284424e+00
 5.59288940e+00
 6.39318237e+00
 1.01299988e+01
 1.73036133e+01
 1.96156250e+01
 2.42951599e+01
 2.24881836e+01
 1.65755249e+01
 1.15401245e+01
 6.10057983e+00
 1.13445435e+00
 6.29351196e+00
 2.24849854e+00
 8.83284912e+00
 1.08811584e+01
 1.25290466e+01
 1.86503540e+01
 2.32159058e+01
 2.39059082e+01
 1.74632507e+01
 1.08534485e+01
 5.82406006e+00
 3.81994019e+00
 2.65664063e+00
 5.76931152e+00
 5.08773193e+00
 1.15981995e+01
 1.48274475e+01
 2.09886414e+01
 2.58921753e+01
 2.23663574e+01
 1.56589905e+01
 8.06029663e+00
 6.29125366e+00
 1.61678467e+00
 6.60485840e-01
 2.97252808e+00
 7.81133423e+00
 1.04287964e+01
 1.43096863e+01
 1.71499878e+01
 2.16599060e+01
 1.88074280e+01
 1.60751282e+01
 1.23407227e+01
 3.00447998e+00
 1.20483398e-02
 -3.95340576e+00
 4.87191162e+00
 6.31389771e+00
 1.06350647e+01
 1.57142578e+01
 2.11117493e+01
 2.68824402e+01
 2.36888367e+01
 1.77213684e+01
 1.22314087e+01
 1.06079041e+01
 -2.95953979e+00
 9.89526367e-01
 -4.35593262e+00
 3.46227417e+00
 9.35183105e+00
 1.36314636e+01
 1.76341187e+01
 2.51166931e+01
 2.24637390e+01
 1.59673401e+01
 1.39089600e+01
 6.81203613e+00
 -1.33286133e+00
 -3.56528320e+00
 -1.06357422e+00
 2.61751709e+00
 9.89205322e+00
 1.48739563e+01
 1.75837952e+01
 2.03153015e+01
 2.31549011e+01
 1.55076233e+01
 1.22666870e+01
 3.85112915e+00
 4.76989136e+00
 2.93386230e+00
 3.46587524e+00
 3.99468384e+00
 1.08933655e+01
 1.61545044e+01
 2.10247437e+01
 2.22795654e+01
 2.29850098e+01
 1.79383789e+01
 1.08431335e+01
 9.92772827e+00
 4.30373535e+00
 2.26793823e+00
 1.58593140e+00
 7.06179199e+00
 7.19835815e+00
 1.37897583e+01
 1.93958374e+01
 2.44231506e+01
 2.24605652e+01
 1.72578064e+01
 1.00819641e+01
 6.00093994e+00
 1.74462280e+00
 2.89382324e+00
 3.02950439e+00
 4.68697510e+00
 9.07662354e+00
 1.39114624e+01
 1.74908081e+01
 2.44740845e+01
 1.95250488e+01
 1.55415894e+01
 8.41973267e+00
 5.77315674e+00
 2.41970215e+00
 3.02016602e+00
 2.44790039e+00
 4.50524292e+00
 1.13373352e+01
 1.39852539e+01
 1.73633972e+01
 2.45562988e+01
 2.32324463e+01
 1.59990173e+01
 1.24016968e+01
 7.47811279e+00
 4.69762573e+00
 -2.39813232e-01
 6.10732422e+00
 5.43676147e+00
 1.21224915e+01
 1.61289612e+01
 2.22011658e+01
 2.56561829e+01
 2.15826050e+01
 1.87933289e+01
 1.47877441e+01
 5.01955566e+00
 1.36443481e+00
 1.36071777e-01
 6.37865601e+00
 4.11092529e+00
 9.97246704e+00
 1.28271118e+01
 1.64630066e+01
 2.20878540e+01
 2.14964844e+01
 1.57044617e+01
 1.13353210e+01
 5.05849609e+00
 1.45256958e+00
 2.44631348e+00
 2.99498901e+00
 3.72667847e+00
 8.84807739e+00
 1.29114624e+01
 1.49469238e+01
 1.91091553e+01
 1.95046326e+01
 1.67244507e+01
 8.99508057e+00
 6.80480347e+00
 4.07891235e+00
 3.37346802e+00
 4.72786865e+00
 7.23964844e+00
 1.04317566e+01
 1.59900452e+01
 2.38166138e+01
 2.69463440e+01
 2.77250000e+01
 1.66908813e+01
 1.18148743e+01
 7.45861206e+00
 2.79946289e+00
 1.45140991e+00
 2.76595459e+00
 6.11306152e+00
 1.02305847e+01
 1.40093323e+01
 1.76868835e+01
 2.35967346e+01
 2.28536621e+01
 1.92500854e+01
 1.03539063e+01
 5.70891724e+00
 2.63100586e+00
 4.11684570e+00
 2.76879272e+00
 6.21074829e+00
 9.64922485e+00
 1.21292358e+01
 1.65699097e+01
 2.34341370e+01
 2.64405762e+01
 1.86929871e+01
 1.39009338e+01
 6.94124756e+00
 4.80371094e-01
 3.80336914e+00
 2.13411865e+00
 9.90279541e+00
 1.17900940e+01
 1.44384399e+01
 1.87466980e+01
 2.24488464e+01
 2.58330627e+01
 1.61056763e+01
 8.50826416e+00
 5.96196899e+00
 3.36544189e+00
 8.58056641e-01
 1.87041626e+00
 7.95189819e+00
 9.78359375e+00
 1.32822510e+01
 1.77530457e+01
 2.14373108e+01
 2.39697205e+01
 1.87990967e+01
 1.03397461e+01
 8.35915527e+00
 3.69121704e+00
 -9.82611084e-01
 3.09975586e+00
 5.39895020e+00
 1.03120667e+01
 1.76213623e+01
 2.08326660e+01
 3.01844727e+01
 2.38884216e+01
 1.59851013e+01
 9.54442749e+00
 9.64858398e+00
 2.40160522e+00
 1.90554199e+00
 1.91732178e+00
 4.91259155e+00
 1.09606873e+01
 1.46218201e+01
 1.98835083e+01
 2.66638123e+01
 2.19921509e+01
 1.97085205e+01
 1.03551575e+01
 5.90093384e+00
 -3.50519409e+00
 -2.30749512e-01
 3.69741211e+00
 4.95748291e+00
 8.80077515e+00
 1.56025024e+01
 2.04959045e+01
 2.17614075e+01
 2.44644104e+01
 1.59092041e+01
 1.02167297e+01
 8.58486328e+00
 2.62865601e+00
 5.97985840e-01
 6.03295898e-01
 5.85585938e+00
 1.12962280e+01
 1.20393921e+01
 1.98865906e+01
 2.35047546e+01
 2.38042542e+01
 2.06363770e+01
 1.27979675e+01
 6.76299438e+00
 3.07402954e+00
 1.60836182e+00
 6.37227783e+00
 8.63643799e+00
 1.22893921e+01
 1.39146973e+01
 1.79142090e+01
 2.00560242e+01
 2.40842834e+01
 1.83233582e+01
 1.38137146e+01
 8.26336060e+00
 4.80938110e+00
 5.00014648e+00
 4.36785278e+00
 7.07958374e+00
 1.31000916e+01
 1.70276733e+01
 1.99962402e+01
 2.52731567e+01
 2.45505920e+01
 1.92067810e+01
 1.03403564e+01
 8.90032349e+00
 1.68939209e-01
 -1.06091919e+00
 1.15831909e+00
 4.08410034e+00
 9.66039429e+00
 1.36111694e+01
 1.70895935e+01
 2.29388977e+01
 2.04994751e+01
 1.65208679e+01
 1.01801086e+01
 7.19826660e+00
 -1.97867432e+00
 1.63024292e+00
 2.46718750e+00
 6.83474121e+00
 1.03637024e+01
 1.56724182e+01
 1.82922607e+01
 2.42847839e+01
 2.18932739e+01
 1.74943481e+01
 1.04115845e+01
 3.46965942e+00
 4.21642456e+00
 4.97307739e+00
 5.07583008e+00
 5.43636475e+00
 1.15476013e+01
 1.45828186e+01
 1.90353027e+01
 2.27371765e+01
 1.92004028e+01
 1.63352905e+01
 1.27112976e+01
 4.29818115e+00
 6.94329834e-01
 4.07384644e+00
 5.63543091e+00
 5.86092529e+00
 9.83675537e+00
 1.48158813e+01
 1.69736267e+01
 2.48800903e+01
 2.45181824e+01
 1.51694885e+01
 1.01132141e+01
 4.57598267e+00
 -4.30517578e-01
 -6.06320801e+00
 3.37111816e+00
 9.05144653e+00
 1.31534363e+01
 1.47311951e+01
 1.98041321e+01
 2.37988220e+01
 2.27701050e+01
 1.76669861e+01
 1.37999817e+01
 5.15419922e+00
 4.70443115e+00
 2.27568970e+00
 4.07070313e+00
 6.33254395e+00
 9.11431274e+00
 1.46298157e+01
 1.94801575e+01
 2.51768433e+01
 2.32576843e+01
 1.78608337e+01
 9.63698730e+00
 6.95858154e+00
 2.09954224e+00
 1.89693604e+00
 2.53087769e+00
 6.69396362e+00
 8.85570679e+00
 1.29839417e+01
 2.02575317e+01
 2.39070679e+01
 2.68560425e+01
 1.76491333e+01
 1.10965210e+01
 5.17473755e+00
 -9.31402588e-01
 -1.89835205e+00
 1.31926880e+00
 4.01491699e+00
 1.13277222e+01
 1.56840759e+01
 1.71479126e+01
 2.31210266e+01
 2.14077087e+01
 1.80826660e+01
 1.22964722e+01
 5.08852539e+00
 4.25405273e+00
 6.02504883e+00
 2.61779175e+00
 6.40450439e+00
 1.01064087e+01
 1.60819946e+01
 1.92138916e+01
 2.26512085e+01
 2.35333496e+01
 1.94492432e+01
 1.13813721e+01
 8.29482422e+00
 3.44912109e+00
 3.46022949e+00
 3.25206909e+00
 5.87023315e+00
 1.33838440e+01
 1.67430664e+01
 2.12654358e+01
 2.67914063e+01
 2.44296814e+01
 2.04533325e+01
 1.14238525e+01
 8.24025879e+00
 3.89459229e-01
 2.82906494e+00
 7.13811646e+00
 7.95446167e+00
 8.38579712e+00
 1.59908386e+01
 1.93892456e+01
 2.78340698e+01
 2.26141296e+01
 2.12584778e+01
 1.32689453e+01
 7.48461304e+00
 1.09365234e+00
 3.23992310e+00
 3.75838623e+00
 5.78734741e+00
 1.09139343e+01
 1.74812256e+01
 1.83544861e+01
 2.29420105e+01
 2.23908325e+01
 1.86880127e+01
 9.56798706e+00
 2.65612183e+00
 2.39388428e+00
 2.00182495e+00
 2.00142822e+00
 7.16805420e+00
 1.10458618e+01
 1.48408447e+01
 1.83926941e+01
 2.18083435e+01
 2.52141052e+01
 1.59789368e+01
 9.19936523e+00
 6.80065308e+00
 3.78746948e+00
 2.10967407e+00
 4.41833496e-02
 5.66472778e+00
 1.30982910e+01
 1.37061401e+01
 2.02658630e+01
 2.61473938e+01
 2.50468689e+01
 1.74264771e+01
 1.35386597e+01
 7.86733398e+00
 5.76864014e+00
 2.13173828e+00
 6.75133667e+00
 6.31099854e+00
 1.15243469e+01
 1.36245361e+01
 1.65339600e+01
 2.03180481e+01
 2.18706299e+01
 1.45701538e+01
 1.28980347e+01
 6.57796631e+00
 5.70821533e+00
 2.36718140e+00
 6.27630005e+00
 4.43447266e+00
 1.14384399e+01
 1.65962158e+01
 2.41493774e+01
 2.98229004e+01
 2.70053650e+01
 1.85914246e+01
 1.32951599e+01
 8.59734497e+00
 3.66637573e+00
 2.79479370e+00
 7.28225098e+00
 6.27874146e+00
 1.34627625e+01
 1.42519775e+01
 1.74960571e+01
 2.21293579e+01
 1.81956421e+01
 1.50267273e+01
 1.42383362e+01
 4.98504028e+00
 3.68557129e+00
 -3.99619141e+00
 -2.73898926e+00
 5.19796143e+00
 1.10953918e+01
 1.70979858e+01
 2.03314453e+01
 2.42998291e+01
 2.43245178e+01
 1.90129333e+01
 1.41273132e+01
 6.19606934e+00
 3.86150513e+00
 7.14990234e-01
 1.55617676e+00
 8.37426147e+00
 8.93694458e+00
 1.55743958e+01
 1.82115417e+01
 2.53110901e+01
 2.58986145e+01
 1.77859436e+01
 1.06422974e+01
 7.59777222e+00
 6.12459717e+00
 2.52053223e+00
 3.35509644e+00
 7.02279053e+00
 1.03392273e+01
 1.54425598e+01
 2.12729736e+01
 2.44254089e+01
 2.33861938e+01
 1.96895386e+01
 1.33083435e+01
 7.96926270e+00
 6.43773804e+00
 5.00789795e+00
 5.46343384e+00
 3.10900269e+00
 1.17963501e+01
 1.45237061e+01
 2.10577332e+01
 2.67144409e+01
 2.36234680e+01
 1.81034180e+01
 1.30710083e+01
 7.52318726e+00
 8.95898438e-01
 4.38134155e+00
 3.73113403e+00
 4.61867676e+00
 1.17941833e+01
 1.32359558e+01
 1.81208435e+01
 2.28195435e+01
 2.54602905e+01
 1.78497864e+01
 1.16024109e+01
 5.40441284e+00
 5.64211426e+00
 5.23793945e+00
 7.07897339e+00
 5.71740112e+00
 1.10651794e+01
 1.62952515e+01
 2.04568726e+01
 2.48315369e+01
 2.64808289e+01
 2.05688721e+01
 1.27647949e+01
 8.35308228e+00
 4.14061890e+00
 4.46221313e+00
 3.81008301e+00
 6.26552734e+00
 1.17243591e+01
 1.31868530e+01
 1.88257080e+01
 2.31671082e+01
 1.95051819e+01
 1.67060486e+01
 1.19525391e+01
 6.52495728e+00
 5.66040039e-02
 1.69519043e-01
 4.21608887e+00
 5.26744995e+00
 1.20476624e+01
 1.40836426e+01
 2.05015503e+01
 2.49253479e+01
 2.29211060e+01
 1.64673401e+01
 1.24783875e+01
 4.57555542e+00
 1.74279175e+00
 4.75927124e+00
 8.42864380e+00
 6.40776978e+00
 8.78231201e+00
 1.49520203e+01
 2.13031555e+01
 2.39916321e+01
 2.17184082e+01
 1.95876709e+01
 1.20161682e+01
 8.35329590e+00
 1.69317017e+00
 -1.54471436e+00
 -3.89562988e-01
 5.67406616e+00
 1.15775391e+01
 1.59809509e+01
 1.77161499e+01
 2.32350098e+01
 2.33211304e+01
 1.81889587e+01
 1.26699463e+01
 5.52007446e+00
 2.00377808e+00
 5.06377563e+00
 5.24215088e+00
 7.70556030e+00
 1.01215759e+01
 1.49609924e+01
 1.67244812e+01
 2.36235901e+01
 2.57951599e+01
 1.81574646e+01
 1.27719055e+01
 8.87136230e+00
 4.61696777e+00
 5.16091309e+00
 5.84432373e+00
 6.65960083e+00
 1.09331604e+01
 1.42745300e+01
 2.24731995e+01
 2.47191101e+01
 2.45290771e+01
 1.94963623e+01
 1.19237915e+01
 9.76259766e+00
 2.76271973e+00
 2.05568848e+00
 2.45833740e+00
 5.69667969e+00
 1.35221191e+01
 1.44895264e+01
 1.90298096e+01
 2.32831970e+01
 2.38757874e+01
 1.89959351e+01
 1.42717224e+01
 8.21795044e+00
 7.32674561e+00
 2.38512573e+00
 8.17312012e+00
 7.54546509e+00
 1.12989441e+01
 1.56485229e+01
 1.90764404e+01
 2.23106323e+01
 2.50618530e+01
 1.85070435e+01
 1.16175476e+01
 6.45940552e+00
 1.00277100e+00
 5.55318604e+00
 6.30254517e+00
 6.15023193e+00
 9.29967651e+00
 1.47526489e+01
 2.12120911e+01
 2.87971436e+01
 2.63446899e+01
 1.74730774e+01
 1.23923889e+01
 7.92211304e+00
 5.94857178e+00
 2.90044556e+00
 4.97158203e+00
 6.11544189e+00
 8.45986328e+00
 1.39116150e+01
 1.99492432e+01
 2.14172913e+01
 2.38767639e+01
 2.06046387e+01
 1.16954285e+01
 6.76473389e+00
 7.71468506e+00
 4.68056641e+00
 3.66008911e+00
 7.32647095e+00
 1.29604431e+01
 1.49919373e+01
 1.73053528e+01
 2.25813538e+01
 2.67739197e+01
 1.80181519e+01
 1.13866211e+01
 7.65850220e+00
 3.01751099e+00
 1.42409668e+00
 1.17571411e+00
 6.00484619e+00
 9.84618530e+00
 1.31938416e+01
 1.75230042e+01
 2.17574402e+01
 2.64893738e+01
 1.72583252e+01
 1.19609924e+01
 1.18364197e+01
 5.03365479e+00
 7.14818726e+00
 4.64821777e+00
 9.39589844e+00
 1.36317993e+01
 1.42286011e+01
 2.29585815e+01
 2.82714172e+01
 2.42164551e+01
 2.07145020e+01
 1.38528992e+01
 7.80962524e+00
 3.76198730e+00
 4.20855103e+00
 7.92031250e+00
 6.10442505e+00
 1.14222351e+01
 1.52709595e+01
 1.95587708e+01
 2.71638733e+01
 2.66272217e+01
 2.17103516e+01
 1.28270813e+01
 6.17968140e+00
 7.08856201e-01
 5.48015747e+00
 4.85064087e+00
 7.77907715e+00
 1.15351501e+01
 1.59040771e+01
 2.08066040e+01
 2.60510193e+01
 2.50617310e+01
 2.11303650e+01
 1.22455078e+01
 1.00961548e+01
 2.06865845e+00
 8.20611572e-01
 4.79888306e+00
 9.60552368e+00
 1.28615662e+01
 1.49533325e+01
 2.00156189e+01
 2.58363281e+01
 2.41240173e+01
 1.88520142e+01
 1.20018860e+01
 9.35070190e+00
 5.00039063e+00
 3.89733276e+00
 1.89055786e+00
 9.68422852e+00
 9.54671631e+00
 1.27098022e+01
 1.91467529e+01
 2.57662292e+01
 2.48470703e+01
 1.84652649e+01
 1.17019592e+01
 8.33828125e+00
 5.45516357e+00
 4.18956909e+00
 2.19753418e+00
 7.15712891e+00
 1.41200500e+01
 1.61467224e+01
 1.88102966e+01
 2.47874084e+01
 2.61065613e+01
 2.03904663e+01
 1.43111206e+01
 7.23104248e+00
 6.10009155e+00
 6.43764648e+00
 5.01390991e+00
 7.61855469e+00
 1.14760986e+01
 1.50068604e+01
 1.97452332e+01
 2.27866150e+01
 2.45025879e+01
 1.82203308e+01
 1.26305176e+01
 1.15060364e+01
 4.04686890e+00
