 -8.43115234e-01
 4.32512817e+00
 5.33599243e+00
 1.05433594e+01
 1.73737122e+01
 2.06733643e+01
 1.83326660e+01
 2.14605957e+01
 1.88609558e+01
 1.07939697e+01
 4.33513794e+00
 -2.67736816e-01
 2.22841797e+00
 1.48186646e+00
 5.38689575e+00
 1.51328064e+01
 1.66936584e+01
 1.65821472e+01
 2.05859009e+01
 2.17636353e+01
 1.60777527e+01
 9.71013794e+00
 3.13005981e+00
 -4.43625488e+00
 -1.93903198e+00
 3.68840942e+00
 6.59902344e+00
 1.10211731e+01
 1.40943237e+01
 2.28384338e+01
 2.48295532e+01
 2.53712097e+01
 1.56125427e+01
 8.36110840e+00
 3.11480103e+00
 1.08367310e+00
 1.19771729e+00
 2.35988770e+00
 6.94704590e+00
 9.40923462e+00
 1.55830627e+01
 1.87509399e+01
 2.18329407e+01
 2.35766846e+01
 1.83906189e+01
 1.24320923e+01
 8.46483765e+00
 2.42669067e+00
 6.84991455e-01
 3.66057739e+00
 7.09533081e+00
 1.51619812e+01
 1.36250244e+01
 1.85779663e+01
 2.07573792e+01
 2.01825195e+01
 1.59689270e+01
 8.92812500e+00
 4.68010864e+00
 -1.32507324e-02
 -1.29358521e+00
 3.47747192e+00
 1.08269897e+01
 1.25855042e+01
 1.65197693e+01
 1.92790161e+01
 2.15132996e+01
 2.11248718e+01
 1.65394531e+01
 9.15752563e+00
 9.10054932e+00
 1.14324341e+00
 1.96175537e+00
 1.75216064e+00
 6.05199585e+00
 1.02729736e+01
 1.64154602e+01
 1.78875366e+01
 2.26847778e+01
 1.88796326e+01
 1.48362366e+01
 1.14698730e+01
 5.71126709e+00
 2.52727661e+00
 -8.73480225e-01
 2.87914429e+00
 8.07610474e+00
 1.02985474e+01
 1.67421814e+01
 1.96468750e+01
 2.47018372e+01
 2.02974792e+01
 1.70010315e+01
 1.19641663e+01
 7.34288940e+00
 8.94342041e-01
 1.84203491e+00
 6.07869873e+00
 2.15926514e+00
 9.05758057e+00
 1.26343628e+01
 1.64835144e+01
 2.10393921e+01
 2.01623474e+01
 1.43949524e+01
 1.14115234e+01
 6.98250732e+00
 2.97774658e+00
 3.10466919e+00
 6.35756836e+00
 9.00066528e+00
 1.14730774e+01
 1.46267029e+01
 1.99099060e+01
 2.05428406e+01
 2.05853821e+01
 1.42821289e+01
 9.31548462e+00
 4.32952271e+00
 4.45577393e+00
 2.20482788e+00
 4.64306030e+00
 5.69045410e+00
 1.24986816e+01
 1.75472351e+01
 2.02983643e+01
 2.15041443e+01
 1.87201477e+01
 1.70562988e+01
 1.08676392e+01
 7.02019653e+00
 1.75274048e+00
 1.44088135e+00
 6.52236328e+00
 7.52727661e+00
 1.07692200e+01
 1.36473022e+01
 1.70019775e+01
 2.36649719e+01
 2.17999817e+01
 1.60423828e+01
 1.18987366e+01
 5.41152344e+00
 1.46868286e+00
 1.21606445e-01
 3.13829956e+00
 8.01220093e+00
 9.92638550e+00
 1.53522278e+01
 1.81683594e+01
 2.39341370e+01
 2.03538147e+01
 1.49644409e+01
 1.22926270e+01
 3.35506592e+00
 -3.53449097e+00
 1.52977905e+00
 5.62615967e-01
 1.05178162e+01
 1.11351563e+01
 1.89459167e+01
 1.95404602e+01
 2.68971802e+01
 2.37515808e+01
 1.57742554e+01
 1.01838318e+01
 8.52285156e+00
 8.44079590e-01
 -6.07885742e-01
 4.81005249e+00
 6.32012329e+00
 1.44530884e+01
 1.60707947e+01
 1.75753418e+01
 1.94438110e+01
 2.17813049e+01
 1.60429932e+01
 1.19518066e+01
 6.83071289e+00
 5.20815430e+00
 -1.23374023e+00
 2.24804077e+00
 4.95891724e+00
 1.08132263e+01
 1.38026062e+01
 1.82638794e+01
 2.38757568e+01
 2.01046082e+01
 1.52760864e+01
 1.35421997e+01
 4.93944702e+00
 3.42843018e+00
 -2.16416016e+00
 -4.35541382e+00
 -1.62603760e-01
 8.33431396e+00
 1.77557312e+01
 1.61201111e+01
 2.45097900e+01
 2.64523865e+01
 1.95546814e+01
 1.22875000e+01
 4.40639648e+00
 2.03557739e+00
 8.71148682e-01
 2.83709106e+00
 6.16945801e+00
 9.17568359e+00
 1.44301086e+01
 1.98226257e+01
 2.42623535e+01
 1.89200378e+01
 1.73358704e+01
 1.21363770e+01
 4.74257813e+00
 1.49801025e+00
 -4.04058838e-01
 5.98406372e+00
 4.15764771e+00
 1.11649414e+01
 1.40420776e+01
 2.00083557e+01
 2.66896912e+01
 2.54967896e+01
 1.74755493e+01
 1.16350342e+01
 3.65438232e+00
 1.23070679e+00
 1.97091064e+00
 6.05693970e+00
 8.96688232e+00
 1.25764709e+01
 1.42402588e+01
 1.92063843e+01
 2.23840576e+01
 2.13798767e+01
 1.64971558e+01
 8.91570435e+00
 6.02648315e+00
 -3.29395142e+00
 -1.51190796e+00
 4.64690552e+00
 5.31170044e+00
 1.10124146e+01
 1.34035278e+01
 1.61573730e+01
 2.24179932e+01
 2.34153381e+01
 1.49731079e+01
 1.16571594e+01
 6.46288452e+00
 -2.50217285e+00
 1.53148804e+00
 -5.75430908e+00
 8.24486694e+00
 1.27939697e+01
 1.70206543e+01
 2.09091125e+01
 2.44309021e+01
 2.43366943e+01
 1.94811951e+01
 1.17123352e+01
 9.72332153e+00
 4.03591309e+00
 4.74898682e+00
 3.20394287e+00
 8.21996460e+00
 1.10075317e+01
 1.43294312e+01
 1.97030579e+01
 2.52134644e+01
 2.37181641e+01
 1.68264099e+01
 1.06058594e+01
 5.27807007e+00
 3.68056641e+00
 4.00744019e+00
 2.25902710e+00
 2.81878052e+00
 7.34215698e+00
 1.20296875e+01
 1.62053162e+01
 2.18698364e+01
 2.00186096e+01
 1.51932007e+01
 1.13783203e+01
 5.75408325e+00
 2.90950928e+00
 4.11809692e+00
 5.14840088e+00
 4.61449585e+00
 1.48019043e+01
 1.35469299e+01
 1.70194641e+01
 2.17401978e+01
 1.98638245e+01
 1.74763123e+01
 9.68901978e+00
 8.28035889e+00
 3.13592529e-01
 -1.80225220e+00
 2.45375977e+00
 5.92192993e+00
 1.33812500e+01
 1.29357849e+01
 1.73800293e+01
 2.21444336e+01
 2.10837341e+01
 1.76473328e+01
 1.12583557e+01
 5.28267822e+00
 2.39473877e+00
 7.89117432e-01
 4.16711426e-01
 7.10946045e+00
 1.29587952e+01
 1.38097778e+01
 1.91939026e+01
 2.31885010e+01
 2.28925415e+01
 1.77151428e+01
 1.07365051e+01
 3.53368530e+00
 1.98195801e+00
 8.08099365e-01
 4.39028320e+00
 4.84172974e+00
 1.06131531e+01
 1.67545715e+01
 2.04668518e+01
 2.05060974e+01
 2.45471130e+01
 1.55190674e+01
 6.42675171e+00
 8.27239380e+00
 2.26836548e+00
 1.65758667e+00
 3.02779541e+00
 7.78554688e+00
 1.08602844e+01
 1.72731262e+01
 1.90065247e+01
 2.91020752e+01
 2.21474243e+01
 1.67924438e+01
 1.03156372e+01
 6.49193726e+00
 4.59380493e+00
 3.59575806e+00
 -3.98382568e-01
 3.64306030e+00
 1.25632568e+01
 1.53746582e+01
 2.19138123e+01
 2.05538574e+01
 1.97056213e+01
 1.78800293e+01
 1.06815430e+01
 6.56414185e+00
 5.85827026e+00
 5.17723999e+00
 6.37697754e+00
 1.05304504e+01
 1.19560181e+01
 1.71112610e+01
 1.94263245e+01
 1.93420044e+01
 1.96542297e+01
 1.83349854e+01
 9.90389404e+00
 7.37664185e+00
 3.94619141e+00
 2.62694702e+00
 2.29918823e+00
 4.42971191e+00
 7.46111450e+00
 1.50613647e+01
 2.00372559e+01
 2.58276306e+01
 2.46811768e+01
 1.89396301e+01
 1.36508423e+01
 9.38912354e+00
 1.03692017e+00
 1.38109741e+00
 2.09813843e+00
 4.99447021e+00
 1.26321045e+01
 1.56628967e+01
 1.79765869e+01
 2.40507446e+01
 2.32582031e+01
 2.18084045e+01
 9.38173828e+00
 3.75783691e+00
 -4.05866089e+00
 1.09819946e+00
 1.95403442e+00
 6.63884888e+00
 1.28591553e+01
 1.65150391e+01
 1.83174377e+01
 2.49918457e+01
 2.11797424e+01
 1.52470032e+01
 1.28214355e+01
 9.22432861e+00
 5.70794678e-01
 -2.36759033e+00
 8.34893799e-01
 6.76622925e+00
 1.35411316e+01
 1.60616089e+01
 2.14666992e+01
 2.35773560e+01
 2.16959473e+01
 1.60388428e+01
 1.36461731e+01
 4.17614136e+00
 3.99916992e+00
 5.20330200e+00
 5.26027832e+00
 9.60979614e+00
 1.01151672e+01
 1.78161560e+01
 1.61525208e+01
 2.27889343e+01
 2.24883972e+01
 1.80437256e+01
 8.83989868e+00
 3.07451782e+00
 4.31426392e+00
 2.60885010e+00
 5.00524292e+00
 7.70534668e+00
 1.51244751e+01
 1.65200439e+01
 1.70924927e+01
 2.17849365e+01
 2.27038818e+01
 1.91484009e+01
 1.19205872e+01
 6.89956055e+00
 4.24730835e+00
 2.53673706e+00
 1.29946289e+00
 6.49749146e+00
 1.22489563e+01
 1.51207214e+01
 1.93149048e+01
 2.37722717e+01
 2.54847656e+01
 1.56403442e+01
 1.05891052e+01
 5.22371826e+00
 3.39593506e-01
 1.83724365e+00
 2.27141724e+00
 5.72371826e+00
 1.19002625e+01
 1.34893433e+01
 1.88734680e+01
 2.12737976e+01
 2.02909485e+01
 1.96035706e+01
 1.39029175e+01
 7.01558838e+00
 -8.52178955e-01
 1.19744263e+00
 2.00792847e+00
 9.22728882e+00
 1.04612061e+01
 1.74504333e+01
 1.89385620e+01
 1.93888489e+01
 1.62646423e+01
 1.74839417e+01
 1.32690979e+01
 7.97045288e+00
 4.29415283e+00
 -1.85602417e+00
 3.65017090e+00
 9.71325073e+00
 1.46469971e+01
 1.73791443e+01
 2.01827637e+01
 2.27473083e+01
 2.22806030e+01
 1.44037415e+01
 1.01118713e+01
 4.86849365e+00
 3.28429565e+00
 5.46322021e+00
 4.87377319e+00
 7.09755859e+00
 1.09426514e+01
 1.62053467e+01
 2.02237488e+01
 2.13373047e+01
 2.25513245e+01
 1.86885010e+01
 1.46956116e+01
 3.22139893e+00
 1.03936157e+00
 1.62493286e+00
 1.03844604e+00
 9.03615723e+00
 1.33116089e+01
 1.72195984e+01
 2.03914734e+01
 2.27566772e+01
 2.32450806e+01
 1.54914185e+01
 7.85802612e+00
 6.13076172e+00
 5.42263184e+00
 1.11702881e+00
 5.29909668e+00
 5.85793457e+00
 9.93761597e+00
 1.32420898e+01
 1.91146790e+01
 2.60438171e+01
 2.50806519e+01
 1.89438416e+01
 1.07856384e+01
 5.84978638e+00
 2.40245972e+00
 4.22109375e+00
 3.28670654e+00
 5.04668579e+00
 1.32474915e+01
 1.65200134e+01
 1.88676086e+01
 2.17361694e+01
 2.26505981e+01
 1.70404602e+01
 1.02933899e+01
 4.56151733e+00
 4.57698975e+00
 -7.80798340e-01
 5.37862549e+00
 8.85326538e+00
 1.38529297e+01
 1.71968628e+01
 1.92799622e+01
 2.40893494e+01
 2.42221619e+01
 1.91328979e+01
 1.35075928e+01
 5.41134033e+00
 -5.00388184e+00
 -1.31006470e+00
 7.35863647e+00
 9.18874512e+00
 1.41881042e+01
 1.59743286e+01
 1.80656677e+01
 2.44643494e+01
 2.51588684e+01
 1.61079956e+01
 1.27115723e+01
 7.67391357e+00
 4.02703857e-01
 2.95226440e+00
 4.57790527e+00
 7.66216431e+00
 1.30415588e+01
 1.66951843e+01
 1.97572876e+01
 2.47703491e+01
 2.82286316e+01
 1.78987976e+01
 1.12677551e+01
 9.22622070e+00
 1.38442383e+00
 5.63057861e+00
 5.68410645e+00
 6.66732178e+00
 1.14952026e+01
 1.51841980e+01
 1.74791504e+01
 2.28014771e+01
 2.60793091e+01
 1.63296143e+01
 1.27660767e+01
 6.34481201e+00
 8.60650635e-01
 3.59468994e+00
 4.10964355e+00
 6.13860474e+00
 1.28672119e+01
 1.73547913e+01
 2.20439697e+01
 2.19373413e+01
 2.24487244e+01
 1.76915833e+01
 1.03675476e+01
 7.57946167e+00
 2.74730835e+00
 2.01912842e+00
 3.70000610e+00
 8.00896606e+00
 1.05823608e+01
 1.63705078e+01
 1.86614929e+01
 2.29865662e+01
 2.10087524e+01
 1.73090149e+01
 1.22176758e+01
 6.34050903e+00
 6.59448242e-01
 2.48009644e+00
 3.13762817e+00
 6.24862061e+00
 1.13127380e+01
 1.40736023e+01
 1.92940308e+01
 1.85461975e+01
 1.82140137e+01
 1.74954773e+01
 1.36758057e+01
 5.76284180e+00
 1.58767090e+00
 -7.98132324e-01
 1.25042114e+00
 6.77623901e+00
 1.09532104e+01
 1.57505127e+01
 2.10119263e+01
 2.49367004e+01
 2.33943115e+01
 1.58385864e+01
 1.02647034e+01
 3.66610107e+00
 4.57666016e-01
 2.59551392e+00
 7.20867310e+00
 6.68547974e+00
 1.40838562e+01
 1.75735107e+01
 2.50036865e+01
 2.70541626e+01
 2.21633850e+01
 1.70205627e+01
 8.19426880e+00
 5.77919922e+00
 3.67901001e+00
 4.04039917e+00
 4.24590454e+00
 7.74813232e+00
 1.28198792e+01
 1.78447815e+01
 1.97373596e+01
 2.16026855e+01
 2.34277283e+01
 2.02563416e+01
 1.42675110e+01
 5.17818604e+00
 5.92928467e+00
 3.62334595e+00
 6.13292847e+00
 4.36174927e+00
 9.99630127e+00
 1.73424927e+01
 1.99229675e+01
 2.06229492e+01
 2.29247070e+01
 1.41322266e+01
 1.23740479e+01
 5.11782227e+00
 -7.18750000e-02
 1.11293945e+00
 2.07958374e+00
 7.78762207e+00
 1.12914368e+01
 1.72939392e+01
 2.32342468e+01
 2.64334961e+01
 2.29143921e+01
 1.89266296e+01
 1.30852295e+01
 6.27074585e+00
 1.89452515e+00
 -1.24725952e+00
 5.07488403e+00
 1.19068542e+01
 1.26309143e+01
 1.59807678e+01
 1.98521362e+01
 2.53980042e+01
 2.14289490e+01
 2.07003418e+01
 1.14934631e+01
 3.68587646e+00
 2.41359863e+00
 2.26201782e+00
 -7.88458252e-01
 5.63671265e+00
 8.95299683e+00
 1.50266663e+01
 1.79032227e+01
 2.07275024e+01
 2.02192627e+01
 1.66417175e+01
 1.14762512e+01
 7.13497314e+00
 1.27257690e+00
 -2.43424072e+00
 -7.28674316e-01
 8.25524902e-01
 8.67928467e+00
 1.25400024e+01
 1.79145447e+01
 2.15979858e+01
 2.40104919e+01
 1.96587463e+01
 1.43094727e+01
 1.06520020e+01
 7.59423218e+00
 3.36788330e+00
 3.41390381e+00
 4.43352661e+00
 1.23256165e+01
 1.73152710e+01
 1.77408691e+01
 2.16346680e+01
 2.21428467e+01
 1.94485107e+01
 1.41634460e+01
 6.14940796e+00
 4.04064331e+00
 3.29451904e+00
 3.55919800e+00
 8.38594971e+00
 1.10610596e+01
 1.43859497e+01
 1.84260803e+01
 2.57835632e+01
 2.51644836e+01
 2.08370911e+01
 1.48428589e+01
 6.79815063e+00
 6.19274292e+00
 3.91781006e+00
 3.81426392e+00
 5.52050171e+00
 1.03611084e+01
 1.72848145e+01
 1.84529358e+01
 2.29600464e+01
 2.27218567e+01
 1.70528809e+01
 1.30084167e+01
 7.46346436e+00
 6.65236816e+00
 6.47811279e+00
 6.07787476e+00
 6.23873291e+00
 1.12074219e+01
 1.58894287e+01
 1.96676575e+01
 2.18005310e+01
 2.03542114e+01
 1.94583069e+01
 1.39377380e+01
 8.89849243e+00
 2.40709839e+00
 3.87062988e+00
 4.27788696e+00
 6.95104370e+00
 1.08739868e+01
 1.64544617e+01
 2.04696289e+01
 2.61358276e+01
 2.49593140e+01
 1.90342346e+01
 1.58740173e+01
 7.32760010e+00
 3.44201050e+00
 -1.62482300e+00
 3.17525635e+00
 8.99526367e+00
 1.32561279e+01
 1.94909912e+01
 1.96631409e+01
 2.55647522e+01
 2.33834473e+01
 1.90971008e+01
 8.25805054e+00
 9.12777100e+00
 5.29244385e+00
 5.27257690e+00
 4.46227417e+00
 1.00111938e+01
 1.19424683e+01
 1.69655090e+01
 2.12501160e+01
 2.21137634e+01
 2.28161255e+01
 1.83488708e+01
 1.54585815e+01
 6.60970459e+00
 4.39937744e+00
 1.83846436e+00
 4.15346680e+00
 9.38836060e+00
 1.25921875e+01
 1.59702698e+01
 1.76008850e+01
 1.97977234e+01
 2.29352356e+01
 1.77607361e+01
 1.19971863e+01
 7.36876831e+00
 3.93834839e+00
 2.02529297e+00
 7.12279663e+00
 8.92815552e+00
 1.22212158e+01
 1.63389832e+01
 2.02237488e+01
 2.49399963e+01
 2.41248718e+01
 2.03646484e+01
 9.15700684e+00
 5.06853638e+00
 3.14064941e+00
 2.92644653e+00
 5.05205688e+00
 6.89550171e+00
 1.18358704e+01
 1.35867859e+01
 1.99110352e+01
 2.57846619e+01
 2.43552795e+01
 1.67876526e+01
 1.04641968e+01
 8.39537964e+00
 4.95766602e+00
 3.98299561e+00
 4.73955688e+00
 9.85506592e+00
 1.47295166e+01
 1.98018433e+01
 2.06739746e+01
 2.43192993e+01
 2.38408752e+01
 1.98921753e+01
 1.55128418e+01
 6.63750610e+00
 3.19396362e+00
 1.34411011e+00
 4.04583130e+00
 7.19609985e+00
 1.35425659e+01
 1.64660583e+01
 2.13062683e+01
 2.77300964e+01
 2.29700867e+01
 2.01059814e+01
 1.10630127e+01
 6.24285278e+00
 7.05019531e+00
 5.15529785e+00
 3.94033203e+00
 6.81240234e+00
 1.39175049e+01
 1.51979919e+01
 2.03325439e+01
 2.66637512e+01
 2.33767639e+01
 1.74734131e+01
 1.58015381e+01
 6.04064331e+00
 5.11248169e+00
 3.58010254e+00
 5.06380615e+00
 7.52474365e+00
 9.43871460e+00
 1.46449829e+01
 2.04372803e+01
 2.38898865e+01
 2.68471008e+01
 1.70512634e+01
 1.39606262e+01
 6.28508911e+00
 3.69307861e+00
 4.16274414e+00
 7.06139526e+00
 9.79940186e+00
 1.14043213e+01
 1.38432251e+01
 2.09972473e+01
 2.32511536e+01
 2.36667114e+01
 2.06013428e+01
 1.23674561e+01
 9.28640137e+00
 6.04427490e+00
 5.12838135e+00
 4.74526367e+00
 7.71840820e+00
 1.05415588e+01
 1.85163208e+01
 1.86277405e+01
 2.39972778e+01
 2.39722534e+01
 1.92715393e+01
 1.15817200e+01
 1.00660645e+01
 3.42138062e+00
 2.49709473e+00
 1.42275391e+00
 8.10509644e+00
 1.37416931e+01
 1.60952698e+01
 2.02911316e+01
 2.09114624e+01
 2.42779785e+01
 1.78782593e+01
 1.30895325e+01
 6.11419067e+00
 4.47869873e-01
 -1.65805664e+00
 3.19421387e-01
 7.68831787e+00
 1.44585815e+01
 1.77116638e+01
 2.24405762e+01
 2.29349609e+01
 2.31883789e+01
 1.86745239e+01
 1.07119080e+01
 9.00771484e+00
 5.04290161e+00
 3.43776855e+00
 4.64479980e+00
 6.89901123e+00
 9.99480591e+00
 1.73494507e+01
 2.08656555e+01
 2.40599915e+01
 2.13015076e+01
 1.81822144e+01
 9.36776123e+00
 6.74132690e+00
 4.45037231e+00
 4.46584473e+00
 7.33983765e+00
 8.74382935e+00
 1.17671143e+01
 1.63845459e+01
 2.28504578e+01
 2.14214417e+01
 2.31909424e+01
 1.82280518e+01
 1.45640198e+01
 9.23897705e+00
 3.64724121e+00
 4.63067017e+00
 8.26339111e+00
 1.02856995e+01
 1.30028015e+01
 1.58757874e+01
 2.17743469e+01
 2.56319519e+01
 2.42378174e+01
 1.85261780e+01
 1.62357727e+01
 6.90880737e+00
 3.72475586e+00
 5.24334106e+00
 8.99950562e+00
 1.12256714e+01
 1.29886108e+01
 1.66901489e+01
 2.23134094e+01
 2.58843933e+01
 2.29141174e+01
 1.65114380e+01
 1.10428711e+01
 7.59484253e+00
 5.98726807e+00
 3.19726563e-01
 1.70574341e+00
 8.95070801e+00
 1.40169006e+01
 1.54684082e+01
 2.16480042e+01
 2.57872253e+01
 2.16708313e+01
 1.92607971e+01
 1.48119446e+01
 7.32384644e+00
 5.31466064e+00
 -9.52795410e-01
 1.95382080e+00
 1.11152283e+01
 1.23670898e+01
 1.66745239e+01
 2.17810608e+01
 2.31095520e+01
 2.19679810e+01
 1.96390320e+01
 1.31645142e+01
 6.96160278e+00
 1.81136475e+00
 2.56600342e+00
 1.99920044e+00
 8.72792969e+00
 1.33709961e+01
 1.79848877e+01
 2.24792114e+01
 2.89676147e+01
 2.43106018e+01
 1.72619568e+01
 8.90899048e+00
 7.32756958e+00
 6.58883057e+00
 5.59160767e+00
 7.21322021e+00
 1.10883728e+01
 1.46996704e+01
 1.92083679e+01
 2.26352478e+01
 2.50981079e+01
 2.66037537e+01
 1.90073486e+01
 1.50829102e+01
 1.00632874e+01
 3.56762085e+00
 3.81484375e+00
 4.26406250e+00
 1.01420837e+01
 1.25882813e+01
 1.77331482e+01
 2.20482117e+01
 2.57299133e+01
 2.67605530e+01
 2.05444580e+01
 1.28123718e+01
 6.50890503e+00
 3.89611206e+00
 2.24126587e+00
 2.81044922e+00
 7.55083618e+00
 1.20678955e+01
 1.56274353e+01
 1.95418030e+01
 2.01454712e+01
 2.33162781e+01
 1.87412964e+01
 1.43350769e+01
 1.19279724e+01
 7.06154785e+00
 3.26629028e+00
 4.72103271e+00
 7.19796143e+00
 1.48838745e+01
 1.74503113e+01
 2.09952026e+01
 2.22675110e+01
 2.17521301e+01
 1.79217773e+01
 1.29960266e+01
 8.93178711e+00
 3.98735962e+00
 1.98223267e+00
 6.46630249e+00
 1.00549561e+01
 1.45435425e+01
 1.69451843e+01
 2.12547546e+01
 2.14691711e+01
 2.29035278e+01
 1.85058228e+01
 1.20100647e+01
 7.72460327e+00
 1.54183350e+00
 -4.67432251e+00
 5.00054321e+00
 1.26622559e+01
 1.48258606e+01
 1.33605286e+01
 2.26598145e+01
 2.13552185e+01
 2.23192383e+01
 1.74303223e+01
 1.26299683e+01
 9.00356445e+00
 4.23323975e+00
 -2.62048950e+00
 5.07439575e+00
 7.37505493e+00
 1.24768005e+01
 1.50664917e+01
 2.02379395e+01
 2.58779541e+01
 2.66241699e+01
 2.18353516e+01
 1.29854980e+01
 8.07644043e+00
 6.01711426e+00
 5.01287231e+00
 6.89519653e+00
 8.98525391e+00
 1.66552673e+01
 1.60547729e+01
 2.14031006e+01
 2.39454285e+01
 2.54287659e+01
 2.02463928e+01
 1.17896667e+01
 6.63271484e+00
 3.27803955e+00
 3.02190552e+00
 2.65255127e+00
 6.97619019e+00
 1.29872375e+01
 1.60862671e+01
 1.88167358e+01
 2.37166077e+01
 2.29599548e+01
 1.76894470e+01
 1.28239380e+01
 7.58187256e+00
 2.24837646e+00
 4.98787842e+00
 2.66857300e+00
 6.91445313e+00
 1.19696289e+01
 2.15466248e+01
 2.30917603e+01
 2.36228882e+01
 1.91629272e+01
 1.71440369e+01
 1.28252502e+01
 5.14916382e+00
 2.94664917e+00
 -3.51562500e-03
 3.85717163e+00
 6.98327026e+00
 1.34937073e+01
 1.94958435e+01
 2.42474609e+01
 2.55367676e+01
 2.04687439e+01
 1.79911743e+01
 1.34622131e+01
 8.83669434e+00
 2.03130493e+00
 5.58977661e+00
 4.35057983e+00
 9.00975952e+00
 1.10364624e+01
 1.54659668e+01
 2.07940308e+01
 2.26420227e+01
 2.28180786e+01
 1.95309082e+01
 1.43597656e+01
 1.05839172e+01
 8.03273926e+00
 -2.18389893e-01
 1.08581543e-02
 8.36895142e+00
 1.50378967e+01
 2.03316284e+01
 2.02874084e+01
 2.56227661e+01
 2.43425537e+01
 1.83545471e+01
 1.35943542e+01
 5.81893311e+00
 2.96227417e+00
 5.80889282e+00
 5.06295166e+00
 1.13141418e+01
 1.47028137e+01
 1.90185181e+01
 2.42537781e+01
 2.71393372e+01
 2.74685303e+01
 1.90794006e+01
 1.36957031e+01
 9.56789551e+00
 4.57610474e+00
 6.24819336e+00
 6.20729980e+00
 6.79638062e+00
 1.29475952e+01
 1.60466553e+01
 2.38924500e+01
 2.82678772e+01
 2.59595276e+01
 2.12596375e+01
 1.30890137e+01
 7.78548584e+00
 4.41256104e+00
