 1.96213611e+01
 1.37187817e+01
 4.61657491e+01
 1.86175627e+02
 6.56680122e+01
 3.02231029e+01
 1.34157330e+02
 7.45820424e+01
 1.15770608e+02
 9.41625642e+01
 6.96528311e+01
 3.50876385e+01
 1.62632799e+01
 2.97872566e+00
 4.96175722e+01
 1.47777740e+01
 8.60365574e+01
 1.75216800e+02
 8.35372603e+01
 6.33035326e+01
 6.40280267e+01
 2.27865509e+01
 4.36396811e+01
 4.76361618e+01
 8.70930856e+01
 2.41709056e+01
 9.34740204e+00
 1.39387269e+01
 9.77317484e+01
 4.46844382e+01
 3.95656981e+01
 8.50837441e+01
 2.09748617e+02
 4.69350349e+01
 4.89860754e+01
 3.82998916e+01
 4.73474025e+00
 4.06005939e+01
 1.83357975e+01
 7.39853740e+01
 3.80491258e+01
 7.74613189e+01
 2.02133068e+01
 9.45557818e+01
 7.19469025e+01
 5.59919798e+01
 4.22695301e+00
 8.75199003e+01
 4.80638097e+01
 1.37346587e+01
 2.30242549e+01
 5.24491299e+01
 2.09082282e+02
 7.45350608e+01
 6.30400656e+01
 9.66940651e+01
 1.49532457e+02
 6.55216628e+01
 2.79509767e+01
 2.71409255e+01
 8.06705391e+00
 3.77395301e+01
 4.73421962e+01
 1.67552520e+02
 6.09928396e+01
 9.03507188e+01
 7.77993721e+01
 1.05350280e+02
 1.00235378e+02
 2.49891249e+01
 3.17376117e+01
 2.23951554e+01
 2.02554726e+01
 3.14229700e+01
 7.70929592e+01
 4.10305371e+01
 1.62140802e+01
 5.29664636e+01
 3.22836866e+01
 5.85343014e+01
 1.67087242e+02
 1.75242222e+02
 5.00971606e+01
 1.03556611e+02
 6.18420697e+01
 9.70976830e+01
 4.97350308e+01
 1.08568870e+02
 5.09304055e+01
 1.57331157e+02
 4.37477848e+01
 4.54647879e+01
 3.57225780e+01
 9.92976811e+01
 4.75968158e+01
 3.03741209e+01
 5.61759653e+01
 1.96171612e+01
 4.72837957e+01
 5.33972226e+00
 4.73213343e+01
 7.42549156e+01
 6.37967476e+01
 1.19998944e+02
 1.36151768e+02
 2.22742816e+01
 8.88808452e+01
 6.15264920e+01
 3.83962180e+01
 1.02182759e+02
 1.40053906e+01
 8.04180253e+01
 6.79565280e+01
 1.79066225e+02
 7.19984746e+01
 1.39528037e+02
 4.51890041e+01
 3.88022927e+01
 2.62241901e+01
 3.31602413e+01
 3.98709764e+01
 5.73660820e+01
 2.51632008e+01
 1.05191076e+01
 1.06865612e+02
 9.54432719e+01
 7.40901526e+01
 1.10068199e+02
 1.68254896e+02
 3.26355703e+01
 4.56511084e+01
 4.12837803e+01
 3.13086667e+01
 6.34029904e+01
 5.17960152e+01
 2.91671858e+01
 7.28486110e+01
 5.52001334e+01
 6.04535015e+01
 4.06732261e+01
 6.33457214e+01
 4.46012000e+01
 7.52103174e+01
 6.40233532e+01
 6.47327624e+01
 2.90529096e+01
 3.15660633e+01
 1.27016049e+02
 3.39985996e+01
 1.20237268e+02
 8.77387302e+01
 1.38648956e+02
 9.66429769e+01
 8.90255861e+01
 2.70699370e+01
 5.60244418e+01
 4.52083853e+01
 7.63175138e+01
 6.24469701e+01
 1.19875943e+02
 2.80042455e+01
 6.16439211e+01
 5.16088337e+01
 9.06658287e+00
 1.99834132e+01
 2.92487760e+01
 4.00269923e+01
 5.23889987e+01
 1.34831812e+01
 3.06205368e+01
 5.31174427e+01
 4.83677738e+01
 1.21116245e+02
 1.47070227e+02
 4.16497830e+01
 6.82699912e+01
 2.55092206e+01
 4.88541132e+01
 4.84331118e+01
 8.98004358e+01
 2.08102293e+01
 5.54426855e+01
 1.69641716e+00
 2.00618089e+01
 6.58667403e+01
 2.31333141e+01
 4.21691119e+01
 4.11763580e+01
 3.06357723e+01
 7.04229002e+01
 1.88401294e+01
 8.68045181e+01
 5.01767782e+01
 1.01271328e+01
 1.68891187e+01
 5.34149562e+01
 8.07211285e+01
 1.30337300e+02
 3.79324078e+01
 5.75266978e+01
 1.09482244e+02
 8.08590884e+01
 8.19920587e+01
 4.35056035e+01
 5.58875879e+01
 4.67494466e+01
 3.72266916e+01
 9.21143917e+01
 6.83506371e+01
 1.83430810e+02
 5.59971636e+01
 7.88706087e+01
 7.67041517e+01
 1.51889052e+02
 2.02151537e+01
 2.80450727e+01
 4.10195423e+00
 5.58980711e+01
 3.58650361e+01
 8.96179603e+01
 8.00512311e+01
 4.81833348e+01
 5.09978970e+01
 6.30868317e+01
 2.82823460e+01
 1.14610523e+02
 7.35228030e+01
 5.92620536e+01
 2.77540632e+00
 2.88231617e+01
 5.88248859e+01
 8.45749505e+01
 7.86640952e+01
 9.99125635e+01
 2.26054301e+01
 1.01431365e+02
 5.62978898e+01
 4.66947391e+01
 5.85969353e+01
 8.98709528e+01
 5.54088329e+01
 4.46826993e+01
 3.79800070e+01
 4.67179827e+01
 9.99692252e+01
 1.86248103e+02
 1.03312427e+02
 3.33163079e+01
 1.09213735e+02
 1.12609707e+02
 7.52248909e+01
 4.78921308e+01
 2.26250667e+01
 7.13542568e+01
 2.51773977e+01
 2.54312610e+01
 4.74889792e+01
 7.23666865e+01
 1.16270796e+02
 5.08787819e+01
 3.59946114e+01
 1.00589575e+02
 8.51383810e+01
 4.58234827e+01
 2.09687027e+01
 3.60660445e+01
 6.22079263e+01
 1.04334575e+02
 4.45884403e+01
 4.79951663e+01
 1.16168621e+02
 5.42248684e+01
 3.56049644e+01
 5.03464498e+01
 4.18168466e+01
 7.71400615e+01
 7.61078203e+01
 6.09689687e+01
 1.27052817e+01
 1.80093143e+01
 3.43575818e+01
 1.25534775e+02
 1.97761720e+01
 4.13589112e+01
 1.08236145e+02
 7.91581823e+01
 7.61921540e+00
 8.27821227e+00
 6.63860205e+01
 2.89122168e+01
 4.07333561e+00
 3.82539298e+01
 6.79258345e+01
 1.00110642e+02
 7.12043076e+01
 2.30590969e+02
 2.53104956e+01
 1.31736842e+02
 5.95902631e+01
 5.28024886e+01
 3.32009735e+01
 5.33017722e+01
 2.42909651e+01
 2.42749937e+01
 1.11030513e+02
 9.05530412e+01
 6.67000245e+01
 5.45643870e+01
 7.06608126e+01
 1.22193664e+02
 1.00864316e+02
 6.03887334e+01
 7.08376082e+01
 3.65025300e+01
 3.39257172e+01
 1.06437375e+02
 1.59036249e+02
 5.00788435e+01
 1.01725877e+02
 2.57902857e+01
 7.49616578e+01
 6.74301737e+01
 1.12109283e+00
 9.97814030e+00
 2.26060513e+01
 8.13797072e+01
 1.09429765e+01
 6.79146512e+01
 2.92170083e+01
 4.24210886e+01
 9.64848817e+01
 8.63525444e+01
 7.85230022e+01
 1.29178604e+02
 6.41278205e+01
 1.43407498e+01
 7.74223295e+01
 4.89596589e+01
 7.97428493e+01
 1.15289727e+01
 4.18216032e+01
 8.13580379e+01
 1.26329781e+02
 2.82524754e+01
 4.06327147e+01
 3.75902266e+01
 3.70676479e+01
 6.27198339e+00
 3.67706863e+01
 2.19788123e+01
 3.56697671e+01
 1.27073692e+02
 7.13398169e+01
 1.00791972e+02
 2.22624285e+02
 6.49756550e+01
 1.59688954e+02
 5.85637818e+01
 2.05677610e+01
 1.07366130e+02
 9.33934050e+01
 5.43937869e+01
 8.31691334e+01
 6.19275930e+01
 5.45870758e+01
 3.49221783e+01
 8.98210832e+01
 4.62900918e+01
 3.20006940e+01
 6.29868635e+01
 2.37315022e+01
 3.17578317e+01
 6.94226240e+01
 2.28890270e+01
 3.63278403e+01
 8.13246664e+01
 7.19424761e+01
 5.34982907e+01
 5.56421618e+01
 5.93786694e+01
 8.70493166e+01
 6.80399509e+01
 1.79292225e+01
 2.21215986e+01
 3.25113713e+01
 2.70404161e+01
 4.54763686e+01
 9.12901881e+00
 9.68014338e+01
 8.90651287e+01
 1.02194386e+02
 6.56122134e+01
 4.69740587e+01
 1.31513345e+02
 8.76204511e+01
 3.66353548e+01
 4.71444278e+01
 3.16733584e+01
 5.25970859e+01
 9.24435051e+01
 5.60467945e+01
 5.82149358e+01
 3.60388587e+01
 6.44135891e+01
 7.94966079e+01
 1.10932342e+02
 3.89942957e+01
 2.50089076e+01
 3.82299616e+01
 1.90911600e+00
 6.85188472e+01
 6.88592278e+01
 3.51547671e+01
 2.64621212e+01
 1.83355746e+01
 1.01418601e+02
 8.46543952e+01
 3.56925290e+01
 3.34194966e+01
 2.96785895e+01
 5.57442493e+01
 4.51341025e+01
 8.82049009e+01
 2.02181523e+01
 5.46784352e+01
 1.02789160e+02
 4.06968467e+00
 1.11857351e+01
 1.12655997e+02
 1.30115486e+02
 1.16297451e+02
 5.83265455e+01
 7.27075769e+01
 4.74233522e+01
 2.54324947e+01
 3.23124497e+01
 1.13681855e+02
 5.70851139e+01
 4.74633526e+01
 8.92108189e+01
 6.24309708e+01
 1.14813304e+01
 6.36419819e+01
 9.51941380e+01
 1.98686666e+01
 8.03639400e+01
 2.13620226e+01
 2.64823218e+01
 1.08276392e+02
 2.76240321e+01
 3.54619089e+01
 2.33419665e+01
 8.78556169e+01
 2.43284282e+01
 1.06705936e+01
 5.38889453e+01
 1.37233577e+01
 4.29353755e+01
 6.60954555e+01
 3.06413358e+01
 3.61421764e+01
 4.85085442e+01
 4.65677558e+01
 3.97108515e+01
 7.34323963e+01
 9.27903024e+01
 4.12178192e+01
 3.30918167e+01
 5.53315170e+00
 3.51997776e+01
 1.10553926e+02
 8.45923482e+01
 1.14038182e+02
 7.58697086e+01
 8.99299233e+01
 1.60911028e+01
 1.68948899e+02
 6.60700238e+01
 6.73177644e+01
 4.35267771e+01
 4.40987624e+01
 3.76195241e+01
 5.80891095e+01
 4.81823352e+01
 5.86104602e+01
 5.41941934e+01
 3.70504282e+01
 8.64623491e+01
 1.68275453e+02
 5.98167530e+01
 6.02734972e+01
 6.47981492e+01
 6.61151919e+01
 7.16706395e+01
 4.95175845e+01
 3.01243038e+01
 1.51020573e+02
 1.36727721e+02
 4.05603277e+01
 1.02906143e+02
 9.93882943e+01
 1.31133642e+02
 5.57005975e+01
 1.22031096e+02
 9.01433453e+01
 3.11535209e+01
 2.32406829e+01
 1.15113239e+02
 7.64862855e+01
 1.43345056e+02
 1.83886610e+01
 1.02571799e+02
 4.72103184e+01
 2.79230466e+01
 6.23564860e+01
 1.95096576e+01
 4.24527148e+01
 7.20672345e+01
 5.20423767e+01
 5.76476816e+01
 9.92064289e+01
 1.01267867e+02
 4.80459490e+01
 2.88567667e+01
 4.69134780e+01
 1.25681428e+02
 7.11002527e+01
 9.35580585e+01
 8.79570242e+01
 2.36257124e+01
 1.70205319e+01
 6.97147697e+01
 4.79321736e+01
 4.71203030e+01
 6.09871491e+01
 8.47608097e+01
 9.19967475e+01
 1.19196421e+02
 7.32262879e+01
 2.44887091e+01
 2.43512047e+01
 1.54984216e+01
 1.14938865e+02
 7.68175290e+01
 1.79491505e+02
 1.85527679e+02
 5.31788540e+01
 7.19722049e+01
 6.00466436e+01
 1.20882292e+02
 1.15503711e+02
 7.75370086e+00
 5.46003422e+00
 3.68808387e+01
 3.09823609e+01
 1.34303749e+01
 3.11203111e+01
 5.32940352e+01
 3.76323132e+01
 2.31953394e+01
 3.82658489e+01
 7.82595746e+01
 3.25505198e+01
 6.64863248e+01
 3.79624996e+01
 5.89790102e+00
 1.91019434e+01
 2.48956032e+01
 2.24530200e+01
 8.16593809e+01
 4.12634642e+01
 3.35412083e+01
 2.07386685e+01
 8.24769418e+01
 5.76575780e+01
 3.76839489e+01
 5.23960387e+01
 5.13208259e+01
 9.18225029e+01
 3.85542615e+01
 9.06432983e+01
 1.06551238e+02
 3.97090196e+01
 7.80085433e+00
 4.51775141e+01
 7.87301641e+01
 5.83466585e+01
 2.03366532e+01
 3.16306609e+01
 1.64028034e+01
 3.34590009e+01
 7.32440628e+01
 9.06797212e+01
 9.63327700e+01
 7.86642121e+01
 2.73316027e+01
 1.11491842e+02
 1.21749856e+02
 2.07227885e+02
 2.38343070e+01
 6.18725050e+01
 2.21418596e+01
 5.16519215e+01
 9.45827889e+01
 1.00268267e+02
 7.61248228e+01
 7.63797012e+01
 1.16304092e+02
 6.97985427e+01
 7.61567106e+01
 8.47357542e+01
 7.66717667e+01
 4.61937971e+01
 7.83062402e+01
 5.38531411e+01
 7.54136393e+01
 7.33621178e+01
 9.17640146e+01
 7.95237271e+01
 3.06763786e+01
 5.68176469e+01
 6.86757444e+01
 5.49045566e+01
 2.72241560e+01
 1.14808030e+01
 1.77809661e+01
 5.68335902e+01
 1.18838777e+02
 1.63983502e+02
 7.97683324e+01
 2.91932160e+01
 6.89956387e+01
 5.12673885e+01
 4.82440486e+01
 2.12652480e+01
 7.93687493e+01
 1.00389843e+02
 3.78093925e+01
 7.42842133e+01
 5.14659437e+01
 6.17705344e+01
 6.75664712e+01
 1.55086777e+02
 1.78711618e+02
 1.79787364e+01
 3.54892188e+01
 1.03858765e+02
 4.70175566e+01
 7.09491960e+01
 5.38822729e+01
 5.51678696e+01
 1.05665512e+02
 2.36672858e+01
 8.83716635e+01
 2.63480228e+01
 1.92312533e+02
 1.10226582e+02
 1.13085446e+02
 1.20661291e+02
 1.76302031e+01
 2.52754050e+01
 3.96239207e+01
 9.11269204e+01
 3.17717611e+01
 1.22303332e+02
 6.50062010e+01
 7.17234805e+01
 3.16892513e+01
 1.25484760e+02
 7.43202660e+01
 5.73391060e+01
 5.27713664e+01
 9.18438421e+01
 5.16254505e+01
 2.42251812e+01
 7.11735069e+01
 7.58193259e+01
 7.38317086e+01
 3.28581931e+01
 4.49985052e+01
 1.08764403e+02
 1.50027000e+02
 1.45312004e+02
 6.86736398e+01
 5.66280754e+01
 2.27428204e+01
 2.83185565e+01
 4.92350839e+01
 8.28201437e+01
 9.76850182e+01
 2.05205072e+01
 1.48199274e+01
 6.06040674e+01
 1.26923064e+01
 1.32076433e+01
 6.02574822e+01
 7.28154815e+01
 4.49603813e+00
 2.77340649e+01
 5.97567199e+01
 5.65238394e+01
 5.36347423e+01
 4.79268047e+01
 2.63506536e+01
 8.64899126e+01
 1.91173973e+01
 3.71613880e+01
 9.25471419e+01
 1.02702153e+02
 3.35218453e+01
 1.00587470e+02
 5.10435854e+01
 7.67773230e+01
 5.70041699e+01
 5.44370773e+01
 6.82553607e+01
 4.36200486e+01
 2.06758454e+01
 6.96427037e+01
 6.88153365e+01
 8.55291406e+01
 5.20475860e+01
 5.66668515e+01
 8.55742190e+01
 7.98346082e+01
 4.15715816e+01
 8.06290919e+01
 4.92568117e+01
 5.20288885e+01
 8.14563787e+01
 3.05554105e+01
 6.34582070e+00
 1.83525766e+01
 9.51740311e+01
 6.08118552e+01
 7.79500053e+01
 7.98054981e+01
 5.23546826e+01
 1.36061634e+01
 7.30982805e+01
 1.06544072e+02
 8.14088379e+01
 6.84879640e+01
 3.00718973e+01
 7.17420281e+01
 7.40194851e+01
 5.47126219e+01
 2.50647144e+01
 1.16950837e+02
 7.50213851e+01
 5.38284889e+01
 2.88112624e+01
 1.13048468e+02
 7.94232473e+01
 9.62613216e+01
 2.13886382e+01
 5.37194929e+01
 5.48329303e+01
 3.96908641e+01
 8.46159129e+01
 7.43103856e+01
 1.52057215e+02
 1.29572650e+02
 1.22065453e+02
 1.65807815e+01
 8.21647063e+01
 3.86756422e+01
 5.51147942e+01
 2.35177744e+01
 4.40775295e+01
 8.69802310e+01
 4.06653460e+01
 7.73225562e+01
 5.17843544e+01
 2.91318826e+01
 2.08559601e+01
 1.98938684e+02
 1.51704141e+02
 3.04526298e+01
 5.72398452e+01
 2.71692805e+01
 2.66407078e+01
 4.36229598e+01
 6.56807834e+01
 1.87712662e+02
 1.02341648e+02
 6.44243123e+01
 2.40778500e+01
 2.94793706e+01
 7.95704153e+01
 1.58808216e+01
 7.26940035e+01
 6.44261199e+01
 2.13218706e+01
 2.68965738e+01
 7.16275205e+01
 8.76622986e+01
 1.01880624e+02
 3.93734351e+01
 8.63996845e+00
 6.18385913e+01
 4.14035044e+01
 1.98121639e+01
 3.10562689e+01
 3.75893131e+01
 1.54227012e+01
 1.14154807e+01
 1.15514263e+02
 8.39589693e+01
 2.41887031e+01
 5.84980588e+01
 1.02723707e+02
 6.44820356e+01
 8.64297166e+01
 6.08966267e+01
 9.17105058e+01
 5.86265719e+01
 1.60200502e+01
 6.27842537e+00
 5.81615782e+01
 1.13670279e+02
 4.63655074e+01
 9.28576527e+01
 6.62606693e+01
 5.30607034e+01
 6.69939511e+01
 1.54968645e+02
 7.30461698e+01
 5.11629013e+01
 6.57394003e+01
 5.38310905e+01
 8.54153673e+01
 1.32360076e+02
 7.86657905e+01
 3.91124138e+01
 8.92675677e+01
 6.62314697e+01
 6.31038544e+01
 6.23735961e+01
 2.41401870e+01
 2.67847861e+01
 3.14079797e+01
 1.12013289e+02
 5.51166669e+01
 5.38374923e+01
 7.51851402e+01
 6.77652101e+01
 1.59367731e+01
 3.07057826e+01
 1.19700359e+02
 7.59510676e+01
 9.14784825e+01
 4.46357814e+01
 3.51624812e+01
 2.99691447e+01
 2.71612254e+01
 8.21442342e+01
 1.20218928e+02
 6.78070361e+01
 1.03193960e+02
 1.31038526e+02
 6.63366916e+01
 1.08689475e+02
 2.64721389e+01
 9.48570846e+01
 7.31174092e+01
 8.52493427e+01
 4.85979372e+01
 6.41885620e+01
 4.83999383e+01
 9.62088352e+01
 1.64609240e+01
 6.57825764e+01
 2.66037141e+01
 1.56577269e+01
 5.01750340e+01
 6.71145424e+01
 4.88315956e+01
 4.64868711e+01
 2.11349728e+01
 8.72977380e+01
 1.08320673e+02
 2.03284147e+01
 1.82863725e+01
 3.73051900e+01
 2.80711695e+01
 7.06466069e+01
 7.09224342e+01
 6.33338412e+01
 3.26762498e+01
 8.33041360e+01
 2.88167568e+01
 7.81400552e+01
 8.07107119e+01
 8.16488414e+01
 9.38622163e+01
 4.94047184e+01
 3.27078291e+01
 3.47086441e+01
 5.88319649e+01
 8.03607724e+01
 8.78096902e+01
 9.66281959e+00
 3.22781942e+01
 1.25868668e+02
 1.96131461e+02
 5.55044504e+01
 8.95685002e+01
 1.23529279e+02
 7.80105433e+01
 3.27498907e+01
 5.56283595e+01
 3.33368068e+01
 1.83404224e+01
 7.14524960e+01
 7.83318916e+01
 9.84500928e+01
 9.27832079e+01
 1.41782315e+01
 5.64815214e+01
 2.83958223e+01
 2.18079410e+00
 8.27834507e+01
 6.60351599e+01
 1.64681783e+01
 5.68179471e+01
 2.97522539e+01
 1.06634483e+02
 7.16607732e+01
 1.97515171e+01
 5.50829022e+01
 7.10662746e+01
 1.37295121e+02
 5.37289251e+01
 2.42727188e+01
 1.86157087e+01
 2.97994707e+01
 1.49699855e+01
 5.56046183e+01
 5.54584820e+01
 6.11061716e+01
 7.82796467e+01
 7.98571362e+01
 9.03966201e+01
 9.98215580e+01
 6.35683052e+01
 8.83777173e+01
 5.39398575e+01
 5.73986670e+01
 3.00539351e+01
 1.64183100e+01
 1.88786129e+01
 9.36057259e+01
 8.59092447e+01
 3.82943911e+01
 7.17058050e+01
 6.85563572e+01
 8.33207397e+01
 6.06072310e+01
 6.92451962e+01
 1.75528568e+01
 3.10756210e+01
 2.71193134e+01
 3.11457320e+01
 8.60851798e+01
 1.37530796e+02
 5.46904934e+01
 2.29909671e+01
 2.28059924e+01
 8.94502183e+01
 4.14550077e+01
 6.65031331e+01
 1.33656800e+01
 7.10040123e+01
 2.90730534e+01
 5.96061615e+01
 3.22812823e+01
 1.17926837e+02
 3.64796585e+01
 2.12874764e+01
 3.72409034e+01
 2.49002307e+01
 1.26771180e+02
 6.15825003e+01
 6.29645255e+01
 3.21702452e+01
 3.89949211e+01
 5.76631745e+01
 1.10943948e+02
 1.07847210e+02
 3.17817483e+01
 2.41682594e+01
 5.05541634e+01
 5.61763210e+01
 6.59117955e+01
 3.37051846e+01
 4.23868553e+01
 6.72885564e+01
 1.46533836e+01
 2.28505357e+01
 1.07339831e+02
 6.98757054e+01
 6.90524801e+01
 7.18377480e+01
 6.24310745e+01
 4.69442284e+01
 2.47418435e+01
 2.08587347e+01
 1.63878528e+01
 5.98263791e+01
 1.10005623e+02
 4.88455454e+01
 6.38957462e+01
 1.07040429e+02
 4.80757899e+01
 4.24476284e+01
 5.74116577e+01
 3.95280084e+01
 2.65031543e+01
 1.94043034e+01
 4.52273178e+01
 1.48677498e+01
 4.14603263e+01
 1.36377339e+01
 1.28675835e+02
 2.07258395e+01
 4.35119371e+01
 8.52775418e+01
 4.53411514e+01
 9.74127992e+01
 2.83603150e+01
 2.89334517e+01
 8.81467294e+01
 1.27740704e+01
 8.23157182e+01
 5.62498741e+01
 1.32480170e+02
 9.55541268e+01
 1.05876512e+02
 1.07441305e+02
 4.16197040e+00
 7.47038419e+01
 8.45133184e+01
 1.46269763e+01
 2.90972233e+01
 7.66789444e+01
 7.86744701e+00
 1.75317608e+01
 1.51366683e+01
 1.17364953e+02
 1.05263539e+02
 4.74148520e+01
 6.08548911e+01
 8.45213908e+01
 5.38622889e+01
 6.66874646e+01
 3.05012065e+01
 6.15456410e+01
 5.21616282e+01
 4.41330399e+01
 1.33119092e+02
 1.73183845e+02
 1.51048041e+02
 1.47420578e+02
 5.75971812e+01
 1.03983601e+02
 3.01470505e+01
 2.66316841e+01
 1.25656008e+01
 3.06956797e+01
 2.27982291e+01
 2.98642768e+01
 1.48831884e+02
 9.99985618e+01
 9.46734791e+01
 4.00748128e+01
 5.71230871e+01
 1.42260858e+02
 1.13828696e+02
 7.71087103e+01
 5.68685662e+01
 3.11403766e+01
 3.02319741e+00
 7.85449166e+01
 5.50136275e+01
 1.26163515e+02
 8.22789640e+01
 4.21123972e+01
 3.86795331e+00
 1.42397999e+01
 3.46869818e+01
 5.62337227e+01
 1.14185976e+01
 1.75883991e+00
 4.70670364e+01
 3.91320109e+01
 9.19214723e+01
 7.44512831e+01
 4.33862448e+01
 3.92334484e+01
 5.58514764e+01
 6.28702332e+01
 3.35131282e+01
 5.75885329e+01
 1.17107143e+01
 2.60128731e+01
 3.85037328e+01
 9.92110547e+01
 8.60012648e+01
 1.34785809e+02
 1.02919833e+02
 5.05059633e+01
 1.34437167e+02
 8.91756529e+01
 1.22932166e+02
 2.05958231e+01
 1.78009709e+01
 1.21330361e+02
 1.71387968e+01
 5.68969313e+01
 3.06090917e+01
 1.05672829e+02
 1.05999539e+02
 6.32576239e+01
 6.77965638e+01
 1.57582635e+02
 8.25163656e+01
 4.02182439e+01
 4.57624319e+01
 1.78541948e+01
 4.40771844e+01
 1.96055404e+01
 3.92427978e+01
 1.30502498e+02
 4.80273721e+01
 3.72907849e+01
 1.67511407e+02
 1.18693691e+02
 3.72339962e+01
 8.84272581e+01
 1.80253744e+01
 6.92887109e+01
 7.83062531e+01
 1.11254507e+02
 2.88850997e+01
 9.77646798e+01
 1.66396696e+01
 8.54479052e+01
 8.94263841e+00
 5.30164758e+01
 7.74303802e+01
 4.75520421e+01
 4.44333798e+01
 3.38907810e+01
 3.86523210e+01
 7.39922671e+01
 1.49925176e+02
 1.30340365e+02
 3.56586517e+01
 5.92007300e+01
 4.36507279e+01
 1.16352285e+02
 8.35644230e+01
 2.46605634e+01
 5.13470622e+01
 3.57816688e+01
 1.35799198e+02
 1.12629990e+02
 4.68843810e+01
 3.73239432e+01
 3.28764289e+01
 1.31737573e+02
 6.59130308e+01
 8.76675409e+01
 9.69581343e+01
 2.93283087e+01
 1.07322506e+02
 3.92779006e+01
 3.99274500e+01
 3.59921054e+01
 2.11542262e+02
 8.17868697e+01
 1.60455340e+01
 8.47683418e+01
 4.48937715e+01
 1.19363082e+02
 3.87809076e+01
 8.66570627e+01
 6.56445585e+01
 1.75468518e+01
 4.79209778e+01
 4.95824389e+01
 6.38009326e+01
 1.05120186e+02
 3.99357811e+01
 1.61365582e+02
 3.58800789e+01
 2.08127608e+02
 6.14929855e+01
 7.17128450e+01
