 3.35564478e+01
 2.55828476e+01
 4.11012369e+01
 1.10417976e+02
 2.89793214e+01
 5.39808667e+01
 6.21776615e+01
 2.04282660e+01
 1.08001979e+02
 3.74407981e+01
 1.08923302e+02
 3.71078907e+01
 1.65329197e+01
 3.11893492e+00
 7.43432422e+01
 2.75298583e+01
 7.44948047e+01
 1.37578576e+02
 4.04532123e+01
 1.46343147e+01
 5.09152621e+01
 5.02264383e+01
 3.86314785e+01
 5.18294955e+01
 7.77604888e+01
 2.26693321e+01
 1.88543931e+01
 1.71460802e+01
 7.98613602e+01
 8.40426378e+01
 5.45267412e+01
 2.43797253e+01
 1.26634733e+02
 4.64540876e+01
 4.55776420e+01
 2.11617695e+01
 3.31205858e+01
 4.58549307e+01
 2.56696359e+01
 8.56313155e+01
 9.11276621e+00
 1.10788928e+02
 2.41985802e+01
 4.87712798e+01
 6.69821163e+01
 2.77517307e+01
 6.43072348e+00
 4.90372120e+01
 4.57297360e+01
 3.05421023e+01
 1.86550987e+01
 1.58840359e+01
 4.35301388e+01
 2.10000205e+01
 4.86424159e+01
 6.82930796e+01
 1.20524986e+02
 6.11912413e+01
 6.87489953e+01
 3.08207476e+01
 1.70660654e+01
 2.93208516e+01
 7.67443007e+01
 4.99535000e+01
 4.48973044e+01
 4.57111186e+01
 1.01135139e+02
 2.69728519e+01
 8.49771058e+01
 1.36170560e+01
 6.65229588e+01
 1.61475252e+01
 2.36257619e+01
 3.83632393e+01
 8.16959437e+01
 2.45647925e+01
 4.49257227e+01
 5.33706133e+01
 5.22182406e+01
 4.44464026e+01
 6.66058218e+01
 1.10177867e+02
 5.16935469e+01
 1.13445476e+02
 4.14650765e+01
 4.03897968e+01
 4.96884156e+01
 6.64405249e+01
 8.35527824e+01
 3.94973930e+01
 4.50145097e+01
 2.78381012e+01
 2.21349037e+01
 1.08626424e+02
 5.29537477e+01
 4.05877399e+01
 5.07274436e+01
 3.70504560e+01
 5.62413327e+01
 3.26751502e+00
 5.73428438e+01
 5.13440420e+01
 1.67212632e+01
 1.01736965e+02
 1.45721420e+02
 2.27735135e+01
 7.50631160e+01
 6.17099026e+01
 3.61076145e+01
 5.47812156e+01
 1.39581811e+01
 1.31195577e+02
 8.98489997e+01
 4.09597582e+01
 1.25748778e+02
 1.76984267e+02
 9.43236812e+01
 7.11033747e+01
 3.06792217e+01
 4.14304562e+01
 3.99775242e+01
 1.93694549e+01
 1.63611823e+01
 7.18486786e+00
 1.36066095e+02
 1.44672608e+02
 6.84641105e+01
 2.91091183e+01
 8.92876777e+01
 2.00068981e+01
 4.70308252e+01
 9.61289250e+01
 4.01866029e+01
 9.21758126e+01
 2.26014229e+01
 5.74586598e+01
 1.21650984e+02
 9.14508750e+01
 1.62014510e+02
 6.08686625e+01
 3.73119063e+01
 3.10336873e+01
 9.51594963e+01
 4.10479277e+01
 4.21945777e+01
 2.08771364e+01
 3.59144721e+01
 7.92608857e+01
 2.06118349e+01
 7.14144720e+01
 8.47863973e+01
 1.04034825e+02
 8.97156796e+01
 9.05697313e+01
 3.17884280e+01
 5.50588980e+01
 4.68293081e+01
 2.52132320e+01
 7.71470674e+01
 8.14948714e+01
 4.31552983e+01
 9.58605901e+01
 2.11609340e+01
 3.64707793e+01
 4.75304406e+01
 8.59996083e+01
 7.83559702e+01
 2.72216835e+01
 5.99766100e+00
 3.73783196e+01
 2.85275499e+01
 4.90395603e+01
 9.29072592e+01
 1.11352557e+02
 7.80659523e+01
 3.78545292e+01
 2.89451649e+01
 3.73728400e+00
 9.25692871e+01
 9.32844577e+01
 5.22828723e+01
 4.72873152e+01
 3.90767028e+00
 1.60239564e+01
 8.04054728e+01
 7.14936479e+01
 2.74272178e+01
 3.14119016e+01
 8.48917770e+01
 5.42303932e+01
 3.00773961e+01
 6.78063199e+01
 4.73168131e+01
 1.96261735e+01
 1.65064806e+01
 2.96227624e+01
 5.02131670e+01
 7.14023832e+01
 1.73599714e+01
 1.46577245e+01
 5.16709818e+01
 1.12880404e+02
 1.09099797e+02
 1.96232381e+01
 5.29327459e+01
 4.76940577e+01
 5.14624453e+01
 4.01951982e+01
 9.92112424e+01
 1.03785364e+02
 5.58957874e+01
 5.30019719e+01
 7.26337104e+01
 2.17046374e+02
 3.64303056e+01
 2.16718514e+01
 1.99007936e+01
 2.49201060e+01
 6.61547767e+01
 5.47820231e+01
 7.88449870e+01
 1.19976836e+01
 4.16574613e+01
 5.32194961e+01
 4.45065857e+01
 1.73489829e+02
 2.42465068e+01
 8.76797111e+01
 7.59622199e+00
 1.36525795e+01
 3.05959008e+01
 5.85636204e+01
 6.04152418e+01
 6.46950040e+01
 5.37868042e+01
 7.87937532e+01
 8.49036678e+01
 2.71506622e+01
 5.34478232e+01
 1.09224070e+02
 6.01665174e+01
 8.63313513e+01
 1.98983929e+01
 1.60033409e+01
 7.19982164e+01
 4.38019793e+01
 1.07307647e+02
 3.98716780e+01
 4.45621640e+01
 5.46508062e+01
 5.54152660e+01
 4.99016769e+01
 5.65503284e+01
 6.30958928e+01
 1.22249714e+01
 4.24855826e+01
 6.64801130e+01
 9.98863868e+01
 7.48606369e+01
 9.61927808e+00
 2.90137302e+01
 7.86526071e+01
 6.59349452e+01
 2.32526631e+01
 3.01966151e+01
 3.64614998e+01
 6.98879080e+01
 6.96617374e+01
 1.01435779e+02
 4.54926998e+01
 4.99700795e+01
 5.87758591e+01
 1.11160070e+02
 8.51238600e+01
 6.68747269e+01
 6.16197807e+01
 7.09973020e+01
 5.30311327e+01
 4.84711122e+01
 4.09146091e+01
 9.48878463e+01
 1.14801731e+02
 3.29115461e+01
 3.59124868e+01
 5.21152876e+01
 5.84188793e+01
 1.37670049e+01
 6.43208217e+00
 2.34964351e+01
 1.19743292e+01
 2.08967825e+01
 2.76943466e+01
 8.79604639e+01
 1.24508792e+02
 6.62393836e+01
 1.16992717e+02
 5.20953369e+00
 7.40709667e+01
 1.45759563e+02
 7.07732201e+01
 4.88662493e+01
 5.43434628e+01
 3.61320402e+01
 6.13880666e+01
 9.21169946e+01
 7.97730755e+01
 6.88573719e+01
 8.20024985e+01
 1.18938288e+02
 5.30383753e+01
 5.45897339e+01
 4.62888738e+01
 5.50055206e+01
 5.08978565e+00
 7.21834004e+01
 6.72995133e+01
 1.75136344e+02
 5.67205169e+01
 2.38206119e+01
 2.38297176e+01
 6.33652832e+01
 3.86542527e+01
 1.48970872e+01
 5.41214813e+00
 3.57709217e+01
 3.84790472e+01
 1.19573132e+01
 5.18315686e+01
 3.80168490e+01
 8.83085886e+01
 9.44298118e+01
 1.39144234e+01
 5.84506297e+01
 1.19084044e+02
 6.50667346e+01
 2.80298015e+01
 8.66407806e+01
 3.39351490e+01
 5.54174417e+01
 8.69060898e+01
 6.90170121e+01
 4.11888136e+01
 1.97226679e+01
 1.93329934e+01
 5.06354233e+01
 4.64333865e+01
 5.24432270e+01
 5.04398164e+01
 4.49095818e+01
 4.04206091e+01
 7.72878677e+01
 8.43921381e+01
 6.58720021e+01
 1.23097693e+02
 1.51122962e+02
 1.57808938e+02
 8.15736844e+01
 9.29985017e+01
 1.09389258e+01
 8.66444833e+01
 6.75649571e+01
 4.29439653e+01
 1.25924725e+02
 5.77119682e+01
 8.30234612e+01
 4.09091210e+01
 6.19849503e+01
 5.40999751e+01
 2.20314535e+01
 6.99588538e+01
 3.05902648e+01
 6.70798296e+01
 8.00056537e+01
 4.04040764e+01
 6.04860902e+01
 2.35809604e+01
 4.56833207e+01
 2.94802287e+01
 3.49658097e+01
 1.02604441e+02
 7.71069860e+01
 2.57971649e+01
 1.02406362e+01
 4.29373405e+01
 3.34899209e+01
 3.93227769e+01
 4.44734080e+01
 2.44893460e+01
 1.39635542e+02
 7.87731611e+01
 9.17049030e+01
 2.89603353e+01
 5.74840821e+01
 1.08642823e+02
 5.62479693e+01
 2.42804514e+01
 6.33184311e+01
 2.29720622e+01
 3.45938753e+01
 7.51218768e+01
 1.41050969e+02
 1.08598772e+02
 4.79452597e+01
 7.00453461e+01
 2.28435865e+02
 8.07564260e+01
 1.65912460e+01
 2.42399725e+01
 4.44766868e+01
 2.60120040e+01
 2.93075419e+01
 5.86732682e+01
 7.86794907e+01
 1.74343997e+01
 1.50782642e+01
 5.96826177e+01
 1.03507275e+02
 4.48725596e+01
 1.62714079e+01
 3.66662651e+01
 4.00312378e+01
 4.57858297e+01
 4.40489853e+01
 4.19646468e+01
 6.89993853e+01
 1.19884138e+02
 9.66805112e+01
 6.41435108e+01
 3.93583011e+01
 3.65612130e+01
 5.61103154e+01
 4.06920441e+01
 3.15150171e+01
 3.85862786e+01
 4.43761486e+01
 8.62005358e+01
 9.68330822e+01
 1.04624895e+02
 2.73026851e+01
 2.44275389e+01
 1.31876576e+02
 6.92609863e+01
 9.02681057e+01
 5.01771533e+01
 3.11879999e+01
 3.03295824e+01
 4.56311856e+01
 8.59722819e+01
 1.26915315e+02
 9.33492504e+01
 8.54281834e+01
 2.72935257e+01
 2.78173186e+01
 6.33694943e+01
 7.57457371e+01
 5.05354339e+01
 5.21857299e+01
 2.37810764e+01
 2.62911862e+01
 4.98842346e+01
 1.49329830e+02
 6.75363388e+01
 1.07548829e+02
 5.12744453e+01
 1.94965974e+01
 6.09128465e+01
 1.62489064e+01
 4.44219550e+01
 5.33001761e+01
 3.00752621e+01
 5.03269765e+01
 2.34869256e+01
 8.64418088e+01
 4.20182260e+01
 1.02316965e+02
 1.58440688e+02
 3.02925050e+01
 7.14987799e+01
 1.35736043e+02
 4.04842760e+01
 2.95423226e+01
 4.37607639e+01
 8.63278337e+01
 1.08268286e+01
 3.16782893e+01
 4.31812544e+01
 4.53701789e+01
 4.09289588e+01
 1.22358985e+02
 1.32115512e+01
 5.24464000e+01
 2.45471315e+01
 3.76232367e+01
 1.39868084e+01
 9.58889020e+01
 6.78666261e+01
 1.09969142e+02
 7.31465461e+01
 1.24427000e+02
 3.32335597e+01
 6.05538546e+01
 6.84747411e+01
 4.36354754e+01
 5.45988563e+01
 1.51863443e+01
 4.82084189e+01
 2.42238000e+01
 1.79295679e+01
 7.07123398e+01
 5.08771616e+01
 1.82617778e+02
 8.29931867e+01
 7.47118948e+01
 1.55963480e+02
 6.09780988e+01
 5.38770674e+01
 2.15884333e+01
 4.53531902e+01
 7.49975786e+01
 7.28630782e+00
 6.63572514e+01
 8.55477217e+01
 1.22372378e+01
 2.26969333e+01
 6.58752981e+01
 1.03001546e+02
 1.19644861e+02
 9.20392183e+01
 6.67062704e+01
 5.14876840e+01
 2.05327237e+01
 2.56195003e+01
 1.21713024e+02
 1.04228340e+02
 7.02900608e+01
 4.86012915e+01
 5.40363601e+01
 4.90216704e+01
 8.55002058e+01
 3.83182151e+01
 3.15937044e+01
 7.27903817e+01
 3.25727023e+01
 2.51545883e+01
 8.84099041e+01
 4.59958938e+01
 3.46777904e+01
 7.57243125e+01
 7.28535012e+01
 6.59172287e+01
 6.55391502e+01
 1.23495491e+01
 5.12485507e+01
 2.92620983e+01
 8.52875488e+01
 1.09904305e+02
 1.01847871e+02
 7.01215220e+01
 3.34388967e+01
 3.00633494e+01
 1.26379435e+02
 1.23456650e+01
 8.55577737e+01
 4.32080521e+01
 4.54035703e+00
 4.03062098e+00
 7.67458988e+01
 4.35284443e+01
 8.42629906e+01
 1.25262070e+02
 6.79432128e+01
 9.15213547e+00
 1.51433458e+01
 2.73621184e+01
 9.18729835e+01
 8.90998254e+01
 3.14986082e+01
 7.33534784e+01
 5.94960792e+01
 9.71913576e+01
 1.01212321e+02
 7.43495845e+01
 1.44196788e+02
 8.64588315e+01
 4.58720119e+01
 2.61289200e+01
 9.70533360e+01
 4.51998301e+01
 6.26469064e+01
 5.37307681e+01
 7.51474261e+01
 4.20253359e+01
 6.72131757e+01
 8.49568227e+01
 1.03072862e+02
 1.43980706e+02
 9.19355680e+01
 4.12452137e+01
 6.71144189e+01
 6.58674760e+01
 2.80961213e+01
 1.82282240e+01
 1.16235253e+01
 7.63920589e+01
 1.18487002e+02
 6.89737367e+01
 3.04290281e+01
 3.05362482e+01
 8.96500022e+01
 7.66887894e+01
 8.45605043e+01
 3.99200275e+01
 3.19445675e+01
 3.46592291e+01
 5.38411852e+01
 8.61020432e+01
 9.75859982e+01
 1.17432469e+02
 1.21405251e+02
 1.12779320e+02
 5.00785229e+01
 5.09447437e+01
 2.62597328e+01
 3.77458133e+01
 9.40173682e+00
 4.94547766e+01
 9.61421086e+01
 4.07401843e+01
 4.84987996e+01
 3.96953329e+01
 1.25945891e+01
 3.68028730e+01
 7.07742135e+01
 6.08436303e+01
 5.54040258e+01
 4.38941586e+01
 1.01069019e+01
 3.80878208e+01
 7.95822481e+00
 1.08571482e+02
 1.17085694e+02
 6.18228391e+01
 1.00859402e+01
 8.69163593e+01
 4.06773216e+01
 6.86545513e+01
 5.52213265e+01
 2.46478865e+01
 2.16195190e+01
 3.21665466e+01
 5.09109662e+01
 2.01176347e+01
 9.04262612e+01
 6.59362560e+01
 1.03568138e+02
 5.14648179e+01
 1.48165050e+01
 3.96052537e+01
 1.18914063e+02
 3.95263252e+01
 4.91270562e+01
 5.74342722e+01
 4.07381720e+01
 6.11658383e+01
 1.14667837e+02
 1.21761758e+02
 1.09422243e+02
 3.38534341e+01
 8.55380752e+01
 1.56949043e+02
 5.83300269e+00
 8.68763311e+01
 3.27330903e+01
 5.79730165e+01
 1.08270489e+01
 1.59471025e+01
 3.27400792e+01
 4.02358117e+01
 3.68983273e+00
 1.13351798e+02
 8.81655409e+01
 4.82745521e+01
 1.61645017e+01
 9.72317662e+01
 6.68677230e+01
 7.62259306e+01
 1.24355352e+02
 3.67334355e+01
 8.38178475e+01
 6.15315198e+01
 6.23838292e+01
 9.29156877e+01
 5.29304330e+01
 7.53406878e+01
 2.00474428e+01
 6.94378539e+01
 6.31027339e+01
 7.69728449e+01
 6.13699358e+01
 3.65839191e+01
 1.55463381e+02
 8.92884792e+01
 1.87603335e+02
 4.92609870e+01
 1.63628827e+02
 9.98454087e+01
 1.21666453e+02
 3.69201684e+01
 3.97356352e+01
 1.34602523e+01
 6.58334939e+01
 5.84066169e+01
 1.49353166e+02
 6.61840104e+01
 7.00809310e+01
 8.03810934e+01
 1.55481155e+02
 8.57851730e+01
 1.69650841e+01
 1.09877354e+02
 7.75134745e+01
 1.86460305e+01
 2.88528496e+01
 6.80397307e+01
 1.24749915e+02
 1.43039583e+02
 5.60241203e+01
 8.94598063e+01
 2.79498404e+01
 1.67835843e+01
 7.65945463e+01
 2.84614858e+01
 5.54632188e+01
 1.02491949e+01
 8.47374047e+01
 1.37260609e+02
 1.53530832e+02
 1.07220809e+02
 4.10793374e+01
 1.86833342e+01
 1.21308690e+01
 9.31020118e+01
 7.12127955e+01
 4.63444729e+01
 4.10489021e+01
 4.44962062e+01
 1.08255618e+01
 6.77940461e+01
 5.47778918e+01
 7.30400478e+01
 8.80672285e+01
 3.49128902e+01
 1.58701048e+02
 8.83284056e+01
 6.19466786e+01
 1.14161628e+02
 4.92317356e+01
 9.50109684e+00
 2.76848506e+01
 8.29280543e+01
 1.06183242e+02
 1.08668626e+02
 5.76218281e+01
 7.71030540e+01
 2.62243504e+01
 4.93484244e+01
 1.01884839e+02
 2.68711664e+01
 4.17056988e+01
 1.40981762e+01
 3.31691156e+01
 4.88177422e+01
 6.31092379e+01
 2.48402658e+02
 6.21548704e+01
 4.29083279e+01
 4.48490184e+01
 1.96746070e+01
 6.81782946e+01
 6.35952376e+01
 3.62966157e+01
 5.04056233e+01
 5.12235672e+01
 2.67425092e+01
 6.24438861e+01
 6.56987186e+01
 2.41889190e+01
 8.17447707e+01
 4.29362581e+01
 6.29573003e+01
 6.21628672e+01
 7.60409767e+01
 3.44855809e+01
 1.37553047e+01
 4.72274951e+01
 1.03421163e+02
 3.07066945e+01
 3.59908631e+01
 8.60395294e+01
 1.66899305e+02
 1.07829822e+02
 3.19730540e+01
 6.64042066e+01
 8.42218809e+01
 2.86801257e+01
 2.09692102e+01
 4.01122978e+01
 9.22465859e+01
 7.95812408e+01
 1.04585620e+02
 5.51283919e+01
 8.04536324e+01
 2.43013496e+01
 3.96714956e+01
 4.97205454e+01
 5.71643734e+01
 3.57188426e+01
 4.80328829e+01
 5.82611684e+01
 6.30629029e+01
 9.41996887e+01
 1.33746505e+01
 3.48018139e+01
 3.03560629e+01
 6.79470091e+01
 3.84382169e+01
 7.02319054e+01
 3.52321122e+01
 3.01447529e+01
 6.25211084e+01
 3.61812935e+01
 6.94670295e+01
 1.30830196e+02
 6.12989046e+01
 4.16453447e+01
 4.60696152e+01
 5.62038103e+01
 1.03400484e+02
 8.69265238e+01
 4.50508157e+01
 2.45499012e+01
 4.43360940e+01
 1.92557932e+01
 1.29876356e+01
 6.02880685e+01
 4.44528792e+01
 1.36714546e+02
 1.29842075e+01
 8.64960701e+01
 9.31579421e+01
 4.62583820e+01
 7.59304948e+01
 5.97078009e+01
 2.58636412e+01
 4.32114723e+01
 3.43295418e+01
 7.39080818e+01
 2.29033987e+02
 1.38898031e+02
 7.22290363e+01
 1.10894503e+02
 9.68391332e+01
 6.41919138e+01
 2.45318627e+01
 1.25941750e+01
 8.47289183e+01
 4.27861629e+01
 3.39909140e+01
 2.13542367e+02
 4.07775917e+01
 3.77212293e+01
 4.77210463e+01
 6.46632497e+01
 8.49192563e+01
 8.52004752e+01
 5.19638696e+01
 2.34142497e+01
 5.25482967e+00
 1.83617031e+01
 2.75437317e+01
 7.59758139e+01
 3.04157811e+01
 2.22577290e+01
 7.22665542e+00
 1.22742592e+02
 3.16044179e+01
 8.64213497e+01
 3.88459457e+01
 3.23670316e+01
 2.07808358e+01
 4.03627250e+01
 1.05289383e+02
 5.36979977e+01
 1.40576912e+01
 6.79808976e+01
 4.25312852e+01
 3.35324944e+01
 9.30917417e+01
 8.64702989e+01
 1.02723951e+02
 2.96780390e+01
 5.16122358e+01
 4.27844041e+01
 1.30699670e+01
 8.76342555e+01
 1.11591834e+02
 1.07443565e+02
 4.44459641e+01
 3.66240588e+01
 3.11604343e+01
 8.09355334e+01
 4.62487823e+01
 7.68414042e+01
 4.17184175e+01
 4.15303075e+01
 9.08687079e+01
 7.67673598e+01
 7.86082697e+01
 1.01227551e+02
 2.72240196e+01
 1.04923795e+02
 8.07079644e+01
 6.97700086e+01
 9.38159909e+01
 5.65907414e+01
 5.08722874e+01
 1.85188430e+02
 3.56298398e+01
 1.84286353e+02
 1.15179511e+02
 7.71111707e+01
 4.55646587e+01
 8.98570771e+01
 1.18759326e+02
 6.54880368e+01
 1.37945873e+01
 2.52539926e+01
 4.79693265e+01
 7.11524941e+01
 7.90028153e+01
 5.89286103e+01
 4.85299684e+01
 5.14409501e+01
 6.02465836e+01
 2.53297722e+01
 4.51199686e+01
 6.44405734e+01
 1.19569859e+02
 3.52373642e+01
 3.04484465e+01
 4.70347644e+01
 1.55896644e+02
 7.48258461e+01
 4.69735731e+01
 9.50700194e+01
 1.82812131e+02
 3.93080034e+01
 5.08515719e+01
 1.21338905e+02
 3.38743446e+01
 6.06330486e+01
 3.24319913e+01
 3.72817498e+01
 4.34903580e+01
 9.65634668e+01
 1.93091962e+01
 1.42904685e+01
 4.41080776e+01
 2.24580952e+01
 7.29617774e+01
 4.74034563e+01
 3.74999780e+01
 3.52234839e+01
 2.54791762e+01
 2.51517784e+01
 6.78663055e+01
 7.82762173e+01
 1.99126343e+01
 3.43432095e+01
 1.23507881e+02
 1.40667840e+02
 5.90102550e+01
 7.19151105e+01
 5.17919081e+01
 6.13200905e+01
 5.03283857e+01
 9.78678131e+01
 4.74079920e+01
 1.23800054e+02
 9.65279918e+01
 5.71854203e+01
 4.22593458e+01
 6.49324801e+01
 5.57389827e+01
 1.82070457e+01
 8.72628546e+01
 9.14263133e+01
 9.44261861e+00
 4.12135994e+01
 5.81134776e+01
 7.73707401e+01
 3.95474667e+01
 1.69037992e+01
 2.96165765e+01
 2.65711491e+01
 7.95099442e+01
 7.67518138e+01
 5.29879308e+01
 2.36425799e+01
 7.26351101e+01
 1.05681056e+01
 3.09356938e+01
 3.45603318e+01
 9.21010016e+01
 8.68263848e+00
 7.79545350e+01
 7.06390018e+01
 7.83947770e+01
 5.87303317e+01
 1.16914090e+01
 3.33759093e+01
 4.19444095e+01
 1.14972143e+01
 3.08986825e+01
 6.66468858e+01
 5.93446540e+01
 4.88239508e+01
 3.66922157e+01
 4.79800176e+01
 3.50828444e+01
 5.85255105e+01
 1.27870762e+01
 1.83157786e+01
 6.53672853e+01
 5.38006406e+01
 3.93096583e+01
 5.82706006e+00
 6.69589996e+01
 2.09516142e+01
 4.69179830e+01
 5.80206192e+01
 1.45269394e+02
 1.29469717e+02
 8.23149582e+01
 1.96870866e+01
 2.65763042e+01
 1.66725122e+02
 7.68273452e+01
 1.48807514e+02
 6.21751399e+01
 2.70060642e+01
 1.62110949e+01
 1.48082518e+02
 9.03213870e+01
 9.94335377e+01
 4.78039966e+01
 6.46465867e+01
 6.50317912e+01
 1.00875677e+02
 2.52635855e+01
 9.61015250e+01
 5.12189248e+01
 7.00906896e+01
 1.02329807e+02
 4.74054648e+01
 1.99398377e+00
 5.33131444e+01
 5.10258135e+01
 1.92625884e+01
 8.76834135e+01
 4.72602543e+01
 9.24810068e+01
 7.54848108e+01
 1.28457596e+02
 1.09380188e+02
 3.85695460e+01
 1.43041875e+02
 5.69868871e+01
 2.63408584e+01
 6.31550930e+01
 1.26219080e+02
 1.43967963e+01
 4.94892290e+00
 1.33223402e+02
 6.93828735e+01
 8.47658536e+01
 4.16782062e+01
 6.43135284e+01
 5.01304472e+01
 7.47305696e+01
 1.26254398e+02
 8.96450878e+01
 1.14001379e+02
 1.14486625e+02
 7.88446423e+00
 1.07371098e+02
 1.35318976e+02
 8.64339571e+01
 6.90139087e+01
 7.05162425e+01
 1.15903302e+01
 3.69531469e+01
 3.91335314e+01
 5.40319915e+01
 2.16128176e+01
 7.88844658e+01
 3.82792977e+01
 3.43686678e+01
 6.50799787e+01
 2.58001910e+01
 1.21016837e+02
 3.59275272e+00
 6.30446282e+01
 2.90781982e+01
 5.97764655e+01
 4.48213600e+01
 5.49667298e+01
 7.43275729e+01
 2.62840488e+01
 7.81513989e+01
 8.04446533e+01
 1.68234981e+02
 5.98997472e+01
 7.74484190e+01
 2.57617794e+01
 5.33258271e+01
 1.03600260e+02
 1.37541818e+02
 6.85453800e+01
 8.40837479e+00
 7.96797376e+01
 5.56565045e+01
 9.20808153e+01
 8.79853782e+01
 6.88855076e+01
 1.54643485e+02
 1.02610372e+01
 1.46970280e+02
 4.29107132e+01
 1.42458134e+02
 2.00965011e+01
 1.10892553e+02
 3.77269222e+01
 1.54087737e+02
 6.47469301e+01
 9.39020442e+01
 1.07861279e+02
 7.25364095e+01
 1.35426214e+02
 1.61108222e+01
 2.81549657e+01
 6.63909753e+00
 3.68199737e+01
 2.75759282e+01
 1.08133350e+02
 2.95588860e+01
 1.35509880e+02
 2.38222201e+01
 1.00192986e+02
 4.86809630e+01
 5.12906231e+01
 6.93256180e+01
 1.34791542e+02
 5.68961611e+01
 6.75848250e+01
 4.25749658e+01
 2.88122075e+01
 3.48907281e+01
 1.56665679e+02
 1.25148801e+02
 2.74545106e+01
 7.35120481e+01
 1.40321131e+02
 1.34822677e+02
 2.93637326e+01
 4.40167815e+01
 6.50412611e+01
 5.68899524e+01
 1.27938967e+02
 5.45816055e+01
 2.52958770e+01
 1.64875836e+01
 2.78198605e+01
 8.12862783e+00
 2.24044292e+02
 6.91837557e+01
 1.51592513e+02
 3.39748609e+01
 3.67573030e+01
 3.22498656e+01
 4.25895151e+01
 2.97760130e+01
 8.22385460e+01
 2.15585098e+01
 6.86859659e+01
 1.15979101e+02
 4.50428352e+01
 5.70667291e+01
 6.63118480e+01
 6.34289958e+01
