 4.71455289e+01
 9.01370141e+00
 3.70202219e+01
 9.21603801e+01
 1.07132743e+02
 8.75912475e+01
 6.47464477e+01
 1.46681031e+01
 5.04001066e+01
 2.46319453e+01
 1.14934208e+02
 2.47070835e+01
 1.69211520e+01
 1.90377420e+00
 3.14802531e+01
 3.42962434e+01
 6.28470036e+01
 4.80293063e+01
 1.82052711e+01
 1.60606822e+01
 1.73143238e+01
 5.76333893e+01
 1.50683637e+01
 7.01990035e+01
 6.48822688e+01
 4.88494880e+01
 2.34579684e+01
 1.92417908e+01
 7.50998609e+01
 9.70160323e+01
 4.91751865e+01
 1.93657977e+01
 1.18896251e+02
 1.00975124e+02
 3.95668116e+01
 5.02955571e+01
 3.79261619e+01
 3.67165153e+01
 2.39250233e+01
 8.00338240e+01
 2.57350569e+01
 3.20800515e+01
 1.12175638e+01
 1.94963351e+01
 2.28319098e+01
 7.02333217e+01
 2.35541189e+01
 8.24390963e+01
 3.33699508e+01
 1.60151030e+01
 4.91953937e+00
 1.89596147e+01
 3.07787487e+01
 2.34730594e+01
 1.85297596e+01
 4.93341154e+01
 6.77284677e+01
 6.66355097e+01
 7.79295760e+01
 2.20080936e+01
 1.89261854e+01
 4.05613898e+01
 2.30901947e+01
 2.60235957e+01
 8.41518900e+01
 5.83754047e+01
 1.11005909e+02
 7.38472356e+01
 6.82509122e+01
 1.84662156e+01
 6.65929173e+01
 2.66397594e+01
 3.10986576e+01
 1.94461909e+01
 7.03329294e+01
 3.54752762e+01
 2.46963700e+01
 4.43647073e+01
 2.11265597e+01
 5.30625647e+01
 3.81113819e+01
 2.30508608e+01
 3.26807196e+01
 2.55866612e+01
 5.11889810e+01
 3.64998325e+01
 4.10807210e+01
 4.49776246e+01
 8.25672001e+01
 5.23433435e+01
 8.07281247e+01
 7.04866355e+01
 5.86322540e+01
 1.39807659e+02
 1.64467639e+01
 1.39530875e+01
 6.56098749e+01
 1.71976601e+01
 6.96430276e+01
 5.19377181e+01
 6.25032950e+01
 4.88351163e+01
 1.27492655e+02
 8.28343504e+01
 1.47334794e+02
 4.75972980e+01
 1.71447954e+01
 2.73367719e+01
 3.18744353e+01
 2.31207551e+01
 1.89618313e+01
 6.81877525e+01
 1.96828650e+01
 7.88328130e+01
 3.06900689e+01
 1.08856031e+02
 4.38840078e+01
 6.53123673e+01
 1.60934482e+01
 1.84455024e+01
 3.14703240e+01
 4.17879894e+01
 2.69565259e+01
 3.58682047e+01
 4.71435509e+01
 3.34426228e+01
 2.10969746e+01
 5.40360937e+01
 2.64886043e+01
 2.64142306e+01
 1.45600530e+01
 4.51654875e+01
 4.68258197e+01
 2.01394169e+01
 5.98149991e+01
 8.10895949e+01
 8.18200136e+01
 1.13923303e+02
 4.60123158e+01
 8.54182835e+01
 3.25533440e+01
 6.59599121e+01
 5.51323626e+01
 4.26535525e+01
 2.84541047e+01
 6.57657593e+01
 2.41833796e+01
 9.60513706e+01
 2.28949184e+01
 6.88220609e+01
 1.23752087e+01
 9.77220531e+01
 1.03518901e+02
 4.21773553e+01
 7.01438797e+01
 6.90365877e+01
 3.87576361e+01
 4.69553327e+01
 6.00634068e+01
 3.08630101e+01
 3.72518164e+01
 8.74611939e+01
 1.30619753e+01
 3.03914115e+01
 4.97541998e+01
 1.21493638e+02
 4.29444949e+01
 5.39242184e+01
 4.81863607e+00
 3.89400259e+01
 5.30658874e+01
 3.04100031e+01
 7.90867786e+01
 7.22613339e+01
 2.36741163e+01
 2.63075123e+01
 3.98256706e+00
 1.01377842e+01
 1.68759457e+01
 8.25425674e+01
 1.91619272e+01
 7.81626607e+01
 4.24192960e+00
 2.06468120e+01
 1.45357401e+02
 6.24996091e+01
 2.17626042e+01
 4.01494784e+01
 2.61084342e+01
 2.50740362e+01
 3.76576417e+01
 7.55279814e+01
 4.31947760e+01
 2.52948173e+01
 7.13917668e+01
 8.42727871e+01
 6.61789856e+01
 5.12178876e+01
 1.04391089e+01
 4.76040371e+00
 3.17305135e+01
 1.17792043e+02
 6.71447446e+01
 2.71786785e+01
 8.94623885e+01
 3.32456150e+01
 4.38314465e+01
 7.75716834e+01
 1.16037779e+02
 1.14155423e+02
 7.26486697e+01
 1.01408545e+02
 6.24904388e+01
 8.36414330e+01
 3.06665695e+01
 1.76825002e+01
 1.39746862e+01
 2.90842939e+01
 6.10510792e+01
 2.18213116e+01
 8.26236761e+01
 2.30521367e+01
 4.36755675e+01
 2.89608103e+01
 1.71843351e+01
 8.23400391e+01
 4.34475003e+01
 6.83816035e+01
 3.37168067e+01
 2.84962398e+01
 6.83529026e+01
 7.38436088e+01
 6.30740574e+01
 4.88764322e+01
 4.07767630e+01
 4.21596408e+01
 8.96196199e+01
 2.25922612e+01
 7.51240597e+01
 3.10529097e+01
 4.77046131e+01
 6.89452871e+01
 4.11793689e+01
 7.04693673e+01
 1.30338886e+02
 8.81134422e+01
 4.39787265e+01
 1.28094885e+01
 1.05515100e+02
 4.52206822e+01
 6.91477135e+01
 1.21597314e+02
 6.11446505e+01
 2.62149001e+01
 2.76773209e+01
 3.30060163e+01
 2.94387370e+01
 2.34922675e+01
 1.17324811e+02
 3.77731744e+01
 3.06953676e+01
 1.04437085e+02
 7.71687643e+01
 2.13110787e+01
 5.64509935e+01
 8.15002809e+01
 1.13518478e+02
 4.16227893e+01
 5.16595559e+01
 4.87597216e+01
 3.85102710e+01
 2.91008140e+01
 3.23666866e+01
 2.93944483e+01
 9.73952548e+01
 2.08884660e+01
 2.41309011e+01
 2.00958189e+01
 5.04714356e+01
 3.52225878e+01
 2.94798078e+01
 3.36283655e+01
 8.72357761e+01
 2.61853376e+01
 5.94003171e+01
 2.88512394e+01
 3.31773081e+01
 1.21732041e+01
 4.00836603e+01
 1.02915882e+01
 9.75068942e+00
 1.51414623e+01
 4.47653176e+01
 4.35055963e+01
 4.37335538e+01
 3.04563039e+01
 3.38832558e+01
 4.50320440e+01
 1.17402369e+02
 9.90517142e+01
 5.49740670e+01
 5.27974618e+01
 2.71217908e+01
 5.08405180e+01
 6.23048982e+01
 1.05241782e+02
 1.11412016e+01
 3.42485055e+01
 6.05435055e+01
 3.36347844e+01
 8.13368306e+01
 1.10925634e+01
 5.31516586e+01
 1.58772342e+01
 1.73405699e+01
 5.53757699e+01
 8.77177028e+01
 5.31653017e+01
 3.19784351e+01
 1.26803871e+01
 7.18418469e+01
 3.63813979e+01
 1.19660589e+01
 3.65645065e+01
 2.61747995e+01
 3.99664247e+01
 1.02293531e+01
 4.69254631e+01
 2.01572267e+01
 2.86142788e+01
 7.35774399e+01
 3.51517738e+00
 1.90754802e+01
 3.62137238e+01
 1.92523343e+01
 3.65193042e+01
 6.30373324e+01
 5.57895064e+01
 1.60948482e+01
 1.96109318e+01
 3.97608599e+01
 5.64784391e+01
 3.22008873e+01
 2.62721977e+01
 5.54221402e+01
 7.39075410e+01
 4.15167671e+01
 7.19459644e+01
 3.95604461e+01
 1.26254887e+01
 4.98328407e+01
 3.29902122e+01
 1.05121862e+02
 3.91210631e+01
 2.88378853e+01
 7.79983585e+01
 3.38921079e+01
 2.93682492e+01
 6.36397930e+00
 6.88992027e+01
 2.33776562e+01
 2.43135412e+01
 1.13129265e+02
 6.33676736e+01
 5.20898054e+01
 5.40891095e+01
 5.48555610e+01
 7.51806140e+01
 1.22035421e+01
 5.59595032e+01
 2.68736779e+01
 5.64877039e+01
 5.78136185e+01
 2.73845087e+01
 5.56558180e+01
 2.23912155e+01
 5.52021976e+01
 1.97154358e+01
 2.79796956e+01
 8.78578136e+00
 5.07138732e+01
 2.66533961e+01
 3.96337102e+01
 3.74037881e+01
 6.96352178e+01
 5.92822310e+01
 3.46418497e+01
 1.59920607e+01
 7.41661165e+01
 8.05973865e+01
 1.32915277e+02
 3.23559210e+01
 1.60047919e+01
 6.87669869e+01
 4.31715607e+01
 3.24606711e+01
 4.47369481e+01
 6.45361751e+00
 4.17515003e+01
 7.31305440e+01
 1.13949015e+02
 8.07415091e+01
 2.54488329e+01
 6.34904559e+01
 1.21610017e+02
 4.10223937e+01
 8.90455151e+00
 3.07946752e+01
 4.96635003e+01
 1.94241488e+01
 2.79418573e+01
 6.65249249e+01
 4.18662598e+01
 6.21430461e+01
 4.57651894e+01
 2.15765846e+01
 1.75806664e+01
 1.40895724e+01
 2.56563702e+01
 1.28313930e+01
 8.23592153e+01
 1.08318694e+01
 5.52380066e+01
 2.58065749e+01
 4.07344644e+01
 3.50636488e+01
 3.97265441e+01
 5.11444803e+01
 3.35980799e+01
 5.33273130e+01
 1.70262224e+01
 4.69022270e+01
 1.17308392e+01
 3.50035418e+01
 6.79150479e+01
 3.63361412e+01
 3.74606587e+01
 1.15838859e+02
 2.47759148e+01
 3.25819128e+01
 5.02406561e+01
 6.25995556e+01
 9.01892551e+01
 7.28511298e+01
 3.59308006e+01
 7.63871121e+01
 3.98638146e+01
 1.95384709e+01
 6.34846972e+01
 2.65339208e+01
 5.86420014e+01
 2.57249695e+01
 3.34702988e+01
 4.85378339e+01
 2.05329963e+01
 4.59931397e+01
 3.92045600e+01
 1.56486756e+01
 2.69959914e+01
 5.79152194e+01
 5.20205795e+01
 1.54487837e+01
 4.91035148e+01
 8.15916358e+00
 2.45814924e+01
 5.35937178e+01
 1.53063608e+01
 3.92662515e+01
 6.16011405e+01
 3.43748953e+01
 5.42018239e+01
 1.23076835e+02
 6.09566407e+01
 6.65977170e+01
 7.67853667e+01
 7.09587013e+01
 1.03324797e+01
 2.90340410e+01
 3.25780379e+01
 9.19392355e+01
 9.90144679e+00
 2.11878160e+01
 6.39388681e+01
 9.60693364e+00
 3.48989832e+01
 4.20371466e+01
 2.58482281e+01
 5.02568297e+01
 8.15169462e+01
 1.87382232e+01
 5.00206579e+01
 3.45143159e+01
 3.68117522e+01
 9.20534590e+00
 1.17579450e+02
 2.55059650e+01
 2.88299318e+01
 4.62845681e+01
 6.99513753e+01
 2.07958813e+01
 3.45371377e+01
 3.78334457e+01
 2.53587966e+01
 5.93657927e+01
 1.70386886e+01
 1.71944928e+01
 4.86060392e+00
 4.13133792e+01
 8.44028165e+01
 1.13758879e+02
 5.52652069e+01
 6.91432500e+01
 1.05875208e+02
 6.11832804e+01
 9.67760291e+01
 2.00726235e+01
 3.07671460e+01
 5.00667277e+01
 6.80041808e+01
 8.34419320e+01
 4.98280515e+01
 1.13467284e+01
 1.78817983e+01
 4.21967847e+01
 9.40584160e+01
 2.43502182e+01
 1.10230769e+02
 9.89813628e+01
 4.17412740e+01
 4.83936711e+01
 3.52204901e+01
 2.88456021e+01
 1.05561724e+02
 9.71033697e+01
 9.08727004e+01
 4.95404243e+01
 5.64013377e+01
 4.24296216e+01
 9.02840701e+01
 1.51406219e+01
 6.11472229e+01
 4.89386685e+01
 8.06902207e+01
 2.05256364e+01
 7.29719257e+01
 8.93238120e+01
 2.25221875e+01
 6.99139585e+01
 6.23705928e+01
 6.59791101e+00
 6.96824308e+01
 3.96144155e+01
 6.84629022e+01
 1.24858971e+01
 2.64305005e+01
 9.53765666e+01
 5.68671923e+01
 3.16544045e+01
 1.09435782e+01
 4.92079165e+01
 3.88467289e+01
 4.85101921e+00
 8.09859254e+01
 7.61788927e+01
 1.14291405e+01
 1.39681965e+01
 7.44634438e+01
 3.23656187e+01
 5.29565601e+01
 5.15952241e+01
 5.20859079e+01
 2.16936145e+01
 2.65629241e+01
 3.08355395e+00
 1.97058871e+01
 1.33474571e+02
 6.22827745e+01
 4.78474503e+01
 5.98606788e+01
 7.37544327e+01
 1.03834061e+02
 8.17041717e+01
 4.47235160e+01
 2.11924849e+01
 3.64598345e+01
 1.98426465e+01
 9.36071605e+01
 5.59281764e+01
 5.84961538e+01
 2.42017069e+01
 3.83385824e+01
 2.28965759e+01
 7.46096276e+01
 5.69304113e+01
 1.18846408e+02
 5.97532955e+01
 1.17584522e+02
 4.21474364e+01
 3.25951197e+01
 9.91779765e+01
 5.81448693e+01
 1.69102206e+01
 5.38399283e+01
 1.32654625e+02
 3.08183384e+01
 7.11319835e+01
 2.26681131e+01
 3.11853813e+01
 6.96835340e+01
 3.53096449e+01
 3.91939613e+01
 4.49384191e+01
 4.72620131e+01
 3.57442360e+01
 7.87389386e+01
 6.67543528e+01
 5.90978922e+01
 8.49591707e+01
 5.29810565e+01
 6.85094783e+01
 2.77401582e+01
 5.90542648e+00
 3.23987828e+01
 2.93156026e+01
 5.80255107e+01
 8.46287630e+01
 8.68964719e+01
 4.06100741e+01
 4.60905598e+01
 3.42662572e+01
 3.10429197e+01
 6.64196347e+00
 5.68933056e+01
 6.55650965e+01
 7.37800624e+01
 4.80909758e+01
 2.61008087e+01
 2.71678149e+01
 4.31583141e+01
 1.66793542e+01
 3.96575325e+01
 7.68739371e+01
 7.99298457e+00
 7.61346405e+01
 2.62655980e+01
 5.97714290e+01
 6.90873686e+01
 4.08908599e+01
 1.47815094e+01
 3.88254281e+01
 3.88333297e+01
 4.65290551e+01
 4.43225373e+01
 4.95824860e+01
 4.61566385e+01
 1.44208159e+01
 8.36885242e+00
 1.28857618e+01
 1.08806742e+02
 4.10233876e+01
 5.84955643e+01
 7.78792773e+01
 4.93800826e+01
 4.34657231e+01
 1.19980489e+02
 1.68967136e+02
 2.70765959e+01
 1.32298553e+01
 2.54289201e+01
 8.27928313e+01
 2.30797655e+01
 6.50182507e+01
 4.59039240e+01
 4.85230942e+01
 1.44629695e+01
 5.77775796e+01
 9.35337960e+01
 5.70190216e+01
 1.47901133e+01
 1.25492609e+02
 6.83281269e+01
 4.07168620e+01
 1.56142574e+01
 7.76071189e+01
 5.36080512e+01
 2.90334198e+01
 1.30750364e+02
 5.41014576e+01
 8.29040781e+01
 2.41123136e+01
 1.12820713e+01
 1.87340674e+01
 3.02652911e+01
 7.70584558e+01
 8.62163870e+01
 5.88075465e+01
 8.80181871e+01
 5.71879894e+01
 2.87370792e+01
 9.40681002e+01
 1.45316204e+02
 4.99071533e+01
 4.48568231e+01
 2.69688082e+01
 3.01028160e+01
 9.46853277e+01
 1.60737020e+02
 7.55949273e+01
 5.09627311e+01
 4.98099277e+01
 9.50263957e+01
 6.36274225e+01
 1.15731215e+02
 3.04826821e+01
 7.37239111e+01
 1.63522995e+01
 3.26941639e+01
 3.87585253e+01
 1.68048840e+01
 4.35085706e+01
 4.80602872e+01
 3.04810696e+01
 9.34710839e+01
 1.25492455e+02
 4.46726428e+01
 6.07135691e+01
 2.21225242e+01
 3.63394940e+01
 2.01936942e+01
 6.98168855e+00
 3.46758266e+01
 4.35799889e+01
 3.92985527e+01
 1.36304538e+01
 5.27608478e+01
 6.68386160e+01
 1.93310529e+02
 6.47177012e+01
 3.82581022e+01
 2.51963765e+01
 7.69146531e+00
 2.44245134e+01
 4.39375163e+01
 2.93594967e+01
 5.37483496e+01
 3.89736985e+01
 1.08142332e+01
 1.15013549e+02
 7.46192400e+01
 6.02980095e+01
 4.25172198e+01
 5.07808356e+01
 3.81712884e+01
 3.62414966e+01
 7.36373637e+01
 1.12043144e+02
 5.82478046e+01
 5.41117391e+00
 6.16726174e+01
 6.49649134e+01
 6.18594919e+01
 9.31703607e+01
 3.19570860e+01
 6.58074435e+01
 2.85528211e+01
 6.13924054e+01
 7.69721421e+01
 1.83266699e+01
 3.72091938e+01
 2.69902878e+01
 3.75469805e+01
 8.88464648e+01
 4.25515575e+01
 2.00752320e+01
 2.96495208e+01
 2.49973659e+01
 4.61091390e+01
 3.38427401e+01
 4.63444133e+01
 2.44761296e+01
 4.88574067e+01
 3.22666755e+01
 1.86934235e+00
 4.84234747e+01
 1.22252576e+01
 4.05121049e+01
 3.22189916e+01
 4.19051187e+01
 5.15640874e+01
 8.87009758e+01
 4.89220010e+01
 5.90804505e+01
 7.19566876e+01
 2.63319335e+01
 7.48552875e+01
 8.77890154e+01
 3.35383265e+01
 4.35326924e+01
 1.78417835e+01
 6.46436246e+01
 2.98486613e+01
 2.59879371e+01
 6.93966844e+01
 1.08166967e+02
 7.64825730e+01
 5.93232393e+01
 6.21075732e+01
 7.91246180e+01
 5.54958806e+01
 9.06948064e+01
 1.17860387e+02
 2.72134815e+01
 1.76575958e+01
 9.25306283e+00
 3.29464398e+01
 1.49973589e+01
 1.94124810e+01
 3.65440443e+01
 6.87953613e+01
 4.70576761e+01
 4.91965648e+01
 3.56893786e+01
 1.86129633e+01
 1.16651084e+02
 5.54046812e+01
 8.12343674e+01
 4.52762141e+01
 2.77932424e+01
 5.29056674e+01
 3.95621993e+01
 8.12201217e+01
 6.35376476e+01
 6.28347603e+01
 4.66949461e+01
 2.86387504e+01
 1.86309093e+01
 3.78672178e+01
 2.38783424e+01
 1.10695999e+02
 3.50185416e+01
 2.98722922e+01
 2.42657188e+01
 3.75774011e+01
 4.80025102e+00
 3.84946856e+01
 6.35359455e+01
 3.90168280e+01
 3.41535408e+01
 4.38979448e+01
 3.16370992e+01
 8.25795536e+01
 7.23563070e+01
 5.18317707e+01
 1.01004195e+01
 1.06245175e+02
 3.62624650e+01
 6.45053285e+01
 1.15275278e+02
 5.09273215e+01
 5.46635952e+01
 6.10242711e+01
 8.31939415e+01
 7.15796274e+01
 2.48290024e+01
 6.58721921e+01
 5.65377761e+01
 4.53448105e+01
 7.26762334e+01
 9.01692155e+01
 4.55201259e+01
 2.25477678e+01
 3.08142873e+01
 1.07643342e+02
 4.59299111e+01
 3.76946036e+01
 3.31506605e+01
 2.98823163e+01
 1.18631539e+01
 5.30237545e+01
 4.94075521e+01
 8.89810562e+01
 1.41097681e+02
 5.82051309e+01
 2.51188341e+01
 9.94565554e+01
 1.41350523e+01
 5.51337676e+01
 2.73463867e+01
 4.59457743e+01
 3.92302432e+01
 2.33177479e+01
 3.36601646e+01
 1.95894394e+02
 3.03672868e+01
 3.56447081e+01
 5.77889565e+01
 9.64277925e+00
 4.53427058e+01
 6.33522891e+01
 8.85994339e+01
 1.46820845e+01
 3.39617148e+01
 6.34653554e+01
 1.46468269e+01
 1.96404167e+01
 9.40721832e+01
 9.24739842e+01
 1.40638300e+01
 2.72692490e+01
 6.24901699e+01
 7.02379545e+01
 5.04309494e+01
 6.31241218e+01
 6.93564522e+01
 4.42391680e+01
 5.62512036e+01
 1.22943910e+02
 7.14692063e+01
 9.74220657e+01
 4.10715520e+01
 5.69764138e+01
 5.23156851e+01
 7.49597247e+01
 1.44542406e+02
 6.40276064e+01
 6.35957191e+01
 6.03135831e+01
 4.98131775e+01
 9.08382944e+01
 6.88555597e+01
 4.44843066e+01
 3.96372309e+01
 6.43058993e+01
 6.17576042e+01
 7.90747022e+01
 2.54212039e+01
 5.36786901e+01
 8.57904419e+01
 1.47827476e+02
 5.51824198e+01
 1.35051575e+01
 2.36455157e+01
 1.36454645e+01
 8.17748698e+01
 5.41476629e+01
 9.76039758e+01
 2.63001883e+01
 7.56710082e+01
 2.98071416e+01
 3.21038461e+01
 3.22699866e+01
 6.52251526e+01
 2.03003582e+01
 3.43758650e+01
 1.06310430e+02
 2.80722462e+01
 7.74450999e+01
 4.95362442e+01
 4.31996704e+01
 1.19483987e+01
 2.69125539e+01
 4.92182146e+01
 8.24544150e+00
 3.65987449e+01
 5.25414673e+01
 4.10510749e+01
 6.39572599e+01
 1.69474973e+01
 3.53068039e+01
 6.01349080e+01
 3.72845108e+01
 7.06787864e+01
 6.35354827e+01
 2.91955782e+01
 3.85982274e+01
 2.29481937e+01
 7.39525435e+01
 2.58259340e+01
 3.40922196e+01
 1.12389920e+01
 8.75720299e+01
 5.95444093e+01
 4.20788020e+01
 1.69643823e+01
 9.53749372e+01
 1.12570692e+02
 8.80657474e+01
 4.57403788e+01
 1.09236581e+02
 6.45954836e+01
 9.19064118e+00
 2.34403367e+01
 5.30587044e+01
 2.92303648e+01
 9.98803966e+00
 4.66240272e+01
 1.02953489e+02
 1.25734825e+01
 6.38866892e+01
 2.59890125e+01
 7.38914683e+01
 3.03549906e+01
 3.29239526e+01
 3.78564487e+01
 2.00186070e+01
 2.70706058e+01
 6.02799329e+01
 6.24442515e+01
 2.03016188e+01
 4.85225881e+01
 4.52568372e+01
 4.35377372e+01
 3.61164523e+01
 5.72183925e+01
 7.98716742e+00
 4.05993157e+01
 6.90917250e+01
 7.72858166e+01
 9.73933028e+01
 9.13913642e+00
 7.56588380e+01
 8.28889992e+01
 2.37606134e+01
 9.08916785e+01
 2.32247199e+01
 7.13158285e+01
 5.34777403e+01
 3.65644967e+01
 3.60976043e+01
 1.69735684e+01
 5.65342626e+01
 3.22526984e+01
 3.91678521e+01
 6.72741712e+01
 3.85655632e+01
 9.05840270e+01
 2.19218181e+01
 1.00569696e+02
 4.03592756e+01
 1.13984142e+01
 6.11184779e+00
 3.87497094e+01
 6.27184381e+01
 5.72278602e+01
 3.98822721e+01
 4.52787645e+01
 1.06281978e+02
 9.44611276e+01
 1.23877918e+02
 6.00644279e+01
 7.38101744e+01
 1.77481513e+01
 5.15969544e+01
 2.73049627e+01
 6.03058173e+01
 3.25740323e+01
 7.79487471e+01
 5.75854821e+01
 7.02975637e+01
 1.63104832e+01
 4.32850051e+01
 6.35629898e+01
 5.76081134e+01
 1.39749578e+01
 1.98150823e+01
 3.52973602e+01
 6.36635192e+01
 5.85619061e+01
 1.31432059e+01
 3.68876309e+01
 5.15138057e+01
 2.37440224e+01
 3.54336368e+01
 6.08944626e+01
 3.53399998e+01
 5.27051367e+01
 9.68749083e+01
 5.04799128e+01
 8.59457091e+01
 4.15160569e+01
 9.24897889e+01
 2.91563543e+01
 1.46074025e+00
 7.68968653e+01
 1.34145121e+02
 5.42638361e+01
 1.22028355e+01
 4.05769728e+01
 7.43825788e+01
 2.33787597e+01
 9.82800380e+01
 6.22497084e+01
 5.89638543e+01
 1.37870130e+02
 6.82892745e+01
 8.79749019e+01
 8.71430039e+01
 9.38738119e+01
 3.77156241e+01
 3.30196749e+01
 1.28476708e+00
 4.48866153e+01
 4.65965855e+01
 3.99859065e+01
 3.06877108e+01
 5.87845478e+01
 3.88374075e+01
 4.66364917e+01
 4.19377659e+01
 4.57007177e+01
 4.81540241e+01
 1.05828043e+01
 6.79082155e+01
 2.16894002e+01
 3.10854601e+01
 3.62631939e+01
 4.70520648e+01
 8.56423739e+01
 7.88527091e+01
 5.04754448e+01
 6.43205343e+01
 7.45092141e+01
 4.37904975e+01
 7.87525265e+01
 9.23847678e+01
 7.28964002e+01
 2.70705523e+01
 1.30682477e+02
 3.12390023e+01
 8.40098691e+00
 5.24143281e+01
 3.06749171e+01
 1.04051634e+02
 9.86912741e+01
 7.54803091e+01
 3.38891603e+01
 1.46357813e+01
 1.66387357e+02
 7.66903561e+01
 1.10847551e+02
 4.58352242e+01
 8.33496435e+01
 5.86270688e+01
 1.06982899e+02
 1.92078322e+01
 4.03662189e+01
 2.27941536e+01
 7.86185129e+01
 4.43269086e+01
 1.87232406e+01
 2.42693383e+01
 7.91649446e+00
 5.01707028e+01
 1.56891800e+01
 4.72868310e+01
 3.41908672e+01
 2.72093291e+02
 4.73224085e+01
 3.85059374e+01
 7.17798493e+00
 1.02924285e+01
 3.08965191e+01
 5.73314162e+01
 4.15140155e+01
 1.07163787e+02
 4.98064601e+01
 2.38357077e+01
 4.75114304e+01
 5.42796928e+01
 2.35682539e+01
 2.90864928e+01
 3.27733451e+01
 6.21061008e+01
 9.92960733e+01
 8.11178366e+01
 3.64965253e+01
 1.65606120e+01
 7.07580419e+01
 5.88477793e+01
 6.10817306e+01
 2.31762388e+01
 1.70899950e+01
 1.68246831e+01
 1.63386665e+01
 6.71770506e+01
 6.87353726e+01
 7.06319060e+01
 5.67254274e+01
 5.18075570e+01
 2.40348488e+01
 3.88224164e+01
 3.01640427e+01
 7.18032641e+01
 2.29914687e+01
 1.49932664e+01
 2.96837100e+01
 3.29524536e+01
 8.97415433e+01
 3.41421419e+01
 1.15437921e+02
