 5.83801324e+01
 5.12785063e+01
 5.09647237e+01
 1.76311091e+02
 4.28662778e+01
 5.80381253e+01
 1.43024426e+01
 1.30145380e+01
 8.00090617e+01
 1.45819148e+02
 9.00229068e+01
 4.40766825e+01
 3.73297096e+01
 1.76405989e+01
 1.00169317e+02
 2.07708896e+01
 1.51308994e+02
 1.60302653e+02
 8.91451835e+01
 3.01131702e+01
 7.88150523e+01
 8.11422382e+01
 7.30740133e+01
 4.15580972e+01
 1.30283365e+02
 2.32417226e+01
 5.83369423e+01
 1.78768550e+01
 8.97232733e+01
 2.98178546e+01
 1.20956666e+01
 1.02615364e+02
 9.88698903e+01
 2.73878814e+01
 1.04331604e+02
 9.57696066e+01
 2.51040866e+01
 6.98611190e+01
 1.06517811e+02
 1.20288236e+02
 1.23167953e+02
 4.82232174e+01
 6.78358490e+01
 6.80105436e+01
 9.74509368e+01
 2.19858150e+02
 3.93250404e+01
 1.32606832e+02
 1.08771541e+02
 5.95170416e+01
 6.95775238e+01
 8.90042887e+01
 1.72234027e+02
 4.05575227e+01
 4.51808732e+01
 7.99770064e+01
 7.42141182e+01
 7.53870350e+01
 8.14053181e+01
 6.86908525e+01
 7.07114908e+00
 1.42906958e+02
 6.88758270e+01
 6.07241539e+01
 1.14028701e+02
 6.51930399e+01
 7.29003563e+01
 3.19793218e+01
 1.53783584e+02
 1.86009203e+02
 1.75296688e+02
 8.47301844e+01
 7.10584892e+01
 1.00114806e+02
 1.87835884e+02
 5.25743791e+01
 6.38698078e+01
 1.07708331e+02
 4.92789110e+01
 5.65391764e+01
 2.07313903e+02
 1.27524781e+02
 4.86602011e+01
 1.89177121e+02
 9.15490385e+01
 1.19492994e+02
 4.63805109e+01
 1.72057097e+02
 7.52114342e+01
 1.81959316e+01
 1.52552219e+01
 7.45630076e+01
 5.22651152e+01
 9.26420383e+01
 1.15237013e+02
 8.88766497e+01
 1.27917238e+02
 7.43559561e+01
 5.15968194e+01
 5.53011319e+00
 1.17178768e+02
 6.01328777e+01
 9.37244037e+00
 1.27855121e+02
 1.73645897e+02
 6.48094912e+01
 9.15259350e+01
 1.32338746e+02
 6.62724448e+01
 7.25177576e+01
 1.73759054e+02
 7.60113843e+01
 1.37543153e+02
 5.66050085e+01
 1.01014519e+02
 1.63728541e+02
 1.32457810e+02
 4.45045594e+01
 4.27861335e+01
 1.03272614e+02
 5.45505019e+01
 5.21750816e+01
 3.24432416e+01
 4.17778032e+01
 2.42920711e+01
 1.52795273e+02
 5.69264209e+01
 1.52415401e+02
 1.87243289e+02
 4.71619280e+01
 1.65777371e+02
 8.43143218e+01
 9.32692084e+01
 8.70984815e+01
 3.17697705e+01
 1.30688658e+02
 1.32405541e+02
 1.27595085e+02
 9.76285208e+01
 8.96983775e+01
 1.23575529e+01
 4.57987817e+01
 1.84370172e+02
 7.10516879e+01
 7.03933030e+01
 6.07530142e+01
 8.01114536e+01
 9.95367923e+01
 1.27254006e+02
 2.22911868e+02
 6.73650451e+01
 1.89894277e+02
 9.99203901e+01
 1.19430822e+02
 4.85978005e+01
 4.67087265e+01
 3.84953262e+01
 3.80760495e+01
 6.01210375e+01
 1.55573424e+02
 3.18057379e+01
 1.21035525e+02
 6.78425772e+01
 2.02733750e+00
 4.35901472e+01
 1.24051302e+02
 1.57181084e+02
 7.70517228e+01
 4.81299614e+01
 8.52093032e+01
 5.88704145e+01
 5.25787828e+01
 9.26516848e+01
 5.47283732e+01
 4.23647512e+01
 5.68368788e+01
 6.52685478e+01
 2.91600085e+01
 9.19333332e+01
 2.24067425e+02
 3.95391019e+01
 9.50436004e+01
 3.48526652e+01
 2.22281605e+01
 7.19649749e+01
 5.61300563e+01
 7.82561131e+00
 1.32906264e+02
 5.98260890e+01
 1.37015264e+02
 6.67969559e+01
 2.19043496e+02
 9.80412166e+01
 1.34201721e+00
 3.61978485e+01
 7.17206430e+01
 5.01170477e+01
 6.44132322e+01
 5.57942563e-01
 1.67795296e+01
 3.65731198e+01
 1.54654506e+02
 1.35732083e+02
 5.90266249e+01
 5.11091292e+01
 7.41295416e+01
 6.23935488e+01
 1.22345651e+02
 7.30350812e+01
 1.18298628e+02
 2.50393964e+01
 1.50874326e+02
 1.06652475e+02
 1.12170469e+02
 1.11170176e+01
 5.79246607e+01
 7.77052113e+01
 4.22486028e+01
 3.11188227e+01
 4.93993011e+01
 2.00691483e+02
 2.06853557e+01
 1.48899673e+02
 2.03988270e+01
 7.65418440e+01
 2.12563897e+02
 6.87939653e+01
 1.38372461e+02
 5.66174204e+01
 4.67460890e+01
 1.01547504e+02
 1.25771251e+02
 1.17565730e+02
 8.26073239e+01
 1.67381144e+02
 5.94247632e+01
 1.00683427e+02
 1.44192832e+02
 1.41924396e+02
 1.29142473e+02
 1.38739380e+02
 1.63998947e+02
 2.09039540e+00
 7.00975754e+01
 9.19923109e+01
 4.40470038e+01
 7.91185536e+01
 1.55991643e+01
 5.34970884e+01
 1.57014318e+02
 1.51517189e+02
 9.36018771e+01
 5.30399538e+01
 2.23581288e+01
 2.99714346e+01
 4.57972301e+01
 4.00825812e+01
 4.26799652e+01
 1.19659708e+02
 5.27055751e+01
 7.08466520e+01
 1.37533009e+02
 1.69574555e+02
 7.55957263e+01
 6.61570958e+01
 3.17917759e+01
 1.09145339e+02
 1.93261248e+02
 1.21132469e+02
 6.57386390e+01
 3.57563666e+01
 1.95536089e+02
 6.24342287e+01
 1.00551875e+02
 2.08083889e+02
 9.32160649e+01
 9.81353238e+01
 1.06276306e+02
 1.83803104e+01
 4.57374415e+01
 1.10759796e+02
 1.64459183e+02
 4.34249430e+01
 6.35475506e+01
 9.56808046e+01
 5.82091405e+01
 3.01467346e+01
 8.07474177e+01
 6.14921007e+01
 7.19423351e+01
 1.81362942e+00
 6.92916240e+01
 6.37323497e+01
 1.67154608e+02
 5.16246677e+01
 2.78963447e+02
 8.57180776e+01
 1.77745114e+02
 8.63881008e+01
 8.34039044e+01
 5.88056074e+01
 8.80775486e+01
 8.53706258e+01
 6.21984783e+01
 1.34351206e+02
 1.22068354e+02
 3.14109272e+01
 1.16939427e+02
 1.54476050e+02
 6.17766536e+01
 7.88725259e+01
 2.22025124e+01
 6.74560683e+01
 6.99339429e+01
 1.56457343e+02
 1.87912737e+02
 1.07048136e+02
 5.89898449e+01
 2.48715177e+01
 8.13043095e+01
 8.82133587e+01
 6.23900361e+01
 3.49722167e+00
 2.40128091e+01
 4.82836188e+01
 9.52539266e+01
 4.75706854e+00
 1.75764304e+02
 8.43874344e+00
 1.72419082e+02
 8.99125595e+01
 1.86187135e+01
 2.63462144e+01
 1.10474893e+02
 1.38772888e+02
 3.05026778e+01
 7.94221706e+01
 1.09857872e+02
 9.33121306e+01
 5.62985216e+01
 5.29139985e+01
 7.40148841e+01
 1.02910205e+00
 1.29335248e+02
 7.92441481e+01
 8.17305640e+01
 1.49497831e+02
 8.59565595e+01
 8.95116150e+01
 4.71403121e+01
 1.07200600e+02
 1.29861254e+02
 1.25465570e+02
 4.50495633e+01
 2.07518552e+02
 1.13978948e+02
 1.20030335e+02
 1.51795608e+02
 1.64525761e+01
 1.48011939e+02
 1.00102893e+02
 7.08350595e+01
 1.33630767e+02
 5.54016967e+01
 1.16425073e+02
 9.74132748e+01
 1.09479216e+02
 4.68435343e+01
 1.86825671e+01
 8.42718382e+01
 6.74526083e+01
 4.84491590e+01
 1.03838962e+02
 8.76146865e+01
 1.17404701e+02
 1.52102067e+01
 6.57841164e+01
 2.40512236e+01
 1.42577873e+01
 3.35420755e+01
 4.72150474e+01
 5.84427228e+01
 7.78173774e+01
 4.20042246e+01
 5.78631616e+01
 1.03856612e+02
 5.79105709e+01
 3.47606980e+01
 1.04554149e+02
 7.64596317e+01
 2.25546383e+02
 3.20546548e+01
 1.65798774e+01
 2.14918097e+02
 4.72969485e+01
 7.01845922e+01
 9.74033086e+01
 2.70790459e+01
 1.11361613e+02
 1.42355878e+02
 1.75225384e+02
 8.97421015e+01
 2.17115336e+01
 8.90968048e+01
 9.21636899e+01
 1.67114978e+02
 1.11697276e+02
 1.68462660e+01
 7.83261697e+01
 2.30293083e+01
 1.20064374e+02
 4.50544761e+01
 1.00486922e+02
 6.65405545e+01
 6.39749744e+01
 1.34575522e+02
 1.02414228e+02
 3.59734402e+01
 1.43663375e+01
 1.22803353e+02
 6.09111657e+01
 9.88786178e+01
 1.00561989e+02
 1.43158519e+02
 1.23201014e+02
 1.73277066e+02
 1.29508603e+02
 4.62460930e+01
 1.80032159e+02
 1.10215528e+02
 3.44252386e+01
 1.59658174e+01
 7.85752108e+01
 2.43578841e+02
 6.26643043e+01
 2.72446895e+01
 1.32220055e+02
 5.09947398e+01
 6.50735233e+01
 5.56015490e+01
 5.22044826e+01
 1.56469730e+01
 1.98504675e+02
 2.16508312e+01
 7.39897069e+00
 3.43373788e+01
 6.03828188e+01
 1.57789833e+02
 4.47760262e+01
 6.89701534e+01
 1.25521968e+01
 4.97818164e+01
 2.01450962e+01
 1.64199487e+02
 7.52494315e+01
 1.18182182e+02
 1.02738839e+02
 1.85280747e+02
 1.17018499e+02
 9.06059509e+01
 1.82084101e+02
 7.33497691e+01
 7.74930999e+01
 3.52209748e+01
 1.18218495e+02
 4.44385051e+01
 9.67381974e+01
 3.33523581e+01
 1.35850451e+02
 1.93728737e+02
 9.79201674e+01
 1.53164755e+02
 1.01846380e+02
 5.79528861e+01
 2.60912742e+01
 1.50488650e+02
 8.18946222e+01
 1.30255302e+02
 7.27097086e+01
 8.48927624e+01
 1.37908454e+02
 1.55222468e+02
 9.67429311e+01
 1.72269924e+02
 4.62668720e+01
 9.70788526e+01
 2.12840051e+01
 1.09966872e+02
 7.87066067e+01
 1.64560851e+02
 1.26904458e+02
 1.76706993e+02
 1.21550699e+02
 1.31645711e+02
 1.07136621e+02
 9.96531635e+01
 1.39220293e+02
 4.08036175e+01
 3.64889896e+00
 1.18698329e+02
 6.31729138e+01
 5.07243937e+01
 5.10640477e+01
 1.57142851e+02
 1.88098036e+02
 1.72102598e+01
 5.48802765e+01
 5.62821612e+01
 4.29566786e+00
 1.17318681e+02
 8.95450855e+01
 5.70238898e+01
 1.77163700e+02
 1.04162919e+02
 1.69256909e+02
 6.07093487e+01
 1.44564252e+02
 2.93470719e+01
 1.35358420e+02
 4.84911465e+01
 6.28464189e+01
 3.92959758e+01
 9.72014454e+00
 6.80670245e+01
 4.56027390e+01
 8.13392368e+01
 1.28815139e+02
 1.27298964e+02
 5.00713388e+01
 6.64653154e+00
 1.82741146e+01
 2.25803670e+01
 6.43092897e+01
 3.27620668e+01
 4.19513295e+01
 9.80769282e+01
 1.62684034e+01
 2.05952580e+02
 1.35987909e+02
 1.99895811e+02
 6.86810354e+01
 6.65218618e+01
 6.85128741e+01
 1.38770219e+02
 1.63969646e+02
 4.01187332e+01
 9.97410898e+01
 7.54793006e+01
 1.20334233e+02
 1.25552262e+02
 1.17158896e+02
 1.20923694e+02
 1.03889280e+02
 1.18200172e+00
 2.84520195e+01
 1.12769813e+02
 1.46986163e+02
 1.81347915e+02
 1.15178128e+02
 1.16418301e+02
 5.09744755e+01
 1.37370821e+02
 6.17677370e+01
 6.86954078e+01
 6.30197397e+01
 6.94184200e+01
 1.24008438e+02
 1.09869491e+02
 8.53409262e+01
 3.48940449e+01
 3.39787950e+01
 4.61866207e+01
 2.43733803e+01
 1.02469750e+02
 3.47275552e+01
 3.68593515e+01
 9.92075494e+01
 4.99413970e+01
 1.67344565e+02
 1.00295284e+02
 9.26371468e+01
 2.97311844e+01
 1.28380681e+02
 8.22031170e+01
 4.39948438e+01
 5.06427345e+01
 5.92960300e+01
 6.17494972e+01
 1.30562773e+02
 3.78078435e+01
 2.59209157e+01
 1.10982217e+02
 1.34049962e+02
 2.40495188e+02
 5.04528685e+01
 4.53093133e+01
 1.78603418e+02
 1.14116523e+02
 3.96171282e+01
 6.34173518e+01
 6.02871769e+01
 2.14480549e+01
 2.09545228e+01
 7.45976265e+01
 1.44404481e+02
 7.89332953e+01
 2.21807785e+01
 1.59136241e+02
 8.95009196e+01
 7.74203369e+01
 5.27167196e+01
 6.02437773e+01
 1.23902151e+02
 1.43603373e+02
 1.86915567e+02
 4.95691808e+01
 1.39789838e+02
 1.09509666e+02
 2.58027433e+01
 5.42630745e+01
 1.55155597e+02
 1.18915951e+02
 1.12296016e+01
 8.27960566e+01
 1.13729435e+01
 1.23532062e+02
 8.21404828e+01
 7.49530626e+01
 1.28529140e+02
 9.46202340e+01
 8.84494841e+01
 1.26259849e+02
 1.42966758e+02
 1.34589563e+02
 1.17303066e+02
 1.68303156e+02
 2.72047461e+01
 6.49062758e+01
 7.54331385e+01
 8.01011893e+01
 6.74258425e+01
 5.29116020e+01
 4.33635853e+01
 6.00848874e+01
 2.15694859e+01
 9.32374918e+01
 8.44708567e+01
 1.46581925e+02
 6.25549819e+01
 1.34223233e+02
 6.13846638e+01
 7.72120510e+01
 1.31154514e+02
 1.00529526e+02
 2.92827569e+00
 2.76297792e+02
 7.17778620e+01
 1.38998248e+02
 9.27263566e+01
 1.03672418e+02
 4.83963516e+01
 1.16488826e+02
 5.27625578e+01
 1.49917771e+02
 1.18187609e+02
 5.35032884e+01
 3.44916125e+01
 3.08146265e+00
 1.84550193e+01
 1.19083518e+02
 1.23642123e+02
 1.87474873e+01
 5.50387962e+01
 1.09085470e+02
 1.55846796e+02
 9.54841211e+01
 1.80639500e+02
 7.96712354e+01
 4.19874406e+01
 3.91037807e+01
 4.30001251e+01
 1.64647972e+01
 1.16899119e+02
 9.59574215e+01
 3.09452169e+01
 1.46372739e+02
 8.85139599e+01
 8.34137857e+00
 1.20336669e+01
 5.49254385e+01
 5.26261119e+00
 5.51095081e+01
 1.64393741e+02
 1.46263833e+02
 1.66110369e+02
 1.85001092e+02
 1.07909327e+02
 9.66589268e+01
 4.76430020e+01
 1.11648798e+02
 5.77446653e+01
 2.39500318e+01
 1.46141179e+01
 1.09407658e+01
 5.12561813e+01
 8.07952557e+01
 1.59906910e+02
 1.54898455e+02
 6.57805404e+01
 3.04673994e+01
 6.66112010e+00
 7.61494436e+01
 1.09141987e+02
 7.98290782e+01
 5.37891866e+01
 2.63999581e+01
 1.65306568e+02
 2.76045433e+01
 2.09356834e+02
 5.62744134e+01
 1.58175581e+01
 2.41946507e+01
 9.69975310e+01
 4.72430864e+01
 1.75802994e+01
 1.31285517e+02
 8.38738655e+01
 7.67528901e+01
 1.13219767e+02
 2.32504488e+01
 7.88551188e+01
 3.77171198e+01
 1.87366966e+02
 3.60786299e+01
 1.96818029e+01
 1.37139862e+02
 1.34311548e+02
 3.76756735e+01
 5.06628021e+01
 1.35698153e+02
 1.47973520e+02
 3.47043573e+01
 1.40405338e+02
 2.00684370e+02
 3.33182689e+01
 7.42484398e+00
 5.73796321e+01
 4.08663859e+01
 3.01879625e+01
 5.14172254e+01
 3.53325603e+01
 4.80698607e+01
 7.70381166e+01
 1.49069106e+01
 1.33949702e+02
 1.94338108e+02
 2.65266126e+02
 8.72462503e+01
 2.68135357e+01
 7.44039558e+01
 1.78619323e+02
 1.61440509e+02
 2.23461019e+01
 6.34446933e+01
 1.44672797e+02
 7.33933277e+01
 1.35543518e+02
 1.11840490e+02
 2.03798969e+02
 2.48858151e+01
 1.56731967e+02
 1.70588261e+02
 1.91711937e+01
 9.98068289e+01
 3.29813178e+01
 4.78284686e+01
 1.16390767e+02
 9.43114324e+01
 1.11420479e+02
 4.84368524e+01
 1.53062975e+02
 2.88817016e+01
 3.67480145e+01
 1.29612378e+02
 1.38813327e+02
 2.96251293e+01
 6.68158559e+01
 2.20146440e+01
 1.38530536e+02
 1.02942059e+02
 4.19604647e+01
 1.85761141e+02
 1.12878806e+02
 6.17014318e+01
 1.18996183e+02
 6.39359038e+01
 4.31645112e+01
 9.79617310e+01
 7.82691822e+01
 4.67331108e+01
 1.62944273e+02
 4.47719289e+01
 8.45251809e+01
 1.07757945e+02
 1.05268596e+02
 6.59817050e+01
 8.85095751e+01
 5.91438215e+01
 1.07574583e+02
 1.13237948e+02
 8.43703594e+01
 4.23221366e+00
 9.29765627e+01
 8.28733165e+01
 8.84352004e+01
 1.45786905e+02
 1.11622995e+02
 7.68999110e+01
 9.78769529e+01
 5.30609345e+01
 3.52589495e+01
 1.22574433e+02
 2.18975751e+01
 1.27593690e+02
 1.65344268e+02
 7.32748314e+01
 3.53251846e+01
 1.95788594e+02
 1.15838428e+02
 1.13140803e+02
 6.52251637e+01
 8.04436645e+01
 1.52883375e+02
 4.37450196e+01
 1.34049482e+01
 4.12763603e+01
 1.16759909e+02
 4.43486706e+01
 1.23637767e+02
 5.64136936e+01
 1.81882479e+02
 3.53412009e+00
 6.25164201e+01
 2.21483197e+01
 4.89959707e+01
 3.72641192e+01
 3.36330464e+00
 1.69051960e+02
 1.40816590e+01
 1.02247559e+02
 8.40075407e+01
 1.35320058e+02
 4.16729201e+01
 5.63255092e+01
 1.42701772e+02
 2.19720764e+02
 2.37594149e+02
 1.49219261e+02
 2.88046974e+01
 5.70027064e+01
 1.32230430e+01
 9.58622717e+01
 4.90258590e+01
 6.28255376e+01
 1.53087910e+02
 2.55368518e+02
 5.52006872e+01
 6.77326780e+01
 7.61854967e+00
 1.12921857e+02
 7.58913386e+01
 4.81891365e+01
 1.47813754e+02
 8.75652487e+01
 5.24857829e+01
 6.64197638e+01
 8.55882377e+01
 9.35013926e+01
 1.42224064e+02
 7.73210011e+01
 1.39686103e+02
 3.30320444e+01
 2.76786242e+01
 2.62650651e+01
 1.24437014e+02
 1.03583466e+02
 2.13550686e+02
 1.40182880e+01
 1.32820429e+02
 5.98957046e+01
 5.41722461e+01
 2.70179231e+01
 1.53918564e+02
 3.28870142e+01
 5.47461947e+01
 9.51535933e+01
 4.88266549e+00
 1.10368284e+02
 5.89711176e+01
 1.09594837e+02
 1.72230850e+02
 8.95024654e+01
 1.11308713e+02
 2.30546214e+01
 4.52728465e+01
 7.05834094e+00
 3.82932706e+01
 7.50408515e+01
 4.33244340e+01
 1.39573093e+02
 1.53636454e+02
 2.22782522e+01
 6.62742816e+01
 1.03812739e+02
 1.33461611e+02
 9.46536055e+00
 1.16446373e+02
 5.57827485e+01
 3.77298016e+01
 1.34648572e+02
 1.71019318e+01
 1.80915274e+02
 3.87626071e+01
 1.14742251e+02
 1.10093163e+02
 3.81621277e+01
 8.46308447e+00
 1.09829717e+02
 7.03974685e+01
 3.13532689e+01
 1.13604147e+02
 1.36347500e+02
 4.06538795e+01
 2.74158539e+01
 3.14815851e+01
 1.86618805e+02
 8.11341458e+01
 9.31773575e+01
 3.34371788e+02
 2.09424332e+02
 1.09050043e+02
 1.64510423e+02
 9.71983541e+01
 4.78649841e+01
 7.43241999e+01
 7.42454031e+01
 8.34873168e+01
 9.55751659e+01
 1.40339241e+02
 3.06784056e+01
 7.33123797e+01
 1.07247193e+02
 7.71737854e+01
 1.10824242e+02
 3.22158418e+01
 1.34716444e+01
 7.29555535e+01
 9.32392847e+01
 1.56221194e+01
 7.36930569e+01
 7.64272127e+01
 4.61354449e+01
 1.57614439e+02
 2.07714601e+01
 2.16104775e+02
 4.81861872e+01
 1.46455272e+00
 1.43188977e+01
 4.49511697e+01
 1.33106278e+02
 5.65856164e+01
 1.13275970e+02
 6.91462755e+01
 1.63129199e+01
 6.36147352e+01
 1.81496620e+02
 6.59610716e+01
 3.70670138e+01
 5.89618665e+01
 3.82855801e+01
 1.79070562e+02
 4.03173303e+01
 9.79893882e+01
 1.96904921e+02
 5.32489716e+01
 3.03830947e+01
 6.66903707e+00
 2.79363536e+01
 1.04216307e+02
 8.12357826e+01
 6.86622393e+01
 2.32427340e+01
 1.90054585e+02
 3.44429292e+01
 2.20938056e+02
 7.35616888e+01
 8.66796687e+01
 8.72497355e+01
 5.84994911e+01
 1.04188302e+02
 9.01762896e+01
 6.65222044e+01
 5.70728727e+00
 5.13384729e+01
 2.49215701e+02
 1.44750226e+02
 3.12290452e+01
 7.05592475e+00
 1.10545960e+01
 5.12718880e+01
 5.86464922e+00
 7.89495944e+01
 1.43316986e+02
 4.59145207e+01
 2.99935168e+01
 8.88051874e+01
 5.89359686e+01
 2.20956114e+01
 7.77249528e+01
 2.70183879e+01
 1.53592609e+02
 7.13991199e+01
 5.51333321e+01
 1.10036254e+02
 1.10935802e+02
 6.63979029e+01
 3.82750031e+00
 1.23267653e+01
 5.64465669e+01
 2.03589925e+01
 6.07878275e+01
 1.09431879e+02
 1.32206180e+02
 1.32968537e+02
 1.07038314e+02
 1.81782320e+02
 1.25771033e+02
 1.32082567e+02
 7.50403448e+01
 5.18427570e+01
 2.41403479e+01
 9.18450894e+01
 1.50020724e+02
 6.86222160e+01
 1.43141156e+02
 2.02827808e+01
 1.78523754e+02
 7.27543061e+01
 3.52460997e+01
 1.60598028e+02
 6.71754714e+01
 1.46573202e+01
 5.73726803e+01
 8.53026714e+01
 1.10080659e+02
 1.47563132e+02
 1.09229410e+02
 2.01734900e+02
 9.32629723e+01
 3.61416242e+01
 5.13154917e+01
 7.50512488e+01
 2.12140045e+01
 1.05583190e+01
 1.50477609e+02
 8.06429137e+01
 1.11848330e+02
 1.46899734e+01
 9.04925981e+01
 6.81864430e+01
 1.57484328e+02
 9.33570770e+01
 7.43207629e+01
 7.08178208e+01
 2.23429643e+02
 5.74655105e+01
 3.21036397e+01
 8.85404245e+01
 7.61783691e+01
 6.07964744e+01
 1.19119532e+02
 7.25786869e+01
 1.09166990e+02
 1.10060498e+02
 1.62669996e+02
 1.12446565e+02
 7.44143439e+01
 1.85840296e-01
 4.15329295e+01
 1.19105364e+02
 6.13201543e+01
 6.01073034e+01
 1.70375015e+02
 1.10780877e+02
 3.96451187e+01
 5.73686161e+01
 1.16324408e+02
 4.83088008e+01
 1.69206129e+02
 5.16846953e+01
 9.16575916e+01
 1.17317064e+02
 7.64602976e+00
 1.48577888e+02
 3.94509848e+01
 5.67489780e+01
 4.02895551e+01
 2.29415718e+02
 1.57218469e+01
 4.45705988e+01
 1.96780734e+01
 3.47645530e+01
 4.08765888e+01
 2.24501011e+02
 1.68287843e+02
 3.89151205e+01
 1.32985441e+01
 3.54757792e+01
 5.62708910e+01
 3.23356301e+01
 6.96001152e+01
 6.46131076e+01
 5.37950403e+00
 5.18779571e+01
 3.68376048e+01
 5.91589917e+01
 2.29553881e+02
 1.48293900e+02
 9.26187405e+01
 3.97873420e+01
 9.94229982e+01
 9.30588363e+01
 5.01214714e+01
 9.94986588e+01
 7.33646853e+01
 1.51924812e+02
 2.43672165e+00
 6.46571054e+01
 1.44744708e+02
 3.44854177e+01
 1.09268775e+02
 1.04962739e+02
 2.62877491e+01
 1.90746306e+02
 1.35724043e+02
 1.68482396e+02
 3.60362400e+01
 5.06415956e-01
 1.17370153e+01
 1.22006970e+02
 2.29353463e+02
 1.63849152e+02
 4.59699734e+01
 2.97539311e+01
 6.99726123e+01
 1.45736281e+02
 1.54004846e+02
 6.78558527e+01
 1.43770977e+02
 8.33027134e+01
 1.01128138e+02
 2.45534855e+02
 1.48267970e+02
 1.21120571e+02
 1.97598146e+02
 9.93589851e+01
 6.09600706e+01
 5.24649859e+01
 8.57434103e+01
 1.49480688e+02
 4.53158174e+01
 3.91255219e+01
 8.45523948e+01
 2.97524449e+02
 9.55559184e+01
 7.07682019e+01
 1.04446644e+02
 1.23903370e+00
 8.35573463e+00
 1.08122264e+02
 7.23348459e+01
 7.22936304e+01
 1.36594751e+01
 1.22581815e+02
 7.98858682e+00
 1.20655424e+02
 5.31854953e+01
 1.03888149e+02
 9.67473256e+01
 7.72818832e+01
 1.69838980e+02
 1.47961516e+02
 1.64492702e+02
 1.59191861e+02
 2.77953008e+01
 1.16652760e+02
 1.32224431e+01
 1.14809670e+02
 1.75810471e+02
 4.19654923e+00
