 -1.09765625e+00
 -6.94763184e-01
 3.25030518e+00
 7.48815918e+00
 1.32069092e+01
 2.27098389e+01
 2.43508606e+01
 2.15838623e+01
 1.80193481e+01
 1.26005249e+01
 6.33169556e+00
 5.89376831e+00
 4.41387939e+00
 2.80471802e+00
 6.58322144e+00
 9.84848022e+00
 1.54638367e+01
 2.50460815e+01
 2.42236938e+01
 1.98479309e+01
 1.67134399e+01
 9.15625000e+00
 9.91534424e+00
 3.63006592e+00
 2.80120850e+00
 -7.92266846e-01
 -2.60345459e-01
 7.16159058e+00
 1.82239990e+01
 2.21524048e+01
 2.38566589e+01
 2.38320618e+01
 1.20407410e+01
 1.28740845e+01
 6.90884399e+00
 1.64324951e+00
 2.03277588e-01
 3.64120483e+00
 5.10424805e+00
 6.36163330e+00
 1.33988342e+01
 1.96345825e+01
 2.33252258e+01
 2.17907104e+01
 1.04095459e+01
 8.85821533e+00
 -2.99560547e-01
 6.21527100e+00
 2.74075317e+00
 1.24502563e+00
 7.27145386e+00
 6.86456299e+00
 1.29149475e+01
 2.03031921e+01
 2.16359863e+01
 2.26756897e+01
 1.38294678e+01
 9.55609131e+00
 2.44613647e+00
 5.83248901e+00
 -1.18692017e+00
 2.46694946e+00
 3.02368164e+00
 8.21298218e+00
 1.65928650e+01
 2.23682251e+01
 2.84799805e+01
 2.32921143e+01
 1.73702698e+01
 1.41257935e+01
 6.86221313e+00
 1.32061768e+00
 8.55621338e-01
 -3.17709351e+00
 4.51678467e+00
 1.14649048e+01
 1.52826538e+01
 2.28175354e+01
 2.16372681e+01
 2.03259888e+01
 1.56191101e+01
 1.02855835e+01
 6.69750977e+00
 7.05715942e+00
 2.12234497e+00
 3.94772339e+00
 2.49798584e+00
 1.04038086e+01
 1.41502380e+01
 2.32685547e+01
 2.26679993e+01
 2.01950989e+01
 1.83518372e+01
 8.51333618e+00
 9.79959106e+00
 3.90292358e+00
 3.24630737e+00
 2.20568848e+00
 3.56982422e+00
 6.36083984e+00
 1.18998108e+01
 1.85346680e+01
 2.58894043e+01
 2.47493286e+01
 1.70932617e+01
 1.00500488e+01
 5.52392578e+00
 3.41015625e+00
 9.37866211e-01
 2.35705566e+00
 3.43988037e+00
 8.14285278e+00
 1.18805542e+01
 2.29181519e+01
 2.42588196e+01
 1.98132324e+01
 1.81978760e+01
 1.42405396e+01
 4.43771362e+00
 3.64181519e+00
 6.81549072e-01
 4.18817139e+00
 4.45266724e+00
 7.84396362e+00
 1.42442932e+01
 2.14692688e+01
 2.52724915e+01
 2.02632141e+01
 1.87434692e+01
 1.04205933e+01
 4.97775269e+00
 2.16168213e+00
 5.57101440e+00
 4.25820923e+00
 6.70718384e+00
 1.36720886e+01
 1.41663513e+01
 1.76500244e+01
 2.30540466e+01
 2.39602051e+01
 1.96461487e+01
 9.36697388e+00
 6.11343384e+00
 7.56256104e-01
 -1.00708008e-03
 1.11071777e+00
 2.99404907e+00
 7.47854614e+00
 1.52049561e+01
 2.20398865e+01
 2.45724487e+01
 2.13881226e+01
 1.62549133e+01
 9.07641602e+00
 7.93148804e+00
 3.02999878e+00
 -5.35995483e+00
 7.80059814e-01
 7.05395508e+00
 1.14273987e+01
 1.72719116e+01
 2.05789795e+01
 2.14880676e+01
 2.11740417e+01
 1.62441711e+01
 1.02116394e+01
 7.57394409e+00
 6.37722778e+00
 -2.01690674e-01
 4.96313477e+00
 8.61193848e+00
 9.97595215e+00
 1.63554382e+01
 2.33796997e+01
 2.30346069e+01
 2.25346069e+01
 1.74571533e+01
 1.28987732e+01
 6.70504761e+00
 6.71691895e-02
 1.18566895e+00
 4.91671753e+00
 4.04327393e+00
 1.07639771e+01
 1.43173828e+01
 2.29996033e+01
 2.57554626e+01
 1.92409973e+01
 1.67288818e+01
 1.06938171e+01
 3.29296875e+00
 -7.94281006e-01
 1.02859497e+00
 -6.75842285e-01
 2.75799561e+00
 1.07024536e+01
 1.09622803e+01
 2.05414124e+01
 2.43997498e+01
 2.38235474e+01
 1.56866150e+01
 1.04599915e+01
 5.98013306e+00
 4.23348999e+00
 2.61526489e+00
 -3.39813232e-01
 1.77914429e+00
 8.34783936e+00
 1.17179871e+01
 2.22406921e+01
 2.63504333e+01
 2.31632690e+01
 1.78543701e+01
 1.06093140e+01
 9.43087769e+00
 2.39672852e+00
 3.41992188e+00
 2.97702026e+00
 6.49423218e+00
 6.45126343e+00
 1.42869873e+01
 2.36592712e+01
 2.40096436e+01
 2.17323914e+01
 1.48685303e+01
 1.02636719e+01
 1.07003479e+01
 1.30072021e+00
 -4.39129639e+00
 1.12435913e+00
 2.31539917e+00
 7.29760742e+00
 1.33766479e+01
 2.13398438e+01
 2.60143433e+01
 2.18172302e+01
 1.50782471e+01
 1.17123718e+01
 7.40444946e+00
 -2.74758911e+00
 4.19561768e+00
 5.73086548e+00
 7.55447388e+00
 9.73608398e+00
 1.66440125e+01
 2.42777710e+01
 2.50290222e+01
 2.27687988e+01
 1.72605591e+01
 9.45712280e+00
 5.29797363e+00
 4.99319458e+00
 6.20895386e+00
 3.18359375e+00
 3.60772705e+00
 7.09970093e+00
 8.63153076e+00
 1.83006287e+01
 2.44148560e+01
 2.50836487e+01
 1.59871826e+01
 8.09890747e+00
 6.83227539e+00
 -1.99645996e-01
 3.99383545e-01
 1.73083496e+00
 4.47265625e+00
 7.95587158e+00
 1.82550964e+01
 2.37535706e+01
 2.50465698e+01
 1.93105469e+01
 1.44078369e+01
 1.14671631e+01
 6.63146973e+00
 4.48394775e+00
 3.54388428e+00
 4.34167480e+00
 4.86264038e+00
 1.05305481e+01
 1.29269409e+01
 2.35630493e+01
 2.33982239e+01
 1.83804626e+01
 1.72232666e+01
 1.12540283e+01
 8.96459961e+00
 6.38619995e+00
 2.02828979e+00
 2.52484131e+00
 1.17889404e+00
 1.10967102e+01
 1.99757080e+01
 1.99848938e+01
 2.64703674e+01
 2.57399902e+01
 1.32829590e+01
 1.02683411e+01
 7.17449951e+00
 2.85534668e+00
 5.32220459e+00
 2.93029785e+00
 5.70788574e+00
 1.30223083e+01
 1.71057434e+01
 2.29656982e+01
 2.45585938e+01
 2.17459412e+01
 1.61997070e+01
 1.08793945e+01
 8.74636841e+00
 3.20449829e+00
 2.96630859e+00
 5.78344727e+00
 7.03555298e+00
 9.49484253e+00
 1.67985535e+01
 2.34878235e+01
 2.45209961e+01
 2.39851074e+01
 1.84270325e+01
 1.00866699e+01
 1.03391418e+01
 7.13494873e+00
 -2.36541748e-01
 1.14364624e+00
 4.14645386e+00
 1.24574280e+01
 1.90252991e+01
 2.25695190e+01
 2.81942749e+01
 2.38721619e+01
 1.60785828e+01
 1.05030212e+01
 2.65313721e+00
 2.57418823e+00
 1.98846436e+00
 3.68325806e+00
 4.96755981e+00
 1.06327515e+01
 1.91042480e+01
 2.33405457e+01
 2.55998230e+01
 2.34883728e+01
 1.56105652e+01
 7.51589966e+00
 7.13684082e+00
 5.33444214e+00
 1.67764282e+00
 3.65707397e+00
 6.47924805e+00
 1.08958130e+01
 1.58082581e+01
 2.18805237e+01
 2.71066895e+01
 2.13094177e+01
 1.58119812e+01
 1.09270935e+01
 4.88748169e+00
 4.50103760e-01
 1.71920776e+00
 5.26916504e+00
 7.26492310e+00
 7.47784424e+00
 1.57217102e+01
 2.15836182e+01
 2.53673706e+01
 2.33171082e+01
 2.05701294e+01
 8.09469604e+00
 4.86627197e+00
 1.94802856e+00
 -1.04376221e+00
 4.14071655e+00
 5.49975586e+00
 9.66662598e+00
 1.48389893e+01
 2.36412048e+01
 2.62128906e+01
 2.52557983e+01
 1.31947937e+01
 1.10535889e+01
 9.74200439e+00
 1.00415039e+00
 1.72656250e+00
 4.09869385e+00
 3.24291992e+00
 8.12887573e+00
 1.35634766e+01
 1.93901062e+01
 2.69072266e+01
 2.48173218e+01
 1.87140198e+01
 1.16767273e+01
 9.74136353e+00
 2.53295898e-03
 7.35000610e+00
 3.09127808e+00
 5.93032837e+00
 8.82464600e+00
 1.60690918e+01
 1.76087646e+01
 2.53679810e+01
 2.33171692e+01
 1.60328979e+01
 1.33929138e+01
 3.82369995e+00
 4.49218750e-01
 2.23275757e+00
 1.32687378e+00
 5.63058472e+00
 8.96786499e+00
 1.47507629e+01
 2.38388367e+01
 2.36607666e+01
 2.02801208e+01
 1.79379883e+01
 1.17180481e+01
 6.69036865e+00
 7.21588135e-01
 -1.92260742e+00
 4.43560791e+00
 5.71878052e+00
 1.10589294e+01
 1.56653442e+01
 1.90810242e+01
 2.56424866e+01
 2.39385986e+01
 2.03118591e+01
 1.34885864e+01
 1.16291504e+01
 2.59799194e+00
 -1.42456055e-01
 3.23486328e+00
 1.36914062e+00
 1.03934021e+01
 1.37156982e+01
 2.28133850e+01
 2.42859192e+01
 2.27531433e+01
 1.59471130e+01
 1.19102783e+01
 7.91046143e+00
 2.69076538e+00
 9.28009033e-01
 3.53347778e+00
 4.37628174e+00
 8.77246094e+00
 1.46112061e+01
 2.07212219e+01
 2.59673157e+01
 2.24741516e+01
 1.95778809e+01
 1.21649780e+01
 6.36453247e+00
 1.00595093e+00
 2.08056641e+00
 -1.30279541e-01
 4.99331665e+00
 9.31185913e+00
 1.53982239e+01
 1.91239319e+01
 2.67031250e+01
 2.38701782e+01
 1.93700256e+01
 1.12698059e+01
 6.48019409e+00
 7.65713501e+00
 6.28103638e+00
 5.29864502e+00
 4.17572021e+00
 1.08437805e+01
 1.97970581e+01
 2.78895874e+01
 2.67801208e+01
 2.36999817e+01
 1.98269043e+01
 9.36700439e+00
 6.34979248e+00
 3.41329956e+00
 2.84820557e+00
 4.71112061e+00
 7.27694702e+00
 9.91864014e+00
 2.12153931e+01
 2.42124939e+01
 2.53112183e+01
 2.60255432e+01
 1.63062744e+01
 1.01101379e+01
 5.74093628e+00
 4.54776001e+00
 1.37991333e+00
 3.80960083e+00
 4.33557129e+00
 7.13177490e+00
 1.39783630e+01
 2.07431946e+01
 2.49091492e+01
 2.21813965e+01
 1.84691162e+01
 1.06557922e+01
 1.09336243e+01
 5.35406494e+00
 -1.66052246e+00
 2.63604736e+00
 5.79342651e+00
 1.14011841e+01
 1.38202209e+01
 2.47211609e+01
 2.45321960e+01
 2.76633911e+01
 1.89921265e+01
 1.24796753e+01
 6.60339355e+00
 7.15631104e+00
 5.52206421e+00
 6.04785156e+00
 6.86050415e+00
 1.06989746e+01
 1.44829102e+01
 2.38762512e+01
 3.03287964e+01
 2.39316101e+01
 1.98676758e+01
 1.28478699e+01
 8.28421021e+00
 7.06878662e+00
 1.77178955e+00
 4.54858398e+00
 9.52645874e+00
 7.79351807e+00
 1.83024902e+01
 2.40790100e+01
 2.87991943e+01
 2.51118469e+01
 1.58519897e+01
 1.13817444e+01
 9.55291748e+00
 5.38385010e+00
 -8.06549072e-01
 1.26434326e+00
 5.96166992e+00
 1.29571228e+01
 1.36099548e+01
 1.79562073e+01
 2.36319580e+01
 2.23813171e+01
 2.00367737e+01
 1.31561890e+01
 8.29800415e+00
 2.65499878e+00
 6.27700806e+00
 2.86810303e+00
 6.39428711e+00
 9.02865601e+00
 1.61542358e+01
 2.22269287e+01
 2.50049744e+01
 2.12762146e+01
 1.64107056e+01
 1.22134705e+01
 8.25228882e+00
 5.07690430e+00
 3.87896729e+00
 5.96618652e+00
 9.11218262e+00
 1.03138733e+01
 2.33869019e+01
 2.51797485e+01
 2.64864502e+01
 2.62939758e+01
 1.85935669e+01
 1.28030701e+01
 9.17269897e+00
 5.58923340e+00
 4.39086914e-01
 5.67440796e+00
 4.34927368e+00
 1.52523804e+01
 1.94707947e+01
 2.51564636e+01
 2.61953735e+01
 2.58769531e+01
 1.59741516e+01
 1.42912598e+01
 5.66812134e+00
 4.35031128e+00
 6.45510864e+00
 4.87506104e+00
 5.39639282e+00
 1.29405212e+01
 1.91908875e+01
 2.48962402e+01
 2.75744324e+01
 2.73087463e+01
 2.09177246e+01
 1.23018188e+01
 9.22860718e+00
 6.67614746e+00
 -1.32284546e+00
 2.79165649e+00
 6.35681152e+00
 1.00081787e+01
 1.54768066e+01
 1.96808167e+01
 2.77638245e+01
 2.19645996e+01
 2.19935913e+01
 1.38077087e+01
 7.44635010e+00
 4.08175659e+00
 4.21142578e-01
 3.03576660e+00
 5.31463623e+00
 1.03240051e+01
 1.47654114e+01
 2.08792725e+01
 2.33948669e+01
 2.64213867e+01
 1.80754395e+01
 1.43544617e+01
 8.88775635e+00
 7.33306885e+00
 5.11761475e+00
 5.18862915e+00
 4.18286133e+00
 1.03963623e+01
 1.69954529e+01
 1.93546143e+01
 2.51153870e+01
 2.48763733e+01
 2.04216003e+01
 1.17465820e+01
 7.33972168e+00
 7.55493164e+00
 4.33831787e+00
 4.51123047e+00
 9.63742065e+00
 1.07512207e+01
 1.27245789e+01
 2.30431519e+01
 2.80586243e+01
 2.50324097e+01
 2.08602295e+01
 1.31339417e+01
 7.66375732e+00
 3.35293579e+00
 5.78179932e+00
 6.16662598e+00
 4.84082031e+00
 1.36985474e+01
 1.73674011e+01
 2.07180786e+01
 2.97693787e+01
 2.22333679e+01
 1.63442993e+01
 9.76062012e+00
 6.72546387e+00
 3.55307007e+00
 2.45324707e+00
 3.35260010e+00
 4.49780273e+00
 1.21792603e+01
 1.76078186e+01
 2.18032837e+01
 2.78560791e+01
 2.41284485e+01
 1.71937866e+01
 1.36696777e+01
 6.56784058e+00
 5.50524902e+00
 4.17343140e+00
 1.92950439e+00
 6.64248657e+00
 1.08369751e+01
 1.51856384e+01
 2.17303467e+01
 2.54010315e+01
 1.89278259e+01
 1.76708984e+01
 1.14029846e+01
 7.65499878e+00
 5.08428955e+00
 -2.56323242e+00
 1.96493530e+00
 7.91976929e+00
 1.21004944e+01
 1.50224304e+01
 2.21626587e+01
 2.78482056e+01
 2.45884094e+01
 2.05228271e+01
 1.35837708e+01
 6.05145264e+00
 4.34045410e+00
 3.55764771e+00
 4.81106567e+00
 6.13024902e+00
 1.30533447e+01
 1.48659058e+01
 2.14089050e+01
 2.74276428e+01
 2.46434937e+01
 1.79518433e+01
 8.43740845e+00
 6.78472900e+00
 5.38208008e+00
 3.70617676e+00
 2.31436157e+00
 6.57968140e+00
 9.02340698e+00
 1.50060730e+01
 2.13822937e+01
 2.52684326e+01
 2.48657532e+01
 1.90761108e+01
 1.26693420e+01
 4.23199463e+00
 3.86230469e+00
 6.10934448e+00
 7.56286621e+00
 1.00076294e+01
 9.57989502e+00
 1.50572815e+01
 2.12902222e+01
 2.66047058e+01
 2.61874390e+01
 1.74949646e+01
 1.13571167e+01
 5.82940674e+00
 2.51745605e+00
 7.22753906e+00
 2.59417725e+00
 4.36840820e+00
 1.06805725e+01
 1.44763489e+01
 2.49783325e+01
 2.66997986e+01
 2.57846985e+01
 1.79673157e+01
 1.39716797e+01
 9.81417847e+00
 5.49649048e+00
 5.25128174e+00
 5.29681396e+00
 6.71224976e+00
 1.04539185e+01
 2.08977661e+01
 2.85042725e+01
 2.65827942e+01
 2.42087708e+01
 1.92551270e+01
 1.28023071e+01
 5.13888550e+00
 2.82635498e+00
 6.64154053e-01
 3.74645996e+00
 7.79339600e+00
 1.33548584e+01
 1.99373779e+01
 2.65739441e+01
 2.83599854e+01
 2.33478699e+01
 2.02265015e+01
 1.50690918e+01
 8.45321655e+00
 3.74392700e+00
 4.72833252e+00
 4.07974243e+00
 8.50134277e+00
 1.10856934e+01
 1.52461548e+01
 2.49984131e+01
 2.76974182e+01
 2.26967773e+01
 1.69111938e+01
 1.07844238e+01
 8.50686646e+00
 4.86660767e+00
 2.05331421e+00
 4.29190063e+00
 6.17587280e+00
 1.15469360e+01
 1.74750671e+01
 2.40773010e+01
 2.57220764e+01
 2.37065735e+01
 2.10886536e+01
 1.23446350e+01
 7.53955078e+00
 6.82147217e+00
 2.22183228e+00
 3.73471069e+00
 6.62429810e+00
 1.20648804e+01
 1.26595154e+01
 2.67847595e+01
 2.83705444e+01
 2.23155212e+01
 1.78638000e+01
 9.29281616e+00
 8.34033203e+00
 7.97753906e+00
 3.44555664e+00
 1.59509277e+00
 8.36859131e+00
 1.10528564e+01
 1.53020325e+01
 2.56743774e+01
 2.88685303e+01
 2.78778687e+01
 2.29391479e+01
 1.63471985e+01
 4.29583740e+00
 8.81039429e+00
 3.05566406e+00
 6.41229248e+00
 7.29217529e+00
 8.22634888e+00
 1.43084106e+01
 2.02371521e+01
 2.89050903e+01
 2.54896851e+01
 2.02582397e+01
 1.28575439e+01
 8.52331543e+00
 6.98348999e+00
 2.68292236e+00
 3.50503540e+00
 2.38482666e+00
 1.12169495e+01
 1.63816528e+01
 2.71376953e+01
 2.75093689e+01
 2.79524231e+01
 1.99552307e+01
 1.44430847e+01
 7.46673584e+00
 6.70642090e+00
 5.97509766e+00
 6.16702271e+00
 7.02935791e+00
 1.17879333e+01
 2.08146362e+01
 2.13371887e+01
 2.89465332e+01
 2.62777710e+01
 1.92046204e+01
 1.22802429e+01
 7.46166992e+00
 1.10728455e+01
 3.28668213e+00
 4.07797241e+00
 6.34924316e+00
 1.15958252e+01
 1.56729736e+01
 2.36342163e+01
 2.50204468e+01
 2.38176270e+01
 1.80214233e+01
 1.25717468e+01
 7.87680054e+00
 7.47103882e+00
 6.51480103e+00
 3.21215820e+00
 7.18911743e+00
 1.06911011e+01
 1.71823730e+01
 2.47502136e+01
 2.87588501e+01
 2.71817932e+01
 1.55140076e+01
 1.36315918e+01
 9.68161011e+00
 4.93920898e+00
 1.63977051e+00
 2.21557617e+00
 4.25503540e+00
 1.02034607e+01
 1.87284241e+01
 1.95202942e+01
 2.95985107e+01
 2.45067444e+01
 2.37738037e+01
 1.75443726e+01
 9.94729614e+00
 8.16427612e+00
 1.31369019e+00
 -1.47195435e+00
 7.74209595e+00
 9.51516724e+00
 1.92028198e+01
 2.46591492e+01
 3.00386658e+01
 2.85963135e+01
 1.89514465e+01
 9.95223999e+00
 5.56210327e+00
 1.87634277e+00
 1.15222168e+00
 5.37240601e+00
 4.73208618e+00
 7.97171021e+00
 2.21412048e+01
 2.66948853e+01
 2.70409851e+01
 2.57312317e+01
 1.67222595e+01
 1.31833801e+01
 1.11743774e+01
 4.32983398e+00
 1.64840698e+00
 3.29006958e+00
 9.03594971e+00
 9.34112549e+00
 1.70699768e+01
 2.40746765e+01
 2.86561279e+01
 2.72270813e+01
 1.88059692e+01
 1.44507446e+01
 3.05264282e+00
 6.49139404e+00
 4.66903687e+00
 3.69326782e+00
 6.72848511e+00
 1.20570374e+01
 1.87893372e+01
 2.54149170e+01
 3.10604858e+01
 2.83965149e+01
 2.10307312e+01
 1.06656494e+01
 7.93664551e+00
 2.53091431e+00
 4.77569580e+00
 3.17160034e+00
 4.98413086e+00
 1.07744751e+01
 2.02907104e+01
 3.03213196e+01
 2.95928345e+01
 2.68192139e+01
 2.26117859e+01
 1.56302185e+01
 9.82626343e+00
 5.10000610e+00
 4.32745361e+00
 5.09548950e+00
 6.45718384e+00
 1.03452454e+01
 1.20372009e+01
 2.37355957e+01
 2.68105469e+01
 2.70720825e+01
 2.04674377e+01
 1.24419861e+01
 7.04086304e+00
 4.52026367e+00
 5.48315430e+00
 1.63705444e+00
 5.99621582e+00
 1.07139893e+01
 1.51854553e+01
 2.27518616e+01
 2.91072083e+01
 2.69612122e+01
 1.99374084e+01
 1.47711487e+01
 7.58493042e+00
 3.67916870e+00
 3.40200806e+00
 6.22677612e+00
 7.08691406e+00
 1.40298767e+01
 1.65646362e+01
 2.58567810e+01
 2.85355530e+01
 2.41562805e+01
 2.12490845e+01
 1.27015686e+01
 8.31707764e+00
 2.61254883e+00
 9.38720703e-01
 6.96200562e+00
 7.50903320e+00
 1.19068298e+01
 2.04801941e+01
 2.48385315e+01
 2.96219482e+01
 2.46166382e+01
 2.11491089e+01
 1.27283936e+01
 9.31533813e+00
 7.43826294e+00
 5.01544189e+00
 3.25973511e+00
 8.24945068e+00
 1.23804016e+01
 2.29388123e+01
 2.92086792e+01
 2.50742188e+01
 2.97317200e+01
 2.09979553e+01
 1.42338257e+01
 8.27813721e+00
 5.48141479e+00
 3.40682983e+00
 2.66052246e+00
 4.94323730e+00
 1.03496399e+01
 1.83931274e+01
 2.70553894e+01
 3.06845703e+01
 2.90642395e+01
 2.08421631e+01
 1.32727051e+01
 4.91986084e+00
 6.52911377e+00
 5.34515381e+00
 7.25433350e-01
 7.34948730e+00
 1.16369019e+01
 1.83073120e+01
 2.68277893e+01
 3.12055664e+01
 2.57522583e+01
 1.93837585e+01
 1.16864929e+01
 1.02218018e+01
 6.06143188e+00
 6.86825562e+00
 5.56289673e+00
 7.13012695e+00
 1.08325195e+01
 2.20900879e+01
 2.50444031e+01
 2.95657959e+01
 2.86285095e+01
 2.20379639e+01
 1.35813904e+01
 1.24494629e+01
 5.69149780e+00
 2.00500488e-01
 6.83047485e+00
 7.17898560e+00
 1.11755371e+01
 1.61016541e+01
 2.56724548e+01
 2.75338745e+01
 2.91467590e+01
 2.44693909e+01
 1.29342957e+01
 9.41287231e+00
 2.53643799e+00
 4.49356079e+00
 8.23864746e+00
 8.41979980e+00
 1.10767822e+01
 1.76132507e+01
 2.48440552e+01
 2.73476257e+01
 2.57932129e+01
 1.89038696e+01
 1.67529907e+01
 7.80746460e+00
 3.83920288e+00
 7.50152588e+00
 3.68627930e+00
 7.40744019e+00
 1.61732788e+01
 1.95374756e+01
 2.74066467e+01
 3.35499268e+01
 2.90201416e+01
 2.12633362e+01
 1.55973206e+01
 9.68905640e+00
 4.83633423e+00
 4.68719482e+00
 3.32598877e+00
 9.29504395e+00
 1.24454651e+01
 2.48577881e+01
 3.00362854e+01
 3.26875305e+01
 2.85158997e+01
 2.23966064e+01
 1.49536133e+01
 1.18778992e+01
 6.76876831e+00
 2.46096802e+00
 6.95358276e+00
 6.63781738e+00
 1.13255310e+01
 2.11746521e+01
 2.84757385e+01
 2.91059875e+01
 2.82710266e+01
 1.96564026e+01
 1.51801453e+01
 1.21216431e+01
 9.73016357e+00
 4.18353271e+00
 6.20150757e+00
 1.04703064e+01
 1.40696106e+01
 2.16966553e+01
 2.78833313e+01
 2.87898254e+01
 2.80373230e+01
 2.18342590e+01
 1.59778137e+01
 9.01071167e+00
 3.46377563e+00
 5.90515137e+00
 6.28613281e+00
 5.52130127e+00
 1.30208740e+01
 2.27597351e+01
 2.55065613e+01
 3.26492004e+01
 3.03580627e+01
 2.24945068e+01
 1.47589722e+01
 9.84048462e+00
 7.72143555e+00
 3.83743286e+00
 4.18234253e+00
 5.37103271e+00
 9.14880371e+00
 1.65399780e+01
 2.31817322e+01
 2.66257019e+01
 3.03096619e+01
 1.85532532e+01
 1.41128235e+01
 1.08073120e+01
 8.54791260e+00
 6.64382935e+00
 3.14996338e+00
 9.06936646e+00
 1.34434814e+01
 2.06269531e+01
 2.67526550e+01
 2.84126282e+01
 2.59695129e+01
 2.10231934e+01
 1.31051941e+01
 1.32599792e+01
 1.10158081e+01
 6.61004639e+00
 4.54043579e+00
 8.09814453e+00
 1.44069824e+01
 1.77595520e+01
 2.21304932e+01
 3.19121399e+01
 2.56076355e+01
 1.93131409e+01
 1.41223450e+01
 7.83493042e+00
 7.10562134e+00
 7.42956543e+00
 7.74832153e+00
 1.06056519e+01
 1.36976013e+01
 1.98204041e+01
 2.67972717e+01
 3.02495117e+01
 2.76781921e+01
 2.23683167e+01
 1.65197144e+01
 9.67703247e+00
 6.27075195e+00
 5.52337646e+00
 4.48199463e+00
 9.56356812e+00
 1.08876648e+01
 2.18993835e+01
 2.77576294e+01
 2.93704529e+01
 2.49941711e+01
 2.25541687e+01
 1.32376709e+01
 8.84399414e+00
 5.24923706e+00
 7.81060791e+00
 5.26263428e+00
 9.60473633e+00
 1.23134155e+01
 1.60875854e+01
 2.84193115e+01
 3.38605957e+01
 2.89813232e+01
 2.36254272e+01
 1.86381226e+01
 1.32487183e+01
 7.88058472e+00
