 -2.29763794e+00
 -5.98510742e-01
 -1.25885010e-01
 8.77526855e+00
 1.47170105e+01
 2.16606445e+01
 1.98831482e+01
 2.01578674e+01
 1.37732544e+01
 7.96728516e+00
 6.79501343e+00
 3.60226440e+00
 2.19427490e+00
 4.16964722e+00
 3.73272705e+00
 9.81808472e+00
 1.33321228e+01
 2.11639404e+01
 2.45541382e+01
 1.86742859e+01
 1.63811951e+01
 9.79675293e+00
 2.97000122e+00
 3.24777222e+00
 -4.25811768e-01
 -1.80233765e+00
 2.45755005e+00
 5.67593384e+00
 1.38507080e+01
 1.63889465e+01
 1.89566040e+01
 2.22689819e+01
 1.55825806e+01
 1.07348938e+01
 4.60803223e+00
 -4.12445068e-01
 1.64245605e+00
 -1.03817749e+00
 3.99841309e+00
 6.86480713e+00
 1.44522705e+01
 2.19490662e+01
 2.17382507e+01
 2.20503235e+01
 1.52962341e+01
 5.49560547e+00
 6.26998901e+00
 3.59936523e+00
 -4.90670776e+00
 -3.00903320e-02
 6.79901123e-01
 7.33822632e+00
 1.36094360e+01
 2.06606750e+01
 2.23876953e+01
 1.69981995e+01
 1.51921082e+01
 9.04571533e+00
 2.36871338e+00
 6.00402832e-01
 -5.90390015e+00
 -1.84616089e+00
 2.56539917e+00
 5.60958862e+00
 9.84472656e+00
 1.97211914e+01
 2.41048279e+01
 2.03766785e+01
 1.31907959e+01
 1.03262329e+01
 -1.07604980e-01
 8.54187012e-02
 -6.05328369e+00
 1.18276978e+00
 4.04196167e+00
 6.15203857e+00
 1.47159424e+01
 1.97555237e+01
 2.28612671e+01
 1.77220154e+01
 1.56057129e+01
 1.00665894e+01
 1.38055420e+00
 -8.84613037e-01
 -1.02777100e+00
 1.96292114e+00
 4.98422241e+00
 1.23233643e+01
 1.06641541e+01
 1.56756287e+01
 2.19925232e+01
 2.44158630e+01
 1.78221741e+01
 1.06844482e+01
 -1.74438477e-01
 -7.31506348e-01
 -2.54959106e+00
 -3.27383423e+00
 1.95159912e+00
 7.83673096e+00
 1.77016907e+01
 2.34049988e+01
 2.19928894e+01
 2.51246643e+01
 1.83703308e+01
 1.08489990e+01
 7.48297119e+00
 2.36047363e+00
 -3.00521851e+00
 6.42059326e-01
 3.17645264e+00
 6.37768555e+00
 1.24873657e+01
 2.05893555e+01
 2.42560425e+01
 2.53461609e+01
 1.41977844e+01
 1.09488525e+01
 2.13491821e+00
 -1.60949707e+00
 -3.62731934e+00
 -3.12573242e+00
 2.95700073e+00
 6.14739990e+00
 1.26302490e+01
 1.98610229e+01
 2.50922852e+01
 2.00380249e+01
 1.46824646e+01
 8.83462524e+00
 3.95193481e+00
 -4.36126709e-01
 -3.31665039e+00
 2.31066895e+00
 1.32290649e+00
 6.15414429e+00
 1.33331299e+01
 1.71210022e+01
 1.83029785e+01
 2.15107422e+01
 1.71315918e+01
 8.74374390e+00
 5.10235596e+00
 -1.37753296e+00
 -1.19131470e+00
 -2.75527954e+00
 3.26397705e+00
 6.77206421e+00
 1.46133728e+01
 2.04357910e+01
 2.50591431e+01
 2.03178406e+01
 1.51271362e+01
 7.89389038e+00
 3.77316284e+00
 -2.08728027e+00
 2.84942627e-01
 7.72583008e-01
 2.48706055e+00
 7.65542603e+00
 1.74544067e+01
 2.04173889e+01
 2.54704285e+01
 2.09127197e+01
 1.24256897e+01
 1.10831909e+01
 2.16390991e+00
 -8.49700928e-01
 -3.63104248e+00
 -6.95159912e-01
 2.53332520e+00
 3.57870483e+00
 1.20380249e+01
 2.27138062e+01
 2.69004517e+01
 2.50355530e+01
 1.78464050e+01
 1.02987976e+01
 5.36456299e+00
 -2.54547119e+00
 -1.81744385e+00
 -2.37588501e+00
 2.48007202e+00
 6.71340942e+00
 1.23659973e+01
 1.78398132e+01
 1.94826355e+01
 2.16995850e+01
 1.47455139e+01
 1.17504578e+01
 4.50103760e+00
 -1.76483154e-01
 -2.82974243e+00
 -7.49359131e-01
 4.03704834e+00
 9.52947998e+00
 1.50658264e+01
 1.86756897e+01
 1.91335449e+01
 1.82643738e+01
 1.41537781e+01
 8.29589844e+00
 3.34790039e+00
 2.97943115e+00
 3.42654419e+00
 7.84088135e-01
 2.38092041e+00
 8.86148071e+00
 1.24467468e+01
 2.41781921e+01
 2.72413635e+01
 1.99419861e+01
 1.46519470e+01
 9.84609985e+00
 2.44671631e+00
 -1.91635132e+00
 -5.85968018e-01
 1.99316406e+00
 1.55639648e-02
 8.36007690e+00
 1.57970276e+01
 2.09383850e+01
 1.94122009e+01
 2.41572876e+01
 1.54656982e+01
 1.13220520e+01
 5.97171021e+00
 -9.59808350e-01
 4.31808472e+00
 -4.05630493e+00
 -6.59118652e-01
 7.76766968e+00
 1.35548401e+01
 1.87598877e+01
 2.33021545e+01
 2.38115845e+01
 1.32337341e+01
 7.08090210e+00
 4.35391235e+00
 6.50451660e-01
 2.08728027e+00
 3.14370728e+00
 1.89810181e+00
 6.80108643e+00
 1.23399963e+01
 2.01862183e+01
 1.85171814e+01
 2.31006775e+01
 1.67948914e+01
 1.09586792e+01
 7.34533691e+00
 -8.82995605e-01
 -8.12496948e+00
 -2.60693359e+00
 -2.93212891e-01
 4.95962524e+00
 1.58435059e+01
 1.97178955e+01
 2.08900452e+01
 2.08435059e+01
 1.31422424e+01
 7.09408569e+00
 5.38204956e+00
 2.67922974e+00
 -2.79049683e+00
 1.50051880e+00
 4.23767090e+00
 4.84356689e+00
 1.55966187e+01
 1.65411072e+01
 2.30819092e+01
 2.13156738e+01
 1.43827820e+01
 1.03226318e+01
 3.38696289e+00
 -2.96966553e-01
 -1.96932983e+00
 1.57424927e+00
 -2.55322266e+00
 5.52111816e+00
 1.28034363e+01
 2.20686340e+01
 2.15191956e+01
 2.17707825e+01
 1.31710510e+01
 1.02316895e+01
 3.69128418e+00
 -8.41308594e-01
 -3.73193359e+00
 -4.39941406e+00
 -5.55419922e-03
 4.91732788e+00
 1.38016663e+01
 1.58290405e+01
 2.28857422e+01
 2.24130249e+01
 1.41831360e+01
 1.04486084e+01
 6.29602051e+00
 1.06698608e+00
 -1.81182861e+00
 3.04031372e+00
 1.53747559e+00
 4.23358154e+00
 1.40341492e+01
 1.99229126e+01
 2.27616882e+01
 2.03464661e+01
 1.48458862e+01
 9.33132935e+00
 1.39755249e+00
 -1.71182251e+00
 -5.06134033e-01
 -1.45300293e+00
 2.86889648e+00
 7.62088013e+00
 1.10214539e+01
 1.63186340e+01
 2.16227112e+01
 2.08814087e+01
 1.71158142e+01
 8.11669922e+00
 3.94644165e+00
 -5.31860352e-01
 1.71066284e+00
 -1.79360962e+00
 5.28808594e-01
 5.65631104e+00
 1.25252075e+01
 1.64185791e+01
 2.23993530e+01
 1.94136047e+01
 1.40948486e+01
 9.17529297e+00
 1.77664185e+00
 -8.75518799e-01
 1.64111328e+00
 4.61544800e+00
 2.27145386e+00
 6.98974609e+00
 1.24962463e+01
 1.98178101e+01
 2.21813354e+01
 1.96180115e+01
 1.45603638e+01
 1.17561951e+01
 5.12072754e+00
 1.83764648e+00
 1.84310913e+00
 3.35430908e+00
 3.41394043e+00
 8.08303833e+00
 1.26672363e+01
 2.22981873e+01
 2.23070984e+01
 2.03726196e+01
 1.51058655e+01
 9.16329956e+00
 5.85317993e+00
 2.14920044e+00
 9.23797607e-01
 8.62884521e-01
 4.75085449e+00
 6.27160645e+00
 1.21665955e+01
 1.79924927e+01
 2.40853882e+01
 2.17233582e+01
 1.43455811e+01
 9.66070557e+00
 3.20657349e+00
 -9.81964111e-01
 -3.04959106e+00
 -4.01232910e+00
 -9.49462891e-01
 6.15335083e+00
 1.44063110e+01
 1.66938782e+01
 2.61191711e+01
 1.90967102e+01
 1.71572266e+01
 9.58883667e+00
 3.27911377e+00
 2.80383301e+00
 -4.22485352e-01
 1.31610107e+00
 3.98870850e+00
 1.05562439e+01
 1.60696106e+01
 2.26976318e+01
 2.61188965e+01
 2.02506104e+01
 1.21475830e+01
 6.48101807e+00
 2.82019043e+00
 -4.01251221e+00
 -1.70431519e+00
 -1.75869751e+00
 3.98162842e-01
 1.00842590e+01
 1.14766235e+01
 1.70257568e+01
 2.01993713e+01
 2.38058167e+01
 1.69467773e+01
 8.50338745e+00
 2.60104370e+00
 3.08099365e+00
 2.06307983e+00
 2.53021240e-01
 1.85751343e+00
 8.99420166e+00
 1.68146057e+01
 1.81251221e+01
 2.66838379e+01
 2.17279663e+01
 1.74162903e+01
 1.23060913e+01
 2.59548950e+00
 4.37011719e-02
 1.21093750e-01
 -6.87225342e-01
 2.58740234e+00
 6.67404175e+00
 1.62193604e+01
 1.98303833e+01
 2.71679077e+01
 2.41352844e+01
 1.88779907e+01
 1.42963867e+01
 3.12268066e+00
 1.09954834e-01
 3.03076172e+00
 5.00427246e-01
 5.14627075e+00
 8.47399902e+00
 9.48391724e+00
 2.18828125e+01
 2.27326355e+01
 2.05079346e+01
 1.61560974e+01
 1.09641113e+01
 6.19696045e+00
 3.27410889e+00
 -3.84518433e+00
 3.38330078e+00
 5.39416504e+00
 8.31417847e+00
 1.68355408e+01
 1.69775085e+01
 2.29112549e+01
 2.27387695e+01
 1.79444885e+01
 1.04774170e+01
 9.60754395e-01
 -1.41265869e-01
 -3.10028076e-01
 -5.28259277e-02
 5.10797119e+00
 1.45622864e+01
 1.94169006e+01
 2.50153503e+01
 2.64296570e+01
 2.30575867e+01
 1.54666443e+01
 9.54763794e+00
 6.22045898e+00
 1.67602539e-01
 1.85897827e+00
 3.25277710e+00
 2.26718140e+00
 7.91363525e+00
 1.32812500e+01
 2.16995239e+01
 2.49699402e+01
 1.84025879e+01
 1.90404663e+01
 1.29660950e+01
 3.82794189e+00
 -1.56060791e+00
 6.75811768e-01
 7.06860352e+00
 3.68164062e+00
 8.05038452e+00
 1.26266174e+01
 1.88740845e+01
 2.38309937e+01
 2.12454529e+01
 1.85819702e+01
 1.09187317e+01
 6.74374390e+00
 4.03186035e+00
 3.79318237e+00
 9.08416748e-01
 4.29397583e+00
 8.62649536e+00
 1.41595764e+01
 1.74137878e+01
 2.44463501e+01
 1.73097229e+01
 1.48832397e+01
 1.10508118e+01
 5.69186401e+00
 9.23858643e-01
 2.81033325e+00
 1.33255005e+00
 3.80291748e+00
 7.37988281e+00
 1.18952637e+01
 1.91638794e+01
 2.76497498e+01
 2.63063660e+01
 1.87259216e+01
 8.54693604e+00
 4.95031738e+00
 1.74649048e+00
 -2.15505981e+00
 2.72082520e+00
 3.63342285e+00
 6.77758789e+00
 1.23999939e+01
 1.74276123e+01
 2.17567749e+01
 2.35805664e+01
 1.59023743e+01
 9.75714111e+00
 4.59786987e+00
 3.28448486e+00
 -5.74450684e+00
 1.42550659e+00
 7.50064087e+00
 1.08499451e+01
 1.43731384e+01
 1.87540588e+01
 2.22504883e+01
 2.06202087e+01
 1.43032227e+01
 1.29353027e+01
 3.60745239e+00
 -2.24511719e+00
 2.34210205e+00
 -1.47485352e+00
 3.33065796e+00
 7.41384888e+00
 1.26927490e+01
 1.78330383e+01
 2.18381958e+01
 2.53397522e+01
 2.22926331e+01
 9.16427612e+00
 2.47821045e+00
 2.59457397e+00
 -5.03723145e-01
 -2.21209717e+00
 2.47238159e+00
 5.78640747e+00
 1.02541809e+01
 1.90705566e+01
 2.11219788e+01
 2.19841919e+01
 1.51651611e+01
 9.73123169e+00
 5.37280273e+00
 -6.91278076e+00
 -3.08911133e+00
 3.87139893e+00
 6.00869751e+00
 6.31710815e+00
 1.31987000e+01
 1.91261292e+01
 2.33352356e+01
 2.36765747e+01
 1.48791199e+01
 7.11511230e+00
 2.77105713e+00
 -5.87722778e+00
 -3.14987183e+00
 1.58691406e-02
 4.74407959e+00
 7.26937866e+00
 1.53448792e+01
 2.06473694e+01
 2.34786682e+01
 2.53517761e+01
 1.73052368e+01
 8.96444702e+00
 4.63122559e+00
 -1.02304077e+00
 -2.83215332e+00
 2.18475342e-01
 3.07220459e+00
 9.00949097e+00
 1.50178528e+01
 2.08448486e+01
 2.64463806e+01
 2.50883179e+01
 1.55007324e+01
 8.19485474e+00
 7.96041870e+00
 4.15353394e+00
 1.99798584e+00
 1.21197510e+00
 1.16168213e+00
 8.55410767e+00
 1.32450256e+01
 2.34478455e+01
 2.68791199e+01
 2.38675232e+01
 1.49404907e+01
 1.10849915e+01
 7.08581543e+00
 3.82638550e+00
 1.41891479e+00
 -1.54379272e+00
 7.95474243e+00
 9.70800781e+00
 1.35397034e+01
 1.91194153e+01
 2.37224121e+01
 2.19948425e+01
 1.58097229e+01
 1.07478943e+01
 3.82675171e+00
 2.59152222e+00
 -5.46295166e-01
 5.56723022e+00
 3.34149170e+00
 9.10214233e+00
 1.21962280e+01
 1.81635132e+01
 2.37601929e+01
 2.57086487e+01
 1.65838013e+01
 9.89398193e+00
 4.07525635e+00
 -5.96920776e+00
 -7.22030640e+00
 -4.19702148e+00
 -2.60345459e+00
 5.84649658e+00
 1.28727112e+01
 1.69363708e+01
 2.23868103e+01
 2.26242065e+01
 1.53376465e+01
 9.88131714e+00
 1.37969971e-01
 -7.86193848e-01
 -1.61901855e+00
 2.10168457e+00
 5.31362915e+00
 9.93530273e+00
 1.32580566e+01
 1.96250000e+01
 2.51801147e+01
 2.30174561e+01
 1.41916199e+01
 9.72280884e+00
 2.27157593e+00
 5.37841797e-01
 2.54809570e+00
 4.10131836e+00
 3.61523438e+00
 6.71670532e+00
 1.27989502e+01
 1.82782288e+01
 2.48169861e+01
 1.95577087e+01
 1.71553650e+01
 1.20594482e+01
 3.82702637e+00
 1.92559814e+00
 1.94485474e+00
 -9.08386230e-01
 2.76660156e+00
 8.47146606e+00
 1.27102966e+01
 2.41855469e+01
 2.81782227e+01
 2.06553345e+01
 1.36456604e+01
 1.02305603e+01
 4.78973389e-01
 -1.29269409e+00
 5.35980225e-01
 -3.04016113e-01
 6.19949341e+00
 9.77719116e+00
 1.51286316e+01
 2.16030273e+01
 2.11834717e+01
 2.44052124e+01
 1.55786133e+01
 8.51202393e+00
 1.32864380e+00
 1.88156128e+00
 2.25500488e+00
 3.83520508e+00
 4.62564087e+00
 1.08671570e+01
 1.52816772e+01
 2.15767822e+01
 2.64064636e+01
 2.63951111e+01
 1.48107605e+01
 8.48098755e+00
 3.01550293e+00
 2.54455566e+00
 -5.23898315e+00
 -2.04879761e+00
 4.67379761e+00
 7.51846313e+00
 1.81706238e+01
 2.21066284e+01
 2.48437805e+01
 2.18091125e+01
 2.00320435e+01
 1.00935059e+01
 8.00848389e+00
 2.85791016e+00
 -9.88464355e-02
 -8.79516602e-02
 1.52459717e+00
 7.29650879e+00
 1.07840576e+01
 1.67258606e+01
 2.19897461e+01
 2.17489624e+01
 1.56556396e+01
 1.18872986e+01
 7.55706787e+00
 9.66735840e-01
 -8.31909180e-02
 2.78900146e-01
 5.55886841e+00
 5.26058960e+00
 1.24556274e+01
 2.12103577e+01
 2.27578430e+01
 2.14391174e+01
 2.00358887e+01
 1.12822876e+01
 8.54898071e+00
 3.34899902e+00
 2.47058105e+00
 2.10247803e+00
 6.65982056e+00
 8.79916382e+00
 1.12792053e+01
 1.63781738e+01
 2.06051331e+01
 2.29954224e+01
 1.68677368e+01
 7.54177856e+00
 4.29779053e-01
 8.59680176e-02
 1.74957275e+00
 -1.65679932e-01
 4.01544189e+00
 1.08495178e+01
 1.34094238e+01
 2.49835510e+01
 2.66984863e+01
 1.85853271e+01
 1.44733887e+01
 1.08546143e+01
 5.90921021e+00
 1.89056396e-01
 2.10479736e-01
 1.75552368e+00
 3.24197388e+00
 6.50140381e+00
 1.41664429e+01
 1.87875977e+01
 2.37988281e+01
 2.03385010e+01
 1.41800537e+01
 9.31796265e+00
 2.72662354e+00
 -3.22045898e+00
 -4.19219971e+00
 -6.10382080e-01
 4.96023560e+00
 8.28234863e+00
 1.34358521e+01
 2.07191467e+01
 2.25282288e+01
 2.09812927e+01
 1.41306763e+01
 5.92947388e+00
 3.59207153e+00
 9.40795898e-01
 4.72024536e+00
 2.05474854e+00
 5.38049316e+00
 7.59771729e+00
 1.72912598e+01
 2.37238770e+01
 2.27796631e+01
 2.14682617e+01
 1.56929321e+01
 9.25457764e+00
 3.76181030e+00
 1.22033691e+00
 1.30944824e+00
 3.85711670e-01
 6.17172241e+00
 8.29885864e+00
 1.15486450e+01
 1.93158569e+01
 2.01608582e+01
 1.83756104e+01
 1.42220764e+01
 8.46752930e+00
 6.11877441e+00
 -1.02618408e+00
 3.03311157e+00
 -4.61224365e+00
 1.99157715e+00
 1.08869934e+01
 1.31145935e+01
 2.13412781e+01
 2.66952209e+01
 2.15954895e+01
 1.42791748e+01
 7.48959351e+00
 2.31875610e+00
 7.31231689e-01
 3.00631714e+00
 7.80364990e-01
 6.14431763e+00
 9.23660278e+00
 1.16350098e+01
 1.62779541e+01
 2.46258850e+01
 1.91832275e+01
 1.49546204e+01
 8.49194336e+00
 3.47494507e+00
 4.20684814e-01
 -1.49505615e+00
 -7.88940430e-01
 2.04977417e+00
 1.04177551e+01
 1.58035889e+01
 1.90260925e+01
 2.22191467e+01
 2.31036377e+01
 1.41665955e+01
 1.03053589e+01
 7.07888794e+00
 -3.41754150e+00
 1.27563477e-01
 3.87997437e+00
 4.42169189e+00
 9.00817871e+00
 1.37819519e+01
 2.17931213e+01
 2.61440735e+01
 1.93175354e+01
 1.54969177e+01
 1.06863708e+01
 5.66070557e+00
 3.20617676e-01
 -2.25720215e+00
 -2.25683594e+00
 2.83309937e+00
 7.47726440e+00
 1.34724731e+01
 2.19226074e+01
 2.45281372e+01
 2.55270081e+01
 1.62388916e+01
 9.32632446e+00
 3.07000732e+00
 -1.88021851e+00
 5.82717896e+00
 1.27575684e+00
 4.24682617e-01
 9.03451538e+00
 1.49581909e+01
 2.20262451e+01
 2.75409241e+01
 2.40698853e+01
 1.46684570e+01
 9.30838013e+00
 6.50329590e-02
 -1.80465698e+00
 -1.74121094e+00
 2.06912231e+00
 3.99560547e+00
 8.21405029e+00
 1.36304626e+01
 2.15832520e+01
 2.53152466e+01
 1.72873840e+01
 1.38193970e+01
 1.09893188e+01
 4.55865479e+00
 -7.64892578e-01
 -1.23684692e+00
 -9.64660645e-02
 2.62503052e+00
 6.53030396e+00
 1.57159119e+01
 1.81186218e+01
 2.16415710e+01
 2.53614502e+01
 1.97877502e+01
 1.05062256e+01
 2.56140137e+00
 -4.25567627e-01
 -2.05178833e+00
 9.68994141e-01
 4.33489990e+00
 8.49063110e+00
 1.26064148e+01
 1.95077209e+01
 2.34639282e+01
 2.14114685e+01
 1.73977051e+01
 1.20018616e+01
 3.29214478e+00
 -5.32897949e-01
 1.91101074e-01
 2.80566406e+00
 4.14602661e+00
 8.88424683e+00
 1.21884460e+01
 1.98392334e+01
 2.35717468e+01
 1.83749390e+01
 1.61160889e+01
 9.06213379e+00
 3.81069946e+00
 4.24874878e+00
 1.78082275e+00
 2.37487793e+00
 3.48968506e+00
 9.55426025e+00
 1.61302185e+01
 1.99876404e+01
 1.98276672e+01
 2.39313660e+01
 1.81254883e+01
 1.12350159e+01
 5.66799927e+00
 1.71862793e+00
 2.22106934e-01
 1.46078491e+00
 4.09243774e+00
 5.00323486e+00
 1.26848145e+01
 1.83596191e+01
 2.11545410e+01
 2.34283142e+01
 1.59814453e+01
 9.86575317e+00
 6.45544434e+00
 -4.47006226e+00
 -4.14581299e-01
 3.02917480e+00
 4.62850952e+00
 9.55450439e+00
 1.36700439e+01
 1.71166382e+01
 2.54225769e+01
 2.49581909e+01
 1.61444092e+01
 1.04800720e+01
 5.82550049e+00
 4.04025269e+00
 1.50183105e+00
 1.75964355e+00
 2.81646729e+00
 7.92855835e+00
 1.36227417e+01
 1.86949768e+01
 2.45700378e+01
 2.51603394e+01
 1.74661560e+01
 1.25127258e+01
 5.21380615e+00
 1.52987671e+00
 2.52218628e+00
 1.55068970e+00
 3.29489136e+00
 6.29037476e+00
 1.39828491e+01
 1.96736755e+01
 2.44587402e+01
 2.28195801e+01
 1.99907837e+01
 1.10824280e+01
 6.73727417e+00
 4.33523560e+00
 -4.38690186e-01
 3.92715454e+00
 3.04724121e+00
 5.62487793e+00
 1.30762634e+01
 2.15917358e+01
 2.73579712e+01
 2.38110046e+01
 1.59720154e+01
 1.10606995e+01
 4.82519531e+00
 -2.29721069e+00
 5.56546021e+00
 1.93362427e+00
 1.07939148e+01
 1.45642700e+01
 1.57369690e+01
 2.16786804e+01
 2.36143188e+01
 2.54026489e+01
 1.78908691e+01
 1.01450195e+01
 9.89990234e+00
 2.21691895e+00
 -2.82836914e-01
 2.00244141e+00
 2.46398926e+00
 9.10607910e+00
 1.50986633e+01
 2.23489990e+01
 2.77234192e+01
 2.20364380e+01
 1.44469299e+01
 1.01220703e+01
 5.43518066e+00
 -1.20428467e+00
 -7.21435547e-01
 -8.77319336e-01
 7.36538696e+00
 7.34323120e+00
 1.17281189e+01
 2.49573364e+01
 2.16251526e+01
 2.29126587e+01
 1.58179932e+01
 1.51257935e+01
 7.86129761e+00
 1.50531006e+00
 -3.80722046e+00
 -1.08383179e+00
 6.16577148e-01
 8.11621094e+00
 1.42918701e+01
 2.25117798e+01
 2.32988281e+01
 2.14315186e+01
 1.49708252e+01
 7.20672607e+00
 8.45733643e+00
 -2.29391479e+00
 -3.71292114e+00
 -1.35711670e+00
 4.90100098e+00
 1.14607239e+01
 1.45420837e+01
 2.35352478e+01
 2.85019531e+01
 2.46456909e+01
 1.50627136e+01
 1.23210754e+01
 5.22329712e+00
 2.69561768e+00
 3.37646484e-01
 2.76824951e+00
 9.85775757e+00
 1.01566162e+01
 1.40379944e+01
 2.15685425e+01
 2.27686462e+01
 2.20096130e+01
 1.58317566e+01
 1.30747986e+01
 3.77929688e+00
 2.51358032e+00
 -3.75402832e+00
 4.72808838e-01
 2.99374390e+00
 7.08486938e+00
 1.52716370e+01
 1.65065613e+01
 2.70060425e+01
 2.32956238e+01
 1.66129761e+01
 1.12516174e+01
 5.53948975e+00
 4.65255737e+00
 -4.06616211e-01
 2.48593140e+00
 3.74838257e+00
 1.05843506e+01
 1.90028076e+01
 1.88175659e+01
 2.18969116e+01
 2.33652039e+01
 1.82783813e+01
 1.19856262e+01
 6.79519653e+00
 5.35226440e+00
 8.86962891e-01
 -3.00909424e+00
 6.62963867e+00
 8.70828247e+00
 1.39707336e+01
 2.56897278e+01
 2.83352661e+01
 2.51658630e+01
 2.30747375e+01
 1.03493958e+01
 6.84082031e+00
 2.83691406e+00
 -4.64233398e-01
 5.46875000e-01
 2.81771851e+00
 9.89376831e+00
 1.10238037e+01
 2.33489990e+01
 2.43152771e+01
 2.38662415e+01
 1.77946167e+01
 1.00203247e+01
 6.89483643e+00
 7.56225586e-01
 -5.30059814e-01
 7.57812500e-01
 6.28887939e+00
 7.97387695e+00
 1.21878052e+01
 1.86200256e+01
 2.41062927e+01
 2.49286194e+01
 1.76338806e+01
 1.06171265e+01
 6.57742310e+00
 5.40597534e+00
 3.48205566e+00
 2.88052368e+00
 6.10140991e+00
 6.87765503e+00
 1.25570984e+01
 2.08695068e+01
 2.58727722e+01
 2.21888733e+01
 1.62675781e+01
 1.09076538e+01
 3.00534058e+00
 -1.30548096e+00
 -2.85736084e-01
 -1.14419556e+00
 6.42098999e+00
 7.32186890e+00
 1.45144958e+01
 1.74880066e+01
 2.23833008e+01
 2.70961609e+01
 1.66174316e+01
 1.32793884e+01
 3.02075195e+00
 1.50656128e+00
 -4.80499268e-01
 3.31362915e+00
 2.92059326e+00
 6.88363647e+00
 1.58064270e+01
 2.40724792e+01
 2.56415100e+01
 2.07324219e+01
 1.51081543e+01
 1.13689880e+01
 6.87347412e+00
 5.44281006e+00
 2.46716309e+00
 4.07357788e+00
 4.54653931e+00
 8.73599243e+00
 1.15759277e+01
 2.25698242e+01
 2.16836853e+01
 2.11323853e+01
 1.57417908e+01
 1.24650574e+01
 5.62207031e+00
 1.41998291e-01
 -6.47216797e-01
 1.27410889e+00
 5.32839966e+00
 9.86193848e+00
 1.22973938e+01
 2.02481079e+01
 2.21464844e+01
 1.92034607e+01
 1.53842773e+01
 9.17532349e+00
 6.68450928e+00
 2.48037720e+00
