 -2.55523682e+00
 -2.31829834e+00
 -6.46453857e-01
 8.20800781e+00
 1.29008179e+01
 1.97094116e+01
 1.85841370e+01
 1.88276672e+01
 1.24462585e+01
 8.39709473e+00
 6.03619385e+00
 4.53234863e+00
 2.12521362e+00
 4.20870972e+00
 3.82992554e+00
 9.50299072e+00
 1.26213684e+01
 2.02628479e+01
 2.24335632e+01
 1.77293701e+01
 1.55025940e+01
 9.39596558e+00
 2.66748047e+00
 3.51397705e+00
 -6.34155273e-01
 -1.96459961e+00
 2.58871460e+00
 5.83651733e+00
 1.30768433e+01
 1.55267639e+01
 1.83103943e+01
 2.03451233e+01
 1.53550415e+01
 1.04919128e+01
 4.56918335e+00
 4.03594971e-01
 1.89990234e+00
 -5.48431396e-01
 4.01565552e+00
 6.95892334e+00
 1.45508423e+01
 2.08576050e+01
 2.00481262e+01
 2.00615540e+01
 1.48218689e+01
 5.94113159e+00
 6.44345093e+00
 4.49566650e+00
 -4.28570557e+00
 4.18151855e-01
 9.73449707e-01
 7.34017944e+00
 1.35891418e+01
 1.84906616e+01
 2.15018616e+01
 1.63284302e+01
 1.49514771e+01
 8.09570312e+00
 1.73028564e+00
 1.24542236e+00
 -4.28982544e+00
 -1.41030884e+00
 2.61956787e+00
 4.55490112e+00
 9.43844604e+00
 1.88490906e+01
 2.34413452e+01
 1.84123230e+01
 1.27001343e+01
 1.04720154e+01
 3.90747070e-01
 9.27337646e-01
 -5.89819336e+00
 1.56796265e+00
 4.12356567e+00
 6.05221558e+00
 1.34602966e+01
 1.92068787e+01
 2.12432556e+01
 1.62295837e+01
 1.44982300e+01
 1.02796021e+01
 5.64605713e-01
 -1.14788818e+00
 -9.03137207e-01
 1.68624878e+00
 5.18011475e+00
 1.18780212e+01
 9.68737793e+00
 1.51652222e+01
 2.15102844e+01
 2.37427673e+01
 1.56681213e+01
 1.04055481e+01
 8.94165039e-03
 -6.28112793e-01
 -3.13412476e+00
 -2.48190308e+00
 2.16894531e+00
 7.60592651e+00
 1.58392334e+01
 2.19454651e+01
 2.01854858e+01
 2.39360046e+01
 1.76173096e+01
 1.05874939e+01
 7.24938965e+00
 2.47146606e+00
 -2.28686523e+00
 1.72109985e+00
 2.33627319e+00
 6.10342407e+00
 1.15254211e+01
 1.91686096e+01
 2.21016846e+01
 2.25152893e+01
 1.35094299e+01
 1.04833679e+01
 1.87127686e+00
 -7.73803711e-01
 -2.90203857e+00
 -2.32702637e+00
 3.23776245e+00
 5.73071289e+00
 1.18911133e+01
 1.82731934e+01
 2.26920776e+01
 1.98058777e+01
 1.42527161e+01
 8.27304077e+00
 4.00540161e+00
 4.04357910e-02
 -3.10250854e+00
 2.70272827e+00
 2.13912964e+00
 5.97177124e+00
 1.30601196e+01
 1.64206238e+01
 1.74458008e+01
 2.01593323e+01
 1.61570740e+01
 8.83547974e+00
 4.40869141e+00
 -2.47958374e+00
 -7.94219971e-01
 -3.14907837e+00
 3.02703857e+00
 6.77890015e+00
 1.40657959e+01
 1.89620667e+01
 2.32958984e+01
 1.77984314e+01
 1.41472473e+01
 8.35150146e+00
 3.53781128e+00
 -2.77459717e+00
 5.36804199e-02
 1.34005737e+00
 3.02474976e+00
 7.15045166e+00
 1.58617249e+01
 1.88142090e+01
 2.43714600e+01
 1.97664185e+01
 1.22168274e+01
 1.04109802e+01
 1.73681641e+00
 -2.06817627e-01
 -3.28494263e+00
 -5.35491943e-01
 2.33944702e+00
 4.18243408e+00
 1.14589233e+01
 2.02278442e+01
 2.57635193e+01
 2.40728149e+01
 1.67453918e+01
 9.81124878e+00
 4.47399902e+00
 -2.06420898e+00
 -2.21337891e+00
 -2.51077271e+00
 2.01092529e+00
 6.45690918e+00
 1.23721924e+01
 1.72850037e+01
 1.76916809e+01
 2.06906433e+01
 1.39118347e+01
 1.14492188e+01
 4.92175293e+00
 7.61047363e-01
 -3.02951050e+00
 -7.26928711e-01
 3.16778564e+00
 8.86560059e+00
 1.38034363e+01
 1.73540955e+01
 1.84706726e+01
 1.67376404e+01
 1.36851807e+01
 8.33364868e+00
 3.24578857e+00
 4.01748657e+00
 3.70141602e+00
 3.05267334e-01
 2.88299561e+00
 8.13281250e+00
 1.16918030e+01
 2.23994446e+01
 2.63683472e+01
 1.90345764e+01
 1.42306519e+01
 9.73263550e+00
 2.45153809e+00
 -2.43460083e+00
 -2.80517578e-01
 2.11618042e+00
 -1.09838867e+00
 7.66116333e+00
 1.51922607e+01
 2.01501770e+01
 1.89530945e+01
 2.27055664e+01
 1.46076050e+01
 1.07962646e+01
 4.87863159e+00
 -4.10552979e-01
 4.74078369e+00
 -2.79632568e+00
 3.07708740e-01
 7.69653320e+00
 1.27553101e+01
 1.66736145e+01
 2.17698669e+01
 2.24545593e+01
 1.31503906e+01
 6.68716431e+00
 5.23440552e+00
 1.27566528e+00
 2.62960815e+00
 2.34118652e+00
 1.62414551e+00
 6.49026489e+00
 1.13782349e+01
 1.77725830e+01
 1.81873474e+01
 2.16584167e+01
 1.67955017e+01
 1.06471558e+01
 7.28100586e+00
 -7.80120850e-01
 -8.43728638e+00
 -2.25143433e+00
 -1.73400879e-01
 4.36557007e+00
 1.48576660e+01
 1.96870728e+01
 1.93925476e+01
 1.91781006e+01
 1.30425110e+01
 7.11029053e+00
 4.37438965e+00
 1.95138550e+00
 -1.59509277e+00
 1.19354248e+00
 3.98379517e+00
 4.02856445e+00
 1.43056335e+01
 1.52160034e+01
 2.24972229e+01
 2.05650635e+01
 1.39727478e+01
 1.00023499e+01
 2.36224365e+00
 -4.26940918e-01
 -1.57586670e+00
 2.03439331e+00
 -3.46813965e+00
 5.18725586e+00
 1.26233521e+01
 2.12387695e+01
 2.07876892e+01
 2.04217834e+01
 1.29744568e+01
 1.01357727e+01
 4.41400146e+00
 -7.31658936e-01
 -3.89114380e+00
 -5.74780273e+00
 -5.96008301e-02
 5.57073975e+00
 1.28376160e+01
 1.51272278e+01
 2.20114746e+01
 2.12688599e+01
 1.37828979e+01
 9.17410278e+00
 5.08209229e+00
 7.28088379e-01
 -2.14724731e+00
 4.21484375e+00
 8.91479492e-01
 3.76196289e+00
 1.28476257e+01
 1.90886230e+01
 2.05537109e+01
 1.87384338e+01
 1.44103699e+01
 8.22357178e+00
 8.52325439e-01
 -1.79843140e+00
 -5.81390381e-01
 -1.63470459e+00
 3.42376709e+00
 7.20333862e+00
 1.02936401e+01
 1.68220825e+01
 2.04328308e+01
 1.81658630e+01
 1.54853821e+01
 7.29614258e+00
 3.29074097e+00
 -4.01763916e-01
 1.80987549e+00
 -1.54248047e+00
 6.64093018e-01
 6.00936890e+00
 1.23393250e+01
 1.54199524e+01
 2.11964111e+01
 1.74942017e+01
 1.38691101e+01
 8.51702881e+00
 9.50469971e-01
 -1.09588623e-01
 2.39636230e+00
 4.57940674e+00
 1.78018188e+00
 6.57348633e+00
 1.21326599e+01
 1.90339355e+01
 2.09550476e+01
 1.84657898e+01
 1.43907166e+01
 1.15067444e+01
 5.02035522e+00
 2.51010132e+00
 2.72482300e+00
 3.04208374e+00
 3.54495239e+00
 7.02505493e+00
 1.24805298e+01
 1.97974548e+01
 2.08450012e+01
 1.95693970e+01
 1.38426514e+01
 8.53695679e+00
 4.94500732e+00
 2.60824585e+00
 1.15249634e+00
 1.83004761e+00
 4.16421509e+00
 6.43554688e+00
 1.15477295e+01
 1.72988586e+01
 2.25355835e+01
 2.07024841e+01
 1.42112732e+01
 9.96112061e+00
 3.98434448e+00
 1.15112305e-01
 -2.98666382e+00
 -4.13247681e+00
 -4.60388184e-01
 6.22937012e+00
 1.35765076e+01
 1.58778381e+01
 2.49727173e+01
 1.87758484e+01
 1.66004028e+01
 8.66659546e+00
 3.33535767e+00
 2.93197632e+00
 -1.23626709e-01
 1.31036377e+00
 4.41781616e+00
 1.00313721e+01
 1.44045410e+01
 2.06545410e+01
 2.35814819e+01
 1.94056702e+01
 1.19251709e+01
 6.35107422e+00
 2.09228516e+00
 -4.28558350e+00
 -2.77273560e+00
 -1.14132690e+00
 3.34899902e-01
 9.30044556e+00
 1.12762146e+01
 1.57043457e+01
 1.98765869e+01
 2.21924133e+01
 1.52634888e+01
 7.96844482e+00
 3.84472656e+00
 2.70092773e+00
 2.14651489e+00
 6.90307617e-02
 1.74697876e+00
 8.03594971e+00
 1.52325439e+01
 1.68606262e+01
 2.57407532e+01
 1.98086548e+01
 1.67240906e+01
 1.23000793e+01
 2.98727417e+00
 -2.13806152e+00
 2.30102539e-01
 -1.26470947e+00
 1.25442505e+00
 7.70358276e+00
 1.41705017e+01
 1.63403015e+01
 2.17405396e+01
 2.20448914e+01
 1.26028442e+01
 1.04757080e+01
 5.59835815e+00
 -4.08081055e-01
 -1.07855225e+00
 -3.42001343e+00
 3.03070068e+00
 6.78894043e+00
 1.13990173e+01
 1.94481812e+01
 2.03206482e+01
 1.88618469e+01
 1.61118774e+01
 7.45346069e+00
 7.16827393e+00
 3.84869385e+00
 -3.06436157e+00
 6.09344482e-01
 3.01220703e+00
 5.94464111e+00
 9.82324219e+00
 1.77756042e+01
 2.00646057e+01
 1.61715698e+01
 1.31745911e+01
 1.12048340e+01
 -4.60113525e-01
 -4.17449951e-01
 -5.35061646e+00
 -4.38140869e-01
 4.62686157e+00
 8.07583618e+00
 1.25245056e+01
 1.49025269e+01
 1.95272217e+01
 2.23272400e+01
 1.46726990e+01
 9.83724976e+00
 4.39208984e+00
 2.61550903e+00
 2.95288086e-01
 -1.31103516e-01
 2.87109375e+00
 8.78628540e+00
 1.16168518e+01
 1.79434814e+01
 2.23356018e+01
 2.12112732e+01
 1.29639282e+01
 7.99807739e+00
 3.56939697e+00
 -8.19885254e-01
 -2.04916382e+00
 -1.56832886e+00
 3.04965210e+00
 5.30487061e+00
 1.20687561e+01
 1.70404053e+01
 2.46176147e+01
 1.93877563e+01
 1.15283813e+01
 6.41952515e+00
 4.55310059e+00
 6.41323853e+00
 4.31884766e-01
 2.39138794e+00
 6.80813599e+00
 6.16043091e+00
 1.25690613e+01
 1.85422058e+01
 2.19288025e+01
 2.12408142e+01
 1.45007324e+01
 9.93203735e+00
 1.74685669e+00
 -4.34097290e+00
 2.34555054e+00
 1.53533936e+00
 9.58404541e-01
 9.99429321e+00
 1.33196716e+01
 1.91202087e+01
 2.01442871e+01
 1.80942688e+01
 1.73748779e+01
 9.46310425e+00
 2.56347656e+00
 2.17770386e+00
 2.00933838e+00
 -1.16937256e+00
 6.32537842e-01
 7.80831909e+00
 1.23653870e+01
 1.93022766e+01
 2.17917480e+01
 2.40449219e+01
 1.59339600e+01
 1.19784546e+01
 4.63452148e+00
 2.09899902e+00
 -1.04327393e+00
 1.16079712e+00
 7.49511719e-01
 8.72409058e+00
 1.19423218e+01
 1.96702881e+01
 1.87943726e+01
 1.79046936e+01
 1.42156067e+01
 7.36041260e+00
 1.18359375e+00
 2.97851562e-02
 5.51144409e+00
 3.56887817e+00
 8.81103516e-01
 8.63491821e+00
 1.11996765e+01
 1.85548096e+01
 2.09729614e+01
 1.74721680e+01
 1.48109131e+01
 9.19573975e+00
 3.36752319e+00
 6.60968018e+00
 -3.46902466e+00
 1.07192993e+00
 1.09915161e+00
 6.19100952e+00
 1.28690796e+01
 1.93269043e+01
 2.54692383e+01
 2.04892273e+01
 1.26410828e+01
 9.86785889e+00
 3.38662720e+00
 -4.52911377e-01
 -8.82598877e-01
 -4.19158936e-01
 1.90429688e-01
 8.85101318e+00
 1.25521240e+01
 1.86665344e+01
 1.84813538e+01
 1.88264465e+01
 1.49377136e+01
 9.50659180e+00
 3.98672485e+00
 5.63623047e+00
 1.12631226e+00
 4.64770508e+00
 4.91073608e+00
 9.61886597e+00
 1.40195312e+01
 2.69721680e+01
 2.52413330e+01
 2.04465637e+01
 1.41728210e+01
 1.15243225e+01
 4.41714478e+00
 4.71688843e+00
 2.19177246e+00
 -1.65509033e+00
 2.64685059e+00
 9.12411499e+00
 1.47981873e+01
 1.81273499e+01
 2.06729431e+01
 1.91568909e+01
 1.17147522e+01
 9.09939575e+00
 4.25640869e+00
 2.53332520e+00
 1.93609619e+00
 1.29833984e+00
 4.62631226e+00
 6.64498901e+00
 1.33968201e+01
 2.05603638e+01
 2.42307434e+01
 2.43089905e+01
 1.51352234e+01
 7.41259766e+00
 -3.10485840e-01
 2.77850342e+00
 4.00695801e-01
 4.12127686e+00
 2.04541016e+00
 7.07485962e+00
 1.20955200e+01
 1.81729126e+01
 2.57380676e+01
 1.81555786e+01
 1.66454773e+01
 9.90124512e+00
 7.08227539e+00
 -1.12054443e+00
 2.77825928e+00
 1.36703491e+00
 1.76623535e+00
 9.90356445e+00
 1.45925903e+01
 1.84266357e+01
 2.57199402e+01
 2.16785583e+01
 1.49481812e+01
 8.60467529e+00
 7.55288696e+00
 -2.78744507e+00
 -1.58609009e+00
 -8.18481445e-02
 4.18994141e+00
 6.16195679e+00
 1.37406921e+01
 2.01432800e+01
 2.33258362e+01
 2.19589844e+01
 1.38656006e+01
 8.81146240e+00
 3.71368408e+00
 8.82141113e-01
 -1.28179932e+00
 -5.54199219e-01
 1.05950928e+00
 9.51556396e+00
 1.27392883e+01
 1.69884033e+01
 2.32622375e+01
 2.28231506e+01
 1.50437012e+01
 9.28970337e+00
 4.53073120e+00
 2.05883789e+00
 -2.00140381e+00
 -9.24987793e-02
 2.21398926e+00
 7.41058350e+00
 9.90435791e+00
 1.71584167e+01
 2.36172180e+01
 2.47758484e+01
 1.63792419e+01
 8.60784912e+00
 3.61206055e-01
 -3.11373901e+00
 -1.47018433e+00
 -6.24185181e+00
 3.34564209e+00
 7.58062744e+00
 1.23044739e+01
 1.77380676e+01
 2.31553650e+01
 2.29518433e+01
 1.45051270e+01
 1.10162354e+01
 3.44363403e+00
 4.30444336e+00
 4.01907349e+00
 2.59011841e+00
 3.04040527e+00
 9.63549805e+00
 1.47455444e+01
 2.39339600e+01
 2.02111511e+01
 1.89671021e+01
 1.89178467e+01
 9.98596191e+00
 6.12490845e+00
 4.11138916e+00
 3.06317139e+00
 3.11486816e+00
 3.63681030e+00
 1.02570496e+01
 1.27118225e+01
 1.64155884e+01
 2.00286560e+01
 2.07994385e+01
 1.56588440e+01
 1.07097473e+01
 5.71057129e+00
 4.29949951e+00
 2.18374634e+00
 5.11083984e+00
 6.13391113e+00
 6.33502197e+00
 1.21023254e+01
 1.96712952e+01
 2.12987976e+01
 1.99740906e+01
 1.56628723e+01
 7.37518311e+00
 -1.16183472e+00
 2.36267090e-01
 2.30361938e+00
 4.18432617e+00
 1.63571167e+00
 9.06417847e+00
 1.39280090e+01
 1.74431458e+01
 2.39485474e+01
 2.51890564e+01
 1.70158997e+01
 1.04166870e+01
 3.48495483e+00
 -2.68563843e+00
 -4.60809326e+00
 8.79486084e-01
 4.34597778e+00
 9.39041138e+00
 1.28656006e+01
 2.00582886e+01
 2.43896790e+01
 2.13362122e+01
 1.73419800e+01
 1.03462219e+01
 4.61141968e+00
 3.50418091e+00
 -2.05566406e+00
 -2.07015991e+00
 4.01550293e+00
 8.84075928e+00
 1.67910767e+01
 1.88294373e+01
 2.33598938e+01
 2.02419434e+01
 1.49219360e+01
 7.62350464e+00
 4.25405884e+00
 1.59832764e+00
 3.23962402e+00
 3.20532227e+00
 4.84936523e+00
 1.05353699e+01
 1.36990356e+01
 1.90364685e+01
 1.74301758e+01
 1.82079773e+01
 1.31260681e+01
 8.95980835e+00
 9.52374268e+00
 2.75506592e+00
 5.50109863e-01
 1.89697266e-01
 3.44390869e-01
 6.91186523e+00
 1.02745361e+01
 1.84113159e+01
 2.58095703e+01
 2.10422058e+01
 1.47997437e+01
 6.62506104e+00
 3.56054688e+00
 1.47976685e+00
 1.42324829e+00
 4.46154785e+00
 5.41452026e+00
 9.57812500e+00
 1.21927490e+01
 2.09594421e+01
 2.63946228e+01
 1.91307068e+01
 1.69742737e+01
 1.02324829e+01
 5.50399780e+00
 -1.38369751e+00
 1.94869995e+00
 4.45471191e+00
 4.00875854e+00
 9.55389404e+00
 1.20503540e+01
 2.10980530e+01
 2.66322632e+01
 2.20342102e+01
 1.48690186e+01
 1.16819153e+01
 1.15737915e+00
 -3.49441528e+00
 -3.00595093e+00
 -4.54431152e+00
 2.18765259e+00
 5.04830933e+00
 1.02815857e+01
 1.65149231e+01
 2.19840393e+01
 2.50076294e+01
 1.82481689e+01
 1.01810303e+01
 6.84429932e+00
 3.46374512e+00
 1.19528198e+00
 -1.81884766e-01
 4.41394043e+00
 6.11187744e+00
 1.26358337e+01
 1.91485291e+01
 2.55426941e+01
 2.35505371e+01
 1.53689575e+01
 9.11007690e+00
 5.73959351e+00
 -2.04272461e+00
 1.89083862e+00
 4.84674072e+00
 7.62759399e+00
 8.81423950e+00
 1.70637512e+01
 2.16199646e+01
 2.43302002e+01
 2.60024109e+01
 1.68037415e+01
 8.65930176e+00
 7.34252930e+00
 5.26376343e+00
 5.73550415e+00
 6.18469238e+00
 5.60333252e+00
 7.46859741e+00
 1.19021606e+01
 2.16475220e+01
 2.29004822e+01
 2.46720276e+01
 1.70906372e+01
 1.37245483e+01
 6.74734497e+00
 1.50271606e+00
 3.23608398e+00
 1.90734863e-02
 3.36441040e+00
 1.00795898e+01
 1.37608948e+01
 2.01628723e+01
 2.28084412e+01
 1.96660461e+01
 1.44938049e+01
 9.65759277e+00
 5.78561401e+00
 3.29055786e+00
 -3.38964844e+00
 7.10998535e-01
 1.48056030e+00
 8.62869263e+00
 1.29553833e+01
 1.56009521e+01
 2.18905640e+01
 2.25573730e+01
 1.40194702e+01
 9.78851318e+00
 5.11398315e+00
 4.83917236e+00
 -7.53021240e-01
 1.65304565e+00
 4.40447998e+00
 7.82247925e+00
 1.08157349e+01
 1.70033569e+01
 2.10577393e+01
 2.01705017e+01
 1.69326172e+01
 1.01115417e+01
 7.85791016e+00
 3.80728149e+00
 3.73474121e-01
 2.09677124e+00
 7.31164551e+00
 8.13391113e+00
 1.32589722e+01
 2.12007141e+01
 2.62697449e+01
 2.03517761e+01
 1.29244690e+01
 9.91870117e+00
 5.41946411e+00
 2.90728760e+00
 1.68389893e+00
 3.62854004e-01
 3.23751831e+00
 8.27441406e+00
 1.69609985e+01
 1.58579102e+01
 2.24324036e+01
 2.08565063e+01
 1.55484619e+01
 8.44070435e+00
 4.09088135e+00
 1.08190918e+00
 -8.83483887e-02
 3.35073853e+00
 5.18557739e+00
 7.14901733e+00
 1.43614502e+01
 1.59213257e+01
 2.32546692e+01
 1.94138489e+01
 1.67886658e+01
 1.14711304e+01
 4.92385864e+00
 4.27108765e+00
 3.16162109e-01
 -1.00885010e+00
 3.53421021e+00
 8.41491699e+00
 1.36508484e+01
 2.04653625e+01
 2.56254272e+01
 2.07124939e+01
 1.38564453e+01
 1.06005859e+01
 6.65728760e+00
 4.16412354e-01
 1.63623047e+00
 3.77246094e+00
 2.10861206e+00
 1.02070007e+01
 1.37584534e+01
 2.39166870e+01
 2.45173035e+01
 2.19938965e+01
 1.79243469e+01
 1.20664978e+01
 4.26913452e+00
 -5.52490234e+00
 1.78863525e-01
 3.31219482e+00
 5.60382080e+00
 7.00717163e+00
 1.29026184e+01
 1.92803650e+01
 2.31596375e+01
 2.35696106e+01
 1.55883789e+01
 1.23093872e+01
 7.85302734e+00
 4.87066650e+00
 1.24725342e+00
 9.73388672e-01
 4.80279541e+00
 6.89910889e+00
 1.47972412e+01
 1.71134949e+01
 2.25609436e+01
 2.04789124e+01
 1.44401550e+01
 1.18047180e+01
 9.81576538e+00
 -1.33642578e+00
 3.00646973e+00
 5.89547729e+00
 5.05026245e+00
 7.47866821e+00
 1.32751770e+01
 1.71028748e+01
 2.16421509e+01
 2.20886841e+01
 1.69525757e+01
 1.04978943e+01
 4.09817505e+00
 3.87414551e+00
 -7.34741211e-01
 7.83355713e-01
 6.39346313e+00
 5.68878174e+00
 1.08797302e+01
 2.05870972e+01
 2.34713745e+01
 2.65745544e+01
 1.86030273e+01
 1.06148987e+01
 7.98141479e+00
 1.09487915e+00
 2.69659424e+00
 1.90121460e+00
 7.37274170e+00
 1.03683777e+01
 1.22391052e+01
 1.80257874e+01
 2.19455261e+01
 2.13752747e+01
 1.66681824e+01
 9.09246826e+00
 3.13128662e+00
 5.49420166e+00
 3.32287598e+00
 5.18066406e-01
 5.64312744e+00
 6.10528564e+00
 1.11888428e+01
 2.29190063e+01
 2.38062134e+01
 1.96391602e+01
 1.55200195e+01
 1.06632690e+01
 6.41836548e+00
 -4.03967285e+00
 -5.83190918e-01
 2.63598633e+00
 6.54214478e+00
 1.09675903e+01
 1.63144531e+01
 1.92835999e+01
 2.55868530e+01
 2.45799561e+01
 1.51011047e+01
 1.08625793e+01
 6.22653198e+00
 -6.42761230e-01
 -3.04016113e-01
 6.72149658e-01
 6.21020508e+00
 4.70422363e+00
 1.22937622e+01
 2.21654053e+01
 2.57706604e+01
 2.46582336e+01
 1.50717163e+01
 1.23649597e+01
 7.54498291e+00
 3.56756592e+00
 3.89630127e+00
 2.40698242e+00
 5.96597290e+00
 8.00891113e+00
 1.40737305e+01
 1.62433472e+01
 2.23024292e+01
 2.02628784e+01
 1.78133850e+01
 1.05648804e+01
 7.02822876e+00
 3.87255859e+00
 3.58911133e+00
 2.43090820e+00
 2.83575439e+00
 7.84780884e+00
 1.48197632e+01
 1.58516541e+01
 2.05974121e+01
 2.08677979e+01
 1.43153076e+01
 1.33088684e+01
 7.96826172e+00
 2.86941528e+00
 3.35400391e+00
 2.04519653e+00
 5.43487549e+00
 1.01868591e+01
 1.57499390e+01
 2.10213318e+01
 2.36335144e+01
 2.39115601e+01
 1.63259888e+01
 1.07196960e+01
 8.54394531e+00
 4.94229126e+00
 1.73583984e+00
 -1.17318726e+00
 4.28771973e+00
 6.32812500e+00
 1.19252625e+01
 2.05308533e+01
 2.24788208e+01
 2.29927063e+01
 1.83432617e+01
 1.20765381e+01
 9.80529785e-01
 2.21228027e+00
 2.11154175e+00
 3.97824097e+00
 4.64065552e+00
 8.97613525e+00
 1.60305786e+01
 1.73489380e+01
 2.45744324e+01
 2.41649780e+01
 1.57568970e+01
 1.26180725e+01
 5.18145752e+00
 7.09124756e+00
 8.05453491e+00
 2.97784424e+00
 8.93273926e+00
 9.72439575e+00
 1.65894470e+01
 2.22189636e+01
 2.56562195e+01
 2.01695251e+01
 1.45037231e+01
 1.25500488e+01
 3.96972656e+00
 6.60739136e+00
 3.46817017e+00
 5.77383423e+00
 3.60491943e+00
 1.14740906e+01
 1.29570007e+01
 1.93518372e+01
 2.17734680e+01
 2.04455261e+01
 1.78122559e+01
 1.28566895e+01
 7.97589111e+00
 1.54614258e+00
 1.29345703e+00
 4.33578491e+00
 4.28179932e+00
 8.39147949e+00
 1.33110046e+01
 2.14074097e+01
 2.81106262e+01
 2.60457458e+01
 1.95316162e+01
 8.96432495e+00
 7.69644165e+00
 5.06762695e+00
 5.60913086e-02
 6.76208496e-01
 5.26306152e+00
 9.65270996e+00
 1.11168213e+01
 1.97117310e+01
 2.13295593e+01
 2.36860962e+01
 1.69289246e+01
 1.11446228e+01
 4.46258545e+00
 7.66952515e+00
 1.62307739e+00
 7.19030762e+00
 6.80133057e+00
 1.12734375e+01
 1.12532654e+01
 1.92857971e+01
 3.03365173e+01
 2.24839172e+01
 1.48084106e+01
 1.24998169e+01
 4.43914795e+00
 3.05960083e+00
 8.70513916e-01
 2.70913696e+00
 6.89804077e+00
 1.22276001e+01
 1.50267944e+01
 2.08430786e+01
 2.44332581e+01
 2.39460754e+01
 1.92142029e+01
 1.15896606e+01
 8.77090454e+00
 2.67840576e+00
 3.20660400e+00
 2.73583984e+00
 2.76242065e+00
 9.28363037e+00
 1.61514587e+01
 2.00136719e+01
 2.63426819e+01
 2.50821533e+01
 1.82665405e+01
 1.23025818e+01
 7.27041626e+00
 1.67669678e+00
 -1.38110352e+00
 2.70739746e+00
 7.78451538e+00
 9.33789062e+00
 1.22475281e+01
 2.40657043e+01
 2.17863464e+01
 2.52355652e+01
 1.59327087e+01
 1.10513306e+01
 7.67257690e+00
 1.44143677e+00
