 1.71836365e+02
 8.58257294e+01
 1.31249725e+02
 1.72383682e+02
 2.15459320e+02
 6.57872086e+01
 1.37565979e+02
 8.17361069e+01
 1.07231010e+02
 8.24090271e+01
 2.49301468e+02
 3.64863739e+02
 1.86932983e+02
 1.04546257e+02
 5.07888763e+02
 1.83289230e+02
 3.00894470e+01
 3.55154572e+01
 7.07546771e-01
 1.09621210e+01
 1.13665380e+01
 3.69292999e+02
 5.22013733e+02
 6.34887939e+02
 3.05255981e+02
 9.69440765e+01
 2.10765213e+02
 1.61008392e+02
 3.15061932e+01
 2.23823948e+01
 5.83645439e+00
 1.72600571e+02
 2.26577576e+02
 3.48001923e+02
 8.24523239e+01
 3.14807861e+02
 5.25034424e+02
 3.96630249e+02
 1.28478256e+02
 1.39406006e+02
 1.30880417e+02
 9.17740936e+01
 3.74169278e+00
 3.95867004e+01
 5.22274666e+01
 2.97134338e+02
 4.40507774e+01
 7.45079712e+02
 3.60916901e+02
 2.61688049e+02
 1.15846832e+02
 2.71259308e+01
 1.48975967e+02
 8.66167374e+01
 5.90596123e+01
 7.79320297e+01
 2.34917923e+02
 3.87435913e+02
 1.54119675e+02
 5.22161255e+02
 6.47799500e+02
 3.04328369e+02
 9.51717606e+01
 2.17516083e+02
 1.28704285e+02
 4.14633904e+01
 3.17181134e+00
 5.72793818e+00
 1.63972290e+02
 6.41288940e+02
 3.79311829e+02
 4.47629517e+02
 2.62811310e+02
 3.43856140e+02
 1.79125271e+01
 1.69933426e+02
 1.23916359e+02
 3.13783340e+01
 1.01804838e+01
 4.46349068e+01
 1.80378769e+02
 5.95956764e+01
 3.98583313e+02
 3.60040924e+02
 3.65788422e+02
 1.51654770e+02
 2.71421070e+01
 2.71381104e+02
 1.15739716e+02
 2.10943260e+01
 6.43733788e+00
 7.10496902e+01
 8.64393902e+00
 1.94193115e+02
 4.36595978e+02
 1.14913567e+02
 2.80084503e+02
 1.55115265e+02
 2.76792450e+02
 1.68736389e+02
 6.01149902e+01
 1.04680649e+02
 3.16616001e+01
 1.87515182e+01
 4.56988953e+02
 3.21272736e+02
 1.81906570e+02
 1.66927933e+02
 6.19557129e+02
 2.86219177e+02
 2.98973969e+02
 2.60096344e+02
 8.60939713e+01
 7.80025558e+01
 7.13197784e+01
 2.29554749e+01
 5.38506165e+01
 1.13896843e+02
 2.18951691e+02
 2.50084641e+02
 7.14955750e+01
 4.08783203e+02
 5.60101624e+01
 1.48099350e+02
 6.55115891e+01
 6.28175507e+01
 2.17367401e+01
 4.77936287e+01
 9.60477829e+01
 3.65640625e+02
 1.95773636e+02
 1.76421585e+02
 2.50198959e+02
 4.95820923e+02
 2.41790176e+02
 7.14374900e-01
 1.23781548e+02
 7.45587845e+01
 6.37718773e+00
 5.94263458e+01
 1.02467026e+02
 5.90413635e+02
 3.52941254e+02
 2.81142883e+02
 9.33027267e+01
 3.67102753e+02
 1.01759872e+01
 1.90305359e+02
 1.16114571e+02
 2.07613411e+01
 3.95389223e+00
 2.14805984e+01
 1.17172440e+02
 2.04426666e+02
 4.22234558e+02
 5.02575722e+01
 1.97208160e+02
 2.48530396e+02
 6.18019676e+01
 5.31983910e+01
 4.45333824e+01
 1.03429703e+02
 1.46156657e+00
 5.06453056e+01
 1.79243439e+02
 1.86962936e+02
 2.40699722e+02
 2.76589783e+02
 1.22681381e+02
 2.58207977e+02
 1.66144684e+02
 1.26192413e+02
 1.20974495e+02
 9.86868210e+01
 4.21553078e+01
 1.70236252e+02
 1.19005592e+02
 9.55289429e+02
 3.81597198e+02
 5.02261627e+02
 4.59662079e+02
 3.44810150e+02
 2.33605103e+02
 8.29566498e+01
 2.01773651e+02
 5.06029091e+01
 1.14662418e+01
 2.02210732e+01
 5.92309799e+01
 2.38124954e+02
 1.82813751e+02
 1.84869598e+02
 4.65741791e+02
 1.02310944e+02
 5.99138489e+01
 1.21403587e+02
 8.52669754e+01
 5.68014908e+01
 1.53779669e+01
 2.22444172e+01
 1.34829559e+02
 1.98312744e+02
 2.59100372e+02
 6.67509155e+02
 4.11695587e+02
 1.02144150e+02
 3.08054749e+02
 2.70587921e+02
 1.09794228e+02
 4.50698280e+01
 1.40123844e+00
 1.63166847e+01
 1.15064926e+02
 2.04069565e+02
 4.23480591e+02
 2.53625778e+02
 4.46034882e+02
 1.09144333e+02
 2.60377045e+02
 1.08090889e+02
 2.62002075e+02
 4.34293289e+01
 3.14980268e+00
 4.11366844e+01
 2.19178635e+02
 3.29860535e+02
 6.78159363e+02
 3.86889771e+02
 1.86763306e+02
 1.86757935e+02
 3.47388092e+02
 1.38362137e+02
 9.53696136e+01
 2.52470856e+01
 2.87275085e+01
 3.90431523e-01
 3.41560059e+02
 1.60005463e+02
 2.65625519e+02
 1.26676285e+02
 5.00506073e+02
 2.40816833e+02
 2.85923424e+01
 3.06864891e+01
 1.86425491e+02
 6.79593897e+00
 2.63836975e+01
 2.21943455e+01
 1.48393829e+02
 3.81448273e+02
 4.09035400e+02
 1.66137802e+02
 3.00399597e+02
 7.20822144e+01
 4.88121948e+01
 6.17296448e+01
 1.05777878e+02
 4.52284012e+01
 1.09860603e+02
 2.08934937e+01
 1.33167328e+02
 8.84435959e+01
 4.84547668e+02
 2.77170593e+02
 1.87170883e+02
 2.33999268e+02
 1.60525101e+02
 2.51634659e+02
 1.85895767e+01
 3.62294846e+01
 9.11261368e+00
 8.61689606e+01
 3.39863251e+02
 3.38559723e+02
 1.03302414e+02
 9.04621704e+02
 2.69302551e+02
 3.55424194e+02
 2.37639656e+01
 9.17053146e+01
 9.76195374e+01
 2.54824982e+01
 4.10305786e+00
 2.21411575e+02
 2.60634022e+01
 6.12071533e+02
 2.77814117e+02
 4.12722443e+02
 1.65793396e+02
 9.76652908e+01
 3.23576996e+02
 1.65961426e+02
 6.90487747e+01
 4.99251289e+01
 7.33399105e+00
 2.33310661e+01
 2.62696625e+02
 1.80260971e+02
 5.53110428e+01
 2.46456772e+02
 1.60802536e+02
 1.86110291e+02
 1.81163788e+02
 1.98356842e+02
 8.41223755e+01
 9.58618546e+01
 1.73385239e+01
 7.04747467e+01
 1.07241678e+01
 1.07642776e+02
 5.46089600e+02
 2.05876556e+02
 1.34403076e+02
 5.55715210e+02
 2.76485046e+02
 2.99763062e+02
 3.37085381e+01
 5.63010139e+01
 8.12924480e+00
 7.88049984e+00
 2.15811691e+02
 1.11143127e+02
 6.52975769e+02
 3.74948151e+02
 2.05357513e+02
 1.27389206e+02
 1.39382782e+02
 1.06460625e+02
 6.92067490e+01
 6.32890244e+01
 5.08589668e+01
 6.83073349e+01
 2.18508423e+02
 1.67582199e+02
 9.56490479e+01
 3.32491180e+02
 1.51024734e+02
 5.38203125e+02
 3.49737244e+02
 5.21919556e+01
 7.25241547e+01
 3.42728162e+00
 4.71994066e+00
 5.69182396e+01
 3.66742950e+02
 1.23024193e+02
 3.84306244e+02
 2.24641312e+02
 1.85457096e+01
 3.10775509e+01
 2.30346756e+01
 1.71157684e+02
 1.46641388e+02
 1.47620449e+01
 6.55978680e+00
 3.50406189e+02
 1.57108704e+02
 3.87686157e+02
 3.02092865e+02
 7.24479752e+01
 1.90386795e+02
 3.53415314e+02
 4.74090424e+01
 2.39019775e+02
 1.51795242e+02
 4.13383293e+01
 2.04067402e+01
 9.69162521e+01
 8.66047058e+01
 2.55342072e+02
 1.55570007e+02
 2.76467072e+02
 3.02309647e+01
 8.50536041e+01
 1.83861145e+02
 4.81491318e+01
 1.29019073e+02
 1.86586342e+01
 3.15026932e+01
 1.84266853e+01
 2.91138641e+02
 3.89987030e+02
 2.38172348e+02
 3.81255493e+02
 4.57994049e+02
 1.03202629e+02
 4.94607315e+01
 2.05699921e+02
 2.19097183e+02
 1.52373306e+02
 1.63988476e+01
 4.49467468e+01
 2.23298615e+02
 7.23109360e+01
 5.69915283e+02
 7.95774460e+01
 5.59684692e+02
 6.58213348e+01
 1.98238663e+02
 1.00283043e+02
 5.73782463e+01
 4.16390953e+01
 7.48447466e+00
 3.68479004e+01
 3.04869213e+01
 2.36543751e+01
 2.39533432e+02
 5.15442749e+02
 5.67737610e+02
 1.36785950e+02
 1.82722702e+02
 1.62510910e+02
 6.63280487e+01
 7.47167206e+01
 3.40828362e+01
 1.58719757e+02
 6.52946625e+01
 7.35482025e+01
 1.54544235e+02
 7.89886627e+01
 1.90798798e+02
 1.83505768e+02
 3.49462852e+01
 6.48278809e+01
 5.24921570e+01
 1.98765278e+01
 1.65244782e+00
 3.02508698e+01
 1.95801376e+02
 3.62707031e+02
 1.38757538e+02
 3.88347656e+02
 1.60541122e+02
 3.70560577e+02
 1.95229645e+02
 1.53068420e+02
 1.62511078e+02
 1.34409149e+02
 2.67249851e+01
 2.97077770e+01
 9.64557648e+01
 4.34699005e+02
 8.23168579e+02
 2.98310760e+02
 6.95759583e+01
 1.71353958e+02
 1.92204697e+02
 3.31507996e+02
 1.25889565e+02
 7.65063248e+01
 2.13620529e+01
 5.45885735e+01
 4.04986458e+01
 1.00836296e+02
 2.39686172e+02
 2.56526775e+01
 1.32344955e+02
 4.87641754e+02
 2.51026871e+02
 4.08710541e+02
 3.79314804e+01
 1.59357574e+02
 2.30131454e+01
 6.20608635e+01
 1.19954056e+02
 3.76306000e+02
 1.32812836e+02
 2.41771500e+02
 2.50646622e+02
 3.43730011e+02
 1.37229340e+02
 1.38648727e+02
 1.11193451e+02
 1.00246407e+02
 1.73288994e+01
 4.54753151e+01
 2.12492538e+02
 2.24588776e+02
 1.18266136e+02
 5.72284355e+01
 3.81705414e+02
 1.02139565e+02
 1.41505432e+02
 1.93721054e+02
 2.03055344e+02
 8.53882294e+01
 5.92828894e+00
 6.60059738e+01
 4.00771576e+02
 5.70004822e+02
 1.14838455e+02
 4.32169861e+02
 5.28338440e+02
 3.56645508e+02
 1.53612778e+02
 1.30614639e+02
 1.36229996e+02
 8.24214172e+01
 8.61631334e-01
 4.37898941e+01
 2.12257599e+02
 5.06915527e+02
 2.94553101e+02
 2.14645187e+02
 6.79581238e+02
 2.82389343e+02
 2.44346741e+02
 1.43578323e+02
 7.68697128e+01
 7.09450340e+00
 1.65206642e+01
 6.97005653e+00
 4.05454712e+02
 6.00389221e+02
 1.78682220e+02
 2.96060791e+02
 4.79048004e+02
 4.54098511e+02
 3.65815308e+02
 7.13395386e+01
 7.39282379e+01
 6.91191788e+01
 1.28227453e+01
 4.32025223e+01
 5.09094849e+01
 8.34356140e+02
 1.01726599e+03
 2.35843109e+02
 1.30139542e+02
 1.03207993e+02
 9.82879734e+00
 5.15460281e+01
 1.10099129e+02
 6.46631546e+01
 3.86825490e+00
 1.69179352e+02
 5.69775429e+01
 2.84195435e+02
 5.33539925e+01
 4.52854218e+02
 3.59882996e+02
 3.98643158e+02
 1.66645248e+02
 1.18007797e+02
 5.37070541e+01
 3.91485691e-01
 4.70257568e+00
 9.11563644e+01
 1.41593847e+01
 7.89165268e+01
 1.94349167e+02
 9.60534973e+01
 3.37410339e+02
 2.59659767e+01
 5.13950928e+02
 2.16830856e+02
 5.02962646e+01
 1.01104218e+02
 1.64232483e+01
 1.53686508e+02
 1.84041504e+02
 2.98533142e+02
 1.23517082e+02
 3.00686401e+02
 2.55735687e+02
 3.11527588e+02
 1.01620537e+02
 9.10099030e+01
 1.16868210e+02
 2.15785812e+02
 6.04997253e+00
 5.98020210e+01
 2.60635757e+01
 6.76916016e+02
 6.33736763e+01
 3.37393158e+02
 3.45099518e+02
 3.15092163e+02
 4.78039337e+02
 7.36226654e+01
 8.54804230e+01
 7.14674530e+01
 4.31781006e+00
 6.51059675e+00
 1.12685440e+02
 5.26200371e+01
 2.53598526e+02
 1.79551895e+02
 3.22145111e+02
 1.50295563e+02
 4.80483665e+01
 6.57320709e+01
 1.10391525e+02
 1.17639046e+02
 1.30302453e+00
 1.82986420e+02
 7.36219788e+01
 2.03249588e+02
 6.45444885e+02
 2.40181152e+02
 5.43388367e+02
 2.92830322e+02
 6.90695190e+01
 1.62609558e+02
 6.36646271e+01
 1.54338503e+00
 2.62197590e+00
 2.25225195e-01
 6.03858757e+00
 4.52054291e+02
 3.62460754e+02
 7.27834412e+02
 4.14102966e+02
 5.12405029e+02
 3.65916077e+02
 1.25345322e+02
 2.58138962e+01
 7.91708298e+01
 1.62261333e+01
 4.86705780e+01
 7.52620239e+01
 2.97101257e+02
 3.19929108e+02
 6.36247620e+02
 2.34670197e+02
 2.89757324e+02
 2.03296997e+02
 3.66139771e+02
 5.42564430e+01
 5.21178589e+01
 1.95522700e-02
 4.02331726e+02
 2.80521667e+02
 1.45531448e+02
 3.06963379e+02
 1.68856293e+02
 3.81263000e+02
 2.26522308e+02
 1.26559082e+02
 1.13606293e+02
 4.27731171e+01
 1.57029358e+02
 1.50765572e+01
 3.22255403e-01
 1.01747732e+01
 2.56850037e+02
 4.81422791e+02
 4.47298187e+02
 3.79716492e+02
 3.70112396e+02
 1.64430191e+02
 5.43586922e+01
 5.97868204e+00
 2.17870026e+01
 5.43349385e-01
 3.97894630e+01
 1.18912048e+02
 1.19146729e+02
 4.41392487e+02
 2.14266129e+02
 2.66870300e+02
 1.64083023e+02
 2.00588547e+02
 1.92774628e+02
 1.04635086e+02
 6.36140594e+01
 1.75017148e-01
 5.96441889e+00
 1.41507065e+02
 1.26728439e+02
 2.25169510e+02
 4.30890991e+02
 6.50857544e+02
 8.42486343e+01
 1.96495178e+02
 2.42712997e+02
 1.59002209e+01
 3.08806515e+00
 3.12165976e+00
 2.77517262e+01
 1.18851604e+01
 8.61552582e+01
 2.23340576e+02
 3.44884125e+02
 3.28475159e+02
 4.86581055e+02
 2.45668274e+02
 1.19677567e+02
 8.39358368e+01
 8.05599365e+01
 1.28973377e+00
 1.32492542e+01
 1.76196152e+02
 6.95533142e+02
 4.91872284e+02
 2.85853882e+02
 5.71701416e+02
 1.48271637e+02
 1.41742386e+02
 2.73909340e+01
 1.62734737e+01
 2.65149689e+01
 1.46458435e+00
 3.48009605e+01
 2.86177185e+02
 2.36019699e+02
 9.68406006e+02
 4.59324799e+02
 6.42501526e+02
 2.76452148e+02
 2.60342010e+02
 1.48818970e+02
 5.10504608e+01
 2.25375309e+01
 1.20539762e-01
 3.02323685e+01
 1.24952835e+02
 3.84172302e+02
 3.06804199e+02
 6.05483437e+01
 5.96397217e+02
 3.11917053e+02
 4.99944061e+02
 2.84524506e+02
 3.54947739e+01
 2.13499508e+01
 2.44836254e+01
 2.52950001e+00
 7.04745102e+01
 5.38268738e+02
 4.52269409e+02
 1.15517456e+02
 3.77983337e+02
 2.45812988e+02
 3.20967674e+01
 1.77998032e+02
 5.25598907e+01
 1.34451477e+02
 2.97894440e+01
 2.68480277e+00
 9.33049850e+01
 2.57686890e+02
 1.90960434e+02
 7.05872986e+02
 3.13204163e+02
 6.00521545e+01
 3.21614990e+02
 2.31547409e+02
 1.00671471e+02
 5.00302887e+01
 8.09138012e+00
 4.11205626e+00
 9.66891632e+01
 5.84746033e+02
 1.46028198e+02
 2.20423717e+01
 3.66011292e+02
 1.52376541e+02
 1.28285248e+02
 3.44059814e+02
 1.39453720e+02
 3.96830101e+01
 9.49465561e+00
 1.73951645e+01
 1.23972198e+02
 9.18902512e+01
 4.33359955e+02
 6.09691696e+01
 2.11112381e+02
 2.56465607e+02
 1.78563141e+02
 1.67225800e+02
 1.79767410e+02
 2.91545048e+01
 5.18203735e+01
 5.27774990e-01
 4.18186310e+02
 5.54318481e+02
 1.23687218e+02
 3.13667328e+02
 1.58545319e+02
 3.33437225e+02
 6.00804024e+01
 8.05561371e+01
 4.59716759e+01
 1.86799068e+01
 1.51534390e+00
 7.67017186e-01
 8.89666977e+01
 1.66109329e+02
 7.01939575e+02
 4.68290367e+01
 3.46307678e+02
 1.11256714e+02
 4.01805458e+01
 9.14881420e+00
 6.27847672e+01
 2.97195740e+01
 3.00759530e+00
 3.19091439e+00
 1.08136139e+01
 2.89518127e+02
 1.93474426e+02
 1.79776489e+02
 5.08265991e+02
 4.06322601e+02
 4.26678314e+02
 1.78975388e+02
 1.35625244e+02
 3.96750755e+01
 7.46605444e+00
 1.35481262e+02
 1.02719984e+01
 1.14464432e+02
 2.82229034e+02
 7.78386917e+01
 3.32201385e+02
 1.68181641e+02
 1.05245277e+02
 3.24728813e+01
 1.19879974e+02
 1.49766788e+01
 1.71554148e+00
 2.35260220e+01
 9.15332184e+01
 6.09275024e+02
 1.80235413e+02
 8.44784241e+01
 1.85857513e+02
 4.53902740e+01
 2.15948380e+02
 4.18260956e+01
 1.97001228e+01
 1.54922390e+01
 6.08394890e+01
 4.57020950e+01
 2.36706696e+02
 1.08130142e+02
 2.91596161e+02
 1.87387970e+02
 2.50483810e+02
 2.48898438e+02
 1.26402657e+02
 3.31060577e+02
 7.38703003e+01
 6.26114044e+01
 6.63500875e-02
 3.09699446e-01
 5.12748528e+00
 1.04083488e+02
 1.58243469e+02
 5.52486153e+01
 1.35637466e+02
 3.86019135e+01
 3.03847412e+02
 2.99098625e+01
 2.48047485e+02
 1.36538345e+02
 3.69268322e+00
 7.10329533e+00
 7.87800140e+01
 3.22687042e+02
 5.96851578e+01
 1.47864746e+02
 7.09483337e+01
 1.01630646e+02
 1.00429031e+02
 9.07156219e+01
 1.81147537e+01
 6.62907410e+01
 3.61253172e-02
 5.73039360e+01
 4.96354523e+02
 8.86805359e+02
 9.42846680e+01
 6.15924377e+02
 2.91563873e+02
 2.68194916e+02
 1.10474617e+02
 3.07707424e+01
 6.40156555e+01
 5.18051453e+01
 8.84394455e+00
 6.83766861e+01
 1.02569687e+02
 1.39137222e+02
 4.48802795e+02
 3.52129395e+02
 4.21647552e+02
 1.28562988e+02
 2.37788971e+02
 1.18688271e+02
 5.83639374e+01
 5.40433273e+01
 5.08106565e+00
 1.54923391e+01
 1.45247696e+02
 1.16540432e+01
 1.83069477e+01
 5.04939041e+01
 3.53705025e+01
 1.96414474e+02
 2.69614471e+02
 2.31319077e+02
 1.50048080e+02
 9.11240005e+00
 2.92445827e+00
 8.73936234e+01
 2.13664474e+02
 2.63134033e+02
 5.47231201e+02
 4.90728577e+02
 4.41246887e+02
 5.34435425e+01
 3.01656799e+02
 1.14240028e+02
 1.29715714e+02
 3.34138641e+01
 1.23705471e+00
 5.50792618e+01
 2.59081909e+02
 1.67702835e+02
 1.38933090e+02
 2.36108582e+02
 4.94547272e+02
 1.89075867e+02
 8.97416077e+01
 2.09664246e+02
 5.84927139e+01
 5.29145699e+01
 1.13661185e-01
 2.13859062e+01
 1.91268997e+02
 6.25173645e+02
 3.81985229e+02
 1.88491211e+02
 2.70093323e+02
 1.19701828e+02
 8.67575836e+01
 2.71517731e+02
 7.40019760e+01
 1.14782066e+02
 1.40263519e+01
 9.96388931e+01
 1.51343826e+02
 2.68728546e+02
 2.40234955e+02
 1.61269089e+02
 1.01236200e+01
 2.44633465e+01
 1.30425064e+02
 9.01715698e+01
 6.11344681e+01
 3.31219788e+01
 1.72496307e+00
 5.39672585e+01
 3.04000641e+02
 9.88570862e+01
 5.07284668e+02
 1.07155609e+02
 1.68653473e+02
 3.85102661e+02
 9.07327881e+01
 2.31022217e+02
 1.16078400e+02
 4.11455383e+01
 1.30639315e-01
 1.72733152e+00
 3.16809444e+01
 1.75100204e+02
 3.02010864e+02
 1.34957047e+02
 3.10779022e+02
 1.11155464e+02
 1.22691582e+02
 1.12807762e+02
 1.18337166e+02
 7.95471573e+01
 8.22100163e+00
 4.91104937e+00
 5.65025513e+02
 2.27638138e+02
 3.34087860e+02
 2.11910477e+02
 3.05026123e+02
 7.18891449e+01
 7.44804382e+01
 7.46472473e+01
 1.27923088e+02
 2.33487940e+00
 3.47875834e-01
 1.78896916e+00
 1.16043353e+00
 4.29589417e+02
 3.62955994e+02
 1.11420860e+02
 1.31491867e+02
 3.81703827e+02
 1.37450073e+02
 8.74224472e+01
 5.68198242e+01
 4.11359444e+01
 9.77717996e-01
 4.26229763e+00
 1.23539085e+02
 2.10543766e+01
 7.77909851e+01
 6.67576050e+02
 9.14618591e+02
 2.77214142e+02
 6.35053894e+02
 1.30157959e+02
 5.77290306e+01
 1.73974552e+01
 8.76105964e-01
 5.54206228e+00
 3.63015320e+02
 5.01751373e+02
 4.59861511e+02
 3.68061676e+02
 3.62937408e+02
 2.55612793e+02
 1.97365402e+02
 5.12420540e+01
 1.13401428e+02
 1.41994400e+01
 2.05465775e+01
 1.28727131e+01
 9.99597321e+01
 1.60610275e+02
 4.73510193e+02
 4.02625793e+02
 4.27685852e+02
 5.64856384e+02
 1.17067764e+02
 1.43895035e+01
 3.84745431e+00
 1.28464111e+02
 2.29870725e+00
 2.38633518e+01
 2.62979832e+01
 3.06244904e+02
 5.70191040e+02
 6.75261414e+02
 1.15223071e+03
 2.18027000e+01
 2.70870087e+02
 1.46992386e+02
 1.47072769e+02
 1.52058151e+02
 3.90609779e+01
 8.11493874e+00
 1.71412720e+02
 2.13872833e+02
 2.54337036e+02
 1.53063690e+02
 3.90817780e+02
 7.39367371e+01
 1.04677315e+02
 6.69643021e+01
 1.29277069e+02
 1.09746819e+02
 3.09836025e+01
 1.00991201e+01
 2.10988846e+01
 2.11079666e+02
 5.01034882e+02
 3.83366089e+02
 3.68757690e+02
 1.40651993e+02
 4.67087311e+02
 2.25668594e+02
 1.36802612e+02
 1.10520950e+02
 1.34285755e+01
 4.32211075e+01
 4.15050140e+02
 9.39876160e+02
 2.19697266e+02
 3.58318085e+02
 7.01925110e+02
 1.66980530e+02
 3.54528107e+02
 3.62729950e+01
 3.45358467e+01
 6.35335770e+01
 6.20121419e-01
 4.29523125e+01
 2.00336158e-01
 1.36508179e+02
 1.46673218e+02
 3.52479462e+02
 1.82211746e+02
 3.51649841e+02
 1.16227089e+02
 1.18745361e+02
 8.19514847e+01
 3.07325983e+00
 9.45567608e+00
 2.40890369e+01
 1.25046143e+02
 5.54237549e+02
 8.51466125e+02
 5.17259521e+02
 6.83558350e+01
 2.14701370e+02
 1.85256226e+02
 2.34457809e+02
 1.82695602e+02
 1.31046906e+02
 6.24607921e-01
 5.71942024e+01
 2.33740814e+02
 3.27788055e+02
 5.26088638e+01
 6.17459412e+01
 3.09252136e+02
 3.09243591e+02
 2.85580811e+02
 1.17242897e+02
 1.16357079e+02
 6.94454346e+01
 2.46071243e+00
 1.31631226e+02
 2.30116852e+02
 1.96151382e+02
 3.60373047e+02
 5.12665771e+02
 4.54846313e+02
 3.96403580e+01
 1.89339005e+02
 9.78187485e+01
 5.29333267e+01
 1.56796860e+02
 6.40328503e+00
 8.12376480e+01
 2.20312166e+00
 1.19834160e+02
 3.63407867e+02
 6.04992920e+02
 2.12403046e+02
 2.28677628e+02
 1.35498459e+02
 8.39770660e+01
 1.96866455e+02
 8.87792511e+01
 1.29165545e+01
 1.50099669e+01
 6.00325508e+01
 3.20033081e+02
 7.83249054e+01
 4.23664917e+02
 9.28965149e+01
 1.92096695e+02
 2.13109650e+02
 4.37557259e+01
 7.40826111e+01
 4.84078407e+01
 1.60298991e+00
 3.37773209e+01
 1.97745476e+01
 2.64970123e+02
 1.62600494e+02
 7.99205505e+02
 2.77922638e+02
 2.74387238e+02
 1.75876617e+02
 2.94564362e+02
 2.96273403e+01
 6.38615494e+01
 2.68224359e+00
 2.06488953e+01
 2.04554382e+02
 7.32249527e+01
 3.27516541e+02
 7.79510193e+02
 4.71379974e+02
 2.33813019e+02
 9.95011826e+01
 1.69353043e+02
 9.43104019e+01
 1.00534157e+02
 1.08958645e+01
 1.05779352e+01
 1.17417917e+01
 2.28174866e+02
 1.37831512e+02
 7.52855835e+01
 9.97110367e+01
 2.48887573e+02
 1.74108673e+02
 9.83659592e+01
 1.46702652e+02
 5.82553864e+01
 5.83495665e+00
 1.13930916e+02
 1.01278923e+02
 1.52942505e+02
 4.87211548e+02
 6.52927124e+02
