 1.69173336e+01
 6.10813443e+01
 7.14091354e+01
 3.14053512e+01
 4.83033845e+01
 7.47612590e+01
 7.28767905e+01
 1.02001991e+02
 9.05619522e+01
 7.31705905e+01
 1.30645602e+02
 3.11183696e+01
 5.23844629e+01
 9.15351000e+01
 7.03074733e+01
 8.15944861e+01
 5.01680281e+01
 7.16498735e+01
 6.87986840e+01
 1.17854960e+02
 6.42665400e+01
 6.75063813e+01
 2.48691271e+01
 7.75708019e+00
 6.53787286e+01
 2.91589462e+01
 4.41151371e+01
 5.37490060e+01
 8.60669196e+01
 6.39177376e+01
 6.44426992e+01
 1.09426627e+02
 1.49743294e+02
 2.04070996e+01
 7.25116626e+01
 5.52938103e+01
 6.76976699e+01
 4.69441995e+01
 7.99700687e+01
 4.06873830e+01
 5.91001820e+01
 3.29500066e+01
 5.24136168e+01
 1.84316465e+01
 1.06975195e+02
 1.07145040e+02
 8.95436170e+01
 6.47677675e+01
 3.05676555e+01
 5.01978196e+00
 4.67009411e+01
 6.06317953e+01
 1.13307404e+02
 3.80555584e+01
 3.76225303e+01
 4.07661080e+01
 1.36280058e+02
 1.38313764e+02
 5.58347058e+01
 7.30813894e+01
 3.68495076e+01
 4.87895048e+01
 3.51716874e+01
 9.60094559e+01
 1.01768350e+02
 7.16221362e+01
 4.88439210e+01
 8.48872449e+00
 8.44667925e+01
 1.14774231e+02
 1.00677885e+01
 9.57097105e+01
 4.66346432e+01
 5.91684649e+01
 5.28903353e+01
 8.60268889e+01
 8.66660564e+01
 3.47588781e+01
 6.03868382e+01
 4.11184496e+01
 4.55492683e+01
 4.44291363e+01
 5.24455089e+01
 8.67205739e+01
 3.41177975e+01
 2.02142166e+01
 5.13727667e+01
 3.18439969e+01
 1.47409173e+01
 6.62773119e+01
 1.06937318e+02
 2.50346657e+01
 9.13340984e+01
 8.39515541e+01
 2.67432754e+01
 4.69191523e+01
 9.05692734e+01
 3.12893027e+01
 5.51727952e+01
 6.69525167e+01
 1.25007097e+02
 7.70991641e+01
 7.35741464e+01
 1.52672825e+01
 3.59892600e+01
 7.17018489e+01
 1.01049165e+02
 7.12314055e+01
 1.93472623e+01
 2.12131783e+01
 5.62660677e+01
 9.15522625e+01
 4.07385618e+01
 8.21128429e+01
 3.51762379e+01
 1.55938925e+02
 2.37740559e+01
 1.29917986e+02
 1.13488097e+02
 5.55021898e+01
 5.13915032e+00
 2.35142213e+01
 3.52741793e+01
 6.28506605e+01
 3.46775882e+01
 3.31044004e+01
 2.92439796e+01
 4.46230411e+01
 1.02630752e+02
 4.74904058e-01
 4.46428959e+01
 1.31358523e+02
 8.89206339e+01
 5.54206390e+01
 3.54653924e+01
 2.70386047e+01
 5.43246319e+01
 8.92333818e+01
 4.39644126e+01
 3.49949100e+01
 2.81380419e+01
 6.09287681e+01
 4.43471069e+01
 6.71756517e+01
 1.43953318e+01
 9.97038258e+01
 8.90689955e+01
 4.46556683e+01
 6.43908370e+01
 9.10079742e+01
 5.48241075e+01
 6.54742048e+01
 7.43630736e+01
 1.64218741e+02
 6.98478031e+01
 5.38837079e+01
 6.28596220e+01
 7.52436424e+01
 3.08133592e+01
 1.25157268e+02
 1.24375113e+02
 5.49649865e+01
 1.24946840e+02
 3.92347955e+01
 7.75289671e+01
 5.55159337e+01
 3.42930633e+01
 5.52611144e+01
 7.47220388e+01
 8.47556646e+01
 7.00589438e+01
 8.75929920e+01
 3.63115021e+01
 9.05952671e+01
 5.14306605e+01
 2.61110715e+01
 6.82267865e+01
 1.46503009e+02
 9.75149923e+01
 6.88161403e+01
 4.06642909e+01
 1.73911269e+01
 8.47621154e+01
 4.16180179e+01
 1.37898301e+02
 4.84837018e+01
 4.99173549e+01
 4.92049007e+01
 1.49083144e+02
 1.12700813e+02
 9.17190729e+01
 3.56390858e+01
 3.42091545e+01
 1.25003660e+01
 3.96798924e+01
 2.96251811e+01
 7.10147485e+01
 7.54649083e+01
 5.74920775e+01
 1.26513923e+02
 1.87396200e+02
 9.95635451e+01
 1.13201936e+02
 1.18396744e+02
 5.18146213e+01
 3.16069505e+01
 1.00690999e+02
 6.20732479e+01
 2.03217274e+02
 6.61360512e+01
 6.35746924e+01
 5.40866600e+01
 3.76763525e+01
 6.60660775e+01
 1.13276355e+02
 8.92369911e+01
 3.16209023e+01
 5.47584695e+01
 4.69069382e+01
 7.13307509e+01
 1.54795228e+02
 4.40082009e+01
 1.25021605e+02
 8.29880516e+01
 1.52612923e+02
 3.71081514e+01
 8.21610284e+01
 9.59075714e+01
 2.82106056e+01
 2.09572057e+01
 9.00551429e+01
 6.00562948e+01
 7.93170138e+01
 1.30354604e+02
 1.14838171e+02
 6.21131273e+01
 6.80154117e+01
 6.88424101e+01
 7.47687792e+01
 1.64377053e+01
 4.67215155e+01
 5.17692456e+01
 3.19113722e+01
 1.04667960e+02
 6.50935033e+01
 1.32835608e+02
 6.67112885e+01
 2.34653153e+01
 1.25493567e+02
 4.44989956e+01
 8.90876938e+01
 1.36022524e+01
 8.96413948e+01
 3.84581845e+01
 5.36410443e+01
 5.79566391e+01
 3.46890422e+01
 5.85962234e+01
 4.56631653e+01
 4.77499859e+01
 4.35624334e+01
 8.28337267e+01
 9.83338624e+01
 2.55874310e+01
 7.01171932e+01
 7.45836379e+01
 6.89644532e+01
 1.57903168e+02
 7.17190665e+01
 9.23322259e+01
 3.32739290e+01
 6.06365954e+01
 4.13895707e+01
 9.17728184e+01
 8.62679483e+01
 4.85290449e+01
 4.62961038e+01
 5.39206408e+01
 9.24387013e+01
 1.35318178e+01
 7.33767484e+01
 7.88399230e+01
 1.34475987e+02
 9.03607428e+01
 4.08254188e+01
 3.77157922e+01
 9.08116963e+01
 3.47502148e+01
 2.03165380e+01
 2.08840584e+01
 5.22773670e+01
 4.89593376e+01
 1.67997313e+02
 6.90867886e+01
 8.00908500e+01
 4.24403107e+01
 1.11702467e+01
 7.00685952e+01
 7.37937260e+01
 2.12510973e+01
 6.72491017e+01
 2.72419414e+01
 3.53052041e+01
 6.72621389e+01
 7.21259451e+01
 3.64386602e+01
 1.21145613e+02
 2.57903393e+01
 6.72334587e+01
 5.82801643e+01
 1.45878537e+02
 8.48441888e+01
 4.49639921e+01
 3.97558741e+01
 6.31339584e+01
 8.13488817e+01
 6.47486694e+01
 9.85536956e+01
 4.23685075e+01
 7.54966887e+01
 9.96893073e+01
 4.34144926e+01
 8.44368346e+01
 5.45053678e+01
 8.53241033e+00
 1.56912999e+01
 1.27155348e+01
 7.11904803e+01
 4.26544976e+01
 3.22957639e+01
 4.57402887e+01
 8.81088449e+01
 9.12068265e+01
 7.91286825e+01
 8.91350495e+01
 6.95755896e+01
 2.69417589e+01
 3.31695325e+01
 4.91809939e+01
 7.58323437e+01
 5.40288588e+01
 4.16064194e+01
 1.29325212e+02
 3.68773705e+01
 7.29111352e+01
 7.54538299e+01
 1.17512366e+02
 6.99205454e+01
 8.56593199e+01
 8.78016637e+01
 4.84487887e+01
 5.08576140e+01
 8.30646294e+01
 9.40489109e+01
 7.50075077e+01
 5.84330470e+01
 4.50295017e+01
 6.68400063e+01
 4.13772414e+01
 4.75719052e+01
 2.37583821e+01
 5.12740486e+01
 1.84485949e+01
 1.66211078e+02
 5.78475762e+01
 1.25124746e+02
 1.23281217e+02
 7.38806817e+01
 9.55247912e+01
 1.42156666e+02
 3.93794753e+01
 9.82794175e+01
 7.96317194e+01
 5.40877190e+01
 6.10060572e+01
 3.65093448e+01
 6.44078304e+01
 7.51657058e+01
 6.47716115e+01
 1.07646854e+02
 1.04917930e+02
 1.59155359e+02
 8.26921624e+01
 1.54795939e+02
 6.28876261e+01
 8.48183629e+01
 8.19713373e+01
 9.68879306e+01
 1.09951476e+02
 5.70388144e+01
 6.06881264e+01
 5.90414747e+01
 2.55792687e+02
 7.68003529e+01
 5.81520826e+01
 2.67688207e+01
 7.23585798e+00
 5.65403152e+01
 1.26558530e+02
 5.20838162e+01
 8.03831835e+01
 1.23974791e+02
 5.84647393e+01
 4.95698414e+01
 1.93157593e+01
 1.37133877e+02
 3.94296269e+01
 1.17232409e+02
 1.19911823e+02
 7.12563237e+01
 2.66011807e+01
 1.26015677e+02
 1.37461381e+02
 1.24022421e+02
 9.60099415e+01
 1.02143970e+02
 7.32893581e+01
 1.15292045e+02
 3.95970714e+01
 1.11296757e+02
 1.38509637e+02
 2.38778874e+01
 1.16622008e+02
 5.47594297e+01
 5.60783308e+01
 3.49141749e+01
 3.67646962e+01
 1.06936899e+02
 4.76268822e+01
 1.49055021e+02
 7.43853181e+01
 2.88256615e+01
 7.64463304e+01
 1.40195173e+01
 4.63746304e+01
 1.14507554e+02
 4.88508831e+01
 3.60828634e+01
 6.01007165e+01
 8.56668045e+00
 9.71694714e+01
 2.67481878e+01
 7.20436459e+01
 2.46093394e+01
 8.10807587e+01
 1.00479106e+02
 5.39650408e+01
 2.31209283e+01
 1.14468378e+02
 7.06292563e+01
 2.93513142e+01
 8.70717073e+01
 7.87053196e+01
 6.65611146e+01
 3.06909427e+01
 9.70806470e+01
 7.74301929e+01
 5.45475535e+01
 3.31661218e+01
 5.46567786e+01
 6.78103637e+01
 7.53676651e+01
 5.00205191e+01
 2.06714923e+01
 1.99034037e+02
 9.51796974e+01
 6.53512458e+01
 1.10832321e+02
 5.97386601e+01
 4.45958995e+01
 9.93223333e+01
 2.80080731e+01
 1.60864382e+02
 3.02490580e+01
 5.78987320e+01
 4.14116747e+01
 1.27189856e+02
 4.26283595e+01
 8.17383165e+01
 2.33426047e+01
 7.93265044e+01
 1.18515707e+01
 2.68163395e+01
 3.05491704e+01
 5.34525424e+01
 1.33309080e+02
 6.40275820e+01
 1.06159750e+02
 1.47334191e+02
 1.62797818e+02
 3.32909565e+01
 8.07582238e+01
 1.88572944e+01
 4.34831233e+01
 7.48363696e+01
 5.85966760e+01
 1.86681809e+02
 1.27407228e+02
 3.55516045e+01
 4.24136464e+01
 4.43571825e+01
 8.79525810e+01
 8.40895786e+01
 8.26993965e+01
 1.20129756e+02
 2.24952065e+01
 5.11200766e+01
 1.21046110e+01
 4.09840073e+01
 6.76121436e+01
 4.82112602e+01
 1.47069133e+02
 1.02837902e+02
 5.50960322e+01
 9.87206097e+01
 8.44951405e+01
 8.82874030e+01
 3.24663394e+01
 1.05876220e+02
 5.51709392e+01
 8.73881717e+01
 1.26081279e+02
 3.43102944e+01
 7.32878591e+01
 8.36058663e+01
 3.50661774e+01
 1.21221167e+02
 9.42119953e+01
 5.01576995e+01
 7.22867930e+01
 2.84227292e+01
 2.96844488e+01
 2.84870807e+01
 4.63695197e+01
 1.06546449e+02
 3.82801722e+01
 1.59207820e+01
 1.84967437e+02
 1.01623100e+02
 5.58462345e+01
 5.98789098e+01
 3.62406343e+01
 8.69191461e+01
 6.23687257e+01
 1.39836570e+02
 5.49390267e+01
 3.71326233e+01
 8.60041783e+01
 1.23830461e+02
 1.33964380e+02
 6.67825945e+01
 9.88596802e+01
 1.17541078e+02
 4.02663540e+01
 8.54291578e+01
 5.97854425e+01
 5.29188266e+01
 5.95557553e+01
 9.02273188e+01
 6.24908617e+01
 1.09227125e+02
 1.22191286e+02
 9.82590005e+01
 6.13724302e+01
 6.85801318e+01
 1.84856609e+01
 4.32874070e+01
 5.33451580e+01
 3.92168520e+01
 2.05852459e+02
 9.18884987e+01
 5.83782665e+01
 8.58403235e+01
 7.57273283e+01
 5.08224508e+01
 4.97225926e+01
 2.80452603e+01
 3.60290451e+01
 1.16568107e+01
 5.24400398e+01
 7.56765768e+01
 5.79341494e+01
 1.69676234e+01
 2.03871835e+02
 5.04580565e+01
 9.02972122e+01
 1.37293594e+02
 6.45301708e+01
 6.67493290e+01
 5.33792430e+01
 6.59460123e+01
 1.00720514e+02
 7.69521249e+01
 4.65794188e+01
 2.53234281e+01
 9.59755648e+01
 1.10993354e+02
 7.97783027e+01
 1.53768355e+02
 6.41599148e+01
 4.55299604e+01
 3.05861689e+01
 7.11350134e+01
 1.28482188e+02
 5.44840188e+01
 1.81606985e+02
 1.02105462e+02
 1.65835944e+01
 9.40467515e+01
 4.88300018e+01
 8.40446841e+01
 2.81006498e+01
 7.38832054e+01
 3.45314298e+01
 6.78868050e+01
 8.89116613e+01
 1.81573654e+02
 4.67159223e+01
 1.29287493e+02
 2.30403027e+02
 6.30862130e+01
 1.38834598e+02
 3.65149319e+01
 7.48779665e+01
 2.24898570e+01
 5.97874039e+01
 6.21757128e+01
 1.18653164e+02
 1.97951618e+02
 7.70690364e+01
 6.35018855e+01
 5.01954427e+01
 1.37290529e+01
 9.89663474e+01
 6.12717473e+01
 1.26808375e+02
 5.26290753e+01
 1.04197891e+01
 9.57954769e+01
 2.70514266e+01
 4.58225814e+01
 1.11278977e+02
 4.15413571e+01
 1.42476024e+01
 6.48667036e+01
 9.56485087e+01
 3.82699012e+01
 7.35713061e+01
 3.51790368e+01
 4.01714352e+01
 9.92016348e+01
 2.59411877e+01
 6.18481207e+01
 8.62640538e+01
 3.89993156e+01
 2.91692190e+01
 1.13573247e+02
 3.25018758e+01
 5.63688054e+01
 2.08288646e+01
 6.54763728e+01
 2.50880774e+01
 4.21449907e+01
 1.60519007e+02
 1.40724225e+02
 3.32090270e+01
 3.10844923e+01
 5.62013045e+01
 1.50626364e+01
 8.88186731e+01
 1.01977259e+02
 8.93278633e+01
 2.31317503e+01
 6.45405723e+01
 4.50267140e+01
 4.65054999e+01
 1.27725955e+02
 2.64520551e+01
 9.00675860e+01
 4.88039805e+01
 2.13968815e+02
 6.62788223e+01
 1.33885665e+02
 2.64138311e+01
 7.45826319e+01
 1.21532546e+02
 1.45493619e+01
 7.87295160e+01
 5.62237107e+01
 5.24130427e+01
 4.89152322e+01
 5.94372939e+01
 6.92617745e+01
 1.17918150e+02
 1.10682534e+02
 3.82434351e+01
 8.74144999e+01
 1.09722627e+02
 5.42845014e+01
 3.40813042e+01
 8.75396221e+01
 2.70770234e+01
 4.18416514e+01
 6.09088710e+01
 9.34646503e+01
 8.23379637e+01
 4.67551166e+01
 6.03668582e+01
 4.25448488e+01
 5.56026480e+01
 1.12368271e+02
 8.79491873e+01
 1.02608982e+02
 5.13884320e+01
 2.02844768e+01
 6.52101093e+01
 1.40866004e+02
 1.04047911e+02
 1.01910035e+02
 2.97150782e+01
 5.44949662e+01
 5.07954195e+01
 4.33074552e+01
 1.25338025e+02
 1.36969545e+02
 6.51390175e+01
 5.19070818e+01
 8.94342869e+01
 6.44988958e+01
 6.95505964e+01
 8.98391985e+01
 1.10922150e+02
 5.50054864e+01
 4.87987238e+01
 3.19701990e+01
 6.73409283e+01
 5.20861222e+01
 3.20291856e+01
 3.36039058e+01
 3.55257684e+01
 9.08539033e+01
 5.51224043e+01
 1.13854608e+02
 8.77005144e+01
 8.05589110e+01
 1.09599554e+02
 9.78007551e+01
 5.06638301e+01
 3.12605267e+01
 1.68872123e+02
 5.79491278e+01
 3.83801380e+01
 3.36068518e+01
 1.01043049e+02
 4.08546177e+01
 6.45864080e+01
 6.72470603e+01
 5.46270926e+01
 7.46546106e+01
 7.80769424e+01
 1.36347939e+02
 3.35084488e+01
 6.10726134e+01
 1.01664665e+02
 5.51752769e+01
 2.80220818e+01
 7.30491191e+01
 3.33191458e+01
 6.09852149e+01
 3.04138212e+01
 8.21724552e+00
 5.00157450e+01
 9.85911171e+00
 9.09803360e+01
 1.01040804e+01
 5.90073903e+01
 5.92870530e+01
 1.20923538e+02
 7.19081750e+01
 1.09651031e+02
 1.12361412e+02
 6.85442300e+01
 7.43366212e+01
 3.18785070e+01
 1.27405349e+02
 8.92868384e+01
 3.34541703e+01
 5.82487254e+01
 3.51120677e+01
 2.11301294e+02
 1.16856035e+02
 1.00909995e+02
 9.22304412e-01
 1.01979280e+02
 1.35564329e+02
 2.79284799e+01
 7.87000699e+01
 4.53022729e+01
 6.67245452e+01
 5.13725524e+01
 2.48280375e+01
 5.81890728e+01
 4.68138397e+01
 7.93230502e+01
 3.87644179e+01
 4.46731546e+01
 4.67924077e+01
 4.18423208e+01
 1.66529015e+02
 3.08999955e+01
 2.40759938e+01
 3.91352123e+01
 3.43569279e+01
 1.58060215e+02
 6.53343761e+01
 1.08974956e+02
 3.46316600e+01
 4.69163707e+01
 2.85366130e+00
 6.60929955e+01
 7.34938659e+01
 1.64291618e+02
 5.97527157e+01
 5.87605075e+01
 7.69609633e+01
 1.09478689e+02
 1.93751571e+02
 8.13308618e+01
 2.15231219e+01
 5.86831206e+00
 5.36924047e+01
 1.16961524e+02
 3.60860365e+01
 6.01883570e+01
 2.95604756e+01
 1.29113047e+02
 3.08844938e+00
 8.16453726e+01
 2.69956597e+01
 6.47361094e+01
 6.73158137e+01
 4.66961169e+01
 4.52389229e+01
 3.54302945e+01
 4.09628775e+01
 9.98388425e+01
 4.31312941e+01
 1.00293611e+02
 1.13045705e+02
 6.53952397e+01
 5.63792582e+01
 9.42674189e+01
 3.92155415e+01
 6.73914533e+01
 6.31409204e+01
 2.19611296e+01
 6.40460663e+01
 9.70531474e+01
 3.01720043e+01
 1.12396061e+02
 5.81984387e+01
 6.54799879e+01
 1.39187179e+02
 9.48843579e+01
 4.86854939e+01
 2.44051596e+01
 7.99227959e+01
 8.73023516e+01
 1.07647117e+02
 5.69999501e+01
 2.04268385e+01
 8.34882969e+01
 4.33892015e+01
 1.08952399e+02
 5.82194149e+01
 2.48917218e+01
 1.15895897e+02
 8.09027723e+01
 1.16450329e+02
 1.41650889e+01
 2.19650759e+02
 1.08667174e+02
 6.17215515e+01
 1.35097092e+01
 1.81485642e+01
 1.10086196e+02
 9.73452871e+01
 8.09497657e+01
 3.85561895e+01
 5.58783921e+01
 4.96529233e+01
 6.25309344e+01
 5.72188080e+01
 1.08749523e+02
 2.72952845e+01
 7.89356156e+01
 1.21892491e+02
 6.19928868e+01
 7.95174662e+01
 1.11178017e+02
 5.88826822e+01
 5.58306951e+01
 5.53455361e+01
 3.03098933e+01
 9.93163603e+01
 1.25273913e+02
 4.52611537e+01
 9.95826530e+01
 1.37734137e+02
 8.93117761e+01
 1.57444855e+01
 3.05790193e+01
 7.45648492e+01
 2.17115260e+01
 5.45545164e+01
 5.07434587e+01
 2.33924037e+01
 8.35219802e+01
 4.09169348e+01
 5.72670260e+01
 5.68094195e+01
 1.22404367e+02
 9.89990198e+00
 7.06862796e+01
 6.69200237e+01
 9.09460403e+01
 1.85601559e+01
 4.67577805e+01
 5.65028899e+01
 8.24131581e+01
 1.24193025e+01
 7.96450832e+01
 1.23926795e+02
 4.65869027e+01
 7.14449768e+01
 1.26968137e+02
 1.14636122e+01
 2.16980033e+01
 9.45742855e+01
 8.10838145e+01
 1.24064573e+02
 1.18996922e+02
 8.05224004e+01
 1.24949792e+02
 6.74576248e+01
 1.12854368e+02
 8.51220771e+01
 5.57661927e+01
 6.33637990e+01
 7.46843752e+00
 8.39404168e+01
 3.65537749e+01
 5.99338121e+01
 3.78740779e+01
 9.69408991e+01
 6.67762808e+01
 6.09278483e+01
 9.51586212e+01
 6.18363235e+01
 9.58544084e+01
 4.70184092e+01
 1.72341215e+01
 9.33379229e+01
 4.25051302e+01
 6.41746282e+01
 7.46241756e+01
 6.71793252e+01
 3.49654126e+01
 3.80662729e+01
 7.49647000e+00
 6.53125229e+01
 6.25518589e+01
 1.12420411e+02
 1.23039453e+02
 4.48767885e+01
 5.85276322e+01
 1.11268178e+02
 6.88381337e+01
 3.39767220e+01
 1.67705929e+02
 1.26567839e+02
 1.40373949e+02
 4.17957289e+01
 7.99033031e+01
 5.98026097e+01
 7.88724172e+01
 1.17399108e+02
 7.95090361e+01
 8.41564307e+01
 8.27188954e+01
 9.43706465e+01
 1.12928510e+02
 1.76894446e+02
 1.07827741e+02
 5.86517734e+01
 2.90260023e+01
 6.54169493e+01
 4.64127644e+01
 4.05809118e+01
 8.31253035e+01
 8.81397625e+01
 1.48448982e+02
 6.66624469e+01
 8.15784900e+01
 1.30431682e+02
 4.59976560e+01
 5.08171325e+01
 1.19790900e+02
 7.46677345e+00
 9.18998133e+01
 2.12506174e+01
 3.98405635e+01
 7.96920735e+01
 2.67806828e+01
 8.83644680e+01
 1.25369596e+01
 4.50196572e+01
 8.34951274e+01
 6.02930024e+01
 1.82866478e+01
 6.03977319e+01
 8.63695124e+01
 7.61088726e+01
 1.21221912e+02
 8.62681032e+01
 1.83226281e+02
 7.45397780e+01
 5.40540031e+01
 1.72354470e+02
 6.55400448e+01
 9.40167464e+01
 1.37032043e+02
 2.85613029e+01
 3.62613651e+01
 6.77107511e+01
 2.79700127e+01
 1.64799656e+02
 3.66174085e+01
 6.17506373e+01
 1.70605163e+01
 4.75489792e+01
 8.54856728e+01
 9.94505205e+01
 1.67703435e+02
 5.96034236e+01
 3.27208378e+01
 5.42946254e+01
 2.21056176e+01
 8.51917364e+01
 1.06117182e+02
 3.16898968e+01
 3.45413091e+01
 5.74493150e+01
 2.58698232e+01
 6.05263153e+01
 6.67220313e+01
 4.61259743e+01
 6.12709750e+01
 6.61383094e+01
 5.08019225e+01
 6.43807763e+01
 2.61396015e+01
 8.41825542e+01
 1.62507528e+01
 1.17242004e+01
 1.44588096e+02
 6.83361986e+01
 1.15768368e+02
 9.84595639e+01
 1.39659311e+02
 1.30174344e+01
 3.86836173e+01
 1.36701070e+02
 5.49166925e+01
 4.79716172e+01
 3.75900512e+01
 7.15279718e+01
 7.81384913e+00
 7.36713387e+01
 8.34639175e+01
 6.50829750e+01
 3.30328662e+01
 6.34978272e+01
 3.39931818e+01
 1.10307423e+02
 7.33189436e+01
 7.77153548e+01
 5.17580917e+01
 2.73333163e+01
 1.00525128e+02
 6.98514665e+01
 6.31183583e+01
 1.27367591e+02
 3.41847123e+01
 5.87207814e+01
 1.32891253e+02
 4.83728053e+01
 6.45772231e+01
 5.56534258e+01
 5.84516434e+01
 5.11909141e+01
 8.64722685e+01
 4.17968416e+01
 2.82858582e+01
 5.77286804e+01
 7.25459384e+01
 2.80317990e+01
 6.61868204e+01
 9.40249697e+01
 7.30091704e+01
 7.71073462e+01
 7.18130275e+01
 1.46770638e+02
 5.47130848e+01
 1.08580770e+02
 5.52484229e+01
 8.09958352e+01
 5.98049135e+01
 7.44497145e+01
 4.68248771e+01
 8.18993197e+01
 3.54315887e+01
 1.00876047e+02
 2.82270948e+01
 2.71546270e+01
 1.76409178e+02
 4.36232405e+01
 4.76967010e+01
 2.97350704e+01
 6.53738508e+01
 1.38356362e+01
 3.00215207e+01
 1.07159812e+02
 1.62190222e+02
 8.09263266e+01
 1.09549197e+02
 1.05931673e+02
 1.17067258e+02
 5.95600128e+01
 1.72811086e+01
 7.04564000e+01
 2.63113458e+01
 1.09953357e+02
 5.15201464e+00
 2.34206212e+02
 1.04674898e+01
 2.71377393e+01
 2.15070663e+01
 7.25866423e+01
 9.74947752e+01
 1.26252116e+02
 7.06972123e+01
 9.62902266e+01
 2.84642438e+01
 9.50031563e+01
 6.71802849e+01
 1.22394672e+02
 2.67643506e+01
 5.18109089e+01
 6.32138004e+01
 6.47472348e+01
 9.81839364e+01
 3.44770804e+01
 3.71946924e+01
 6.39300986e+01
 3.22537062e+00
 1.08929985e+01
 8.59835220e+01
 7.66625489e+01
 5.51533624e+01
 1.46693912e+02
 1.20469353e+02
 3.07929691e+01
 4.59319671e+01
 5.15258785e+01
 2.36541241e+01
 1.01969407e+02
 3.64412465e+01
 5.43569088e+01
 9.82410841e+01
 8.43857256e+01
 1.22109967e+02
 6.16138466e+01
 1.51288683e+01
 1.17630058e+02
 1.70068275e+02
 9.93639752e+01
 6.12900840e+01
 5.84266453e+01
 6.57333980e+01
 9.58423453e+01
 1.69319842e+02
 1.13524704e+02
 1.66443172e+01
 1.32352973e+02
 5.93638244e+01
 1.74277424e+01
 7.94854966e+01
 1.52434768e+02
 8.18421519e+01
