 3.05082538e+01
 3.90292768e+01
 5.13974454e-01
 8.90229028e+01
 5.91355234e+01
 6.44085174e+01
 2.66533109e+01
 2.83284028e+01
 6.53884033e+01
 4.73296947e+01
 1.13716304e+02
 2.81312629e+01
 2.08372956e+01
 2.10396600e+01
 1.09139181e+02
 7.73246126e+00
 4.23855984e+01
 1.96820666e+01
 2.02448018e+01
 1.20545190e+01
 4.43027781e+01
 6.44475225e+01
 7.85204184e+01
 7.57450184e+01
 2.79013907e+01
 1.20196103e+01
 2.29679591e+01
 3.21100990e+01
 3.52876114e+01
 3.46530823e+01
 1.73310586e+01
 1.81048279e+01
 6.06511119e+01
 7.45636945e+01
 1.03164187e+01
 5.75206809e+01
 6.10974605e+01
 4.03054744e+01
 2.93922656e+01
 3.16590628e+01
 4.14589183e+01
 1.37762634e+02
 6.94848636e+01
 4.76588165e+01
 8.31457187e+01
 7.38428362e+01
 8.21321077e+01
 6.64557775e+01
 4.08753427e+01
 4.43339686e+01
 9.02248353e+00
 8.22354224e+00
 1.37716020e+02
 7.15224036e+01
 3.49500562e+01
 4.72944995e+01
 3.77655710e+01
 1.25755287e+02
 4.03443138e+01
 4.53222386e+01
 8.59399266e+01
 4.33887810e+01
 2.86644355e+01
 3.47870822e+01
 1.18110418e+02
 7.89686753e+01
 5.23424907e+01
 1.26487380e+02
 5.06885264e+01
 3.28217969e+01
 5.85948561e+01
 7.63435267e+01
 1.03808229e+01
 7.77753728e+01
 1.63845142e+01
 4.08964193e+01
 7.08110120e+01
 3.31910471e+01
 6.90209048e+01
 2.76062022e+01
 9.82642622e+01
 5.39525149e+01
 3.10207374e+01
 3.30765236e+01
 3.16983692e+01
 2.91540991e+01
 8.96284561e+00
 5.70436094e+01
 3.12067717e+01
 4.11314626e+01
 8.66352265e+01
 1.73732390e+01
 5.23983230e+01
 5.26238525e+01
 8.41978686e+01
 1.43614937e+02
 2.04586428e+01
 1.49136349e+01
 3.43861560e+01
 3.82112630e+01
 7.00929404e+01
 1.10344160e+02
 2.87195668e+01
 5.04943631e+01
 1.12036800e+02
 5.77088270e+01
 7.54310276e+01
 5.12004155e+01
 6.40909860e+01
 4.86354609e+01
 5.70891646e+01
 7.00623510e+01
 7.87264030e+01
 9.45847502e+01
 4.85346769e+01
 9.99831591e+01
 7.39247178e+01
 6.48217491e+01
 5.52317274e+01
 5.76149586e+01
 3.66757947e+01
 5.99454786e+01
 1.41423408e+01
 3.46264530e+01
 1.21252534e+02
 7.08890099e+01
 2.53201371e+01
 8.78404864e+01
 7.38061778e+00
 6.52934835e+01
 5.37625375e+01
 4.14211264e+01
 4.40775205e+01
 4.60692702e+01
 4.07545443e+01
 3.56300214e+01
 5.16290865e+01
 3.29504686e+01
 8.94855596e+01
 6.26738533e+01
 6.46304487e+01
 2.29261970e+02
 5.92393909e+01
 2.48818122e+01
 1.09397500e+01
 2.49313713e+01
 2.63990227e+01
 6.33257966e+01
 9.18402661e+01
 6.65095263e+01
 8.43313543e+01
 9.13224524e+01
 3.65999802e+01
 8.69117419e+00
 5.90122780e+01
 1.69788156e+01
 2.17740704e+01
 6.76576912e+00
 2.82000772e+01
 9.60595944e+00
 5.48825323e+01
 1.24133492e+02
 4.52248429e+01
 7.28114426e+01
 3.01707778e+01
 3.74257826e+01
 1.06491888e+02
 1.34024769e+01
 1.83183525e+00
 3.06185016e+01
 1.35424939e+01
 2.10211547e+01
 4.96055481e+01
 1.00543105e+02
 3.84810611e+01
 3.38851239e+01
 9.64912445e+01
 7.04261937e+01
 5.63001293e+01
 6.02001244e+01
 2.92215904e+01
 3.16573076e+01
 6.43615223e+01
 2.68610092e+01
 5.68476897e+01
 4.63807410e+01
 1.03798595e+01
 3.80950869e+00
 4.17205511e+00
 5.70857591e+01
 3.22110598e+01
 2.22218761e+01
 4.29895730e+01
 9.07818742e+00
 7.04211463e+01
 2.97083789e+01
 5.92015241e+01
 3.92252418e+01
 2.64156045e+01
 4.68696925e+00
 6.10783901e+00
 6.39131684e+01
 1.51860680e+01
 4.92807185e+01
 3.08003851e+01
 3.32882096e+01
 2.06876673e+01
 1.06406522e+01
 5.17905294e+01
 6.96245233e+01
 3.33745013e+01
 2.51923158e+01
 2.39293361e+01
 7.97851137e+01
 9.12991804e+01
 2.90632827e+01
 4.16524675e+01
 1.04793982e+01
 1.20112997e+01
 1.00152114e+02
 6.19342720e+01
 4.02934409e+01
 3.78082624e+01
 3.18999353e+01
 1.10760293e+01
 6.12113041e+00
 4.20577268e+01
 5.48172282e+01
 4.85628272e+01
 1.14504751e+01
 2.10802515e+01
 1.95189138e+01
 6.91650911e+01
 1.91732656e+01
 9.47047255e+00
 1.51539946e+00
 6.32829483e+01
 3.16159816e+01
 6.02306772e+01
 2.51892976e+01
 4.36161585e+01
 1.46295904e+01
 5.85004546e+00
 3.96147331e+01
 1.96147852e+01
 5.36904526e+01
 4.78801689e+00
 5.23053370e+01
 6.71196571e+01
 9.15761852e+01
 1.55565258e+02
 2.90353394e+01
 1.26769548e+01
 7.09501886e+00
 2.29981167e+01
 3.97531131e+01
 3.50172310e+01
 4.70961679e+01
 5.36718547e+01
 8.02903869e+01
 5.66557730e+01
 2.02056980e+01
 7.21230718e+01
 5.12512352e+01
 3.76420791e+01
 3.50359867e+01
 2.50374793e+01
 4.87061659e+01
 2.09531757e+01
 4.77195143e+01
 1.84314085e+02
 2.24295906e+01
 1.50349384e+02
 1.78447206e+02
 4.45373593e+01
 7.06161279e+01
 1.34751802e+01
 1.58462789e+01
 4.74643416e+01
 4.90132092e+01
 9.46794132e+01
 1.02060815e+02
 6.52876420e+01
 6.76143151e+01
 2.55981068e+01
 1.05235739e+02
 3.61958234e+01
 7.32229399e+01
 5.96262147e+01
 3.68026661e+01
 4.70300191e+01
 5.21346278e+01
 2.29382498e+01
 2.78755348e+01
 8.44891285e+01
 5.77055920e+01
 9.07927745e+00
 3.69438268e+01
 6.61526097e+01
 3.84355616e+01
 5.20845242e+01
 4.68078808e+01
 5.28523338e+01
 2.11030369e+01
 5.15783059e+01
 2.64249189e+01
 4.75809963e+01
 4.06328057e+01
 4.80357562e+01
 5.97287066e+01
 3.34935264e+01
 2.51629572e+01
 6.02870162e+00
 4.16301479e+01
 1.80115526e+01
 4.97674249e+01
 1.42678581e+02
 7.76661448e+01
 1.20216517e+02
 2.14281792e+01
 4.59244642e+01
 7.20045548e+01
 4.49113719e+01
 3.75484786e+01
 8.34616861e+01
 1.67764058e+01
 2.77531119e+01
 9.60673916e+00
 5.21209471e+01
 5.00841618e+01
 1.27343748e+02
 2.06936818e+01
 5.83009011e+01
 6.42610035e+01
 4.25463708e+01
 5.62815314e+01
 2.68825875e+00
 2.89108923e+01
 3.54292837e+01
 4.35937917e+01
 1.12668049e+01
 2.85384975e+01
 6.98927702e+01
 6.23661585e+01
 5.75670252e+01
 2.94588023e+01
 8.43771355e+01
 6.06484100e+01
 1.13792807e+01
 7.90850999e+00
 4.64078211e-01
 7.39480762e+00
 1.16438967e+02
 4.34031857e+01
 5.21888041e+01
 8.03202180e+01
 4.89432130e+01
 1.15237634e+02
 2.52366073e+01
 6.06556449e+01
 1.91658552e+01
 5.35145804e+01
 1.01568525e+01
 5.86669975e+01
 1.34165788e+02
 1.35015402e+02
 3.67330283e+01
 3.37048362e+01
 1.06424768e+01
 6.80660550e+01
 6.91038563e+01
 1.13659502e+02
 3.56274150e+01
 1.12506308e+01
 6.43442998e+01
 4.36148010e+01
 1.20772049e+02
 6.40407944e+01
 1.45365377e+01
 5.59449652e+01
 1.19929777e+02
 1.22963671e+02
 2.74747256e+01
 8.53185443e+01
 7.88520477e+00
 8.60248741e+00
 2.05151139e+01
 5.44427776e+01
 1.44661273e+02
 4.56930939e+01
 3.86373055e+01
 3.99477588e+01
 1.05425773e+02
 1.69058808e+01
 1.88444434e+01
 3.72122072e+01
 7.08230556e+01
 2.96057201e+01
 5.24267663e+01
 6.19969668e+01
 3.38645276e+01
 2.12241890e+02
 9.89492175e+01
 4.63069196e+01
 1.02859703e+02
 4.82695144e+01
 2.33304478e+01
 6.52316678e+01
 2.75295416e+01
 1.39703373e+01
 3.86269647e+01
 6.44177631e+01
 2.66790666e+01
 7.55479693e+01
 7.83927551e+01
 8.36676930e+01
 4.62995701e+00
 2.10717496e+00
 5.57246242e+01
 6.37681746e+00
 2.73343140e+01
 2.17369675e+01
 7.92291232e+01
 2.15209563e+01
 4.46318010e+01
 1.12048276e+02
 5.93509429e+01
 8.32756447e+01
 1.01195117e+02
 9.47276653e+01
 9.95065985e+01
 9.18862966e+01
 3.54024805e+01
 7.45484427e+01
 7.42000060e+01
 2.00391094e+01
 4.02326382e+01
 1.17641515e+02
 5.32153500e+01
 5.77837971e+01
 8.81897091e+01
 8.75408986e+01
 4.00002922e+01
 7.53025938e+01
 5.21818518e+01
 4.00661004e+01
 4.84784006e+01
 6.19070882e+01
 6.37561104e+01
 1.37420007e+02
 4.12570039e+01
 4.62675248e+01
 3.64852568e+01
 8.17890181e+01
 5.43442803e+01
 4.22757498e+01
 1.48937331e+01
 3.92063837e+01
 4.79787595e+01
 1.52195527e+01
 4.23548464e+01
 4.19785744e+01
 2.61692600e+01
 1.57606156e+01
 7.70140518e-01
 9.50452207e-01
 3.91712594e+01
 5.75096556e+01
 4.34970142e+01
 7.06318840e+01
 2.99350457e+01
 7.70396725e+01
 3.21999665e+01
 3.09226408e+01
 7.67575574e+01
 4.21261264e+01
 1.48636014e+01
 2.68013509e+01
 1.11547750e+02
 4.19723569e+01
 2.58871601e+01
 3.26742058e+01
 8.61409250e+01
 3.64496882e+01
 1.43469236e+02
 3.12399765e+01
 1.52182579e+02
 1.08917203e+02
 2.83439145e+01
 7.17248008e+01
 8.76985262e+00
 1.71589546e+01
 3.95742898e+01
 3.13001015e+01
 1.36769253e+01
 1.73609522e+01
 6.38788502e+01
 4.20042748e+01
 5.63053505e+01
 6.64850045e+00
 1.31848928e+02
 9.69161495e+01
 4.27958413e+01
 3.24772675e+01
 4.29841846e+01
 3.56806928e+01
 5.65459874e+01
 2.93817809e+01
 6.52561593e+01
 4.14510944e+01
 8.21209267e+01
 1.94512133e+01
 8.44395880e+01
 8.48352828e+01
 2.01100156e+01
 4.23147013e+01
 4.07611897e+01
 5.03496974e+01
 7.30431200e+01
 3.93685322e+01
 3.85451788e+01
 6.08289832e+01
 5.12430259e+01
 1.99468545e+01
 3.17122837e+01
 1.11319227e+02
 8.55019880e+01
 9.87582383e+00
 2.64205373e+01
 1.12699899e+02
 7.12965196e+01
 5.21394935e+01
 1.34990870e+01
 1.18852214e+02
 5.23148837e+00
 4.93961114e+01
 1.37373581e+01
 9.54527427e+01
 4.98813632e+01
 1.01115398e+02
 1.28352077e+01
 1.76591030e+01
 7.17356605e+01
 1.11615955e+02
 1.54802709e+01
 3.72606892e+01
 4.13928445e+01
 1.12742878e+02
 6.69949501e+01
 4.06500428e+01
 9.21871791e+01
 7.09454056e+01
 8.86303759e+00
 1.02211054e+01
 2.82168807e+01
 3.43725292e+01
 8.83760926e+01
 7.75448183e+01
 8.52448118e+01
 3.59065284e+01
 1.33066946e+02
 1.60447379e+02
 3.92195462e+01
 3.01524603e+01
 9.44344463e+00
 1.61020329e+00
 1.48182271e+01
 5.87782767e+01
 2.85330333e+01
 8.51333078e+01
 1.26933897e+02
 2.33473233e+01
 1.57290680e+01
 6.17721227e+01
 3.90863521e-01
 6.42735879e+01
 9.67801895e+00
 7.13041615e+01
 3.07730631e+01
 3.65414575e+01
 2.47909425e+01
 7.48861499e+01
 8.55418321e+00
 8.11760376e+00
 1.27303936e+02
 5.00116277e+01
 4.87876569e+01
 1.34628894e+01
 4.43735226e+01
 1.76911475e+01
 3.93267177e+01
 6.87411781e+01
 5.21847847e+01
 6.17482223e+01
 5.37716182e+01
 2.35998673e+01
 2.12421784e+01
 1.14130438e+02
 7.62185110e+01
 6.97274883e+01
 3.76337578e+01
 2.39858910e+01
 6.48292069e+00
 4.13144495e+01
 6.27737582e+01
 1.44033741e+02
 2.84384657e+01
 5.08413895e+00
 3.46107172e+01
 9.76076395e+01
 3.37211603e+01
 7.61046096e+00
 4.99321377e+00
 4.64394402e+01
 5.52656502e+01
 2.37109928e+01
 5.38038464e+01
 1.16537935e+02
 3.39012233e+01
 5.63143978e+01
 9.29961009e+01
 3.37932042e+01
 6.29133724e+01
 2.53972288e+01
 5.88681101e+01
 2.86251481e+01
 2.86851268e+01
 4.23055142e+01
 1.05155235e+02
 1.17601241e+02
 1.49431423e+01
 2.79107595e+01
 9.76212550e+01
 5.95116988e+01
 3.83924630e+01
 1.05857385e+01
 7.98811648e+01
 1.06199953e+01
 1.22374071e+01
 5.80872302e+01
 8.30355924e+01
 2.72216929e+01
 2.72721524e+01
 8.63944434e+01
 3.42846190e+01
 8.42901775e+00
 7.22789673e+01
 8.84676761e+01
 2.20586087e+01
 8.81720625e+01
 6.70839610e+01
 4.42668795e+01
 2.01498383e+01
 2.28444748e+01
 4.44280255e+01
 2.08833602e+01
 3.53514485e+01
 1.05622750e+02
 3.20880832e+01
 7.16588927e+01
 4.35806807e+01
 9.32067264e+01
 5.08655204e+01
 3.25814090e+01
 2.06424139e+01
 4.64115146e+01
 3.10844216e+01
 6.85206254e+01
 4.61828694e+01
 8.42586741e+01
 3.16192461e+01
 5.99789657e+01
 1.00718926e+02
 4.42243873e+01
 3.50666329e+01
 2.14327326e+01
 4.38664517e+01
 8.78631984e+01
 9.27173884e+01
 6.68152517e+01
 6.38462750e+01
 5.71023920e+01
 9.45143957e+01
 7.15554556e+01
 6.27910781e+01
 2.33035749e+00
 3.42072763e+01
 5.70913705e+01
 8.11295028e+01
 9.74895135e+01
 1.45590146e+02
 1.86072032e+02
 3.37154341e+00
 3.68719188e+01
 1.11424241e+02
 3.74431927e+01
 4.31813293e+01
 2.20810975e+01
 4.97177547e+01
 6.38248933e+01
 7.07732834e+01
 5.35081352e+01
 7.23713517e+01
 4.04993134e+01
 1.22710618e+01
 2.70225413e+01
 7.75459310e+01
 3.52174841e+01
 3.58507125e+01
 2.68655315e+01
 1.98332826e+01
 4.02872032e+01
 1.59159763e+02
 1.27027138e+02
 2.26035885e+01
 3.39754261e+01
 3.15778076e+01
 8.48791696e+00
 8.86212755e+01
 1.00279687e+02
 5.41021578e+01
 1.93033088e+01
 1.66780097e+01
 2.38126537e+01
 1.03708373e+02
 8.80142801e+01
 5.17142000e+01
 4.06085895e+01
 1.61382767e+00
 7.04792934e+01
 7.40860684e+01
 5.24163695e+01
 7.68996487e+01
 7.90657663e+01
 8.34382129e+01
 3.42887516e+01
 1.54927804e+02
 6.06193576e+01
 4.23372342e+01
 2.31524596e+02
 1.77975517e+01
 9.45509975e+01
 4.45860257e+01
 6.69036441e+01
 5.67574314e+01
 8.67842353e+00
 5.86813719e+01
 6.23155095e+01
 5.14999595e+01
 6.66357373e+01
 6.12729298e+01
 3.31722994e+01
 1.11232961e+02
 8.15955809e+01
 8.92490916e+01
 9.40856551e+01
 2.89461261e+01
 5.30816813e+01
 6.96496486e+01
 3.65122491e+01
 3.44488219e+01
 1.16198610e+02
 6.47123195e+01
 6.38437281e+01
 1.61169209e+01
 1.39176134e+02
 1.16902278e+02
 8.53553083e+01
 2.60502619e+01
 2.48162388e+01
 2.59322601e+01
 1.64869660e+01
 5.06649897e+01
 1.94901004e+01
 1.13664381e+01
 6.24284322e+01
 2.52233563e+01
 3.20026123e+01
 4.33772070e+01
 1.42886272e+00
 3.80203178e+01
 7.94379957e+01
 4.11781314e+01
 2.54934425e+01
 4.98296641e+01
 4.44060940e+01
 7.75729371e+01
 3.28281963e+01
 9.46399891e+01
 8.72526917e+01
 8.61009328e+00
 3.21243363e+01
 1.36254175e+01
 4.29321544e+01
 3.69358270e+01
 2.72818281e+01
 4.67385626e+01
 8.80527059e+01
 1.24661780e+02
 1.69047907e+01
 5.78814471e+01
 1.07210363e+02
 4.28136775e+01
 4.58178166e+01
 5.41575279e+01
 3.19420023e+01
 7.76627764e+01
 1.72296082e+02
 1.66776648e+02
 3.33807101e+01
 5.05252759e+01
 1.79678704e+01
 3.01126229e+01
 1.15711873e+02
 6.44288996e+01
 5.02731898e+01
 5.28212555e+01
 2.31512791e+01
 6.77717532e+01
 2.47671550e+01
 1.42006345e+02
 2.11401143e+01
 2.72238978e+01
 3.40178732e+01
 9.23150545e+00
 1.82327564e+01
 8.46782334e+01
 2.50958042e+01
 9.47845773e+00
 2.28758365e+01
 8.89867564e+01
 7.21791404e+01
 5.43390920e+01
 5.41431744e+01
 4.21316756e+01
 5.72188714e+01
 7.44601376e+01
 2.41435950e+01
 6.54407366e+00
 3.59712721e+01
 1.77575116e+01
 7.02595468e+00
 2.67024618e+01
 2.17267323e+01
 9.21586988e+01
 3.19599249e+01
 1.45360261e+01
 8.57969047e+00
 3.33992370e+01
 1.12420148e+02
 9.00374756e+01
 1.40016463e+02
 4.67875503e+01
 4.98668218e+01
 9.19949612e+01
 4.15097939e+01
 4.10629919e+01
 5.09121409e+01
 7.46425963e+01
 1.27484889e+01
 6.66717397e+01
 1.16118547e+02
 5.52441321e+01
 6.67262260e+01
 3.28620955e+01
 2.61817665e+01
 1.52695881e+01
 7.21413040e+01
 4.65207363e+01
 8.19862877e+01
 2.63666411e+01
 9.85066796e+00
 8.86418981e+01
 2.62361840e+02
 1.09711269e+01
 3.78381642e+01
 5.53878639e+01
 2.72264846e+01
 1.02212587e+02
 2.00815734e+01
 3.35510497e+01
 1.50433233e+02
 3.45028789e+01
 6.49904366e+01
 5.86254034e+01
 5.02099320e+01
 8.66433140e+01
 6.32571562e+01
 7.05891469e+01
 4.52042817e+01
 4.20906340e+01
 3.65880847e+01
 4.48614028e+01
 4.82715632e+01
 3.42186329e+01
 4.96529769e+01
 8.97880804e+01
 5.77998892e+01
 1.89525519e+01
 3.60973663e+01
 4.46260715e+01
 4.41073253e+01
 7.04067740e+01
 5.62928732e+01
 1.22478551e+01
 5.70074891e+01
 2.84828567e+01
 4.35030165e+01
 1.45204138e+02
 3.15121548e+01
 3.82449740e+01
 2.87207215e+01
 2.15378841e+01
 2.61077765e+01
 3.30595837e+00
 3.21761560e+01
 2.72142464e+01
 9.06119482e+01
 1.19514924e+01
 4.53984413e+01
 4.37189366e+00
 6.75910904e+01
 1.55441353e+02
 8.03900140e+01
 3.93140067e+01
 5.49397128e+01
 5.09742046e+01
 4.53830425e+01
 1.19199266e+02
 3.54505729e+01
 5.33535681e+01
 4.82595512e+01
 1.59655742e+02
 5.60642557e+01
 4.83537567e+01
 6.92014263e+01
 6.26507260e+01
 9.28989643e+01
 5.29732028e+01
 3.65459111e-01
 5.36796109e+01
 2.84614738e+01
 3.83908563e+01
 6.24128711e+01
 1.49415580e+00
 2.43081413e+01
 7.70992348e+01
 5.35548735e+01
 2.86571957e+01
 3.79713660e+01
 7.05261132e+01
 3.23508472e+01
 3.58640106e+01
 3.39305949e+01
 1.15536867e+01
 3.19557389e+01
 1.40232728e+02
 2.64949763e+01
 6.53557295e+01
 3.11720832e+01
 6.12342462e+01
 1.28153977e+01
 7.44888463e+01
 4.31190989e+01
 7.18380939e+01
 5.60334072e+01
 3.16028321e+01
 5.46032776e+00
 3.02109905e+01
 7.04423200e+01
 5.38945147e+01
 2.44908284e+01
 7.95453928e+01
 5.25946340e+00
 2.26674237e+01
 2.31727866e+01
 6.52492070e+01
 4.30780564e+01
 1.03883940e+02
 2.53203685e+01
 5.21471315e+01
 9.59926459e+00
 5.03087664e+01
 5.50661913e+01
 1.71135673e+01
 1.08849130e+01
 6.87729295e+00
 4.32408497e+01
 5.52272590e+01
 1.24103478e+02
 5.93460417e+01
 3.56892258e+01
 1.42614693e+02
 8.83177165e+01
 1.09609554e+02
 6.88282764e+01
 6.47663839e+01
 5.56821672e+00
 2.32380520e+01
 2.45912356e+01
 6.31117519e+01
 9.42953546e+01
 9.80274094e+01
 2.43117928e+01
 1.38592310e+02
 1.08490506e+02
 6.33727326e+01
 2.35816899e+01
 5.05050279e+01
 1.37990578e+01
 1.14439039e+01
 4.43968200e+01
 7.11597387e+01
 2.31374796e+01
 2.50583679e+01
 9.78254463e+01
 1.26217148e+01
 5.72230759e+01
 1.65855116e+01
 5.80459901e+00
 6.30447086e+01
 3.82815924e+01
 7.36822995e+01
 6.87735265e+01
 3.20274253e+01
 2.99670929e+01
 1.89269138e+01
 8.93802859e+01
 5.52979377e+01
 7.59542798e+01
 4.35175059e+01
 4.70053650e+00
 1.37539659e+01
 1.05618009e+01
 3.13501121e+00
 9.43311306e+01
 5.46855045e+01
 6.49169353e+01
 8.72354448e+01
 4.99130919e+01
 1.41955448e+02
 1.37156785e+02
 5.79652955e+01
 2.83522584e+01
 3.32601754e+01
 2.15876542e+01
 5.57150028e+01
 3.59919946e+01
 7.73248521e+00
 2.11708502e+01
 6.93964396e+00
 7.37927327e+01
 2.49519294e+00
 1.07161595e+02
 1.70466941e+01
 2.18456179e+01
 7.01582201e+01
 2.42962142e+01
 6.00519577e+01
 7.88515969e+01
 6.18518624e+01
 2.42887964e+01
 5.33017595e+01
 7.49279872e+01
 6.38893166e+01
 3.27939877e+01
 2.60818945e+01
 5.77691616e+01
 5.97661721e+01
 2.89119264e+01
 1.63721723e+01
 1.97019384e+01
 2.22738723e+01
 6.05038633e+01
 3.43596183e+01
 1.11467734e+02
 5.95423464e+01
 5.59342371e+01
 7.50076225e+01
 4.16928319e+01
 5.85918298e+01
 4.65323303e+01
 1.11602303e+01
 2.23958737e+01
 6.52161067e+01
 2.51355994e+01
 1.75913332e+01
 1.31319163e+01
 8.27652044e+01
 6.47697163e+01
 6.42953900e+01
 7.48589609e+01
 6.02148816e+01
 1.51024405e+01
 4.50968608e+01
 2.44097433e+01
 1.91147153e+01
 5.65790298e+01
 4.17411717e+01
 4.45251874e+01
 2.84793813e+00
 8.33705606e+00
 3.86149342e+01
 4.10179017e+01
 7.65580205e+01
 3.13732224e+01
 3.15251703e+01
 5.23334942e+01
 4.32908612e+01
 9.60952279e+01
 3.45693206e+01
 5.26160963e+01
 8.18730660e+01
 1.32041059e+02
 5.14895461e+01
 8.42501116e+00
 3.03261051e+01
 5.15930716e+01
 8.14041133e+00
 3.55070494e+01
 7.26279297e+01
 8.00815191e+01
 2.86746934e+01
 1.52179481e+02
 1.14352798e+01
 9.44713601e+01
 7.12237292e+01
 7.47877131e+01
 2.71912068e+01
 3.57594551e+01
 8.03998213e+01
 8.98573694e+01
 5.40090640e+01
 8.30064523e+01
 3.84400317e+01
 2.35097551e+01
 1.28711229e+01
 1.49440034e+02
 2.78453317e+01
 8.98630700e+01
 4.75434333e+01
 3.68767925e+01
 7.02919170e+01
 5.65119191e+01
 5.70705439e+01
 8.95915856e+01
 2.17951441e+01
 7.25846568e+01
 1.24331015e+02
 9.17416864e+01
 6.03101502e+01
 7.47198025e+01
 1.57939770e+02
 2.04036625e+01
 3.78823409e+01
 6.82575271e+01
 4.56462108e+01
 4.61674708e+01
 7.25011461e+01
 4.32438466e+01
 5.26224892e+00
 1.06171442e+02
 4.62581621e+00
 3.99629546e+01
 2.49778633e+01
 6.44897729e+01
 8.76295796e+00
 3.77347243e+01
 1.03754823e+02
 2.11129498e+01
 8.99544196e+01
 1.30286912e+01
 8.37889239e+01
 1.79390441e+02
 6.32050123e+01
 7.27717409e+01
 1.17884903e+02
 3.41009246e+01
 6.99931671e+01
 8.93946664e+01
 5.34736722e+01
 1.10228195e+02
 4.34079593e+01
 2.25575965e+02
 1.28763588e+02
 3.59294876e+01
 2.49480980e+01
 2.30365688e+01
 1.06722610e+02
 4.43230465e+01
 5.54584199e+01
 1.99030633e+01
 8.24526404e+01
 7.12943902e+01
 2.83977140e+01
 1.83259695e+01
 2.99970198e-01
 5.04772674e+01
 8.75206006e+01
 4.78879604e+01
