 6.86463859e+01
 9.62318143e+01
 1.90400095e+01
 1.74380879e+01
 2.02998868e+01
 2.24615450e+00
 9.61443149e-02
 0.00000000e+00
 2.07950601e+01
 3.11963798e+01
 7.74937427e+01
 9.60084409e+01
 1.35425955e+02
 2.19984188e+01
 5.84374123e+01
 2.89483121e+01
 1.17607215e+01
 2.38398795e+01
 1.70440972e-01
 5.54939184e+00
 9.64049539e+01
 9.86402364e+01
 4.74905626e+01
 1.73209495e+02
 5.12263491e+01
 4.63614942e+01
 5.59910493e+01
 1.01626306e+02
 1.80231954e+01
 3.18738871e+00
 9.10670242e+00
 2.95305093e+00
 9.98148912e+01
 1.20210885e+02
 3.42710286e+01
 6.39180989e+01
 2.33164427e+02
 7.93165948e+01
 2.61049280e+01
 7.33742767e+01
 1.18517983e+01
 4.27335539e+01
 1.17750427e+01
 6.18336388e+00
 7.18708524e+01
 5.35982537e+01
 1.39915006e+02
 1.14030630e+02
 1.60227857e+02
 1.07610599e+02
 6.36169970e+00
 2.89044195e+01
 1.65800220e+01
 3.90145246e+01
 2.12424325e+01
 3.75670189e+00
 5.87591581e+01
 2.39970507e+02
 2.02758075e+01
 4.51017717e+01
 1.71701811e+02
 2.85343548e+01
 8.24761233e+01
 3.83304136e+01
 3.31053048e+01
 5.85553553e+01
 3.43799272e+00
 2.78302646e+01
 6.34920187e+00
 2.29991442e+02
 8.96953965e+01
 3.94295715e+02
 3.67909276e+00
 7.11584786e+01
 4.64156452e+00
 1.00255953e+02
 1.17462191e+02
 1.37010092e+01
 3.01335644e+01
 9.16632512e+00
 4.34498388e+01
 7.34933056e+01
 1.23583188e+02
 6.56985303e+01
 6.29801694e+01
 6.42819373e+01
 1.07737921e+01
 5.62623023e+01
 4.73780539e+01
 3.58703098e+01
 0.00000000e+00
 4.07016872e-02
 1.03254145e+02
 1.30856963e+02
 1.95637631e+02
 1.78920080e+02
 7.00685854e+01
 2.71162147e+01
 7.09785497e+01
 5.45604831e+01
 5.55014493e+01
 7.55129523e+01
 3.91106392e+00
 2.16876317e+01
 8.96033538e+01
 5.99210865e+01
 1.16297206e+02
 3.63904525e+01
 2.17155642e+02
 7.93240052e+01
 1.29621672e+02
 5.47394813e+01
 4.17339855e+01
 2.58050114e+00
 7.05184569e-01
 4.12467533e+01
 6.04684314e+01
 1.01847364e+02
 8.12339344e+01
 1.67416397e+02
 4.57737836e+01
 1.17738964e+02
 1.34499431e+02
 3.78710062e+01
 5.15198031e+01
 1.13636062e+01
 1.70779165e+01
 6.41968115e+00
 4.28488406e+01
 1.81845783e+02
 6.80119227e+01
 3.47253190e+01
 9.51335890e+01
 6.72513546e+01
 3.85445065e+01
 1.20543392e+01
 1.98974941e+01
 1.31295769e-02
 6.04583455e+00
 5.52515459e+01
 6.11296096e+01
 2.83878692e+02
 7.77659717e+01
 1.02565085e+02
 3.56960271e+01
 1.22778890e+02
 6.17383428e+00
 2.74665613e+00
 3.51650323e+01
 1.52232974e+01
 2.00315786e+00
 0.00000000e+00
 2.27369556e+01
 2.13318061e-01
 9.86298117e+01
 1.47559751e+00
 1.39121295e+02
 2.40462109e+01
 6.12416663e+01
 1.12964248e+01
 1.43435487e+01
 9.08523168e+00
 6.27797958e+00
 2.52245823e+00
 2.90269081e+01
 8.89024322e+01
 5.64104184e+01
 1.78746645e+01
 1.67179502e+01
 3.18889675e+01
 3.69706957e+01
 2.99742311e+01
 1.69352040e+01
 3.28165329e+00
 1.21410571e+00
 5.08186130e+01
 2.77511814e+01
 1.47816992e+02
 1.42138779e+02
 2.17964469e+02
 3.80709913e+01
 6.04211286e+01
 9.88700868e+01
 1.01856343e+01
 5.09233654e+01
 4.80216082e+00
 1.12524344e+00
 6.17211546e-01
 1.98191536e+01
 2.36238788e+01
 9.32160190e+01
 6.08346317e+01
 8.55207608e+01
 2.32480324e+00
 4.00640896e+01
 1.24530822e+01
 2.40674362e+01
 3.74066695e+01
 3.75544675e+00
 1.65680467e+01
 3.75779188e+01
 1.39250129e+02
 2.45045961e+01
 1.29675819e+02
 5.98804591e+01
 5.24655498e+01
 9.08751753e+01
 3.76123629e+01
 3.35409020e+00
 4.04844242e+01
 1.87923375e+01
 1.47781898e+00
 1.84535099e+00
 7.89816509e+01
 1.07912954e+02
 2.14056025e+01
 8.99122283e+01
 1.73663651e+00
 5.57500129e+01
 3.57808791e+01
 2.08578407e+01
 1.28176357e+01
 1.40177898e+01
 5.48220410e-01
 3.60605293e+01
 3.19267385e+01
 2.66524486e+02
 1.42819206e+02
 7.21112269e+01
 1.29769103e+01
 5.41250464e+01
 6.26014540e+01
 5.08504514e+01
 7.08997105e-01
 4.75515842e+00
 2.34133837e+00
 1.26018591e+02
 8.45953085e+01
 2.04874700e+02
 1.67782166e+02
 2.21411352e+01
 5.62765713e+01
 2.73820350e+01
 9.91476310e+01
 3.85131577e+01
 4.32095338e+01
 3.83364235e+00
 2.06344506e+01
 1.17568491e+02
 1.63335723e+02
 1.74737718e+02
 5.94361392e+01
 1.03747125e+02
 5.87789855e+01
 5.27782018e+01
 4.27169624e+01
 6.87699686e+01
 1.10899533e+01
 3.78979505e-01
 6.32007959e+00
 1.87742892e+01
 1.32757274e+01
 9.55013868e+01
 6.17928043e+01
 1.07417637e+02
 7.94763945e+01
 3.11071007e+01
 6.21923679e+01
 1.22173102e+01
 6.31077019e+00
 2.07024124e+00
 4.47055395e-01
 9.32659678e+01
 1.80555858e+02
 1.84310114e+01
 1.04352566e+02
 5.52155619e-02
 2.89654871e+01
 7.24139669e+01
 1.96858185e+01
 2.91635870e+01
 1.60433520e+01
 1.14592371e+00
 1.47560131e+00
 1.09096996e+02
 2.11143617e+02
 3.84064283e+01
 1.47261440e+02
 1.26901274e+02
 1.24071801e+02
 1.11760345e+02
 5.62217832e+00
 1.02101489e+01
 1.75077989e+01
 5.85179803e+01
 7.94593219e+00
 3.54047260e+01
 5.70467881e+01
 1.40071623e+02
 1.96921486e+02
 1.81234291e+02
 7.13699622e+01
 5.37280676e+01
 8.40652690e+01
 2.02071133e+01
 5.88912733e+00
 2.39541051e+00
 1.24690674e+01
 5.63764764e+01
 5.86618694e+01
 1.56240430e+02
 4.02328818e+01
 2.05636194e+01
 5.79269565e+01
 2.44406251e+01
 3.62329078e+01
 3.47938288e+01
 8.29253656e+00
 1.29395726e+00
 1.97301841e+00
 9.56101601e+00
 4.89681371e+01
 2.39553242e+02
 8.84666140e+01
 9.84991536e+01
 1.56557052e+02
 5.63917600e+01
 5.89422818e+00
 4.84977132e+01
 3.70267970e+00
 1.04376327e+01
 4.61067783e-01
 4.92811854e+01
 1.78491190e+02
 1.29753332e+02
 1.11372507e+02
 4.21580330e+01
 7.83317719e+01
 7.24016505e+01
 9.17724635e+01
 4.73000864e-01
 2.88066488e+00
 5.85360846e+01
 5.41107241e-01
 6.36513738e+01
 1.98606353e+02
 2.57845161e+02
 1.64299927e+02
 2.37057787e+00
 1.29686704e+01
 1.33990857e+00
 4.53463282e+01
 8.57702452e+01
 1.81774566e+01
 1.75507612e+00
 5.25125521e+01
 1.44425340e-01
 2.23774541e+02
 6.69212527e+01
 9.11479771e+01
 2.26486441e+02
 7.43509307e+01
 1.79562349e+01
 5.24061732e+01
 3.33170655e+01
 1.47905464e+01
 1.93156592e+00
 1.71117171e+01
 1.71149871e+00
 7.66702405e+00
 1.35303666e+02
 1.48935365e+02
 3.12085597e+01
 2.75257119e+01
 1.43595732e+02
 2.95317334e+01
 8.03031564e+01
 1.35895060e+01
 3.21786351e+00
 5.28241543e+01
 9.07974009e+01
 2.56732617e+02
 1.77642594e+02
 9.79699688e+01
 1.12252737e+01
 1.41061715e+02
 1.28505939e+02
 1.79105150e+02
 9.78360965e+01
 4.19195062e-01
 5.47203955e-01
 9.48464758e+00
 7.41808835e+01
 1.23916387e-01
 1.02685019e+02
 5.50973574e+01
 1.22711838e+02
 2.09305540e+01
 9.16929179e+01
 5.95204838e+01
 1.14835072e+02
 2.51729431e+01
 5.91261205e+00
 3.17854327e+00
 2.32066791e+01
 6.25383392e+01
 8.78827743e+01
 1.76904659e+02
 8.50262644e+01
 2.45897649e+01
 5.94087685e+01
 4.11174218e+01
 2.53584016e+01
 3.45709949e+01
 5.54074590e+00
 1.08242463e+02
 1.86286921e+01
 1.91048836e+01
 7.37548287e+01
 4.65218909e+01
 9.81710781e-02
 0.00000000e+00
 1.05128156e+02
 5.74547983e+01
 2.52204368e+01
 4.75851042e+01
 1.27610817e+01
 2.10335685e+00
 3.03824744e+00
 6.23123182e+01
 2.92969518e+02
 2.64344405e+02
 6.90484900e+01
 1.11098126e+02
 7.61376709e+01
 5.33436115e+01
 2.05863739e+01
 2.63705853e+01
 1.82317245e-01
 2.49678852e+00
 5.78917207e+01
 2.16142173e+02
 9.87407042e+01
 1.33018563e+02
 8.20349070e+01
 6.77455086e+01
 1.39350911e+02
 9.52332172e+01
 1.15889123e+01
 6.01813507e+01
 8.33111529e-01
 2.65871518e+01
 1.98156835e+01
 6.81682838e+01
 1.38940990e+02
 8.24865201e+01
 1.88268534e+00
 1.78320119e+01
 7.74448722e+01
 9.20422456e+01
 2.01376949e+01
 8.48671306e-01
 3.18721997e+00
 3.22585965e+00
 1.98913068e+01
 1.10221097e+01
 7.51904161e+01
 1.46704533e+02
 1.36594071e+02
 1.53161503e+02
 7.55891589e+01
 6.29757636e+01
 2.61526393e+01
 7.56451641e+00
 3.65561510e+01
 6.88298525e+00
 3.60095338e+01
 7.83179750e+01
 1.46200220e+02
 1.10004230e+02
 1.24393071e+02
 9.56320263e+01
 1.65916840e+02
 6.74666490e+01
 6.31131112e+01
 6.34043540e-01
 2.61095612e+01
 1.47039000e+01
 2.63638123e-01
 1.29306396e+02
 4.37215728e+01
 2.80272632e+01
 6.09669352e+01
 2.20113672e+01
 8.07073018e+01
 2.96779070e+01
 2.98951929e+01
 2.47120364e+00
 5.24050579e+00
 2.13678732e+00
 1.52219443e+02
 7.31598136e+01
 1.00274888e+02
 1.77205345e+01
 1.52974724e+02
 1.02111700e+02
 6.72260231e+01
 1.32328775e+02
 1.58673717e+01
 5.31526566e+01
 6.31254629e+00
 3.70786774e-01
 3.87910975e+00
 1.99136854e+02
 1.26608313e+01
 8.18262400e+01
 1.18718889e+02
 1.04702406e+02
 1.11379512e+02
 4.36874233e+01
 1.76616043e+01
 4.34286221e+01
 1.12425968e+00
 2.73056521e+01
 8.44851992e+00
 5.89500032e+01
 2.07888168e+02
 4.54565494e+01
 9.00391044e+01
 1.90847994e+02
 7.23263443e+01
 6.82623975e+01
 1.62408115e+01
 1.90786957e+01
 1.70710964e+00
 2.22475186e+00
 5.65665249e+00
 1.44586371e+02
 3.42485507e+02
 7.12483844e+01
 5.86909795e+01
 1.37541650e+01
 5.56792961e+01
 2.13354022e+01
 4.34711878e+01
 1.20671341e+01
 1.00542674e+01
 8.43619990e+01
 8.05213458e+01
 2.56252200e+02
 2.81129095e+02
 1.00324812e+02
 2.55309793e+01
 6.05946590e+00
 7.17786995e+01
 9.48247629e+01
 3.13234264e+01
 9.85024137e+00
 1.83650230e+00
 5.85447256e-01
 3.04350647e+01
 3.32946276e+01
 3.07496470e+01
 1.73881127e+02
 2.73061003e+01
 1.90515915e+01
 2.59089209e+01
 1.02971171e+02
 0.00000000e+00
 1.45472464e+01
 3.20084562e+01
 1.27924001e-01
 1.10920326e+01
 6.70835128e+01
 3.99313993e+01
 4.33641407e+01
 3.65069416e+01
 8.49777137e+01
 2.57756478e+01
 6.69924606e+01
 4.57178922e+01
 1.34620892e+01
 1.89594276e+00
 1.25129522e+00
 1.27321984e+02
 1.10084969e+02
 8.21509575e+01
 5.96131919e+01
 8.25289064e+01
 8.63944941e+00
 3.92922727e+01
 1.05598524e+02
 2.19747449e+01
 2.32001278e+01
 3.52114343e+00
 2.19187969e+00
 1.46590843e+01
 3.76937859e+02
 1.80801844e+02
 1.06488706e+02
 7.64120950e+01
 2.71819956e+01
 0.00000000e+00
 3.63495737e+01
 7.54829509e+00
 8.76656851e+01
 2.50265490e+01
 2.30694812e+00
 1.70656569e+02
 1.11790298e+02
 2.85339562e+02
 2.56089018e+01
 8.58340097e+01
 7.42039100e+01
 4.19748757e+01
 1.23197063e+02
 1.16413458e+01
 1.10500542e+01
 1.12948188e+01
 3.56717452e+01
 4.95870783e+01
 9.65886549e+01
 1.32837711e+02
 2.90581866e+01
 1.48771900e+02
 9.29837971e+01
 1.34099558e+02
 9.62824157e+01
 5.12086638e+01
 2.42826907e+01
 0.00000000e+00
 1.87293002e+01
 6.53219243e+01
 9.25122390e+01
 1.97233732e+01
 1.48325315e+02
 7.49354267e+01
 6.10373987e+00
 8.95682993e+00
 7.53658593e+01
 1.16908870e+02
 5.70571727e+00
 2.11681570e+00
 2.97543099e+00
 3.93763046e+01
 2.89949750e+01
 4.55865483e+01
 1.32693300e+02
 8.62460526e+01
 4.98973700e+01
 9.32547776e+01
 6.58847371e+01
 2.14023382e+01
 5.55360184e+00
 7.75446750e-02
 4.27950567e+00
 3.65619658e+00
 1.58698045e+02
 6.45038793e+01
 9.00071052e+01
 1.39296413e+02
 1.38741719e+02
 6.87130200e+01
 5.52824306e+01
 4.53690492e+00
 4.04989269e+01
 7.92070644e-01
 3.51157547e+00
 4.36047301e+01
 1.00034851e+02
 1.71389113e+01
 1.92284646e+02
 1.21174280e+02
 9.94699304e+01
 2.10232382e+02
 3.14301653e+01
 3.65495519e+01
 5.52418030e+01
 2.35390162e+01
 5.40965611e+00
 9.22921405e+01
 2.25918388e+02
 2.12218429e+02
 1.02322977e+02
 2.10218389e+02
 2.37295432e+00
 6.31116398e+01
 2.48009838e+01
 3.36115134e+01
 6.13656807e+01
 2.54192651e+00
 1.88944847e+01
 9.94883858e-01
 5.20616259e-01
 1.79242295e+02
 4.00342365e+01
 6.38983333e+01
 7.03718145e+00
 8.76472052e+01
 5.09577945e+01
 1.72343973e+01
 1.25372571e+01
 1.20447276e+01
 5.25560589e+00
 5.31955933e+00
 8.09953674e+01
 8.74460876e+01
 9.62038890e+00
 1.09028138e+02
 5.58727551e+01
 3.67851731e+01
 9.81885139e+01
 5.89478401e+01
 1.86073893e+01
 1.50802374e+01
 9.99187442e+00
 7.04036038e+00
 4.95293260e+01
 1.50359333e+02
 2.52875040e+02
 7.48636186e+01
 2.46335323e+01
 3.23766440e+01
 5.13213260e+01
 1.34400812e+02
 3.94392498e+01
 4.54495557e+00
 2.54817117e+00
 6.97845066e+00
 2.50170623e+02
 1.66208155e+02
 1.67655631e+02
 5.00405965e+01
 1.16672045e+02
 1.31416636e+02
 1.13542610e+02
 4.68186043e+01
 2.91106858e+01
 1.55089350e-01
 5.27779533e+00
 1.25001597e+01
 1.23352172e+02
 1.34107620e+02
 1.07177146e+02
 1.46666015e+02
 3.87813879e+01
 1.14149214e+02
 6.59353413e+01
 2.89116154e+01
 2.14825125e+00
 6.40513281e+00
 5.97262755e+00
 9.35571645e+01
 8.85948932e+01
 1.32344928e+02
 1.43859959e+02
 9.92262286e+01
 6.58376766e+01
 7.41145076e+01
 3.34228371e+01
 2.03224770e+01
 7.18891848e+00
 7.26706363e+00
 6.68528330e+00
 1.95911519e+00
 4.48565299e+02
 1.67642215e+02
 1.76907991e+02
 9.18361444e+01
 6.76730456e+01
 3.08234954e+01
 7.83229853e+01
 4.99040008e+01
 2.10763770e+01
 5.42270959e-01
 3.26864326e+00
 4.16022091e+01
 6.61127656e+01
 1.40672611e+02
 3.17970780e+01
 3.94736664e+01
 1.30741488e+02
 1.89972640e+01
 5.86691758e+01
 3.11819587e+00
 3.20308700e+00
 3.92741520e+00
 1.39711369e+01
 8.57238650e-01
 6.14765591e+01
 3.06527881e+01
 1.05752160e+02
 3.14444659e+01
 4.31325223e+01
 3.76526952e+01
 4.17041759e+00
 6.46670198e+01
 4.32745842e+01
 2.98680189e+00
 3.82258356e+00
 7.06068986e+01
 7.20976876e+01
 3.83267525e+01
 1.43368863e+02
 5.94909978e+01
 1.58508075e+02
 7.96976422e+01
 4.30363208e+01
 5.38883265e+01
 4.86104539e+00
 4.42804233e+00
 7.49968612e+00
 1.02834668e+02
 5.89951811e+01
 2.70245073e+01
 1.42465130e+02
 2.19535956e+02
 4.95139017e+01
 1.19185255e+02
 1.40084654e+02
 3.29329561e+01
 9.47841942e+00
 3.45499974e-01
 1.39696047e+01
 7.07242411e+01
 8.58883323e+01
 1.18103614e+02
 3.58493191e+01
 1.32277749e+01
 2.79879140e+01
 1.54487445e+02
 8.33351224e+01
 6.68274682e+00
 7.59473311e+00
 6.98411723e+00
 5.25758928e+01
 7.50067644e+01
 3.90721056e-01
 1.12227722e+01
 1.21564984e+02
 4.28340204e+01
 1.45672188e+01
 2.15407390e+01
 2.30897279e+01
 1.57206362e+01
 1.67723977e+01
 1.67576995e+01
 8.28909293e-01
 3.30106722e+01
 2.00955135e+02
 1.85928948e+02
 1.02045147e+02
 7.13672997e+01
 1.33015543e+02
 1.08193042e+02
 1.13258111e+01
 1.35388567e+00
 8.48862241e+00
 9.69308437e-03
 0.00000000e+00
 2.28792961e+01
 7.15699546e+01
 4.08049235e+01
 1.21685273e+02
 4.91175461e+01
 6.92250335e+00
 5.93668938e+00
 2.43453954e+01
 3.72760082e+01
 5.07916301e+01
 9.45151948e-01
 1.40306470e+01
 5.98204077e+01
 4.14107831e+01
 1.99039897e+01
 1.12684404e+02
 2.15557009e+02
 8.49933091e+01
 2.44595751e+02
 5.53710787e+01
 4.90313559e+01
 4.62718522e+01
 5.04040371e-01
 6.36933410e+00
 9.65473426e+00
 2.29503551e+00
 4.96247591e+01
 7.21175799e+01
 2.19389660e+02
 3.70990331e+01
 8.41930387e+01
 9.56396819e+01
 1.66610820e+01
 3.55182660e+01
 3.48533467e+00
 1.91585302e+01
 1.24421014e+01
 9.25185336e+00
 2.50974848e+01
 4.72242163e+01
 9.41182681e+01
 7.42216616e+01
 2.41263311e+01
 7.77181823e+01
 4.45094826e+00
 9.28820235e+00
 7.82661798e+00
 2.13410179e+00
 6.09683297e+01
 4.33219444e+01
 8.86522896e+01
 5.02475486e+01
 3.85883616e+01
 6.15864688e+01
 1.92184678e+01
 3.44608284e+01
 1.62343306e+01
 5.72145641e+01
 8.50763630e-01
 1.35130465e+01
 5.48513546e+01
 2.56908593e+02
 2.55435322e+02
 2.17139467e+02
 1.19446588e+02
 2.30773265e+02
 1.00522916e+02
 2.96376023e+01
 1.63109680e+01
 0.00000000e+00
 5.91797275e-01
 1.11085849e+01
 5.21198940e+01
 8.50007937e+01
 1.69595414e+02
 2.52765231e+01
 9.31030836e+01
 1.16547300e+02
 8.24855835e+00
 3.52208810e+01
 8.07680472e-01
 5.17440710e+00
 4.69481352e-01
 3.34764450e+01
 2.05467179e+00
 8.12129404e+01
 3.07888229e+02
 1.62730526e+02
 9.19392648e+01
 8.79541674e+01
 1.12114246e+02
 2.58518513e+01
 2.44367543e+01
 9.04077033e+00
 1.25309793e+01
 8.22203391e-01
 9.13215664e+01
 8.11044170e+01
 1.22264443e+02
 1.25571184e+02
 2.35376209e+02
 1.44155985e+01
 1.40819161e+02
 3.19779284e+01
 4.17238420e+01
 7.79156213e+00
 1.00806719e+00
 9.27526810e+00
 6.80459354e+01
 1.20897464e+02
 1.13500620e+02
 8.03906133e+01
 4.95819190e+01
 4.71405233e+00
 6.89110465e+01
 6.22766076e+01
 3.97227927e+01
 1.28670941e+01
 9.98973830e+01
 9.31782546e+00
 5.14485696e+01
 6.38198213e+01
 1.65201220e+02
 5.34921468e+01
 7.97672189e+01
 3.31290568e+01
 8.51065742e+01
 9.81899095e+01
 8.84880020e+01
 2.45519234e+01
 4.10094756e+00
 4.45523974e+01
 4.66775295e+01
 1.84221595e+02
 2.76456916e+02
 2.58946893e+02
 1.83980880e+02
 5.24958516e+01
 5.41278965e+01
 4.87920464e+01
 5.30738896e+00
 4.31622754e+00
 4.10906436e-01
 0.00000000e+00
 5.94190350e+01
 6.44767495e+01
 1.72058523e+01
 5.55609118e+01
 1.48474212e+02
 8.41912125e+01
 1.12810423e+02
 2.90742544e+01
 1.05362452e+01
 2.19045774e+00
 0.00000000e+00
 8.14751224e+00
 2.69681511e+01
 6.69520813e+01
 8.41625263e+01
 5.36855364e+00
 1.68193693e+02
 6.51306968e+01
 6.36253367e+01
 9.21245286e+01
 1.73841157e+01
 4.59801586e+00
 7.93877647e+00
 1.08086024e+01
 8.53696465e+00
 7.06179549e+01
 5.60770476e+01
 5.41225775e+00
 7.75067561e+01
 6.40918567e+00
 2.14729673e+01
 5.16283315e+01
 8.85355038e+01
 2.93127701e+00
 2.88847720e-01
 9.05061617e+00
 9.05187373e+00
 9.87331159e+01
 8.90950207e+01
 8.34179455e+01
 1.45264161e+02
 4.59697133e+01
 4.48189825e+01
 7.73227031e+01
 2.87260660e+00
 8.85332852e+00
 1.64849955e+00
 3.16056262e+00
 1.02430551e+02
 1.29153747e+02
 4.69369531e+01
 5.67213349e+01
 8.85552646e+01
 5.34480184e+01
 6.63465379e+01
 5.67043215e+01
 7.24764757e+00
 1.63604508e+01
 1.79298726e+01
 3.51638959e+00
 6.31015361e+01
 2.78064391e+02
 1.11102068e+02
 1.98401174e+00
 1.05023867e+02
 7.79142525e+01
 4.26545269e+01
 2.51789899e+01
 2.69795412e+01
 6.96732982e+01
 8.72377623e-02
 1.01299171e+01
 2.29128585e+01
 4.57664513e+01
 2.67735686e+02
 6.36442399e+01
 7.46681985e+01
 1.00432768e+02
 2.73723812e+01
 7.24128635e+01
 5.75608844e+01
 6.90057597e+01
 5.18733048e-01
 3.45849913e+01
 3.24599778e+02
 5.44032803e+01
 9.70549862e+01
 1.19922473e+02
 9.28015177e+01
 3.66724025e+01
 1.10574301e+02
 4.57810960e+00
 1.63426846e+01
 5.97930475e+01
 3.97134601e-01
 3.01222571e+00
 0.00000000e+00
 2.10188037e+01
 7.26411221e+01
 5.16066949e+01
 1.57682588e+02
 1.89812187e+02
 1.05145959e+02
 7.89983315e+01
 3.70517801e+01
 1.85418642e+00
 1.90072930e+01
 8.46689436e+00
 3.12466291e+01
 1.25090593e+02
 5.68307871e+01
 1.06161664e+01
 5.40065062e+01
 1.81882118e+02
 2.07017985e+01
 9.57122053e+01
 2.58107456e+01
 2.75429231e+01
 2.02182409e+01
 5.33304214e+01
 2.16704659e+00
 1.12520209e+02
 4.81240836e+01
 5.38854764e+01
 1.17022719e+02
 1.45008646e+02
 4.79949004e+01
 4.23368206e+01
 1.10336567e+02
 5.51928915e+01
 8.71217578e-02
 2.45650104e+00
 3.21663657e+01
 4.12531112e+01
 2.51530565e+02
 2.68164428e+02
 7.23594202e+01
 1.54694972e+02
 1.41491572e+02
 6.56877048e+01
 2.29082457e+01
 6.54440853e+01
 0.00000000e+00
 2.12676002e+00
 6.37719317e+01
 4.85487228e+01
 2.16602981e+01
 2.56322825e+02
 1.51888594e+02
 1.08823359e+02
 6.05931032e+01
 1.96449429e+02
 7.46733190e+01
 3.62018489e+01
 2.94153929e+01
 1.30401759e+00
 3.93262474e+01
 1.92045529e+02
 6.17667516e+01
 4.38102826e+01
 1.40277513e+02
 1.10524829e+02
 1.15692863e+02
 5.99402301e+01
 4.42961702e+01
 1.00447436e+01
 2.11944200e-01
 4.05291013e+00
 9.25184047e+00
 4.85350374e+01
 6.34654731e+01
 1.09366254e+02
 1.90906051e+02
 7.38482265e+01
 1.55800279e+02
 5.72094202e+01
 4.96499319e+01
 1.24916494e+01
 3.61012552e-01
 2.37613515e+01
 3.18017450e+01
 4.52749268e+01
 1.50666494e+02
 1.53791115e+01
 2.23663284e+02
 1.01144558e+02
 9.16869838e+01
 6.44864345e+01
 4.53472270e+01
 3.55222641e+01
 1.73184195e+00
 2.10889523e+00
 4.30820351e+00
 8.57506793e+01
 2.88439519e+02
 1.27315237e+02
