 2.61781149e+01
 7.04072518e+01
 3.29415429e+01
 6.75237596e+01
 6.14670685e+01
 5.91048535e+01
 6.68960414e+00
 1.42760231e+01
 4.18727632e+00
 9.08625569e+01
 3.29450984e+01
 3.25403962e+01
 1.42485203e+02
 2.98816050e+01
 8.73809904e+01
 6.36543017e+01
 8.17266129e+01
 7.57473260e+01
 1.00212622e+01
 2.08585380e+00
 1.22142876e+02
 9.10389031e+01
 6.08323119e+01
 7.38071343e+01
 5.59984060e+01
 5.26659045e+01
 5.10952733e+01
 4.45734230e+01
 8.90038766e+01
 4.49713161e+01
 3.51997525e+01
 7.03611710e+00
 1.31473478e+02
 3.39250936e+01
 2.60959046e+01
 6.71002383e+01
 4.29075630e+01
 3.99174120e+01
 3.77837904e+01
 6.49801894e+01
 3.44117412e+01
 5.55610671e+01
 3.17883401e+01
 2.41774309e+01
 6.61103837e+01
 1.34332907e+02
 1.40101920e+02
 3.13425392e+01
 5.70724001e+01
 7.75894693e+01
 8.49515611e+00
 4.53357623e+01
 5.98476901e+01
 9.38604029e+01
 6.50276975e+01
 4.10281816e+01
 2.77378385e+01
 9.71010119e+01
 1.68259887e+01
 7.58346775e+01
 4.36628516e+01
 4.10900042e+01
 6.45163100e+01
 2.28516484e+01
 6.88954221e+01
 3.96759597e+01
 4.18176228e+01
 2.83505727e+01
 2.36111117e+01
 8.57725156e+01
 5.49329681e+01
 6.78151626e+01
 1.42420325e+01
 2.91156739e+01
 1.47553904e+00
 3.20325850e+01
 1.23229749e+02
 1.10801121e+02
 3.93998242e+01
 6.05394213e+00
 2.77865426e+01
 5.55465541e+01
 3.78058592e+01
 1.00161854e+02
 1.82354664e+01
 2.32566117e+01
 1.04955447e+01
 5.21191632e+01
 3.08823197e+01
 6.58779855e+01
 4.05278632e+01
 8.11907327e+00
 2.06419558e+01
 3.94287857e+01
 1.09028424e+02
 1.11777436e+02
 2.83466337e+01
 1.51985551e+01
 4.70781055e+01
 4.94560440e+01
 1.08483802e+02
 8.30900555e+01
 1.54551047e+01
 6.05734460e+00
 5.86243473e+01
 3.03148410e+01
 6.13895612e+01
 4.25141894e+01
 7.52733717e+01
 4.81689684e+01
 3.83163102e+01
 8.84951729e+01
 1.44350938e+02
 5.21972265e+01
 9.22404713e+00
 6.18588878e+01
 6.79907626e+01
 5.34517142e+01
 5.56841946e+01
 5.25225105e+01
 2.85271284e+01
 5.84362658e+01
 9.26948019e+01
 8.40285028e+01
 7.43019376e+01
 4.01878525e+01
 2.75685101e+01
 3.95023282e+01
 3.16630020e+01
 9.21202978e+01
 2.91576407e+01
 3.18269286e+01
 4.78614958e+01
 3.51603448e+01
 7.19856808e+01
 1.69450002e+01
 2.20324437e+01
 3.46646430e+01
 7.36335213e+01
 4.72329566e+01
 1.33258992e+01
 1.54807778e+02
 5.25118040e+01
 3.87459361e+01
 8.03916608e+00
 1.10730828e+01
 9.23368209e+00
 4.50542828e+01
 1.02048567e+02
 4.18706757e+01
 1.64083321e+01
 1.31700907e+01
 7.35810593e+01
 5.37697425e+00
 7.45998660e+01
 2.29285740e+01
 3.71293055e+01
 1.48470180e+01
 5.56273607e+01
 2.26808257e+01
 5.51732434e+01
 8.88764887e+01
 4.90160969e+01
 6.06432920e+00
 8.63151342e+01
 1.06106548e+02
 1.49708247e+01
 2.40182438e+01
 3.93455205e+00
 5.58141932e+01
 2.60927797e+01
 4.98297029e+01
 4.23027016e+01
 6.70224846e+01
 3.10532142e+01
 4.04150501e+01
 2.57662821e+01
 9.30976757e+01
 8.04696431e+01
 7.77933698e+01
 5.60249047e+01
 2.63610362e+01
 5.42118212e+01
 2.67486479e+01
 8.81214828e+01
 8.37272918e+01
 3.03058912e+01
 6.67067527e+00
 1.72250051e+01
 3.33829322e+01
 5.58582092e+01
 2.77550022e+01
 4.71745756e+01
 1.07297954e+01
 7.11052699e+01
 4.16885139e+01
 8.77586566e+01
 6.69915742e+01
 1.45241543e+01
 1.16774630e+01
 1.17630494e+01
 4.24897224e+01
 5.06192091e+01
 9.97964550e+01
 2.39919643e+01
 3.09790389e+01
 2.30661344e+01
 1.33408806e+01
 7.95822298e+00
 5.45971974e+01
 3.12792570e+01
 2.85728008e+01
 3.68834546e+00
 9.04743574e+01
 8.29845001e+01
 1.89422922e+01
 2.63868257e+01
 6.81701059e-01
 4.38649803e+01
 6.73728571e+01
 5.95681505e+01
 1.81241226e+01
 4.52149917e+01
 2.17253774e+01
 5.15070899e+01
 5.45918711e+00
 4.82152399e+01
 1.41082053e+02
 2.14722536e+01
 1.36542957e+01
 5.56719784e+01
 6.66421353e+01
 9.41560649e+01
 3.72108748e+01
 4.48131848e+01
 8.95822818e+00
 5.60610125e+01
 5.33205507e+01
 7.04912677e+01
 4.92789402e+01
 9.50630780e+00
 1.51210106e+01
 2.13011009e+01
 7.84635058e+01
 8.65036538e+01
 1.77044547e+02
 1.49962054e+01
 4.35264361e+01
 5.05177414e+01
 9.55789563e+01
 1.11329143e+02
 4.49902424e+01
 2.14635303e+01
 3.55420177e+01
 2.08675506e+01
 4.69863408e+01
 6.45994942e+01
 8.47971789e+01
 1.66852726e+01
 2.11353658e+01
 7.36967610e+01
 4.11904819e+01
 8.27731158e+01
 6.06112904e+01
 4.90169153e+01
 5.60104115e+01
 4.32805229e+01
 1.09815167e+02
 3.38792653e+01
 1.25962595e+01
 2.28126818e+01
 4.71225331e+00
 1.14204901e+02
 1.57380067e+02
 2.03078212e+01
 3.18641847e+01
 2.82839490e+00
 1.00923215e+01
 4.24970547e+01
 2.58957864e+01
 7.72685600e+01
 3.64693207e+01
 3.02384191e+01
 3.06286843e+01
 7.60258776e+01
 7.27528132e+01
 2.77072817e+01
 6.99944923e+01
 7.13869825e+01
 4.73144751e+01
 8.74841497e+01
 2.93068600e+01
 7.13598553e+01
 5.05697789e+01
 1.01524673e+02
 2.71202367e+01
 2.31518433e+01
 3.76131103e+01
 1.54331776e+02
 7.97820639e+01
 2.41643034e+01
 4.35830454e+01
 4.47786425e+01
 7.42868774e+01
 5.27917800e+01
 1.18586459e+01
 3.43472045e+01
 6.26222396e+01
 4.48039258e+01
 3.81690009e+01
 4.25407696e+01
 1.97748870e+01
 1.30387006e+01
 2.87163946e+01
 2.95495478e+01
 1.09341922e+02
 6.33235954e+01
 5.39334214e+01
 4.26926258e+01
 1.42640965e+01
 1.79553909e+01
 4.55137367e+01
 1.00033404e+02
 2.13527074e+01
 5.48981323e+01
 3.87815991e+01
 8.14525054e+01
 5.18695276e+01
 9.68419687e+01
 1.14248058e+01
 3.26246717e+01
 4.69548974e+00
 8.29934111e+01
 1.26473836e+02
 7.11444259e+01
 3.02844715e+01
 4.91388026e+00
 2.64804064e+01
 6.04318650e+01
 1.66278349e+02
 1.18797830e+01
 5.19489063e+01
 6.97821860e+01
 1.34090431e+01
 2.52554666e+01
 1.24876849e+02
 9.59785549e+01
 7.71514425e+01
 8.11192120e+00
 4.36286335e+00
 3.63664775e-01
 7.28492013e+01
 4.60455914e+01
 5.19158036e+01
 7.32663395e+01
 7.44951847e+01
 2.36837679e+00
 1.05375507e+02
 6.35790107e+01
 1.27417032e+02
 3.78758173e+01
 3.59412596e+01
 2.41268451e+01
 7.11844029e+01
 4.90749212e+01
 7.64871804e+01
 1.37283028e+01
 4.14429626e+01
 1.19630273e+01
 2.53413131e+01
 5.86290338e+01
 8.95010428e+01
 3.07733724e+01
 9.16441025e+00
 3.49365388e+01
 4.20302016e+01
 1.12237507e+02
 7.55702751e+01
 1.15350452e+01
 4.19123633e+01
 6.37593102e+01
 1.84902445e+02
 3.81067213e+01
 7.21296283e+01
 4.33773285e+00
 6.83808747e+01
 9.96796249e+01
 6.77122723e+01
 1.23994319e+02
 1.50798961e+01
 1.41331888e+01
 5.26767135e+01
 3.88699282e+01
 0.00000000e+00
 8.26266735e+01
 2.36218229e+01
 6.82700400e+01
 2.72795810e+01
 7.08962912e+01
 7.66000390e+01
 8.00071494e+01
 1.20136069e+02
 7.01880610e+01
 6.28474433e+00
 3.52709996e+01
 6.60354229e+01
 1.01287952e+02
 9.91054132e+01
 6.68976272e+01
 2.56109425e+01
 4.55239923e+01
 5.74331809e+01
 1.26280642e+02
 1.30848000e+02
 5.47773657e+01
 8.36434208e+01
 1.34381320e+01
 2.65605800e+01
 8.60634948e+01
 2.48964403e+01
 4.11337477e+00
 1.86961051e+00
 3.23919810e+01
 3.47972662e+01
 5.63858162e+01
 1.22566908e+02
 3.46889740e+01
 6.08647503e+01
 2.72452299e+00
 9.28646294e+01
 8.04857489e+01
 6.25044838e+01
 5.20144944e+01
 7.42691958e+01
 1.25061254e+02
 8.83249019e+01
 4.90100020e+01
 6.86581077e+01
 9.33113206e+00
 1.32262232e+01
 7.20602892e+01
 1.99452870e+02
 1.08817473e+02
 6.04179458e+01
 3.33856435e+01
 2.83165190e+01
 1.08698101e+02
 1.17198925e+02
 4.41101141e+01
 8.24357233e+01
 1.12163141e+01
 1.48638057e+01
 5.09291849e+01
 9.40679308e+01
 6.14784120e+01
 7.69997533e+01
 4.20310600e+00
 3.59894868e+01
 3.98069415e+01
 5.16046679e+01
 8.12014620e+01
 2.60643860e+01
 6.55517460e+00
 4.42747627e+01
 1.59473253e+01
 2.80647725e+01
 5.10301528e+01
 3.09242723e+01
 3.61919899e+01
 4.74452535e+01
 8.84580965e+00
 7.63859249e+01
 6.92789396e+01
 1.18416650e+02
 2.77251979e+01
 2.70470108e+01
 3.79685511e+01
 1.04347149e+02
 6.94145347e+01
 5.82303336e+01
 7.37407487e+01
 3.92738258e+01
 9.05640896e+01
 5.60245622e+01
 4.88960464e+01
 7.80998824e+00
 5.32896624e+01
 5.38560594e+01
 1.13111043e+01
 8.58025075e+01
 2.76047344e+01
 1.19231180e+01
 7.16633262e+01
 2.11403214e+01
 6.07771959e+01
 6.60093828e+01
 4.30591449e+01
 1.98141158e+01
 2.66745186e+01
 2.10549513e+01
 8.24687553e+01
 6.55015415e+01
 1.57109737e+01
 1.23854508e+01
 7.61836137e+01
 3.91947400e+01
 3.57206867e+01
 9.12437341e+01
 5.58066448e+01
 3.27542614e+01
 3.94747747e+01
 1.79058208e+01
 5.70536131e+00
 3.33062010e+01
 2.97183814e+01
 2.03326631e+01
 2.43625077e+01
 2.57169836e+01
 5.38833230e+01
 2.16807298e+01
 5.82032941e+01
 3.02524998e+01
 7.91784278e+00
 4.65178569e+01
 3.24455750e+01
 1.03312174e+02
 5.97915388e+01
 1.36244017e+01
 3.39298146e+01
 5.15588709e+01
 7.20895807e+01
 1.26953568e+02
 8.74854944e+01
 3.93396162e+01
 1.06297276e+01
 3.22011589e+00
 7.86073680e+00
 1.16260926e+02
 1.37300921e+02
 1.01079930e+02
 6.56433795e+01
 8.46711321e+00
 5.11344879e+01
 1.69623201e+01
 1.50659520e+02
 5.20691861e+01
 2.95363374e+01
 1.41827690e+02
 1.58781400e+01
 8.17483468e+01
 9.92032187e+01
 6.46258321e+01
 2.22212793e+01
 6.60177626e+00
 2.75367545e+01
 5.14121146e+01
 6.84857518e+01
 1.01632789e+01
 2.43667049e+01
 1.49762291e+01
 6.36146548e+01
 2.67012244e+01
 2.60210898e+01
 5.83602548e+01
 4.98175974e+00
 2.04735053e+00
 3.44080355e+00
 3.58042080e+01
 3.69261196e+01
 4.47086252e+01
 5.23631382e+01
 3.57486220e+00
 1.08961153e+01
 4.31803159e+01
 1.83700812e+00
 2.11169473e+01
 3.13884771e+01
 7.97287103e+01
 2.72969848e+01
 5.84096108e+01
 5.13898528e+01
 5.50783543e+01
 2.22044831e+01
 6.56905427e+00
 1.76778726e+02
 7.07420004e+01
 6.33492669e+01
 3.72893209e+01
 3.31830933e+01
 1.72500095e+01
 5.30094211e+01
 7.52196433e+01
 7.55681411e+01
 7.39477073e+01
 1.54645977e+01
 2.17817608e+01
 3.42174234e+01
 1.79233427e+02
 7.23154223e+01
 4.02350498e+01
 4.63319129e+01
 1.50049211e+01
 4.41333078e+00
 2.97051634e+01
 5.32415369e+01
 8.39998461e+01
 4.01046805e+01
 2.07079567e+01
 5.09813356e+01
 8.63398967e+01
 9.07054336e+01
 1.89844275e+01
 4.58530361e+01
 4.93686765e+01
 2.90063755e+01
 1.65907858e+02
 7.83237971e+01
 9.81175653e+01
 2.13156243e+01
 3.61371046e+01
 7.49770564e+01
 7.15784221e+01
 3.40961983e+01
 7.01261893e+00
 4.44681073e+01
 2.31660208e+01
 4.43446854e+01
 6.31646299e+01
 6.08711813e+01
 8.43949575e+01
 1.67964202e+00
 4.31610473e+01
 6.02316673e+01
 9.19962864e+01
 4.66091646e+01
 6.18411343e+01
 4.16942691e+01
 1.20026750e+01
 1.14345533e+01
 3.78831846e+01
 9.82504974e+01
 2.84158886e+01
 4.22192202e+01
 3.29668139e+01
 5.75805756e+01
 2.10035641e+01
 2.96291746e+01
 4.11005354e+01
 1.69787571e+01
 2.33685516e+01
 6.65556921e+01
 5.16362383e+01
 6.22883237e+01
 3.33671150e+01
 1.60514814e+01
 1.44859056e+01
 2.21640237e-02
 5.15920400e+01
 5.07569761e+01
 4.52546107e+01
 1.14226766e+02
 4.71872522e+01
 6.29139982e+01
 5.38329298e+01
 7.96820177e+01
 3.94118143e+01
 1.05268582e+01
 1.43053098e+01
 6.63193493e+01
 5.91152316e+01
 1.61359782e+01
 1.41423676e+02
 7.14506544e+01
 7.19447598e+01
 9.12345716e+01
 3.25267265e+01
 9.33342786e+01
 9.51117917e+01
 3.71954865e+01
 7.42873789e+00
 9.86637772e+01
 7.64472755e+01
 1.37660727e+02
 4.59076754e+01
 1.07156002e+02
 6.11456235e+00
 2.39097618e+01
 1.68653610e+01
 1.25726162e+02
 4.74493551e+01
 2.34967079e+01
 1.98871350e+01
 1.10749024e+01
 5.70094882e+00
 8.03359685e+01
 2.02822259e+01
 3.78094171e+01
 1.36486630e+01
 6.37670285e+01
 2.01287381e+01
 1.09763408e+02
 6.93950153e+01
 5.01885586e+01
 4.16597560e+01
 3.05445782e+01
 1.49903476e+02
 6.67604490e+01
 1.94764550e+01
 5.20418067e+01
 5.15223072e+01
 4.73144454e+01
 8.22107320e+01
 3.77653208e+01
 1.99389949e+02
 2.74165445e+00
 1.08740806e+01
 7.07465363e+00
 5.08373457e+01
 7.08242519e+01
 4.55055518e+01
 5.55487172e+01
 3.65082408e+00
 3.67112554e+01
 7.02382751e+01
 1.17950792e+02
 8.85348151e+01
 6.93216522e+01
 4.32309066e+01
 1.45691385e+01
 9.88382435e+01
 9.75700709e+01
 4.58204426e+01
 3.27945869e+01
 1.12705470e+02
 5.94569913e+01
 5.04133034e+01
 8.46175539e+01
 4.80959503e+01
 3.26020316e+01
 7.58031071e+01
 2.23089890e+01
 8.70137405e+01
 7.66448675e+01
 9.39919279e+01
 3.51295862e+01
 1.76282500e+01
 7.47395146e+01
 5.31054235e+01
 7.83503006e+01
 5.51081708e+01
 3.52827296e+01
 8.37339373e+00
 3.89296791e+01
 1.26978179e+01
 9.81639874e+01
 6.65474000e+01
 5.97775969e+01
 2.68177200e+01
 3.84719943e+01
 6.52496414e+01
 7.40522632e+01
 4.99266114e+01
 4.85382091e+01
 9.85167220e+00
 7.22927970e+00
 2.84946416e+02
 7.31394881e+01
 5.25740073e+01
 7.18354825e+01
 1.22242412e+01
 3.37314592e+01
 8.43665649e+01
 9.10715454e+01
 6.05367492e+01
 2.12956857e+01
 4.59263935e+01
 1.14962242e+02
 3.77083941e+01
 4.92428304e+01
 6.34852039e+01
 5.08117532e+01
 8.02960491e+01
 4.15798506e+01
 3.27082541e+01
 7.46799497e+01
 3.89453818e+01
 2.79118191e+01
 1.57241671e+01
 2.21112329e+01
 1.02936885e+02
 7.70720963e+01
 3.53406551e+01
 1.69090488e+01
 4.90797969e+01
 1.11653690e+01
 2.84094788e+01
 1.41195375e+02
 1.63840975e+02
 3.83725840e+01
 3.59975029e+01
 4.82684467e+01
 1.51647626e+02
 4.70016310e+01
 2.98486680e+01
 5.65903322e+01
 8.34830578e+01
 5.72046695e+01
 5.54480104e+01
 1.08688932e+02
 4.04552158e+01
 2.61255998e+01
 1.97649701e+01
 9.51859559e+01
 9.27322065e+00
 4.68145516e+01
 8.40413837e+01
 8.56996697e+01
 8.20056562e+00
 8.43724543e+01
 7.14089132e+01
 1.24730622e+02
 2.77562003e+01
 1.02098724e+01
 3.61088618e+01
 5.54740126e+01
 1.32252727e+02
 9.19890624e+01
 6.58068613e+00
 3.36788150e+01
 2.40181643e+01
 5.43795879e+01
 6.85681254e+01
 4.50365846e+01
 2.01666076e+01
 3.21255153e+01
 5.17334590e+01
 3.99738138e+01
 1.72135044e+00
 1.46302543e+01
 3.81888177e+01
 1.16444395e+01
 1.37607349e+01
 3.76914445e+01
 7.88557223e+01
 7.26888149e+01
 6.93674949e+01
 2.77126014e+01
 1.90656398e+01
 1.82281174e+01
 1.42950116e+02
 9.85922628e+01
 7.77659211e+01
 7.97461574e+01
 6.78094831e+01
 8.52142255e+01
 5.04664300e+01
 1.55389344e+01
 6.63207543e+01
 5.16056389e+00
 4.72913473e+00
 5.40828860e+01
 1.10634411e+02
 3.96516030e+01
 8.24582919e+01
 2.70355007e+01
 2.00550593e+01
 2.67082035e+01
 8.76903813e+01
 7.72086249e+01
 4.73156805e+01
 2.07535706e+01
 2.69205049e+01
 1.52493996e+02
 5.50087750e+01
 1.07688234e+01
 1.26262665e+02
 1.18359756e+02
 4.48819099e+01
 1.22618082e+02
 6.09363915e+01
 5.65748588e+01
 1.25762708e+02
 6.89815197e+01
 2.28156927e+01
 9.08393392e+00
 3.94046389e+00
 1.66789582e+01
 9.63247104e+01
 7.99308152e+01
 3.88562580e+01
 7.78718818e+01
 1.04927643e+02
 9.24013040e+01
 9.04889291e+01
 5.69784293e+00
 4.15448308e+01
 4.05968773e+01
 3.60295508e+01
 6.40750652e+00
 6.58341906e+01
 5.47978036e+01
 3.45397732e+01
 2.86813266e+01
 7.51514670e+01
 6.31597994e+01
 6.23719931e+01
 3.30739536e+01
 4.16135794e+01
 5.47657947e+01
 2.62185158e+01
 6.19548446e+01
 1.77627843e+01
 3.92760003e+01
 5.70088803e+01
 6.64027849e+01
 2.90162904e+01
 1.70033521e+01
 1.32847980e+02
 2.14080579e+01
 2.20510011e+01
 2.28091655e+01
 7.97625077e+01
 8.83515783e+01
 1.07314692e+02
 5.67656894e+01
 1.12803628e+02
 1.02387599e+02
 5.84858258e+01
 3.72188111e+01
 2.42973868e+01
 1.28581073e+01
 4.39083361e+01
 6.98982328e+01
 1.48819382e+02
 8.29839626e+01
 1.67204520e+01
 9.61979317e+01
 5.08422936e+01
 4.72991272e+00
 8.17608722e+01
 3.74379431e+01
 3.25538320e+01
 9.09078322e+00
 5.28901063e+01
 7.94146690e+00
 7.08948052e+01
 1.37328521e+02
 1.04441022e+02
 6.03238581e+01
 9.45517566e+01
 8.48148497e+01
 6.66610512e+01
 6.75026006e+01
 3.77633103e+01
 3.07914597e+01
 4.73637419e+00
 1.18687384e+02
 7.73493180e+01
 1.49385666e+02
 4.59642488e+01
 7.36668407e+01
 1.00021531e+01
 6.29242829e+01
 7.75388824e+01
 7.62447911e+01
 1.99285516e+01
 1.80501655e+01
 6.76726778e+00
 6.54820254e+01
 1.24971863e+02
 6.25938395e+01
 5.15834897e+01
 2.37631907e+01
 7.79905088e+00
 3.35275132e+01
 8.40873061e+01
 1.56266810e+02
 6.57864331e+01
 4.94460687e+01
 4.32866323e+01
 4.09415920e+01
 9.55070653e+01
 8.56675253e+01
 3.95612451e+01
 5.93907226e+01
 8.02307204e+00
 4.99909803e+01
 9.86600148e+01
 1.16338468e+02
 1.25780313e+02
 5.46461145e+00
 2.42893525e+01
 6.18274690e+01
 6.79260488e+01
 6.96050228e+01
 7.38202546e+01
 6.55704849e+01
 1.35726532e+01
 2.60267668e+01
 5.59685690e+01
 5.39007550e+01
 2.03202424e+01
 1.22503544e+01
 7.51906381e+00
 1.72208330e+02
 4.66342583e+01
 2.08813225e+01
 2.64479301e+01
 4.01642258e+01
 4.19767048e+01
 3.64872028e+01
 3.63299105e+01
 4.99373544e+01
 4.84305092e+01
 4.49469530e+00
 1.70712139e+01
 2.72762599e+01
 3.11816907e+01
 8.32406657e+01
 8.64766983e+00
 8.69961818e+01
 5.56754455e+01
 3.72969041e+01
 4.80499431e+01
 1.87284454e+02
 5.95936389e+01
 2.22244339e+01
 4.81689616e+01
 2.60469907e+01
 2.45436553e+01
 4.83668544e+01
 9.63631175e+00
 2.13738566e+01
 1.33898862e+01
 2.05824958e+01
 1.25601263e+02
 1.00655424e+02
 3.86840747e+01
 3.60687995e+01
 7.76089654e+01
 2.11008469e+01
 1.55288543e+01
 2.59818106e+01
 3.51200201e+01
 5.53916104e+01
 1.62244072e+01
 8.41801572e+01
 5.93068647e+01
 3.19832291e+01
 2.04379196e+01
 1.73084075e+01
 1.36687282e+01
 8.39427025e+01
 9.82819607e+01
 4.61571171e+01
 2.39572685e+01
 4.11354285e+01
 3.49888903e+01
 5.66640648e+01
 1.05530630e+02
 5.63099594e+01
 2.42274919e+01
 4.32012850e+01
 2.92310128e+01
 5.23393265e+01
 5.93706793e+01
 4.25352862e+01
 8.50157251e+00
 4.32784864e+01
 8.79686802e+01
 3.96523073e+01
 4.07019565e+01
 6.11486845e+01
 1.02723115e+02
 1.67270389e+01
 1.15520794e+02
 6.52999626e+01
 5.95434105e+01
 1.16801767e+02
 4.16289894e+01
 5.49118762e+01
 7.24706018e+01
 5.60263419e+01
 4.92321230e+01
 6.74922817e+01
 7.47850547e+01
 8.74772327e+00
 6.68360892e+01
 2.24495010e+02
 6.31264068e+01
 7.28182108e+01
 1.58763281e+02
 7.50098511e+01
 2.43646112e+01
 3.82632567e+01
 2.30212687e+01
 5.52158781e+01
 6.73205744e+01
 4.21804977e+01
 2.12343864e+01
 4.53303827e+00
 2.70570032e+01
 2.32941083e+01
 2.75824440e+01
 4.89704464e+01
 7.85176666e+01
 4.50281123e+01
 1.51996677e+02
 1.13562033e+02
 3.30588034e+01
 2.10644395e+01
 1.95818460e+00
 2.70813563e+01
 1.62054071e+02
 2.93296562e+01
 4.05370183e+00
 1.97085769e+01
 7.00730294e+01
 2.51901794e+01
 5.29540825e+01
 5.54698837e+01
 9.67044864e+01
 6.59719362e+01
 9.39088898e+01
 3.24995550e+01
 6.20453239e+01
 3.43754053e+01
 3.68220053e+01
 4.20203216e+01
 6.65835040e+01
 2.53744889e+01
 4.95933113e+01
 9.22138301e+01
 1.13449341e+02
 2.98546532e+01
 1.74017425e+01
 2.53285015e+01
 7.97722176e+01
 8.93135432e+01
 1.13451537e+02
 3.91159119e+01
 7.09338067e+01
 1.05522231e+02
 5.80994793e+01
 7.23084495e+01
 1.24760573e+02
 2.93026711e+00
 2.96749623e+01
 3.26211832e+01
 4.33588448e+01
 3.19592177e+01
 5.73737614e+01
 1.63621358e+02
 5.83046205e+01
 6.34940270e+01
 1.64332128e+02
 8.03560758e+01
 8.47030522e+01
 5.36706074e+01
 1.11230754e+01
 1.26800468e+02
 1.47337277e+02
 8.67158939e+01
 4.72641568e+01
 5.53609365e+01
 5.87902200e+01
 2.07327648e+01
 1.03067250e+02
 7.31820883e+01
 4.22308738e+01
 2.53704403e+01
 1.52924938e+01
 3.38225855e+01
 1.10325342e+02
 2.54886828e+01
 6.28535661e+01
 8.64971740e+01
 1.10106975e+02
 1.29127058e+02
 6.55937667e+01
 3.21398292e+01
 6.12246981e+01
 3.52559386e+01
 7.15891795e+01
 5.68955452e+01
 3.53245069e+01
 1.02828473e+02
 1.04232275e+01
 1.63952165e+02
 2.52295117e+01
 1.06573517e+02
 7.75213291e+01
 8.49981239e+01
 6.59167885e+01
 9.64243522e+00
 1.84844931e+00
 1.92518602e+00
 2.69264585e+01
 4.96732039e+01
 1.06398087e+02
