 4.30312500e+00
 2.26882324e+00
 7.47463379e+00
 1.03382202e+01
 1.53643433e+01
 1.91428162e+01
 2.11324097e+01
 1.98369995e+01
 1.70537048e+01
 1.27393738e+01
 9.39431152e+00
 4.18227539e+00
 6.13411865e+00
 4.93813477e+00
 8.14125977e+00
 1.27051941e+01
 1.80467163e+01
 1.90935303e+01
 2.10937744e+01
 2.02311340e+01
 1.95091187e+01
 1.17661987e+01
 9.08135376e+00
 3.80410156e+00
 2.99263916e+00
 5.99276123e+00
 7.63924561e+00
 1.50803162e+01
 1.48469482e+01
 1.85825134e+01
 2.06095215e+01
 2.01223083e+01
 1.48578125e+01
 1.21106201e+01
 9.47979126e+00
 3.89278564e+00
 5.11419067e+00
 4.91100464e+00
 8.43258057e+00
 1.01851440e+01
 1.26008545e+01
 1.89831787e+01
 2.11405273e+01
 2.13203674e+01
 1.82454468e+01
 1.19714905e+01
 8.46688232e+00
 4.62993774e+00
 1.39489136e+00
 6.00213013e+00
 7.86702881e+00
 1.23761230e+01
 1.54724976e+01
 1.92435547e+01
 2.27128540e+01
 2.23904968e+01
 1.86491333e+01
 1.17669312e+01
 8.01732788e+00
 4.71123657e+00
 1.54876099e+00
 6.51452026e+00
 1.20532776e+01
 1.46724182e+01
 1.56144958e+01
 1.71869446e+01
 2.12115417e+01
 2.31621033e+01
 1.81160522e+01
 1.32017151e+01
 8.91637573e+00
 6.78524170e+00
 7.04790649e+00
 6.63491211e+00
 1.04101807e+01
 1.08557068e+01
 1.63069397e+01
 2.11818481e+01
 2.31057678e+01
 2.14263855e+01
 1.79219910e+01
 1.30784241e+01
 7.07085571e+00
 6.52288208e+00
 4.17531738e+00
 6.94127808e+00
 8.49431763e+00
 1.41092163e+01
 1.77995544e+01
 2.01647888e+01
 2.17454773e+01
 2.25392395e+01
 1.60349976e+01
 1.29228760e+01
 1.03387390e+01
 5.57845459e+00
 5.37142334e+00
 5.78099976e+00
 8.16979370e+00
 1.10442444e+01
 1.44069458e+01
 2.02587524e+01
 2.25850464e+01
 2.05799805e+01
 1.77808472e+01
 1.45153442e+01
 8.38677368e+00
 4.77169189e+00
 4.85909424e+00
 4.86092529e+00
 7.69811401e+00
 1.27038208e+01
 1.65126282e+01
 1.67170349e+01
 2.05602356e+01
 1.86314636e+01
 1.74533020e+01
 1.30419861e+01
 4.94118652e+00
 3.78475342e+00
 1.85164795e+00
 4.99715576e+00
 9.80303345e+00
 1.00714966e+01
 1.46285339e+01
 2.18513733e+01
 2.25147339e+01
 2.09966980e+01
 1.58749939e+01
 1.27999512e+01
 5.95498047e+00
 7.00576172e+00
 5.16045532e+00
 4.89458618e+00
 8.03161011e+00
 1.18390747e+01
 1.70827271e+01
 1.81106201e+01
 1.93183228e+01
 2.10712830e+01
 1.70896545e+01
 1.22217651e+01
 7.77291260e+00
 2.40349731e+00
 3.22887573e+00
 5.63161621e+00
 8.32406006e+00
 1.15190674e+01
 1.38010498e+01
 2.02176453e+01
 2.29943481e+01
 2.17262207e+01
 1.63252502e+01
 1.27526794e+01
 6.58333740e+00
 3.52984009e+00
 8.06329346e-01
 3.10350952e+00
 6.91521606e+00
 8.59090576e+00
 1.62693420e+01
 2.27566772e+01
 2.15279175e+01
 2.01507813e+01
 1.65205017e+01
 1.21767822e+01
 8.25698242e+00
 5.33220825e+00
 3.06441650e+00
 5.94329224e+00
 8.90981445e+00
 1.22846313e+01
 1.84361206e+01
 2.15747314e+01
 2.23796021e+01
 2.39128052e+01
 1.79312988e+01
 1.28940674e+01
 9.29168091e+00
 4.21965942e+00
 2.80086670e+00
 5.93886719e+00
 8.70644531e+00
 1.12226501e+01
 1.31630188e+01
 2.21905151e+01
 2.33006226e+01
 2.13412415e+01
 1.57430969e+01
 1.38825623e+01
 9.98882446e+00
 4.46972046e+00
 3.62389526e+00
 6.40825806e+00
 9.68471680e+00
 9.77849731e+00
 1.53052002e+01
 2.00585571e+01
 2.19898010e+01
 2.34963928e+01
 1.63760925e+01
 1.13837219e+01
 6.30681763e+00
 5.75539551e+00
 7.10793457e+00
 7.58104858e+00
 1.08176208e+01
 1.09074036e+01
 1.34309937e+01
 1.96039978e+01
 2.06610046e+01
 2.10217529e+01
 1.67962585e+01
 1.24523865e+01
 7.76635132e+00
 1.05510864e+00
 -6.61962891e-01
 1.79158936e+00
 8.32003174e+00
 1.08077332e+01
 1.59782043e+01
 1.88378845e+01
 2.25716187e+01
 2.12057434e+01
 1.74323364e+01
 1.25175415e+01
 8.04116211e+00
 5.00023804e+00
 1.79027710e+00
 5.41002808e+00
 6.34700928e+00
 1.19450623e+01
 1.46186157e+01
 2.14118286e+01
 2.21507202e+01
 2.01244141e+01
 1.70071655e+01
 1.37224670e+01
 9.76571045e+00
 5.30532227e+00
 3.20092163e+00
 2.79927979e+00
 7.17394409e+00
 1.21840454e+01
 1.63460327e+01
 2.20546509e+01
 2.36743103e+01
 2.13799072e+01
 1.64264160e+01
 1.49770447e+01
 1.00110718e+01
 8.96846924e+00
 5.66808472e+00
 4.71843872e+00
 1.01349121e+01
 1.73081604e+01
 1.91841370e+01
 2.19388367e+01
 2.62125488e+01
 2.23900391e+01
 1.88465515e+01
 1.38151184e+01
 8.23034058e+00
 6.12005005e+00
 5.39180908e+00
 4.74514160e+00
 9.80654297e+00
 1.31431213e+01
 1.71711060e+01
 2.18088928e+01
 2.06699463e+01
 2.08582397e+01
 1.79294678e+01
 9.86129150e+00
 8.26479492e+00
 4.33928833e+00
 2.92101440e+00
 6.15184937e+00
 6.76818237e+00
 1.40832153e+01
 1.42707764e+01
 1.98643738e+01
 2.36205078e+01
 2.35410095e+01
 1.76091553e+01
 1.27513062e+01
 1.00770203e+01
 4.84383545e+00
 2.47469482e+00
 7.02559814e+00
 8.88509521e+00
 1.10512024e+01
 1.33397766e+01
 2.09417053e+01
 2.23633362e+01
 2.11349731e+01
 1.67802063e+01
 1.17811829e+01
 9.12441406e+00
 4.81817017e+00
 5.99068604e+00
 7.25365601e+00
 9.72765503e+00
 1.19565979e+01
 1.72189575e+01
 1.93972412e+01
 2.30422302e+01
 2.29429260e+01
 1.79869629e+01
 1.10401855e+01
 7.41024170e+00
 5.72429810e+00
 3.94799194e+00
 6.90029297e+00
 9.24718628e+00
 1.10790955e+01
 1.44121948e+01
 2.05374390e+01
 2.16573120e+01
 2.27606140e+01
 1.76080566e+01
 1.34674316e+01
 8.69222412e+00
 4.10393677e+00
 1.18963013e+00
 6.16408691e+00
 1.04486938e+01
 1.25386902e+01
 1.87250610e+01
 2.17466675e+01
 2.49618164e+01
 2.19534546e+01
 1.95874878e+01
 1.35506226e+01
 7.41869507e+00
 5.64302979e+00
 5.77031860e+00
 6.10750732e+00
 9.32055054e+00
 1.30974976e+01
 1.51237122e+01
 2.01541077e+01
 2.22705017e+01
 2.26451660e+01
 1.69199463e+01
 1.20006958e+01
 1.00031982e+01
 5.45095215e+00
 1.11953125e+00
 4.15358887e+00
 1.05339905e+01
 1.13504578e+01
 1.45480896e+01
 2.05492188e+01
 2.26959778e+01
 2.07615906e+01
 1.72162415e+01
 1.25823608e+01
 8.13460693e+00
 2.75148926e+00
 4.32024536e+00
 7.65456543e+00
 9.95070801e+00
 1.32783447e+01
 1.58969055e+01
 2.10020691e+01
 2.15785461e+01
 2.19264771e+01
 1.70183960e+01
 1.22889343e+01
 5.92543945e+00
 5.56374512e+00
 5.44149170e+00
 6.31792603e+00
 1.03699890e+01
 1.20293823e+01
 1.25338379e+01
 2.09803101e+01
 2.33205200e+01
 2.11981445e+01
 1.81104065e+01
 1.36104980e+01
 8.35381470e+00
 4.48858032e+00
 3.48937378e+00
 8.57512817e+00
 8.56789551e+00
 1.27012573e+01
 1.68903442e+01
 2.18261353e+01
 2.10663391e+01
 2.24299866e+01
 1.67162109e+01
 1.52316833e+01
 9.29253540e+00
 3.74636230e+00
 3.56948242e+00
 3.83846436e+00
 1.11761108e+01
 1.15663086e+01
 1.50656067e+01
 1.96491943e+01
 2.39440552e+01
 2.33559509e+01
 2.24722229e+01
 1.40986877e+01
 9.20595703e+00
 6.84636841e+00
 7.70095215e+00
 8.14302979e+00
 8.55166016e+00
 1.17465454e+01
 1.65925232e+01
 1.97280518e+01
 2.34074646e+01
 2.07003723e+01
 1.85078979e+01
 1.30731750e+01
 8.63332520e+00
 6.80645142e+00
 5.61278687e+00
 7.82378540e+00
 1.02639404e+01
 1.20301147e+01
 1.77238708e+01
 2.14031006e+01
 2.44601685e+01
 2.40703369e+01
 1.69119812e+01
 1.28143250e+01
 9.57567749e+00
 7.89000854e+00
 5.78331909e+00
 4.34792480e+00
 9.40291748e+00
 1.21564880e+01
 1.54080444e+01
 2.22414490e+01
 2.37889648e+01
 1.97295776e+01
 1.95420776e+01
 1.19488159e+01
 1.12981506e+01
 2.86318359e+00
 5.12487183e+00
 8.00188599e+00
 9.96691284e+00
 1.56032959e+01
 1.50353638e+01
 2.17173401e+01
 2.23221985e+01
 2.18706909e+01
 2.06192261e+01
 1.44127441e+01
 1.05653625e+01
 6.41741333e+00
 5.82683716e+00
 6.41451416e+00
 8.41863403e+00
 1.30379578e+01
 1.64605347e+01
 2.15486084e+01
 2.57092834e+01
 2.11471802e+01
 1.56012512e+01
 1.20896240e+01
 1.08007751e+01
 6.49730835e+00
 2.44902954e+00
 6.83013306e+00
 7.13695679e+00
 1.08651062e+01
 1.55862061e+01
 1.94699036e+01
 2.19009033e+01
 2.16299683e+01
 1.90063416e+01
 1.28751465e+01
 5.72728882e+00
 4.19576416e+00
 3.38594971e+00
 6.70903931e+00
 8.56319580e+00
 1.31415039e+01
 1.53144470e+01
 1.84542786e+01
 2.11443726e+01
 2.04373108e+01
 1.77970520e+01
 1.23136536e+01
 6.10817871e+00
 4.48931274e+00
 5.10656128e+00
 6.42669067e+00
 1.03588196e+01
 1.23223206e+01
 1.67364136e+01
 2.28108459e+01
 2.47883850e+01
 2.43089233e+01
 1.85686584e+01
 1.39457642e+01
 9.81636963e+00
 7.83995972e+00
 5.67647705e+00
 6.01131592e+00
 7.14833984e+00
 1.42216736e+01
 1.63337952e+01
 2.15466248e+01
 2.39338623e+01
 2.30172363e+01
 1.82077881e+01
 1.36690002e+01
 1.07362610e+01
 4.57656250e+00
 1.84356079e+00
 6.34526978e+00
 8.53185425e+00
 1.10389038e+01
 1.62217957e+01
 2.09637695e+01
 2.28446899e+01
 2.22350708e+01
 1.56198669e+01
 1.14468628e+01
 9.77727661e+00
 5.71706543e+00
 4.45153198e+00
 6.83983765e+00
 8.06063232e+00
 1.47204224e+01
 1.53710571e+01
 1.91478821e+01
 2.36443420e+01
 2.28653198e+01
 2.00348755e+01
 1.39780518e+01
 9.59627686e+00
 4.63060913e+00
 6.28618774e+00
 3.68621216e+00
 8.31206665e+00
 1.15921570e+01
 1.62315308e+01
 2.11250854e+01
 2.22431274e+01
 2.15793701e+01
 1.66363159e+01
 1.27568604e+01
 1.08579651e+01
 6.55050049e+00
 5.08464966e+00
 4.35500488e+00
 1.18274475e+01
 1.45833679e+01
 1.76021973e+01
 2.12783752e+01
 2.59944702e+01
 2.58481995e+01
 1.97774292e+01
 1.41752258e+01
 8.22469482e+00
 5.51854858e+00
 5.12145386e+00
 6.66091309e+00
 9.90889893e+00
 1.38179565e+01
 1.42992493e+01
 2.06907288e+01
 2.08879028e+01
 2.00810181e+01
 1.81510254e+01
 1.27379700e+01
 6.42241821e+00
 2.01339111e+00
 3.68935547e+00
 8.48803101e+00
 9.99218140e+00
 1.17173096e+01
 1.87660156e+01
 2.04402405e+01
 2.48008362e+01
 2.11630493e+01
 1.83423706e+01
 1.36983887e+01
 8.30437622e+00
 5.47487793e+00
 5.46505127e+00
 7.05004272e+00
 9.05748901e+00
 1.54693542e+01
 1.87770935e+01
 2.17503906e+01
 2.54073425e+01
 2.22354065e+01
 1.68701416e+01
 1.32651611e+01
 8.91384277e+00
 6.09948120e+00
 8.03115234e+00
 7.16341553e+00
 8.53490601e+00
 1.10379883e+01
 1.55599609e+01
 2.14164368e+01
 2.47715393e+01
 2.41312805e+01
 2.07696472e+01
 1.27529541e+01
 1.07941528e+01
 5.92061768e+00
 5.09838257e+00
 3.87380371e+00
 9.90142212e+00
 1.33355652e+01
 1.59821411e+01
 2.45163513e+01
 2.24286133e+01
 2.20311218e+01
 1.81701294e+01
 1.06004272e+01
 8.44042358e+00
 4.45638428e+00
 6.72191772e+00
 8.37264404e+00
 7.82372437e+00
 1.34705444e+01
 1.74127747e+01
 2.23321167e+01
 2.07084595e+01
 2.18957153e+01
 1.93231140e+01
 1.26443420e+01
 8.82824097e+00
 3.16259155e+00
 5.45568237e+00
 7.54390869e+00
 1.03366943e+01
 1.29111572e+01
 1.97171875e+01
 2.19540039e+01
 2.68677612e+01
 2.24068542e+01
 1.76876770e+01
 1.24951721e+01
 9.64745483e+00
 5.92507324e+00
 5.74498901e+00
 6.58541260e+00
 1.04350525e+01
 1.52394348e+01
 1.89703003e+01
 2.29195801e+01
 2.52543884e+01
 2.35631958e+01
 2.02134644e+01
 1.28178650e+01
 5.58431396e+00
 2.50896606e+00
 5.10799561e+00
 5.46849976e+00
 8.33452759e+00
 9.87868652e+00
 1.73539063e+01
 1.91285339e+01
 2.18766724e+01
 2.13040100e+01
 1.99259583e+01
 1.38591248e+01
 9.82015381e+00
 7.33440552e+00
 6.79790649e+00
 9.06121216e+00
 9.81496582e+00
 1.30882202e+01
 1.82117859e+01
 2.02661987e+01
 2.24593750e+01
 2.36561523e+01
 1.84128967e+01
 1.12176147e+01
 9.50948486e+00
 6.51937256e+00
 5.85894165e+00
 6.79351196e+00
 1.14892822e+01
 1.26972595e+01
 1.86824890e+01
 2.26932922e+01
 2.29969116e+01
 2.20374390e+01
 1.82353149e+01
 1.56019531e+01
 8.95293579e+00
 7.98558960e+00
 6.82534180e+00
 8.01986084e+00
 1.18491150e+01
 1.47770325e+01
 1.92618652e+01
 2.34067627e+01
 2.79459167e+01
 2.60589844e+01
 1.89421936e+01
 1.42522522e+01
 1.12738892e+01
 9.45919189e+00
 7.64244995e+00
 4.49254761e+00
 1.12203003e+01
 1.52458740e+01
 1.90801941e+01
 1.98120361e+01
 2.31039978e+01
 2.11874329e+01
 1.58922974e+01
 1.11236511e+01
 1.07069336e+01
 7.77108154e+00
 4.23214111e+00
 3.80587158e+00
 8.92431030e+00
 1.01993042e+01
 1.60437866e+01
 2.03587891e+01
 2.24752441e+01
 2.28774048e+01
 1.85024353e+01
 1.29354187e+01
 7.65874634e+00
 6.68322144e+00
 5.52803955e+00
 7.06722412e+00
 8.87288818e+00
 1.16800781e+01
 1.84659973e+01
 2.61401306e+01
 2.37367188e+01
 2.36507813e+01
 1.97799316e+01
 1.33801819e+01
 7.57564697e+00
 5.09453735e+00
 6.32836304e+00
 7.42269287e+00
 7.65465698e+00
 1.15521790e+01
 1.85736633e+01
 2.46008545e+01
 2.60909058e+01
 2.50734192e+01
 1.85389954e+01
 1.19717957e+01
 7.34212646e+00
 6.46843872e+00
 3.67623291e+00
 7.09606323e+00
 1.05012756e+01
 1.28194214e+01
 1.61161743e+01
 2.15330444e+01
 2.49092651e+01
 2.26618591e+01
 1.79495483e+01
 1.33003479e+01
 8.71883545e+00
 4.28829346e+00
 3.51955566e+00
 6.94481812e+00
 6.42418823e+00
 1.13446899e+01
 1.59270264e+01
 2.17678162e+01
 2.54485107e+01
 2.46959778e+01
 1.89961792e+01
 1.48148438e+01
 1.00637146e+01
 9.52831421e+00
 7.42864380e+00
 7.57131348e+00
 8.09652100e+00
 1.24374634e+01
 1.76817566e+01
 2.09562317e+01
 2.34291321e+01
 2.37584167e+01
 1.88640991e+01
 1.37114197e+01
 9.45986328e+00
 5.76485596e+00
 7.78399048e+00
 7.41433105e+00
 1.02728516e+01
 1.44800964e+01
 1.69508911e+01
 2.01591736e+01
 2.52899719e+01
 2.47004333e+01
 1.96515747e+01
 1.18182007e+01
 7.30703125e+00
 1.01048218e+01
 5.42205200e+00
 8.73113403e+00
 1.14277283e+01
 1.47735535e+01
 1.65829712e+01
 2.26733948e+01
 2.32306763e+01
 2.45753723e+01
 2.12819153e+01
 1.46642700e+01
 9.00429688e+00
 7.28405151e+00
 3.16170654e+00
 8.09865723e+00
 1.08227478e+01
 1.49564758e+01
 1.87724243e+01
 2.28519531e+01
 2.46442200e+01
 2.50071045e+01
 1.99763428e+01
 1.36788879e+01
 1.02505737e+01
 8.48995361e+00
 7.48159180e+00
 7.51830444e+00
 9.04674683e+00
 1.37082458e+01
 1.81773315e+01
 2.34375549e+01
 2.58503662e+01
 2.26491028e+01
 1.94305054e+01
 1.38206726e+01
 9.46932373e+00
 8.74398193e+00
 5.99996338e+00
 7.09685669e+00
 1.03168884e+01
 1.35781494e+01
 1.68087708e+01
 2.10316101e+01
 2.31308228e+01
 2.38774353e+01
 2.10586792e+01
 1.56953064e+01
 9.29729614e+00
 6.25124512e+00
 7.14724121e+00
 4.62520752e+00
 1.23948303e+01
 1.28242432e+01
 1.86737610e+01
 2.57432495e+01
 2.81018616e+01
 2.44192444e+01
 1.93752075e+01
 1.25463196e+01
 6.92199097e+00
 4.08822021e+00
 5.06176147e+00
 7.98867188e+00
 9.46056519e+00
 1.31807800e+01
 1.84411560e+01
 2.34328247e+01
 2.50506226e+01
 2.57371155e+01
 1.97036377e+01
 1.26585327e+01
 1.00072266e+01
 6.67269287e+00
 6.55037842e+00
 4.44072876e+00
 1.02979370e+01
 1.00458923e+01
 1.46950317e+01
 1.94430481e+01
 2.30441528e+01
 2.21085449e+01
 1.81462646e+01
 1.36451355e+01
 8.98229370e+00
 6.94533691e+00
 6.25835571e+00
 8.27630005e+00
 1.02545105e+01
 1.16066223e+01
 1.80502258e+01
 2.18862549e+01
 2.43530823e+01
 2.12239929e+01
 1.81733337e+01
 1.38785034e+01
 8.51937256e+00
 5.69277344e+00
 4.24596558e+00
 7.31319580e+00
 1.02123047e+01
 1.23885132e+01
 1.67818237e+01
 2.25028015e+01
 2.37669922e+01
 2.41776978e+01
 1.86150452e+01
 1.45013672e+01
 8.41259155e+00
 4.24160156e+00
 4.55913696e+00
 4.64119873e+00
 1.02270752e+01
 1.06615540e+01
 1.63630005e+01
 2.03274170e+01
 2.32531982e+01
 2.46256653e+01
 1.74023682e+01
 1.35986267e+01
 9.49288330e+00
 2.59203491e+00
 6.33620605e+00
 7.91134033e+00
 1.06249329e+01
 1.53354736e+01
 1.95364319e+01
 2.16657654e+01
 2.59977356e+01
 2.44027344e+01
 2.15689636e+01
 1.70589844e+01
 1.01373230e+01
 6.99239502e+00
 5.88649902e+00
 7.20348511e+00
 1.12647339e+01
 1.31405579e+01
 1.50991760e+01
 2.36192566e+01
 2.54306274e+01
 2.41312805e+01
 1.92033325e+01
 1.46974121e+01
 9.78847656e+00
 6.60067139e+00
 7.04268799e+00
 9.00686035e+00
 9.67934570e+00
 1.01661316e+01
 1.74121033e+01
 2.09271179e+01
 2.59273315e+01
 2.51038147e+01
 1.92263123e+01
 1.19804016e+01
 9.30736694e+00
 4.46083984e+00
 5.86681519e+00
 3.57052002e+00
 6.83632813e+00
 1.17338501e+01
 1.57856384e+01
 2.15344482e+01
 2.32748657e+01
 2.30330750e+01
 2.09298950e+01
 1.56185852e+01
 1.15162598e+01
 6.53920898e+00
 5.96923218e+00
 9.48787842e+00
 1.36083618e+01
 1.57800842e+01
 1.84189392e+01
 2.61268250e+01
 2.77771851e+01
 2.42321106e+01
 1.87122131e+01
 1.46446777e+01
 8.83895264e+00
 5.18471680e+00
 6.66069946e+00
 7.41307983e+00
 1.05720459e+01
 1.29034363e+01
 1.55659424e+01
 2.43511292e+01
 2.51257568e+01
 2.25862366e+01
 1.94322144e+01
 1.49749695e+01
 9.38842163e+00
 5.23659668e+00
 5.75112305e+00
 7.57821045e+00
 1.19666992e+01
 1.65453125e+01
 1.69614197e+01
 2.23936707e+01
 2.58605286e+01
 2.61239258e+01
 1.92049500e+01
 1.42284790e+01
 8.53267822e+00
 7.00316772e+00
 5.89284668e+00
 6.33968506e+00
 7.95934448e+00
 1.37794434e+01
 1.71518494e+01
 2.12106567e+01
 2.36908508e+01
 2.47351318e+01
 2.11195923e+01
 1.39005981e+01
 1.29146362e+01
 9.31887207e+00
 6.26796875e+00
 7.94698486e+00
 1.22538391e+01
 1.34662415e+01
 1.88503967e+01
 2.21595703e+01
 2.54817139e+01
 2.77110840e+01
 2.11077515e+01
 1.46398865e+01
 1.11762939e+01
 6.93648682e+00
 5.23259888e+00
 7.10576782e+00
 8.82515869e+00
 1.18599182e+01
 1.76275574e+01
 2.34177795e+01
 2.25848938e+01
 2.29890381e+01
 2.25386902e+01
 1.62132813e+01
 1.27318970e+01
 7.32457886e+00
 7.65395508e+00
 6.34316406e+00
 9.54363403e+00
 1.29190308e+01
 2.02019897e+01
 2.12549072e+01
 2.50598083e+01
 2.58258911e+01
 2.05933167e+01
 1.43387390e+01
 1.07016541e+01
 7.28869019e+00
 7.01949463e+00
 4.37316284e+00
 7.73168335e+00
 1.26195313e+01
 1.77816101e+01
 2.21372009e+01
 2.52078796e+01
 2.58905273e+01
 2.01909729e+01
 1.51475464e+01
 1.01252991e+01
 9.54223022e+00
 5.64925537e+00
 7.41103516e+00
 9.83709106e+00
 1.29582764e+01
 2.00456177e+01
 1.79967590e+01
 2.24549194e+01
 2.45485474e+01
 1.89918457e+01
 1.27166382e+01
 1.24485107e+01
 7.31411133e+00
 5.61589966e+00
 7.69973145e+00
 1.06581970e+01
 1.48254028e+01
 1.95257507e+01
 2.38625427e+01
 2.53201538e+01
 2.52864624e+01
 2.07610413e+01
 1.37450500e+01
 1.03612000e+01
 5.79015503e+00
 6.24773560e+00
 8.35289917e+00
 1.18860718e+01
 1.44069153e+01
 1.90956055e+01
 2.09152466e+01
 2.76036316e+01
 2.59093262e+01
 2.17271973e+01
 1.38187500e+01
 1.03227478e+01
 7.80056152e+00
 7.28545532e+00
 8.51177368e+00
 9.61071167e+00
 1.47633911e+01
 1.93066956e+01
 2.27728821e+01
 2.70548950e+01
 2.68969666e+01
 1.94334656e+01
 1.58198181e+01
 1.09659973e+01
 9.25087891e+00
 6.00493774e+00
 7.29964600e+00
 1.07751099e+01
 1.39211060e+01
 1.76397339e+01
 2.10971313e+01
 2.39145447e+01
 2.38353516e+01
 2.14078308e+01
 1.50953613e+01
 1.17047058e+01
 7.17150269e+00
 8.12844238e+00
 9.83483276e+00
 1.22154175e+01
 1.29450928e+01
 1.96812988e+01
 2.03808228e+01
 2.49261719e+01
 2.47231079e+01
 1.95617615e+01
 1.38997742e+01
 1.07277771e+01
 8.50875244e+00
 7.49901733e+00
 9.00353394e+00
 1.07213074e+01
 1.42017456e+01
 1.84224487e+01
 2.37277161e+01
 2.68093201e+01
 2.45896545e+01
 2.34529663e+01
 1.62904297e+01
 1.08919617e+01
 9.45339355e+00
 5.95562134e+00
 7.77276001e+00
 1.06238953e+01
 1.31780029e+01
 1.49747864e+01
 2.05690857e+01
 2.60199219e+01
 2.54420715e+01
 2.00203796e+01
 1.70385986e+01
 1.03580566e+01
 8.31054077e+00
 8.04778442e+00
 8.16741333e+00
 1.10699707e+01
 1.36020142e+01
 1.72660767e+01
 2.25070435e+01
 2.61591736e+01
 2.45606628e+01
 2.01464172e+01
 1.51845642e+01
 1.22585083e+01
 9.58605347e+00
 6.07729492e+00
 8.79100952e+00
 1.27794434e+01
 1.14482666e+01
 1.63714844e+01
 1.99516541e+01
 2.42669312e+01
 2.54735046e+01
 2.08711182e+01
 1.55072876e+01
 1.09041077e+01
 7.19478760e+00
 5.89159546e+00
 6.80623779e+00
 1.09961182e+01
 1.37424561e+01
 2.15671631e+01
 2.39467407e+01
 2.73631836e+01
 2.76272217e+01
 2.05639282e+01
 1.47398315e+01
 1.15862061e+01
 8.01320801e+00
