 3.93273926e-01
 -3.96097412e+00
 5.60964355e+00
 8.63952026e+00
 1.48951050e+01
 1.86402832e+01
 2.01963745e+01
 1.83189331e+01
 1.43326660e+01
 9.85225830e+00
 4.42376099e+00
 -1.72934570e+00
 -5.51580811e-01
 -1.77801514e-01
 1.50328979e+00
 7.24068604e+00
 1.13445679e+01
 1.37340332e+01
 2.11305481e+01
 2.21362244e+01
 1.52390686e+01
 7.62536011e+00
 4.19591675e+00
 4.75466309e+00
 -1.37851562e+00
 -3.96063232e-01
 2.42382202e+00
 9.24157104e+00
 1.21848083e+01
 1.81819092e+01
 2.25875793e+01
 1.71585327e+01
 1.55425964e+01
 9.71264038e+00
 6.02684937e+00
 -5.21917725e-01
 2.89925537e+00
 2.57991943e+00
 4.24758301e+00
 7.84270630e+00
 1.28717285e+01
 1.75849854e+01
 2.19871155e+01
 1.98576599e+01
 1.48072144e+01
 7.49471436e+00
 1.70574341e+00
 5.23675537e-01
 4.01882324e+00
 6.25207520e-01
 5.42749023e-01
 9.05166016e+00
 1.12911316e+01
 1.83347717e+01
 1.85067383e+01
 1.86281372e+01
 1.44811340e+01
 1.00971008e+01
 4.98137817e+00
 2.39147339e+00
 -2.01251831e+00
 2.99288330e+00
 8.22677002e+00
 1.11684509e+01
 1.52921387e+01
 1.96054016e+01
 1.86346375e+01
 1.71762939e+01
 1.76413513e+01
 1.02165771e+01
 5.48684082e+00
 -5.13403931e+00
 6.78216553e-01
 6.47851563e-01
 2.13146362e+00
 6.24245605e+00
 1.12063843e+01
 1.67717529e+01
 2.13309265e+01
 2.37958313e+01
 1.24423767e+01
 6.36321411e+00
 5.09853516e+00
 1.69866333e+00
 2.30364380e+00
 1.41179810e+00
 5.19057617e+00
 7.44030151e+00
 9.56890259e+00
 1.39556519e+01
 1.80330750e+01
 1.78237854e+01
 1.27734619e+01
 1.16179749e+01
 4.59392700e+00
 2.07467041e+00
 9.51837158e-01
 9.78295898e-01
 3.62709961e+00
 8.80050049e+00
 1.59083801e+01
 1.83265930e+01
 2.01039978e+01
 1.95315796e+01
 1.50709473e+01
 8.14327393e+00
 6.03252563e+00
 4.26073608e+00
 -4.46573486e+00
 -5.39129639e-01
 5.35137329e+00
 1.22077271e+01
 1.62719360e+01
 1.54072510e+01
 2.03428589e+01
 2.00594421e+01
 1.85477844e+01
 1.15797974e+01
 7.13662109e+00
 -3.37225342e-01
 -2.23834839e+00
 1.60201416e+00
 7.30996094e+00
 1.06791016e+01
 1.32574402e+01
 1.96863342e+01
 2.01674133e+01
 1.99932495e+01
 1.41020447e+01
 1.12247559e+01
 5.09456787e+00
 4.18117676e+00
 1.37584839e+00
 -1.25119629e+00
 9.49529419e+00
 7.88295898e+00
 1.27250610e+01
 1.77004639e+01
 2.20956055e+01
 2.12438904e+01
 1.57514893e+01
 7.78594360e+00
 3.49764404e+00
 -1.68585815e+00
 -6.83966064e-01
 3.03701172e+00
 4.62700806e+00
 7.95848999e+00
 1.12505432e+01
 1.74126526e+01
 2.16968018e+01
 2.01375061e+01
 1.35741516e+01
 1.09267517e+01
 6.34685669e+00
 3.26091919e+00
 3.15023193e+00
 3.61379395e+00
 2.53142700e+00
 9.76528320e+00
 1.42959839e+01
 1.63833862e+01
 1.88550964e+01
 1.95512634e+01
 1.32685791e+01
 8.01995239e+00
 4.32219849e+00
 1.56151733e+00
 -4.34262695e+00
 1.11220703e+00
 4.89550171e+00
 8.01644287e+00
 1.35966736e+01
 1.59642578e+01
 1.86479736e+01
 1.93659607e+01
 1.37778870e+01
 8.94143066e+00
 7.94152222e+00
 7.10168457e-01
 1.83345947e+00
 3.76519165e+00
 3.62224731e+00
 9.49340210e+00
 1.43139587e+01
 1.65942322e+01
 1.95153748e+01
 1.83060852e+01
 1.57129761e+01
 8.49242554e+00
 5.69930420e+00
 3.64107666e+00
 -3.43182983e+00
 2.58443604e+00
 6.28322754e+00
 8.89806519e+00
 1.51847168e+01
 1.95959717e+01
 2.21422974e+01
 2.11848999e+01
 1.70017639e+01
 1.07539917e+01
 2.97625122e+00
 -7.33068848e-01
 -5.13446655e+00
 -4.95679321e+00
 4.71154175e+00
 8.59075317e+00
 1.36113220e+01
 1.78796936e+01
 1.77567383e+01
 2.00225769e+01
 1.55000854e+01
 1.05326782e+01
 8.34078369e+00
 1.45574341e+00
 4.74328613e-01
 9.51989746e-01
 -7.43469238e-02
 1.05669189e+01
 9.98763428e+00
 1.55953613e+01
 1.89057861e+01
 1.73426758e+01
 1.57571655e+01
 1.19518372e+01
 6.01430664e+00
 1.41921387e+00
 3.99505005e+00
 4.15911255e+00
 4.09957275e+00
 7.97393188e+00
 1.31555420e+01
 1.78806091e+01
 1.95312134e+01
 1.89619690e+01
 1.62773071e+01
 1.46230103e+01
 6.40645752e+00
 5.66430664e-01
 -1.25879517e+00
 4.41512451e+00
 3.70488892e+00
 6.82817993e+00
 1.49270264e+01
 1.93890930e+01
 2.04801575e+01
 1.72182861e+01
 1.39407288e+01
 9.38894043e+00
 8.08202515e+00
 -1.24844971e+00
 -5.69311523e-01
 3.32531128e+00
 2.57796631e+00
 6.61049805e+00
 1.47956787e+01
 1.96456848e+01
 2.12504211e+01
 2.18165833e+01
 1.32992493e+01
 1.02117249e+01
 6.62615356e+00
 -6.47338867e-02
 -1.59104004e+00
 9.96240234e-01
 2.91866455e+00
 6.42916260e+00
 1.16404358e+01
 1.95150696e+01
 1.87056213e+01
 2.14270569e+01
 1.54713074e+01
 9.33452759e+00
 1.84636841e+00
 8.39746094e-01
 -8.14184570e-01
 -4.59592285e+00
 4.11196289e+00
 7.41497192e+00
 1.19786621e+01
 1.64588867e+01
 2.14816528e+01
 1.88223511e+01
 1.61261536e+01
 9.25341187e+00
 5.13884888e+00
 -7.14502563e+00
 -6.74932861e-01
 1.80037842e+00
 5.30969238e-01
 6.29338989e+00
 1.21780334e+01
 1.58098389e+01
 2.18700500e+01
 2.33357788e+01
 1.58602844e+01
 1.18203064e+01
 7.64577637e+00
 5.68926392e+00
 -3.37896729e-01
 2.18465576e+00
 6.55993042e+00
 1.16997314e+01
 1.01471191e+01
 1.66757751e+01
 2.02777649e+01
 1.90800720e+01
 1.38447815e+01
 1.12940308e+01
 7.44857178e+00
 -1.05292358e+00
 -3.44687500e+00
 -2.46488037e+00
 7.61321411e+00
 1.08904358e+01
 1.10999084e+01
 1.91107117e+01
 1.98685242e+01
 2.04465881e+01
 1.55546814e+01
 1.02502380e+01
 6.27156982e+00
 3.53453979e+00
 -2.75640869e-01
 -4.80921021e+00
 4.61110840e+00
 7.84710083e+00
 1.52919556e+01
 1.54324890e+01
 1.87988831e+01
 1.72134949e+01
 1.78155151e+01
 1.22035156e+01
 4.37581787e+00
 2.77352295e+00
 -3.07745972e+00
 1.60485229e+00
 1.90807495e+00
 7.69066772e+00
 1.42083374e+01
 1.47165771e+01
 1.98792969e+01
 1.90511108e+01
 1.81221558e+01
 9.92672119e+00
 6.00106201e+00
 -1.72308960e+00
 -1.88925781e+00
 -1.70749512e+00
 5.01073608e+00
 7.87438354e+00
 1.10432678e+01
 1.79897705e+01
 1.98384949e+01
 1.92370544e+01
 1.56142212e+01
 1.14969727e+01
 5.86928711e+00
 7.91070557e-01
 4.78511963e+00
 2.54144287e-01
 3.12902222e+00
 1.39124695e+01
 1.23791748e+01
 1.63963257e+01
 2.40194946e+01
 2.05764404e+01
 1.61064392e+01
 9.17937622e+00
 6.56621704e+00
 5.20317993e+00
 9.80859375e-01
 3.06310425e+00
 3.43374023e+00
 8.16616211e+00
 1.38824402e+01
 1.61693970e+01
 2.01053406e+01
 1.91841980e+01
 1.51274048e+01
 1.16330505e+01
 2.16323242e+00
 2.80339966e+00
 -2.39920654e+00
 2.02016602e+00
 7.20311890e+00
 7.59206543e+00
 1.10800720e+01
 1.71018005e+01
 2.21011597e+01
 1.80891052e+01
 1.26975647e+01
 9.16661987e+00
 7.89196167e+00
 7.08612061e-01
 3.63488770e-01
 -8.83612061e-01
 6.53099976e+00
 7.99672852e+00
 1.39608704e+01
 1.60135132e+01
 1.87200867e+01
 1.80664612e+01
 1.56321655e+01
 8.56594238e+00
 6.29790649e+00
 4.08730469e+00
 3.28322754e+00
 -8.33380127e-01
 7.05532227e+00
 1.07476440e+01
 1.18642212e+01
 1.74237305e+01
 2.00586182e+01
 1.90244385e+01
 1.38821350e+01
 6.82979736e+00
 4.45534668e+00
 1.85057983e+00
 2.81536255e+00
 5.46450195e+00
 7.55510864e+00
 9.44704590e+00
 1.07946411e+01
 1.77309814e+01
 2.16098572e+01
 1.94544006e+01
 1.62518250e+01
 9.88158569e+00
 4.24764404e+00
 6.98388672e-01
 3.21279297e+00
 3.90569458e+00
 5.81777344e+00
 9.77761230e+00
 1.26252686e+01
 1.75759216e+01
 1.98421570e+01
 1.87742249e+01
 1.71645142e+01
 1.16710449e+01
 6.22265015e+00
 3.06573486e-01
 7.13134766e-02
 4.59619141e-01
 6.90334473e+00
 7.77413330e+00
 1.25552307e+01
 1.64725281e+01
 1.98192688e+01
 2.13232971e+01
 1.61744629e+01
 1.24203125e+01
 3.50444946e+00
 3.08693848e+00
 2.32540283e+00
 -1.44934082e-01
 4.95031128e+00
 8.71111450e+00
 1.50001770e+01
 1.76350952e+01
 2.04453369e+01
 2.07528931e+01
 1.60226685e+01
 1.16911255e+01
 5.69057617e+00
 4.56356201e+00
 1.34481201e+00
 3.33785400e+00
 4.40679321e+00
 1.09148193e+01
 1.75522095e+01
 1.79809204e+01
 2.26044861e+01
 1.94034668e+01
 1.34386841e+01
 8.23021851e+00
 5.05794678e+00
 2.31134033e-01
 5.92584229e-01
 -3.66400757e+00
 4.37005615e-01
 9.88909302e+00
 1.45037170e+01
 1.83981567e+01
 2.04685913e+01
 2.38268372e+01
 1.65700012e+01
 1.37366272e+01
 3.40065918e+00
 1.06505737e+00
 5.06817017e+00
 4.73482666e+00
 5.12679443e+00
 1.18037048e+01
 1.35249268e+01
 1.71627441e+01
 2.34114014e+01
 2.16484924e+01
 1.61766907e+01
 1.18412109e+01
 6.72026978e+00
 5.05803833e+00
 4.50231323e+00
 5.25380859e+00
 6.57076416e+00
 9.53029785e+00
 1.18150269e+01
 1.81739746e+01
 1.92394653e+01
 2.02260986e+01
 1.72551819e+01
 1.11113525e+01
 6.15764771e+00
 1.45787964e+00
 3.48800049e+00
 4.00243530e+00
 5.83104858e+00
 1.17831055e+01
 1.25540100e+01
 1.93163696e+01
 2.16343933e+01
 2.07825867e+01
 1.93924194e+01
 1.31435791e+01
 6.96828613e+00
 6.44176636e+00
 3.63289795e+00
 5.50747070e+00
 3.20968018e+00
 8.83193359e+00
 1.66192566e+01
 1.86335083e+01
 2.13970581e+01
 1.85945068e+01
 1.75092102e+01
 1.12983643e+01
 7.28563843e+00
 1.56444702e+00
 -1.33642578e-01
 -1.00866699e-01
 1.30169067e+00
 9.02193604e+00
 1.04152466e+01
 1.69060913e+01
 2.28442627e+01
 2.13611084e+01
 1.83756958e+01
 1.04205261e+01
 5.74700317e+00
 1.09438477e+00
 2.84835205e+00
 4.21654663e+00
 5.87648926e+00
 7.21801147e+00
 1.43713623e+01
 1.91627136e+01
 1.93271118e+01
 2.19663330e+01
 1.77965027e+01
 1.22543274e+01
 2.64940796e+00
 1.65215454e+00
 2.82882080e+00
 5.95284424e+00
 6.47698364e+00
 1.04265686e+01
 1.59458862e+01
 1.80278259e+01
 2.03621460e+01
 2.23805176e+01
 1.80240417e+01
 1.30234009e+01
 7.20473633e+00
 5.10546265e+00
 8.11059570e-01
 4.96331177e+00
 6.38396606e+00
 9.04805908e+00
 1.39052368e+01
 1.54003235e+01
 2.07013489e+01
 1.80975891e+01
 1.42998596e+01
 1.08698364e+01
 5.86470947e+00
 1.47039185e+00
 2.12648926e+00
 3.63805542e+00
 4.26381836e+00
 9.33291016e+00
 1.27655884e+01
 2.07288757e+01
 2.18374573e+01
 2.14163757e+01
 1.77615601e+01
 1.60087219e+01
 4.31267700e+00
 3.15752563e+00
 4.58745728e+00
 5.11394653e+00
 6.86843262e+00
 1.13766418e+01
 1.29077698e+01
 1.71657959e+01
 2.40851685e+01
 2.21153503e+01
 1.62051941e+01
 1.14185425e+01
 6.78447876e+00
 4.98302612e+00
 -5.08245850e-01
 -1.42017212e+00
 7.04497681e+00
 1.06213928e+01
 1.49422852e+01
 2.00466553e+01
 1.93702026e+01
 2.02624451e+01
 1.56041504e+01
 1.30968872e+01
 9.44432983e+00
 -1.04230347e+00
 1.67818604e+00
 4.22554932e+00
 7.90792236e+00
 9.29992065e+00
 1.07942749e+01
 1.62362610e+01
 2.17768494e+01
 2.04121948e+01
 1.51539246e+01
 1.32032104e+01
 6.41295776e+00
 1.54750977e+00
 3.17949829e+00
 6.20946655e+00
 6.77562866e+00
 1.10530945e+01
 1.11263977e+01
 1.87755066e+01
 2.17515503e+01
 2.02849976e+01
 1.69279724e+01
 1.41543823e+01
 6.38103638e+00
 2.55471191e+00
 9.17321777e-01
 -3.93530273e-01
 5.67388306e+00
 9.63820801e+00
 1.43385254e+01
 1.97873169e+01
 2.09508301e+01
 2.09296509e+01
 1.79828125e+01
 1.42265259e+01
 5.19982300e+00
 4.83355103e+00
 5.70406494e+00
 8.72186279e-01
 5.40950928e+00
 1.05858704e+01
 1.43080994e+01
 1.96650940e+01
 2.25509277e+01
 2.57896973e+01
 1.67195679e+01
 1.29528748e+01
 9.22817383e+00
 4.14440308e+00
 2.00429688e+00
 1.00835205e+01
 7.59877930e+00
 1.25136047e+01
 1.15743042e+01
 1.99965454e+01
 2.21172729e+01
 1.94612366e+01
 1.83447815e+01
 1.19853455e+01
 6.79946289e+00
 4.81173096e+00
 2.51168213e+00
 6.77611694e+00
 4.80465088e+00
 8.15673218e+00
 1.21673523e+01
 2.04240051e+01
 2.28625427e+01
 2.26820313e+01
 1.74040466e+01
 1.18367859e+01
 4.55822144e+00
 4.19069824e+00
 2.66698608e+00
 2.00087891e+00
 3.98467407e+00
 7.48705444e+00
 1.20932251e+01
 1.82520691e+01
 2.00063110e+01
 2.05097595e+01
 1.70995422e+01
 1.28166138e+01
 6.25112305e+00
 4.49495850e+00
 5.00353394e+00
 -1.73911133e+00
 3.76156006e+00
 8.81606445e+00
 1.13735901e+01
 1.87788940e+01
 2.43561951e+01
 2.33431030e+01
 1.84944397e+01
 1.53704468e+01
 6.97402344e+00
 4.07250366e+00
 1.86614380e+00
 3.24599609e+00
 7.45595703e+00
 7.29735718e+00
 1.30011841e+01
 1.93060852e+01
 2.05931641e+01
 2.11725708e+01
 1.76896301e+01
 1.15691772e+01
 3.26754150e+00
 -2.20279541e+00
 -9.39428711e-01
 3.13921509e+00
 8.48528442e+00
 8.81093750e+00
 1.32389160e+01
 1.64068542e+01
 2.36893555e+01
 2.09100891e+01
 1.62671448e+01
 1.21978699e+01
 7.72545776e+00
 -1.00281372e+00
 1.94176636e+00
 3.35802612e+00
 7.27056274e+00
 1.03670288e+01
 1.33314148e+01
 1.84496094e+01
 2.32015930e+01
 1.95167786e+01
 1.99787231e+01
 1.19974915e+01
 9.43721924e+00
 2.02840576e+00
 -2.56271973e+00
 -4.12939453e-01
 5.45144043e+00
 1.06460205e+01
 1.51953674e+01
 2.18696533e+01
 2.25892578e+01
 2.08469482e+01
 1.44627625e+01
 1.17942444e+01
 2.20604858e+00
 1.09826050e+00
 2.71785889e+00
 -1.25494995e+00
 4.50311279e-01
 8.37603149e+00
 1.28348328e+01
 1.58196960e+01
 2.01248718e+01
 2.04986206e+01
 1.66942688e+01
 1.14267822e+01
 4.47258911e+00
 2.81911621e+00
 4.42705688e+00
 4.89101563e+00
 7.26235352e+00
 1.08275696e+01
 1.49745422e+01
 1.96064697e+01
 2.46387268e+01
 2.74107605e+01
 1.71822144e+01
 1.15351196e+01
 1.05298096e+01
 1.39672241e+00
 3.57305298e+00
 2.96688232e+00
 4.62304077e+00
 1.02102905e+01
 1.30002991e+01
 1.92213684e+01
 2.25043579e+01
 2.09410339e+01
 1.70531860e+01
 1.11071411e+01
 3.26958618e+00
 -1.80206909e+00
 -4.50675049e+00
 2.38543091e+00
 6.65725098e+00
 8.95128784e+00
 1.47800842e+01
 1.64648682e+01
 2.29778687e+01
 2.07866455e+01
 1.50066467e+01
 1.24934326e+01
 4.75899658e+00
 1.65831909e+00
 -2.01269531e-01
 2.98858032e+00
 7.22643433e+00
 8.42522583e+00
 1.39012085e+01
 1.82629028e+01
 2.19316040e+01
 2.24436279e+01
 1.75503479e+01
 1.13921143e+01
 8.46013794e+00
 3.16741333e+00
 -7.04406738e-02
 2.60552979e-01
 9.41072998e+00
 1.06532532e+01
 1.42701050e+01
 1.75559631e+01
 2.14644104e+01
 2.05900208e+01
 1.60377136e+01
 1.37174927e+01
 4.69912109e+00
 5.36296997e+00
 2.76271973e+00
 3.80864868e+00
 6.12822876e+00
 8.99547729e+00
 1.76550232e+01
 1.98341003e+01
 2.45386292e+01
 2.39027039e+01
 1.57690979e+01
 1.17893616e+01
 5.80529175e+00
 4.52376709e+00
 7.56493530e+00
 2.85150146e-01
 6.46688232e+00
 8.69341431e+00
 1.35055481e+01
 1.58923889e+01
 2.30421997e+01
 1.92348877e+01
 1.42716919e+01
 1.18026672e+01
 5.92702637e+00
 2.36184082e+00
 4.76373291e-01
 3.74175415e+00
 5.11293945e+00
 8.06173096e+00
 1.13317810e+01
 1.68840271e+01
 2.57038818e+01
 2.63914124e+01
 2.05689941e+01
 1.38095337e+01
 8.04778442e+00
 5.14220581e+00
 4.05468140e+00
 1.45195923e+00
 7.97438965e+00
 1.01309143e+01
 1.35206238e+01
 2.06059204e+01
 2.37553955e+01
 2.19835754e+01
 1.90318542e+01
 1.14908691e+01
 6.96868286e+00
 5.40130005e+00
 3.23848877e+00
 2.47725830e+00
 6.64592896e+00
 7.72442017e+00
 1.64019714e+01
 2.03772827e+01
 2.16658569e+01
 2.20599304e+01
 1.77739197e+01
 1.18969971e+01
 8.80245361e+00
 1.13643799e+00
 1.19149170e+00
 3.22203979e+00
 7.39959106e+00
 1.03626038e+01
 1.49324585e+01
 2.18072754e+01
 2.51299072e+01
 2.31721130e+01
 1.86302734e+01
 1.29294678e+01
 6.97457275e+00
 5.33019409e+00
 1.59487305e+00
 6.04888306e+00
 7.56777344e+00
 9.63662109e+00
 1.19489990e+01
 1.95360657e+01
 2.35708252e+01
 2.65726257e+01
 1.79031311e+01
 1.13796021e+01
 8.13509521e+00
 6.99853516e-01
 -9.90820312e-01
 -1.82413330e+00
 4.80034790e+00
 8.37850342e+00
 1.28273560e+01
 1.66172119e+01
 1.97469421e+01
 1.92577148e+01
 1.54373413e+01
 8.72359619e+00
 7.36516724e+00
 -5.08789062e-02
 4.26690063e+00
 6.23027954e+00
 1.10876404e+01
 9.72167358e+00
 1.59536072e+01
 2.27803284e+01
 2.23634277e+01
 2.27761780e+01
 2.02777344e+01
 1.25285583e+01
 6.83931885e+00
 2.03322754e+00
 4.16649780e+00
 4.93380127e+00
 5.22042236e+00
 1.12826172e+01
 1.15050598e+01
 1.82330261e+01
 2.36563660e+01
 2.48304688e+01
 1.82435242e+01
 1.18868042e+01
 8.85228882e+00
 3.03511963e+00
 2.29607544e+00
 5.49959717e+00
 8.22936401e+00
 1.21024109e+01
 1.60938660e+01
 2.08261353e+01
 2.37250305e+01
 2.90006348e+01
 1.76695496e+01
 1.39201904e+01
 7.03435669e+00
 5.81594238e+00
 1.60531006e+00
 2.38604126e+00
 8.23302612e+00
 1.15635620e+01
 1.11528564e+01
 1.93352600e+01
 2.17844788e+01
 2.23609558e+01
 2.00529724e+01
 1.38811279e+01
 7.08522949e+00
 5.97213135e+00
 7.97734985e+00
 4.03054199e+00
 7.08645020e+00
 1.00838257e+01
 1.29662109e+01
 2.02776123e+01
 2.12653137e+01
 2.00629517e+01
 1.89874207e+01
 1.27177979e+01
 5.96706543e+00
 3.91027222e+00
 1.14177856e+00
 7.77248535e+00
 8.85219727e+00
 9.46444092e+00
 1.15421997e+01
 1.60700623e+01
 2.17786804e+01
 2.03856140e+01
 1.52702271e+01
 1.28448425e+01
 7.22707520e+00
 3.07232056e+00
 3.06984863e+00
 5.81102905e+00
 9.72069702e+00
 8.30547485e+00
 1.41880737e+01
 2.02093445e+01
 2.53005310e+01
 2.25053345e+01
 1.90028015e+01
 1.25274902e+01
 8.60097656e+00
 2.88967285e+00
 9.63098145e-01
 4.07573853e+00
 5.37142334e+00
 9.02034912e+00
 1.12838379e+01
 1.94865356e+01
 2.27128845e+01
 2.37666565e+01
 1.93140808e+01
 1.19916321e+01
 4.85744629e+00
 2.62597656e-01
 1.03109131e+00
 5.56804810e+00
 4.85817871e+00
 7.73778687e+00
 1.22558838e+01
 1.75760742e+01
 2.37133423e+01
 2.08661743e+01
 2.05362183e+01
 1.56083008e+01
 5.43999634e+00
 3.55675659e+00
 6.81029663e+00
 7.52425537e+00
 7.35228882e+00
 1.15477234e+01
 1.53950439e+01
 1.91662537e+01
 2.18244873e+01
 2.07825256e+01
 1.98326965e+01
 1.53302246e+01
 6.90078125e+00
 1.68459473e+00
 4.03225098e+00
 5.68419800e+00
 1.04979492e+01
 8.03493652e+00
 1.27131287e+01
 1.96429688e+01
 2.29247375e+01
 2.57362915e+01
 1.80286804e+01
 1.07119690e+01
 7.42171631e+00
 3.32821045e+00
 -3.11193848e-01
 5.62365112e+00
 6.80983887e+00
 9.70144043e+00
 1.56820007e+01
 2.26236816e+01
 2.46226440e+01
 2.43057190e+01
 1.71022583e+01
 1.36669250e+01
 5.87938843e+00
 1.39260254e+00
 1.66942749e+00
 -5.92230225e-01
 3.36473999e+00
 5.82018433e+00
 1.11240784e+01
 1.83297058e+01
 2.14197021e+01
 2.43386169e+01
 2.02094360e+01
 1.52326904e+01
 8.74910889e+00
 5.41701660e+00
 2.37893066e+00
 3.05019531e+00
 9.09569702e+00
 1.21207214e+01
 1.40250183e+01
 2.10460449e+01
 2.45475708e+01
 2.40332886e+01
 2.06149536e+01
 1.50576111e+01
 9.83745728e+00
 2.06395874e+00
 2.23577271e+00
 9.78154907e+00
 1.13052917e+01
 9.67421875e+00
 1.20694519e+01
 1.87208191e+01
 2.17997070e+01
 1.99977661e+01
 1.67921387e+01
 1.27253357e+01
 5.65130005e+00
 2.45443115e+00
 -1.59924927e+00
 6.43779907e+00
 7.63701782e+00
 1.14644409e+01
 1.48223511e+01
 1.86698547e+01
 2.45501038e+01
 2.17886902e+01
 1.62807556e+01
 1.36015869e+01
 7.24419556e+00
 -1.18546143e+00
 1.38424072e+00
 4.21288452e+00
 3.71865234e+00
 8.25054321e+00
 1.37671448e+01
 1.79774719e+01
 2.04729858e+01
 2.15147339e+01
 1.61340271e+01
 1.20940796e+01
 4.55846558e+00
 3.85720215e+00
 1.68157349e+00
 -2.53571167e+00
 3.05138550e+00
 7.53679810e+00
 1.39658752e+01
 1.83312622e+01
 2.17347961e+01
 2.09104553e+01
 1.62918030e+01
 1.21285645e+01
 8.64183960e+00
 3.02840576e+00
 3.53847656e+00
 6.52724609e+00
 3.34206543e+00
 1.02732178e+01
 1.17437378e+01
 1.95815369e+01
 2.27784973e+01
 2.18440796e+01
 1.81714417e+01
 1.48526855e+01
 9.48540649e+00
 2.90200195e+00
 6.02675781e+00
 5.27596436e+00
 8.70293579e+00
 1.12889038e+01
 1.48012939e+01
 1.99327026e+01
 2.26958252e+01
 2.07575623e+01
 1.60664001e+01
 1.21247498e+01
 3.53383789e+00
 5.21059570e+00
 5.80010986e-01
 -2.05921021e+00
 4.25371704e+00
 7.89214478e+00
 1.10624939e+01
 2.05609375e+01
 2.22189880e+01
 2.31565796e+01
 1.57990356e+01
 1.49100281e+01
 8.26094971e+00
 4.18773804e+00
 2.18782959e+00
 2.78780518e+00
 7.06578979e+00
 9.10097656e+00
 1.45487000e+01
 1.99556519e+01
 2.25795837e+01
 2.17453247e+01
 1.90112549e+01
 1.10671021e+01
 9.21175537e+00
 3.73940430e+00
