 2.12690944e+01
 4.87520257e+01
 2.43024411e+01
 2.40278900e+01
 4.02379170e+01
 3.25242041e+01
 4.83720502e+01
 3.18331355e+01
 2.37394326e+01
 6.44779918e+01
 1.06990443e+02
 3.32245636e+01
 4.23919563e+01
 7.16033338e+01
 1.62657816e+01
 3.71534907e+01
 5.26594911e+01
 5.92613384e+01
 2.80988155e+01
 5.96648836e+01
 3.16255145e+01
 5.18425427e+01
 4.69504799e+01
 3.94551650e+01
 2.48723971e+01
 2.58173260e+01
 3.60942677e+01
 2.77528764e+01
 3.09246012e+01
 5.15283962e+01
 5.62370064e+01
 5.09219867e+01
 7.28027603e+01
 1.40936039e+01
 2.64252489e+01
 3.43766361e+01
 6.12439804e+01
 4.00949193e+01
 7.18129691e+01
 2.50896959e+01
 9.91803540e+01
 2.14465493e+01
 6.75564701e+01
 4.75280190e+00
 1.01953930e+02
 1.14439750e+02
 5.95106911e+01
 5.93459443e+01
 2.35562314e+01
 1.49055787e+01
 3.30528872e+01
 5.83970552e+01
 1.32967612e+02
 5.19020929e+01
 2.44059220e+01
 2.05741185e+01
 6.10278072e+01
 7.50274925e+01
 3.42392271e+01
 8.43090114e+01
 3.85969899e+01
 2.98901089e+01
 4.54314003e+01
 2.58669340e+01
 7.78524719e+01
 3.81774554e+01
 2.86743694e+01
 2.67074307e+00
 5.94073375e+01
 4.92128226e+01
 3.72525349e+01
 6.46550055e+01
 5.31763401e+01
 2.15845078e+01
 6.22222791e+01
 5.68409947e+01
 4.99521847e+01
 1.92382794e+01
 1.31890242e+02
 5.79138254e+01
 7.32600366e+01
 4.75409389e+01
 4.50994319e+01
 6.10757607e+01
 3.97147174e+01
 1.54307695e+01
 4.35715312e+01
 4.71536368e+01
 6.43512655e+00
 8.26604128e+01
 7.64220971e+01
 2.23727005e+01
 2.46803387e+01
 6.00345696e+01
 2.71566803e+01
 5.71916467e+01
 7.21433235e+01
 3.44584938e+01
 2.57921346e+01
 6.34187917e+01
 7.97911647e+01
 8.25320942e+01
 1.35595783e+02
 1.13276730e+01
 3.73675977e+01
 4.88307910e+01
 6.31225784e+01
 3.26521448e+01
 4.39481694e+01
 2.67294570e+01
 3.48336304e+01
 1.03300577e+02
 4.97520388e+01
 4.45804481e+01
 2.42082048e+01
 4.72590655e+01
 1.30013404e+01
 1.43072384e+02
 1.41162481e+02
 4.17982713e+01
 1.02172316e+01
 2.57048514e+01
 2.05222465e+01
 2.54757572e+01
 3.52679018e+01
 1.99520290e+01
 1.07407016e+01
 1.69192239e+01
 5.00490977e+01
 8.05628302e-01
 3.39246189e+01
 5.63338662e+01
 4.41049400e+01
 3.00295806e+01
 3.95226054e+01
 3.01768976e+01
 2.94184014e+01
 4.59083254e+01
 4.13134361e+01
 6.52916675e+00
 3.79051651e+01
 6.95020861e+01
 3.65765357e+01
 9.91571829e+01
 1.66762473e+01
 8.77507587e+01
 5.84638915e+01
 5.90293928e+01
 3.45659516e+01
 3.39802915e+01
 6.78618203e+00
 8.09600651e+01
 4.91622305e+01
 7.42923739e+01
 6.37502907e+01
 4.19188431e+01
 4.68730292e+01
 3.32553115e+01
 2.30224547e+01
 6.24045536e+01
 5.00060639e+01
 2.63265489e+01
 1.10717702e+02
 3.06675798e+01
 4.92614351e+01
 3.16911782e+01
 7.78372692e+01
 2.24960712e+01
 7.25384655e+01
 5.24694926e+01
 2.88696019e+01
 7.75460065e+01
 1.70959879e+01
 4.56514714e+01
 1.60766915e+01
 2.27268472e+01
 3.31902998e+01
 9.95281453e+01
 6.96524634e+01
 3.39901687e+01
 2.55439705e+01
 1.11786100e+01
 6.10812611e+01
 2.87889865e+01
 5.74474452e+01
 6.73452895e+01
 1.70953904e+02
 3.65395961e+01
 1.19903563e+02
 6.33656357e+01
 3.99915981e+01
 4.32274134e+01
 2.57451565e+01
 1.48670589e+01
 3.64967275e+01
 3.79190738e+01
 6.18279166e+01
 4.52204425e+01
 3.84619507e+01
 3.46705360e+01
 7.96132620e+01
 1.19014141e+02
 4.35864507e+01
 1.14718466e+02
 5.18198343e+01
 3.41744635e+01
 4.62095726e+01
 4.00882519e+01
 1.05385455e+02
 1.05972155e+02
 4.78362540e+01
 2.54704474e+01
 2.89254593e+01
 5.37677060e+01
 1.52710991e+02
 7.58544772e+01
 5.55323133e+01
 4.70283062e+01
 4.26474625e+01
 6.03514520e+01
 1.00247230e+02
 1.84199481e+01
 8.37759971e+01
 5.63458367e+01
 8.09823044e+01
 5.55969109e+01
 4.08596296e+01
 6.13939985e+01
 4.51120175e+01
 4.96501500e+01
 9.42812359e+01
 7.12530318e+01
 9.79087864e+01
 3.74316038e+01
 7.86463076e+01
 5.56415967e+01
 3.04553856e+01
 7.57132726e+01
 5.86045262e+01
 3.36475880e+01
 5.87558791e+01
 2.38797378e+01
 1.17645180e+01
 4.76334217e+01
 1.12663426e+02
 4.59771382e+01
 4.24088816e+01
 4.84282533e+01
 3.84243352e+01
 1.25202524e+01
 4.36999035e+01
 7.80888336e+00
 1.13429428e+02
 4.67088872e+01
 5.78430063e+01
 3.46190436e+01
 3.26747557e+01
 4.93486168e+01
 2.84526188e+01
 3.01902133e+01
 8.27577455e+01
 3.11377625e+01
 8.37189088e+01
 2.21860865e+01
 5.81220051e+01
 8.96027616e+01
 3.42415239e+01
 7.27741508e+01
 6.02289909e+01
 7.02933301e+01
 6.69392193e+00
 5.60631107e+01
 1.71578001e+01
 1.03877762e+02
 7.02822502e+01
 5.10763018e+01
 4.00555880e+01
 3.78450717e+01
 8.53585628e+01
 1.49426477e+01
 1.00065057e+02
 6.73933382e+01
 5.68849360e+01
 5.03477896e+01
 1.47187150e+01
 6.53967501e+00
 1.02393313e+02
 6.20751843e+01
 6.41507944e+01
 9.99917834e+00
 3.20394542e+01
 3.37426481e+01
 9.97365394e+01
 4.56839282e+01
 1.82482931e+01
 1.11126627e+01
 4.04526121e+00
 2.43172763e+01
 3.72384093e+01
 2.67291774e+01
 4.53615604e+01
 2.94653156e+01
 2.57458288e+01
 5.23424288e+01
 2.60558111e+01
 5.02108396e+01
 1.95032022e+01
 4.59503284e+00
 7.25264058e+01
 1.03575251e+02
 8.94627389e+01
 5.18293980e+01
 5.10195578e+01
 7.08865717e+01
 5.28969661e+01
 8.92257532e+01
 4.80411208e+01
 3.98110111e+01
 5.86369589e+01
 4.53252544e+01
 4.01723738e+01
 4.24655573e+01
 1.07969664e+02
 3.98376472e+01
 1.11089405e+01
 3.02858348e+01
 1.25292644e+01
 3.81507813e+01
 3.90255634e+01
 2.06816428e+01
 9.50493573e+00
 3.72218147e+01
 2.03731922e+01
 5.34941784e+01
 6.65553308e+01
 6.53500716e+01
 1.51572622e+01
 3.81288027e+01
 3.80489626e+01
 8.65559295e+01
 9.97805042e+01
 6.17961155e+01
 2.96978948e+01
 3.62135338e+00
 2.87766761e+01
 3.20875699e+01
 1.11749441e+02
 7.06567359e+01
 7.11808003e+01
 6.49384962e+01
 8.16807773e+01
 2.65584968e+01
 9.45238898e+01
 6.80585240e+01
 2.87270672e+01
 6.07984573e+01
 3.18583960e+01
 1.63295741e+01
 6.83791554e+01
 6.23502466e+01
 3.41910356e+01
 4.76241338e+01
 2.20007442e+01
 5.62654707e+01
 4.23007918e+01
 1.21249748e+02
 9.61768458e+01
 5.02578333e+01
 6.17636869e+01
 5.64611711e+01
 4.24292546e+01
 7.08304463e+01
 7.91476442e+01
 4.96666387e+01
 3.63822384e+01
 4.20289475e+01
 1.03440941e+02
 5.96574022e+01
 4.34698627e+01
 4.91751427e+01
 9.22111210e+01
 9.92042170e+01
 4.44593715e+01
 1.53134067e+02
 4.04569881e+01
 6.99832329e+01
 6.22393213e+01
 5.96738192e+01
 7.37313701e+01
 4.46203543e+01
 3.64082791e+01
 3.82252431e+01
 1.60832562e+02
 1.11490028e+02
 4.75210533e+01
 6.71087399e+01
 2.43765512e+01
 4.65062926e+01
 9.42248865e+01
 4.05493048e+01
 2.25609636e+01
 8.99941558e+01
 2.23507692e+01
 4.17004224e+01
 2.65213983e+01
 5.37009696e+01
 3.43328021e+01
 8.99426976e+01
 5.86722175e+01
 6.87210553e+01
 2.15079993e+01
 8.60613071e+01
 9.30656376e+01
 1.30460989e+02
 9.51001185e+01
 6.04067353e+01
 2.51424759e+01
 6.68795424e+01
 3.15117294e+01
 9.67024449e+01
 6.97144216e+01
 1.58741000e+01
 9.97236676e+01
 1.75629929e+01
 7.64742176e+01
 8.61914279e+00
 1.64006003e+01
 8.34336625e+01
 4.44142176e+01
 7.91083127e+01
 6.09416627e+01
 2.46084259e+01
 6.02599523e+01
 7.92071863e+00
 3.34044177e+01
 7.16590768e+01
 3.98706476e+01
 3.83694688e+01
 4.00069023e+01
 2.88250708e+00
 5.15340068e+01
 1.39849539e+01
 3.75635315e+01
 3.75984749e+01
 6.56666237e+01
 6.51389478e+01
 3.78531455e+01
 2.14953925e+01
 8.30630119e+01
 4.75002893e+01
 1.78806096e+01
 3.43820221e+01
 7.15393958e+01
 5.20554677e+01
 1.59015833e+01
 1.03972318e+02
 5.31085854e+01
 5.29784059e+01
 1.06381866e+01
 1.46116591e+01
 7.09011242e+01
 8.19893806e+01
 7.16692164e+01
 1.43603656e+01
 6.92018444e+01
 1.33055999e+01
 3.79255237e+01
 5.36899882e+01
 6.73556909e+01
 1.01178046e+02
 6.47405624e+01
 2.57977794e+01
 9.72999447e+01
 3.82891566e+01
 3.68254060e+01
 4.47852489e+01
 6.57457065e+01
 8.72973775e+01
 4.90462648e+01
 5.53236366e+01
 3.50880867e+01
 5.21474828e+00
 2.12541033e+01
 2.28661158e+01
 1.96832231e+01
 7.56498848e+01
 5.09841337e+01
 9.25337244e+01
 5.98690269e+01
 2.26929870e+02
 4.51705739e+01
 1.03568353e+02
 1.12206185e+01
 5.76089852e+01
 4.92119018e+01
 4.46851501e+01
 7.23791712e+01
 5.24453109e+01
 2.89022905e+01
 1.28269473e+01
 2.77060447e+00
 4.57916979e+01
 1.83334924e+01
 7.70427876e+01
 7.58270626e+01
 2.82681378e+01
 2.81814614e+01
 2.37464388e+01
 2.78548169e+01
 5.44100285e+01
 5.16763496e+01
 7.25972167e+01
 4.50809734e+01
 4.94983012e+01
 5.39466559e+01
 7.79466424e+01
 2.64623121e+01
 4.81784526e+00
 6.17625005e+01
 1.35419330e+02
 1.51175326e+02
 8.98380481e+01
 3.91432949e+01
 2.69488160e+01
 4.42192975e+01
 3.64623678e+01
 6.36514917e+01
 7.13551880e+01
 7.64960002e+01
 7.17046377e+01
 6.38957657e+01
 2.75524258e+01
 3.93546828e+01
 5.20033342e+01
 6.63190551e+01
 2.78954444e+01
 2.51884077e+01
 1.49540864e+02
 9.99902826e+01
 9.66754541e+01
 4.57076708e+01
 1.50246397e+01
 9.57488618e+01
 5.39750533e+01
 1.02687001e+02
 3.72521813e+01
 5.91523317e+01
 5.11368946e+01
 8.99613312e+01
 5.81467597e+01
 2.09321813e+01
 7.41260152e+01
 6.98136590e+01
 5.43073039e+01
 5.91015413e+01
 4.01473192e+01
 2.20566965e+01
 6.43426561e+01
 9.48087545e+01
 3.74202895e+01
 6.66378448e+01
 3.75270322e+01
 8.84774735e+01
 4.05674505e+01
 4.60369437e+01
 3.79423975e+01
 2.50117260e+01
 3.80679867e+01
 9.69375959e+01
 1.10143847e+02
 3.73244625e+01
 1.64898063e+01
 4.69240816e+01
 6.20666632e+01
 4.40196767e+01
 7.25832293e+01
 7.20098848e+01
 6.87834236e+01
 7.29861701e+00
 3.89797623e+01
 3.79336916e+01
 6.22809405e+01
 1.25851155e+01
 1.00482147e+02
 7.27059839e+01
 4.43478765e+01
 8.10964691e+01
 7.24921281e+01
 4.92679247e+01
 3.41496535e+01
 4.29402686e+01
 7.99089472e+01
 1.30230640e+02
 3.27049561e+01
 1.40231466e+01
 7.20599882e+01
 6.04129333e+01
 6.73752373e+01
 7.45147069e+01
 5.30843035e+01
 2.77013617e+01
 3.75969320e+01
 4.98077402e+01
 5.69652302e+01
 6.15141610e+01
 4.38988265e+01
 3.15442806e+01
 2.79326493e+01
 3.09429240e+01
 4.29414671e+01
 5.72642017e+01
 5.55055028e+01
 3.92242087e+01
 3.76899101e+01
 3.18491327e+01
 7.49529259e+01
 8.83010836e+01
 3.09747938e+01
 1.39999730e+01
 1.00677075e+02
 5.50663362e+01
 8.58602307e+01
 5.00855857e+01
 9.67676612e+01
 4.49499218e+01
 4.10099987e+01
 5.13975797e+01
 5.03590688e+01
 4.59622221e+01
 9.96600848e+01
 6.71672134e+01
 4.81281588e+01
 1.21754653e+01
 6.40818851e+01
 9.45125758e+01
 8.59790778e+01
 6.16345136e+01
 2.16827952e+01
 7.31214127e+01
 2.50962683e+01
 2.88173938e+01
 8.24605515e+01
 3.91542690e+01
 4.20899166e+00
 4.84154407e+01
 8.05797582e+01
 5.16497887e+01
 6.39227126e+01
 5.04020293e+01
 6.07453310e+01
 2.59488273e+01
 9.45924425e+00
 3.84881230e+01
 6.67504112e+01
 8.57713938e+00
 1.05242760e+01
 4.77556015e+01
 2.53275108e+01
 1.55645986e+01
 3.26209909e+01
 4.34003931e+01
 1.54606709e+01
 3.99882694e+01
 1.33555024e+02
 4.47934094e+01
 1.18570570e+01
 3.56325233e+01
 2.80834079e+01
 4.24486991e+00
 5.60015874e+01
 1.20822396e+02
 5.73890935e+01
 3.48793710e+01
 6.24871718e+01
 5.19069502e+01
 8.11047483e+01
 7.41782088e+01
 1.75113597e+01
 4.59449948e+01
 2.31420082e+01
 7.48566681e+01
 4.40654039e+01
 7.04234968e+01
 4.82378612e+01
 2.31022163e+01
 8.61812063e+01
 2.39555682e+01
 6.75356315e+01
 4.61695541e+01
 4.05929688e+01
 4.95929297e+01
 1.97281720e+01
 5.82901749e+01
 3.14644678e+01
 8.93539586e+01
 5.73499228e+01
 2.26024923e+01
 7.64630823e+01
 5.01828292e+01
 5.86676765e+01
 8.77001247e+01
 3.47459595e+01
 3.52210138e+01
 1.98267687e+01
 6.47051503e+01
 8.28237197e+01
 3.79089935e+01
 8.58716506e+01
 4.14599463e+01
 5.41041988e+01
 4.33408867e+01
 1.01513726e+02
 1.03816229e+02
 5.97592470e+01
 1.73772279e+01
 2.88864395e+01
 5.61304099e+00
 1.09191243e+02
 5.60796643e+01
 4.37443160e+01
 5.78921158e+01
 2.51036794e+01
 2.79448122e+01
 9.66902665e+01
 7.62520114e+01
 4.00568607e+01
 4.26034782e+01
 9.85812952e+01
 3.77867076e+01
 4.82633416e+01
 5.38014442e+01
 2.67822478e+01
 7.48675697e+01
 4.03944569e+01
 2.46028499e+01
 6.37143685e+01
 1.07263088e+02
 2.17485430e+01
 8.54556224e+00
 8.35445208e+00
 2.87907970e+01
 4.43287686e+01
 1.17459570e+02
 6.20245449e+01
 7.86217431e+01
 7.31593635e+01
 1.03543067e+02
 4.50001520e+01
 4.09889426e+01
 6.09714462e+01
 5.09999091e+01
 4.97322732e+01
 1.84405188e+01
 1.38553173e+02
 4.99385776e+01
 4.54770069e+01
 4.18417391e+01
 2.64127685e+01
 6.75301127e+01
 2.44704843e+01
 5.65774945e+01
 6.98677232e+01
 2.59795305e+01
 1.40803290e+01
 6.13905042e+01
 1.94603263e+01
 8.46993558e+01
 2.54589642e+01
 5.80925297e+01
 1.93235445e+01
 7.05503074e+00
 2.60585326e+01
 9.35267536e+00
 4.40583949e+01
 2.20509548e+01
 2.02099586e+01
 2.30191824e+01
 4.47487480e+01
 8.36020379e+01
 1.03457125e+02
 8.34724142e+01
 6.23512887e+01
 4.38773941e+01
 1.04036558e+01
 4.33613490e+01
 7.73016090e+01
 2.39080932e+01
 2.02555822e+01
 3.87729514e+01
 1.12656254e+02
 4.95087462e+01
 5.71855714e+01
 6.33279424e+00
 1.03925251e+02
 7.88559490e+01
 3.27989390e+01
 5.16378512e+01
 3.61544343e+01
 5.37687584e+01
 2.61709311e+01
 1.85979113e+01
 8.61062560e+01
 3.17423265e+01
 3.95532672e+01
 7.10255546e+01
 3.26702387e+01
 5.52677744e+01
 3.67558380e+01
 6.93857188e+01
 3.67877220e+01
 7.58678983e+00
 2.20986783e+01
 2.37851239e+01
 1.19171252e+02
 6.83437093e+01
 9.15814957e+01
 4.19806003e+01
 3.50268534e+01
 9.77991096e+00
 7.01330733e+01
 5.84778059e+01
 1.33864260e+02
 3.24605639e+01
 1.94508223e+01
 1.97356989e+01
 6.46054575e+01
 1.07411504e+02
 6.75364024e+01
 2.10111790e+01
 6.70193933e+00
 3.99148364e+01
 7.62237775e+01
 3.01825692e+01
 4.02097623e+01
 2.21667667e+01
 7.51954833e+01
 5.30394797e+00
 1.32243292e+01
 2.87971479e+01
 5.58348195e+01
 4.56766801e+01
 2.72162820e+01
 4.33749029e+01
 5.73822608e+01
 1.54046127e+01
 2.36476374e+01
 8.95398822e+01
 5.42505389e+01
 9.61820654e+01
 8.20546580e+01
 5.31685880e+01
 3.40856108e+01
 5.84436533e+01
 5.80921116e+01
 4.41491581e+01
 3.27440373e+01
 4.01776798e+01
 4.56425274e+01
 7.57575906e+00
 4.36767075e+01
 5.73903420e+01
 3.75036881e+01
 6.84693970e+01
 4.17344824e+01
 3.60692160e+01
 1.03806719e+02
 4.60580247e+01
 7.14455473e+01
 6.86555403e+01
 5.04861615e+01
 2.63341547e+01
 4.32510669e+01
 2.16429358e+01
 4.53441820e+01
 2.94580148e+01
 6.22726018e+01
 7.47772773e+01
 3.13469558e+01
 7.05816489e+01
 1.97253746e+01
 1.08730714e+02
 7.13611473e+01
 5.17740816e+01
 2.76060980e+00
 6.57172726e+00
 1.17892698e+02
 9.08803818e+01
 9.54155793e+01
 6.71578641e+01
 4.38299222e+01
 4.12918094e+01
 4.37645625e+01
 4.21308035e+01
 5.08999531e+01
 1.40591432e+01
 4.68664910e+01
 7.27726986e+01
 3.20931726e+01
 6.54166073e+01
 7.15940807e+01
 6.08146712e+01
 1.99127296e+01
 8.51426402e+00
 2.96590854e+01
 4.98731563e+01
 6.11674649e+01
 1.13010537e+01
 4.63173067e+01
 4.70957294e+01
 5.35733042e+01
 1.46462517e+01
 2.19229192e+01
 3.04631539e+01
 3.26353163e+01
 3.61458182e+01
 2.89068217e+01
 1.33710879e+01
 2.83231858e+01
 2.07984586e+01
 4.73446468e+01
 4.53696194e+01
 1.83330193e+01
 2.08101782e+01
 4.73950377e+01
 6.66864755e+01
 6.64466793e+01
 9.91455242e+00
 4.41403762e+01
 3.53582502e+01
 4.08454238e+01
 8.87322368e+00
 5.68581499e+01
 2.35739824e+01
 4.36678356e+01
 8.74841362e+01
 1.02820689e+02
 3.86250695e+01
 2.73391308e+01
 6.25280398e+01
 5.62473846e+01
 5.64292353e+01
 2.35371432e+01
 2.66637247e+01
 5.60521975e+01
 8.34376981e+01
 5.84276684e+01
 6.66571615e+01
 7.96863782e+01
 5.63280101e+01
 9.24640475e+00
 5.44625188e+01
 3.38661693e+01
 2.91150523e+01
 2.51260330e+01
 9.37414983e+01
 3.64833125e+01
 9.95898623e+01
 5.70983824e+01
 4.24067602e+01
 7.36913663e+01
 3.81798338e+01
 2.02289913e+01
 4.67638335e+01
 1.11460609e+01
 3.91175708e+01
 2.15846912e+01
 1.84588638e+01
 1.57726738e+01
 1.60098061e+01
 9.86853839e+00
 7.24094405e+01
 4.69365014e+01
 9.24781546e+01
 1.12979542e+02
 7.65155515e+01
 5.92763221e+01
 8.26438559e+01
 2.98251367e+01
 9.63996208e+00
 9.15927987e+01
 7.56710638e+01
 6.81547981e+01
 2.19006125e+01
 6.08283469e+01
 2.15426927e+01
 3.49057957e+01
 9.29248568e+01
 5.06768525e+01
 8.97511606e+01
 4.74892849e+01
 3.06647297e+01
 3.71684665e+00
 3.50397093e+01
 7.54107079e+01
 6.83468966e+01
 9.90446925e+00
 5.57257699e+01
 4.41522984e+01
 1.77840384e+01
 6.81786435e+01
 9.40861520e+01
 4.26054239e+01
 1.18931821e+01
 3.70061686e+01
 7.66423074e+01
 6.49472465e+01
 3.66232384e+01
 9.04083908e+01
 2.74947873e+01
 9.25498639e+01
 2.54344678e+01
 4.64391199e+01
 6.61992433e+01
 4.51448592e+01
 4.02811436e+01
 3.86883176e+00
 1.39558747e+01
 3.96674981e+01
 2.22390564e+01
 6.11074334e+01
 6.62694729e+01
 1.36210446e+02
 6.53259261e+01
 7.07633647e+01
 7.10392936e+01
 1.84849442e+02
 8.56868040e+00
 2.51547869e+01
 9.67415072e+01
 7.36525999e+01
 1.27995289e+02
 6.05915052e+01
 5.34935986e+01
 3.50087146e+01
 2.36590058e+01
 1.43203751e+01
 5.22989157e+01
 2.15211755e+01
 2.74871821e+01
 7.31859823e+00
 6.63315088e+01
 8.11374539e+01
 7.45029717e+01
 7.34172150e+01
 6.16237563e+01
 1.98538663e+01
 4.47671592e+01
 2.57324509e+01
 4.48327994e+01
 4.93895697e+01
 1.01139657e+01
 1.24300124e+01
 2.16096892e+01
 2.11347154e+01
 4.91460823e+01
 8.17405906e+01
 8.11839472e+01
 6.25389700e+01
 6.96276760e+01
 4.43154610e+01
 4.91938901e+01
 7.33958411e+00
 3.41845242e+01
 4.03150137e+01
 8.17417925e+00
 1.53356697e+02
 2.61579257e+01
 5.73017633e+01
 5.81029849e+01
 8.90742616e+01
 1.23861268e+01
 2.92742500e+01
 5.51842638e+01
 5.61882938e+01
 4.51582624e+01
 1.01947930e+01
 5.82664782e+01
 1.41772790e+01
 5.89558793e+01
 6.02088598e+01
 1.02861155e+02
 1.99998309e+01
 3.16424949e+01
 1.81777442e+01
 6.13849220e+01
 3.15296952e+01
 5.03040538e+01
 3.73026311e+01
 3.48367104e+01
 9.56071748e+01
 5.19055300e+01
 7.63757743e+01
 4.50816651e+01
 2.38842659e+01
 6.46848562e+01
 9.21936856e+01
 7.23260861e+01
 4.11512412e+01
 3.73267962e+01
 2.56531443e+01
 4.73967943e+01
 7.90638364e+01
 3.54384771e+01
 3.97373964e+01
 6.98063023e+01
 9.87782160e+01
 2.52146246e+01
 6.21142857e+01
 6.38313386e+01
 7.42605875e+01
 2.17239718e+01
 6.11919379e+01
 7.08478495e+01
 9.60703930e+01
 4.27686793e+01
 5.44177696e+01
 5.80105878e+01
 5.14092583e+01
 6.67297680e+01
 3.21494418e+01
 5.18903855e+01
 4.93928465e+01
 5.61799993e+01
 1.61578441e+01
 8.65614411e+00
 1.04017988e+02
 1.33763890e+01
 5.68960295e+01
 6.78977621e+01
 1.29355014e+02
 2.64502248e+01
 9.92837007e+00
 6.59550353e+01
 8.37814274e+01
 3.04051505e+01
 1.38769791e+02
 7.72061575e+01
 4.15078086e+01
 5.43753133e+01
 2.22598313e+01
 5.33896208e+01
 1.74756561e+01
 3.31076726e+01
 1.28438194e+01
 9.77372634e+01
 1.58804302e+01
 7.09418016e+00
 2.02837362e+01
 1.30168828e+01
 6.66305939e+01
 8.26307754e+01
 7.33581666e+01
 9.30881266e+01
 4.92509279e+01
 3.91763342e+01
 7.85711829e+01
 9.75422185e+01
 2.42758966e+01
 1.10762905e+02
 4.22463182e+01
 7.94768811e+01
 6.22536986e+01
 2.98846943e+01
 4.42524149e+01
 5.30300832e+01
 1.20356424e+01
 9.26248950e+00
 5.68496322e+01
 4.21171668e+01
 4.23807816e+01
 5.61514252e+01
 5.35987750e+01
 7.47264401e+00
 2.31642683e+01
 7.37596708e+01
 1.78802831e+01
 7.98354705e+01
 3.28831767e+01
 4.76946060e+01
 4.69665056e+01
 4.33797115e+01
 1.39373443e+02
 1.99420045e+01
 1.66734008e+01
 5.42609600e+01
 1.42221210e+02
 1.10062082e+02
 3.22288914e+01
 7.40253065e+01
 7.87284681e+01
 9.48176995e+01
 9.70989094e+01
 1.01390158e+02
 2.45795429e+01
 3.51684695e+01
 7.12376173e+01
 4.72802233e+00
 3.48651546e+01
 1.24368168e+02
 7.13185360e+01
