 -5.89996338e-01
 -6.82373047e-02
 3.75335693e+00
 8.17510986e+00
 1.40634460e+01
 2.31637878e+01
 2.49483337e+01
 2.19494019e+01
 1.84356079e+01
 1.31478882e+01
 6.99926758e+00
 6.57348633e+00
 5.10296631e+00
 3.33200073e+00
 7.44888306e+00
 1.04738159e+01
 1.60878601e+01
 2.55301208e+01
 2.50030518e+01
 2.05102539e+01
 1.71206665e+01
 9.94946289e+00
 1.08592834e+01
 4.46026611e+00
 3.69314575e+00
 -2.19635010e-01
 4.68200684e-01
 7.73300171e+00
 1.88876343e+01
 2.25208435e+01
 2.42218933e+01
 2.44021912e+01
 1.28298340e+01
 1.36240540e+01
 7.47518921e+00
 2.35766602e+00
 9.20715332e-01
 4.51385498e+00
 5.73355103e+00
 7.08026123e+00
 1.39454041e+01
 2.03714600e+01
 2.37062073e+01
 2.25450439e+01
 1.10225830e+01
 9.52661133e+00
 2.48931885e-01
 6.97470093e+00
 3.39712524e+00
 2.04541016e+00
 7.86032104e+00
 7.36904907e+00
 1.35172424e+01
 2.08387146e+01
 2.24626465e+01
 2.35393066e+01
 1.45532837e+01
 1.03977661e+01
 2.79241943e+00
 6.52972412e+00
 -3.37738037e-01
 3.23147583e+00
 3.71118164e+00
 8.96566772e+00
 1.74238281e+01
 2.31304626e+01
 2.89727783e+01
 2.37564087e+01
 1.79699707e+01
 1.49729919e+01
 7.87243652e+00
 2.03771973e+00
 1.42498779e+00
 -2.30712891e+00
 4.65435791e+00
 1.23903198e+01
 1.60578308e+01
 2.31734924e+01
 2.26037598e+01
 2.07304688e+01
 1.61291199e+01
 1.08408508e+01
 7.36816406e+00
 7.69708252e+00
 2.74230957e+00
 4.56002808e+00
 2.89984131e+00
 1.14334412e+01
 1.52120056e+01
 2.39558105e+01
 2.32934570e+01
 2.10439758e+01
 1.86734924e+01
 9.28320312e+00
 1.06028748e+01
 4.55023193e+00
 3.92105103e+00
 2.94741821e+00
 4.48828125e+00
 7.19909668e+00
 1.25812378e+01
 1.91594849e+01
 2.64427185e+01
 2.51346741e+01
 1.79902954e+01
 1.06882629e+01
 6.03820801e+00
 4.03054810e+00
 1.86682129e+00
 3.17376709e+00
 4.26782227e+00
 8.97787476e+00
 1.25040588e+01
 2.34633179e+01
 2.47515259e+01
 2.01510315e+01
 1.85721741e+01
 1.50411377e+01
 4.97387695e+00
 4.43377686e+00
 1.10528564e+00
 5.33404541e+00
 4.86373901e+00
 8.40975952e+00
 1.49928284e+01
 2.21328735e+01
 2.59349670e+01
 2.07629700e+01
 1.90761108e+01
 1.10531311e+01
 5.54132080e+00
 2.62524414e+00
 6.32879639e+00
 5.25671387e+00
 7.45419312e+00
 1.38977966e+01
 1.47825012e+01
 1.83421326e+01
 2.39149780e+01
 2.44329834e+01
 2.06485901e+01
 1.01318359e+01
 7.00061035e+00
 1.49569702e+00
 4.13360596e-01
 1.85824585e+00
 2.90109253e+00
 8.17425537e+00
 1.58134155e+01
 2.26209412e+01
 2.53736267e+01
 2.22496643e+01
 1.69808655e+01
 9.68026733e+00
 8.48034668e+00
 3.44955444e+00
 -4.82748413e+00
 1.46231079e+00
 7.50787354e+00
 1.19227600e+01
 1.77419128e+01
 2.14018555e+01
 2.22037964e+01
 2.20818787e+01
 1.70366211e+01
 1.09128723e+01
 8.20956421e+00
 7.05203247e+00
 2.52380371e-01
 5.60006714e+00
 9.24755859e+00
 1.09921875e+01
 1.69007263e+01
 2.40694885e+01
 2.37128296e+01
 2.30936279e+01
 1.79014893e+01
 1.38642578e+01
 7.32855225e+00
 8.17474365e-01
 2.01977539e+00
 5.75180054e+00
 4.75662231e+00
 1.12261963e+01
 1.51243591e+01
 2.34602966e+01
 2.63304138e+01
 1.98440247e+01
 1.72718811e+01
 1.12449036e+01
 3.93081665e+00
 -3.35723877e-01
 1.95358276e+00
 1.47705078e-02
 3.17584229e+00
 1.15293884e+01
 1.16682434e+01
 2.12215881e+01
 2.50081482e+01
 2.45840149e+01
 1.63735046e+01
 1.10832520e+01
 6.54574585e+00
 4.98962402e+00
 3.35855103e+00
 1.01928711e-01
 2.62048340e+00
 9.10937500e+00
 1.24752502e+01
 2.28692322e+01
 2.69478760e+01
 2.39939880e+01
 1.87553406e+01
 1.12261658e+01
 1.00941467e+01
 3.13208008e+00
 3.90847778e+00
 3.28588867e+00
 7.28707886e+00
 7.22448730e+00
 1.47415466e+01
 2.41017456e+01
 2.46875916e+01
 2.24078674e+01
 1.57386780e+01
 1.10045776e+01
 1.15560303e+01
 2.08703613e+00
 -3.94564819e+00
 1.62088013e+00
 3.07571411e+00
 7.95318604e+00
 1.41036682e+01
 2.20119324e+01
 2.65562134e+01
 2.23782654e+01
 1.59552002e+01
 1.23427124e+01
 8.03372192e+00
 -2.52890015e+00
 4.68811035e+00
 6.56457520e+00
 7.94287109e+00
 1.02442017e+01
 1.73648682e+01
 2.48829651e+01
 2.57362976e+01
 2.34321289e+01
 1.79271545e+01
 1.00718079e+01
 5.85073853e+00
 5.43164062e+00
 6.84570312e+00
 3.73770142e+00
 3.97940063e+00
 7.87133789e+00
 9.13635254e+00
 1.89880066e+01
 2.48525085e+01
 2.55305481e+01
 1.64837952e+01
 8.78167725e+00
 7.43511963e+00
 2.40112305e-01
 9.12902832e-01
 2.61648560e+00
 5.07159424e+00
 8.79879761e+00
 1.87132263e+01
 2.44061584e+01
 2.55349121e+01
 2.00178833e+01
 1.51985779e+01
 1.22079163e+01
 7.16284180e+00
 5.33642578e+00
 4.15649414e+00
 5.18041992e+00
 5.39846802e+00
 1.08413086e+01
 1.35711365e+01
 2.42448425e+01
 2.43841248e+01
 1.93757629e+01
 1.75150452e+01
 1.19284668e+01
 9.54519653e+00
 7.24652100e+00
 2.99761963e+00
 3.23193359e+00
 2.04235840e+00
 1.18084106e+01
 2.07450256e+01
 2.06646423e+01
 2.68646240e+01
 2.63045959e+01
 1.37716064e+01
 1.06045532e+01
 7.70520020e+00
 3.38241577e+00
 5.87908936e+00
 3.61117554e+00
 6.34466553e+00
 1.36497498e+01
 1.78624268e+01
 2.36799316e+01
 2.54899292e+01
 2.24974365e+01
 1.66210938e+01
 1.14024048e+01
 9.57608032e+00
 3.76016235e+00
 3.41558838e+00
 6.62088013e+00
 7.85916138e+00
 1.01286621e+01
 1.73998718e+01
 2.40961914e+01
 2.50265198e+01
 2.44880981e+01
 1.90161743e+01
 1.06200256e+01
 1.10482178e+01
 8.00448608e+00
 3.83056641e-01
 1.82592773e+00
 4.67926025e+00
 1.31470947e+01
 1.95063782e+01
 2.31854858e+01
 2.90215149e+01
 2.45038452e+01
 1.65293579e+01
 1.09020691e+01
 3.16644287e+00
 3.21661377e+00
 2.45812988e+00
 4.58673096e+00
 5.83752441e+00
 1.14739990e+01
 1.96600952e+01
 2.38983154e+01
 2.64359131e+01
 2.43557434e+01
 1.64767761e+01
 8.10958862e+00
 7.96936035e+00
 5.92260742e+00
 1.95172119e+00
 3.98876953e+00
 6.64471436e+00
 1.18322449e+01
 1.64981079e+01
 2.24931641e+01
 2.76872864e+01
 2.24167480e+01
 1.65904236e+01
 1.14974976e+01
 5.68338013e+00
 6.89086914e-01
 1.92568970e+00
 6.01477051e+00
 7.87228394e+00
 8.31494141e+00
 1.63501892e+01
 2.21799316e+01
 2.61557007e+01
 2.40970459e+01
 2.12112122e+01
 8.85949707e+00
 5.60348511e+00
 2.47695923e+00
 -9.06829834e-01
 4.29602051e+00
 6.29748535e+00
 1.02664490e+01
 1.55067139e+01
 2.42763062e+01
 2.68572693e+01
 2.55655518e+01
 1.38726807e+01
 1.19323730e+01
 1.03850403e+01
 1.75732422e+00
 2.25915527e+00
 4.83209229e+00
 3.88943481e+00
 8.89208984e+00
 1.42013245e+01
 2.02739868e+01
 2.73859863e+01
 2.54250793e+01
 1.93679504e+01
 1.22055664e+01
 1.05523682e+01
 5.32287598e-01
 8.00119019e+00
 3.52908325e+00
 6.53558350e+00
 9.34561157e+00
 1.67052307e+01
 1.80567017e+01
 2.57911987e+01
 2.41151733e+01
 1.64009094e+01
 1.38429565e+01
 4.62585449e+00
 1.02209473e+00
 2.99462891e+00
 1.86117554e+00
 6.35369873e+00
 9.58444214e+00
 1.54075928e+01
 2.43386230e+01
 2.42889404e+01
 2.11492004e+01
 1.83780823e+01
 1.21058350e+01
 7.31072998e+00
 1.75524902e+00
 4.00360107e+00
 4.69357300e+00
 4.75628662e+00
 1.10142517e+01
 1.51571960e+01
 2.33296814e+01
 2.85749817e+01
 2.65711365e+01
 1.95775757e+01
 1.25043640e+01
 8.62722778e+00
 1.23165894e+00
 8.51440430e-02
 3.09191895e+00
 7.98095703e+00
 1.09578552e+01
 1.69911499e+01
 2.43989868e+01
 2.52654419e+01
 2.64749146e+01
 1.97512512e+01
 9.79965210e+00
 6.48089600e+00
 6.16882324e-01
 1.61267090e+00
 5.08978271e+00
 4.47592163e+00
 8.51510620e+00
 1.35540466e+01
 1.97491760e+01
 2.30210876e+01
 2.11846008e+01
 2.13110046e+01
 1.32842407e+01
 3.42446899e+00
 1.50088501e+00
 -6.25640869e-01
 1.07995605e+00
 3.16763306e+00
 1.10971375e+01
 1.82019043e+01
 2.48062439e+01
 2.65047607e+01
 2.38262939e+01
 1.77201843e+01
 1.38125916e+01
 7.27902222e+00
 3.32165527e+00
 -2.44110107e-01
 1.24569702e+00
 6.23416138e+00
 1.22556152e+01
 1.42995300e+01
 2.32230530e+01
 2.50879822e+01
 2.23616638e+01
 1.75436401e+01
 1.40172119e+01
 5.59011841e+00
 -1.13946533e+00
 6.17782593e+00
 7.45037842e+00
 8.20483398e+00
 1.07372742e+01
 1.63843689e+01
 2.19121094e+01
 2.87940674e+01
 2.64743652e+01
 1.83308105e+01
 1.29647827e+01
 2.93563843e+00
 6.94387817e+00
 2.20257568e+00
 4.43136597e+00
 4.19793701e+00
 8.45071411e+00
 1.23171997e+01
 2.40955200e+01
 2.68667603e+01
 2.38368530e+01
 1.66833801e+01
 1.32812500e+01
 7.90133667e+00
 4.00146484e+00
 6.50460815e+00
 9.93588257e+00
 5.91833496e+00
 1.06162720e+01
 1.52518311e+01
 2.60437927e+01
 2.44713745e+01
 2.15076294e+01
 1.85755920e+01
 1.48352051e+01
 1.02817383e+01
 5.46881104e+00
 3.64572144e+00
 6.54159546e+00
 6.95980835e+00
 1.18189087e+01
 1.71913147e+01
 2.09842224e+01
 2.59325867e+01
 2.30249634e+01
 1.95197449e+01
 1.31028748e+01
 1.26625671e+01
 8.05297852e-01
 -2.90710449e-01
 3.30291748e-01
 4.59661865e+00
 1.20293884e+01
 1.83805847e+01
 2.10635681e+01
 2.20983887e+01
 2.39370117e+01
 1.81337891e+01
 1.14528503e+01
 1.26416016e+00
 7.79998779e+00
 4.01907349e+00
 4.53378296e+00
 7.66857910e+00
 1.03623352e+01
 1.66242676e+01
 2.43823547e+01
 2.70199585e+01
 2.24689026e+01
 1.60591431e+01
 1.15823975e+01
 4.31280518e+00
 5.63864136e+00
 3.80633545e+00
 -9.24835205e-01
 6.49755859e+00
 9.89486694e+00
 1.64733582e+01
 2.20600281e+01
 2.91106567e+01
 2.44759216e+01
 1.73466797e+01
 1.50436401e+01
 7.44113159e+00
 6.25839233e+00
 1.80841064e+00
 5.05340576e+00
 7.71475220e+00
 1.03150024e+01
 1.45682983e+01
 1.96250305e+01
 2.91533813e+01
 2.50083313e+01
 1.74364319e+01
 1.09356689e+01
 6.43460083e+00
 5.77056885e+00
 6.07971191e-01
 5.94860840e+00
 7.64151001e+00
 1.03301392e+01
 1.86333923e+01
 2.74083557e+01
 2.54591675e+01
 2.39445496e+01
 1.96462097e+01
 9.57278442e+00
 8.86279297e+00
 5.31036377e+00
 2.24853516e+00
 2.15899658e+00
 8.72851562e+00
 1.22619019e+01
 1.87404480e+01
 2.51056824e+01
 2.87308655e+01
 2.39369202e+01
 1.69959412e+01
 1.60748291e+01
 1.01347351e+01
 3.28317261e+00
 4.99673462e+00
 3.07138062e+00
 5.96328735e+00
 1.20307007e+01
 1.69741211e+01
 2.75289001e+01
 2.75775757e+01
 2.69811707e+01
 1.88463135e+01
 1.54082642e+01
 5.55380249e+00
 5.18630981e+00
 6.04306030e+00
 7.27120972e+00
 6.84783936e+00
 1.24866028e+01
 1.63349304e+01
 2.32540283e+01
 2.75682068e+01
 2.63680725e+01
 2.29662781e+01
 1.35060120e+01
 8.42803955e+00
 8.01794434e+00
 3.81320190e+00
 4.63058472e+00
 7.16656494e+00
 8.35525513e+00
 1.73812256e+01
 2.22035217e+01
 2.91143188e+01
 2.54316101e+01
 1.52393188e+01
 4.73709106e+00
 7.83358765e+00
 7.89593506e+00
 4.88235474e+00
 6.22586060e+00
 8.60772705e+00
 1.31118774e+01
 1.59127502e+01
 2.10126038e+01
 2.48472290e+01
 2.60159302e+01
 1.68933716e+01
 1.32050476e+01
 9.64739990e+00
 5.90594482e+00
 6.20211792e+00
 5.19711304e+00
 7.51531982e+00
 1.10494995e+01
 1.93520813e+01
 2.52567139e+01
 3.03481750e+01
 2.44836731e+01
 1.75725098e+01
 1.12389832e+01
 1.06797485e+01
 2.68338013e+00
 6.23501587e+00
 2.23056030e+00
 5.00030518e+00
 9.06259155e+00
 1.76335449e+01
 2.36860962e+01
 2.97243652e+01
 2.70788574e+01
 1.69710388e+01
 1.20315552e+01
 6.92938232e+00
 7.95489502e+00
 3.77093506e+00
 -4.36380005e+00
 3.67510986e+00
 8.29452515e+00
 1.37016907e+01
 2.54053345e+01
 2.55341797e+01
 2.34944458e+01
 1.96427917e+01
 1.34034729e+01
 5.41198730e+00
 2.65921021e+00
 7.11465454e+00
 7.11837769e+00
 8.02185059e+00
 1.16713867e+01
 1.61367798e+01
 2.42427673e+01
 2.90016174e+01
 2.76770020e+01
 1.98307800e+01
 1.41643372e+01
 6.21368408e+00
 5.60214233e+00
 5.11697388e+00
 3.67434692e+00
 8.38616943e+00
 9.24041748e+00
 2.00706787e+01
 2.47495117e+01
 2.71871643e+01
 2.24561157e+01
 1.96300049e+01
 1.42715454e+01
 1.26677246e+01
 5.99099731e+00
 4.63888550e+00
 3.22595215e+00
 6.91104126e+00
 1.00693359e+01
 1.56138611e+01
 2.58626709e+01
 2.96427307e+01
 2.50112915e+01
 1.84790039e+01
 1.34807434e+01
 9.21408081e+00
 4.43936157e+00
 2.54415894e+00
 -1.35131836e-01
 7.14465332e+00
 1.22200623e+01
 2.02186279e+01
 2.69221497e+01
 2.72022400e+01
 2.66811523e+01
 2.01392517e+01
 1.36871338e+01
 1.22186279e+01
 3.08825684e+00
 6.18243408e+00
 5.16067505e+00
 1.01986389e+01
 1.11160583e+01
 1.60382996e+01
 2.00881042e+01
 2.84835205e+01
 2.73150635e+01
 1.83630676e+01
 1.12485962e+01
 1.01914673e+01
 8.16921997e+00
 4.05767822e+00
 3.27529907e+00
 4.56997681e+00
 7.83703613e+00
 1.78056946e+01
 2.37033081e+01
 3.02291260e+01
 2.72163086e+01
 1.93287964e+01
 1.55778198e+01
 6.86999512e+00
 5.08605957e+00
 4.27319336e+00
 4.36209106e+00
 6.08752441e+00
 1.08794861e+01
 1.58099976e+01
 2.35955200e+01
 2.53423157e+01
 2.64737854e+01
 1.82055664e+01
 1.69575500e+01
 1.32703552e+01
 4.71716309e+00
 5.80160522e+00
 5.37121582e+00
 8.60900879e+00
 1.38775635e+01
 1.54640198e+01
 2.58100891e+01
 2.55569458e+01
 2.78137817e+01
 2.12636108e+01
 1.34877014e+01
 9.15948486e+00
 6.08609009e+00
 4.24700928e+00
 4.22167969e+00
 5.85748291e+00
 1.17368469e+01
 1.76832275e+01
 2.75164490e+01
 3.03493347e+01
 2.66903076e+01
 2.37063293e+01
 1.48075256e+01
 1.25737610e+01
 5.46020508e+00
 3.80551147e+00
 5.15496826e+00
 1.09277039e+01
 1.53239441e+01
 1.71269531e+01
 2.42108154e+01
 2.96484070e+01
 2.67049255e+01
 2.32846985e+01
 1.72854309e+01
 1.01868591e+01
 6.37710571e+00
 4.03024292e+00
 2.87969971e+00
 5.30981445e+00
 1.20364075e+01
 1.54163513e+01
 2.43063660e+01
 2.69935913e+01
 2.18915100e+01
 1.66906738e+01
 1.17229614e+01
 1.18761902e+01
 6.21463013e+00
 5.09274292e+00
 5.55334473e+00
 3.87762451e+00
 9.85504150e+00
 2.02789612e+01
 2.58244934e+01
 3.15614624e+01
 2.43475952e+01
 1.85444031e+01
 1.44759827e+01
 9.67123413e+00
 3.89410400e+00
 -2.83825684e+00
 -1.61898804e+00
 5.29852295e+00
 1.72768250e+01
 2.14921570e+01
 2.78704834e+01
 2.70572205e+01
 2.40947876e+01
 1.72883301e+01
 1.25364685e+01
 5.69604492e+00
 3.40347290e+00
 3.76080322e+00
 7.40795898e+00
 4.34066772e+00
 8.08169556e+00
 1.51034851e+01
 2.21476746e+01
 2.76365356e+01
 2.90816040e+01
 1.77585754e+01
 1.32051086e+01
 1.02349548e+01
 5.69824219e-01
 4.62103271e+00
 3.45904541e+00
 7.97146606e+00
 1.14162903e+01
 1.48054199e+01
 1.75026550e+01
 2.59337158e+01
 2.88240967e+01
 1.97150269e+01
 1.07173462e+01
 7.35974121e+00
 3.08096313e+00
 -1.12286377e+00
 2.65808105e+00
 4.16488647e+00
 1.24747925e+01
 2.42024536e+01
 2.58146973e+01
 2.81286621e+01
 2.46207275e+01
 1.93647156e+01
 1.47841797e+01
 8.46212769e+00
 8.54534912e+00
 4.60256958e+00
 5.18902588e+00
 6.97515869e+00
 8.88046265e+00
 1.62867432e+01
 2.08459473e+01
 2.81159668e+01
 2.49060364e+01
 1.96966858e+01
 1.26170959e+01
 6.70828247e+00
 8.94146729e+00
 3.62908936e+00
 5.50448608e+00
 1.05181274e+01
 9.99053955e+00
 1.89350891e+01
 2.40717468e+01
 2.60187073e+01
 2.62234802e+01
 1.98237000e+01
 1.49243469e+01
 6.95001221e+00
 2.81936646e+00
 3.75793457e+00
 4.16278076e+00
 4.50308228e+00
 1.12612000e+01
 1.79980774e+01
 2.82290955e+01
 2.83628235e+01
 2.54923706e+01
 2.01567993e+01
 1.28945923e+01
 1.25899048e+01
 6.58868408e+00
 8.38070679e+00
 3.91839600e+00
 8.42855835e+00
 1.00521240e+01
 1.62689514e+01
 2.46290894e+01
 2.48772888e+01
 2.66048279e+01
 2.02952881e+01
 1.19711304e+01
 9.89901733e+00
 4.01687622e+00
 3.94046021e+00
 5.51058960e+00
 7.21267700e+00
 9.84414673e+00
 2.19144592e+01
 2.53064270e+01
 2.90880127e+01
 2.60616760e+01
 1.86294861e+01
 1.43377380e+01
 1.20554504e+01
 -6.30798340e-02
 4.90484619e+00
 2.76855469e+00
 4.75518799e+00
 9.57705688e+00
 1.82980042e+01
 1.90703735e+01
 2.86020203e+01
 2.14083862e+01
 1.76853027e+01
 1.48428040e+01
 8.67736816e+00
 7.05038452e+00
 1.95831299e+00
 5.55688477e+00
 9.87850952e+00
 1.10432434e+01
 1.64829712e+01
 2.78217468e+01
 2.89743652e+01
 2.54852905e+01
 1.90440674e+01
 1.37007446e+01
 1.04931946e+01
 6.06890869e+00
 7.31872559e-01
 3.87277222e+00
 7.21112061e+00
 1.04818726e+01
 1.78946838e+01
 2.35321045e+01
 2.81977844e+01
 3.09388123e+01
 1.95552673e+01
 1.26201477e+01
 1.19360657e+01
 6.12615967e+00
 6.15225220e+00
 3.37622070e+00
 8.22503662e+00
 8.27133179e+00
 1.58358154e+01
 2.53034058e+01
 2.81669922e+01
 2.68329163e+01
 1.85162354e+01
 1.46950684e+01
 8.01339722e+00
 3.66732788e+00
 4.05154419e+00
 5.00158691e+00
 9.23370361e+00
 1.11072083e+01
 1.50168152e+01
 2.78610535e+01
 2.95648193e+01
 2.73154907e+01
 2.05787964e+01
 1.58247986e+01
 1.04069214e+01
 3.62786865e+00
 4.51397705e+00
 9.11096191e+00
 8.59887695e+00
 1.10493774e+01
 1.87905579e+01
 2.43893433e+01
 2.82136841e+01
 2.46605835e+01
 1.91261902e+01
 1.16687622e+01
 6.42077637e+00
 4.86099243e+00
 8.01672363e+00
 5.96408081e+00
 8.24163818e+00
 9.90231323e+00
 1.86362915e+01
 2.69116821e+01
 2.80925293e+01
 2.79066162e+01
 2.10632629e+01
 1.25451355e+01
 7.23043823e+00
 9.13870239e+00
 3.79116821e+00
 1.60437012e+00
 9.60211182e+00
 1.28581543e+01
 1.58342896e+01
 2.65474243e+01
 2.86616516e+01
 2.63327942e+01
 1.85063782e+01
 1.43769531e+01
 8.11691284e+00
 7.73568726e+00
 1.25347900e+00
 4.31967163e+00
 7.91842651e+00
 1.47202148e+01
 2.34056396e+01
 2.21414490e+01
 2.85882874e+01
 2.67732849e+01
 2.18600769e+01
 1.42427979e+01
 9.34609985e+00
 4.08413696e+00
 9.53546143e+00
 4.72097778e+00
 5.34191895e+00
 1.12123413e+01
 1.44903259e+01
 2.21672974e+01
 2.74483643e+01
 2.68790894e+01
 1.95349121e+01
 1.23854980e+01
 6.44409180e+00
 6.40316772e+00
 5.30770874e+00
 5.23956299e+00
 1.02786560e+01
 1.11175842e+01
 1.50706482e+01
 2.11966858e+01
 2.49267578e+01
 2.64841919e+01
 2.26913757e+01
 1.18101807e+01
 1.21187744e+01
 5.78302002e+00
 4.25918579e+00
 3.98324585e+00
 7.76626587e+00
 1.22083740e+01
 1.68374939e+01
 2.55305176e+01
 2.86830444e+01
 2.32178040e+01
 1.83886108e+01
 1.38957825e+01
 7.61889648e+00
 9.79415894e+00
 -7.77099609e-01
 2.49090576e+00
 7.36657715e+00
 1.46559753e+01
 1.76910095e+01
 2.44446716e+01
 2.99265442e+01
 2.59627686e+01
 2.09639587e+01
 1.24840393e+01
 1.08905640e+01
 7.95690918e+00
 4.05029297e+00
 7.06774902e+00
 5.37301636e+00
 1.33110657e+01
 1.84781494e+01
 2.57343445e+01
 2.91400757e+01
 2.61913757e+01
 2.04516907e+01
 1.32384644e+01
 1.04322510e+01
 7.95941162e+00
 2.01361084e+00
 4.89562988e+00
 9.14755249e+00
 1.15266113e+01
 1.43857727e+01
 2.53452454e+01
 3.05173035e+01
 2.57007141e+01
 1.76282043e+01
 1.49703979e+01
 6.53088379e+00
 5.19702148e+00
 1.18734741e+00
 8.92864990e+00
 7.38418579e+00
 1.23540039e+01
 1.54886475e+01
 2.17598572e+01
 2.85275574e+01
 2.54613037e+01
 1.54939575e+01
 1.27958374e+01
 1.00972595e+01
 8.58078003e+00
 5.27777100e+00
 3.13650513e+00
 7.28002930e+00
 1.54517517e+01
 2.19336853e+01
 2.14785767e+01
 3.05452271e+01
 2.46507263e+01
 2.23876038e+01
 1.50885010e+01
 1.29025879e+01
 8.72970581e+00
 2.96316528e+00
 4.82418823e+00
 1.04862061e+01
 1.17395020e+01
 1.59798889e+01
 2.07905884e+01
 2.91582642e+01
 2.57601929e+01
 2.09803467e+01
 1.22752686e+01
 7.97106934e+00
 4.88204956e+00
 -1.28274536e+00
 2.13485718e+00
 5.45028687e+00
 1.07758179e+01
 1.42894287e+01
 2.66688232e+01
 2.89170227e+01
 2.39537354e+01
 2.12507019e+01
 1.46036682e+01
 1.18083496e+01
 9.22320557e+00
 4.50119019e+00
 2.36618042e+00
 7.97821045e+00
 1.21835327e+01
 1.73685913e+01
 2.52732849e+01
 2.86216431e+01
 2.29876709e+01
 1.78308716e+01
 1.41663818e+01
 9.06338501e+00
 6.31918335e+00
 7.78927612e+00
 3.46722412e+00
 5.03094482e+00
 1.20039978e+01
 1.76816406e+01
 2.33419800e+01
 2.76737366e+01
 2.50498352e+01
 2.23936157e+01
 1.40071106e+01
 7.13290405e+00
 4.85565186e+00
 -2.21008301e-01
 4.17810059e+00
 7.47378540e+00
 1.15750122e+01
 1.20210266e+01
 2.40609436e+01
 2.80164795e+01
 2.34878235e+01
 1.90263062e+01
 1.35252075e+01
 1.03992310e+01
 9.79498291e+00
