 3.25312807e+01
 5.06725312e+01
 1.37554300e+01
 4.06569583e+01
 3.73521475e+01
 4.82743119e+01
 3.81311651e+01
 3.26019780e+01
 3.56128076e+01
 3.60358332e+01
 4.56952244e+00
 5.87096440e+01
 2.72899643e+01
 7.79394410e+01
 4.22599110e+01
 6.34251708e+01
 1.02314597e+02
 1.18628166e+02
 5.31595220e+01
 2.50107736e+01
 1.14887812e+01
 5.07825993e+01
 2.23027018e+01
 6.19098877e+01
 7.20051103e+01
 5.37775938e+01
 6.94761915e+01
 2.81792188e+01
 3.37694046e+01
 5.24020477e+01
 9.15078703e+01
 2.64568677e+01
 3.49135761e+01
 5.31366627e+01
 5.51593314e+01
 6.19514214e+01
 1.40307408e+01
 3.50257115e+01
 3.95531405e+01
 6.50207651e+01
 2.90074619e+01
 8.26796209e+01
 2.10545957e+01
 3.61930423e+01
 1.85535225e+01
 2.58333905e+01
 2.04093619e+01
 6.14133646e+01
 2.59635991e+01
 4.57902170e+01
 5.78043325e+01
 1.79073610e+01
 7.97226842e+01
 6.88369786e+01
 8.76918423e+01
 2.34974850e+01
 2.63040851e+01
 1.80751331e+01
 9.55570358e+00
 1.99698503e+01
 2.60765438e+01
 4.48704686e+01
 2.21635146e+01
 8.13094469e+01
 1.73619884e+01
 1.07059477e+02
 9.52278228e+01
 5.61410430e+01
 2.82490388e+00
 3.03108874e+01
 2.88681931e+01
 6.18076248e+01
 4.66404360e+01
 8.26447011e+01
 2.13306446e+01
 7.88053398e+01
 5.16720184e+01
 3.52333470e+01
 9.71488158e+01
 1.73940570e+01
 6.73793871e+01
 3.62839047e+01
 4.66465201e+01
 2.25341774e+01
 3.45510969e+01
 1.20941735e+01
 3.48283126e+01
 3.18972979e+01
 7.55397765e+01
 7.08459495e+01
 1.42033999e+02
 6.83701981e+01
 5.66658155e+01
 3.59057537e+01
 2.76451828e+01
 7.37468192e+01
 5.93607843e+01
 4.32196874e+01
 5.45612300e+01
 5.15020592e+01
 7.33004190e+01
 6.40747175e+01
 7.42175890e+01
 2.68353719e+01
 1.38305194e+01
 2.80827282e+01
 2.96503088e+01
 3.31299327e+01
 2.39754069e+01
 2.93757412e+01
 5.35559843e+01
 4.94143461e+01
 2.44529439e+01
 5.25016436e+01
 4.35615582e+01
 1.85841236e+01
 4.92393874e+00
 1.78274173e+01
 1.34800208e+01
 4.67963735e+01
 6.35380015e+01
 5.17134384e+01
 1.21039509e+00
 4.56739234e+01
 3.56321920e+01
 3.46740278e+01
 6.74801700e+01
 3.23539795e+01
 3.83953060e+01
 1.76994644e+01
 5.42565328e+01
 2.20177913e+01
 2.56494513e+01
 9.13568533e+01
 2.27908967e+01
 7.15750917e+01
 1.03231377e+02
 4.44519079e+01
 8.78694163e+01
 3.26058707e+01
 4.03193630e+01
 5.62250700e+01
 5.57405131e+01
 5.12305828e+01
 4.45775953e+01
 2.71785302e+01
 2.39194303e+01
 3.08817327e+01
 3.08857057e+01
 1.70211735e+02
 1.53862636e+01
 6.76163467e+01
 5.03338587e+01
 1.89096329e+01
 5.17655800e+01
 1.85991427e+01
 1.76497519e+01
 4.98756228e+01
 1.19384027e+01
 3.16147246e+01
 4.24548926e+01
 9.15380709e+01
 6.41989442e+01
 2.63998777e+01
 8.21680063e+01
 5.15601577e+01
 8.82911673e+00
 3.55919202e+01
 4.05833356e+01
 2.51018928e+01
 4.40936029e+01
 7.33530647e+01
 3.97155505e+01
 4.88256112e+01
 1.17843745e+02
 1.00949564e+01
 3.11576463e+01
 5.82922029e+01
 2.26104759e+01
 2.26755550e+01
 3.85461995e+01
 6.13819512e+01
 5.51934913e+01
 1.81683040e+01
 1.66509958e+01
 4.01398321e+01
 3.76465735e+01
 3.73728729e+01
 4.58035008e+01
 5.36041439e+01
 6.96288421e+01
 3.56056494e+01
 3.65407020e+01
 3.93282291e+01
 5.60743309e+01
 5.78097441e+01
 4.76293702e+01
 2.83151659e+01
 3.07200437e+01
 1.26318098e+01
 1.18342597e+01
 5.33432785e+01
 1.19551535e+02
 5.40044600e+01
 6.24840069e+01
 2.97167711e+01
 3.57053521e+01
 7.96462751e+01
 4.11431019e+01
 2.46442255e+01
 8.92174155e+01
 6.37627509e+01
 3.65628651e+01
 4.15018715e+00
 1.76693911e+01
 1.02440830e+02
 1.27139940e+01
 5.98705953e+01
 5.27635469e+01
 2.67300008e+01
 4.38503254e+01
 8.55877694e+01
 9.57266358e+01
 6.26776973e+01
 3.23655928e+01
 1.72693358e+00
 3.48796836e+01
 2.94317896e+01
 4.70010503e+01
 5.84469107e+01
 7.36762631e+01
 6.07361107e+01
 4.28083158e+01
 5.08886846e+01
 7.75521775e+01
 2.39165071e+01
 2.07321644e+01
 7.39762115e+00
 7.84561601e+01
 3.15935461e+01
 1.70485872e+01
 1.39084410e+01
 9.21457880e+01
 4.29788754e+01
 3.44751427e+01
 7.54354076e+01
 8.06474739e+01
 8.42217347e+01
 6.32048143e+01
 2.99817632e+01
 2.27223043e+01
 4.96844352e+01
 1.37052230e+01
 4.79120848e+01
 4.75043990e+01
 2.45932771e+01
 6.56304346e+01
 9.03832417e+01
 7.43665693e+01
 2.24910385e+01
 6.14181707e+01
 7.40098574e+01
 5.15365246e+01
 4.63303880e+01
 6.37829745e+01
 8.09916096e+01
 2.25859544e+01
 4.56095237e+01
 1.37928127e+02
 8.61662590e+01
 5.82155764e+01
 4.30811760e+01
 5.39631012e+01
 6.35202967e+01
 2.77407310e+01
 3.91815643e+01
 8.57135353e+01
 3.40904624e+01
 1.71010852e+01
 6.06253925e+01
 8.48165841e+01
 1.18580179e+02
 6.14545036e+01
 1.34965049e+01
 1.54471606e+01
 3.34020134e+01
 4.41247371e+01
 7.93801157e+01
 6.31147725e+01
 3.13986507e+01
 7.16374072e+01
 5.72939003e+01
 1.27565559e+02
 4.30427235e+01
 6.76580168e+01
 2.16747283e+01
 2.78477645e+01
 5.38120557e+01
 4.85006375e+01
 3.27860829e+01
 7.43768492e+01
 1.59603343e+01
 2.28859174e+01
 2.62007480e+01
 8.69049394e+01
 4.02780706e+01
 6.17507591e+01
 1.87958003e+01
 3.28040876e+01
 6.78482762e+00
 1.00840417e+01
 2.46257263e+01
 3.25041340e+01
 1.93266799e+01
 8.95378189e+00
 2.00473509e+01
 7.06390554e+01
 7.29578213e+01
 5.32313350e+01
 6.28762890e+01
 8.93420537e+00
 3.15201594e+01
 1.15574613e+02
 2.15468266e+01
 2.56934575e+01
 7.19486850e+01
 5.47064589e+01
 3.88843862e+01
 1.83310559e+01
 4.79077676e+01
 8.10727394e+01
 3.52631906e+01
 1.95305524e+01
 1.94767376e+01
 9.98958636e+01
 4.44344029e+01
 3.65309312e+01
 3.32247214e+01
 7.83496575e+01
 5.67552415e+01
 2.47959655e+01
 1.11513313e+02
 6.59291845e+01
 5.63912289e+01
 6.73179836e+00
 3.37866587e+01
 2.96245140e+01
 6.98033353e+01
 8.90679821e+01
 9.31654145e+01
 2.06724911e+01
 6.39892378e+01
 7.04890666e+01
 4.25149936e+01
 1.40549301e+02
 6.21603027e+01
 4.67376529e+01
 3.29063282e+01
 1.33562568e+02
 4.99841011e+01
 3.37031481e+01
 1.82719804e+01
 6.02719861e+01
 6.37645943e+00
 1.06853442e+02
 8.12118030e+01
 3.07631413e+01
 3.41981779e+01
 3.24242286e+01
 3.41241335e+01
 6.18805532e+01
 2.35119767e+01
 6.90429116e+01
 2.46913614e+01
 3.62203254e+01
 8.39262855e+01
 9.08332763e+01
 1.08310291e+02
 5.03502256e+01
 5.17306771e+01
 6.69854261e+01
 7.68331365e+01
 6.42314994e+01
 9.38233378e+01
 4.44372286e+01
 1.74786353e+01
 5.37359407e+01
 5.77747932e+01
 3.92484688e+01
 5.07951096e+01
 2.73968946e+01
 2.33933659e+01
 6.00493593e+01
 4.26155461e+01
 3.42474898e+01
 7.68155583e+01
 7.06723944e+01
 7.05703651e+01
 4.67117179e+01
 4.63128051e+01
 3.36711660e+01
 4.83591551e+01
 9.98194995e+01
 8.50754032e+01
 2.04107033e+01
 2.48381471e+01
 3.81413729e+01
 5.16840279e+01
 7.33221042e+01
 2.42700070e+01
 5.28500440e+01
 5.51398969e+01
 6.37964796e+01
 7.53661846e+01
 4.35920909e+01
 8.67287491e+01
 9.92659824e+01
 9.37410793e+01
 2.88587446e+01
 2.99716782e+01
 2.92550536e+01
 3.30387739e+01
 2.12178826e+01
 1.40646425e+02
 7.33862049e+01
 7.97160922e+01
 4.14087856e+01
 5.57613354e+01
 3.03789749e+01
 3.49487042e+01
 6.42676998e+01
 4.83096206e+01
 1.70053325e+01
 2.03270278e+01
 6.28950900e+01
 2.31084316e+01
 5.27597467e+01
 6.48626065e+01
 6.87245568e+01
 5.07417770e+01
 1.55440396e+01
 6.53053078e+01
 7.57475995e+01
 5.49307600e+01
 7.72471331e+01
 4.28735925e+01
 5.07997097e+01
 6.83519650e+01
 5.86778836e+01
 1.06795843e+02
 3.63168028e+01
 8.85518335e+00
 4.47205442e+01
 1.15263488e+01
 3.88764040e+01
 3.77633135e+01
 4.93093268e+01
 2.24699763e+01
 5.88877490e+01
 8.41308333e+01
 5.10980455e+01
 3.21473579e+01
 1.62999303e+02
 3.04295932e+01
 3.25894100e+01
 3.61289051e+01
 5.36564304e+01
 2.03403498e+01
 4.80843499e+01
 2.03651427e+01
 3.66616002e+01
 3.18660505e+01
 6.92246413e+01
 4.71166773e+01
 2.71104805e+01
 2.93388054e+01
 1.37207020e+02
 6.65606859e+01
 2.90448952e+01
 6.22221573e+01
 3.62583731e+01
 6.45494613e+01
 1.00999259e+02
 2.25198334e+01
 3.91379771e+01
 5.56799937e+01
 2.39184461e+01
 4.17160858e+01
 4.82499599e+01
 4.12429336e+01
 9.02842587e+01
 3.84520046e+01
 2.52270895e+01
 1.42311241e+01
 3.19093942e+01
 7.84976423e+00
 2.71702646e+01
 7.74336193e+01
 7.71020162e+01
 3.33897213e+01
 2.54828223e+01
 4.41605050e+01
 1.73416297e+01
 1.00660375e+01
 2.33026496e+01
 3.63059949e+01
 1.78948686e+01
 2.72901144e+01
 6.22852203e+01
 2.10986003e+01
 9.37991144e+01
 2.64221938e+01
 4.89575319e+01
 4.05561158e+01
 5.24978717e+01
 3.53855114e+01
 8.04878337e+01
 3.47887380e+01
 3.99019159e+01
 2.17820984e+01
 5.79803864e+01
 4.48091452e+01
 3.10202528e+01
 2.93865605e+01
 1.05147594e+01
 4.59152026e+01
 5.56423223e+01
 4.24866774e+01
 1.97044479e+01
 5.85777947e+01
 1.03866079e+02
 4.10197260e+01
 3.70920178e+01
 6.73836116e+01
 1.73745978e+02
 2.80684752e+01
 2.41714068e+01
 2.40404722e+01
 4.04515571e+01
 2.91642252e+01
 2.38482531e+01
 5.66734347e+01
 5.71344838e+01
 3.21848902e+01
 5.70480159e+01
 9.17451553e+01
 1.09370190e+02
 6.62324556e+01
 3.64992268e+01
 3.88670340e+01
 5.36402020e+01
 6.01315512e+01
 3.80245126e+01
 2.22107803e+01
 1.57346054e+01
 3.97086476e+01
 7.78898497e+01
 9.31863345e+01
 2.93990986e+01
 2.27180655e+01
 8.67179402e+01
 3.32384926e+01
 8.10455584e+01
 8.67661074e+01
 4.42361035e+01
 4.22841324e+01
 3.73307230e+01
 2.30525186e+01
 2.28698569e+01
 1.32643395e+02
 1.11842049e+02
 1.07574052e+01
 1.01607930e+01
 4.14881258e+01
 1.88926890e+01
 1.93309764e+01
 1.72235754e+01
 2.66063993e+01
 3.97368215e+01
 6.25972531e+01
 3.16706062e+01
 1.06566712e+02
 6.92398760e+01
 4.39196829e+01
 5.15526634e+01
 9.04271674e+01
 9.85563830e+01
 7.36992735e+01
 4.22570901e+01
 2.51445204e+01
 3.77072078e+01
 3.17236912e+01
 3.88163825e+01
 2.49423318e+01
 1.37831818e+02
 2.27844365e+01
 9.80013638e+01
 1.77543473e+01
 2.34696812e+01
 5.58734202e+01
 5.79722404e+01
 2.67108957e+01
 4.93778025e+01
 3.57688681e+01
 2.75447178e+01
 4.64881540e+01
 1.29770810e+01
 1.42485366e+01
 5.11370142e+01
 2.82028445e+01
 1.01915429e+02
 5.13158035e+01
 3.35021959e+01
 3.93270674e+01
 7.35144939e+01
 3.16484379e+01
 5.64340975e+01
 8.39003163e+01
 6.56357305e+01
 1.79940609e+01
 2.86349840e+01
 9.34087481e+00
 3.83347135e+01
 6.83325085e+01
 4.13627746e+01
 2.65108006e+01
 5.55477964e+01
 5.47106360e+01
 1.09318684e+02
 3.73198036e+01
 1.24868508e+02
 3.10357384e+01
 1.82109024e+01
 6.28274036e+01
 5.84396395e+01
 2.34106127e+01
 2.86657753e+01
 2.54088166e+01
 4.32169825e+01
 4.44703570e+01
 7.79487958e+01
 1.05007710e+02
 7.04823725e+01
 4.02157081e+01
 3.48301662e+01
 5.95764182e+01
 1.95104189e+01
 6.27236401e+01
 4.73749261e+01
 7.09976315e+01
 6.58145176e+01
 6.89925111e+01
 4.03839936e+01
 3.36331157e+01
 2.32024013e+01
 7.83263731e+00
 1.72525503e+01
 1.83309804e+01
 3.70821861e+01
 4.63228656e+01
 1.36286574e+01
 6.12834328e+01
 2.83759947e+01
 2.13403669e+01
 3.56801859e+01
 4.10436773e+01
 4.54080878e+01
 6.19871001e+00
 4.07097643e+01
 7.06822650e+00
 4.46167852e+01
 4.31739288e+01
 3.02533615e+01
 1.96718022e+01
 6.98379312e+01
 1.50131296e+01
 4.87688925e+01
 7.32069524e+01
 8.40407893e+01
 6.85871523e+01
 2.13968914e+00
 3.40436387e+01
 4.19962549e+01
 4.52290474e+01
 9.18967031e+01
 2.20654912e+01
 1.03772099e+02
 4.21421456e+01
 5.60498297e+01
 3.48376722e+01
 7.92131918e+01
 2.51381759e+01
 1.65756388e+01
 1.80562579e+01
 7.67764582e+01
 4.49132358e+01
 6.40631670e+01
 3.09269260e+01
 5.42480785e+01
 5.52409968e+01
 1.05169344e+02
 8.72006906e+01
 6.01231568e+01
 3.59778566e+01
 5.59044852e+01
 5.56993004e+01
 7.06388840e+01
 4.20682424e+01
 2.47307126e+01
 3.37484270e+01
 1.00468974e+02
 1.01018877e+02
 6.91084105e+01
 1.00381245e+02
 5.64490642e+01
 1.07302288e+02
 2.38446674e+01
 1.81497390e+01
 1.48912043e+01
 5.92948810e+01
 1.40430912e+01
 1.25713768e+01
 2.78235997e+01
 7.49075693e+01
 9.03641435e+01
 7.00803899e+01
 4.71815816e+01
 1.07711917e+01
 6.47746091e+00
 4.42794788e+01
 4.09362077e+01
 6.98091816e+01
 2.74861468e+01
 2.75250211e+01
 1.82805322e+01
 6.44693386e+01
 2.61120264e+01
 4.02505926e+01
 6.66701154e+01
 3.00559878e+01
 2.88471532e+01
 1.83853322e+01
 5.37792515e+01
 3.08116443e+01
 2.69376689e+01
 3.16379630e+01
 1.81466916e+01
 4.75418834e+01
 5.95796970e+01
 9.39123225e+01
 9.78071277e+01
 1.13313981e+02
 1.67245293e+01
 3.87026972e+01
 2.54061971e+01
 2.75772504e+01
 6.78912434e+01
 4.95024340e+01
 2.84322295e+01
 4.64629722e+01
 3.16660729e+01
 3.82183895e+01
 7.78840813e+01
 2.78508512e+01
 4.21620752e+01
 6.32983390e+01
 8.76237515e+01
 4.52895087e+01
 3.30354406e+01
 5.29624145e+01
 4.76415502e+01
 4.41174668e+01
 8.38991316e+01
 6.57363287e+01
 6.31248478e+01
 2.70117620e+01
 4.83127990e+01
 4.70433342e+01
 3.25494001e+01
 6.44414422e+01
 6.43431293e+00
 3.54827143e+01
 7.47759619e+01
 3.64370761e+01
 2.89683716e+01
 5.33143419e+01
 1.09452115e+01
 3.20311669e+01
 2.68998457e+00
 3.61796541e+01
 7.86687726e+00
 4.36575898e+01
 8.17756688e+01
 1.69205882e+01
 5.90382348e+01
 4.48358122e+01
 1.07389750e+02
 6.50918740e+01
 2.47472578e+01
 1.47797518e+01
 1.54692625e+01
 3.33623311e+01
 2.55007080e+01
 7.19654133e+01
 6.18337338e+01
 5.82714583e+01
 7.11922762e+00
 2.48767534e+01
 4.64088756e+01
 3.87023917e+01
 1.63896430e+02
 1.04468931e+01
 3.67147696e+01
 5.74158894e+01
 6.91062608e+01
 4.27155971e+01
 6.54558423e+01
 2.15338933e+01
 4.02274301e+01
 1.13950017e+02
 7.62954061e+01
 5.17375079e+01
 4.05158952e+01
 2.55396831e+01
 2.22442946e+01
 2.20026053e+01
 3.02619483e+01
 1.06900096e+02
 6.16741520e+01
 5.11154766e+01
 3.78897658e+01
 2.71532927e+01
 2.16727990e+01
 4.37591169e+01
 2.22884761e+01
 1.07319978e+01
 1.34326661e+02
 2.90798937e+01
 7.08669728e+01
 4.70242799e+01
 4.84341436e+01
 1.48359331e+01
 2.02610437e+01
 8.90371792e+01
 2.25034742e+01
 3.36667041e+01
 6.28524358e+01
 1.09433419e+01
 9.39900039e+01
 4.66880401e+01
 4.38547146e+01
 7.19798977e+01
 3.69489716e+01
 6.11325969e+01
 5.57019654e+01
 6.04507273e+01
 4.75857075e+01
 5.60799001e+01
 7.80656259e+01
 5.35488323e+01
 4.68864951e+01
 3.25372391e+01
 3.51916798e+01
 2.75037371e+01
 4.03642791e+01
 1.53343600e+01
 3.93315896e+01
 3.81638414e+01
 7.92053139e+01
 6.05402004e+01
 3.80498347e+01
 1.13317277e+01
 2.21475041e+01
 3.29588165e+01
 2.94026369e+01
 2.90521989e+01
 2.16621293e+01
 3.41075165e+01
 3.86704374e+01
 5.35896073e+01
 7.38707429e+01
 3.40909059e+01
 7.62017179e+01
 2.05287530e+01
 2.46976114e+01
 7.24141959e+01
 6.04129993e+01
 4.54119562e+01
 1.99146702e+01
 8.14069727e+01
 4.12927691e+01
 6.74850132e+01
 6.84679155e+01
 2.45540145e+01
 5.81526061e+01
 4.30751396e+01
 2.19580390e+01
 4.44607408e+01
 1.58684994e+01
 6.97209501e+01
 6.49684883e+01
 2.49471955e+01
 2.98657613e+01
 7.00994048e+01
 4.48962813e+01
 6.50065594e+01
 3.66831733e+01
 1.04868580e+01
 1.93686973e+01
 3.05444600e+01
 3.90152484e+01
 4.90480912e+01
 1.36156808e+01
 4.47292874e+01
 1.43284393e+02
 3.89520415e+01
 4.84435465e+01
 5.05581616e+01
 6.11540339e+01
 4.40099370e+00
 2.73596981e+01
 9.23180321e+01
 2.20748487e+01
 3.81642215e+01
 8.55080449e+01
 6.48237048e+01
 4.54961489e+01
 2.81564580e+01
 4.56912425e+01
 4.35391800e+01
 2.78644074e+01
 2.16712667e+01
 3.42806020e+01
 8.96374583e+01
 3.78146382e+01
 3.15043328e+01
 5.57148323e+01
 1.15528466e-02
 5.92338522e+00
 4.23078574e+01
 9.65726845e+01
 7.77638736e+01
 6.65627613e+01
 2.06930314e+01
 1.14246832e+01
 5.36943827e+01
 1.21886008e+01
 9.60035300e+01
 3.55553438e+01
 3.21515343e+01
 5.30163881e+01
 6.97724225e+01
 5.44777534e+01
 3.89769852e+01
 2.21688909e+01
 1.07108059e+01
 1.36680514e+01
 5.00092161e+01
 2.39243125e+01
 1.73133575e+01
 5.37727972e+01
 4.91640005e+01
 2.65203642e+01
 3.72961729e+01
 5.13720993e+01
 3.07636689e+01
 7.55785039e+01
 9.76888871e+00
 3.61635622e+01
 3.23352054e+01
 7.17483284e+01
 1.15915773e+01
 7.10992920e+01
 2.54384100e+01
 4.92114243e+01
 2.41910605e+01
 5.79239299e+01
 2.94584061e+01
 1.01303612e+02
 3.11631285e+01
 1.72826859e+00
 1.85206795e+01
 4.98552290e+01
 4.09249833e+01
 8.26546108e+00
 4.13789146e+01
 7.90491620e+01
 4.43439102e+01
 8.63885094e+01
 6.89646276e+01
 3.58114590e+01
 8.13235916e+00
 7.09303259e+00
 4.17639628e+00
 2.60720287e+01
 2.63859244e+01
 1.74007413e+01
 1.27524156e+01
 1.98947755e+01
 2.59175712e+01
 1.41905281e+02
 2.23135600e+01
 7.35105768e+01
 2.04454689e+01
 4.50451361e+01
 1.24872520e+01
 6.73974024e+01
 4.68519920e+01
 5.53285475e+01
 3.70743419e+01
 3.09859248e+01
 6.66690994e+01
 6.40890713e+01
 1.20811892e+02
 5.14390939e+01
 9.43778960e+01
 2.40762617e+01
 4.14378275e+01
 7.61612731e+01
 3.81867471e+01
 4.43984087e+01
 4.01179471e+01
 2.66951928e+01
 5.19834943e+01
 4.28769474e+01
 7.05229230e+01
 2.02168390e+01
 2.41140367e+01
 2.10570226e+01
 3.75300577e+01
 4.80064818e+01
 3.91974762e+01
 3.63375160e+01
 5.43202017e+01
 2.36921012e+01
 5.25503948e+01
 4.93683947e+01
 1.00769209e+02
 4.67910825e+01
 3.15699730e+01
 1.66683095e+00
 2.27098903e+01
 8.81075015e+01
 3.03238834e+01
 2.42872088e+01
 1.45181675e+01
 1.99636154e+01
 1.31100088e+01
 1.28587905e+01
 1.15881434e+02
 4.80128780e+01
 7.00180825e+01
 1.59345281e+01
 1.21665210e+01
 7.30912602e+01
 4.48680092e+01
 4.57952885e+01
 2.30032045e+01
 3.08831747e+01
 6.22253999e+01
 3.11755520e+01
 3.47549955e+01
 4.72102714e+00
 8.14257327e+00
 1.69753365e+01
 2.95522639e+01
 3.19328595e+01
 7.52699467e+01
 7.10869756e+01
 7.97998224e+01
 3.31171486e+01
 3.54559573e+01
 4.80972022e+01
 6.91211785e+01
 1.92045205e+01
 2.51084470e+01
 1.91172005e+01
 2.38315690e+01
 4.73670626e+01
 9.97841581e+01
 5.52726659e+01
 4.07465364e+01
 7.64575164e+01
 7.48488510e+01
 5.04559865e+01
 9.65317542e+00
 2.55633878e+01
 2.39043491e+01
 4.31835216e+00
 3.06329132e+01
 3.47171802e+01
 3.08666855e+01
 2.53539900e+01
 3.32938290e+01
 3.43870013e+01
 3.80215434e+01
 5.74551771e+01
 1.48060947e+01
 5.15334398e+01
 2.04849637e+01
 2.10742647e+01
 3.52342047e+01
 3.53667552e+01
 5.18781325e+01
 2.24340679e+01
 1.35391940e+01
 2.19611886e+01
 5.54014468e+01
 2.31036755e+01
 4.66696463e+01
 4.10672354e+01
 3.76819636e+01
 5.45835763e+01
 4.02559385e+01
 6.73246716e+01
 9.60881855e+01
 4.12248829e+01
 3.51526505e+01
 2.54994771e+01
 2.94325029e+01
 7.86555644e+01
 1.18925520e+02
 9.40486670e+01
 1.19950838e+02
 2.81518233e+01
 1.54105882e+01
 2.06480308e+01
 5.82805248e+01
 4.41006478e+01
 6.18616496e+01
 6.58586090e+01
 6.81351917e+01
 7.36225349e+01
 6.37211578e+01
 1.03234973e+02
 3.30605167e+01
 1.27340313e+01
 4.71152300e+01
 4.25056111e+01
 4.50321755e+01
 5.32444163e+01
 3.29161078e+01
 6.13122369e+01
 6.57693655e+01
 7.75086172e+01
 6.34992501e+01
 5.97245508e+01
 6.26346290e+01
 2.21562501e+01
 3.68017842e+01
 4.30488150e+01
 1.59865733e+01
 2.99765745e+01
 1.36596852e+01
 4.66833922e+01
 4.81926512e+01
 5.13212650e+01
 9.92152415e+01
 2.94963774e+01
 2.44939879e+01
 1.02099533e+01
 2.98539053e+01
 8.14018763e+01
 6.32123632e+01
 2.20004348e+01
 4.28654208e+01
 4.09899511e+01
 7.38505679e+00
 3.84394154e+01
 5.33552477e+01
 5.07890303e+01
 9.03022206e+01
 4.82014962e+01
 5.30280808e+01
 5.05999537e+01
 7.35870961e+01
 6.02327959e+01
 3.34171970e+01
 5.94240957e+01
 8.35263933e+01
 4.61014633e+01
 3.98396347e+01
 8.95384888e+01
 5.25771984e+01
 5.71618052e+01
 3.11747116e+01
 6.66531916e+01
 6.13498778e+01
 4.35056961e+01
 4.24420356e+01
 4.68479726e+01
 7.69896859e+01
 1.46192907e+01
 7.87096996e+01
 6.57816463e+01
 2.99624263e+01
 2.16803361e+01
 3.49863013e+01
 3.93595340e+01
 4.56110740e+01
