 8.43774414e-01
 1.38326416e+00
 2.36058960e+00
 9.47100220e+00
 1.36110474e+01
 1.96044250e+01
 2.03615967e+01
 2.01266113e+01
 1.92425781e+01
 1.42822815e+01
 6.39196167e+00
 1.50710449e+00
 4.99770508e+00
 3.41768799e+00
 9.13067017e+00
 1.54077393e+01
 1.70518738e+01
 1.97181335e+01
 2.23411804e+01
 2.33650757e+01
 1.80329529e+01
 1.31179749e+01
 8.46627197e+00
 1.93627930e-01
 -4.03995361e+00
 -1.15274658e+00
 6.24984131e+00
 1.42642456e+01
 1.73117920e+01
 1.95085083e+01
 1.97128540e+01
 2.00042969e+01
 1.42327209e+01
 1.50085999e+01
 7.12328491e+00
 3.95470581e+00
 5.15010986e+00
 3.24379883e+00
 5.91948853e+00
 1.02432495e+01
 1.48886047e+01
 1.74464966e+01
 2.11843506e+01
 2.27597290e+01
 1.63142334e+01
 1.25483032e+01
 7.08794556e+00
 1.12426147e+00
 -2.59808960e+00
 4.39727173e+00
 6.85909424e+00
 8.48613892e+00
 1.61545959e+01
 2.34281555e+01
 2.29574829e+01
 2.46421143e+01
 2.11014954e+01
 1.39447876e+01
 4.55758057e+00
 1.10662231e+00
 8.74810791e-01
 1.49587402e+00
 6.44906006e+00
 1.24341980e+01
 1.68086182e+01
 2.06812683e+01
 2.15265442e+01
 2.41385437e+01
 1.58462463e+01
 9.99916992e+00
 3.24529419e+00
 2.91864014e-01
 4.13326416e+00
 3.28206787e+00
 8.96758423e+00
 1.07267395e+01
 1.47210938e+01
 1.92978149e+01
 2.01768738e+01
 1.91206909e+01
 1.68153320e+01
 1.46476990e+01
 5.06923828e+00
 4.06292114e+00
 1.08626709e+00
 -4.51086426e-01
 5.49807129e+00
 1.47652832e+01
 1.82929626e+01
 1.97419373e+01
 2.11291443e+01
 2.50203796e+01
 1.94074951e+01
 1.24184509e+01
 8.71703491e+00
 3.96538696e+00
 1.68471680e+00
 5.76958618e+00
 8.25209961e+00
 1.26276794e+01
 1.54437195e+01
 2.10071960e+01
 2.36282288e+01
 2.13539978e+01
 1.68067871e+01
 1.03827148e+01
 4.53707275e+00
 3.97686157e+00
 -1.24170532e+00
 2.26921997e+00
 7.75063477e+00
 1.27374207e+01
 1.55072876e+01
 2.14419495e+01
 2.38835693e+01
 2.31917664e+01
 1.61892639e+01
 1.35878235e+01
 8.36776123e+00
 2.78124390e+00
 2.43291626e+00
 4.38668213e+00
 8.68093262e+00
 1.21329590e+01
 1.55271545e+01
 2.45993896e+01
 2.51773315e+01
 1.99526917e+01
 1.57938782e+01
 9.17363892e+00
 8.52343140e+00
 1.69417725e+00
 4.52227173e+00
 7.42357788e+00
 8.20217285e+00
 1.07736450e+01
 1.72045837e+01
 1.75017639e+01
 2.07692200e+01
 1.72735229e+01
 1.58726746e+01
 1.03898254e+01
 8.07622681e+00
 6.17247925e+00
 9.20098877e-01
 3.11919556e+00
 6.87981567e+00
 1.05673767e+01
 1.78889709e+01
 2.30162292e+01
 1.94585815e+01
 2.14210754e+01
 1.63219238e+01
 8.57628784e+00
 6.98916016e+00
 5.99019775e+00
 5.44762573e+00
 6.54302368e+00
 7.50701294e+00
 1.25407959e+01
 1.54935852e+01
 1.80349365e+01
 2.16048218e+01
 1.93278442e+01
 1.53572021e+01
 1.26675964e+01
 3.09313354e+00
 5.79577026e+00
 4.16875610e+00
 4.92733154e+00
 9.62630615e+00
 1.11859375e+01
 1.72460571e+01
 1.93921753e+01
 2.04814697e+01
 2.27291809e+01
 1.65851685e+01
 1.06576172e+01
 7.32305298e+00
 3.90459595e+00
 1.85015259e+00
 2.69426880e+00
 7.45781860e+00
 1.53891235e+01
 1.59900757e+01
 1.86227356e+01
 2.24888550e+01
 1.94540039e+01
 1.57513672e+01
 1.06791016e+01
 4.59237061e+00
 4.20330200e+00
 3.45369873e+00
 4.39473877e+00
 1.21953064e+01
 9.56844482e+00
 1.37411438e+01
 2.01551453e+01
 2.07425781e+01
 1.99078613e+01
 1.99036499e+01
 1.11813599e+01
 4.75277100e+00
 4.32375488e+00
 -1.09899902e-01
 7.93847656e-01
 8.40294800e+00
 1.42298523e+01
 1.69146362e+01
 1.77234436e+01
 2.07994019e+01
 1.80404297e+01
 1.69089294e+01
 1.17134644e+01
 6.34365234e+00
 -6.57141113e-01
 1.21145020e+00
 9.57177734e-01
 8.18129883e+00
 1.13333374e+01
 1.89111877e+01
 2.25002075e+01
 1.98013855e+01
 2.08550049e+01
 1.70154053e+01
 1.44399353e+01
 4.34032593e+00
 4.50267944e+00
 1.06203613e+00
 6.22817383e+00
 3.28725586e+00
 1.07736755e+01
 1.65035950e+01
 1.83433777e+01
 1.90887085e+01
 2.16600281e+01
 1.69464355e+01
 1.11843201e+01
 4.84877930e+00
 4.76436768e+00
 3.25682983e+00
 8.52258301e-01
 2.83150635e+00
 1.12705627e+01
 1.41945740e+01
 1.95428711e+01
 1.96740051e+01
 2.09796997e+01
 1.46018616e+01
 1.31803223e+01
 7.80193481e+00
 3.37993774e+00
 9.21289063e-01
 5.19188843e+00
 7.39458618e+00
 1.35644165e+01
 1.75013977e+01
 1.89936462e+01
 2.16700378e+01
 1.91868225e+01
 1.47317749e+01
 1.29727417e+01
 8.15554199e+00
 1.39727173e+00
 5.31829224e+00
 6.05922852e+00
 8.64013062e+00
 1.28122803e+01
 1.68581177e+01
 1.91412598e+01
 2.09128052e+01
 1.90771118e+01
 1.49312073e+01
 1.05976196e+01
 4.72240601e+00
 4.74379883e+00
 3.80968628e+00
 3.73900757e+00
 6.47158203e+00
 1.04321533e+01
 1.49645630e+01
 2.02893921e+01
 2.07115723e+01
 2.07579590e+01
 1.62864014e+01
 1.09467102e+01
 7.78331909e+00
 3.87438354e+00
 -1.23968506e-01
 2.99889526e+00
 5.31405029e+00
 1.13456055e+01
 1.86032959e+01
 2.13901917e+01
 2.01385132e+01
 1.90066467e+01
 1.88929688e+01
 1.13324219e+01
 8.42406616e+00
 4.14602051e+00
 2.02508545e-01
 3.05886230e+00
 5.58648071e+00
 1.18537537e+01
 1.70145203e+01
 1.95122314e+01
 1.93993164e+01
 1.96841370e+01
 1.75499512e+01
 1.30843750e+01
 9.29714355e+00
 1.88936768e+00
 2.29516602e-01
 7.21120605e+00
 9.17272339e+00
 1.26002441e+01
 1.77010437e+01
 2.03286682e+01
 2.20986572e+01
 2.20705811e+01
 1.81274048e+01
 1.28628174e+01
 9.44967041e+00
 6.45776367e-01
 4.41121826e+00
 5.16423950e+00
 9.24999390e+00
 1.28198792e+01
 1.83393494e+01
 2.04797913e+01
 2.10214478e+01
 2.11321045e+01
 1.78210388e+01
 9.77950439e+00
 3.80129395e+00
 8.61077881e-01
 1.67495117e+00
 3.16814575e+00
 9.03704224e+00
 1.37902466e+01
 1.57874695e+01
 1.91073242e+01
 2.23009583e+01
 2.66420837e+01
 1.94674011e+01
 1.32667175e+01
 5.83510742e+00
 1.86956177e+00
 2.15181885e+00
 5.63424072e+00
 5.44274292e+00
 1.15117737e+01
 1.67034241e+01
 1.90527588e+01
 2.15680786e+01
 1.82176453e+01
 1.52784058e+01
 1.01813293e+01
 7.46300659e+00
 4.11794434e+00
 -2.99490967e+00
 1.05645142e+00
 3.33281860e+00
 1.33438965e+01
 1.53702332e+01
 1.97711426e+01
 2.18875366e+01
 2.19282166e+01
 1.76013123e+01
 1.11026245e+01
 9.11904297e+00
 3.00142822e+00
 9.08868408e-01
 7.69173584e+00
 7.55947266e+00
 1.35418945e+01
 1.77643982e+01
 2.12990051e+01
 2.17153259e+01
 2.31840454e+01
 1.96309448e+01
 1.29152771e+01
 7.02501831e+00
 5.61086426e+00
 -1.94141235e+00
 -1.70651855e+00
 6.24602661e+00
 1.15942017e+01
 1.52861572e+01
 1.97698303e+01
 1.99203430e+01
 2.05440308e+01
 1.91186768e+01
 1.11147705e+01
 7.33171997e+00
 3.75905762e+00
 4.82891235e+00
 6.49587402e+00
 1.02691895e+01
 1.29214722e+01
 1.45410400e+01
 1.79652649e+01
 2.11474243e+01
 2.00763489e+01
 1.67530151e+01
 1.16290222e+01
 7.22387085e+00
 5.99520264e+00
 4.02507935e+00
 7.48107300e+00
 9.50505981e+00
 1.18730713e+01
 1.53309875e+01
 2.33861633e+01
 2.20462891e+01
 1.82446228e+01
 1.60792786e+01
 1.32340942e+01
 5.40847168e+00
 4.97811279e+00
 1.23265991e+00
 6.92751465e+00
 8.60708008e+00
 1.60006042e+01
 1.69103027e+01
 1.68455750e+01
 2.18743530e+01
 2.35809570e+01
 1.68031250e+01
 1.55607849e+01
 5.92421875e+00
 7.39010010e+00
 2.72057495e+00
 4.33361206e+00
 8.54958496e+00
 1.24732300e+01
 1.59697510e+01
 1.95764709e+01
 2.14414917e+01
 2.30301147e+01
 1.94164978e+01
 1.47567078e+01
 7.08162842e+00
 4.22911987e+00
 4.14138184e+00
 4.21459351e+00
 9.39824829e+00
 1.41967102e+01
 1.81745544e+01
 1.80432373e+01
 2.14425293e+01
 1.84197632e+01
 1.53936401e+01
 1.08377014e+01
 5.45171509e+00
 3.17794189e+00
 1.89550171e+00
 2.18419800e+00
 6.44878540e+00
 1.23971802e+01
 1.76446167e+01
 2.19105164e+01
 2.14542786e+01
 1.95269104e+01
 1.64265991e+01
 1.46291748e+01
 5.16539917e+00
 5.50469360e+00
 5.53423462e+00
 6.88806152e-01
 7.55571899e+00
 1.57863403e+01
 1.68299500e+01
 1.86945129e+01
 1.87375427e+01
 2.00154358e+01
 1.53609253e+01
 8.44176636e+00
 5.95531616e+00
 6.06371460e+00
 5.33691406e-02
 1.33559570e+00
 5.42934570e+00
 1.20005432e+01
 1.86781555e+01
 1.98355957e+01
 2.42878052e+01
 2.19605652e+01
 1.95392700e+01
 1.29703613e+01
 6.17730103e+00
 1.78582153e+00
 -2.27606201e-01
 2.29299316e+00
 7.73034058e+00
 1.07041870e+01
 1.77168518e+01
 2.18488403e+01
 2.13784424e+01
 2.14587952e+01
 1.55067993e+01
 1.38849426e+01
 6.43554077e+00
 6.73150024e+00
 4.23757324e+00
 2.29445801e+00
 7.89687500e+00
 1.40128113e+01
 1.50344788e+01
 1.95257813e+01
 2.02401062e+01
 1.99105469e+01
 1.52385498e+01
 9.63964233e+00
 8.35442505e+00
 1.00213013e+00
 4.23757324e+00
 7.11837158e+00
 7.90337524e+00
 1.30201050e+01
 1.88972717e+01
 1.92827393e+01
 2.20747620e+01
 2.33618713e+01
 1.75123840e+01
 1.29887024e+01
 4.86892090e+00
 6.28295288e+00
 3.62868652e+00
 6.16472778e+00
 1.12774902e+01
 1.88121582e+01
 1.50641418e+01
 1.91943909e+01
 2.15373169e+01
 2.22742249e+01
 1.89829651e+01
 9.88067017e+00
 5.66292725e+00
 2.69112549e+00
 2.45076904e+00
 7.46718750e+00
 9.58229980e+00
 1.47073914e+01
 1.76861206e+01
 2.04500671e+01
 2.08822266e+01
 1.97960449e+01
 1.83316589e+01
 1.09280029e+01
 9.05358276e+00
 5.06170044e+00
 2.17623291e+00
 4.52312622e+00
 8.45195923e+00
 1.66654602e+01
 1.58506714e+01
 1.93468872e+01
 2.09663940e+01
 2.42721191e+01
 1.64966675e+01
 1.40232788e+01
 6.97197876e+00
 2.78255615e+00
 3.53890381e+00
 2.76891479e+00
 5.25188599e+00
 1.16269470e+01
 1.74495789e+01
 2.27258545e+01
 2.12137695e+01
 1.85086609e+01
 1.65125671e+01
 1.13245789e+01
 6.08297119e+00
 2.41610107e+00
 2.27245483e+00
 1.06752930e+00
 9.18535767e+00
 1.18814636e+01
 1.79235474e+01
 2.40230042e+01
 2.20186401e+01
 2.31696106e+01
 1.68751770e+01
 1.08234497e+01
 7.46764526e+00
 4.49889526e+00
 -2.99566650e-01
 6.50658569e+00
 8.30092773e+00
 1.42943665e+01
 1.79774719e+01
 2.32360474e+01
 2.37939392e+01
 2.43166748e+01
 1.65757080e+01
 1.40945984e+01
 7.39180908e+00
 1.76336060e+00
 4.48650513e+00
 6.58080444e+00
 1.00162903e+01
 1.45089355e+01
 1.90978333e+01
 1.92138000e+01
 2.44796692e+01
 2.25566650e+01
 1.79836975e+01
 1.12216125e+01
 5.92882690e+00
 4.02279053e+00
 2.17574463e+00
 4.33043823e+00
 7.64974365e+00
 1.15444885e+01
 1.80667358e+01
 2.06696411e+01
 2.10851379e+01
 2.04662720e+01
 1.97480103e+01
 1.46386353e+01
 7.68126831e+00
 1.84401855e+00
 3.30098877e+00
 3.25591431e+00
 9.48650513e+00
 1.69140564e+01
 1.63549744e+01
 2.22106567e+01
 2.37570435e+01
 2.53702026e+01
 1.99468933e+01
 1.38028809e+01
 8.64751587e+00
 2.68630371e+00
 3.83327637e+00
 3.57134399e+00
 5.80321655e+00
 1.31790100e+01
 1.61186768e+01
 2.01064392e+01
 2.14636475e+01
 2.22423645e+01
 1.45488525e+01
 1.10016418e+01
 8.59295044e+00
 6.11635742e+00
 2.66509399e+00
 3.10988770e+00
 1.10091187e+01
 1.26164185e+01
 1.85725647e+01
 2.25120789e+01
 2.32533813e+01
 2.26921021e+01
 2.02224670e+01
 1.10230042e+01
 9.14290771e+00
 6.71288452e+00
 1.99465332e+00
 -1.51300659e+00
 8.11989746e+00
 1.25789429e+01
 1.49550720e+01
 2.13173157e+01
 2.40447632e+01
 1.97211853e+01
 1.85691772e+01
 1.26527649e+01
 7.90459595e+00
 4.30797729e+00
 2.89000854e+00
 6.68282471e+00
 8.92968140e+00
 1.07352844e+01
 1.53093506e+01
 1.94591614e+01
 2.21743408e+01
 2.12217041e+01
 1.80712524e+01
 1.07829529e+01
 9.76647339e+00
 3.60778198e+00
 1.26320801e+00
 3.92592773e+00
 5.59057007e+00
 1.19633423e+01
 1.45871216e+01
 1.72742554e+01
 1.91322571e+01
 1.94874207e+01
 1.38386169e+01
 1.03833862e+01
 6.37154541e+00
 4.39016113e+00
 3.75951538e+00
 4.44542847e+00
 6.02224121e+00
 1.30538879e+01
 1.49037720e+01
 2.19826294e+01
 2.15005127e+01
 2.11822449e+01
 1.73476196e+01
 1.43016602e+01
 7.54009399e+00
 3.62944946e+00
 -3.85867920e+00
 -1.64130249e+00
 6.42907104e+00
 1.03394104e+01
 1.69081665e+01
 1.92470032e+01
 2.10823608e+01
 1.94894348e+01
 1.49617554e+01
 1.22551208e+01
 4.85112915e+00
 1.60967407e+00
 2.32879028e+00
 1.80156860e+00
 6.23226318e+00
 1.02411743e+01
 1.43249756e+01
 1.97570129e+01
 1.91254822e+01
 1.91665283e+01
 1.79682251e+01
 1.18417297e+01
 8.14119873e+00
 6.68773804e+00
 4.46175537e+00
 5.79085693e+00
 1.00068909e+01
 1.23574463e+01
 1.71391846e+01
 1.94442383e+01
 2.19963623e+01
 2.10312744e+01
 2.00463501e+01
 1.57276245e+01
 7.85476074e+00
 6.31942139e+00
 3.91207275e+00
 7.82732544e+00
 8.52135620e+00
 1.33612000e+01
 1.45449463e+01
 2.04797302e+01
 1.99002930e+01
 2.09835754e+01
 1.73588806e+01
 1.24795776e+01
 1.02791382e+01
 4.46062622e+00
 2.30516968e+00
 7.02800903e+00
 1.12480103e+01
 1.41688477e+01
 1.96015869e+01
 1.96805969e+01
 2.32651001e+01
 2.26485535e+01
 1.72144409e+01
 1.10537048e+01
 6.50014648e+00
 1.65075073e+00
 3.99965820e+00
 5.30211792e+00
 8.57717285e+00
 1.37434326e+01
 1.63396545e+01
 1.93481384e+01
 2.38058411e+01
 1.91039978e+01
 1.89782959e+01
 1.20784241e+01
 8.06527100e+00
 5.93758545e+00
 1.78395996e+00
 2.28136597e+00
 7.78807983e+00
 1.02486816e+01
 1.64530273e+01
 1.84067322e+01
 2.22890259e+01
 2.34854675e+01
 1.90989624e+01
 1.39498840e+01
 9.01323853e+00
 3.45809326e+00
 2.76290283e+00
 4.58266602e+00
 9.26424561e+00
 1.40545593e+01
 1.68849426e+01
 1.98943115e+01
 2.31992126e+01
 2.07507568e+01
 1.82425171e+01
 1.34826904e+01
 9.53945313e+00
 5.32677612e+00
 3.16576538e+00
 5.24938354e+00
 1.03390137e+01
 1.12028137e+01
 1.79513184e+01
 2.16985413e+01
 1.97180420e+01
 2.22107788e+01
 1.85632874e+01
 1.24888855e+01
 4.46904907e+00
 3.08715210e+00
 6.03936768e-01
 6.73186646e+00
 7.84789429e+00
 1.38175598e+01
 1.76694885e+01
 2.21399475e+01
 2.38578125e+01
 1.90763489e+01
 1.77580200e+01
 1.41823669e+01
 8.02242432e+00
 6.31234131e+00
 3.64282227e-01
 5.68120728e+00
 9.77120361e+00
 1.23922058e+01
 1.99479309e+01
 2.27585693e+01
 2.40410400e+01
 2.19437195e+01
 1.98400818e+01
 1.40867249e+01
 8.56734619e+00
 6.42211304e+00
 4.94954834e+00
 5.06035767e+00
 9.38167725e+00
 1.40871521e+01
 1.59845215e+01
 1.88062073e+01
 2.00227600e+01
 2.09990784e+01
 1.45507141e+01
 1.22467896e+01
 7.53878174e+00
 2.22521362e+00
 1.90526733e+00
 9.02031860e+00
 1.00705505e+01
 1.38559509e+01
 1.70877930e+01
 2.26395203e+01
 2.09669434e+01
 1.94836060e+01
 1.65911194e+01
 1.15231567e+01
 8.06200562e+00
 4.74147949e+00
 4.01510010e+00
 2.82686768e+00
 7.99031982e+00
 1.41213013e+01
 1.77678467e+01
 2.00067993e+01
 1.93077026e+01
 2.32311951e+01
 1.93532043e+01
 1.31920715e+01
 7.29567871e+00
 3.27544556e+00
 1.26003418e+00
 4.83550415e+00
 8.17226563e+00
 1.49099976e+01
 1.67551819e+01
 1.97530457e+01
 2.13174988e+01
 2.09419800e+01
 1.93361450e+01
 1.05203796e+01
 8.23473511e+00
 7.08974609e+00
 5.95787964e+00
 3.20723877e+00
 8.78038940e+00
 1.27579285e+01
 1.66905762e+01
 2.03511902e+01
 2.25660034e+01
 2.36863647e+01
 1.88395630e+01
 1.28489014e+01
 1.09647156e+01
 7.59884033e+00
 9.94622803e-01
 7.10000000e+00
 8.24505005e+00
 1.55634094e+01
 1.93934265e+01
 2.76165405e+01
 2.31098267e+01
 2.12134338e+01
 1.70351807e+01
 1.52694946e+01
 9.45095215e+00
 1.98531494e+00
 1.83574829e+00
 1.89949951e+00
 1.00997253e+01
 1.13756653e+01
 1.83246704e+01
 2.33984924e+01
 2.53728271e+01
 2.40310303e+01
 1.81468445e+01
 1.57939697e+01
 7.45220337e+00
 5.34670410e+00
 6.93026123e+00
 6.60512695e+00
 9.96071777e+00
 1.36709229e+01
 1.68982483e+01
 2.18491455e+01
 2.39046875e+01
 2.52556396e+01
 1.82706543e+01
 1.20017029e+01
 9.75988159e+00
 6.17250977e+00
 2.06414185e+00
 4.97713623e+00
 9.12932739e+00
 1.50384460e+01
 2.12695557e+01
 2.04197937e+01
 2.24495178e+01
 2.38325745e+01
 2.03236633e+01
 1.49156433e+01
 9.60375366e+00
 6.38775024e+00
 5.18486938e+00
 6.20452271e+00
 7.45736084e+00
 1.18797241e+01
 1.56767212e+01
 2.37390991e+01
 2.36112305e+01
 2.34492737e+01
 1.72410828e+01
 1.40285583e+01
 8.57406006e+00
 6.80553589e+00
 2.71022949e+00
 2.37597046e+00
 7.49602661e+00
 1.23171631e+01
 1.62867981e+01
 1.86274048e+01
 1.94495178e+01
 2.31725098e+01
 1.97522217e+01
 1.45587708e+01
 7.49627075e+00
 4.44310913e+00
 5.22429810e+00
 6.87020264e+00
 9.68013916e+00
 1.79688965e+01
 1.68668152e+01
 2.09125305e+01
 2.08667847e+01
 2.33906799e+01
 1.75394836e+01
 1.33233887e+01
 1.05473877e+01
 5.14806519e+00
 5.01947021e-01
 6.50115356e+00
 7.64046631e+00
 1.23660217e+01
 1.52928406e+01
 1.90266357e+01
 2.21530090e+01
 1.93393799e+01
 1.61495605e+01
 1.55596252e+01
 1.00479065e+01
 3.73284302e+00
 4.32378540e+00
 2.71349487e+00
 1.01959167e+01
 1.54417664e+01
 1.87785278e+01
 1.94611450e+01
 2.03940979e+01
 2.07060791e+01
 1.63557983e+01
 1.53124329e+01
 6.23491821e+00
 8.55376587e+00
 8.56810913e+00
 5.61330566e+00
 1.08971802e+01
 1.57247253e+01
 1.71182190e+01
 2.09671570e+01
 2.64452759e+01
 2.51924377e+01
 2.30289551e+01
 1.63853088e+01
 8.97918091e+00
 2.71187744e+00
 3.29863892e+00
 8.78572998e+00
 1.14161926e+01
 1.35671936e+01
 1.67943359e+01
 2.12444397e+01
 2.64924255e+01
 2.39386536e+01
 2.21117798e+01
 1.42745911e+01
 9.99001465e+00
 7.33211670e+00
 6.12249146e+00
 7.31072388e+00
 9.04302368e+00
 1.30803162e+01
 1.70543762e+01
 1.85908752e+01
 2.17117859e+01
 2.46860901e+01
 1.88477417e+01
 1.10297485e+01
 1.15963684e+01
 7.10778198e+00
 2.24511108e+00
 2.91900024e+00
 6.99535522e+00
 1.26774536e+01
 1.62194763e+01
 2.26959778e+01
 2.75825745e+01
 2.37267395e+01
 1.86999146e+01
 1.33503357e+01
 5.87642822e+00
 5.92699585e+00
 5.10461426e-01
 8.14354858e+00
 1.02966553e+01
 1.05987488e+01
 1.70008179e+01
 1.89012390e+01
 2.58593384e+01
 2.41440979e+01
 1.82644592e+01
 1.23260742e+01
 1.05868164e+01
 7.58852539e+00
 7.34722290e+00
 8.47228394e+00
 1.24016663e+01
 1.43800598e+01
 1.81082703e+01
 2.05006042e+01
 2.35732056e+01
 2.30737549e+01
 1.97596069e+01
 1.36915833e+01
 9.05111084e+00
 4.94204102e+00
 5.50142822e+00
 9.06600342e+00
 8.46074829e+00
 1.48598572e+01
 1.78018433e+01
 2.06064697e+01
 2.21043945e+01
 1.96137939e+01
 1.87933899e+01
 1.48404175e+01
 5.84029541e+00
 4.18370972e+00
 1.94909058e+00
 5.38646851e+00
 8.98568115e+00
 1.43417297e+01
 1.93222595e+01
 2.06942078e+01
 2.37861572e+01
 2.31775452e+01
 1.93991028e+01
 1.28746582e+01
 9.12719116e+00
 6.33318481e+00
 3.99651489e+00
 3.84584961e+00
 9.15456543e+00
 1.44545227e+01
 1.73007141e+01
 2.59449402e+01
 2.67554565e+01
 2.61428467e+01
 2.03699890e+01
 1.45650574e+01
 9.98452148e+00
 6.26705322e+00
 5.00466309e+00
 6.66509399e+00
 1.09003235e+01
 1.38540283e+01
 1.56787048e+01
 2.02897583e+01
 2.22441345e+01
 2.36736084e+01
 1.83443848e+01
 1.36606995e+01
 1.03582092e+01
 4.88176880e+00
 5.77013550e+00
 6.43969116e+00
 7.53017578e+00
 1.42929321e+01
 2.09457336e+01
 1.87048584e+01
 2.36283813e+01
 2.17124573e+01
 1.89966675e+01
 1.56159607e+01
 9.73497925e+00
 8.03109131e+00
 3.50618896e+00
 2.12325439e+00
 1.15662170e+01
 1.65573975e+01
 2.13143555e+01
 2.20632263e+01
 2.31167542e+01
 2.36671997e+01
 1.97575928e+01
 1.41238342e+01
 1.09924255e+01
 9.37463379e-01
 5.87670288e+00
 7.13890991e+00
 1.01942993e+01
 1.38434692e+01
 1.83055359e+01
 2.00464722e+01
 2.51284424e+01
 2.23147522e+01
 1.65787292e+01
 1.23271423e+01
 1.14526306e+01
 6.30559692e+00
 4.28832397e+00
 6.67855225e+00
 1.09914795e+01
 1.40669800e+01
 1.78093506e+01
 2.13643433e+01
 2.27828308e+01
 2.08843933e+01
 1.96188293e+01
 1.63334900e+01
 9.59880981e+00
 8.20287476e+00
 1.07178589e+01
 9.14479980e+00
 7.22341309e+00
 1.29251953e+01
 1.72343384e+01
 1.95086304e+01
 2.40033508e+01
 2.42644287e+01
 2.16133667e+01
 1.39893433e+01
 9.85234985e+00
 6.64101563e+00
 4.63613281e+00
 4.95421753e+00
 5.93575439e+00
 1.03022400e+01
 1.89188477e+01
 2.38171631e+01
 2.46341492e+01
 2.44149719e+01
 1.99163147e+01
 1.47563416e+01
 9.37139282e+00
 4.96767578e+00
