 1.27122937e+01
 2.87068516e+00
 2.03561935e+01
 3.85055857e+01
 7.91861524e+01
 2.39072293e+02
 4.20919251e+01
 6.62258443e+01
 2.34018278e+01
 2.67963133e+01
 3.82422064e+01
 3.48594446e+01
 4.11551259e+01
 7.73616026e+01
 4.10305591e+01
 4.99593982e+01
 3.36977231e+01
 4.82339295e+01
 2.32885306e+01
 4.13519296e+01
 1.52722455e+01
 3.64850445e+01
 1.99409960e+00
 1.14271771e+01
 4.61141061e+01
 3.48160651e+01
 1.75022113e+01
 3.80040372e+01
 8.15897784e+01
 1.21355963e+02
 5.33723253e+01
 7.59793900e+01
 8.96702948e+01
 2.47810158e+01
 2.10285734e+01
 4.34219565e+01
 5.78112556e+01
 5.53648978e+01
 4.73586586e+01
 1.07681494e+02
 6.73214067e+01
 8.63487037e+01
 6.39517156e+01
 3.12865138e+01
 4.74360876e+01
 3.38454099e+01
 7.13865649e+01
 5.55307445e+01
 2.85355789e+01
 1.11573226e+01
 3.21376855e+01
 7.15088108e+01
 6.59709618e+01
 4.37529593e+01
 3.12367441e+01
 6.24686942e+01
 6.09454581e+01
 8.77104240e+01
 3.63540929e+01
 4.32418832e+01
 1.62092630e+01
 1.53463954e+01
 2.04397127e+01
 5.30637139e+00
 5.57595620e+01
 7.19919762e+01
 4.55754258e+01
 3.11114757e+01
 3.22369725e+01
 3.85160931e+01
 7.66342981e+00
 5.78907955e+01
 4.77234043e+01
 2.37001952e+01
 1.88043737e+01
 1.06324172e+02
 6.94451813e+01
 5.79539375e+01
 4.40150422e+01
 4.03084194e+01
 1.57878913e+01
 8.90547888e+01
 3.60264458e+01
 6.57127273e+01
 8.03142060e+01
 5.20341589e+00
 4.15463704e+01
 2.97819749e+01
 5.07561688e+01
 1.11139909e+02
 1.87242866e+02
 5.56511847e+01
 2.95014760e+01
 6.04080508e+01
 1.84935830e+01
 2.72871069e+01
 6.74772371e+01
 2.84277549e+01
 4.83688541e+01
 7.35489042e+01
 7.17127963e+01
 9.18385842e+01
 1.78586330e+02
 8.05679290e+01
 3.17038972e+00
 4.30608111e+01
 1.00519700e+02
 9.56758502e+01
 2.60487930e+01
 1.97229933e+01
 5.32747395e+01
 1.43718121e+02
 7.04546704e+01
 6.28495525e+01
 7.04927109e+01
 5.86682224e+01
 2.98945789e+01
 5.90895270e+01
 7.51877758e+01
 5.72928914e+01
 2.72268186e+01
 1.69806616e+01
 6.78982639e+01
 4.21587277e+01
 8.74630151e+01
 6.20171887e+01
 4.90929426e+01
 2.74197052e+01
 2.78055504e+01
 2.70700748e+01
 2.61429066e+01
 1.08151991e+02
 3.79548165e+01
 2.22686138e+01
 4.39086382e+01
 3.50379460e+01
 5.18734067e+01
 4.99712088e+01
 5.80456661e+01
 2.46138167e+01
 1.76796187e+01
 3.90166696e+01
 5.35252783e+01
 8.31306643e+01
 1.68044742e+01
 5.00711414e+01
 7.98895105e+01
 7.65560073e+01
 1.02333637e+02
 1.06469247e+02
 2.09733018e+01
 1.43866292e+01
 9.08302255e+01
 6.48315564e+01
 5.79376054e+01
 7.00531997e+01
 3.66812440e+01
 1.05552362e+02
 1.06249979e+02
 9.63768630e+01
 2.43129012e+01
 8.78263662e+01
 1.04070440e+02
 4.86629123e+01
 1.66864005e+01
 5.35923634e+01
 7.61311207e+00
 7.75975893e+01
 4.41219725e+01
 3.47078084e+01
 1.30132336e+01
 9.76917533e+00
 2.90571513e+01
 3.29874446e+01
 4.43239502e+01
 7.71807267e+00
 1.15219898e+02
 3.38188357e+01
 4.49289346e+01
 5.56748626e+01
 1.70546492e+01
 3.24924981e+01
 3.60979777e+01
 9.74113323e+01
 9.94115295e+01
 6.22171537e+01
 8.34241719e+01
 8.89184708e+01
 6.46388741e+01
 4.28463952e+01
 6.53240648e+01
 4.83617800e+01
 2.33996703e+01
 2.00680958e+01
 2.94979779e+01
 1.30192819e+02
 5.49884735e+01
 1.08059311e+02
 3.25621301e+01
 5.90605777e+01
 1.53325502e+02
 2.06194347e+02
 2.51535180e+01
 7.37077118e+01
 1.71001864e+01
 7.13965896e+01
 1.92834953e+01
 1.22396298e+02
 4.54111815e+01
 1.29637810e+02
 9.40271036e+01
 4.75394627e+01
 1.25449576e+01
 3.39260607e+01
 1.16908954e+02
 5.16305969e+01
 8.97072153e+01
 3.74315700e+01
 5.11072097e+01
 7.33276707e+01
 6.73405536e+01
 1.28553033e+02
 4.66944906e+01
 7.17249324e+01
 3.88591831e+01
 3.46145618e+01
 6.90531672e+01
 5.51859057e+01
 5.16410131e+01
 3.03366364e+01
 2.12711260e+01
 4.51870757e+01
 1.56958875e+02
 9.33470533e+01
 1.40700031e+02
 3.20331230e+01
 1.60591196e+01
 3.98257376e+01
 3.22563339e+01
 2.82631694e+01
 6.05142941e+01
 3.58945174e+01
 4.09501617e+01
 9.29266987e+01
 5.92298742e+01
 1.01983199e+02
 4.70511099e+01
 4.44063013e+01
 8.33211571e+01
 2.37858308e+01
 7.19555353e+01
 1.19343114e+01
 3.02688861e+01
 4.95488681e+01
 4.38797960e+01
 1.69520677e+01
 3.62820339e+00
 3.77151814e+01
 3.27963433e+01
 2.51219814e+01
 9.55327215e+01
 1.85347668e+01
 8.35613112e+01
 3.18203027e+01
 4.55767899e+01
 6.39028167e+01
 5.69674479e+01
 1.81270198e+01
 5.21313391e+01
 6.88934386e+01
 6.94511446e+01
 5.96711441e+01
 5.73812283e+01
 4.48870392e+01
 7.30009902e+01
 9.00565071e+01
 1.41606789e+01
 3.73799565e+01
 6.70546463e+01
 2.90537307e+01
 3.75121483e+01
 6.70061478e+01
 5.49870801e+01
 1.81902970e+01
 7.02316649e+01
 9.36232188e+00
 8.62164153e+01
 3.60646461e+01
 1.78095444e+01
 4.62461527e+01
 3.95871104e+01
 5.21589280e+01
 9.46340745e+01
 3.30543408e+01
 5.75408265e+01
 5.95681115e+01
 1.80079694e+01
 2.12863071e+01
 6.41945494e+01
 2.39925100e+01
 7.71341518e+01
 3.58006592e+01
 3.07165067e+01
 1.16403563e+02
 7.55201229e+01
 8.78629249e+01
 8.19042502e+01
 3.94364761e+01
 3.53302884e+01
 3.98163445e+01
 5.69918218e+01
 4.95744990e+01
 4.60763775e+01
 4.69091583e+01
 5.70924532e+01
 6.38068874e+01
 7.14250668e+01
 5.82130688e+01
 5.84858885e+01
 2.86881060e+01
 5.45938028e+01
 1.12524387e+01
 6.70425650e+01
 9.46538742e+01
 1.52511270e+01
 3.74644549e+01
 8.49707811e+00
 6.92180257e+01
 4.56471559e+01
 2.29096902e+01
 2.89775066e+01
 2.66296696e+01
 1.12353077e+01
 3.75781319e+01
 6.44445245e+01
 3.23025655e+01
 4.93005158e+00
 1.52790194e+01
 5.23863629e+01
 7.13522033e+01
 5.31438488e+01
 7.82943617e+01
 7.69064646e+01
 5.40167130e+01
 1.82264684e+01
 2.66118211e+01
 5.70039577e+01
 7.08652713e+01
 4.57440012e+01
 7.86480005e+01
 2.75699522e+01
 7.98136136e+01
 1.21723722e+02
 5.28758636e+01
 7.56524459e+01
 2.26850237e+01
 3.01837106e+01
 3.63621463e+01
 5.81008607e+01
 3.46644314e+01
 1.28025387e+01
 6.19010649e+01
 2.90027069e+01
 3.11587024e+01
 1.10424828e+02
 1.11180947e+02
 8.08673756e+01
 5.60714565e+01
 7.24549621e+01
 1.25565952e+02
 2.08508624e+01
 4.70654238e+01
 8.17174438e+01
 4.89903612e+01
 3.72626005e+01
 7.07125389e+01
 1.66053899e+02
 7.90129380e+01
 7.70023647e+01
 8.59919788e+01
 8.87312440e+01
 9.15463882e+01
 1.80123577e+01
 5.69949941e+01
 3.17831466e+01
 2.21663286e+01
 6.05390535e+01
 2.31972494e+01
 7.58190092e+01
 4.64591768e+01
 7.14227428e+01
 2.97152341e+01
 8.50263191e+01
 5.95440341e+01
 3.18921989e+01
 1.65113940e+01
 8.28308121e+00
 4.43294493e+01
 2.68391234e+01
 8.27325872e+01
 4.60065523e+01
 8.32276905e+01
 1.57669407e+01
 2.90516289e+01
 4.46460560e+00
 8.92841909e+01
 1.61086936e+01
 6.02332344e+01
 5.98902420e+01
 5.83875875e+01
 3.26181457e+01
 6.21522589e+01
 8.79067454e+01
 1.27327500e+02
 1.16491176e+02
 3.03895870e+01
 4.24001642e+01
 2.28213856e+01
 6.21990629e+01
 1.16276370e+02
 5.21583591e+01
 1.28770707e+01
 1.64784144e+02
 5.90014622e+01
 4.25569118e+01
 5.67021008e+01
 1.72744608e+01
 6.70844482e+01
 4.91912880e+01
 3.19158666e+01
 2.08862165e+01
 2.76517284e+01
 5.52138124e+01
 1.56786141e+00
 3.88990868e+01
 1.74221860e+02
 1.43727119e+02
 7.86200615e+01
 3.84499657e+01
 1.04950258e+01
 5.96442620e+01
 2.45148302e+01
 1.40608829e+02
 2.38690978e+01
 8.43855112e+01
 4.81903460e+01
 6.26863354e+01
 6.04522219e+01
 6.29412472e+01
 9.69703080e+01
 9.82771119e+00
 7.11336151e+01
 1.10428527e+02
 1.96920219e+01
 5.90486764e+01
 6.62313009e+01
 5.52842417e+01
 1.86933799e+01
 1.48131310e+01
 6.23457551e+01
 7.67441741e+01
 4.83796505e+01
 5.99444672e+01
 2.34028979e+01
 8.36751930e+01
 5.52428494e+01
 8.35605569e+01
 2.79328612e+01
 7.78832628e+01
 7.71133000e+01
 3.20744862e+01
 4.34292492e+01
 7.76448085e+01
 5.49274753e+01
 8.66830011e+01
 3.27460011e+01
 7.36260340e+01
 1.70484070e+01
 5.75696325e+01
 2.94323864e+01
 4.36923709e+01
 1.09450590e+01
 1.39139399e+01
 3.95045571e+01
 8.68041868e+01
 6.35710521e+01
 3.54193863e+01
 4.98346384e+01
 3.72635110e+01
 9.51480198e+01
 7.74363586e+01
 6.42740361e+01
 1.48444807e+00
 1.36228585e+01
 3.77977365e+01
 3.38197637e+01
 1.07312918e+02
 6.03558698e+01
 6.60570789e+01
 1.00038412e+01
 9.95369691e+00
 7.14382504e+01
 9.18300527e+00
 7.31669511e+01
 6.13077206e+01
 3.25145821e+01
 6.30192622e+01
 8.08217931e+01
 5.94360223e+01
 1.16926870e+02
 2.55484844e+01
 5.04392221e+01
 1.47061394e+01
 7.84088862e+01
 4.12394744e+01
 7.79756404e+01
 2.79206277e+01
 2.73107432e+01
 5.70591142e+01
 2.98752646e+01
 4.24019439e+01
 1.31135105e+02
 6.09747548e+01
 1.99681207e+01
 8.30840300e+01
 3.29135802e+01
 5.56293848e+01
 7.87765405e+01
 2.64490896e+01
 4.16112125e+01
 1.02856317e+01
 2.70410823e+01
 5.91747964e+01
 3.92887905e+01
 4.50391132e+01
 3.34384801e+01
 3.98753589e+00
 8.93955936e+01
 7.28508137e+01
 5.44819628e+01
 3.00457883e+01
 4.47031616e+01
 2.32745212e+01
 5.23914535e+01
 1.20870872e+02
 6.14492461e+01
 4.90840659e+01
 4.13800604e+01
 5.67716585e+01
 2.94536014e+01
 4.39702607e+01
 3.78416988e+01
 1.45019851e+02
 5.56656720e+01
 5.17055133e+01
 3.89619473e+01
 7.71422880e+01
 7.56659341e+01
 6.15440847e+01
 3.92452752e+01
 3.45163218e+01
 3.01191360e+01
 8.46407600e+01
 4.94241594e+01
 1.34518130e+01
 1.91069960e+01
 7.34478354e+01
 9.01976003e+01
 4.71191569e+01
 1.10303208e+02
 1.13602110e+02
 6.37385518e+01
 1.63070593e+02
 9.98114802e+01
 8.61413931e+01
 1.01140372e+02
 1.82598153e+01
 1.47297926e+02
 1.15608911e+01
 2.49902815e+01
 1.21544648e+02
 7.54797128e+01
 2.42344940e+01
 7.70479665e+01
 2.19998265e+01
 3.64830932e+01
 1.07386846e+02
 4.18759014e+01
 5.59553620e+01
 3.36540429e+01
 6.55267978e+01
 8.30310259e+01
 1.34878159e+02
 2.45711514e+02
 2.51079744e+01
 3.67378759e+01
 9.40652902e+01
 3.16488626e+01
 9.63730345e+01
 3.17713125e+01
 5.64977353e+01
 5.13688662e+01
 5.04633627e+01
 7.95296022e+01
 6.27996138e+01
 8.28489867e+01
 4.37577042e+01
 3.60834178e+01
 3.51997798e+01
 4.89698179e+01
 1.42104729e+02
 3.49164931e+01
 3.95406147e+01
 2.09505455e+01
 3.30708526e+01
 2.70063576e+01
 9.82065327e+01
 6.41036854e+01
 4.45826037e+01
 8.21706793e+01
 9.93718867e+01
 1.04653348e+01
 3.19949254e+01
 8.26197591e+01
 5.20036688e+01
 1.36075712e+01
 3.98654711e+01
 5.68022719e+01
 9.83755904e+01
 1.09935536e+02
 6.60792269e+01
 2.34008785e+01
 3.80933512e+00
 5.32755190e+01
 4.90808527e+01
 9.61999487e+01
 2.91725003e+01
 1.27879287e+01
 6.26945252e+01
 1.83552219e+01
 7.54016412e+01
 7.30639189e+01
 4.64822135e+01
 8.64745790e+00
 2.01051994e+01
 8.40425140e+01
 1.84360421e+01
 3.76575209e+01
 2.46516964e+01
 2.60342992e+01
 7.09497563e+01
 1.16785492e+01
 1.10370876e+02
 5.95470659e+01
 3.93825481e+01
 2.91594531e+01
 7.91246274e+01
 2.21636559e+01
 3.45058313e+01
 2.40026096e+01
 6.27861720e+01
 3.12168968e+01
 2.97953051e+01
 8.02177774e+01
 1.21823335e+02
 8.08189359e+01
 4.94733469e+01
 4.28632230e+01
 1.49558339e+01
 1.96181992e+01
 2.70172324e+01
 4.64534981e+01
 1.75624692e+01
 2.78483169e+01
 5.45612397e+01
 4.41304279e+01
 5.05402669e+01
 3.85099587e+01
 5.93607161e+01
 1.52983026e+02
 7.52032687e+01
 4.87545007e+01
 4.56035971e+01
 1.63781989e+01
 4.51822617e+01
 8.18272028e+01
 2.88419875e+01
 1.16092130e+02
 1.22672473e+02
 9.46616018e+01
 1.00533868e+02
 5.71229226e+01
 1.38714094e+02
 5.79134551e+01
 5.33345166e+01
 3.60691843e+01
 3.69976037e+01
 6.42987692e+01
 9.09157687e+01
 3.89248582e+01
 1.09062768e+02
 1.93376643e+01
 6.13151893e+01
 2.78695766e+01
 3.28749348e+01
 1.27997967e+02
 5.80772348e+01
 4.12153534e+01
 4.07859954e+01
 4.12024369e+01
 4.06981365e+01
 2.03151574e+01
 5.02229597e+01
 1.37194026e+02
 3.95412407e+01
 2.91573363e+01
 2.05100988e+01
 6.66152374e+01
 3.25887217e+01
 4.14320152e+01
 3.91755547e+01
 1.06978247e+01
 3.05767551e+00
 5.01455959e+01
 9.82399155e+01
 3.46099275e+01
 1.62417603e+01
 3.77755178e+01
 4.15405958e+01
 8.34034855e+01
 8.37440954e+01
 8.16059095e+01
 3.39574119e+01
 2.76486817e+01
 3.80826548e+01
 4.47793994e+01
 1.00921873e+02
 6.35976625e+01
 5.26705700e+01
 2.57539943e+01
 2.63450475e+01
 2.31068350e+01
 1.07724814e+02
 1.87768215e+01
 5.83651657e+01
 4.99017089e+01
 5.03382308e+01
 5.20822132e+01
 5.02567810e+01
 5.74777878e+01
 4.67691927e+01
 4.42869572e+01
 4.10199712e+01
 3.81862770e+01
 3.92563006e+01
 5.63501922e+01
 5.61837020e+01
 8.59623430e+01
 2.01226295e+01
 8.33632322e+01
 9.02508992e+01
 6.51451185e+01
 8.69969516e+01
 1.51233946e+02
 3.71770553e+01
 3.00694467e+01
 6.73235542e+01
 2.57993378e+01
 2.86477051e+01
 2.30223225e+01
 1.41680247e+01
 6.48476416e+01
 4.32418442e+01
 5.68518482e+01
 5.06855202e+01
 4.36663448e+01
 4.50644385e+01
 5.71370805e+01
 8.03032854e+01
 1.27669878e+02
 1.23093568e+02
 6.85603843e+01
 2.41914354e+01
 5.64708907e+01
 4.02502504e+01
 9.21145992e+01
 2.67276549e+01
 2.99900285e+01
 8.02938369e+01
 9.98260280e+01
 8.61636942e+01
 4.50602430e+01
 3.55293432e+00
 1.03395176e+02
 3.44936684e+01
 5.16201042e+01
 1.11777777e+02
 8.38453415e+01
 5.26643192e+01
 3.06168893e+01
 2.88295622e+01
 5.35984047e+01
 5.23452294e+01
 4.83217470e+01
 2.35659510e+01
 4.54522102e+01
 2.12021290e+01
 3.17397852e+01
 6.73988566e+01
 5.86584166e+01
 6.92824718e+01
 9.02460077e+01
 4.26940908e+01
 1.30922783e+02
 1.19871559e+02
 5.82357367e+01
 5.80806177e+01
 3.25113785e+01
 2.15187542e+01
 6.21918351e+01
 7.64839859e+01
 1.89770112e+02
 3.58108037e+01
 4.15108147e+01
 2.65796310e+01
 6.12757117e+01
 3.27590115e+01
 4.12806038e+01
 1.30593116e+01
 4.66816943e+00
 4.35983563e+01
 8.89525482e+01
 1.04361550e+02
 3.03680883e+01
 1.95338689e+01
 9.22296836e+01
 3.02355989e+00
 5.25115826e+01
 3.72847159e+01
 4.40225353e+01
 3.42576575e+01
 1.76355043e+01
 5.40605559e+01
 4.19228970e+01
 2.37861621e+01
 1.05317370e+02
 4.10251220e+01
 2.00579698e+01
 6.92090486e+01
 3.19774558e+01
 5.81417807e+01
 4.75083405e+01
 3.73843123e+01
 3.99416191e+01
 4.40248300e+01
 7.35413982e+01
 8.38286438e+01
 6.67533061e+01
 3.77588824e+01
 4.85116032e+01
 4.84427300e+01
 2.61248446e+01
 8.65586641e+01
 3.36698992e+01
 4.25107596e+01
 4.35798594e+01
 5.03456258e+00
 5.03663061e+01
 6.65285503e+01
 4.69428042e+01
 9.96752012e+01
 3.67270017e+01
 2.10470202e+01
 1.68385025e+01
 4.29287239e+01
 1.37651800e+01
 6.32602206e+01
 3.61053234e+01
 1.28333968e+02
 8.07572000e+01
 5.61057796e+01
 5.36620505e+01
 8.54577953e+01
 2.54427429e+01
 1.04812040e+01
 8.95404571e+01
 6.45179154e+01
 3.83673515e+01
 5.61134237e+01
 9.61383653e+01
 3.15795806e+01
 5.59888427e+01
 8.10855430e+01
 1.06086300e+02
 5.69943071e+01
 5.53429588e+01
 2.49663632e+01
 8.43719866e+01
 7.29436108e+01
 7.35660541e+01
 5.86531242e+01
 1.04576036e+01
 2.99844501e+01
 1.06305271e+01
 1.08692576e+02
 6.68960756e+01
 2.64190368e+01
 3.67282611e+01
 4.62854215e+01
 7.54538688e+01
 2.83151518e+01
 2.49452698e+01
 5.45556418e+01
 2.37969380e+01
 1.91017826e+01
 4.86543548e+01
 4.28938727e+01
 6.14545833e+01
 3.15954925e+01
 6.84052594e+00
 1.30222825e+01
 6.24309948e+01
 2.18669039e+01
 5.37860490e+01
 7.40111924e+01
 5.78940275e+01
 4.76577934e+00
 5.36486038e+01
 8.25456660e+01
 7.10607425e+01
 3.87833115e+01
 5.68642057e+01
 6.31548560e+01
 4.82323607e+01
 4.39251729e+01
 6.87213267e+01
 1.76041453e+01
 3.47245342e+00
 5.91225542e+01
 7.50453647e+01
 6.35267083e+01
 8.29739200e+01
 1.16005790e+02
 2.88742376e+01
 7.41641647e+01
 2.62980971e+01
 7.59515060e+01
 2.98396962e+01
 7.53384467e+01
 6.95878326e+00
 1.76522988e+01
 1.33263448e+01
 3.45410046e+01
 1.05177255e+02
 3.95312751e+01
 3.61594792e+01
 1.08438998e+01
 5.91576178e+01
 6.48490089e+01
 5.62049146e+01
 3.26150812e+01
 5.39087551e+00
 7.62345259e+01
 4.23739639e+01
 3.15732251e+01
 5.17732557e+01
 4.19993233e+01
 2.42081122e+01
 3.38278779e+01
 2.45159459e+01
 4.18216086e+01
 4.69600428e+01
 8.91803690e+01
 1.04464215e+02
 9.55778747e+01
 8.76097956e+01
 2.98272142e+01
 1.26731321e+02
 2.49699561e+01
 5.02436266e+01
 2.94196315e+01
 8.42232158e+01
 3.67550766e+01
 6.86244668e+01
 2.68224807e+01
 2.51666483e+01
 4.37813918e+01
 5.03853257e+01
 1.55308179e+02
 8.12497762e+01
 5.54687096e+01
 6.37434578e+01
 1.06243153e+02
 5.52340506e+01
 4.42747957e+01
 2.31152489e+01
 1.07470615e+02
 5.93844898e+01
 1.93999832e+01
 3.93418298e+01
 1.06213663e+02
 8.59784583e+01
 5.89079921e+01
 6.01571291e+01
 5.16562951e+01
 3.48960040e+01
 2.75748990e+01
 7.00689265e+01
 3.27256313e+01
 6.54546352e+01
 1.59769109e+01
 3.91092289e+01
 5.71341086e+01
 3.70128028e+01
 8.61127552e+01
 2.77333779e+01
 8.42507194e+00
 9.44011353e+01
 5.25997496e+01
 1.83634960e+01
 4.80793026e+01
 6.42951740e+01
 6.71698686e+01
 9.18129073e+01
 1.07057802e+02
 9.91341560e+01
 4.78591572e+01
 1.48624367e+01
 5.72391283e+01
 6.65661181e+01
 4.73051617e+01
 1.32001040e+02
 2.22888123e+01
 2.32211261e+01
 6.77654050e+01
 2.34034026e+01
 1.09951583e+02
 7.82490852e+01
 4.82063979e+01
 5.92368460e+01
 4.97890659e+01
 7.40515713e+01
 4.56300190e+01
 6.23053757e+01
 1.10022101e+02
 6.44771435e+01
 3.99681018e+01
 7.26833716e+01
 6.19168352e+01
 5.24553063e+01
 3.56642009e+01
 3.19412959e+01
 2.12728365e+01
 1.12439955e+01
 5.10753962e+01
 5.81790366e+01
 6.93529109e+01
 2.93306713e+01
 3.25195319e+01
 6.20119364e+01
 4.38209181e+01
 4.54183848e+01
 5.99705079e+01
 6.59669862e+01
 3.10952032e+01
 7.80802808e+01
 3.69188694e+01
 1.40670321e+02
 9.18497080e+01
 1.80950407e+01
 1.03100392e+01
 3.94754478e+01
 9.42403015e+01
 7.63106905e+01
 4.44901773e+01
 1.42015402e+01
 6.80036718e+01
 4.73113663e+01
 8.79741758e+01
 9.97228199e+01
 4.96489818e+01
 1.14194031e+01
 4.90840074e+01
 5.76798414e+01
 1.63775020e+02
 4.67470873e+01
 2.69191968e+01
 3.50244952e+01
 4.01513504e+01
 1.34439779e+02
 9.29303386e+01
 5.78856312e+01
 1.03348090e+02
 1.51667516e+01
 5.20102898e+01
 1.36941991e+02
 6.67625710e+01
 5.12876103e+01
 2.80845893e+01
 7.35981336e+00
 6.20306212e+01
 7.29557507e+01
 5.17799319e+01
 4.25965204e+00
 4.49570398e+01
 2.63347146e+01
 1.14104370e+01
 1.43725062e+02
 4.66983346e+01
 4.72443735e+01
 3.59588729e+01
 2.26238121e+01
 8.33870703e+01
 6.44800283e+01
 4.01337405e+01
 2.22216617e+01
 6.61348552e+01
 5.43765765e+01
 4.81705255e+01
 2.72256534e+01
 5.30678264e+01
 1.04364014e+02
 2.86092579e+01
 3.08486104e+01
 5.91958507e+00
 1.52622646e+02
 2.83029239e+01
 5.31467282e+01
 2.06922177e+01
 8.09297562e+01
 4.44410337e+01
 2.47352710e+01
 1.01505858e+02
 9.44980447e+01
 8.28020491e+01
 3.80797925e+01
 4.93991738e+01
 8.14221140e+01
 2.18985002e+01
 1.84173216e+01
 3.97585652e+01
 1.57024959e+01
 1.11520936e+02
 1.69760319e+01
 9.76682664e+01
 2.10558557e+01
 1.59927607e+01
 2.34923889e+01
 2.28512665e+01
 8.85079868e+01
 1.37276847e+02
 6.31848072e+01
 1.33493162e+02
 4.91720446e+01
 7.19323326e+01
 5.03527227e+01
 1.19418077e+02
 7.67397109e+01
 5.05251930e+01
 3.74938540e+01
 2.67842425e+01
 4.16798237e+01
 1.70113996e+00
 4.36991381e+01
 3.58985627e+01
 3.20472292e+00
 3.54804986e+00
 1.06781802e+02
 3.27638320e+02
 8.91149266e+01
 3.70659722e+01
 2.60277363e+01
 2.60143759e+01
 2.82225590e+01
 5.42422186e+01
 6.45919414e+00
 4.50650224e+01
 2.88640512e+01
 2.67107466e+01
 9.08510367e+01
 1.30352469e+02
 5.39993959e+01
 8.36955997e+01
 9.96286908e+00
 1.61990446e+02
 8.53690863e+01
 7.20101707e+01
 5.33109773e+01
 3.67025541e+01
 6.80148016e+01
 2.79797199e+01
 6.77524378e+01
 6.32349253e+01
 6.03977610e+01
 6.11771856e+01
 6.92525237e+01
 1.62356590e+01
 6.72185495e+01
 1.24260142e+02
 2.28011157e+01
