 9.36870685e+01
 6.00058491e+01
 4.95930807e+01
 3.89165082e+01
 6.85891450e+01
 2.57386532e+01
 7.21883942e+01
 8.37136553e+01
 2.00356770e+01
 1.02713963e+02
 1.34199163e+02
 7.30676553e+01
 6.17079392e+01
 9.85507718e+01
 6.32472563e+01
 8.94382407e+01
 1.19105666e+02
 1.34633662e+02
 2.48136508e+01
 8.16076878e+01
 4.34854687e+01
 8.98386516e+01
 8.29903842e+01
 6.30618920e+01
 6.00773748e+01
 6.05774387e+01
 8.04947275e+01
 6.80919285e+01
 4.85888874e+01
 8.46271624e+01
 3.99799553e+01
 1.14088295e+02
 6.83103756e+01
 5.92398617e+01
 1.40014526e+02
 6.33229328e+01
 7.89464363e+01
 1.31533131e+01
 3.40204212e+01
 4.93485602e+01
 7.15682835e+01
 1.38287773e+01
 1.13526867e+02
 6.36735547e+01
 7.57210880e+01
 5.57913809e+01
 1.43150646e+02
 2.89559383e+01
 8.47708849e+01
 7.51531329e+01
 8.36786257e+01
 6.78874090e+01
 1.01444169e+02
 4.23728607e+01
 8.77543108e+01
 6.47392957e+01
 1.07675082e+02
 9.09142973e+01
 3.37835562e+01
 4.93435476e+01
 9.21160105e+01
 7.92699044e+00
 3.78213607e+01
 3.55177827e+01
 7.38331848e+01
 1.16495087e+02
 1.28816645e+02
 6.29344702e+01
 3.25452934e+01
 3.88371932e+01
 7.24504170e+01
 7.09223806e+01
 5.59071440e+01
 3.48162477e+01
 4.37582157e+01
 5.83764514e+01
 2.81915001e+01
 5.05348609e+01
 7.02441180e+01
 5.99552099e+01
 7.78755017e+01
 5.32850096e+01
 7.25017661e+01
 7.99894787e+01
 5.03952329e+01
 8.78759001e+01
 4.72005189e+01
 1.10580467e+02
 7.29967679e+01
 7.20240228e+01
 7.12264117e+01
 5.96538632e+01
 2.76524932e+01
 6.46943419e+01
 9.20872815e+01
 3.51610690e+01
 4.47598853e+01
 9.24362144e+00
 4.09647143e+01
 4.65965713e+01
 6.71769866e+01
 6.21950506e+01
 6.43271504e+01
 9.03577514e+01
 1.34317637e+02
 4.48331404e+01
 3.36475218e+01
 5.86382062e+01
 2.94867748e+01
 5.24127570e+01
 8.79168012e+01
 3.65173223e+01
 5.94417956e+01
 1.21612582e+02
 9.97933077e+01
 1.04479238e+02
 1.84476877e+01
 9.91707172e+01
 8.87482079e+01
 3.12223109e+01
 3.59740687e+01
 3.32921569e+01
 2.02289910e+01
 5.74975146e+01
 7.95251692e+01
 9.55841508e+01
 9.97822971e+01
 1.20997407e+01
 5.09541205e+00
 4.50741768e+01
 3.71214252e+01
 8.14918077e+01
 2.58648855e+01
 1.74605690e+01
 5.83859252e+01
 4.45915845e+01
 1.35939160e+02
 7.54904390e+01
 1.79454288e+01
 3.52837381e+01
 1.11137599e+02
 7.72230898e+01
 6.55955678e+01
 5.26155750e+01
 4.38081292e+01
 4.55902143e+01
 1.96388071e+00
 2.79825094e+01
 1.17824043e+02
 1.25685130e+02
 6.59316449e+01
 1.19874494e+02
 4.84210183e+01
 1.12640742e+01
 8.40663062e+01
 4.76164887e+01
 3.34394448e+01
 2.89935732e+01
 1.00849592e+02
 6.71231649e+01
 1.08625849e+02
 7.06046449e+01
 2.42663757e+02
 1.24413875e+02
 9.21462356e+01
 9.92041001e+01
 5.10140281e+01
 8.26687322e+01
 8.58716604e+01
 3.09673115e+01
 6.14651647e+00
 3.84481993e+01
 8.14467663e+01
 1.25896328e+01
 6.73853953e+01
 5.88229907e+01
 7.64583021e+01
 2.80489386e+01
 7.63175553e+01
 8.80232345e+01
 5.99442089e+01
 2.72437676e+01
 8.06183833e+01
 8.13444403e+01
 6.23918144e+01
 3.93209149e+01
 2.95203598e+01
 4.13908178e+01
 7.32273346e+01
 6.90279010e+01
 7.29003854e+01
 1.30026626e+01
 3.59679348e+01
 6.33723014e+01
 4.53629976e+01
 2.75679729e+01
 6.22229758e+01
 3.49286564e+01
 3.89245502e+01
 1.08281719e+01
 8.74232773e+01
 2.20189776e+01
 4.07348613e+01
 3.21186848e+01
 6.03590630e+01
 1.73641871e+01
 7.72700898e+01
 1.05439663e+02
 1.51190819e+02
 9.83888560e+01
 3.78052856e+01
 1.70377704e+02
 5.17964102e+01
 4.07960317e+01
 3.60586575e+01
 4.67512589e+01
 1.07510838e+02
 3.93393932e+01
 4.30767376e+01
 3.09445859e+01
 5.82664058e+01
 5.78476089e+01
 1.02318463e+01
 6.40994974e+01
 7.20394827e+01
 1.23701143e+02
 5.44371199e+01
 5.05789407e+01
 9.90620233e+01
 9.20513753e+01
 6.42921696e+01
 3.74600200e+01
 7.62841178e+01
 5.91298986e+01
 2.10666007e+02
 1.26159320e+02
 2.80781472e+01
 4.94033122e+01
 4.92208122e+01
 4.72898029e+01
 4.95840627e+01
 3.91978688e+01
 6.77158959e+01
 5.95239492e+01
 1.12184549e+02
 1.30879278e+02
 2.81289731e+01
 7.39774539e+01
 1.60638386e+02
 7.58513104e+01
 4.03320647e+01
 6.67055542e+01
 6.26646697e+01
 6.02364396e+01
 6.71258284e+00
 6.63482888e+01
 6.96431981e+01
 5.56720068e+01
 8.99260647e+01
 2.30364499e+02
 1.49132206e+02
 1.02806443e+02
 4.36487524e+01
 7.61607154e+01
 3.19691564e+01
 7.27574131e+01
 5.22542579e+00
 1.33911747e+01
 2.21983493e+01
 2.86351773e+01
 1.47702091e+02
 1.35109939e+02
 1.58607977e+02
 5.66069408e+01
 1.17689964e+02
 5.87824460e+01
 3.77725215e+01
 6.78089242e+01
 7.02746312e+01
 1.23651459e+02
 1.22040206e+02
 1.35334180e+02
 7.80057785e+01
 1.50297824e+02
 2.32788568e+02
 2.95068303e+01
 7.41684693e+01
 6.78010289e+01
 4.64353304e+01
 2.81624774e+01
 6.81991283e+01
 3.60246023e+01
 9.12380015e+01
 1.06076484e+02
 1.36571743e+01
 5.68899980e+01
 1.12851295e+02
 9.60878639e+01
 4.87430783e+01
 4.67343678e+01
 7.07621558e+01
 2.21247043e+01
 6.92688058e+01
 8.69090790e+01
 1.38422945e+02
 5.95795840e+01
 1.69035571e+02
 9.15954783e+01
 7.30399110e+01
 1.14504835e+01
 4.67500482e+01
 6.27633468e+01
 9.41083220e+00
 9.46489284e+00
 7.68579300e+01
 7.16659793e+01
 1.63351966e+02
 1.18906623e+02
 7.87842090e+01
 8.96934471e+01
 2.93126545e+01
 5.87478696e+01
 5.63080832e+01
 1.05647383e+02
 1.11128995e+02
 2.46306984e+01
 2.98282860e+01
 3.29212485e+01
 1.07143909e+02
 1.21898064e+02
 7.64533558e+01
 1.04965978e+02
 8.87094049e+01
 6.04249225e+01
 2.46373749e+01
 7.08925690e+01
 3.11995758e+01
 6.46964204e+01
 1.97178398e+01
 6.76598482e+01
 8.72677266e+01
 1.18359997e+02
 6.31173644e+01
 8.36595763e+01
 4.57146076e+01
 9.09085582e+01
 1.01274498e+01
 1.39354765e+01
 1.17595620e+01
 3.13161479e+01
 8.60345794e+01
 5.30401044e+01
 1.70570518e+02
 1.08830977e+02
 1.19205785e+02
 9.83759802e+01
 1.40507838e+02
 1.41308624e+01
 7.33355492e+01
 5.14308895e+01
 2.85345923e+01
 4.27285801e+00
 5.79807274e+01
 7.62670030e+01
 7.65464398e+01
 1.06045329e+02
 7.94343798e+01
 6.39021419e+00
 4.31734608e+01
 1.39214700e+02
 9.70620773e+01
 4.59783532e+01
 3.98121984e+01
 5.70195867e+01
 8.53422124e+01
 3.60629409e+01
 2.81323494e+01
 5.90088597e+01
 8.13618769e+01
 9.29497137e+01
 2.13566165e+01
 5.95273720e+01
 5.93482655e+01
 5.76382271e+01
 6.65845634e+01
 3.27478811e+01
 4.27424302e+00
 4.19410821e+01
 9.91740010e+01
 1.04211037e+02
 7.91284681e+01
 5.74360253e+01
 1.10179774e+02
 6.95500897e+00
 7.65915429e+01
 2.24796161e+01
 4.32077111e+01
 4.69885169e+01
 2.24867341e+01
 4.30188901e+01
 1.45085934e+02
 7.74774341e+01
 1.87261633e+02
 6.17180047e+01
 1.36219803e+02
 1.08518792e+02
 6.92007458e+01
 1.93916984e+01
 3.04837770e+01
 2.53201378e+01
 2.58036252e+01
 5.71640966e+01
 1.24242322e+02
 1.58009836e+02
 1.59328100e+02
 8.79810431e+01
 1.10343915e+02
 2.59449930e+01
 8.82160367e+01
 6.64277003e+01
 3.67242441e+01
 6.02477181e+01
 8.02972466e+01
 3.19078261e+01
 4.84460020e+01
 1.86215005e+02
 1.42485817e+02
 4.13311457e+01
 9.21585979e+01
 1.20245096e+02
 4.63594111e+01
 5.95486382e+01
 6.20964164e+01
 1.42433828e+01
 2.66110976e+01
 3.47977047e+01
 8.87163225e+01
 1.10317390e+02
 5.13207145e+01
 2.02603860e+01
 1.28652403e+02
 1.02763190e+02
 1.86945569e+01
 5.75365245e+01
 4.17490838e+01
 5.57851719e+01
 6.38802826e+01
 8.79250191e+01
 8.46635844e+01
 9.78629178e+01
 5.14891389e+01
 5.67008336e+01
 1.13450595e+02
 6.82810652e+01
 5.96419470e+01
 3.33333671e+01
 1.86517528e+01
 3.53331810e+00
 5.26073755e+01
 5.94612609e+01
 1.40701863e+02
 4.18709963e+01
 5.17200026e+01
 3.37769781e+01
 9.27241406e+01
 1.16015777e+02
 1.16098589e+02
 7.15774624e+01
 5.10130002e+01
 3.74989680e+01
 4.79855510e+01
 3.09789051e+01
 6.28161201e+01
 3.80045464e+01
 1.94535365e+02
 1.60717063e+02
 6.39843438e+01
 2.04261162e+01
 6.11171200e+01
 6.33371979e+01
 2.51353063e+01
 2.00989895e+01
 4.99388209e+01
 2.41557371e+01
 4.66264778e+01
 1.48606117e+02
 7.14433465e+01
 1.07964634e+02
 1.36360823e+02
 4.40251711e+01
 4.07079255e+01
 6.95055695e+01
 3.01003277e+01
 4.76851423e+01
 1.12554617e+01
 1.10938831e+02
 7.73109122e+01
 1.27886829e+02
 4.41390634e+01
 5.92868569e+01
 2.05580414e+01
 5.26086617e+01
 2.77147759e+01
 4.30494009e+01
 4.16629423e+01
 1.72674542e+01
 5.92360616e+01
 3.34963659e+00
 8.74412471e+01
 5.32670947e+01
 2.82183447e+01
 7.21103207e+01
 8.82668624e+01
 4.95520294e+01
 5.94407939e+01
 8.16504443e+01
 3.79840264e+01
 6.54081351e+01
 3.59177291e+01
 3.04904285e+01
 9.02394890e+01
 4.27842335e+01
 1.15623008e+02
 4.18709759e+01
 1.01218295e+02
 3.36119080e+01
 1.06981701e+02
 3.96905377e+01
 4.78100379e+01
 4.43292204e+01
 5.42144959e+01
 4.70937492e+01
 3.44808137e+01
 5.07353822e+01
 1.69032511e+02
 2.33897387e+01
 3.43675457e+01
 7.17095077e+01
 4.31002726e+01
 7.38539346e+01
 5.79164855e+01
 4.11446496e+01
 5.34835331e+01
 7.42534870e+01
 7.30192521e+01
 1.57146835e+02
 2.08662337e+02
 3.10897959e+02
 3.72793575e+01
 6.25522243e+01
 4.33404974e+01
 6.46120688e+01
 8.34965500e+01
 4.71162678e+01
 7.28938863e+01
 3.49685438e+01
 7.40023595e+01
 5.43605795e+01
 1.66630781e+02
 6.71877634e+01
 1.34679933e+02
 3.60020119e+01
 2.21483127e+01
 5.18635165e+01
 4.75203596e+01
 4.07239619e+01
 5.17478654e+01
 1.27427898e+02
 1.06094650e+02
 6.33441891e+01
 9.32337989e+01
 6.01931769e+01
 6.65131143e+01
 1.09222969e+02
 1.25708384e+02
 5.40997267e+01
 1.59388093e+02
 3.14657913e+01
 1.04849499e+02
 7.27215758e+01
 1.40592837e+02
 8.74244937e+01
 1.14138009e+02
 1.32757025e+02
 2.91227416e+01
 8.43366647e+01
 1.21252699e+02
 4.29896315e+01
 2.86962252e+01
 2.90082797e+01
 7.35618447e+01
 1.41967042e+01
 8.34294921e+01
 1.35800155e+02
 7.34809259e+01
 1.13742998e+02
 2.68985556e+01
 2.73504987e+01
 2.60102104e+01
 5.03364963e+01
 5.49519288e+01
 7.23689943e+01
 8.96352951e+01
 7.15356711e+01
 1.47078399e+02
 1.44744076e+02
 7.17032033e+01
 5.92963377e+01
 1.51298600e+02
 4.39624248e+01
 2.90526628e+01
 6.62932677e+01
 6.72917169e+01
 3.91157026e+01
 2.07555316e+01
 2.91245143e+01
 6.69603929e+01
 8.74906332e+01
 2.14402174e+02
 5.15201978e+01
 5.81696264e+01
 1.49282932e+02
 5.74113277e+01
 6.30347405e+01
 2.31970421e+01
 4.63485215e+01
 1.07766597e+02
 6.71591154e+01
 6.76863376e+01
 1.36122536e+02
 1.13860169e+02
 9.75502866e+01
 7.37556255e+01
 8.20446996e+01
 9.89544271e+01
 4.05814842e+01
 7.97793404e+01
 6.91367572e+01
 4.35345577e+01
 5.17153436e+01
 6.25372430e+01
 1.67543939e+02
 7.66421889e+01
 3.83051387e+01
 2.90064293e+01
 7.82604223e+01
 7.10955945e+01
 2.15171879e+01
 4.33539095e+01
 2.94224965e+01
 2.48495256e+01
 8.08539953e+01
 7.73345510e+01
 5.51570305e+01
 1.78968065e+01
 4.45695565e+01
 1.28533778e+02
 3.90367739e+01
 7.85391693e+01
 6.35907651e+01
 6.56795588e+01
 3.53088858e+01
 5.89580225e+01
 2.06887362e+01
 7.83036855e+01
 1.10291147e+02
 5.88106402e+01
 6.22065670e+01
 1.19405697e+02
 8.86452793e+01
 3.44317827e+01
 1.16345572e+02
 1.98448815e+01
 1.42497393e+01
 3.49684454e+01
 1.17644131e+01
 4.39498649e+01
 1.15521297e+02
 1.26374662e+02
 4.43816393e+01
 2.15995688e+01
 3.87451541e+01
 7.91789516e+01
 6.01507322e+01
 6.26584530e+01
 5.32555538e+01
 1.08187478e+02
 6.69245719e+01
 3.05720037e+01
 1.54290333e+02
 5.43000382e+01
 3.86570054e+01
 7.20550322e+01
 1.49952586e+02
 4.09885658e+01
 6.62633440e+01
 4.38748364e+01
 9.59786272e+01
 5.01013940e+01
 9.94237497e+01
 7.45075352e+01
 4.50238204e+01
 1.68535394e+02
 1.68552061e+01
 1.55581770e+02
 5.65319025e+01
 6.24795051e+01
 6.95656898e+01
 1.70574944e+01
 1.61295005e+01
 5.54713355e+01
 1.05924544e+02
 1.22465306e+02
 1.70581170e+02
 4.96203394e+01
 6.05887185e+01
 3.66198084e+01
 8.74991554e+01
 9.54645452e+01
 5.67251009e+01
 6.66768680e+01
 2.49973435e+01
 5.37634187e+01
 6.04264130e+01
 8.45113837e+01
 3.11747564e+01
 4.09198287e+01
 6.84049792e+01
 1.37472719e+02
 8.34226226e+01
 8.94965914e+01
 5.95372962e+01
 3.18045248e+01
 2.03134148e+01
 4.56896299e+01
 2.68492575e+01
 5.36505690e+01
 8.62267690e+01
 6.76472497e+01
 6.17761908e+01
 9.93588314e+00
 3.99982326e+01
 1.17956719e+02
 3.28042724e+01
 3.40909091e+01
 6.09542315e+01
 4.55485568e+01
 7.73310625e+01
 3.79395964e+01
 9.66415624e+01
 8.01159651e+01
 5.74999810e+00
 1.18222786e+02
 1.08473795e+02
 5.20098265e+01
 3.56379775e+01
 6.01217439e+01
 1.06369579e+02
 7.60100786e+01
 9.58121312e+01
 9.93252565e+01
 6.89231514e+01
 1.61486407e+02
 1.60704990e+02
 5.74609323e+01
 4.01060227e+01
 3.95921349e+01
 3.95824090e+01
 3.37168992e+01
 7.38089949e-01
 4.75977900e+01
 8.75233258e+01
 5.93991317e+01
 8.18760269e+01
 9.55159616e+01
 6.28268043e+01
 1.15200746e+02
 1.04490587e+01
 1.47783051e+02
 5.40317041e+01
 3.43691260e+01
 7.58492567e+01
 6.48982197e+01
 4.11141397e+00
 8.51835515e+01
 6.74991718e+01
 3.68941301e+01
 1.16955329e+02
 6.89838500e+01
 6.83379602e+01
 5.57878924e+01
 7.43328016e+01
 2.53113358e+01
 7.87791442e+01
 1.26763329e+02
 6.26479704e+01
 6.58917872e+01
 5.06327076e+01
 1.62590369e+02
 1.08673604e+02
 5.06823641e+01
 7.00870941e+01
 6.19127130e+01
 7.52216556e+01
 3.28535208e+01
 3.01206819e+01
 6.12185097e+01
 1.01969583e+02
 3.04380242e+01
 6.38277977e+01
 5.50633899e+01
 6.69844459e+01
 6.03689016e+01
 3.91459891e+01
 1.17321972e+02
 6.68390465e+01
 5.23189445e+01
 1.84379023e+01
 6.30182147e+01
 9.35180315e+01
 1.54559629e+02
 1.04323165e+02
 1.00140729e+02
 4.80439807e+01
 5.99286741e+01
 7.72009077e+01
 9.10394315e+01
 4.54535385e+01
 1.00328777e+02
 6.07063690e+01
 2.93036175e+01
 2.80245043e+01
 9.44168718e+01
 1.66231257e+02
 9.92338581e+01
 6.14295688e+01
 1.10922952e+02
 1.26574973e+01
 4.70102827e+01
 6.80235128e+01
 7.00057369e+01
 3.04505939e+01
 6.95300074e+01
 9.45958867e+01
 1.37330880e+02
 8.89659289e+01
 2.78185158e+01
 2.04369551e+01
 7.80762163e+01
 1.35963608e+02
 1.16279016e+02
 5.06508512e+01
 5.56174024e+01
 2.09566798e+01
 2.02449491e+01
 1.83301249e+01
 8.02563756e+01
 5.40593684e+01
 2.29112006e+01
 8.27601318e+00
 7.75108716e+01
 6.61468890e+01
 4.26570795e+01
 3.51870853e+01
 6.79781693e+01
 3.52511205e+01
 8.73587644e+01
 3.93403847e+01
 8.32056635e+01
 7.06235561e+01
 1.85696587e+01
 6.96632853e+01
 1.29881481e+02
 4.61406974e+01
 7.21534635e+01
 7.88650157e+01
 1.58383647e+02
 1.00279719e+01
 7.14560916e+01
 3.48769396e+01
 1.07202344e+02
 1.26169173e+02
 3.33942937e+01
 7.01818980e+01
 7.49444298e+01
 5.66941151e+01
 5.46265849e+01
 3.85325872e+01
 7.32939539e+01
 3.55163914e+01
 1.84857632e+01
 3.66809124e+01
 8.62264088e+01
 7.22507538e+01
 6.19630313e+01
 1.48613171e+02
 7.68209425e+01
 6.42402781e+01
 2.91024301e+01
 5.13545065e+01
 1.77147649e+01
 1.50576522e+01
 8.04562267e+00
 1.26783476e+02
 1.22652342e+02
 9.74772266e+01
 5.51898812e+01
 1.03946545e+02
 1.08436167e+02
 1.13362350e+02
 5.30788696e+01
 2.60408712e+01
 3.17039793e+01
 2.60820204e+01
 9.84703602e+01
 8.37412665e+01
 1.30936278e+02
 8.66239549e+01
 9.59639597e+01
 2.93080242e+01
 4.60294757e+00
 7.72210144e+01
 1.22147101e+02
 6.08500272e+01
 2.37730272e+01
 4.72240668e+01
 4.87634262e+01
 6.82295400e+01
 6.91833367e+01
 1.74559799e+02
 1.70845044e+02
 1.00624136e+02
 1.01239286e+02
 2.72965025e+01
 1.10825553e+02
 4.26432336e+01
 9.81964087e+01
 2.84981122e+01
 1.23278506e+01
 1.12541748e+02
 1.53756853e+02
 1.35345892e+02
 5.67482039e+01
 1.21347771e+02
 1.08817652e+02
 6.98417557e+01
 1.26178369e+01
 8.81545928e+01
 1.16388396e+02
 1.23261403e+01
 7.37731279e+01
 2.57425217e+01
 1.51248309e+02
 1.83897992e+02
 1.59693956e+02
 1.95361029e+02
 6.93482773e+01
 9.94946943e+01
 5.85859922e+01
 6.25364148e+01
 3.39539406e+01
 4.81544599e+01
 5.80038645e+01
 5.97578420e+01
 8.10136033e+01
 1.22929403e+02
 7.66855349e+01
 1.04279077e+02
 9.76650462e+01
 7.02397381e+01
 3.93828063e+01
 7.03553356e+01
 5.39819660e+01
 8.98989416e+01
 5.02985290e+01
 8.41606309e+01
 1.01441723e+02
 2.78069177e+01
 7.63832918e+01
 1.95300151e+01
 1.31937180e+02
 1.36182179e+01
 1.62857049e+02
 3.77390998e+01
 5.34018592e+01
 3.78242573e+01
 1.02870909e+02
 5.80604359e+01
 1.32059962e+02
 1.32048978e+02
 3.91056223e+01
 6.78684572e+01
 1.15727260e+02
 6.32564156e+01
 8.72569196e+01
 9.64100481e+01
 6.30985732e+01
 3.44796470e+01
 6.75038186e+01
 6.95417028e+01
 9.33471114e+01
 1.09265013e+02
 6.00204701e+01
 1.14202543e+02
 8.21201321e+01
 3.36717019e+01
 3.42346207e+01
 1.26664749e+02
 6.61605208e+01
 4.05955245e+01
 8.03788718e+01
 3.24941353e+01
 1.43572814e+02
 6.89980746e+01
 1.45444571e+02
 8.11452588e+01
 9.23401562e+01
 6.77361829e+01
 8.63905525e+01
 9.59028261e+01
 5.61998819e+01
 3.69368131e+01
 3.20871825e+01
 8.60508968e+01
 8.21755026e+01
 8.20641860e+01
 1.74836892e+02
 4.51939740e+01
 2.01651342e+01
 5.39874762e+01
 8.42765212e+01
 3.46562197e+01
 8.96172006e+01
 2.38732998e+01
 3.95612427e+01
 7.42986267e+01
 1.08814677e+02
 1.75710800e+02
 9.29697862e+01
 8.79643809e+01
 1.94215174e+01
 7.61759111e+01
 5.21973585e+01
 6.67365936e+01
 3.10397626e+01
 3.49930180e+01
 9.64265738e+01
 8.64602186e+01
 1.26049301e+02
 1.34306944e+02
 7.96186284e+01
 4.42909084e+01
 1.27212713e+02
 5.93297742e+01
 3.03175855e+01
 5.03436240e+01
 8.15637230e+01
 3.63381912e+01
 6.94671881e+01
 6.33270790e+01
 1.28966936e+02
 4.15984655e+01
 1.30898901e+02
 1.37244412e+02
 5.19116215e+01
 4.51831143e+01
 9.11909281e+01
 4.65666303e+01
 5.72175218e+01
 3.97002605e+01
 3.02561239e+01
 4.81207031e+01
 1.57852513e+02
 7.33244929e+01
 3.44135049e+01
 7.52155315e+01
 1.04303344e+02
 1.18529347e+01
 3.63210608e+01
 3.43681224e+01
 5.36680155e+01
 4.22933295e+01
 6.86885383e+01
 4.65957180e+01
 6.32036033e+01
 1.65287727e+02
 4.15338932e+01
 6.15562842e+01
 6.53549610e+01
 1.63731289e+02
 6.54175126e+01
 3.67972215e+01
 3.13886890e+01
 5.61942291e+01
 1.16796220e+02
 4.41951718e+01
 8.39126660e+01
 1.14704841e+02
 2.56905197e+01
 9.67453086e+01
 5.57795849e+01
 1.04835399e+02
 3.91629825e+01
 1.05560652e+02
 4.49696582e+01
 7.94734286e+01
 4.86978688e+01
 2.57504049e+01
 8.77507446e+01
 6.21785110e+01
 5.64617168e+01
 3.39309108e+01
 4.46732216e+01
 5.13503507e+01
 9.12590007e+01
 2.83899286e+01
 6.99055251e+01
 7.32385593e+01
 3.88150817e+01
 7.83852257e+01
 7.24511353e+01
 1.15819038e+02
 7.28272571e+01
 1.92042606e+02
 7.97748672e+01
 3.73948845e+01
 1.29565786e+02
 1.12778473e+02
 4.55351783e+01
 2.44748261e+01
 3.20583161e+01
 2.55201472e+01
 3.70000640e+01
 1.29940949e+01
 1.21261995e+02
 2.45696887e+01
 8.75325197e+01
 3.82164565e+01
 5.68211594e+01
 5.44480587e+01
 2.24808779e+01
 4.30341887e+01
 7.69435209e+01
 6.10602829e+01
 5.94060548e+01
 4.22216234e+01
 5.71977562e+01
 7.60371668e+01
 1.53144358e+02
 7.56982864e+01
 1.28778873e+02
 4.64649570e+01
 3.72383551e+01
 4.37021801e+01
 1.06989117e+02
 6.40694841e+01
 6.72734226e+01
 9.33381894e+01
 1.32576762e+02
 1.23254401e+02
 1.51098947e+02
 1.10028337e+02
 4.59160341e+01
 1.00167788e+02
 8.73426089e+01
 3.02801978e+01
 2.96208078e+01
 6.90978119e+01
 6.27588207e+01
 1.21226211e+02
 8.64025407e+01
 9.54102103e+01
 3.27475239e+01
 6.72685750e+01
 6.51977453e+01
 7.26324022e+01
 1.05209616e+02
 3.65474151e+01
 3.73586760e+01
 6.72993672e+01
 1.68801424e+02
 9.53786600e+01
 4.66760063e+01
 1.42342346e+02
 9.36888023e+01
 2.56059738e+01
 1.06075522e+02
 6.30516609e+01
 4.08356531e+01
 4.54934649e+01
 3.92258433e+01
 8.62161324e+01
 1.47743308e+02
 3.83949383e+01
 5.55924481e+01
 5.77344147e+01
 5.96253178e+01
 5.05719299e+01
 8.10832016e+01
 7.38507483e+01
