 2.70776945e+01
 2.98372898e+01
 5.30984030e+01
 1.14499049e+02
 3.14452381e+01
 5.72612031e+01
 8.53535836e+01
 2.09261021e+01
 1.23153696e+02
 3.94507218e+01
 1.22629521e+02
 3.87540942e+01
 1.57606303e+01
 5.41789622e+00
 7.61423090e+01
 3.17413600e+01
 9.04452425e+01
 1.74145235e+02
 4.79810834e+01
 3.11545319e+01
 6.38029458e+01
 3.92560301e+01
 3.20946014e+01
 3.36311256e+01
 8.49284253e+01
 1.73760442e+01
 2.05287847e+01
 1.80810350e+01
 8.88044079e+01
 6.84921460e+01
 3.46690257e+01
 2.63297748e+01
 1.78849098e+02
 5.22191517e+01
 4.65361226e+01
 1.37530598e+01
 2.73544109e+01
 5.61577930e+01
 2.84652616e+01
 1.10010012e+02
 1.18819108e+01
 8.68706626e+01
 4.22417336e+01
 8.63357653e+01
 6.24538188e+01
 2.32114876e+01
 1.22136601e+01
 6.55658711e+01
 4.17614781e+01
 3.02223752e+01
 2.10402282e+01
 2.93972691e+01
 3.96197064e+01
 3.68232717e+01
 6.65386353e+01
 5.87171323e+01
 1.20833222e+02
 4.52337683e+01
 4.63442153e+01
 3.34531935e+01
 1.33098970e+01
 2.58413505e+01
 6.77503603e+01
 5.47934047e+01
 5.72700661e+01
 4.38893355e+01
 1.55992975e+02
 2.39559190e+01
 7.50883167e+01
 1.42643169e+01
 5.12037714e+01
 1.60795100e+01
 1.91603670e+01
 4.29200134e+01
 7.99484225e+01
 2.82187950e+01
 4.33665572e+01
 5.28682775e+01
 6.67202140e+01
 4.88538599e+01
 7.64171087e+01
 1.22887044e+02
 5.80529582e+01
 1.17442703e+02
 4.23028916e+01
 4.11048779e+01
 7.81289081e+01
 7.10540334e+01
 1.14740400e+02
 4.24963088e+01
 3.99885593e+01
 3.08965556e+01
 2.40653280e+01
 7.24193017e+01
 7.80307513e+01
 6.07696541e+01
 5.58962113e+01
 3.73257336e+01
 5.42512161e+01
 3.17842407e+00
 6.21887648e+01
 4.54541090e+01
 1.65823861e+01
 9.27225916e+01
 1.43562438e+02
 3.16984009e+01
 7.93185951e+01
 7.38966131e+01
 3.36009583e+01
 4.99749772e+01
 2.12565076e+01
 1.05272881e+02
 9.10973961e+01
 4.95935847e+01
 1.54460708e+02
 1.60924434e+02
 1.04824944e+02
 4.53982367e+01
 3.12165981e+01
 4.35426160e+01
 4.96237498e+01
 2.04611374e+01
 1.49575073e+01
 9.87332631e+00
 1.23357999e+02
 1.92419068e+02
 7.60168068e+01
 2.41407814e+01
 5.12948098e+01
 1.99080736e+01
 5.34212882e+01
 1.02370820e+02
 5.38254049e+01
 8.47914142e+01
 2.92428980e+01
 5.86798266e+01
 1.33844325e+02
 1.13105225e+02
 1.41169027e+02
 7.18577962e+01
 3.96021586e+01
 3.11678908e+01
 1.09153131e+02
 3.37018473e+01
 4.22965775e+01
 1.90862608e+01
 4.59665971e+01
 6.34513287e+01
 3.00903012e+01
 8.15025094e+01
 1.28366367e+02
 9.82531575e+01
 7.86843292e+01
 7.15129037e+01
 4.56761205e+01
 4.72955957e+01
 4.02549056e+01
 3.90954207e+01
 6.67786680e+01
 1.03187035e+02
 5.15920790e+01
 9.08454827e+01
 3.95078774e+01
 5.03687147e+01
 4.43944343e+01
 9.14346347e+01
 1.20042320e+02
 2.37717142e+01
 4.98430718e+00
 3.44366915e+01
 3.36427014e+01
 4.68274372e+01
 1.23697498e+02
 1.08846583e+02
 9.71944370e+01
 5.87815886e+01
 5.20142255e+01
 4.53064656e+00
 1.13276779e+02
 1.04575245e+02
 5.68496337e+01
 6.37308716e+01
 3.74604626e+00
 1.58606162e+01
 6.68074614e+01
 5.74436902e+01
 3.34814729e+01
 3.56779594e+01
 8.87008145e+01
 7.03068643e+01
 2.68099029e+01
 5.40221404e+01
 5.52940490e+01
 1.94537905e+01
 2.41322311e+01
 3.04403547e+01
 4.88153517e+01
 1.00442971e+02
 3.11201259e+01
 2.86100349e+01
 6.87195088e+01
 1.06280166e+02
 1.02760966e+02
 1.68149282e+01
 3.42606562e+01
 4.25651527e+01
 6.14134572e+01
 5.01395609e+01
 1.20015577e+02
 1.16166851e+02
 5.98635387e+01
 6.59714684e+01
 9.21062728e+01
 2.14164265e+02
 3.66851935e+01
 2.06749198e+01
 1.64957123e+01
 3.22447016e+01
 7.20791790e+01
 4.84830229e+01
 8.75470568e+01
 2.06508055e+01
 2.62207812e+01
 6.11040620e+01
 4.56581712e+01
 1.78387612e+02
 2.78255436e+01
 7.22582048e+01
 6.22447487e+00
 1.98685816e+01
 2.81231291e+01
 7.27404304e+01
 5.83890238e+01
 7.84869479e+01
 7.62928289e+01
 1.12135361e+02
 7.06245651e+01
 3.54541381e+01
 8.57029902e+01
 1.38552539e+02
 7.40827715e+01
 9.68467489e+01
 2.35079768e+01
 1.54236631e+01
 6.68566392e+01
 3.05120106e+01
 9.55151333e+01
 5.23383057e+01
 4.76493766e+01
 8.17252390e+01
 6.71954148e+01
 4.07073178e+01
 6.26295232e+01
 6.49587605e+01
 1.74289866e+01
 5.22906129e+01
 8.24273158e+01
 7.24793802e+01
 6.75423608e+01
 2.56920470e+01
 4.22612561e+01
 6.00624373e+01
 8.78445371e+01
 2.89561673e+01
 2.84297741e+01
 3.60255181e+01
 7.25631177e+01
 7.74698810e+01
 1.11432841e+02
 5.09930472e+01
 5.26897753e+01
 6.98295563e+01
 1.11499367e+02
 9.47219748e+01
 5.57640118e+01
 5.16856405e+01
 6.66609853e+01
 5.43235241e+01
 5.00207335e+01
 3.96810046e+01
 8.96860319e+01
 1.24485718e+02
 4.50590250e+01
 6.85372876e+01
 6.49004476e+01
 6.35175148e+01
 1.65049365e+01
 2.91810634e+00
 2.52831831e+01
 1.09384880e+01
 2.15521029e+01
 2.74900087e+01
 9.55398927e+01
 1.49365458e+02
 7.70723995e+01
 1.13113577e+02
 1.61330762e+01
 6.81159635e+01
 1.24548755e+02
 8.68930030e+01
 4.56060364e+01
 7.47786416e+01
 4.69733628e+01
 7.94047443e+01
 8.65617668e+01
 7.33315840e+01
 8.55452669e+01
 7.53168200e+01
 1.22251911e+02
 8.12178465e+01
 6.52109421e+01
 3.45060749e+01
 6.38907768e+01
 5.76292891e+00
 7.94699258e+01
 7.11572879e+01
 1.80527795e+02
 5.58661018e+01
 2.26543132e+01
 2.53757483e+01
 5.51326455e+01
 5.23568192e+01
 2.09913900e+01
 1.17083599e+01
 3.42076222e+01
 3.71650626e+01
 1.21853524e+01
 5.88491641e+01
 6.31583524e+01
 9.07967597e+01
 8.35307903e+01
 1.92702642e+01
 5.81268441e+01
 1.29007880e+02
 7.49547458e+01
 2.55016403e+01
 8.93705614e+01
 3.52651515e+01
 6.36656864e+01
 9.77063198e+01
 6.69846164e+01
 4.31557095e+01
 2.74936253e+01
 1.59475864e+01
 4.71986492e+01
 5.19006167e+01
 4.43935997e+01
 3.68091335e+01
 5.96513980e+01
 5.37897876e+01
 8.99191075e+01
 9.83556920e+01
 7.88058017e+01
 1.14549762e+02
 1.66141634e+02
 1.52439605e+02
 9.56309312e+01
 6.11875191e+01
 2.91259665e+01
 8.51872347e+01
 9.63651771e+01
 3.84381490e+01
 1.46894950e+02
 5.05771482e+01
 7.66053616e+01
 5.18352556e+01
 8.09760403e+01
 7.67348978e+01
 2.31493091e+01
 6.45763084e+01
 3.41772343e+01
 6.42018382e+01
 8.36398155e+01
 4.39955482e+01
 5.87129618e+01
 3.16812201e+01
 5.16244923e+01
 3.88739664e+01
 5.39060557e+01
 1.20512148e+02
 1.04417923e+02
 3.09027942e+01
 1.33150669e+01
 5.26650208e+01
 2.98923964e+01
 3.42505790e+01
 3.83715804e+01
 2.96150254e+01
 1.42634880e+02
 9.99646434e+01
 1.04641689e+02
 3.43292293e+01
 5.68107585e+01
 1.25163926e+02
 7.66698514e+01
 3.84732269e+01
 6.61871852e+01
 1.28417259e+01
 3.78075413e+01
 9.35466128e+01
 1.30779021e+02
 1.13382240e+02
 5.97656167e+01
 6.29662599e+01
 2.09473328e+02
 8.43992794e+01
 3.03898331e+01
 1.88476966e+01
 3.87199562e+01
 4.86815913e+01
 5.62678314e+01
 6.42064638e+01
 7.15730922e+01
 2.81084682e+01
 1.85606602e+01
 5.88492506e+01
 9.37026639e+01
 3.29076266e+01
 1.34054712e+01
 2.85879795e+01
 6.35608316e+01
 2.95324694e+01
 5.65179297e+01
 6.02655621e+01
 6.28498049e+01
 8.17879352e+01
 1.92974440e+02
 1.10282498e+02
 1.89225286e+02
 7.02333363e+01
 1.60827114e+01
 9.30508462e+00
 3.93570287e+01
 4.95336644e+01
 8.82637544e+01
 7.27072145e+01
 4.29180475e+01
 6.05247358e+01
 8.13871466e+00
 5.71194732e+01
 5.30127113e+01
 7.33587610e+01
 5.86836267e+01
 4.45085398e+01
 1.51825636e+01
 1.06934418e+01
 5.87095563e+01
 5.32662696e+01
 2.98714128e+01
 1.33028963e+02
 7.98057661e+01
 7.18042823e+00
 1.31620014e+01
 1.05994054e+02
 9.96231442e+00
 8.03484658e+01
 9.40042150e+01
 3.18410879e+01
 4.84070212e+01
 1.11846981e+02
 9.48049641e+01
 6.86385035e+01
 3.13101089e+01
 1.69171144e+01
 8.93679050e+01
 1.32949900e+01
 4.72625963e+01
 3.93565171e+01
 7.61349474e+01
 1.05388127e+02
 4.70197441e+01
 1.13187980e+02
 6.26053143e+01
 1.19120063e+02
 3.57441160e+01
 1.00378384e+02
 1.44854082e+02
 7.95058323e+01
 6.72001202e+01
 3.61263790e+01
 3.63208611e+01
 2.65599476e+01
 7.88215382e+01
 1.14195650e+02
 5.17410739e+01
 1.34922709e+02
 7.71010077e+01
 8.81620859e+01
 8.18923214e+01
 6.72041235e+01
 6.39259319e+01
 3.94135412e+01
 3.72227574e+01
 1.18614936e+02
 3.70827221e+01
 4.91452242e+01
 1.22045020e+02
 5.22744128e+01
 4.76987813e+01
 8.84020700e+01
 6.06118421e+01
 7.57928613e+01
 4.35840320e+01
 8.08926612e+01
 6.70219114e+01
 4.94729375e+01
 8.78239802e+01
 7.03053670e+01
 6.52072446e+01
 9.27344001e+01
 6.41809959e+01
 1.24595249e+02
 9.68999534e+01
 9.02542218e+01
 2.96764265e+01
 3.30250998e+01
 7.64734040e+01
 4.11344580e+01
 2.95578643e+01
 2.32431859e+01
 8.04279570e+01
 8.20767934e+01
 7.54617566e+01
 4.09688262e+01
 1.75727420e+01
 6.37504443e+01
 3.61651511e+01
 4.54373002e+01
 3.04057620e+01
 3.62405991e+01
 2.78493847e+01
 3.00966373e+01
 2.78921193e+01
 1.46728487e+02
 6.24327146e+01
 8.34459302e+01
 9.75613060e+00
 2.31328898e+02
 4.74147530e+01
 8.68709914e+01
 3.24008724e+01
 3.08936120e+01
 5.39244377e+01
 1.13254732e+02
 3.55798425e+01
 6.37822006e+01
 4.46928907e+01
 5.47387796e+01
 4.90221060e+01
 3.78083306e+01
 1.03872984e+02
 8.52009055e+01
 4.26928742e+01
 6.36008710e+00
 3.46746625e+01
 5.50444359e+01
 1.77514319e+02
 2.19326983e+02
 7.17590996e+01
 8.20965278e+01
 3.53241002e+01
 1.08838199e+02
 5.31989043e+01
 3.42593676e+01
 5.68454243e+00
 3.96990196e+01
 1.25964344e+02
 5.96041813e+01
 8.25881594e+01
 4.49277748e+01
 3.00475520e+01
 1.63236500e+02
 7.43574535e+01
 3.92104576e+01
 6.53705388e+01
 3.19182417e+01
 5.19267110e+01
 3.86260723e+01
 4.01837771e+01
 2.13220922e+01
 1.71608094e+02
 2.41712512e+01
 1.77570600e+02
 6.64459653e+01
 5.91108837e+01
 2.31711427e+02
 4.01513881e+01
 3.10023726e+01
 4.82260418e+01
 4.44513431e+01
 6.82654579e+00
 9.36204374e+01
 9.75968237e+01
 1.40071142e+02
 8.77086506e+01
 1.49946732e+01
 3.02188006e+01
 6.62097863e+01
 5.98934779e+01
 4.95769057e+01
 5.03223432e+01
 1.71563130e+01
 5.72681271e+01
 9.47629327e+01
 1.78531706e+02
 3.09295174e+01
 3.96991904e+01
 7.57531644e+01
 6.84690764e+01
 3.50066954e+01
 4.72125909e+01
 9.13265449e+01
 8.09844347e+01
 2.86546292e+01
 1.04563250e+02
 1.82469307e+01
 6.85791038e+01
 1.27530737e+02
 5.98584036e+01
 6.99435704e+01
 1.18833214e+02
 1.43966948e+02
 4.11494826e+01
 5.11197550e+01
 5.09368301e-01
 8.04281081e+01
 7.13828462e+01
 1.62137928e+01
 8.41075842e+01
 1.60552331e+02
 1.66676675e+02
 1.30764902e+02
 1.42068453e+02
 8.86760799e+01
 7.30512879e+01
 8.31716668e+01
 1.68497860e+01
 3.68413861e+01
 4.70174640e+01
 1.42610084e+01
 4.36040370e+01
 1.92552780e+02
 9.04322440e+01
 7.87671279e+01
 3.49555922e+01
 3.59775716e+01
 5.51551022e+01
 5.61699874e+01
 3.44387783e+01
 6.71192076e+01
 4.33071190e+01
 7.81888393e+01
 1.19627358e+02
 8.24662847e+01
 2.93059122e+01
 1.54252713e+02
 3.53753880e+01
 4.71737669e+01
 7.66433494e+01
 6.33531196e+01
 3.30475061e+01
 6.85114947e+01
 1.43941699e+01
 1.37833563e+02
 7.44724764e+01
 5.97788277e+01
 4.80963691e+01
 1.81320147e+01
 3.08394431e+01
 8.76700840e+01
 6.39710433e+01
 1.02221523e+01
 2.56274007e+01
 4.90071623e+01
 4.55659157e+01
 3.93125885e+01
 1.54359137e+02
 1.06086659e+02
 2.77376970e+01
 5.15266726e+01
 3.69353265e+01
 1.55555771e+01
 1.24126524e+02
 5.53816667e+01
 3.20796237e+01
 6.11439106e+01
 9.13872595e+01
 6.26959343e+01
 5.96249919e+01
 3.26795951e+01
 5.22691236e+00
 1.87481840e+01
 8.02107995e+01
 4.72334876e+01
 2.86969461e+01
 6.26982132e+01
 7.16911305e+01
 6.75154461e+01
 6.47910848e+01
 1.20960588e+02
 7.79090843e+01
 1.12735027e+02
 1.11055380e+02
 5.02346086e+01
 5.20415856e+01
 5.23145451e+01
 1.22496940e+02
 4.85053914e+01
 2.18982962e+01
 1.01360933e+01
 1.68347523e+01
 8.14927686e+01
 4.74752889e+01
 5.86628721e+01
 9.84964545e+01
 9.20870417e+01
 5.78533562e+01
 2.25652948e+01
 1.03363359e+02
 7.90790613e+01
 1.25739648e+01
 2.35750115e+00
 4.34433445e+01
 8.92808978e+01
 1.99719940e+01
 1.91117966e+02
 9.00343006e+01
 1.15637429e+02
 6.48501452e+01
 8.85830507e+00
 2.66599928e+01
 1.86125456e+01
 7.55256964e+01
 1.86676149e+01
 2.24823444e+01
 6.27942241e+01
 1.49074070e+02
 1.45509640e+02
 1.27416564e+02
 4.99019741e+01
 1.51690996e+02
 3.38765273e+01
 5.29149023e+01
 5.13919429e+01
 1.47229555e+01
 1.38652699e+01
 3.34351331e+01
 3.04306540e+01
 8.77013622e+01
 5.91366738e+01
 6.53245229e+01
 4.64765084e+01
 4.08734393e+01
 5.30877821e+01
 8.57557679e+01
 4.48965542e+01
 1.15166893e+02
 7.56622619e+01
 5.98337709e+01
 4.61026515e+01
 9.05516953e+01
 4.97608666e+01
 4.35601892e+01
 2.91423452e+01
 7.04714324e+01
 4.96178109e+01
 8.77768229e+01
 3.26928331e+01
 4.47612446e+01
 7.97279468e+00
 1.05209109e+02
 5.32258259e+01
 9.86461705e+01
 1.47309683e+02
 6.47480823e+00
 7.61767539e+01
 7.66260601e+01
 2.61262867e+01
 8.60273038e+01
 4.48759359e+01
 3.89356730e+01
 4.17466687e+01
 6.16377096e+01
 2.63600194e+01
 1.28000783e+02
 1.09176620e+02
 9.18640316e+01
 2.34226952e+01
 7.14633788e+01
 1.23342458e+02
 3.27739292e+01
 5.69752333e+01
 1.15282895e+02
 4.58561320e+01
 7.19392995e+01
 2.98334277e+01
 5.25180672e+01
 4.16031568e+01
 8.05551011e+01
 4.50537876e+01
 1.39882973e+02
 9.45167962e+01
 7.61187690e+01
 4.41322134e+01
 3.37935233e+01
 3.11380861e+01
 1.69270873e+01
 5.87697900e+01
 9.72958425e+01
 4.13150435e+01
 8.06321564e+01
 4.65971204e+00
 4.78963248e+01
 8.09010313e+01
 8.12379137e+01
 1.07979649e+02
 4.88816789e+01
 4.89221710e+01
 7.40856119e+01
 4.75585315e+01
 3.21396587e+01
 4.49469264e+01
 1.49331376e+01
 1.31582615e+02
 1.19776979e+02
 5.98601673e+01
 2.67669768e+01
 1.08664435e+02
 4.58668677e+01
 5.30523211e+01
 6.31199417e+01
 3.19702763e+01
 1.02297691e+02
 3.82038655e+01
 6.34709533e+01
 6.58517383e+00
 9.03770181e+01
 5.09232631e+01
 1.22777237e+02
 1.87963496e+01
 1.42082007e+02
 9.81337827e+00
 1.04573082e+01
 3.61514947e+01
 3.82642774e+01
 8.08827651e+01
 7.78504549e+01
 2.17462075e+01
 3.10222108e+01
 4.41342645e+01
 3.51850390e+01
 4.26670917e+01
 2.52978039e+01
 3.35769814e+01
 5.20489052e+01
 9.66490873e+01
 1.28008685e+02
 8.67927361e+01
 2.53311088e+01
 4.05802175e+01
 5.19860733e+01
 1.00656633e+02
 3.96389673e+01
 5.12802088e+01
 3.82497272e+01
 1.02251592e+02
 5.30097524e+01
 4.64009629e+01
 1.15643958e+02
 1.53896570e+02
 4.06562740e+01
 5.69895472e+01
 9.00755430e+01
 1.27787936e+02
 6.73298909e+01
 2.40605107e+01
 1.71266217e+02
 2.05022490e+01
 6.91658755e+01
 8.22396622e+01
 1.10873976e+02
 2.42971204e+01
 9.48292071e+01
 4.85322653e+01
 1.89156808e+02
 1.07039805e+02
 1.86171667e+02
 1.29629170e+01
 5.42290485e+01
 2.82544390e+01
 4.68992941e+01
 2.72514340e+01
 7.41658680e+01
 1.50826260e+02
 7.82603931e+01
 9.01626871e+01
 4.31059068e+01
 7.84633647e+01
 4.90170235e+01
 4.84306163e+01
 9.64650625e+01
 7.62131955e+01
 4.93225786e+01
 4.64584035e+01
 6.29848270e+01
 8.47428170e+00
 9.22047195e+01
 4.31416909e+01
 2.81220916e+01
 4.40466809e+01
 8.96718412e+01
 2.20031558e+01
 2.14156119e+01
 3.33772515e+01
 7.93581528e+01
 8.34424223e+01
 1.12850178e+02
 8.56863280e+01
 2.37503238e+01
 4.06407373e+01
 6.14498166e+01
 1.02978541e+02
 2.40426120e+01
 5.49839425e+01
 1.05862549e+02
 2.46090325e+01
 5.12659887e+00
 5.87249521e+01
 5.52457579e+01
 4.50541084e+01
 9.83268998e+01
 1.38875990e+02
 3.90821823e+01
 1.80948622e+01
 5.35471598e+01
 5.30936479e+01
 5.40425978e+01
 1.05812784e+02
 5.82909947e+01
 1.74313818e+02
 1.08803959e+02
 1.31214549e+02
 9.98892858e+01
 5.75095289e+01
 1.15390923e+02
 1.28419345e+02
 6.49518486e+01
 5.60402173e+01
 5.33686762e+01
 3.69987149e+00
 3.22735383e+01
 4.39193124e+01
 9.85853779e+01
 1.82312001e+02
 1.08579634e+02
 5.96256057e+01
 1.01864263e+02
 4.86060368e+01
 7.66999814e+00
 3.50695512e+01
 2.93165234e+01
 4.49059190e+01
 6.53026867e+01
 3.03738569e+01
 1.69374856e+02
 2.16121503e+01
 3.43186035e+01
 3.80274699e+01
 5.38155604e+01
 9.43617113e+01
 2.44769884e+01
 1.02502042e+02
 5.18093596e+01
 3.93130430e+01
 5.11138648e+01
 5.15614848e+01
 4.52590149e+01
 6.20777270e+01
 3.33536930e+01
 6.07843675e+01
 1.24510565e+02
 2.46007452e+01
 8.15164087e+01
 6.63058910e+01
 9.83585653e+00
 2.33107840e+01
 7.68564294e+00
 2.07743762e+01
 6.36486393e+01
 8.14201698e+01
 6.99258217e+01
 2.24354077e+01
 9.94595069e+01
 7.00020244e+01
 6.48660671e+01
 2.51887397e+01
 4.72506711e+01
 7.00874763e+01
 1.04293625e+02
 8.46762249e+01
 1.25979681e+02
 1.94316896e+02
 3.93722780e+01
 3.24012743e+01
 6.63510517e+01
 1.01202928e+02
 7.47054497e+01
 1.12784100e+01
 1.50240342e+01
 3.33526153e+01
 3.12318185e+01
 1.21375502e+02
 1.31901954e+02
 1.10153399e+02
 6.70724485e+01
 9.68964046e+00
 7.37169546e+01
 2.01966946e+01
 1.03900302e+02
 2.58981465e+01
 1.04546335e+02
 3.26135691e+01
 4.44237576e+01
 7.53503476e+01
 8.10519896e+01
 8.43794835e+01
 4.05162387e+01
 3.36456051e+01
 4.60375775e+01
 3.38592220e+01
 9.38025615e+01
 1.03868730e+02
 5.43333820e+01
 8.54539182e+01
 6.86956855e+01
 1.49019984e+02
 1.74383038e+02
 1.50050314e+02
 5.89041822e+01
 4.60138700e+01
 7.34014011e+01
 1.05152974e+02
 7.12379585e+01
 7.28967218e+01
 1.19884696e+02
 9.97786079e+01
 1.51340058e+02
 1.85439255e+01
 1.46697596e+02
 9.65995817e+01
 6.25887301e+01
 4.30651472e+01
 7.09702651e+01
 6.23561173e+01
 1.13711099e+02
 6.58433110e+01
 7.62402748e+01
 7.63724848e+01
 5.87789577e+01
 2.20233015e+01
 4.78327413e+01
 1.04731676e+02
 6.37228299e+01
 2.89360192e+01
 1.04709714e+02
 9.36965786e+01
 3.26047827e+01
 1.48658592e+01
 5.61531839e+01
 2.64049180e+01
 9.21589034e+01
 3.90353217e+01
 4.55428955e+01
 1.95510104e+02
 1.03202525e+02
 9.78659130e+01
 9.90126268e+01
 1.09235100e+02
 2.99544996e+01
 6.29960667e+01
 1.15616928e+02
 8.28099222e+01
 8.27552781e+01
 8.66421070e+01
 1.02656824e+02
 5.24644908e+01
 3.44117607e+01
 6.52246424e+01
 1.09877365e+02
 7.65646367e+01
 3.97730473e+01
 3.28918828e+01
 5.15381023e+01
 7.85857951e+01
 4.54201362e+01
 4.85861690e+01
 8.09001300e+01
 1.17488905e+02
 6.75726841e+01
 4.49502970e+01
 3.41225683e+01
 1.71346878e+02
 2.85038766e+01
 4.34643719e+01
 1.31560557e+01
 1.16431047e+01
 2.34260813e+01
 1.34121208e+02
 4.69130379e+01
 3.84066970e+01
 3.75607804e+01
 2.82528261e+01
 1.47626594e+01
 1.58381006e+02
 6.02498759e+01
 5.03302017e+01
 1.46819371e+01
 2.23241657e+01
 8.03104205e+00
 1.94044474e+01
 1.34619974e+02
 4.91342386e+01
 5.42589089e+01
 1.07231888e+02
 5.87840524e+01
 6.64539505e+01
 1.23818788e+02
 1.32738989e+02
 1.62655551e+01
 7.45247856e+00
 6.36260772e+01
 3.11549495e+01
 6.95447597e+01
 1.25828951e+02
 2.07829404e+02
 1.21654404e+02
 1.09653854e+01
 8.49118996e+01
 1.50206752e+02
 3.37269282e+01
 1.54004349e+01
 5.31562213e+01
 2.70089704e+01
 4.67670781e+01
 7.49741492e+01
 4.36317225e+01
 1.72729700e+01
 1.65586449e+01
 6.62449141e+00
 1.30138833e+02
 8.00544183e+01
 3.13836246e+01
 5.68123191e+01
 2.95910026e+01
 1.56314923e+01
 1.16853206e+02
 8.79922097e+01
 1.23771932e+02
 9.99873977e+01
 2.79447123e+01
 8.06150576e+01
 7.25517563e+01
 8.44007756e+01
 9.77298873e+01
 6.21571067e+01
 1.24753861e+02
 4.88691433e+01
 3.52039124e+01
 3.26348712e+01
 3.52585147e+01
 3.35991191e+01
 7.08773879e+01
 4.76437660e+01
 1.15902056e+02
 2.94525456e+01
 3.65568234e+01
 4.03575193e+01
 1.00900627e+00
 2.86273256e+01
 1.19422547e+02
 6.43715683e+01
 1.75312021e+02
 7.13028921e+01
 5.96621261e+01
 4.15220778e+00
 3.46450872e+01
 3.74394681e+01
 4.68110869e+01
 5.32059520e+01
 5.19411643e+01
 1.02190001e+02
 1.16057146e+02
 9.71385067e+01
 7.53724789e+01
 3.10771015e+01
 1.46389677e+02
 4.12485928e+01
 9.25830971e+01
 7.12618485e+01
 7.56759727e+00
