 3.16792053e+01
 4.71636700e+01
 1.76211790e+01
 1.35846851e+01
 4.37805002e+01
 3.06882907e+01
 4.54666783e+01
 2.50089417e+01
 2.52504076e+01
 5.42827232e+01
 9.15101969e+01
 1.67560771e+01
 4.57499158e+01
 4.78134037e+01
 3.00742090e+01
 3.22811621e+01
 4.28901359e+01
 3.67237701e+01
 3.62603243e+01
 6.45497805e+01
 2.94460250e+01
 4.03720962e+01
 2.15018400e+01
 4.34431545e+01
 3.73307522e+01
 2.23991040e+01
 3.63163838e+01
 2.08138794e+01
 4.38743930e+01
 4.15613222e+01
 1.89635206e+01
 4.89022825e+01
 8.14009239e+01
 1.38939903e+01
 1.54122580e+01
 2.71602405e+01
 5.18123364e+01
 5.44872403e+01
 4.89259067e+01
 1.84173443e+01
 9.56846490e+01
 2.51310661e+01
 5.52707853e+01
 3.97418348e+00
 4.32488979e+01
 9.85250823e+01
 3.40546961e+01
 3.25953521e+01
 1.57981555e+01
 1.54516982e+01
 3.33262589e+01
 2.99561403e+01
 9.15118361e+01
 2.76443789e+01
 3.64125640e+01
 4.93424611e+01
 5.04887217e+01
 6.32055278e+01
 3.28722097e+01
 5.76237525e+01
 3.46594522e+01
 2.22770386e+01
 2.16101867e+01
 3.38343160e+01
 4.57958098e+01
 2.21134183e+01
 1.15895408e+01
 4.54596894e+00
 6.32285628e+01
 3.36695582e+01
 1.44867670e+01
 5.69611143e+01
 4.18271232e+01
 2.22725809e+01
 5.15185462e+01
 2.65518796e+01
 4.70004998e+01
 8.82255783e+00
 7.32418042e+01
 4.41881194e+01
 6.50221560e+01
 3.39361676e+01
 2.69617814e+01
 4.47830029e+01
 2.87290063e+01
 9.11502510e+00
 3.30818073e+01
 5.13153570e+01
 5.21362403e+00
 6.89388140e+01
 4.81197400e+01
 1.59751631e+01
 2.30724245e+01
 3.75298116e+01
 1.71687043e+01
 6.57098090e+01
 5.97812850e+01
 3.03787888e+01
 3.43017246e+01
 4.71683942e+01
 8.13027018e+01
 3.29976168e+01
 4.42223109e+01
 1.35216747e+01
 2.62824700e+01
 4.19815455e+01
 4.72662173e+01
 2.71832192e+01
 2.77035273e+01
 2.41917662e+01
 3.15154775e+01
 7.68335499e+01
 4.61637078e+01
 2.93618773e+01
 2.06280781e+01
 5.46153723e+01
 8.90479078e+00
 1.50577417e+02
 1.11194997e+02
 4.53270814e+01
 9.78124649e+00
 2.15393675e+01
 1.44269814e+01
 1.67524988e+01
 2.17419031e+01
 1.32064209e+01
 9.00395721e+00
 1.74054318e+01
 7.20609917e+01
 2.28572364e+00
 2.75800264e+01
 6.39995438e+01
 4.54213688e+01
 4.22163252e+01
 3.33395521e+01
 2.84850244e+01
 3.34352865e+01
 2.80785055e+01
 2.39666300e+01
 1.19395451e+01
 2.84386989e+01
 6.01471805e+01
 3.43874446e+01
 6.89456668e+01
 2.15130102e+01
 7.35362135e+01
 4.84105388e+01
 2.40084932e+01
 1.85479699e+01
 4.91039789e+01
 7.28758685e+00
 7.80459528e+01
 5.81580751e+01
 6.27058525e+01
 5.02554182e+01
 2.92783295e+01
 4.18600237e+01
 4.00851326e+01
 2.29572846e+01
 6.66292356e+01
 4.47970001e+01
 1.57065123e+01
 1.63372312e+02
 3.96294504e+01
 2.64391553e+01
 4.25298188e+01
 5.53213326e+01
 1.59591062e+01
 6.78885638e+01
 4.63101227e+01
 2.35641459e+01
 4.96149806e+01
 2.76805998e+01
 3.80500492e+01
 1.15605610e+01
 1.68365854e+01
 2.81496946e+01
 9.90343992e+01
 5.77895223e+01
 3.63622535e+01
 1.76295174e+01
 8.74797122e+00
 5.26951491e+01
 2.52436748e+01
 5.38315972e+01
 1.17510895e+02
 8.60516996e+01
 2.95070666e+01
 1.53747667e+02
 2.80558714e+01
 2.43764095e+01
 2.76273685e+01
 2.59707950e+01
 1.07400860e+01
 1.79895726e+01
 5.55643722e+01
 4.50131748e+01
 2.92310811e+01
 2.85464726e+01
 1.90600541e+01
 8.84306647e+01
 8.96333073e+01
 6.97691363e+01
 7.36603220e+01
 5.00874601e+01
 1.89763694e+01
 2.86563358e+01
 4.32082514e+01
 1.71591062e+02
 1.05438984e+02
 2.61678447e+01
 2.59540792e+01
 1.28205152e+01
 3.96313992e+01
 1.15999173e+02
 3.79116775e+01
 4.29584800e+01
 3.31597788e+01
 2.87906515e+01
 5.39858078e+01
 4.47011146e+01
 3.15000767e+01
 6.66805317e+01
 3.76474188e+01
 6.88105850e+01
 3.63398643e+01
 3.92085560e+01
 6.25209267e+01
 3.57860418e+01
 4.20826820e+01
 6.58330603e+01
 5.74631388e+01
 8.46976785e+01
 3.38116707e+01
 3.78697224e+01
 3.75458234e+01
 4.39108540e+01
 3.17382756e+01
 3.43296880e+01
 3.55313542e+01
 5.53272906e+01
 2.16836511e+01
 2.13594209e+01
 2.60519554e+01
 5.28956847e+01
 4.33210063e+01
 4.74069058e+01
 3.35064150e+01
 3.40186136e+01
 1.05024885e+01
 3.13522906e+01
 2.64498125e+00
 6.61172040e+01
 3.28936080e+01
 4.39771041e+01
 3.12251767e+01
 2.30216971e+01
 4.12509172e+01
 1.52971246e+01
 3.57306547e+01
 4.64422223e+01
 2.31966402e+01
 5.78775480e+01
 2.35900381e+01
 5.68773991e+01
 7.73554067e+01
 3.99161811e+01
 7.83194115e+01
 6.73541757e+01
 5.41139425e+01
 9.32423699e+00
 3.33868323e+01
 1.97850560e+01
 8.46872038e+01
 7.22658978e+01
 5.05255341e+01
 4.46840530e+01
 3.06476153e+01
 5.93108709e+01
 9.91867286e+00
 8.67060651e+01
 7.36077169e+01
 6.50961634e+01
 2.84511255e+01
 8.01704842e+00
 8.93576287e+00
 6.57690166e+01
 3.24399457e+01
 4.87190911e+01
 8.57316304e+00
 3.24757620e+01
 1.57214276e+01
 9.04150362e+01
 3.55725618e+01
 2.04901182e+01
 6.60327080e+00
 3.23558419e+00
 3.17075894e+01
 3.17136745e+01
 2.47842971e+01
 4.49543456e+01
 2.66794696e+01
 1.91643535e+01
 5.89342807e+01
 2.19379200e+01
 3.91774405e+01
 7.79177357e+00
 3.82133147e+00
 6.13643652e+01
 5.75191998e+01
 5.57505887e+01
 4.09300989e+01
 5.27995459e+01
 3.69637441e+01
 3.30260353e+01
 9.01758556e+01
 4.22885582e+01
 5.62978804e+01
 5.79767421e+01
 4.29462124e+01
 2.73664827e+01
 5.92202228e+01
 9.62684692e+01
 3.16434011e+01
 8.64997123e+00
 2.69346963e+01
 1.19584107e+01
 3.74457836e+01
 2.51609402e+01
 1.82607710e+01
 1.17611612e+01
 3.80764796e+01
 5.42287201e+01
 5.85121680e+01
 6.30283810e+01
 4.30095189e+01
 1.47527745e+01
 1.86013280e+01
 4.53217125e+01
 7.43742571e+01
 1.30572517e+02
 3.99842666e+01
 3.22988360e+01
 9.89862044e+00
 2.73525716e+01
 6.63284239e+01
 6.70584493e+01
 4.19690196e+01
 6.23545047e+01
 6.27864893e+01
 5.64021422e+01
 2.41124810e+01
 7.43920985e+01
 4.62864163e+01
 3.43620202e+01
 4.31690958e+01
 1.89429525e+01
 1.18319791e+01
 6.13118610e+01
 6.24680170e+01
 2.69396981e+01
 4.71474497e+01
 2.82407777e+01
 5.50032001e+01
 4.16837700e+01
 9.56221711e+01
 7.85052784e+01
 4.20910286e+01
 6.28631548e+01
 6.47907682e+01
 3.21670234e+01
 5.81513491e+01
 7.12686129e+01
 4.52702188e+01
 3.09384059e+01
 2.40176353e+01
 9.75844781e+01
 7.47027622e+01
 4.57682929e+01
 4.07892815e+01
 6.87318852e+01
 6.16952575e+01
 3.28998692e+01
 1.28566878e+02
 3.72992549e+01
 7.86692990e+01
 4.17066196e+01
 5.24634724e+01
 5.55324204e+01
 4.08595541e+01
 2.70206899e+01
 3.52823740e+01
 1.57006532e+02
 7.46683447e+01
 3.70364783e+01
 7.35314240e+01
 1.97975636e+01
 5.36035012e+01
 7.36022967e+01
 5.23476246e+01
 9.77941463e+00
 1.07797205e+02
 2.54635657e+01
 5.22164136e+01
 4.95829339e+01
 5.83174495e+01
 3.51437277e+01
 7.93157958e+01
 2.81091344e+01
 5.29517345e+01
 2.87087608e+01
 6.06899903e+01
 9.41722204e+01
 1.40318142e+02
 5.66138492e+01
 3.80346609e+01
 2.15876474e+01
 3.91868285e+01
 2.76115992e+01
 6.90155651e+01
 5.77513448e+01
 2.60306314e+01
 6.48208332e+01
 2.60711046e+01
 6.05924066e+01
 1.04026032e+01
 3.62722016e+00
 1.05900726e+02
 3.29466732e+01
 6.84286668e+01
 3.65576552e+01
 2.55454540e+01
 4.28303323e+01
 9.91178223e+00
 2.24574486e+01
 3.57103430e+01
 3.20468815e+01
 2.59894722e+01
 4.06748460e+01
 2.13143241e+00
 2.95764865e+01
 1.46110144e+01
 3.94211308e+01
 4.42244351e+01
 5.05013106e+01
 8.91663113e+01
 2.69926419e+01
 1.85789071e+01
 5.12649254e+01
 3.13501525e+01
 9.50163496e+00
 1.82509179e+01
 4.95293217e+01
 3.54995815e+01
 1.10924569e+01
 8.62302772e+01
 5.29571691e+01
 2.88533799e+01
 5.73009119e+00
 2.13229008e+01
 3.42917882e+01
 7.11635916e+01
 6.13997523e+01
 1.22811575e+01
 1.14741777e+02
 1.17658736e+01
 3.92466541e+01
 3.38157858e+01
 3.77083040e+01
 6.91129021e+01
 2.60458260e+01
 8.76387010e+00
 4.45223373e+01
 2.54522915e+01
 3.66653078e+01
 6.49035448e+01
 6.37136707e+01
 5.35970746e+01
 4.34260384e+01
 3.29678151e+01
 4.03145654e+01
 4.90993670e+00
 2.54318857e+01
 1.42374190e+01
 2.52242394e+01
 9.49369568e+01
 4.79203785e+01
 1.33394339e+02
 7.93969271e+01
 1.32669846e+02
 4.04570923e+01
 6.45649616e+01
 1.58931835e+01
 5.70348301e+01
 4.90653964e+01
 4.63451488e+01
 7.75852339e+01
 6.82819310e+01
 1.66314823e+01
 5.39271611e+01
 1.77233419e+00
 3.89702762e+01
 1.74536845e+01
 5.42097506e+01
 6.36244597e+01
 1.95025700e+01
 2.54985027e+01
 1.77313155e+01
 1.50219514e+01
 2.93605618e+01
 5.67388107e+01
 4.11501127e+01
 4.72326289e+01
 5.10989273e+01
 2.00058911e+01
 6.19642980e+01
 3.58952692e+01
 9.20567428e+00
 4.90901753e+01
 4.55725736e+01
 7.50954128e+01
 5.76625192e+01
 2.29784120e+01
 2.99252896e+01
 5.81549397e+01
 4.00907978e+01
 3.80338938e+01
 5.83788219e+01
 3.76147741e+01
 5.66669835e+01
 5.85135858e+01
 2.06011349e+01
 2.23505305e+01
 4.10067225e+01
 8.31182407e+01
 2.30522395e+01
 2.12550333e+01
 1.09821950e+02
 4.97124925e+01
 9.32105011e+01
 3.96647966e+01
 1.46954417e+01
 6.70904115e+01
 3.90548717e+01
 6.45292792e+01
 2.69898676e+01
 5.00317052e+01
 3.09468003e+01
 3.79321456e+01
 5.81496780e+01
 2.35055185e+01
 3.35897649e+01
 7.58151896e+01
 3.50814020e+01
 3.70923369e+01
 3.66298156e+01
 6.40499932e+01
 4.92266255e+01
 4.60314529e+01
 2.31058630e+01
 4.52872138e+01
 4.86641108e+01
 6.13399472e+01
 4.25511970e+01
 4.59187543e+01
 3.42490278e+01
 1.61510903e+01
 5.18018605e+01
 7.39002184e+01
 1.02203580e+02
 3.16245952e+01
 2.07790852e+01
 6.33697104e+01
 3.46506071e+01
 2.54528054e+01
 7.74442193e+01
 4.13644311e+01
 3.87931240e+01
 6.94936052e+00
 2.63009828e+01
 2.54351865e+01
 7.02352718e+01
 7.67433446e+00
 5.92666284e+01
 4.59883076e+01
 4.24710042e+01
 4.81740183e+01
 5.85483814e+01
 3.85734485e+01
 1.56590509e+01
 2.49140891e+01
 8.94985339e+01
 1.03630958e+02
 1.40962655e+01
 9.39146729e+00
 5.03482086e+01
 4.46129379e+01
 5.44350651e+01
 9.26538992e+01
 4.15946517e+01
 8.73531921e+00
 1.86812609e+01
 5.68121097e+01
 3.78305295e+01
 2.41763177e+01
 4.56846449e+01
 3.61424930e+01
 2.56500969e+01
 2.47598965e+01
 3.41774671e+01
 4.10173026e+01
 5.09951590e+01
 2.73317927e+01
 3.39669184e+01
 3.05622135e+01
 5.65766064e+01
 8.92748659e+01
 1.37697972e+01
 2.98844283e+01
 7.04618810e+01
 4.00179540e+01
 1.07873781e+02
 1.37984610e+01
 8.69158429e+01
 3.59832767e+01
 4.41529496e+01
 3.33697779e+01
 2.94817209e+01
 6.52476967e+01
 4.29805350e+01
 6.56653619e+01
 3.44760660e+01
 1.05373398e+01
 8.54111705e+01
 5.75878128e+01
 9.35596565e+01
 3.73190424e+01
 9.71818667e+00
 8.23461583e+01
 3.26249456e+01
 3.11725631e+01
 6.06370099e+01
 2.39671927e+01
 1.18309889e+01
 1.89985167e+01
 3.86059689e+01
 4.79571177e+01
 4.03424843e+01
 2.63073344e+01
 8.30270253e+01
 4.14320347e+01
 1.84436507e+01
 3.30109443e+01
 4.86865758e+01
 4.05987889e+00
 7.55812979e+00
 7.29526350e+01
 4.25868453e+01
 1.48845694e+01
 2.56875453e+01
 3.88314564e+01
 5.03178817e+00
 3.12482444e+01
 8.66283209e+01
 4.47759044e+01
 4.27881892e+01
 3.04019301e+01
 1.89418123e+01
 4.64037764e+00
 5.97847295e+01
 1.11002359e+02
 4.75058460e+01
 1.11044827e+01
 5.67529253e+01
 5.22149520e+01
 6.55412012e+01
 4.49646498e+01
 5.69463745e+00
 5.11814489e+01
 1.14122262e+01
 7.59186202e+01
 5.22364423e+01
 7.02747018e+01
 3.74359261e+01
 3.72495728e+01
 6.34522320e+01
 2.69298908e+01
 6.60787190e+01
 5.46030316e+01
 3.62792333e+01
 4.46243907e+01
 2.72234472e+01
 6.27269201e+01
 3.74917955e+01
 7.61464591e+01
 4.49012654e+01
 3.49138939e+01
 5.59334995e+01
 6.88310632e+01
 5.83221084e+01
 6.95235764e+01
 1.62702563e+01
 4.83225216e+01
 2.41787999e+01
 3.29125709e+01
 5.41983307e+01
 3.80506220e+01
 5.00599140e+01
 3.83265097e+01
 4.07560503e+01
 3.67069462e+01
 9.57992880e+01
 1.07832086e+02
 7.58951875e+01
 2.60910306e+01
 4.59041676e+01
 6.87369148e+00
 7.11503017e+01
 3.31153836e+01
 6.23752983e+01
 5.98205824e+01
 4.42829382e+00
 2.40126142e+01
 7.59953256e+01
 1.01233046e+02
 2.59852855e+01
 5.62647815e+01
 8.89011460e+01
 2.88546545e+01
 2.62668044e+01
 4.47410631e+01
 2.79170078e+01
 4.91797759e+01
 3.88916864e+01
 4.59879121e+01
 3.80932228e+01
 4.02314056e+01
 1.68716411e+01
 1.51554169e+01
 7.61209673e+00
 2.43949954e+01
 3.40454876e+01
 6.81235555e+01
 4.16149776e+01
 4.77020553e+01
 7.01812993e+01
 5.70604638e+01
 3.33329938e+01
 4.10390705e+01
 8.69804048e+01
 6.34068965e+01
 7.15784757e+01
 2.75751418e+01
 1.18566786e+02
 4.96796443e+01
 5.21544712e+01
 4.42891496e+01
 2.32407589e+01
 3.94473869e+01
 3.88932595e+01
 4.16247216e+01
 3.89319210e+01
 2.94089254e+01
 4.27036413e+01
 6.06814989e+01
 1.76869580e+01
 5.92512109e+01
 2.06704010e+01
 4.16130045e+01
 1.60748573e+01
 1.46325120e+01
 1.68637662e+01
 5.18213641e+00
 3.57325145e+01
 8.10414369e+00
 3.99085516e+01
 1.79082557e+01
 5.89012980e+01
 7.93325038e+01
 6.90798217e+01
 7.45193254e+01
 6.36905807e+01
 3.43257386e+01
 8.11251882e+00
 7.09693855e+01
 6.07882047e+01
 2.19417007e+01
 1.57838928e+01
 5.39040528e+01
 1.10422061e+02
 4.08762163e+01
 2.58038322e+01
 5.79928063e+00
 9.21465581e+01
 7.05843772e+01
 1.33667201e+01
 2.74125750e+01
 2.56043869e+01
 7.27256568e+01
 2.53318542e+01
 1.06170215e+01
 7.94700963e+01
 2.59803797e+01
 2.98889446e+01
 4.69889044e+01
 3.60688828e+01
 3.75056953e+01
 4.68130240e+01
 6.65358582e+01
 3.17663933e+01
 2.05386724e+01
 1.71387408e+01
 3.75041319e+01
 1.05994862e+02
 5.75944702e+01
 9.62585977e+01
 3.73273248e+01
 2.29994487e+01
 8.52379727e+00
 5.08961388e+01
 5.13051241e+01
 1.03865856e+02
 1.62359639e+01
 2.70741745e+01
 2.51738649e+01
 4.23512363e+01
 7.47133989e+01
 5.37500451e+01
 2.86623722e+01
 2.96343943e+00
 4.55178877e+01
 5.61100231e+01
 2.87010825e+01
 4.91753990e+01
 2.51014436e+01
 8.01090712e+01
 9.15846050e+00
 1.15074710e+01
 3.97427122e+01
 4.31091850e+01
 6.31001273e+01
 2.98826149e+01
 5.21429344e+01
 6.14113343e+01
 1.97322669e+01
 3.84713325e+01
 1.29289266e+02
 7.29940347e+01
 8.17423241e+01
 6.83776523e+01
 6.31227104e+01
 5.30551495e+01
 6.37886747e+01
 3.69188502e+01
 2.74810897e+01
 2.48779556e+01
 2.81616421e+01
 4.65519314e+01
 1.17385455e+01
 2.96082844e+01
 6.15774232e+01
 2.88626009e+01
 8.95303400e+01
 2.85812147e+01
 1.72593260e+01
 8.57043594e+01
 3.71684836e+01
 5.76570170e+01
 3.49530963e+01
 5.37523818e+01
 3.03149604e+01
 1.05651417e+02
 2.35729970e+01
 3.69532979e+01
 2.02923872e+01
 5.25794054e+01
 7.52403104e+01
 1.61115047e+01
 6.46425625e+01
 1.87471590e+01
 1.22778575e+02
 5.47414050e+01
 3.96836073e+01
 7.85934551e+00
 8.83658914e+00
 7.81943875e+01
 7.17277482e+01
 9.17484585e+01
 4.99679943e+01
 3.46584216e+01
 2.99174287e+01
 2.86362923e+01
 1.89755983e+01
 4.69043312e+01
 1.26935829e+01
 1.08235331e+02
 4.53876819e+01
 4.20848120e+01
 4.08428448e+01
 6.00812773e+01
 4.72674746e+01
 1.71985171e+01
 4.15032509e+00
 1.18421216e+01
 3.60070982e+01
 4.00721933e+01
 1.06365873e+01
 5.14795898e+01
 4.07729900e+01
 4.69105484e+01
 2.59577486e+01
 8.72654416e+00
 3.25111350e+01
 3.32662511e+01
 3.34902547e+01
 1.49400982e+01
 1.04519502e+01
 1.75646325e+01
 1.97374215e+01
 8.40134088e+01
 2.65788649e+01
 2.58141243e+01
 2.98336493e+01
 5.62086758e+01
 6.04985430e+01
 4.24507441e+01
 6.36874703e+00
 3.34958932e+01
 2.75356218e+01
 2.74328061e+01
 2.64255482e+01
 8.24126609e+01
 2.64070120e+01
 2.53048999e+01
 5.67067920e+01
 9.52330943e+01
 1.91902566e+01
 1.03101759e+01
 4.33543041e+01
 4.99693795e+01
 6.50419237e+01
 2.52178494e+01
 1.88934189e+01
 5.83769559e+01
 6.82742553e+01
 4.50149336e+01
 5.94492193e+01
 3.94869425e+01
 5.17684398e+01
 6.76197259e+00
 4.03958130e+01
 2.12329020e+01
 3.23156273e+01
 2.59009185e+01
 3.47722654e+01
 3.70719891e+01
 1.13981843e+02
 5.27791518e+01
 3.10803374e+01
 6.91186416e+01
 4.34281341e+01
 1.62460632e+01
 2.11751845e+01
 1.12235784e+01
 3.48923378e+01
 3.12283026e+01
 1.83698466e+01
 1.72159763e+01
 1.48945895e+01
 1.47158607e+01
 4.88676768e+01
 2.12751454e+01
 7.98655647e+01
 7.12679894e+01
 5.45464825e+01
 4.63180292e+01
 8.56996405e+01
 3.25511988e+01
 1.23975905e+01
 1.12257765e+02
 8.62587355e+01
 7.86014854e+01
 3.09760267e+01
 5.36929406e+01
 1.46996285e+01
 3.34137360e+01
 6.49037397e+01
 4.26430057e+01
 1.01213373e+02
 6.03497217e+01
 5.07639981e+01
 6.10813988e+00
 4.34098619e+01
 7.94192718e+01
 4.21416176e+01
 6.88320875e+00
 1.86993911e+01
 2.75652812e+01
 1.81228773e+01
 6.36300628e+01
 4.76368487e+01
 5.30361109e+01
 3.17309549e+00
 2.90275735e+01
 6.66501741e+01
 8.61253249e+01
 2.83146520e+01
 7.77042077e+01
 5.00091333e+01
 6.91552789e+01
 2.39185192e+01
 3.00181614e+01
 3.52912045e+01
 4.47192005e+01
 4.63263978e+01
 3.78431872e+00
 1.09688532e+01
 4.88849772e+01
 5.23242532e+01
 6.73341324e+01
 3.72774527e+01
 6.99788104e+01
 6.24716661e+01
 6.84429563e+01
 8.11551002e+01
 8.35328337e+01
 1.54140363e+01
 2.19720117e+01
 1.27563355e+02
 8.47347543e+01
 7.82682557e+01
 4.31217986e+01
 5.08950446e+01
 1.91364155e+01
 2.83509820e+01
 1.46592363e+01
 5.65560286e+01
 6.15482857e+01
 2.07696822e+01
 4.17453336e+00
 6.29402138e+01
 4.91302669e+01
 8.51440388e+01
 8.35684800e+01
 7.49035980e+01
 6.03287863e+00
 2.28143456e+01
 2.58917670e+01
 3.85734655e+01
 2.83498693e+01
 1.32031251e+01
 1.25282169e+01
 1.56469052e+01
 3.74447346e+01
 2.82345260e+01
 4.13154238e+01
 5.66459702e+01
 4.28231936e+01
 6.93687156e+01
 3.04853577e+01
 2.19274111e+01
 1.87192744e+01
 4.29510405e+01
 6.56490700e+01
 5.26788372e+00
 1.17217432e+02
 1.92258783e+01
 6.02203236e+01
 1.96085917e+01
 7.97735602e+01
 8.96794231e+00
 2.60057761e+01
 4.74487318e+01
 5.53156512e+01
 5.69261091e+01
 1.69279009e+01
 5.57344452e+01
 1.77621668e+01
 3.90184049e+01
 3.83990072e+01
 7.92899986e+01
 2.05063657e+01
 2.67468821e+01
 1.58356748e+01
 5.23910985e+01
 1.88013005e+01
 2.91833039e+01
 3.72011283e+01
 3.84551348e+01
 1.10967401e+02
 4.82672586e+01
 4.60935512e+01
 3.04504697e+01
 1.68046262e+01
 5.61973387e+01
 1.02560426e+02
 8.72457150e+01
 4.22741842e+01
 2.79673646e+01
 3.03508182e+01
 5.60633463e+01
 5.95637462e+01
 3.94748538e+01
 4.68046169e+01
 6.36012545e+01
 1.01493922e+02
 1.36046214e+01
 5.55591529e+01
 5.59279571e+01
 5.37628675e+01
 6.96634217e+01
 4.79246025e+01
 5.41234900e+01
 1.15098880e+02
 3.70926836e+01
 2.49635324e+01
 7.72572814e+01
 8.76225722e+01
 4.53965120e+01
 3.00170534e+01
 5.05380599e+01
 1.36601835e+01
 4.06717036e+01
 2.37345751e+01
 2.15271899e+00
 1.06947257e+02
 7.23667726e+00
 5.19559526e+01
 2.97721559e+01
 9.38808829e+01
 2.88644766e+01
 9.05550886e+00
 7.07614932e+01
 1.09203230e+02
 3.77663025e+01
 9.90097275e+01
 5.21171830e+01
 5.06269151e+01
 5.78841016e+01
 1.61119464e+01
 4.59172635e+01
 1.60493927e+01
 3.44845383e+01
 1.45525022e+01
 1.29331107e+02
 1.08469916e+01
 1.09753021e+01
 1.00038096e+01
 2.74833160e+01
 5.34839618e+01
 4.96749531e+01
 6.80350010e+01
 4.46994630e+01
 3.55015353e+01
 2.86071239e+01
 8.91971908e+01
 5.57529361e+01
 2.03651911e+01
 6.81711290e+01
 3.09461889e+01
 5.64998727e+01
 2.39627008e+01
 2.46076055e+01
 2.58038566e+01
 4.14029977e+01
 1.87691719e+01
 8.49348137e+00
 4.67055921e+01
 5.82414710e+01
 4.43300062e+01
 2.95994150e+01
 6.61848125e+01
 1.33768605e+01
 1.82980007e+01
 3.04560480e+01
 1.67781265e+01
 3.81918651e+01
 2.12606201e+01
 3.82716390e+01
 6.85805631e+01
 2.90359435e+01
 7.84963116e+01
 4.93657200e+01
 4.07706413e+01
 1.00639825e+02
 1.42430646e+02
 9.18512387e+01
 2.75315074e+01
 5.05404667e+01
 5.33693507e+01
 1.11064480e+02
 5.36758744e+01
 1.02840235e+02
 2.23626272e+01
 5.47715826e+01
 1.36605306e+02
 7.28980268e+00
 8.49296531e+01
 1.06885000e+02
 3.33383585e+01
