 1.96258896e+01
 1.11116993e+01
 2.79392362e+01
 1.14519021e+02
 7.95599308e+01
 9.17176019e+01
 4.72030816e+01
 2.37392400e+01
 2.11505765e+01
 1.25266929e+02
 3.95570378e+01
 5.10033926e+01
 6.02618524e+01
 7.59988736e+01
 7.63133984e+01
 8.45574019e+01
 1.13939398e+02
 2.03530929e+01
 2.94153125e+01
 2.91937860e+01
 7.94507704e+01
 6.42177744e+01
 7.00066831e+01
 1.34598742e+02
 9.67939310e+01
 5.36332926e+01
 3.67776922e+01
 4.95859279e+01
 1.40858214e+02
 8.50060077e+01
 7.20665021e+01
 9.12587854e+01
 1.38980538e+02
 7.93180077e+01
 3.23061130e+01
 7.14701813e+01
 2.47001044e+01
 2.77455895e+01
 1.08450916e+02
 2.74575235e+01
 9.88405333e+01
 8.32878422e+01
 3.44242525e+01
 3.24926605e+01
 4.37732331e+01
 1.73814958e+01
 4.77965356e+01
 1.13749471e+01
 5.50135496e+01
 1.05305771e+01
 5.74390459e+01
 1.05225186e+02
 6.80169990e+01
 8.58344582e+01
 7.38306806e+01
 2.13513164e+01
 3.21717689e+01
 7.06611109e+01
 5.92232803e+01
 8.55114456e+01
 3.31645652e+01
 1.75057258e+01
 7.31694212e+01
 9.57391835e+01
 8.02088202e+01
 7.01999295e+01
 7.05472040e+01
 2.04580094e+01
 1.46469125e+02
 1.21671580e+01
 1.01700612e+02
 6.78514734e+01
 4.47460928e+01
 1.31090023e+01
 9.32185496e+01
 6.87080188e+01
 6.19441231e+01
 6.27859402e+01
 4.14535591e+01
 3.65277791e+01
 7.47476332e+01
 1.09567233e+02
 1.34185820e+02
 8.58435880e+01
 1.91035048e+01
 2.88016059e+01
 1.29893109e+02
 7.47813112e+01
 3.05793385e+01
 3.49085053e+01
 2.32498252e+01
 3.09241383e+01
 9.94175450e+01
 6.44923544e+01
 4.92245982e+01
 5.00961176e+01
 5.72092687e+01
 7.00884092e+01
 2.22516171e+01
 4.21766817e+01
 8.21442537e+01
 3.64055009e+01
 4.08547269e+01
 2.32215506e+01
 1.50948393e+02
 2.46863970e+01
 5.91696257e+01
 2.74913964e+01
 4.14988844e+00
 1.27129145e+01
 5.31401607e+01
 1.05873247e+02
 1.07761072e+02
 1.15138690e+02
 6.68537940e+01
 2.95462982e+01
 4.51604229e+01
 4.95915558e+01
 5.42221571e+01
 5.43424878e+01
 4.11471992e+01
 4.61110485e+01
 3.17476006e+01
 8.73227951e+01
 4.44526095e+01
 1.32043915e+02
 4.19628322e+01
 5.74098920e+01
 9.94642595e+01
 7.05217089e+01
 6.57808461e+01
 2.26391345e+01
 1.08599044e+02
 3.68212560e+01
 3.16236111e+01
 4.10653278e+01
 7.43410206e+01
 1.10792766e+02
 7.64106090e+01
 5.05310102e+01
 4.43417414e+01
 8.79858371e+01
 3.81295127e+01
 2.87510033e+01
 2.20374180e+01
 2.95673565e+01
 6.58291579e+01
 8.15314301e+01
 7.09882060e+01
 4.48875620e+01
 8.48253147e+01
 4.32511448e+01
 9.56836429e+01
 1.87261492e+01
 5.13697189e+01
 1.18602215e+02
 2.25084290e+01
 2.32454256e+01
 7.62664422e+01
 8.80265197e+01
 2.37587367e+02
 4.35450263e+01
 1.51009543e+01
 3.39675943e+01
 2.31772586e+01
 6.20867211e+01
 4.20143928e+01
 3.15896656e+01
 5.55905675e+01
 5.34275220e+00
 5.19236124e+01
 3.95080886e+01
 5.53409272e+01
 5.48194777e+01
 6.78486428e+01
 1.91042137e+01
 6.29839108e+01
 1.94654870e+01
 2.11949524e+01
 6.88166129e+01
 5.07171637e+01
 5.93162777e+01
 8.59081223e+01
 3.97935945e+01
 8.70190217e+01
 5.79373083e+01
 3.78765164e+01
 1.65697075e+02
 4.11234992e+01
 7.56479686e+01
 5.96799484e+01
 7.16979270e+01
 2.26912135e+01
 5.32277294e+01
 4.41119070e+01
 4.88209954e+01
 8.71469599e+01
 3.19248254e+01
 1.81256251e+01
 4.10628603e+01
 4.31120219e+01
 9.60121046e+01
 2.79245124e+01
 1.21535313e+02
 2.91434779e+01
 3.62687755e+01
 4.37455096e+01
 7.51837824e+01
 8.65868088e+01
 1.30453568e+02
 1.37513789e+01
 6.20175293e+01
 5.70199457e+01
 8.26374736e+01
 4.06929748e+01
 5.82728368e+01
 3.15949565e+01
 1.29087510e+01
 2.98816829e+01
 7.88093521e+01
 7.91458221e+01
 1.14735818e+02
 3.95599784e+01
 4.55469149e+01
 6.02780894e+01
 9.24599139e+01
 4.54621572e+01
 2.34371626e+01
 2.09847729e+01
 5.19918712e+01
 5.82998276e+01
 9.52300300e+01
 7.31139537e+01
 1.28490920e+02
 8.60990162e+01
 5.43828131e+01
 8.44661890e+01
 7.42964907e+01
 5.86370443e+01
 6.91016969e+01
 1.73548728e+01
 2.24866035e+01
 4.06796206e+01
 6.43797806e+01
 8.41999569e+01
 7.00162259e+01
 2.55930094e+01
 1.30011316e+01
 5.94163428e+01
 1.13152270e+02
 3.44680138e+01
 7.29705469e+01
 3.28716885e+01
 4.51810647e+01
 2.27283892e+01
 9.32165188e+01
 4.41337919e+01
 5.59173708e+01
 1.84720851e+01
 3.56394975e+01
 9.05192642e+01
 9.46990083e+01
 3.97502134e+01
 3.76476186e+01
 3.50650885e+01
 3.61085709e+01
 5.77227658e+01
 1.17668554e+01
 3.66671811e+01
 5.46258966e+01
 5.15824568e+01
 2.18995580e+01
 8.23310826e+01
 4.16348261e+01
 2.03912900e+01
 6.09281591e+01
 5.79529048e+00
 1.08308903e+01
 3.24332272e+01
 4.01842315e+01
 4.89537111e+01
 3.87093767e+01
 2.39408597e+01
 3.95971735e+01
 3.10142592e+01
 3.66095480e+01
 1.33014093e+01
 4.44158845e+01
 1.08961373e+01
 3.86943196e+01
 2.53738165e+01
 9.58961210e+01
 9.29518768e+01
 7.68695900e+01
 4.33670882e+01
 2.71795677e+01
 3.48049183e+01
 2.26199754e+01
 1.44024481e+02
 1.71770662e+01
 4.07664295e+01
 3.09114956e+01
 2.80155655e+01
 4.02390696e+01
 7.14309862e+01
 5.50785382e+01
 7.88617223e+01
 1.90297418e+01
 1.63859769e+01
 3.80401517e+01
 2.31652759e+01
 3.72715040e+01
 6.10031194e+01
 1.67278012e+01
 4.70700278e+01
 4.38845971e+01
 6.27967539e+01
 9.51979787e+01
 2.00408204e+01
 7.77792655e+01
 2.06921427e+01
 7.86567921e+01
 2.40410891e+01
 4.28517349e+01
 2.04352475e+01
 1.62827743e+01
 1.99766150e+01
 4.66386323e+01
 6.65101537e+01
 1.87230686e+01
 2.14854177e+01
 1.22991168e+02
 6.70969552e+01
 7.54499128e+01
 1.00704691e+02
 9.38192649e+01
 7.63124727e+01
 8.79380736e+00
 1.24291792e+02
 4.77787324e+01
 1.15074296e+02
 8.66730739e+01
 1.58147019e+01
 3.93044454e+01
 3.18925218e+01
 5.62687717e+01
 5.53279381e+01
 4.78602291e+01
 3.45737200e+01
 1.94481623e+01
 5.55558352e+01
 6.36149754e+01
 8.74932506e+01
 3.46307717e+01
 8.13839274e+01
 3.54282825e+01
 1.21313737e+02
 9.18724017e+01
 6.64254375e+01
 3.02778091e+01
 4.02202268e+01
 6.54703075e+00
 5.08018095e+01
 5.79280248e+01
 3.04039544e+01
 3.61602972e+01
 7.47157491e+01
 9.94284158e+01
 1.09575152e+01
 4.60864576e+01
 1.26903037e+01
 1.84689439e+01
 3.12625997e+01
 1.62830636e+01
 6.09481050e+01
 9.67043827e+01
 9.58314711e+01
 6.02827147e+01
 1.00307760e+02
 6.58487189e+01
 7.11854590e+01
 9.56234959e+01
 7.10601909e+01
 8.07780576e+01
 3.61427245e+01
 2.84123311e+01
 2.29778590e+01
 5.41925998e+01
 1.26435065e+02
 1.40363425e+01
 2.03826703e+01
 7.11832752e+01
 1.19741769e+02
 5.03034351e+01
 5.56161220e+01
 6.55985037e+01
 7.13138005e+01
 5.95390001e+01
 3.40543156e+01
 4.21063224e+01
 1.00107473e+02
 6.80575763e+01
 3.07847217e+01
 6.40680731e+01
 1.00481218e+02
 2.91249766e+01
 5.80967777e+01
 1.11373656e+02
 3.84754242e+01
 1.74441486e+01
 4.83751146e+01
 8.51069237e+01
 3.23743517e+01
 1.00403659e+02
 2.39421093e+01
 6.57589039e+01
 2.47596749e+01
 5.97217884e+01
 1.12045023e+02
 7.18954858e+00
 9.67386729e+01
 1.50201094e+02
 6.44436785e+01
 5.12961159e+01
 4.35386745e+01
 8.22937129e+01
 2.80459740e+01
 8.88060778e+00
 1.78514020e+01
 1.34380906e+02
 4.40816507e+00
 2.03631934e+01
 3.10083505e+01
 4.38061683e+01
 2.90235516e+01
 1.08837954e+02
 1.08292635e+02
 3.37570919e+01
 2.96240526e+01
 3.39598162e+01
 3.15033228e+01
 5.72038267e+01
 6.90496688e+01
 6.88556570e+01
 2.18972268e+01
 5.85971734e+00
 1.90915344e+01
 8.45566570e+01
 5.43669743e+01
 3.21200520e+01
 1.46458418e+01
 9.39534782e+01
 4.91596751e+01
 8.65867077e-01
 5.67979696e+00
 3.56379312e+01
 1.49405272e+01
 4.23223244e+01
 1.11933252e+02
 6.67536691e+01
 1.05920604e+02
 2.05594889e+01
 2.56503161e+01
 2.78181943e+01
 5.86249696e+01
 2.07046846e+02
 8.80993543e+01
 9.80832521e+01
 3.97101353e+01
 2.55757320e+01
 1.03511799e+02
 4.35659177e+01
 6.76597512e+01
 1.03296862e+01
 2.96041846e+01
 1.73590542e+01
 2.77134676e+01
 5.48902251e+01
 1.22623128e+02
 4.23857445e+01
 2.81318086e+01
 4.99698793e+00
 2.76767192e+01
 3.97499258e+01
 1.50791775e+02
 6.20246004e+01
 1.26982442e+02
 2.95346006e+01
 6.99292658e+01
 7.10883885e+01
 5.04874487e+01
 2.65823870e+01
 3.43049449e+01
 2.23392528e+01
 1.29569902e+02
 3.72497579e+01
 3.54163778e+01
 3.75517704e+01
 4.06450685e+01
 1.03340605e+01
 3.31757805e+01
 1.41462116e+02
 1.85265082e+02
 2.16520419e+01
 1.56171285e+01
 3.78735891e+00
 7.27340025e+01
 1.62429339e+02
 3.74850016e+01
 1.24385537e+02
 1.36924511e+01
 6.10133750e+01
 2.71581537e+01
 5.56407197e+01
 6.51516533e+00
 2.03011353e+01
 4.84295578e+00
 5.18723185e+01
 4.76030956e+01
 6.56040214e+01
 2.10867707e+02
 1.23616503e+02
 3.57188475e+01
 7.97352051e+01
 7.73992813e+01
 5.42196115e+01
 5.85728803e+01
 6.55807356e+01
 2.74449250e+01
 9.29080689e-01
 7.50430244e+01
 2.54792178e+01
 8.53378666e+01
 7.58066149e+01
 3.52127485e+01
 1.24770143e+02
 4.59975110e+01
 3.66739726e+01
 2.83166629e+01
 5.37098610e+01
 2.04533640e+01
 5.78545243e+01
 4.63235039e+01
 9.92243128e+01
 7.97469076e+01
 2.72183218e+01
 1.38808165e+01
 4.08936808e+01
 4.56017348e+01
 2.34395474e+01
 9.41525898e+01
 5.86911841e+01
 8.87242833e+01
 9.14694269e+01
 4.82550154e+01
 6.71522836e+01
 8.41438122e+01
 1.02239441e+02
 3.82426848e+01
 4.09250174e+01
 4.79483575e+01
 2.87412666e+01
 1.75747033e+01
 2.63732572e+01
 2.23932091e+01
 3.07904665e+01
 6.54852106e+01
 3.85481817e+01
 4.10064964e+01
 5.36085562e+01
 1.13480927e+01
 9.57920178e+00
 3.38410770e+01
 8.40891876e+01
 4.90898344e+01
 3.95038781e+00
 2.81364321e+01
 4.39884238e+01
 1.60945071e+02
 4.12826056e+01
 9.91350641e+01
 3.01015030e+01
 6.67912767e+01
 9.80037803e+01
 8.64520054e+01
 1.23871311e+02
 4.32211983e+01
 4.32756216e+01
 4.32557586e+01
 4.52130299e+01
 8.57199761e+01
 3.65832850e+01
 6.76850466e+01
 6.03226162e+01
 2.15992929e+01
 1.38194868e+01
 1.24000534e+02
 7.82667169e+01
 3.14527894e+01
 1.37045385e+01
 3.10386299e+01
 3.25110154e+01
 2.63909352e+01
 4.25532025e+01
 1.62425900e+02
 4.65565661e+01
 2.78833862e+01
 5.01932406e+01
 9.54824049e+01
 4.02416830e+01
 5.01345538e+01
 7.10415931e+01
 5.03687586e+01
 3.90930621e+01
 5.72600152e+01
 5.66849058e+01
 1.11427336e+02
 1.08166555e+02
 7.13024000e+01
 2.70140250e+01
 2.21903854e+01
 4.10613111e+01
 6.95883607e+01
 1.10712733e+02
 4.05498358e+01
 3.96910283e+01
 3.30290242e+01
 1.18088423e+02
 3.45146813e+01
 1.05721505e+02
 2.13632235e+01
 8.70637270e+01
 3.35568700e+01
 7.86871445e+01
 5.24973154e+01
 7.24221713e+01
 1.85856498e+01
 6.13378406e+01
 3.57267328e+01
 1.50560363e+02
 1.15638891e+02
 4.63861536e+01
 5.15845712e+01
 2.47057827e+01
 4.45948047e+01
 8.37132753e+01
 3.07780090e+01
 4.47097770e+01
 5.09069761e+01
 1.18841720e+02
 3.74236317e+01
 5.76608784e+01
 6.37190297e+01
 5.00716392e+01
 2.33765576e+01
 1.23964225e+01
 9.12335572e+00
 3.93019948e+01
 7.13058048e+01
 6.65177686e+01
 1.98189443e+01
 5.10718765e+01
 2.44871939e+01
 3.02968097e+01
 1.53151387e+01
 2.95285957e+01
 3.65798654e+01
 2.79330853e+01
 1.75456671e+01
 4.03018910e+01
 1.20630494e+02
 2.99652350e+01
 7.79490491e+01
 2.40013412e+01
 4.52590588e+01
 1.08151901e+02
 4.59305932e+01
 5.78787220e+01
 3.44630700e+01
 5.13004336e+00
 3.77910694e-01
 5.72323278e+01
 3.66454853e+01
 3.65310457e+01
 4.21699011e+01
 9.58256439e+00
 5.35584349e+01
 4.94889204e+01
 1.43851384e+02
 2.54771198e+01
 1.52833905e+01
 1.39804388e+01
 1.40054616e+01
 2.66916193e+01
 4.01200770e+01
 3.22429349e+01
 5.16248430e+01
 2.94499204e+01
 4.78656077e+01
 7.65357430e+01
 8.73582577e+01
 1.22744101e+02
 5.83104095e+01
 4.26425174e+01
 5.80003030e+01
 1.38242730e+02
 8.19011664e+01
 6.80340509e+01
 1.91721072e+01
 6.12798904e+01
 5.02468032e+01
 1.40218103e+02
 1.02471777e+02
 1.45570621e+02
 4.81165099e+01
 6.45915334e+01
 7.18742235e+01
 4.48199520e+01
 5.22401266e+01
 2.73391665e+01
 5.50028410e+01
 4.04873558e+01
 7.04516644e+01
 1.57089079e+02
 7.41618048e+01
 1.36803384e+02
 1.80767141e+01
 2.51256695e+01
 6.66993992e+00
 7.61513076e+01
 5.14800127e+01
 2.01421637e+01
 5.39129836e+01
 1.02288767e+02
 3.02659848e+01
 8.08892904e+01
 1.06498986e+02
 6.33880699e+01
 6.45482897e+01
 3.65111997e+01
 4.20918998e+01
 6.53721514e+01
 3.46379783e+01
 1.21995323e+01
 7.22855025e+01
 3.29777676e+01
 6.93340706e-01
 7.22793445e+01
 7.61482821e+01
 1.78646754e+01
 4.33579435e+01
 2.12140873e+01
 1.07228362e+02
 4.38151692e+01
 6.07796473e+01
 2.11360601e+01
 6.38198237e+00
 3.75598446e+01
 5.79774535e+01
 1.44340506e+02
 7.98096783e+01
 9.29168448e+01
 1.33197189e+02
 2.78084844e+01
 8.13549072e+01
 1.30765379e+02
 3.48716307e+01
 2.08784468e+01
 2.24526838e+01
 7.56476522e+01
 6.27607110e+01
 9.82788593e+01
 1.28711225e+02
 4.74071527e+01
 2.12781344e+01
 2.46791232e+01
 2.99782552e+01
 1.53622980e+02
 6.98891426e+01
 5.52150060e+01
 2.41406572e+01
 9.93756101e+01
 4.51048898e+01
 5.20582336e+01
 8.16470242e+01
 1.81610101e+01
 1.24499558e+01
 4.01628081e+01
 3.19294035e+01
 2.44129230e+01
 2.26187763e+01
 9.48778977e+01
 2.70849806e+01
 1.64897045e+01
 6.80361264e+01
 4.10890527e+01
 6.47717577e+01
 9.80712846e+01
 3.86471494e+01
 1.76615604e+01
 7.48398409e+01
 6.46436587e+01
 4.53469317e+01
 8.73183465e+01
 3.97235137e+01
 6.07564686e+01
 4.69988433e+01
 1.24270882e+02
 4.19267162e+01
 5.66519540e+01
 7.89539683e+01
 1.50846313e+00
 9.72907461e+00
 3.09786607e+01
 6.16675848e+01
 6.77795532e+01
 2.36389284e+01
 3.00320316e+01
 2.17704992e+01
 1.37196129e+02
 1.84455060e+02
 1.01062386e+02
 3.96312725e+01
 1.99507984e+01
 6.06536614e+00
 1.03281198e+02
 8.91368411e+01
 4.48796094e+01
 1.32345750e+01
 2.19122834e+01
 2.95595402e+01
 2.52589438e+01
 1.25469155e+02
 1.44191838e+02
 1.47464750e+01
 2.16372067e+01
 3.35153536e+01
 6.77599094e+01
 4.91007823e+01
 3.70545766e+01
 1.64401364e+01
 6.89327985e+01
 7.17025797e+01
 2.95553381e+01
 7.77666422e+01
 9.03908891e+01
 6.89896949e+01
 2.32134290e+01
 1.27008496e+01
 4.55456141e+01
 6.47670229e+01
 6.24393162e+01
 5.94078623e+01
 1.45925998e+01
 6.99605054e+00
 7.37291141e+01
 1.03315555e+02
 5.65967717e+01
 5.25496182e+01
 3.49144858e+01
 1.65377410e+01
 2.63446465e+01
 9.22013707e+01
 5.64453031e+01
 4.45914561e+01
 4.78013771e+01
 2.67641850e+01
 1.02508166e+02
 6.00859154e+01
 5.37942588e+01
 4.14443024e+01
 1.67050833e+01
 3.05989731e+01
 2.86493786e+01
 1.21396482e+02
 4.85495023e+01
 5.33924027e+01
 9.67588709e+01
 1.14395171e+02
 6.53708735e+01
 6.40623241e+01
 6.88351115e+01
 1.56968061e+01
 7.75934189e+01
 4.84354551e+01
 7.35859415e+01
 9.78626349e+01
 9.72971092e+01
 3.03498852e+01
 4.20252247e+01
 5.67687539e+01
 8.11213350e+01
 1.38595861e+02
 1.22871938e+02
 8.45921125e+01
 3.61855175e+01
 5.35800174e+01
 1.46247532e+02
 1.54836580e+01
 1.42533940e+01
 4.60403638e+01
 3.64033714e+01
 5.82258368e+01
 3.13671352e+01
 8.36619635e+01
 2.26031655e+01
 9.91538602e+01
 4.43866331e+01
 7.43810182e+01
 2.59104336e+01
 6.12085357e+01
 1.11610288e+02
 4.02417927e+01
 2.94127450e+01
 2.42191253e+01
 6.82689794e+01
 1.40192760e+02
 3.96582462e+01
 1.98535549e+01
 3.25789944e+01
 8.55891273e+01
 4.42547535e+01
 4.67621040e+01
 3.70465939e+01
 6.54717493e+01
 5.95094728e+01
 1.00569385e+02
 3.57483893e+01
 7.31139634e+01
 5.62408405e+01
 3.17538806e+01
 2.62707312e+01
 4.79512949e+01
 1.05595974e+02
 2.95783795e+01
 1.16674206e+02
 1.10910039e+02
 3.16585397e+01
 7.39599732e+01
 5.16830470e+01
 4.36427741e+01
 8.64913365e+01
 3.30365514e+01
 5.18287696e+01
 5.87097291e+00
 1.03824580e+02
 6.38912921e+01
 3.48383026e+01
 1.44712324e+01
 6.86976666e+01
 5.79799771e+01
 4.70035735e+01
 1.04049539e+02
 4.20780571e+01
 3.16197866e+01
 3.84486405e+01
 1.06657388e+02
 7.04951420e+01
 6.99057907e+01
 4.26487511e+00
 3.06894184e+01
 3.28094199e+01
 8.60197394e+01
 5.39702112e+01
 4.51851070e+01
 1.14528177e+02
 2.51314769e+01
 3.08636332e+01
 2.36110456e+01
 5.05633650e+01
 1.43625763e+01
 1.72772427e+01
 2.30373094e+01
 4.51556254e+01
 5.61938601e+01
 1.45633121e+02
 6.56194727e+01
 3.86134066e+01
 4.63599560e+01
 2.53248994e+01
 1.46494248e+01
 7.85067692e+01
 6.67328060e+01
 3.74716889e+01
 6.46360194e+01
 2.04683014e+01
 5.71754864e+01
 5.27823027e+01
 3.94563148e+01
 3.62451616e+01
 3.21811095e+01
 5.61979039e+01
 2.32495745e+01
 4.06099829e+01
 2.74760575e+01
 1.34743215e+01
 5.11823161e+01
 1.89603317e+01
 4.05182703e+01
 5.21421527e+01
 9.64675472e+01
 5.27077095e+01
 4.53052598e+01
 1.25896077e+02
 2.35227229e+01
 7.93404188e+01
 5.35280506e+01
 3.18406286e+01
 7.10663184e+01
 5.55195622e+01
 3.10857590e+01
 4.95997046e+01
 3.05525353e+01
 3.74810080e+01
 4.54678378e+01
 5.73243254e+01
 1.99404117e+01
 9.97378256e+01
 2.04286328e+02
 1.17712386e+02
 4.82012141e+01
 1.36578733e+01
 5.79998646e+01
 5.90189306e+01
 1.03255396e+02
 2.00490105e+01
 3.94087959e+01
 8.34113586e+01
 5.31844722e+01
 7.82337921e+01
 6.72036374e+01
 2.38107705e+01
 4.55290689e+01
 2.11155994e+01
 4.99171162e+01
 3.94788307e+01
 2.70373886e+01
 1.12251522e+02
 2.27333708e+01
 4.75013443e+01
 2.33005340e+00
 4.12993658e+01
 9.55249798e+01
 8.20166760e+01
 2.20614052e+01
 6.62521024e+01
 3.05287697e+01
 3.80945076e+01
 7.44495148e+01
 6.62379526e+01
 9.29377128e+00
 7.79724346e+01
 8.04032962e+01
 1.05402732e+02
 6.68356162e+00
 1.01748112e+02
 1.64878295e+01
 1.10434245e+01
 6.86662441e+01
 7.55462861e+01
 6.68622566e+01
 6.63283216e+01
 2.08323798e+01
 1.05607489e+01
 1.38993975e+02
 6.20026502e+01
 6.71989132e+01
 4.12690852e+00
 2.02492572e+01
 1.87105264e+01
 2.25543718e+01
 1.38426584e+02
 1.62135608e+02
 5.81496638e+01
 3.16125079e+01
 1.10546579e+02
 7.07375463e+01
 8.08689298e+01
 5.12150257e+01
 3.65600413e+01
 4.77932491e+01
 7.60441020e+01
 3.88644616e+01
 4.97427381e+01
 1.43359119e+02
 6.41412153e+01
 2.03592142e+01
 1.39289675e+01
 1.60471105e+02
 1.40858809e+02
 7.68973603e+01
 1.40614671e+01
 1.79172627e+01
 7.82696368e+01
 7.75822766e+01
 6.29860796e+01
 7.35362716e+01
 2.60852986e+01
 2.25878325e+01
 3.58918467e+01
 2.52231135e+01
 8.67958362e+01
 3.50827297e+01
 6.23007668e+01
 6.01513510e+01
 5.32226952e+01
 1.74249246e+01
 2.12105796e+01
 8.76164727e+01
 8.67056439e+01
 7.24111948e+01
 2.38387965e+01
 2.53024003e+01
 5.22801927e+01
 2.91095802e+01
 1.49294362e+01
 1.05204890e+02
 2.68282086e+01
 5.48359366e+01
 6.73068826e+01
 1.32278022e+02
 9.19871104e+01
 1.60306744e+01
 5.38447808e+01
 1.06424589e+02
 4.46293991e+01
 6.83456471e+01
 6.11501315e+01
 4.11372116e+01
 1.87438580e+01
 3.16371382e+01
 3.57182710e+01
 7.57619291e+01
 8.55688724e+01
 4.50088972e+01
 3.63426219e+01
 5.34020234e+01
 6.80942491e+01
 1.67132976e+02
 4.57976076e+01
 1.50164778e+01
 3.05306632e+01
 9.37451523e+01
 4.29743633e+01
 7.73311991e+01
 8.17640877e+01
 4.47029757e+01
 4.90165499e+01
 1.08577913e+02
 1.13877221e+02
 3.70077438e+01
 5.88623270e+01
 5.42969396e+01
 1.42098235e+01
 3.70491809e+01
 6.21556866e+01
 3.41953059e+01
 8.92330800e+01
 6.03743756e+01
 1.07288943e+01
 5.14720965e+01
 1.07284028e+02
 6.48555342e+01
 5.65843153e+01
 6.65190061e+01
 3.77889301e+01
 4.63772369e+01
 4.90724462e+01
 5.85568051e+01
 4.90732996e+01
 1.77587978e+01
 2.51887154e+01
 6.40785318e+01
 4.94873295e+01
 9.99567885e+00
 3.54574535e+01
 9.81983088e+01
 1.09503462e+01
 7.37615764e+01
 7.79450217e+01
 5.44422708e+01
 7.07360611e+01
 5.13039354e+01
 9.40457170e+00
 5.73500539e+01
 8.60185311e+01
 4.58167400e+01
 4.63522242e+01
 2.68084372e+01
 1.68692590e+02
 4.96536394e+01
 4.99688750e+01
 1.15667830e+02
 1.44849895e+02
 3.15325318e+01
 6.24889032e+01
 7.73840052e+01
 3.90730726e+01
 1.19533534e+02
 3.91518915e+01
