 8.35094608e+01
 1.12509912e+02
 4.07723411e+00
 1.17543493e+02
 2.04591032e+01
 3.48189756e+01
 2.80384322e+01
 1.66406794e+01
 9.15224272e+01
 1.73890851e+02
 1.91705414e+02
 3.58573569e+02
 1.97513821e+02
 3.82745340e+01
 1.36970286e+02
 5.44051510e+00
 2.33908788e+01
 1.65636926e+01
 2.28834668e+01
 1.18300072e+01
 8.92603317e+01
 3.56810887e+02
 1.42270059e+02
 7.35492603e+02
 9.68184370e+01
 4.37851999e+01
 5.24565731e+01
 1.59229881e+02
 1.25729465e+01
 1.16214138e+01
 3.85811614e+00
 5.91086106e+01
 1.25242239e+02
 2.94903615e+02
 1.53798889e+02
 1.59803469e+02
 5.69241350e+02
 2.72990862e+02
 5.00311108e+01
 2.40493872e+01
 6.57173264e+01
 4.49622731e+01
 6.49930431e+01
 1.02929285e+02
 7.83662297e+01
 9.24115059e+01
 2.24140381e+02
 3.57216274e+02
 1.78220795e+02
 2.09225200e+02
 4.98609081e+01
 1.00966125e+01
 6.41982573e+01
 7.21957932e+01
 1.06412669e+01
 1.34595136e+02
 8.60655976e+01
 1.69545823e+02
 1.00661616e+02
 2.30615231e+02
 3.29972194e+02
 3.06424887e+02
 6.60226096e+01
 4.93669197e+01
 8.96031595e+01
 3.96724519e+01
 3.93415991e+01
 6.70800001e+01
 2.77022298e+02
 3.35758042e+02
 3.20354252e+02
 1.64948836e+02
 1.13992936e+01
 2.71714102e+02
 1.08531761e+01
 2.11863365e+02
 1.22629443e+02
 1.71214730e+00
 1.09789356e+02
 4.78960089e+01
 1.45377106e+02
 1.27375912e+02
 4.46908107e+02
 2.92891448e+02
 1.85886331e+02
 1.03833483e+02
 1.73395456e+01
 1.97015924e+02
 1.33757185e+02
 4.56622306e+01
 2.01643398e+01
 1.88418198e+01
 8.97770949e+01
 2.50380937e+02
 3.34141745e+02
 3.97512392e+02
 3.97595683e+02
 1.01411888e+02
 9.83731252e+01
 5.56057353e+01
 2.44831039e+01
 3.04291877e+01
 2.46914176e+01
 5.88230540e+01
 2.54304972e+02
 7.53463832e+01
 2.18402689e+02
 7.34809941e+01
 6.35419576e+02
 2.55576098e+02
 2.60711836e+02
 1.53539526e+02
 6.31173449e+01
 2.81654185e+01
 5.50691364e+00
 1.29510824e+02
 2.48870727e+02
 3.24598126e+02
 1.40031556e+02
 2.11939758e+02
 2.92411032e+02
 1.87639837e+02
 4.39286961e+01
 1.94142790e+01
 8.24598801e+01
 7.36005822e+00
 6.51078221e+01
 4.02266554e+01
 7.71898961e+01
 3.01000822e+02
 1.31769314e+02
 1.88400761e+02
 2.56780050e+02
 2.56701235e+02
 1.01441324e+02
 6.74761918e+01
 1.85697635e+01
 5.19517352e+00
 3.68018304e+01
 6.18239070e+01
 9.13111655e+01
 4.00437880e+02
 1.22445671e+02
 8.98552943e+01
 7.22204177e+01
 1.98849123e+02
 1.44278596e+01
 2.23310143e+01
 4.05624543e+01
 2.09674576e+01
 6.54266299e+01
 1.37057046e+02
 3.34561449e+01
 9.00248648e+00
 1.10370931e+02
 1.80333376e+01
 9.19218036e+01
 1.36737221e+02
 1.02526733e+02
 2.62953816e+01
 5.05656536e+00
 2.63735179e+01
 7.53130162e+00
 2.51650351e+01
 1.64368899e+01
 9.37789346e+01
 3.24078244e+02
 1.89061187e+02
 1.21420636e+01
 5.70903116e+01
 6.93562287e+01
 1.19899734e+02
 7.80336560e+01
 2.75586659e+01
 1.78356278e+01
 6.29172624e+01
 1.53959438e+02
 3.83182804e+02
 2.21744026e+02
 6.02049700e+02
 1.45607461e+02
 1.23077588e+02
 1.47931094e+02
 1.01208583e+02
 1.68443550e+01
 1.44737942e+01
 1.03913915e+01
 1.16758027e+00
 1.70312387e+00
 1.72128266e+02
 1.32080775e+02
 9.91633606e+01
 3.15665855e+02
 1.44785485e+00
 6.70503736e+01
 1.19708975e+01
 6.04248932e+00
 1.11504881e+01
 1.66286419e+01
 2.29768115e+01
 1.76084296e+01
 3.54830095e+02
 1.09670771e+02
 1.44515562e+02
 3.34938380e+02
 1.07946682e+02
 1.62734716e+02
 2.32577335e+01
 1.40590782e+02
 8.07730795e+01
 9.31975477e+00
 6.30178652e+00
 3.74641909e+00
 2.44616506e+02
 2.43738381e+02
 9.70271527e+01
 4.35601385e+02
 1.73374838e+01
 1.02701413e+01
 6.59540968e+01
 3.05672389e+01
 5.09053610e+01
 2.43297266e+01
 6.86775178e+00
 1.00609471e+02
 1.63172773e+01
 6.61213372e+02
 3.91418089e+02
 2.63318624e+01
 1.76959341e+01
 2.05576755e+01
 3.66240022e+01
 7.36797758e+01
 3.01694294e+00
 3.44163964e+01
 1.66547292e+00
 2.85942324e+02
 1.44908497e+02
 3.06022537e+02
 2.61773383e+02
 1.63203848e+02
 1.89663485e+02
 2.09471807e+01
 3.90903154e+01
 7.39786329e+01
 4.61607098e+01
 2.03828226e+00
 2.81669965e+01
 2.10421441e+02
 2.06571029e+02
 4.96256964e+02
 7.44744983e+01
 4.08894938e+02
 1.37394999e+02
 9.58964146e+01
 4.78810676e+01
 8.17194559e+01
 2.62256847e+01
 1.14729725e+01
 6.97189136e+01
 6.76648931e+01
 1.82019386e+01
 2.49403879e+02
 2.71360311e+02
 1.58259265e+02
 8.21073825e+01
 2.57846293e+01
 4.47258343e+01
 1.91095205e+01
 2.04164412e+01
 6.08389446e+00
 7.07460977e+01
 2.49802149e+02
 2.99935651e+02
 1.97578138e+02
 3.50576777e+02
 2.52485214e+01
 4.18303178e+01
 1.40565408e+02
 7.82538519e+01
 5.35413343e+01
 8.01993142e+01
 2.35959210e+01
 8.70249558e+01
 1.62188204e+02
 3.62892483e+02
 4.00137917e+02
 3.55352761e+02
 2.26244440e+02
 2.05989073e+02
 1.49577697e+02
 8.51502623e+01
 5.95374034e+01
 1.65433599e+01
 1.92563024e+01
 8.44755065e+01
 6.43351501e+01
 2.02548702e+02
 5.25178880e+02
 2.41436661e+02
 4.45801794e+02
 1.46411894e+02
 7.28449813e+01
 5.44555642e+01
 3.72151182e+01
 3.78099198e+00
 8.49843264e+01
 7.46543767e+01
 4.62753005e+00
 1.09030399e+02
 2.15525347e+02
 8.93893867e+01
 3.13109468e+01
 2.13097446e+02
 3.85298077e+01
 6.50755278e+01
 5.71517793e+01
 1.80621993e+01
 5.60201350e+01
 1.83674042e+00
 1.93295513e+01
 1.10995064e+02
 4.84891871e+02
 2.59286899e+02
 5.15461752e+01
 1.35040045e+02
 7.87137651e+01
 9.99901340e+00
 1.34806892e+02
 4.53188408e+01
 4.39846995e+01
 3.37428279e+01
 1.08484164e+02
 2.69546921e+02
 1.24153964e+02
 2.09912819e+02
 1.75144860e+02
 1.52418963e+02
 1.77929451e+02
 1.24104543e+02
 2.08259369e+00
 7.18454077e+00
 3.62477522e+01
 9.46666486e+01
 1.17922037e+02
 2.33754521e+02
 3.46414084e+02
 3.49965675e+02
 9.11623872e+00
 1.55553784e+01
 1.11489286e-01
 7.54278050e+00
 5.64959181e+01
 1.02925864e+01
 1.96616402e+01
 1.39744421e+02
 1.75387288e+02
 2.70930116e+02
 1.34096842e+02
 1.15861511e+01
 3.44794320e+02
 2.42158483e+02
 3.69022152e+01
 1.84744868e+02
 4.52293105e+01
 1.09259167e+02
 9.27822417e+00
 6.50304160e+01
 2.77814199e+01
 1.99558046e+02
 2.01363215e+02
 1.68430724e+02
 6.99830286e+01
 8.36511305e+01
 1.49590149e+02
 2.34725431e+01
 5.70200702e+01
 2.63236422e+01
 4.36707801e+00
 1.08091442e+02
 1.36450791e+02
 5.70316928e+02
 2.51976059e+02
 4.99664353e+02
 6.74483754e+01
 8.49433194e+00
 2.15862268e+02
 2.54820830e+02
 5.97988631e+01
 5.98459184e+00
 2.75473359e+00
 1.02234960e+02
 1.38441813e+02
 1.36266265e+02
 1.61202618e+02
 6.77101762e+01
 5.04981672e+02
 6.23334755e+01
 2.30335638e+02
 1.09430183e+02
 1.13426495e+02
 1.35259780e+02
 1.47461888e+01
 6.98768096e+01
 1.39868103e+02
 2.11186574e+01
 2.33785545e+02
 2.03757967e+02
 4.08804670e+02
 9.19852182e+01
 9.79860950e+01
 9.80147633e+01
 4.12188612e+01
 2.59205085e+01
 5.68771165e+01
 7.15407325e+01
 1.40976717e+01
 1.99917072e+01
 1.28895471e+02
 6.65097298e+01
 8.33300440e+00
 5.77348516e+00
 2.46597746e+02
 5.18275091e+01
 7.99339771e+01
 4.00453188e+01
 1.99843932e+01
 1.35421551e+02
 1.20945878e+02
 2.06554971e+02
 3.21172217e+02
 5.35030883e+02
 2.48979891e+02
 1.68168490e+02
 1.24791463e+02
 4.37596120e+01
 1.09592109e+02
 3.07848078e+01
 6.64052356e+01
 6.08971880e+01
 1.56173018e+02
 1.79285732e+02
 1.17826081e+02
 5.08625212e+02
 1.50051584e+02
 1.45493766e+02
 2.09315709e+02
 8.51639919e+01
 9.51431576e+01
 1.15331036e+02
 8.69421065e+00
 1.11175074e+02
 2.98153558e+01
 8.78737036e+01
 3.58828055e+02
 2.23580343e+02
 1.28864605e+02
 6.24603463e+01
 1.85281582e+02
 9.07073384e+01
 4.28490797e+01
 4.14782376e+01
 3.05236749e+00
 5.78076345e+00
 3.40412665e+00
 6.25242360e-01
 2.72072623e+02
 3.96828210e+02
 3.27169636e+02
 2.70395202e+02
 1.24583692e+02
 7.77827470e+01
 6.33082486e+01
 2.84399743e+01
 6.60679483e+01
 1.02260518e+02
 5.97979156e+00
 1.36828940e+02
 4.33234373e+02
 1.89421987e+02
 1.60891665e+02
 2.25728128e+02
 2.07675741e+02
 1.37263193e+02
 1.25760422e+02
 7.75350763e+00
 5.70736912e+01
 9.04120351e+01
 4.46958480e+01
 9.98878729e+01
 9.20057340e+01
 7.08429966e+01
 6.97702302e+01
 1.08184873e+02
 2.05241388e+02
 2.23127137e+01
 4.09055002e+01
 5.24851052e+00
 4.80931780e+01
 9.36133759e-01
 2.75085242e+02
 5.91974716e+02
 2.84842639e+02
 1.60671958e+02
 1.30749428e+02
 7.92731795e+01
 1.53831911e+02
 2.77778725e+02
 9.09169672e+01
 9.98673106e+01
 2.08769413e+01
 1.22447114e+01
 3.67172213e+01
 2.42248606e+02
 5.74776793e+01
 1.94737221e+02
 2.07006779e+02
 1.49430162e+02
 2.46686289e+01
 8.40733785e+01
 1.97379549e+01
 6.39601945e+01
 2.71355256e+00
 8.35407974e+01
 2.46340943e+02
 2.23717305e+02
 3.21348438e+02
 3.64084058e+01
 5.08181063e+01
 3.68325723e+02
 1.42168485e+02
 5.18079521e+01
 2.92864876e+01
 1.90024297e+02
 5.58644090e-01
 9.60304266e-01
 6.07505286e+01
 2.09552760e+02
 4.82290308e+02
 9.08088579e+01
 2.39216763e+01
 6.15725060e+01
 2.44742651e+02
 1.28472655e+02
 3.48503072e+01
 1.91182684e+01
 1.01981997e+02
 9.70917747e+01
 1.75329975e+02
 3.57992829e+02
 4.70712783e+02
 2.66403577e+02
 4.55253632e+02
 2.68167937e+01
 1.72807868e+02
 1.62661044e+02
 2.67084203e+01
 1.30735714e+01
 1.21545469e+01
 4.24277313e+01
 1.27561704e+02
 2.76600692e+02
 8.85641130e+01
 4.12228815e+02
 5.35408032e+01
 5.70284494e+01
 1.30803702e+02
 1.78711312e+02
 2.91288035e+01
 1.80966392e+02
 2.43647269e+01
 6.46866223e+00
 4.67015280e+01
 1.41558805e+02
 1.57185818e+02
 2.28300046e+02
 2.28508806e+01
 3.01073070e+02
 2.93132762e+01
 1.59493854e+02
 5.40669918e+01
 4.81960035e+01
 5.00451395e-01
 1.19141877e+01
 3.49211104e+02
 1.81851688e+02
 5.09460263e+01
 1.24538899e+02
 3.71074839e+02
 7.59341071e+01
 1.08519387e+02
 1.09442800e+02
 8.15036710e+01
 2.35246395e+01
 2.11299214e+01
 4.71783271e+01
 9.11079379e+01
 9.66315868e+01
 3.71098809e+02
 1.60005890e+02
 2.40974681e+02
 1.88232249e+02
 5.38630470e+00
 5.81209553e+01
 7.96081000e+01
 9.78794103e+01
 8.34463784e+01
 5.80666701e-01
 9.82625460e+01
 1.72870093e+02
 3.47274746e+02
 6.23019762e+00
 4.21472610e+01
 3.91804956e+01
 1.51022424e+02
 9.16576482e+01
 1.43872979e+01
 2.75826926e+01
 2.67379835e+01
 1.10486780e+02
 5.51464175e+01
 1.68624181e+02
 4.60352097e+02
 2.96130857e+01
 2.32285892e+02
 2.49825367e+02
 1.16962238e+02
 1.23193084e+02
 1.00528100e+02
 1.17639902e+02
 1.85099888e+00
 4.53031551e+01
 1.27146451e+02
 2.61325238e+02
 1.60108422e+02
 6.63013552e+01
 1.56058669e+02
 2.31997946e+01
 2.21059327e+01
 1.13801039e+02
 9.78344010e+01
 7.53738380e+00
 2.39645984e+01
 2.27140363e+01
 1.10898595e+02
 7.78973331e+01
 1.05401020e+02
 9.83622509e+01
 2.91061863e+02
 2.23875307e+02
 1.34455700e+02
 7.40121400e+01
 9.12928771e+00
 2.89908510e+00
 1.36646284e+01
 2.38529667e+01
 7.72139511e+01
 4.28918859e+02
 7.44707176e+01
 3.07299845e+02
 1.22235047e+02
 4.63350454e+02
 1.41718557e+02
 6.54239671e+01
 8.97146499e+01
 1.46113267e+01
 5.37462011e+01
 3.33168146e+01
 1.86581800e+02
 4.99303904e+02
 9.60324736e+01
 2.50939422e+02
 2.81478111e+02
 6.78713145e+01
 2.41567347e+02
 3.62491221e+01
 1.19448800e+02
 4.07152806e+01
 7.14076348e+01
 1.14250171e+02
 1.14414597e+02
 1.32432834e+02
 2.94484560e+02
 2.48437913e+02
 3.56537510e+02
 3.29866010e+00
 6.99218888e+00
 2.22705208e+01
 3.93169030e+01
 4.19615067e+01
 1.44899649e+02
 6.73469116e+01
 4.82887157e+01
 4.73771234e+01
 3.32223681e+02
 7.14289936e+01
 2.53999611e+02
 1.18136311e+02
 3.22887593e+02
 1.06842642e+02
 1.05057532e+02
 2.18562790e+01
 6.51864607e+01
 2.53052799e+01
 8.43065263e+01
 1.92983230e+02
 2.91820799e+02
 6.00198428e+00
 2.83365809e+02
 4.92770097e+01
 5.37090376e+01
 6.56342717e+01
 8.20571037e+01
 1.09298145e+01
 3.17026974e+00
 2.30977219e+01
 3.04296474e+01
 1.07640530e+02
 2.60861873e+02
 5.12096167e+02
 1.65180353e+02
 4.03421816e+02
 7.02117632e+01
 6.14285104e+01
 1.16869845e+02
 8.95562716e+01
 4.09914127e+01
 4.66669249e+01
 3.77116836e+00
 2.13104220e+02
 3.29044458e+02
 3.21928144e+02
 2.61405879e+02
 3.13940341e+02
 2.18511125e+02
 5.89785859e+01
 7.99227521e+01
 1.90958211e+01
 4.43725403e+00
 7.28324457e+01
 1.51665669e+00
 3.13064412e+02
 3.55416713e+02
 2.23854129e+02
 2.25999886e+02
 4.06422358e+01
 3.71880704e+02
 9.72816559e+01
 4.42167800e+00
 5.39895219e+00
 2.06571468e+01
 4.93545193e+01
 1.31611763e+02
 1.16004328e+02
 2.24228491e+02
 2.88632459e+02
 3.09176829e+01
 2.60546832e+02
 8.21167173e+01
 4.55396642e+01
 1.25729965e+01
 1.11957398e+01
 3.72055179e+01
 1.88916541e+01
 1.12769349e+01
 2.69481812e+02
 3.14209464e+02
 6.07406853e+02
 2.85893120e+02
 1.78208071e+02
 7.07785646e+01
 6.75446274e+01
 7.60109994e+01
 5.89438907e+00
 5.30738409e+00
 9.35486068e+01
 3.70450946e+01
 1.78731866e+02
 1.26760515e+02
 8.80680335e+00
 1.48344267e+02
 4.09863971e+02
 1.45113900e+02
 1.05497268e+02
 5.44667817e+01
 4.11415193e+01
 5.70832500e+01
 5.35055496e+01
 3.30109244e+01
 1.31607365e+02
 8.46106841e+00
 1.16017970e+02
 9.19665686e+00
 9.10323253e+01
 1.22400324e+02
 5.28872075e+01
 8.22822574e+01
 1.53687979e+01
 3.61409608e+01
 7.14585665e+01
 1.07628886e+02
 2.67909589e+01
 1.98446928e+02
 4.98786616e+02
 1.38495411e+02
 2.32529822e+02
 2.89552718e+02
 9.91076399e+01
 8.12912234e+01
 6.20946226e+00
 4.42454139e+01
 8.67707894e+00
 1.31012227e+02
 2.62670042e+02
 1.87820006e+02
 2.61012905e+02
 5.87083754e+02
 7.59886469e+01
 2.19981879e+02
 1.70516388e+02
 4.53875183e+01
 9.14894305e+00
 1.13695903e+01
 3.29928985e+01
 1.39171695e+01
 1.09992411e+02
 1.44361110e+02
 8.48555892e+01
 3.01841453e+01
 2.09533134e+01
 2.95053341e+02
 2.86745918e+02
 1.12238450e+01
 4.30664791e+00
 8.54183518e+01
 1.69651117e+02
 2.29583188e+01
 1.07100724e+02
 1.74353268e+00
 1.72152782e+02
 1.45572168e+02
 3.00018178e+01
 8.09437634e+01
 1.06538595e+01
 9.75333369e+00
 1.81386925e+01
 1.32868647e+01
 2.76474368e+00
 5.31116518e+01
 1.69896567e+02
 3.58044490e+02
 2.91546586e+02
 1.75930672e+02
 2.20635360e+02
 3.76956529e+02
 3.57048597e+01
 2.40506647e+00
 9.49698344e+00
 2.90508031e+01
 8.01927134e+00
 2.23224819e+02
 2.53731535e+02
 7.05985251e+01
 3.33672055e+02
 1.01256773e+02
 2.52793891e+01
 1.65088643e+01
 5.85738704e+01
 1.11244091e+01
 1.14651399e+01
 4.35324433e+01
 4.73944415e+00
 9.73867209e+01
 6.62316693e+02
 1.09737108e+02
 2.02534924e+02
 3.94271745e+02
 2.09329123e+02
 2.61439613e+02
 4.39959329e+01
 4.91976658e+01
 3.68912406e+01
 1.66885819e+00
 6.49106043e+01
 4.42300483e+02
 1.55081135e+02
 2.25298340e+02
 1.24685858e+02
 3.10145394e+02
 1.07500005e+02
 8.67106058e+01
 1.95896399e+02
 9.18538102e+01
 6.42082412e+01
 4.05207331e+01
 7.39337035e+01
 1.58448579e+02
 2.64866842e+01
 2.35031955e+02
 1.55313918e+02
 1.34290082e+02
 2.88277404e+02
 2.44290902e+02
 8.18789596e+01
 2.43456023e+00
 2.41487874e+01
 6.38722682e+01
 1.23825826e+02
 7.93423484e+01
 1.22220781e+02
 1.50210920e+02
 8.25156643e+01
 2.74026581e+01
 8.10054800e+01
 1.08561152e+01
 9.78704898e+01
 3.24340018e+01
 1.01827554e+02
 1.10173499e+00
 4.76698856e+01
 6.89439838e+00
 2.64418440e+02
 4.90117627e+02
 4.63440276e+02
 1.91280492e+02
 3.81715315e+02
 2.29522446e+02
 7.65793504e+01
 5.54853425e+01
 1.79031354e+01
 1.19556288e+01
 1.24231088e+02
 2.93999292e+02
 2.09223297e+02
 2.25656195e+02
 1.29150356e+02
 1.57923391e+02
 1.26139763e+02
 4.62903452e+01
 5.78985993e-02
 8.63548683e+00
 7.07791970e+01
 7.07844451e+01
 4.29202106e+01
 1.73862461e+01
 1.48481277e+02
 3.08524013e+02
 2.18791556e+02
 2.70804496e+02
 1.49749814e+02
 3.51469051e+02
 2.57254022e+01
 3.13003868e+01
 1.89251788e+01
 1.90305752e+00
 6.00613094e+00
 2.48460839e+02
 6.12864690e+01
 1.14871548e+02
 8.95791406e+01
 4.37606537e+02
 7.10061949e+01
 1.37242035e+02
 4.14322115e+01
 2.64496314e+02
 1.44215516e+01
 3.84937526e+01
 1.00364130e+00
 1.69443314e+02
 1.56152367e+02
 3.18210291e+02
 4.27317331e+01
 7.20907646e+01
 1.37044429e+00
 9.24013137e+01
 4.67271860e+01
 6.48427766e+01
 2.96244109e+00
 8.56101617e+01
 7.41607865e+01
 9.93792324e+01
 5.95728909e+01
 1.89229794e+02
 1.67742801e+02
 1.92486521e+02
 1.20598751e+02
 8.63201798e+00
 5.59244006e+01
 1.11722383e+02
 2.60627358e+01
 1.22525638e+01
 6.11063908e+01
 1.87880054e+02
 2.01874225e+02
 1.31486170e+02
 1.75175398e+02
 2.85555004e+02
 9.88231891e+01
 1.03028410e+02
 7.82227058e+01
 1.28122193e+01
 2.55382663e+01
 4.74723365e+01
 9.31501470e+01
 2.04375438e+02
 2.00145588e+02
 2.76657258e+02
 8.55483752e+01
 1.12857330e+02
 5.53887794e+01
 1.69384502e+02
 1.13444230e+02
 2.71756920e+01
 2.44563266e+00
 2.71592710e+01
 1.03316257e+02
 1.44450361e+01
 1.13828638e+02
 2.14456205e+01
 1.49342692e+01
 2.41781091e+02
 1.00264317e+02
 1.07372298e+02
 9.83527122e+01
 6.05988035e+01
 1.21939993e+01
 5.80837893e+01
 7.71523487e+01
 7.65017680e+01
 1.07642537e+02
 2.47098256e+02
 6.88331094e+01
 7.02475187e+01
 1.60493397e+00
 3.29850034e+01
 4.67100193e+01
 1.12508195e+02
 5.53634265e+00
 5.02342724e+01
 3.61310609e+01
 1.04089168e+02
 4.51393152e+02
 2.54839199e+02
 1.26777536e+02
 1.48957698e+02
 8.63480116e+01
 1.35725660e+02
 2.30917553e+01
 2.44497237e-01
 2.76669588e+00
 1.33846819e+01
 3.10958951e+01
 1.99425608e+00
 2.12827647e+02
 1.55671599e+01
 9.63614549e+01
 3.40428752e+02
 1.78176968e+02
 9.74940639e+01
 1.45409846e+02
 4.32804985e+01
 1.39331021e+01
 8.66453212e+01
 6.63005367e+01
 1.08830571e+02
 5.60900138e+01
 3.27322116e+02
 1.85813797e+02
 2.72023408e+02
 3.37379164e+01
 8.13074422e+01
 2.21647744e+01
 1.11011951e+02
 9.86978842e+01
 2.26878665e+00
 6.09515349e+01
 5.31991070e+01
 1.28773986e+02
 1.18513794e+02
 1.38784913e+02
 1.51884765e+02
 5.68194080e+01
 1.92083292e+01
 6.39457483e+01
 2.21932751e+01
 2.76747383e+00
 3.56774965e+01
 9.19859773e+00
 1.23550929e+02
 1.44323411e+02
 2.73497951e+02
 2.19100108e+02
 1.36739578e+02
 7.12129920e+01
 1.11615287e+02
 4.14067562e+01
 8.66282498e+01
 1.04269331e+02
 9.05960303e+01
 4.24971990e+00
 3.60219149e+01
 1.41829054e+02
 1.10312684e+02
 1.43520888e+02
 2.73293884e+02
 1.91167558e+02
 2.02040496e+02
 9.44707836e+01
 3.11854202e+01
 1.74236806e+01
 1.36617004e+01
 5.40949862e+01
 1.77674127e+02
 2.58914251e+02
 2.64106255e+02
 9.16031553e+00
 1.30252730e+02
 3.05269633e+02
 2.79813983e+01
 3.03906242e+02
 7.34595720e+01
 3.65017280e+01
 1.03294893e+01
 1.24903421e+02
 1.43141209e+01
 1.71481598e+02
 3.05121233e+02
 5.21156659e+01
 2.53367578e+02
 1.46505053e+02
 3.40639914e+01
 1.17305998e+02
 1.10693157e+02
 3.68413436e+01
 2.44396556e+01
 5.89799245e+00
 9.29437570e+01
 2.57279292e+02
 5.98792844e+02
 3.67882016e+02
 2.29698032e+02
 1.58500647e+02
 3.13320113e+02
 8.97817154e+01
 7.43917331e+01
 9.19398114e+01
 2.49713787e+01
 2.92876715e+01
 1.61273963e+02
 8.79496188e+01
 2.39294568e+02
 6.25016843e+02
 3.25599611e+02
 3.23773063e+02
 5.49119931e+01
 2.88698268e+01
 3.09090912e+01
 4.80197163e+01
 3.42542349e+01
 2.54165268e+01
 2.80563647e+01
 2.15698511e+02
 3.97696674e+00
 7.89034508e+01
 4.15459835e+02
 3.15937745e+02
 1.49711920e+02
 6.04702419e+01
 5.31934943e+01
 8.43266516e+00
 5.06811470e+00
 7.69612105e-01
 1.13371896e+02
 1.86270380e+02
 1.89672987e+02
 1.52880315e+02
 2.14220352e+02
 6.14372831e+01
 8.16317505e+01
 1.40454032e+02
 1.26727598e+02
 6.01274745e+01
 7.46195420e+01
 1.39958359e+02
 6.71233535e+01
 1.23379163e+02
 5.76285064e+01
 9.09788779e+00
 3.63057507e+02
 1.28376457e+02
 9.55105439e+01
 1.78588557e+02
 1.61941460e+02
 2.00213982e+01
 1.17291494e+00
 3.26669294e+00
 7.98456478e-01
 2.80024545e+02
 6.27635401e+02
 1.08997669e+02
