 5.46349487e+00
 5.84688721e+00
 5.08233032e+00
 1.08275085e+01
 1.65556274e+01
 2.20357300e+01
 2.29226013e+01
 1.95138489e+01
 1.91580750e+01
 1.39376465e+01
 7.68035278e+00
 7.17849121e+00
 3.64751587e+00
 5.02755127e+00
 5.82692871e+00
 1.06951538e+01
 1.34835144e+01
 1.72845703e+01
 2.03264404e+01
 2.11993958e+01
 1.76266113e+01
 1.37031189e+01
 1.10744873e+01
 6.37053833e+00
 6.65807495e+00
 4.93215332e+00
 6.26503906e+00
 1.14134766e+01
 1.46232544e+01
 1.73966309e+01
 2.17332703e+01
 2.02244507e+01
 1.61737915e+01
 1.02885681e+01
 6.33590088e+00
 2.61980591e+00
 5.11110840e+00
 5.78783569e+00
 5.37258301e+00
 9.22039185e+00
 1.36085144e+01
 1.93218323e+01
 2.10018555e+01
 2.19362732e+01
 1.48028198e+01
 1.43141418e+01
 1.17886597e+01
 5.89321289e+00
 -2.30718994e-01
 3.77486572e+00
 7.70794067e+00
 9.64168701e+00
 1.25438171e+01
 1.80000854e+01
 2.05553223e+01
 2.21120850e+01
 1.51033569e+01
 1.07696472e+01
 3.10491333e+00
 4.54900513e+00
 3.58110962e+00
 -2.20551147e+00
 4.43508301e+00
 6.66387329e+00
 1.52738892e+01
 1.64247681e+01
 2.00667358e+01
 2.07823425e+01
 1.97280518e+01
 1.35919434e+01
 3.04296265e+00
 5.40075073e+00
 1.11763916e+00
 2.79769287e+00
 5.56035767e+00
 1.00136963e+01
 1.54389893e+01
 2.04963013e+01
 2.19845215e+01
 2.20627380e+01
 1.70494019e+01
 1.24591309e+01
 1.02637573e+01
 5.24212036e+00
 4.50655518e+00
 4.34145508e+00
 5.17827759e+00
 7.36794434e+00
 1.39074646e+01
 1.60005432e+01
 2.09827515e+01
 2.23214050e+01
 1.81498352e+01
 1.49731995e+01
 6.99114380e+00
 6.48806152e+00
 9.15630493e+00
 3.90090332e+00
 6.54815063e+00
 9.04503784e+00
 1.31117798e+01
 2.05353638e+01
 2.16555115e+01
 2.18426453e+01
 1.65941101e+01
 1.50235229e+01
 7.07317505e+00
 7.25066528e+00
 -3.22631836e-02
 2.45076904e+00
 6.61034546e+00
 8.65685425e+00
 1.32583252e+01
 1.93469788e+01
 2.07423950e+01
 1.98585144e+01
 1.70580078e+01
 1.07091309e+01
 8.42754517e+00
 3.62719116e+00
 5.09145508e+00
 5.45009766e+00
 7.38256226e+00
 8.25795898e+00
 1.30524536e+01
 1.67028137e+01
 2.10799500e+01
 2.19593140e+01
 1.71414124e+01
 1.15589844e+01
 8.21083984e+00
 8.16439209e+00
 1.12603760e-01
 -3.91095581e+00
 4.62996826e+00
 1.15314880e+01
 1.28641907e+01
 1.78793884e+01
 2.41449219e+01
 2.10635620e+01
 1.74503113e+01
 1.10884644e+01
 5.87630615e+00
 6.44353638e+00
 1.80715332e+00
 5.95977173e+00
 8.16756592e+00
 1.12667480e+01
 1.45533386e+01
 1.68333984e+01
 2.04572998e+01
 1.88987976e+01
 1.65674072e+01
 1.06608521e+01
 1.13632141e+01
 6.50475464e+00
 8.26406250e+00
 2.43770752e+00
 4.60640869e+00
 9.26107178e+00
 1.25922485e+01
 1.79657837e+01
 2.00867859e+01
 2.11117798e+01
 1.64824463e+01
 1.18730713e+01
 1.04396301e+01
 6.06981812e+00
 3.43325195e+00
 -1.81928101e+00
 4.10170898e+00
 9.32833252e+00
 1.36578613e+01
 2.00641724e+01
 2.11418396e+01
 2.09277588e+01
 1.54873596e+01
 1.41848999e+01
 8.15996704e+00
 6.95675049e+00
 5.64803467e+00
 4.15075073e+00
 7.36034546e+00
 1.01681763e+01
 1.41157166e+01
 2.05183655e+01
 2.33983093e+01
 2.44314209e+01
 1.80642029e+01
 1.32339111e+01
 1.85250244e+00
 1.28887329e+00
 1.18944702e+00
 3.44030151e+00
 4.55455933e+00
 1.03303467e+01
 1.38715454e+01
 1.82792297e+01
 2.22047058e+01
 2.44741760e+01
 1.59671570e+01
 1.47514282e+01
 9.39641724e+00
 7.31890259e+00
 3.34542236e+00
 3.07247314e+00
 7.25560913e+00
 9.04210815e+00
 1.34089294e+01
 1.49998108e+01
 2.00604797e+01
 1.95981689e+01
 1.82863098e+01
 1.39274841e+01
 6.52279053e+00
 4.82766113e+00
 4.87932739e+00
 3.95397339e+00
 1.02011047e+01
 7.51012573e+00
 1.46191040e+01
 2.00289856e+01
 2.48841797e+01
 2.16072021e+01
 1.76574036e+01
 1.29206482e+01
 1.13875366e+01
 5.94561157e+00
 3.63308105e+00
 7.17696533e+00
 5.16774902e+00
 9.81859741e+00
 1.41926514e+01
 1.80837646e+01
 2.03923279e+01
 1.92739807e+01
 1.75045410e+01
 1.35665527e+01
 8.13713989e+00
 4.56017456e+00
 7.03853760e+00
 4.75695190e+00
 8.25042114e+00
 1.13897034e+01
 1.49313904e+01
 1.77484680e+01
 2.09634949e+01
 2.09899536e+01
 1.74631897e+01
 1.31334167e+01
 5.55242310e+00
 3.24950562e+00
 1.27639160e+00
 1.30578613e-01
 1.86266479e+00
 8.41307983e+00
 1.34179626e+01
 2.04034973e+01
 2.28627258e+01
 1.78362061e+01
 1.66886536e+01
 1.20262085e+01
 7.58336792e+00
 3.21151123e+00
 5.00270996e+00
 5.47503052e+00
 6.36431274e+00
 9.47368774e+00
 1.34493958e+01
 2.04158875e+01
 2.05822693e+01
 1.88115479e+01
 1.55502869e+01
 1.23670288e+01
 7.85576782e+00
 5.45952759e+00
 2.39504395e+00
 7.29589233e+00
 6.34719238e+00
 8.90551147e+00
 1.43310791e+01
 1.88915649e+01
 2.14810425e+01
 2.02706543e+01
 1.86309753e+01
 1.38459412e+01
 8.39620361e+00
 7.05269775e+00
 4.66286621e+00
 3.73000488e+00
 8.29995117e+00
 8.31499634e+00
 1.28019653e+01
 1.56040283e+01
 2.12329651e+01
 2.13660217e+01
 1.65230042e+01
 1.27223450e+01
 1.15570618e+01
 6.15108643e+00
 5.34020386e+00
 3.93996582e+00
 6.92962036e+00
 1.01881958e+01
 1.36459900e+01
 2.09852539e+01
 2.18938843e+01
 2.13336731e+01
 1.71966797e+01
 1.43154236e+01
 7.48894653e+00
 5.68108521e+00
 2.62963257e+00
 1.48671875e+00
 5.40725098e+00
 1.00771118e+01
 1.39966980e+01
 1.70855042e+01
 2.26347595e+01
 2.23627563e+01
 1.91550537e+01
 1.38106628e+01
 1.02252747e+01
 7.69567261e+00
 1.03698730e-02
 2.75835571e+00
 6.14635620e+00
 8.86419067e+00
 1.12682434e+01
 1.82336670e+01
 2.13823181e+01
 1.86125427e+01
 1.73879333e+01
 1.23160645e+01
 8.12911377e+00
 4.49816284e+00
 3.44704590e+00
 5.93441162e+00
 6.93187866e+00
 9.30339966e+00
 1.24375549e+01
 2.02844482e+01
 2.06110779e+01
 2.13066040e+01
 1.71457458e+01
 1.25202576e+01
 3.76632080e+00
 4.99324951e+00
 -4.15991211e-01
 4.69500122e+00
 6.24865112e+00
 1.18742920e+01
 1.31089417e+01
 1.91776062e+01
 2.04310547e+01
 2.13209778e+01
 1.79590393e+01
 1.35874268e+01
 1.04298645e+01
 7.31298218e+00
 6.42650757e+00
 6.37706909e+00
 7.14446411e+00
 1.07873169e+01
 1.43003479e+01
 1.77646118e+01
 2.09360596e+01
 2.44676147e+01
 1.80534607e+01
 1.30244995e+01
 9.23812256e+00
 6.83504639e+00
 3.14873657e+00
 8.19289551e+00
 7.15239868e+00
 1.11131226e+01
 1.50014893e+01
 1.75764099e+01
 2.08542114e+01
 2.17579895e+01
 1.81492249e+01
 1.46959778e+01
 9.56228027e+00
 8.57396851e+00
 2.73998413e+00
 3.28408203e+00
 5.81008301e+00
 1.07849060e+01
 1.24012085e+01
 1.93723999e+01
 2.13973938e+01
 2.26247498e+01
 1.66618896e+01
 1.26286255e+01
 9.02239380e+00
 5.70571289e+00
 6.27007446e+00
 6.38384399e+00
 9.13482056e+00
 9.54165039e+00
 1.50689636e+01
 1.57371155e+01
 2.16379944e+01
 2.11137024e+01
 1.75409485e+01
 1.29432617e+01
 8.34429321e+00
 5.88024292e+00
 2.21788940e+00
 4.65398560e+00
 7.06099854e+00
 9.73104248e+00
 1.30816895e+01
 1.82898499e+01
 2.11565796e+01
 2.23580872e+01
 1.64727417e+01
 1.29888550e+01
 8.51864014e+00
 8.04110107e+00
 5.61635742e+00
 3.92000732e+00
 6.89428101e+00
 1.00805298e+01
 1.33505188e+01
 1.65561768e+01
 2.15004822e+01
 2.19803406e+01
 1.74130798e+01
 1.13329407e+01
 5.98528442e+00
 3.43828735e+00
 3.21242676e+00
 2.94109497e+00
 2.01360474e+00
 1.19313293e+01
 1.44593445e+01
 1.78321167e+01
 2.28619019e+01
 2.51410156e+01
 1.77461792e+01
 1.48380676e+01
 6.96373901e+00
 3.88091431e+00
 5.24016724e+00
 4.57747803e+00
 7.76290283e+00
 1.06837402e+01
 1.55567261e+01
 1.88261353e+01
 2.31462036e+01
 2.48736206e+01
 1.86704956e+01
 1.29373718e+01
 9.84215698e+00
 9.15416870e+00
 5.96639404e+00
 7.44844971e+00
 8.33828125e+00
 1.13269897e+01
 1.42802368e+01
 2.00926147e+01
 2.41409546e+01
 2.34397827e+01
 1.86986938e+01
 1.59563232e+01
 1.05031677e+01
 9.01009521e+00
 5.67351685e+00
 6.27205811e+00
 7.04110107e+00
 1.23239380e+01
 1.35758606e+01
 1.89484192e+01
 2.06007324e+01
 1.97011353e+01
 1.67157227e+01
 1.32105652e+01
 5.49608765e+00
 7.87288818e+00
 4.98204956e+00
 4.67897949e+00
 4.36400757e+00
 1.00973755e+01
 1.54121948e+01
 1.80786377e+01
 2.22141968e+01
 1.94902588e+01
 1.70696655e+01
 1.50482422e+01
 7.06624756e+00
 7.68175659e+00
 5.51696167e+00
 4.56423340e+00
 3.72750244e+00
 1.12304932e+01
 1.33965393e+01
 1.76040283e+01
 2.14019104e+01
 2.27011047e+01
 1.99927002e+01
 1.25795532e+01
 7.54061279e+00
 5.41631470e+00
 8.14470825e+00
 2.30318604e+00
 7.12642822e+00
 1.43408752e+01
 1.75519043e+01
 1.85810181e+01
 2.43295837e+01
 2.12110535e+01
 1.83284241e+01
 1.41816040e+01
 8.40368042e+00
 -2.04534912e-01
 4.66851196e+00
 5.94295654e+00
 8.69197998e+00
 1.17802063e+01
 1.38857971e+01
 1.91048218e+01
 2.13994995e+01
 2.28799377e+01
 1.78852173e+01
 1.39229675e+01
 9.02584229e+00
 6.79708252e+00
 2.28893433e+00
 3.39608154e+00
 7.96495972e+00
 7.76519165e+00
 1.64861694e+01
 2.15854736e+01
 2.12614380e+01
 2.18940979e+01
 1.72463623e+01
 1.23758484e+01
 5.59386597e+00
 6.50185547e+00
 1.28011475e+00
 3.59481201e+00
 9.23073730e+00
 1.00686890e+01
 1.50949646e+01
 1.89353271e+01
 2.41997925e+01
 2.14273621e+01
 1.96621338e+01
 1.36469666e+01
 6.30202637e+00
 7.40007935e+00
 4.63964233e+00
 4.85845337e+00
 7.10790405e+00
 9.44710693e+00
 1.53475891e+01
 1.85920959e+01
 2.08250061e+01
 2.07386108e+01
 1.71795288e+01
 1.52881409e+01
 9.98629150e+00
 6.78185425e+00
 7.20861206e+00
 7.67208252e+00
 9.72567139e+00
 1.01624390e+01
 1.33235107e+01
 1.96139771e+01
 2.31475159e+01
 2.26196228e+01
 1.73045898e+01
 1.46231323e+01
 8.96529541e+00
 5.10256348e+00
 6.98372803e+00
 7.82390747e+00
 8.82052002e+00
 1.08064819e+01
 1.29292236e+01
 2.01897827e+01
 2.14168945e+01
 2.12419373e+01
 1.87757813e+01
 1.43189026e+01
 7.90767822e+00
 4.44872437e+00
 -8.93103027e-01
 1.59926758e+00
 6.45723877e+00
 9.10241089e+00
 1.59384705e+01
 1.88212219e+01
 2.33629089e+01
 2.16326538e+01
 1.88248230e+01
 1.36977783e+01
 6.90838013e+00
 6.91362915e+00
 -1.12772217e+00
 4.98372803e+00
 5.67730103e+00
 8.71035156e+00
 1.23835388e+01
 1.69382874e+01
 2.03950439e+01
 2.15440308e+01
 1.60459534e+01
 1.31696106e+01
 1.10244995e+01
 7.90401611e+00
 4.86322021e-01
 3.44848022e+00
 1.01999756e+01
 1.09022461e+01
 1.66421448e+01
 2.15709778e+01
 2.11184326e+01
 2.07510925e+01
 1.80743347e+01
 1.46848999e+01
 9.16057739e+00
 1.40264282e+00
 2.92641602e+00
 1.93026123e+00
 7.61345825e+00
 9.62728271e+00
 1.51536499e+01
 1.66669556e+01
 2.20807434e+01
 2.09562317e+01
 1.95563904e+01
 1.48082214e+01
 1.20844360e+01
 4.08635864e+00
 8.91687012e-01
 4.12847290e+00
 7.23650513e+00
 8.20952759e+00
 1.52072083e+01
 1.72303406e+01
 2.12453247e+01
 2.29755493e+01
 2.10860535e+01
 1.59862000e+01
 7.03023682e+00
 9.21196899e+00
 8.00670776e+00
 7.84612427e+00
 7.66414795e+00
 1.04255920e+01
 1.40597168e+01
 2.01096741e+01
 2.41873718e+01
 2.27042480e+01
 1.67146545e+01
 1.17034851e+01
 6.92025146e+00
 2.06212769e+00
 5.96264038e+00
 8.08928833e+00
 5.65551147e+00
 1.08901611e+01
 1.53046204e+01
 1.82647339e+01
 2.14617249e+01
 2.45051819e+01
 1.62198120e+01
 1.48911987e+01
 6.40868530e+00
 8.32363281e+00
 2.76394043e+00
 4.93865356e+00
 7.82424316e+00
 9.81545410e+00
 1.62624756e+01
 1.75954529e+01
 2.11702515e+01
 2.24835449e+01
 1.62075134e+01
 1.33926331e+01
 7.46227417e+00
 5.82528076e+00
 4.24953613e+00
 4.45980225e+00
 3.70935059e-01
 5.78594360e+00
 1.63778015e+01
 1.87079407e+01
 2.41110779e+01
 2.22911011e+01
 1.72500854e+01
 1.34912964e+01
 1.00838562e+01
 8.73742065e+00
 6.11382446e+00
 6.11126099e+00
 8.33422241e+00
 1.03016296e+01
 1.65506226e+01
 2.24362122e+01
 2.24722839e+01
 2.30712219e+01
 1.81754700e+01
 1.51898132e+01
 1.22449585e+01
 8.32357178e+00
 1.95467529e+00
 2.08355103e+00
 6.34215698e+00
 9.57338867e+00
 1.30077454e+01
 1.74080750e+01
 2.37560364e+01
 2.25534912e+01
 1.94516235e+01
 1.25953613e+01
 9.74318848e+00
 7.20638428e+00
 6.45168457e+00
 4.29253540e+00
 5.42244873e+00
 8.92925415e+00
 1.36669861e+01
 1.99276062e+01
 2.50308167e+01
 2.40835205e+01
 1.69670654e+01
 1.27020203e+01
 1.01016174e+01
 6.32052002e+00
 9.32705078e+00
 6.93462524e+00
 9.36983643e+00
 9.91484985e+00
 1.74119812e+01
 1.88579651e+01
 2.17125488e+01
 2.31895386e+01
 1.93922058e+01
 1.34748474e+01
 1.12453552e+01
 8.52587280e+00
 5.17653809e+00
 9.20363770e+00
 8.68297729e+00
 1.02723938e+01
 1.56267334e+01
 1.76388794e+01
 1.98438354e+01
 2.45240723e+01
 1.90494629e+01
 1.08243347e+01
 6.53273926e+00
 5.90737305e+00
 6.33657227e+00
 4.15484009e+00
 8.62743530e+00
 1.05556885e+01
 1.45339905e+01
 1.95842529e+01
 1.97711121e+01
 2.03247009e+01
 1.85443970e+01
 1.47340942e+01
 1.08089844e+01
 6.55462036e+00
 6.81530151e+00
 5.93731079e+00
 4.85186157e+00
 1.23781067e+01
 1.53866211e+01
 1.82929626e+01
 2.25930725e+01
 2.35200439e+01
 1.70443970e+01
 1.36465393e+01
 1.20160156e+01
 3.71328125e+00
 5.57550049e-01
 7.27960205e-01
 5.20562134e+00
 1.16195313e+01
 1.39933411e+01
 2.03723083e+01
 2.22740723e+01
 2.14818054e+01
 1.84418884e+01
 1.13042236e+01
 8.76937256e+00
 5.53417358e+00
 4.36620483e+00
 7.88890991e+00
 7.08446655e+00
 9.48824463e+00
 1.39817139e+01
 2.06679016e+01
 2.12108398e+01
 2.15845276e+01
 1.86881653e+01
 1.36150757e+01
 9.85588989e+00
 4.18853149e+00
 8.46129761e+00
 1.24269653e+01
 6.17580566e+00
 9.18560181e+00
 1.68974548e+01
 1.97105347e+01
 2.33423096e+01
 2.23145996e+01
 1.81713196e+01
 1.62694946e+01
 9.63778076e+00
 7.71456299e+00
 6.80715332e+00
 3.43523560e+00
 6.92296753e+00
 1.08953491e+01
 1.41293274e+01
 1.88380066e+01
 2.03785034e+01
 2.07275635e+01
 1.84035889e+01
 1.37686401e+01
 1.04162231e+01
 1.04623352e+01
 8.08233032e+00
 5.89663086e+00
 3.27022705e+00
 9.63417969e+00
 1.59783264e+01
 1.96523682e+01
 2.24504333e+01
 2.23914734e+01
 1.73131653e+01
 1.30188538e+01
 1.09955383e+01
 2.42189941e+00
 4.24086914e+00
 9.65972290e+00
 9.17623291e+00
 1.14196716e+01
 1.40015808e+01
 1.77706238e+01
 2.44834534e+01
 2.35838562e+01
 1.88968140e+01
 1.38467346e+01
 1.12012268e+01
 5.06365356e+00
 1.05504761e+00
 3.50078735e+00
 6.41854248e+00
 1.17484375e+01
 1.54968811e+01
 1.73041626e+01
 2.52259460e+01
 2.39582458e+01
 2.04023376e+01
 1.44865967e+01
 7.83669434e+00
 6.00713501e+00
 5.47472534e+00
 6.30651245e+00
 9.80202637e+00
 1.02737061e+01
 1.56196838e+01
 1.95858093e+01
 2.47420593e+01
 2.16376892e+01
 1.62756592e+01
 1.12479797e+01
 8.97222290e+00
 6.99913940e+00
 6.54131470e+00
 8.22595215e-01
 7.26967773e+00
 1.30989929e+01
 1.34247375e+01
 1.85096680e+01
 2.67849060e+01
 2.38673950e+01
 1.95844971e+01
 1.46444946e+01
 1.22884155e+01
 6.43065796e+00
 7.13503418e+00
 7.87023315e+00
 9.70491943e+00
 1.32972046e+01
 1.57780396e+01
 1.76151978e+01
 2.19899231e+01
 2.45320984e+01
 1.67899414e+01
 1.19110352e+01
 8.78350220e+00
 5.89748535e+00
 5.54262695e+00
 3.25292358e+00
 6.39208374e+00
 1.09513489e+01
 1.33723083e+01
 1.93950439e+01
 2.27370544e+01
 2.26447998e+01
 1.85766541e+01
 1.50309082e+01
 8.46587524e+00
 2.58098755e+00
 6.08636475e-01
 6.56444702e+00
 7.98525391e+00
 1.07840820e+01
 1.29144531e+01
 1.88433472e+01
 2.03876587e+01
 2.47995239e+01
 1.97243896e+01
 1.35483337e+01
 9.13158569e+00
 6.41558228e+00
 2.82302246e+00
 5.62774048e+00
 4.83254395e+00
 1.13182922e+01
 1.46677795e+01
 1.73981873e+01
 2.03776794e+01
 2.16012512e+01
 1.81088806e+01
 1.32200867e+01
 1.15351196e+01
 7.45159302e+00
 8.42452393e+00
 4.06145630e+00
 7.57973633e+00
 1.03770386e+01
 1.31724487e+01
 1.92285400e+01
 2.29699951e+01
 2.50692688e+01
 1.82488647e+01
 1.45176331e+01
 1.08820129e+01
 6.70885620e+00
 4.25594482e+00
 2.29369507e+00
 4.65017090e+00
 1.18295837e+01
 1.52329956e+01
 1.81904236e+01
 2.04757935e+01
 2.14465271e+01
 1.75646912e+01
 1.42748657e+01
 1.02219788e+01
 9.34588013e+00
 4.40761719e+00
 6.22051392e+00
 8.80361328e+00
 1.17697083e+01
 1.46621948e+01
 1.93444458e+01
 2.12962280e+01
 2.10214172e+01
 1.61317078e+01
 1.27938782e+01
 9.77617798e+00
 4.67678223e+00
 6.21605835e+00
 6.51995239e+00
 6.65953979e+00
 9.58953247e+00
 1.45853821e+01
 2.25767456e+01
 2.29007813e+01
 2.11651245e+01
 1.91849609e+01
 1.29569336e+01
 1.07961060e+01
 3.84655151e+00
 7.77248535e+00
 5.65139160e+00
 9.34121094e+00
 1.37517029e+01
 1.44991699e+01
 2.04818665e+01
 2.33748108e+01
 2.36715637e+01
 1.98871704e+01
 1.40956055e+01
 1.05427185e+01
 5.82332764e+00
 1.13912354e+00
 -2.64868164e-01
 6.56585083e+00
 1.08126465e+01
 1.53141724e+01
 1.98862244e+01
 2.18091675e+01
 2.14665161e+01
 2.11455017e+01
 1.45891968e+01
 9.10195313e+00
 8.12792358e+00
 2.83193359e+00
 1.89360962e+00
 7.00576172e+00
 8.35683594e+00
 1.36407104e+01
 1.81755005e+01
 2.10244690e+01
 2.14097534e+01
 1.75596252e+01
 1.61765991e+01
 1.14545227e+01
 5.71166382e+00
 4.29473267e+00
 6.08873901e+00
 6.89882813e+00
 1.01919495e+01
 1.49470154e+01
 2.17693115e+01
 2.12725769e+01
 2.23929382e+01
 1.77135864e+01
 1.57906433e+01
 9.36916504e+00
 6.73665771e+00
 1.79720459e+00
 4.40624390e+00
 3.60665283e+00
 1.12962585e+01
 1.60526062e+01
 1.85687195e+01
 2.29475647e+01
 2.11807800e+01
 1.87202698e+01
 1.32519165e+01
 7.27382813e+00
 5.20125732e+00
 2.66085205e+00
 2.81777344e+00
 6.87853394e+00
 1.19028259e+01
 1.43383728e+01
 1.88613831e+01
 2.37254578e+01
 2.11839233e+01
 1.67261292e+01
 1.62259766e+01
 9.89803467e+00
 5.02047119e+00
 5.80385742e+00
 6.15746460e+00
 5.91283569e+00
 1.11925903e+01
 1.37086731e+01
 2.09689270e+01
 2.30712219e+01
 2.10632874e+01
 1.79634338e+01
 1.52602478e+01
 1.37229553e+01
 4.89922485e+00
 9.66973267e+00
 6.54439697e+00
 9.68569336e+00
 1.09842773e+01
 1.47556091e+01
 1.87631775e+01
 2.40069519e+01
 2.15777222e+01
 1.84174744e+01
 1.46934753e+01
 8.17284546e+00
 5.83550415e+00
 3.56459961e+00
 4.16262207e+00
 5.92470703e+00
 1.12305237e+01
 1.53462463e+01
 1.95303589e+01
 2.24335266e+01
 2.33952881e+01
 1.64579407e+01
 1.15183960e+01
 6.42553101e+00
 6.39617310e+00
 7.31292114e+00
 6.62593994e+00
 7.65578613e+00
 1.18759705e+01
 1.62661377e+01
 2.06337524e+01
 2.21503540e+01
 2.23299805e+01
 1.94486328e+01
 1.48096252e+01
 9.49263916e+00
 4.39260254e+00
 2.13939819e+00
 6.74587402e+00
 7.33303223e+00
 1.14790283e+01
 1.48276917e+01
 2.14993225e+01
 2.24193970e+01
 2.23980347e+01
 2.18500000e+01
 1.30026184e+01
 1.12260071e+01
 6.89931641e+00
 1.82421265e+00
 8.05663452e+00
 6.53057251e+00
 1.13649536e+01
 1.50190674e+01
 2.02890259e+01
 2.41141296e+01
 2.07937256e+01
 1.98673645e+01
 1.35571228e+01
 1.11867920e+01
 9.35555420e+00
 2.01311646e+00
 4.99529419e+00
 8.69707642e+00
 1.43893372e+01
 1.69360596e+01
 2.23421570e+01
 2.25815979e+01
 2.29739624e+01
 1.70271240e+01
 1.58565918e+01
 1.10462280e+01
 7.31914673e+00
 5.67675171e+00
 3.16115723e+00
 7.75063477e+00
 1.10039612e+01
 1.62759338e+01
 2.25225769e+01
 2.52990356e+01
 2.19148193e+01
 1.88852478e+01
 1.49608704e+01
 1.02410217e+01
 5.58468018e+00
 6.63271484e+00
 5.70742188e+00
 6.07988892e+00
 1.12822510e+01
 1.40526978e+01
 1.70646301e+01
 2.09237915e+01
 2.16949402e+01
 1.89838806e+01
 1.33629089e+01
 7.57451782e+00
 8.24834595e+00
 7.98513184e+00
 4.01333008e+00
 8.78273926e+00
 1.13752991e+01
 1.47475830e+01
 1.83846985e+01
 2.24018188e+01
 2.27659546e+01
 1.81721741e+01
 1.29065186e+01
 1.00461975e+01
 7.63002930e+00
 8.78490601e+00
 5.58895264e+00
 6.85674438e+00
 1.22734619e+01
 1.45411926e+01
 1.82283264e+01
 2.44710327e+01
 2.32083069e+01
 1.77058960e+01
 1.36765991e+01
 1.03749939e+01
 5.07659302e+00
 6.14492188e+00
 5.64721069e+00
 5.86296997e+00
 1.09360596e+01
 1.42086731e+01
 2.11400696e+01
 2.25438782e+01
 2.07157837e+01
 1.78721252e+01
 1.34410339e+01
 1.12579590e+01
 8.31453857e+00
