 2.20993312e+01
 4.31067530e+01
 6.54066109e+01
 6.86440010e+01
 3.63918483e+01
 1.38521757e+02
 5.01651280e+00
 3.39118637e+01
 3.23191046e+01
 7.46726369e+01
 1.07733876e+02
 3.41906994e+01
 3.30812275e+01
 4.77268414e+01
 2.67733053e+01
 2.37939948e+01
 2.95730551e+01
 1.54444944e+01
 3.04443529e+01
 7.06856072e+01
 9.04755791e+00
 1.32137594e+01
 3.20001093e+01
 4.85197979e+01
 4.73337579e+01
 1.26935908e+01
 2.00443746e+01
 3.31922305e+01
 1.07765058e+02
 4.80511831e+01
 1.97126036e+01
 6.78474979e+01
 2.42923584e+01
 5.04718254e+01
 8.28207827e+01
 4.88856544e+01
 1.13821357e+01
 1.28268159e+01
 3.41876520e+01
 8.67676344e+01
 2.60667462e+01
 1.99456829e+01
 4.73709067e+01
 2.88144024e+01
 5.95147741e+01
 1.00499141e+02
 5.52019062e+01
 4.21988846e+01
 5.91260571e+01
 5.81119271e+01
 2.07730536e+01
 1.78246171e+01
 4.99740161e+01
 6.58566226e+01
 2.56829437e+01
 4.30197403e+01
 4.66081557e+01
 1.23852827e+01
 4.40005959e+01
 6.47311400e+01
 2.18650205e+01
 1.50840882e+01
 3.16820578e+01
 2.70588902e+01
 2.76915861e+01
 2.02516611e+02
 3.88893087e+01
 2.66413526e+01
 2.17569920e+01
 8.48644075e+01
 7.59316944e+01
 5.81446793e+01
 1.90808440e+01
 1.98505329e+01
 1.78452743e+01
 4.70710520e+01
 5.97875845e+01
 1.05832551e+01
 5.13848931e+01
 2.16259100e+02
 3.13098054e+01
 3.47951734e+01
 8.14189864e+00
 6.65513901e+01
 5.70701688e+01
 5.71720904e+01
 3.24257463e+01
 1.74586622e+01
 3.06889264e+01
 5.84302381e+01
 6.68309456e+00
 1.40075336e+02
 4.62864729e+01
 3.88407205e+01
 2.52317487e+01
 3.81188013e+00
 9.15832204e+01
 3.62316727e+01
 2.05452934e+01
 1.88985554e+01
 1.39859843e+01
 5.15242424e+01
 4.51613366e+01
 3.71829728e+01
 5.15675339e+01
 6.46830109e+00
 1.27735698e+01
 5.33629662e+01
 4.63121083e+01
 4.04207411e+01
 1.39948075e+01
 4.24860211e+01
 8.10776162e+01
 9.90762297e+01
 2.82363881e+01
 1.34675183e+02
 1.45162122e+01
 2.93420477e+01
 4.21768043e+01
 2.57719646e+01
 1.38844473e+01
 3.09491683e+01
 2.88895088e+01
 4.76596785e+01
 8.89218324e+01
 6.24507117e+01
 3.74126673e+01
 6.48217929e+01
 3.67640088e+01
 2.93670897e+01
 7.97089328e+00
 4.85100929e+01
 2.19303660e+01
 1.52296095e+01
 4.73629313e+01
 2.90951269e+01
 8.46654358e+01
 4.39253520e+01
 4.44683850e+01
 9.42882515e+01
 1.87526812e+01
 3.73970550e+01
 2.08100627e+01
 4.27374723e+01
 1.08954710e+01
 4.05962990e+01
 6.15918448e+01
 4.86500030e+01
 2.06883786e+01
 1.89557155e+01
 4.17429694e+01
 5.52213444e+01
 3.50144237e+01
 1.61543468e+02
 7.62768758e+01
 4.32052020e+01
 4.67439656e+01
 4.22699408e+01
 2.79999630e+01
 4.81814017e+01
 3.24285209e+01
 5.80203788e+01
 1.14499997e+02
 1.08703060e+01
 4.44170135e+01
 1.81059131e+01
 2.87614708e+01
 3.66063227e+01
 1.56621432e+01
 1.61092758e+01
 3.33644017e+01
 4.67062098e+01
 6.02838250e+01
 9.29647285e+01
 3.77715033e+01
 3.13822507e+01
 6.78425074e+00
 6.41724407e+01
 1.39840599e+01
 2.50664213e+01
 2.62393411e+01
 3.23369911e+01
 1.28475558e+02
 9.12960781e+01
 4.87554702e+01
 3.88517973e+01
 7.08889004e+01
 3.05584377e+01
 5.88718471e+01
 1.88651407e+01
 5.24046173e+00
 2.75690143e+01
 3.04860766e+01
 2.86873733e+01
 2.07903102e+01
 6.30529393e+00
 9.62634891e+01
 4.96834162e+01
 2.61373724e+02
 3.33259130e+01
 8.90414037e+01
 8.50170564e+01
 4.91483407e+01
 2.45260577e+01
 5.93692859e+01
 5.09877741e+01
 1.27170244e+01
 2.94599220e+01
 6.92211871e+01
 5.00476502e+01
 4.11412505e+01
 9.10652606e+01
 2.18254549e-01
 4.37748341e+01
 3.99212483e+01
 2.48386221e+01
 3.94175825e+01
 1.27723300e+01
 4.86917398e+01
 3.97426367e+01
 9.76533387e+01
 7.70055702e+01
 6.61860061e+01
 1.58689471e+02
 6.91661108e+01
 4.63951756e+01
 5.28854111e+01
 3.73259582e+01
 4.16894458e+01
 5.37543460e+01
 6.42369944e+01
 4.95643858e+01
 1.11632622e+02
 1.78564905e+01
 9.06840865e+01
 2.36037624e+01
 6.17559971e+01
 7.93199516e+01
 5.00348306e+01
 2.32308050e+01
 7.30086166e+01
 7.41773310e+01
 3.09747777e+01
 9.99662558e+01
 5.03076883e+01
 6.58047596e+01
 9.25012283e+01
 7.67570117e+01
 3.74130486e+01
 1.44935899e+01
 5.09801144e+01
 2.98616640e+01
 3.41476676e+01
 6.44100755e+01
 4.91322985e+01
 5.49930538e+01
 5.55253025e+01
 4.23139289e+00
 4.71401697e+01
 5.77162178e+01
 3.03302849e+01
 9.86202516e+00
 2.14394229e+01
 1.84903672e+01
 3.25006237e+01
 3.28256467e+01
 3.76204183e+01
 5.79526739e+01
 6.95377538e+01
 4.88063700e+01
 4.37869312e+01
 5.28125151e+01
 6.66157182e+01
 3.53156228e+01
 6.13171982e+01
 2.32199551e+01
 3.75102482e+01
 2.98846765e+01
 3.05344529e+01
 4.86279659e+01
 3.08845778e+01
 1.44351256e+01
 7.45431543e+01
 2.74518676e+01
 3.04677620e+01
 4.64158766e+01
 2.16602486e+01
 1.40559545e+01
 4.30635784e+01
 4.38869395e+01
 6.09979259e+01
 5.24594648e+01
 6.56257527e+01
 6.01941656e+01
 5.06921315e+01
 3.52082029e+01
 1.54021324e+02
 1.83568944e+01
 6.33702196e+01
 2.73422358e+01
 3.32792419e+01
 4.83655519e+01
 7.28690343e+01
 1.49447765e+01
 8.98335068e+01
 6.11722976e+01
 1.13761707e+02
 3.59633527e+01
 6.63681665e+01
 8.29489394e+01
 4.41284524e+01
 3.01036942e+01
 2.94547731e+01
 2.23839179e+01
 4.73612663e+00
 8.21754275e+01
 7.67226594e+01
 1.27944454e+02
 5.79062787e+01
 3.76030326e+01
 1.12806353e+02
 1.09187055e+01
 1.53719298e+01
 3.38087556e+01
 2.34546969e+01
 2.91545061e+01
 9.85451865e+00
 7.11886651e+01
 1.20343237e+02
 6.84167655e+01
 1.02123557e+02
 6.00365427e+01
 6.17325031e+01
 2.97211536e+01
 2.45224464e+01
 1.63773256e+01
 2.61278653e+01
 2.75233203e+01
 1.12124872e+01
 5.76623589e+01
 2.90910505e+01
 3.33968325e+01
 1.12699352e+01
 5.60863306e+01
 1.65519951e+01
 1.32163343e+01
 2.90550580e+01
 2.77407054e+01
 4.95114848e+01
 9.02471751e+00
 5.52308789e+01
 1.72321304e+01
 3.49903767e+01
 4.40266688e+01
 1.95651031e+01
 3.73792382e+01
 3.27662794e+01
 3.77652233e+01
 2.72633389e+01
 4.27354359e+01
 2.96463857e+01
 2.25948052e+01
 3.53317515e+01
 3.73744224e+01
 7.65127355e+01
 6.92366869e+01
 3.52458780e+01
 4.48304950e+01
 2.23863781e+01
 2.29175877e+01
 1.91160124e+01
 2.74980223e+01
 1.55222089e+01
 2.91881281e+01
 2.05427380e+01
 2.41259512e+01
 7.99642906e+01
 6.34226390e+01
 3.60292950e+01
 1.12907414e+02
 1.11015589e+01
 4.05783954e+01
 5.01455110e+01
 8.87104372e+01
 5.03765927e+01
 4.20993467e+01
 2.93444837e+01
 4.50117599e+01
 1.68380177e+01
 2.82629163e+01
 4.81839868e+01
 4.82577584e+01
 1.07316812e+01
 4.59930715e+01
 1.02673610e+01
 7.65167305e+01
 3.16180156e+01
 8.25317755e+01
 7.49688193e+01
 7.96218712e+01
 3.41153786e+01
 4.76617955e+01
 2.49645141e+01
 8.75639138e+01
 5.26795055e+01
 9.15395869e+01
 3.27720928e+01
 6.11662821e+01
 5.03519551e+01
 1.85019031e+01
 7.22882211e+01
 6.14480391e+01
 8.76438046e+01
 1.73860268e+01
 2.01668635e+01
 7.83856469e+01
 8.35170202e+01
 3.05881811e+01
 3.24429040e+00
 2.05027829e+01
 4.29598442e+01
 1.10557074e+01
 9.43428762e+01
 3.82863678e+01
 2.15184911e+01
 1.25461535e+02
 2.44745877e+01
 6.18939027e+01
 9.26663935e+01
 4.39438187e+01
 7.32947188e+01
 1.48170420e+01
 1.93728718e+01
 4.63448427e+01
 6.11845179e+01
 1.87746964e+02
 6.72588164e+01
 4.04749427e+01
 2.38172916e+01
 3.65268680e+01
 9.06803131e+01
 6.14314056e+01
 5.80578427e+01
 5.64049095e+01
 5.25655106e+01
 1.96534456e+01
 6.89324053e+01
 8.19766223e+01
 2.94396944e+01
 3.57629322e+01
 4.77710913e+01
 3.68685961e+01
 1.08730339e+01
 7.69352629e+01
 6.30822101e+01
 1.39579363e+01
 2.84769616e+01
 2.47936334e+01
 4.19656872e+01
 6.85633964e+01
 1.52209585e+01
 1.43238452e+01
 3.16416545e+01
 5.58656688e+01
 3.54088798e+00
 6.67761054e+01
 1.61031796e+01
 5.44011756e+01
 5.86135686e+01
 1.16675506e+01
 1.20197367e+01
 7.85147041e+01
 5.84787316e+01
 5.63217656e+01
 2.17954048e+01
 2.61184264e+00
 6.00216173e+01
 9.09621012e+01
 5.33570771e+01
 3.92243135e+01
 1.27734261e+01
 3.31140467e+01
 6.24145909e+01
 2.83344212e+01
 1.24989567e+02
 1.32827291e+02
 4.49911583e+01
 6.62360365e+01
 1.89896151e+01
 1.99955585e+01
 5.32770713e+01
 2.94047379e+01
 7.13441115e+00
 8.36304195e+00
 5.04759178e+01
 5.63511814e+01
 5.04954934e+01
 4.02092107e+01
 7.42305582e+01
 3.45793447e+01
 7.32642658e+01
 2.83916947e+01
 4.77820328e+01
 8.29816986e+01
 4.83379219e+01
 9.27865051e+00
 4.45666967e+01
 2.66353673e+01
 7.09846202e+01
 2.99291126e+01
 9.26353576e+00
 4.49535710e+01
 4.11163516e+01
 6.10544458e+01
 1.27161751e+01
 1.25187321e+02
 4.51564695e+01
 3.45867925e+01
 2.43798179e+01
 3.72595081e+01
 8.63597890e+00
 1.25883323e+02
 2.05667033e+01
 6.53453263e+01
 1.03135247e+02
 5.65237079e+01
 2.24138678e+01
 3.63899946e+01
 2.39519142e+01
 2.64745389e+00
 1.22496487e+02
 2.60085790e+01
 3.20825201e+01
 1.02368643e+01
 4.83780135e+01
 1.82761499e+01
 2.28267353e+01
 4.74298967e+01
 7.96480668e+01
 5.74532283e+01
 8.62179900e+01
 7.51105009e+01
 4.01232574e+01
 9.70026611e+01
 4.67878378e+01
 2.43131036e+01
 3.20952213e+01
 1.50097878e+02
 5.89340497e+01
 1.09505174e+02
 5.70470300e+00
 2.82644068e+01
 1.68923306e+01
 1.17835202e+01
 2.59735154e+00
 3.73734718e+00
 5.09443101e+01
 2.17976125e+01
 6.18540304e+01
 1.11235838e+02
 4.64225756e+01
 1.03583826e+01
 3.78890946e+01
 3.29572916e+01
 1.57113916e+01
 1.94934852e+01
 4.74485856e+01
 3.57766782e+01
 1.88632772e+01
 4.49684307e+01
 2.10312199e+01
 3.17673711e+01
 1.19250004e+02
 9.09855434e-02
 4.34872038e+01
 3.78573549e+01
 6.50504496e+01
 7.93379746e+00
 3.27959048e+01
 7.88959822e+01
 9.00114425e+00
 1.88180864e+01
 2.34326170e+01
 4.11234142e+01
 2.95997612e+01
 4.57638399e+01
 9.52405063e+01
 5.50572902e+01
 2.27974057e+01
 3.82831590e+01
 1.92424513e+01
 6.68594886e+01
 1.32622413e+02
 5.70619701e+00
 3.54643912e+01
 4.28975169e+01
 5.67179614e+01
 1.06002375e+02
 6.77293211e+01
 3.73235417e+01
 9.55716483e+01
 3.99285276e+01
 1.42586472e+01
 5.18104226e+01
 3.07870578e+01
 1.09530977e+02
 8.86635784e+01
 4.20247112e+01
 4.09695320e+01
 1.40093401e+02
 2.17590099e+01
 7.70699927e+01
 7.13966583e+01
 1.50416641e+01
 4.87237049e+01
 2.77553187e+01
 1.92549796e+01
 4.89709644e+01
 1.27671681e+01
 7.37458545e+01
 5.30126311e+01
 2.70229968e+01
 2.99141336e+01
 1.40465114e+01
 1.75107848e+01
 1.66777983e+01
 5.08618372e+01
 2.36569680e+01
 2.16266101e+01
 1.13382730e+02
 4.35623621e+01
 6.69467611e+01
 5.67981370e+01
 9.62193295e+01
 4.31933950e+01
 4.49990947e+01
 8.16640761e+00
 2.98573582e+01
 1.29311383e+01
 1.16084813e+02
 2.53595904e+01
 1.37028550e+01
 2.23276078e+01
 6.46084050e+01
 9.49888387e+01
 1.10988400e+02
 1.84042136e+01
 3.02096988e+01
 1.13650158e+02
 7.35355259e+00
 4.21263797e+01
 7.72166904e+01
 8.81663148e+01
 2.47408628e+01
 3.78324518e+01
 3.34914532e+01
 4.99287330e+01
 3.17297326e+01
 3.54008410e+01
 5.92671351e+01
 2.07249453e+01
 2.75049812e+01
 2.58206381e+01
 8.16091869e+01
 4.36099370e+01
 4.97101504e+00
 4.15910318e+01
 1.61933070e+02
 6.53702512e+01
 5.13497612e+01
 5.11063113e+01
 4.62749741e+01
 7.69610016e+01
 6.64458432e+01
 1.68057665e+01
 1.39424711e+02
 4.52350935e+01
 1.86328765e+01
 4.51429497e+01
 7.64114178e+01
 6.53465026e+01
 1.02546455e+02
 4.36564800e+01
 1.31777874e+02
 3.41561498e+01
 3.27985952e+00
 1.96880963e+01
 4.02379428e+01
 3.24750337e+01
 8.87466520e+01
 4.47171824e+01
 6.60878650e+01
 9.32370377e+01
 8.06891001e+01
 2.35731597e+01
 2.30735813e+01
 2.55041859e+01
 3.06212475e+01
 6.26809128e+00
 1.49784898e+01
 5.34386427e+01
 1.93225062e+01
 6.40766807e+00
 2.96513868e+01
 4.30831955e+01
 4.06764513e+01
 7.24524868e+01
 2.48037801e+01
 2.19988685e+01
 2.55229392e+01
 5.99565594e+01
 5.92822863e+01
 2.81560540e+01
 3.06371914e+01
 1.88312878e+01
 2.45923897e+01
 1.64081766e+01
 4.90473360e+01
 4.38719048e+01
 3.45776395e+01
 5.34382286e+01
 3.02879141e+01
 1.10929410e+02
 4.28337674e+01
 3.30630087e+01
 7.45880601e+01
 1.20517322e+02
 3.17096990e+01
 3.99717440e+01
 3.40061098e+01
 3.99718383e+01
 3.41673480e+01
 2.62331342e+01
 2.91827573e+01
 3.35953189e+01
 1.48264589e+00
 2.27558599e+01
 4.06060854e+01
 3.35853046e+01
 5.54198923e+01
 5.92146664e+01
 4.03973940e+01
 4.21553377e+01
 2.91697476e+01
 3.87970651e+01
 6.05294205e+01
 6.40542708e+01
 2.98133496e+01
 8.37894925e+01
 9.06927130e+01
 2.48346125e+01
 1.32054332e+01
 1.96347570e+01
 4.40947868e+01
 5.11685187e+01
 5.06664318e+01
 2.47219357e+01
 4.34902917e+01
 1.99256821e+01
 7.23809465e+00
 6.86207836e+01
 1.21226464e+01
 6.55345967e+00
 4.90575428e+01
 3.42080103e+01
 1.29901233e+01
 3.13789034e+01
 6.06647847e+01
 1.94227792e+01
 1.11603051e+01
 1.56123223e+01
 3.33063574e+01
 7.01775229e+01
 2.97564983e+01
 2.45634234e+01
 2.18343246e+01
 7.94483376e+01
 2.16252923e+01
 4.63588737e+01
 1.51616031e+01
 1.37999160e+01
 4.78607585e+00
 2.69821915e+01
 2.19116782e+01
 5.19092303e+01
 4.22099825e+01
 2.38942080e+01
 3.09239946e+01
 7.29583729e+01
 1.67942259e+01
 1.58669494e+01
 1.32053187e+01
 2.07244410e+01
 1.35290498e+01
 6.86850353e+01
 4.33296958e+01
 8.96746802e+01
 4.11866260e+01
 7.26746496e+00
 5.44423000e+01
 6.65480228e+01
 7.30776087e+01
 5.15898539e+01
 9.50504413e+00
 3.97079380e+01
 2.05798100e+01
 1.17061492e+01
 8.80288300e+01
 3.49538490e+01
 6.52237146e+01
 1.43686102e+01
 8.20518420e+01
 2.68195635e+01
 4.26762608e+01
 2.49211693e+01
 5.56812790e+01
 2.79413190e+01
 4.44942523e+01
 5.71174952e+01
 3.99820412e+01
 9.05801087e+01
 1.10788876e+01
 2.02924108e+01
 5.59996544e+00
 7.07772357e+01
 4.19143950e+01
 5.90542399e+01
 3.66479294e+01
 4.93657395e+01
 8.32363658e+01
 8.45022634e+01
 9.46537186e+01
 8.73256350e+01
 4.92155410e+01
 2.53261223e+01
 4.14427287e+01
 1.25400676e+02
 1.39485931e+01
 4.21154315e+01
 4.29086640e+01
 4.31225001e+01
 3.86855626e+01
 4.24036198e+01
 4.72778818e+01
 2.38116328e+01
 3.19354291e+01
 3.30071222e+01
 6.63237029e+01
 9.57260621e-01
 4.53922490e+01
 1.49331827e+01
 4.34948072e+01
 5.76636638e+01
 1.97381046e+01
 3.70081540e+01
 7.15569868e+01
 5.71859709e+01
 9.41777328e+00
 2.85888930e+01
 2.16504390e+01
 6.57348860e+01
 2.90583205e+01
 4.92522081e+01
 2.16965742e+01
 4.40864070e+01
 3.99627371e+01
 3.54068555e+01
 1.88073861e+01
 4.32016357e+01
 2.91029134e+01
 2.59552778e+01
 2.29026064e+01
 1.00675740e+01
 9.93904448e+00
 8.82377531e+01
 5.68785830e+01
 1.79757021e+01
 6.52235341e+01
 4.31604529e+01
 1.50973351e+01
 6.69636231e+01
 5.05634469e+01
 6.52721102e+01
 4.32176840e+01
 4.25688133e+01
 7.46302507e+01
 2.80896277e+01
 3.42787897e+01
 2.73688027e+01
 4.77340539e+01
 2.68362781e+01
 3.92753414e+01
 3.87783153e+01
 1.37433424e+01
 7.14983024e+01
 1.19078061e+02
 1.00940121e+02
 8.99935416e+01
 6.47657122e+01
 3.80229730e+01
 5.31395030e+01
 6.61261359e+00
 5.05007503e+01
 3.77757385e+01
 1.23698083e+02
 2.25866754e+01
 3.85791060e+00
 1.89030971e+01
 2.12788809e+01
 5.38983726e+01
 2.32030769e+01
 1.76716064e+01
 8.28417460e+01
 4.42118767e+01
 2.11216707e+01
 2.03420743e+01
 1.97553114e+01
 2.98163506e+01
 1.64095331e+01
 2.84045202e+01
 6.51710359e+01
 4.23552070e+01
 6.86619739e+01
 7.47627150e+01
 6.03347908e+01
 3.50151393e+01
 1.45333611e+01
 7.29905563e+01
 7.47687319e+01
 6.90323796e+01
 1.07237447e+01
 3.99389016e+01
 1.54347477e+01
 7.40991316e+01
 6.28597979e+01
 6.52965724e+01
 1.91089127e+01
 1.02034418e+01
 9.41220548e+00
 6.88750225e+01
 7.21636689e+01
 1.06143802e+02
 4.95810615e+01
 5.09113950e+01
 2.36519444e+01
 5.07804946e+01
 5.52639862e+01
 5.81805176e+01
 5.17099273e+01
 4.32757893e+01
 8.29932159e+01
 9.72804960e+01
 5.78333013e+01
 5.92389194e+01
 1.29242680e+02
 5.19189694e+01
 9.49418130e+01
 3.11301841e+01
 7.93224000e+00
 8.74776505e+01
 5.19972427e+01
 3.29778424e+01
 3.39118808e+01
 7.55816048e+01
 6.96502868e+01
 3.96160674e+01
 2.71630151e+01
 1.21248850e+01
 1.51481356e+02
 3.76703999e+01
 2.26293988e+01
 6.61091263e+01
 4.73187230e+01
 3.89085227e+01
 1.01661255e+02
 4.21507266e+01
 1.61083911e+01
 3.93272139e+01
 3.61396308e+01
 8.43500822e+01
 1.03090268e+02
 4.37288962e+01
 2.56986032e+01
 2.82313602e+01
 4.10388999e+01
 3.38792142e+01
 3.21198735e+01
 2.46968971e+01
 8.37586334e+01
 4.45923436e+01
 2.92543910e+01
 4.95901185e+01
 7.13232449e+01
 1.69246233e+01
 4.48373162e+01
 5.50919836e+01
 6.18197707e+01
 2.11641765e+01
 3.81313892e+01
 6.07587748e+01
 6.78012774e+01
 5.96743425e+01
 4.74683366e+01
 7.74998902e+00
 4.00601563e+01
 2.78763170e+01
 1.71602129e+01
 5.97900546e+01
 6.85402059e+01
 2.61579037e+00
 7.47951234e+01
 1.42113119e+01
 6.11524993e+01
 1.82299121e+02
 3.73140291e+01
 1.49732560e+01
 7.95591924e+01
 7.31313174e+01
 2.78529485e+01
 5.24496841e+01
 9.54819941e+01
 3.77107157e+01
 1.54027089e+01
 9.25494754e+01
 6.02118049e+00
 2.14439444e+01
 8.74143148e+01
 7.77078909e+01
 2.30781271e+01
 6.89157480e+01
 9.19358886e+01
 1.19539370e+02
 3.01440196e+01
 2.93835785e+01
 1.80307969e+01
 7.87968295e+01
 4.66683573e+01
 4.08495493e+01
 2.86967026e+01
 2.48328951e+01
 3.96355019e+01
 4.53352322e+01
 1.18129131e+02
 1.26039250e+01
 5.48680625e+01
 5.06112366e+01
 3.02362073e+01
 3.82100112e+01
 2.26184529e+01
 8.42391327e+01
 1.10333488e+02
 1.51359750e+02
 7.19583359e+01
 4.17876504e+01
 6.27884815e+01
 8.61268742e+01
 4.14069050e+01
 2.66339508e+01
 4.52750438e+01
 9.56493579e+00
 2.18589379e+01
 4.49597601e+01
 5.20771675e+00
 9.11888481e+00
 1.95357233e+00
 6.06126107e+01
 3.04580660e+01
 8.40048731e+01
 8.41265557e+01
 2.77131952e+01
 2.42195565e+01
 4.01820156e+01
 1.28325769e+01
 2.30056721e+01
 6.39261718e+01
 4.89401914e+01
 9.27734176e+00
 5.85815986e+01
 6.52756577e+01
 1.93470187e+01
 9.63228201e+01
 2.33886971e+01
 6.07730840e+01
 6.86537984e+01
 4.68143755e+01
 4.88216413e+01
 3.68018913e+01
 7.45381848e+01
 3.41897238e+01
 2.65568627e+01
 9.17462303e+01
 3.22361312e+01
 5.04512558e+01
 5.16530900e+01
 4.61439178e+01
 4.12717190e+01
 4.23631532e+01
 1.27223079e+01
 3.87087556e+01
 2.93905044e+01
 9.37207028e+01
 1.10183205e+01
 2.50957285e+01
 4.79988077e+01
 8.43619698e+01
 5.57905273e+01
 1.94461708e+01
 1.16749904e+02
 5.54203600e+01
 1.70074810e+01
 5.71256509e+01
 2.61128669e+01
 3.09045100e+01
 7.16145917e+01
 5.46051419e+01
 5.73737614e+01
 2.87198884e+01
 2.69032855e+01
 3.93042213e+01
 3.08253246e+01
 1.66939106e+01
 1.12898443e+02
 2.09036593e+01
 2.37675779e+01
 2.78600018e+01
 3.24131936e+01
 3.94648631e+01
 8.23392012e+01
 3.11974077e+01
 6.27730810e+01
 9.57054670e+00
 3.31847528e+01
 3.76554917e+01
 3.67084800e+01
 6.68932668e+01
 4.95530525e+01
 1.68659480e+01
 2.66255479e+01
 6.87746958e+01
 8.24302000e+01
 4.83664669e+01
 9.00148419e+01
 6.83018150e+01
 3.51343853e+01
 5.78979037e+01
 1.57760252e+01
 3.31314850e+00
 2.99330677e+01
 1.68742861e+01
 4.59635765e+01
 2.65357007e+01
 3.80102535e+00
 2.83405145e+01
 3.44791519e+01
 3.46079651e+01
 1.68404361e+01
 4.69352396e+01
 6.33335289e+01
 8.11237052e+01
 9.07029508e+01
 2.97877794e+00
 3.64974851e+01
 4.53690772e+01
 2.78501739e+01
 4.07512411e+01
 6.07736702e+01
 9.03389748e+01
 9.09039441e+00
 5.11532596e+01
 3.99631583e+01
 3.71222899e+01
 2.85575345e+01
 8.96751510e+01
 3.47362200e+01
 5.66439765e+01
 5.39117218e+01
 4.71361308e+01
 1.43158051e+01
 4.84486231e+01
 2.64393604e+01
 1.64293146e+01
 2.01732861e+01
 5.73562271e+01
 6.39433357e+01
 7.94713176e+00
 6.67739958e+01
 2.81551307e+01
 3.34916895e+01
 4.04788048e+01
 3.40368863e+01
 7.76868769e+00
 1.18805462e+01
 6.20279066e+01
 3.36134195e+01
 3.10660153e+01
 2.89916718e+01
 5.90610622e+01
 3.44759880e+01
 6.84120931e+01
 3.38482479e+01
