 3.05425415e+00
 5.03228760e-01
 1.06386963e+01
 1.46325928e+01
 1.69586731e+01
 1.92347961e+01
 1.87786499e+01
 1.79502197e+01
 1.61606079e+01
 1.17452026e+01
 8.86766968e+00
 4.12481079e+00
 4.91555176e+00
 4.58526001e+00
 9.40490112e+00
 1.22155701e+01
 1.83801208e+01
 1.89526611e+01
 2.10456177e+01
 1.77983337e+01
 1.70472961e+01
 1.03802429e+01
 5.43660889e+00
 3.79555664e+00
 3.35473022e+00
 5.58486328e+00
 6.37102661e+00
 1.41603943e+01
 1.79144226e+01
 2.18794495e+01
 2.37893005e+01
 2.38492676e+01
 1.53561035e+01
 1.09849487e+01
 9.14129028e+00
 3.10451660e+00
 4.54082642e+00
 7.85729980e-01
 9.31609497e+00
 1.28819824e+01
 1.64227539e+01
 2.07996765e+01
 2.11888367e+01
 2.36066223e+01
 1.77080322e+01
 1.25965210e+01
 7.10549316e+00
 3.78591309e+00
 -1.16064453e-01
 5.53896484e+00
 4.04262695e+00
 1.22202698e+01
 1.68600708e+01
 2.20143982e+01
 2.49471375e+01
 2.26985413e+01
 1.79218689e+01
 1.01110168e+01
 7.21886597e+00
 3.24138794e+00
 -1.18231201e-01
 5.53225098e+00
 8.76500854e+00
 1.50115295e+01
 1.53910461e+01
 1.77478577e+01
 2.10727173e+01
 2.26774231e+01
 1.71399780e+01
 1.21984192e+01
 8.37697754e+00
 5.76876221e+00
 7.75155029e+00
 7.09368286e+00
 1.10810791e+01
 1.28658691e+01
 1.51590210e+01
 1.82395264e+01
 2.06915527e+01
 1.88020874e+01
 1.60710999e+01
 1.01033264e+01
 5.81032715e+00
 6.86565552e+00
 4.18578491e+00
 4.89684448e+00
 8.23940430e+00
 1.52878967e+01
 1.84058777e+01
 1.97170654e+01
 2.05814453e+01
 1.95938660e+01
 1.49972168e+01
 1.18101746e+01
 1.00840393e+01
 5.63204346e+00
 5.45409546e+00
 5.69182739e+00
 7.96764526e+00
 1.38154541e+01
 1.49930359e+01
 1.88505493e+01
 2.44084412e+01
 2.27501770e+01
 1.80454041e+01
 1.27520996e+01
 6.27028809e+00
 3.85137329e+00
 4.24007568e+00
 1.51625977e+00
 8.54906616e+00
 1.22757507e+01
 1.57391296e+01
 1.84468628e+01
 2.15216309e+01
 1.97961060e+01
 1.63449646e+01
 1.19947449e+01
 3.60259399e+00
 3.64949951e+00
 -2.83026123e-01
 4.56670532e+00
 1.07595459e+01
 1.28466431e+01
 1.85483337e+01
 2.15346924e+01
 2.29280334e+01
 2.06821228e+01
 1.55155884e+01
 1.25403687e+01
 6.13195190e+00
 6.97768555e+00
 6.59060059e+00
 4.99773560e+00
 9.51662598e+00
 1.41794067e+01
 1.89527832e+01
 1.92580505e+01
 2.06267029e+01
 1.90719543e+01
 1.73028503e+01
 1.16136108e+01
 5.87954102e+00
 2.46633301e+00
 3.40197144e+00
 6.00225220e+00
 9.24913940e+00
 1.32137085e+01
 1.67673279e+01
 1.97136169e+01
 2.32691284e+01
 2.28109070e+01
 1.58171021e+01
 1.09604431e+01
 5.89895020e+00
 3.10112915e+00
 -7.76129150e-01
 4.92247925e+00
 8.16402588e+00
 1.15279480e+01
 1.60563904e+01
 2.23055359e+01
 2.22987305e+01
 2.01929565e+01
 1.68644653e+01
 1.13830811e+01
 7.54549561e+00
 5.23287354e+00
 9.24005127e-01
 4.51921997e+00
 9.01046143e+00
 1.08886963e+01
 2.16737915e+01
 2.58701721e+01
 2.51166931e+01
 2.34684998e+01
 1.84752136e+01
 1.30741516e+01
 7.40773926e+00
 3.21868286e+00
 1.12990723e+00
 6.25957642e+00
 6.96465454e+00
 1.15887085e+01
 1.63828064e+01
 2.12395264e+01
 2.23311707e+01
 2.22301270e+01
 1.42973267e+01
 1.43882996e+01
 7.90499268e+00
 3.59972534e+00
 5.32586670e-01
 6.40551147e+00
 9.39336548e+00
 1.03281799e+01
 1.59803711e+01
 1.99010254e+01
 2.07098328e+01
 2.41894775e+01
 1.60382324e+01
 1.11863953e+01
 7.05898438e+00
 5.00237427e+00
 5.57543335e+00
 8.09920654e+00
 1.19397522e+01
 1.23947083e+01
 1.46804749e+01
 1.96900879e+01
 2.39749084e+01
 2.22832886e+01
 1.61768738e+01
 1.23528687e+01
 3.78499756e+00
 -8.88616943e-01
 -3.67059937e+00
 2.26500854e+00
 7.61043701e+00
 1.27004639e+01
 1.87479492e+01
 2.32112061e+01
 2.58479553e+01
 2.40396362e+01
 1.82719666e+01
 1.13820435e+01
 8.53722534e+00
 5.08974609e+00
 -2.32397461e-01
 4.64037476e+00
 5.13002930e+00
 1.13705994e+01
 1.43066650e+01
 2.07602783e+01
 2.11329895e+01
 2.01747986e+01
 1.51899658e+01
 1.32486816e+01
 9.08776245e+00
 4.70855103e+00
 2.35213623e+00
 1.70940552e+00
 7.63924561e+00
 1.24704529e+01
 1.94488159e+01
 2.21556641e+01
 2.25971313e+01
 2.34575134e+01
 1.80483643e+01
 1.37148376e+01
 1.00960632e+01
 7.51992188e+00
 3.55745850e+00
 3.15694580e+00
 9.50341187e+00
 1.63292786e+01
 2.00270325e+01
 2.39578491e+01
 2.37995850e+01
 2.20343567e+01
 1.91339661e+01
 1.31668335e+01
 6.66787109e+00
 7.18352661e+00
 5.07720337e+00
 3.94536743e+00
 1.01539246e+01
 1.42408997e+01
 1.80399109e+01
 1.89599243e+01
 2.18342529e+01
 2.00723816e+01
 1.71147400e+01
 1.03035522e+01
 7.96022949e+00
 3.96700439e+00
 5.94232178e-01
 4.39733276e+00
 4.17128906e+00
 1.29206177e+01
 1.33318726e+01
 1.93778625e+01
 2.50906616e+01
 2.42133118e+01
 1.85323425e+01
 1.40825745e+01
 9.29378662e+00
 3.78313599e+00
 2.34243164e+00
 7.72942505e+00
 9.03466187e+00
 1.17759949e+01
 1.51561218e+01
 2.31392456e+01
 2.42638184e+01
 2.35461060e+01
 1.57653748e+01
 9.35097656e+00
 8.35317383e+00
 3.61422119e+00
 6.37719116e+00
 7.49498901e+00
 9.24300537e+00
 1.18908936e+01
 1.68858887e+01
 2.15262085e+01
 2.27044006e+01
 2.47102600e+01
 1.93739258e+01
 1.10183350e+01
 6.76598511e+00
 4.54519043e+00
 3.64653931e+00
 7.90392456e+00
 8.47286377e+00
 1.19301697e+01
 1.51265503e+01
 2.11285645e+01
 2.49068848e+01
 2.78054138e+01
 1.67990051e+01
 1.32291504e+01
 7.60540161e+00
 3.10234985e+00
 1.19592285e-01
 5.82247314e+00
 1.00792175e+01
 1.28043762e+01
 1.67409912e+01
 2.05856567e+01
 2.31571899e+01
 2.23905273e+01
 1.54905334e+01
 1.21590820e+01
 7.11608276e+00
 4.62713013e+00
 5.22557983e+00
 5.95568237e+00
 8.25145874e+00
 1.25022522e+01
 1.47202087e+01
 1.97225281e+01
 1.94002625e+01
 2.01130920e+01
 1.41720825e+01
 1.12721191e+01
 9.95855103e+00
 3.32213745e+00
 -1.80023804e+00
 -1.05651855e-02
 7.87816772e+00
 1.15188538e+01
 1.72419067e+01
 2.08782898e+01
 2.25051514e+01
 1.99661194e+01
 1.78507019e+01
 1.05012756e+01
 7.33126221e+00
 2.20552979e+00
 4.66564331e+00
 8.33654175e+00
 9.93605957e+00
 1.35461060e+01
 1.57359863e+01
 2.00735107e+01
 1.94348389e+01
 2.10306641e+01
 1.69976746e+01
 1.27662598e+01
 6.46212158e+00
 4.84948120e+00
 3.89812622e+00
 7.34539185e+00
 1.12332092e+01
 1.31203247e+01
 1.17601868e+01
 2.03369690e+01
 2.19766785e+01
 2.04641663e+01
 1.93477722e+01
 1.36063782e+01
 7.99300537e+00
 4.74456177e+00
 -6.01806641e-03
 7.84954224e+00
 1.00157715e+01
 9.65838013e+00
 1.52239624e+01
 2.07875000e+01
 2.16777283e+01
 2.07401367e+01
 1.71003967e+01
 1.36628357e+01
 8.95336304e+00
 4.25197754e+00
 2.03566895e+00
 4.05703125e+00
 1.08551270e+01
 1.15792480e+01
 1.58175598e+01
 1.72279907e+01
 2.10930420e+01
 1.95122925e+01
 1.96988159e+01
 1.25438782e+01
 9.33553467e+00
 6.29744873e+00
 7.17308960e+00
 9.38067017e+00
 9.02395020e+00
 1.35331970e+01
 1.61981750e+01
 1.93649536e+01
 2.21295105e+01
 2.04842468e+01
 1.86732727e+01
 1.33332764e+01
 7.55883179e+00
 5.81847534e+00
 4.56389771e+00
 7.60558472e+00
 1.04000488e+01
 1.53959900e+01
 1.86469666e+01
 1.98671814e+01
 2.49581848e+01
 2.28778625e+01
 1.26334473e+01
 1.07518555e+01
 7.43084106e+00
 5.64476929e+00
 3.97637329e+00
 2.56362305e+00
 6.84383545e+00
 1.26168457e+01
 1.61294495e+01
 2.00323730e+01
 2.17446838e+01
 2.22825867e+01
 1.87882629e+01
 1.14932800e+01
 1.09270264e+01
 1.03606567e+00
 1.19359741e+00
 8.11336670e+00
 1.10231567e+01
 1.44920288e+01
 1.59762207e+01
 2.11693054e+01
 2.06791626e+01
 2.09313293e+01
 1.81556030e+01
 1.32317749e+01
 9.07763062e+00
 3.05745850e+00
 5.33648071e+00
 3.37569580e+00
 7.92177734e+00
 1.40358826e+01
 1.64255615e+01
 1.90250488e+01
 2.17607056e+01
 2.07543884e+01
 1.68759705e+01
 1.22537170e+01
 9.78542480e+00
 6.17629395e+00
 -6.08038330e-01
 6.49859009e+00
 7.27608643e+00
 1.12626587e+01
 1.83130737e+01
 2.02904297e+01
 2.15267883e+01
 2.12948242e+01
 1.81408325e+01
 1.17427612e+01
 6.04216919e+00
 2.82305298e+00
 2.42751465e+00
 5.47664795e+00
 5.92238770e+00
 1.35690552e+01
 1.66215149e+01
 2.07065369e+01
 2.13584229e+01
 2.11387268e+01
 1.95665527e+01
 1.16219727e+01
 5.62737427e+00
 3.32909546e+00
 3.50509033e+00
 3.94744263e+00
 9.70525513e+00
 1.26715027e+01
 1.67818542e+01
 2.05093933e+01
 2.32859436e+01
 1.99349609e+01
 1.67962280e+01
 1.34494873e+01
 8.71306763e+00
 6.50176392e+00
 5.06917725e+00
 5.05452881e+00
 8.51522217e+00
 1.52688843e+01
 1.39207092e+01
 2.26440063e+01
 2.45762878e+01
 2.40382019e+01
 1.80480591e+01
 1.19069458e+01
 1.12915894e+01
 4.30523071e+00
 9.79364014e-01
 3.22237549e+00
 8.95000610e+00
 1.24748474e+01
 1.83623291e+01
 1.92767578e+01
 2.20739075e+01
 2.02498108e+01
 1.50623108e+01
 1.09711243e+01
 8.91961060e+00
 4.64626465e+00
 3.97158203e+00
 6.63259277e+00
 1.01981750e+01
 1.38612915e+01
 1.68813721e+01
 1.86006104e+01
 2.27289673e+01
 2.21472412e+01
 1.56568237e+01
 1.39216248e+01
 8.47918091e+00
 3.76180420e+00
 5.18697510e+00
 -4.67840576e-01
 7.53643188e+00
 1.29080750e+01
 1.61971069e+01
 2.10983826e+01
 1.98994080e+01
 1.99865051e+01
 1.50594727e+01
 1.14462524e+01
 8.79515991e+00
 5.12651978e+00
 4.02919922e+00
 1.92446289e+00
 1.03864685e+01
 1.64290710e+01
 1.76454102e+01
 2.06135193e+01
 2.28413330e+01
 2.55494934e+01
 1.87024170e+01
 1.29261414e+01
 7.73522339e+00
 4.08291016e+00
 4.97045288e+00
 5.97527466e+00
 1.25124756e+01
 1.30846191e+01
 1.80245300e+01
 2.01062866e+01
 2.04418884e+01
 2.06384827e+01
 1.75231873e+01
 1.25552002e+01
 4.71584473e+00
 -1.27567139e+00
 -7.04016113e-01
 8.46486816e+00
 1.03607727e+01
 1.25036560e+01
 1.69554382e+01
 2.18622070e+01
 2.46661621e+01
 1.97527100e+01
 1.73869263e+01
 1.17622925e+01
 6.77773438e+00
 4.69158325e+00
 5.70437012e+00
 6.68911133e+00
 8.94393311e+00
 1.55382019e+01
 1.79221130e+01
 1.97640320e+01
 2.48367249e+01
 2.30563904e+01
 1.62105652e+01
 1.17240234e+01
 7.03566895e+00
 4.79964600e+00
 5.56905518e+00
 6.32616577e+00
 7.57921753e+00
 1.29596497e+01
 1.86738831e+01
 2.00172974e+01
 2.13151184e+01
 2.13414246e+01
 1.89821411e+01
 1.10943237e+01
 8.95882568e+00
 5.07918701e+00
 4.27611694e+00
 3.82674561e+00
 9.69127808e+00
 1.50389954e+01
 1.57815491e+01
 2.23817688e+01
 2.05140320e+01
 2.17938171e+01
 1.70472961e+01
 9.56160889e+00
 6.87838135e+00
 1.41762695e+00
 5.93035278e+00
 7.94548950e+00
 7.87001953e+00
 1.45079590e+01
 1.91655212e+01
 2.53961426e+01
 2.33868347e+01
 2.22460266e+01
 1.87432190e+01
 1.09905029e+01
 7.00011597e+00
 1.39992676e+00
 4.71749268e+00
 6.57790527e+00
 9.14647827e+00
 1.31481262e+01
 2.13735901e+01
 2.76073547e+01
 2.68690125e+01
 2.25310303e+01
 1.53313843e+01
 1.07700439e+01
 7.98018799e+00
 5.52007446e+00
 5.72408447e+00
 3.62484131e+00
 9.78899536e+00
 1.38945251e+01
 1.76575867e+01
 2.32370544e+01
 2.55082642e+01
 2.17495667e+01
 1.99299866e+01
 9.16323242e+00
 2.69222412e+00
 6.89599609e-01
 4.47133789e+00
 4.22319946e+00
 7.61177979e+00
 9.78328857e+00
 1.70768066e+01
 2.05680481e+01
 2.03511597e+01
 2.08298584e+01
 1.96469666e+01
 1.24298340e+01
 8.45324097e+00
 3.40676270e+00
 5.51641235e+00
 1.00898376e+01
 1.01463867e+01
 1.61464478e+01
 1.70903259e+01
 1.92620483e+01
 2.30195251e+01
 2.35027710e+01
 1.83501221e+01
 9.35183105e+00
 9.43142090e+00
 7.28237305e+00
 5.55474243e+00
 6.68654785e+00
 9.87239990e+00
 1.31644531e+01
 1.68616882e+01
 2.03312622e+01
 2.14706360e+01
 2.15804077e+01
 1.68175598e+01
 1.42532288e+01
 8.29573975e+00
 7.95235596e+00
 6.01513062e+00
 7.70348511e+00
 1.22193237e+01
 1.35673767e+01
 1.75963379e+01
 2.23048035e+01
 2.56409546e+01
 2.50130859e+01
 1.79162842e+01
 1.33240601e+01
 9.39067993e+00
 8.37676392e+00
 7.46029053e+00
 8.83034668e+00
 1.22546326e+01
 1.62056213e+01
 1.62995850e+01
 2.33758484e+01
 2.64476257e+01
 2.18666626e+01
 1.59069153e+01
 1.15308777e+01
 1.03101746e+01
 7.88787231e+00
 3.41994629e+00
 3.45351563e+00
 9.25902710e+00
 1.27359253e+01
 1.71842285e+01
 2.00506836e+01
 2.32145630e+01
 2.43445374e+01
 1.75645081e+01
 1.22537781e+01
 6.86672363e+00
 5.60241089e+00
 5.81792603e+00
 7.07558594e+00
 8.61327515e+00
 1.32963501e+01
 1.93327881e+01
 2.54526611e+01
 2.23882690e+01
 2.14033447e+01
 1.80678040e+01
 1.21720215e+01
 6.79491577e+00
 4.70760498e+00
 5.67778931e+00
 6.63878784e+00
 6.55297241e+00
 1.28854919e+01
 1.97489563e+01
 2.64568420e+01
 2.65230957e+01
 2.45276428e+01
 1.82506348e+01
 1.22894836e+01
 7.52309570e+00
 6.19942627e+00
 8.71057129e-01
 3.23333130e+00
 9.42833862e+00
 1.45077454e+01
 1.61840454e+01
 2.15096375e+01
 2.40603271e+01
 2.13550049e+01
 1.60989624e+01
 1.12742859e+01
 7.43160400e+00
 4.77172241e+00
 2.21007690e+00
 5.08818970e+00
 6.10067139e+00
 1.25729309e+01
 1.68787781e+01
 2.18140808e+01
 2.63656860e+01
 2.56098877e+01
 2.00759827e+01
 1.24026733e+01
 9.43062744e+00
 9.03374634e+00
 7.02739868e+00
 6.73104248e+00
 9.10494385e+00
 1.09448486e+01
 1.72181946e+01
 2.35792480e+01
 2.64410034e+01
 2.54272095e+01
 1.82524963e+01
 1.13290344e+01
 9.19197998e+00
 5.95107422e+00
 2.70598755e+00
 6.24553833e+00
 1.08884216e+01
 1.49205261e+01
 1.53767639e+01
 2.10702454e+01
 2.51512695e+01
 2.34766785e+01
 1.87916504e+01
 1.10930725e+01
 6.03014526e+00
 9.30050049e+00
 3.88497314e+00
 7.62651978e+00
 1.13806702e+01
 1.50090271e+01
 1.69700867e+01
 2.24562317e+01
 2.57783142e+01
 2.48458801e+01
 2.12378479e+01
 1.44334045e+01
 7.65520630e+00
 5.19521484e+00
 9.49029541e-01
 6.52523193e+00
 1.05670715e+01
 1.43922058e+01
 1.80217834e+01
 1.95135132e+01
 2.22692810e+01
 2.42488037e+01
 1.85953613e+01
 1.37300354e+01
 9.68135986e+00
 8.00008545e+00
 7.33645020e+00
 8.48790894e+00
 1.03899170e+01
 1.35703064e+01
 1.63507324e+01
 2.18183533e+01
 2.26210876e+01
 2.19644104e+01
 1.69461609e+01
 1.32303101e+01
 8.43560181e+00
 6.25661621e+00
 5.36434326e+00
 5.78966675e+00
 1.00403687e+01
 1.65943237e+01
 1.79186646e+01
 2.27477051e+01
 2.35564819e+01
 2.60962769e+01
 2.09634644e+01
 1.45729614e+01
 8.19356689e+00
 2.89946899e+00
 5.69243774e+00
 3.64162598e+00
 1.14109741e+01
 1.19574829e+01
 1.77304016e+01
 2.87829224e+01
 2.90745483e+01
 2.62936340e+01
 1.94793335e+01
 1.04466492e+01
 5.78511963e+00
 3.56954346e+00
 3.21257935e+00
 7.94600830e+00
 9.13683472e+00
 1.35123840e+01
 1.93662964e+01
 2.59690491e+01
 2.60278870e+01
 2.62456604e+01
 2.02871643e+01
 1.26950317e+01
 9.73363647e+00
 6.08239136e+00
 5.80089722e+00
 3.24270020e+00
 9.98693237e+00
 1.07409912e+01
 1.59068237e+01
 2.48145081e+01
 2.45973450e+01
 2.15377136e+01
 1.72326904e+01
 1.20122925e+01
 7.47869263e+00
 6.27697144e+00
 5.21300659e+00
 6.52742920e+00
 1.06406189e+01
 1.32615906e+01
 1.64713684e+01
 1.98199402e+01
 2.16137329e+01
 1.95140930e+01
 1.63304382e+01
 1.19670959e+01
 8.87423096e+00
 2.90087280e+00
 4.50866089e+00
 4.85283813e+00
 1.02987915e+01
 1.31914307e+01
 1.73195129e+01
 2.19143616e+01
 2.25212341e+01
 2.38413940e+01
 1.75150391e+01
 1.39029175e+01
 6.57601318e+00
 3.36599121e+00
 3.40908203e+00
 4.90029297e+00
 9.79381714e+00
 1.08687378e+01
 1.81210876e+01
 2.18374268e+01
 2.35611206e+01
 2.19231201e+01
 1.78351379e+01
 1.37986389e+01
 9.95464478e+00
 3.26314697e+00
 6.14113770e+00
 6.24056396e+00
 1.01032654e+01
 1.52032410e+01
 1.72459656e+01
 1.88211304e+01
 2.30351501e+01
 2.38292786e+01
 2.04076782e+01
 1.50120789e+01
 7.92113647e+00
 6.19628296e+00
 2.62740479e+00
 5.93709717e+00
 1.05760742e+01
 1.39476563e+01
 1.60173584e+01
 2.04489075e+01
 2.62489258e+01
 2.33928467e+01
 1.77400757e+01
 1.34575134e+01
 8.02047119e+00
 5.90673218e+00
 6.05642090e+00
 5.64431152e+00
 8.36550293e+00
 9.26567993e+00
 1.75590454e+01
 2.11822144e+01
 2.34801270e+01
 2.44905945e+01
 2.03226563e+01
 1.05598389e+01
 8.32586060e+00
 4.85323486e+00
 4.73116455e+00
 3.00863037e+00
 7.73104248e+00
 1.12830444e+01
 1.93687683e+01
 2.36949707e+01
 2.35493408e+01
 2.21466919e+01
 2.05212341e+01
 1.52004333e+01
 1.24181152e+01
 6.06038818e+00
 5.12725220e+00
 9.54873047e+00
 1.28403870e+01
 1.59129272e+01
 1.88536316e+01
 2.68848511e+01
 2.82088867e+01
 2.59684692e+01
 1.89705139e+01
 1.41158081e+01
 7.80782471e+00
 4.14675293e+00
 4.12731323e+00
 5.66497192e+00
 1.12944580e+01
 1.32880493e+01
 1.64556213e+01
 2.17084290e+01
 2.61262146e+01
 2.28654114e+01
 1.74139343e+01
 1.33310486e+01
 8.87752686e+00
 3.99791870e+00
 4.65108643e+00
 7.19689331e+00
 1.11533447e+01
 1.47345520e+01
 1.86208740e+01
 2.08706604e+01
 2.55884033e+01
 2.57141052e+01
 1.98622375e+01
 1.56875549e+01
 7.28969727e+00
 6.14183960e+00
 4.93215332e+00
 7.06798706e+00
 8.18697510e+00
 1.36265503e+01
 1.61745544e+01
 2.13247925e+01
 2.39260193e+01
 2.39947449e+01
 2.06743408e+01
 1.25288330e+01
 1.23800903e+01
 7.85866699e+00
 5.98861084e+00
 6.49346313e+00
 1.14009338e+01
 1.26199890e+01
 2.11640564e+01
 2.09523254e+01
 2.52265869e+01
 2.84627014e+01
 1.89869019e+01
 1.34453674e+01
 9.24611816e+00
 4.48964844e+00
 7.28326416e-01
 6.11458740e+00
 8.69848022e+00
 1.13498779e+01
 1.57855469e+01
 2.21350647e+01
 2.25674072e+01
 2.43827454e+01
 1.93167053e+01
 1.48358704e+01
 1.24197937e+01
 5.28344116e+00
 6.19823608e+00
 3.88347778e+00
 6.67809448e+00
 1.34572693e+01
 2.02068115e+01
 2.15125061e+01
 2.63586365e+01
 2.67026001e+01
 2.09312683e+01
 1.35839783e+01
 1.03302551e+01
 6.57058105e+00
 6.20403442e+00
 2.95644531e+00
 6.28109131e+00
 1.15329224e+01
 1.89965759e+01
 2.27958923e+01
 2.37109314e+01
 2.34898010e+01
 1.84351440e+01
 1.28051086e+01
 8.99050293e+00
 9.33416138e+00
 4.12218628e+00
 6.44408569e+00
 9.81646118e+00
 1.27661987e+01
 2.13582703e+01
 2.32826782e+01
 2.05719238e+01
 2.15750671e+01
 1.79229980e+01
 1.41079041e+01
 1.19372803e+01
 6.40206299e+00
 4.25103149e+00
 6.09911499e+00
 9.49239502e+00
 1.48643738e+01
 1.90654846e+01
 2.63209473e+01
 2.42533508e+01
 2.31747681e+01
 1.92149292e+01
 1.29166809e+01
 9.27117310e+00
 5.01845703e+00
 4.69194946e+00
 7.85473022e+00
 1.15442749e+01
 1.24063354e+01
 1.91079956e+01
 2.14950500e+01
 2.62752319e+01
 2.55651794e+01
 1.94003540e+01
 1.23778320e+01
 7.87447510e+00
 6.72551880e+00
 5.76195679e+00
 7.81807861e+00
 1.00841614e+01
 1.47361694e+01
 2.07039734e+01
 2.10881897e+01
 2.52970520e+01
 2.79943176e+01
 1.70793701e+01
 1.40523010e+01
 1.02287842e+01
 8.89470825e+00
 3.85317383e+00
 6.97115479e+00
 9.93041382e+00
 1.45716492e+01
 1.79294983e+01
 2.07565247e+01
 2.42070862e+01
 2.41952759e+01
 2.15924927e+01
 1.43226868e+01
 9.17574463e+00
 6.70250854e+00
 6.88311157e+00
 6.58397827e+00
 1.14081970e+01
 1.36496216e+01
 1.70959717e+01
 2.04581848e+01
 2.66634155e+01
 2.65960022e+01
 1.97841125e+01
 1.29285217e+01
 9.72722778e+00
 7.45403442e+00
 6.53740845e+00
 8.60607300e+00
 1.05850159e+01
 1.65945068e+01
 2.07971130e+01
 2.28492676e+01
 2.70293518e+01
 2.55169922e+01
 2.22422119e+01
 1.56845337e+01
 8.69222412e+00
 9.26976929e+00
 5.69405518e+00
 5.69518433e+00
 1.00345398e+01
 1.40476318e+01
 1.85376831e+01
 2.46250549e+01
 2.79060303e+01
 2.65558716e+01
 1.98446289e+01
 1.58604675e+01
 9.43645630e+00
 8.09066162e+00
 5.93538818e+00
 6.68102417e+00
 1.13728577e+01
 1.37494446e+01
 1.76136719e+01
 2.17404114e+01
 2.76338745e+01
 2.53315674e+01
 1.98387695e+01
 1.43492065e+01
 1.18989807e+01
 9.58834229e+00
 4.06734619e+00
 6.77742920e+00
 1.33725830e+01
 1.23021484e+01
 1.72586304e+01
 1.92848755e+01
 2.38972412e+01
 2.43129517e+01
 1.90417725e+01
 1.37533203e+01
 9.56969604e+00
 5.09917603e+00
 4.52691040e+00
 4.74764404e+00
 9.62340698e+00
 1.39022766e+01
 1.80196777e+01
 2.00617615e+01
 2.37857605e+01
 2.25332581e+01
 1.82749268e+01
 1.35267883e+01
 8.61043701e+00
 7.36736450e+00
