 4.22367399e+01
 7.57216862e+01
 9.27098563e+01
 3.90654777e+01
 2.75747730e+01
 9.67265895e+01
 7.63737622e+01
 5.23820269e+01
 4.70925846e+01
 2.73171792e+01
 5.84756984e+01
 1.20931709e+01
 5.32032188e+01
 3.55857850e+01
 2.45420329e+01
 1.87764675e+01
 7.86666238e+01
 5.77720869e+01
 7.29754189e+01
 5.07843483e+01
 1.42100108e+02
 5.93713029e+01
 5.80935386e+01
 5.05389156e+00
 2.26910844e+01
 3.56193784e+01
 5.01593365e+01
 6.46719391e+01
 1.46015236e+02
 1.05865486e+02
 2.64958338e+01
 1.82554963e+01
 1.08732342e+02
 6.16170037e+01
 4.89420484e+01
 3.08574360e+01
 5.19346182e+01
 1.57527441e+01
 5.40092199e+01
 5.57796037e+01
 6.10194990e+01
 4.74887285e+01
 1.15296917e+02
 7.58130508e+01
 1.78355944e+01
 6.65901029e+01
 2.11469178e+01
 4.65969682e+01
 1.22214160e+01
 4.98564124e+00
 5.02729024e+01
 7.50986469e+01
 4.43111807e+01
 1.77111479e+02
 5.24353556e+01
 4.52761059e+01
 3.86656963e+01
 1.14543932e+02
 3.82469283e+01
 6.02060828e+01
 2.64704532e+01
 2.11460223e+01
 4.02714728e+01
 4.61821763e+01
 5.47431790e+01
 1.11915356e+02
 4.69607152e+01
 4.16940499e+01
 2.54641469e+01
 1.49233961e+01
 1.57840852e+01
 1.41935441e+01
 2.32551210e+01
 1.39238163e+01
 5.61353720e+01
 4.38437291e+01
 1.20431088e+02
 9.04882501e+01
 9.82207881e+01
 2.45555454e+01
 1.03944273e+02
 4.74020436e+01
 5.99861572e+01
 4.70548223e+01
 5.15013481e+01
 4.14461586e+01
 5.78335303e+01
 5.45340754e+01
 7.73693223e+01
 7.19519851e+01
 2.07899838e+01
 1.87808506e+01
 7.88422898e+01
 1.45006589e+02
 6.01384270e+01
 1.09285973e+02
 5.98840497e+01
 6.05348991e+01
 5.56999240e+01
 6.12338213e+01
 3.28549215e+01
 1.62589436e+02
 6.99680521e+01
 4.23841952e+01
 6.06925976e+01
 8.97926698e+01
 4.90995517e+01
 5.32707396e+01
 2.54646132e+01
 4.47066380e+01
 7.41712418e+01
 6.62132941e+01
 4.03357878e+01
 6.79554769e+01
 6.33281361e+01
 3.73149207e+01
 9.49059238e+01
 1.37235429e+02
 5.92488064e+01
 3.49527187e+01
 3.38730633e+01
 4.48236737e+01
 4.68645422e+01
 1.16883343e+02
 7.26932630e+01
 6.32220281e+01
 3.11663464e+01
 2.31310511e+01
 5.33552760e+01
 1.33325420e+02
 4.66688260e+01
 1.11780252e+01
 5.39942191e+00
 4.85128586e+01
 6.89670451e+01
 2.97438980e+01
 4.30933121e+01
 3.98572917e+01
 7.03924065e+01
 1.09451228e+00
 7.61323335e+01
 1.77944973e+01
 5.52048482e+01
 3.22939031e+01
 1.40552346e+01
 3.89602319e+00
 6.35775571e+01
 6.33465606e+01
 1.16839941e+02
 4.42373411e+01
 7.63100172e+01
 5.25504951e+01
 3.59911248e+01
 8.00575403e+01
 2.64917444e+01
 5.30649617e+01
 2.02067808e+01
 2.39516419e+01
 5.81608202e+01
 8.71703366e+01
 5.62406165e+01
 4.92936373e+01
 6.81356074e+01
 1.28675942e+02
 6.76412341e+01
 1.41036353e+02
 7.83208495e+01
 1.90550676e+00
 4.09164037e+01
 2.19108466e+01
 1.72619970e+01
 8.17235591e+01
 1.17235215e+02
 3.52417229e+01
 5.56694644e+01
 6.48962709e+01
 7.99891935e+01
 6.36254341e+01
 8.21578035e+01
 3.52066829e+01
 4.41628922e+01
 4.52835743e+01
 8.01468681e+01
 3.08748160e+01
 8.28244602e+01
 5.46116437e+01
 1.51670388e+02
 4.73590727e+01
 7.22977134e+01
 3.25184893e+01
 1.53792495e+01
 7.55465912e+00
 7.88865158e+01
 5.22752634e+01
 1.29304613e+02
 7.63474991e+01
 1.10815425e+02
 7.51240927e+01
 4.62421466e+01
 8.01061578e+01
 5.11179805e+01
 1.52781161e+02
 8.15261590e+01
 1.61566919e+01
 6.23363127e+01
 2.62218066e+01
 5.43085447e+01
 9.93174682e+01
 7.67367589e+01
 5.58054126e+01
 1.08838638e+02
 6.00339045e+00
 7.09550881e+01
 6.43401343e+01
 4.45873977e+01
 4.54177149e+01
 1.06026467e+01
 1.21051406e+01
 1.01152847e+01
 1.48821688e+02
 4.13884061e+01
 8.74884833e+01
 2.55969898e+01
 1.18762698e+02
 4.25342160e+01
 1.00448933e+00
 1.06387823e+02
 2.54858210e+01
 2.98827913e+01
 3.65796488e+01
 3.50855825e+01
 2.44888580e+01
 4.41281891e+01
 7.98444485e+01
 3.02908100e+01
 2.24385014e+01
 4.46026549e+01
 2.02824853e+01
 4.89469471e+01
 1.73962189e+01
 3.74152519e+01
 3.62943776e+01
 1.44800972e+02
 1.55135040e+02
 3.05413175e+01
 1.34465116e+02
 2.52381124e+01
 1.89009705e+01
 5.80962485e+00
 2.89755992e+01
 2.22647522e+01
 4.21239486e+01
 2.91601035e+01
 2.95827033e+01
 6.24679975e+01
 5.64853793e+01
 8.72890951e+01
 8.87916031e+01
 9.24753776e+01
 3.35779308e+01
 2.79516014e+01
 9.50125982e+01
 2.29730149e+01
 6.41242616e+01
 2.18920673e+01
 7.14694927e+01
 6.00778815e+01
 8.03539320e+01
 2.99276135e+01
 2.59896891e+01
 4.66977256e+01
 2.94208788e+01
 3.45471921e+01
 1.93292396e+01
 6.17514096e+01
 3.35768127e+01
 4.16820940e+01
 1.59235275e+01
 8.25599214e+01
 4.04655884e+01
 9.71992798e+01
 5.62833776e+01
 5.88166230e+01
 8.36278987e+01
 5.07202288e+01
 1.15587092e+02
 2.89581048e+01
 4.41382887e+01
 7.04732229e+01
 5.36346128e+01
 2.81542587e+01
 1.05773925e+02
 1.81987889e+01
 9.19163787e+01
 4.86505521e+01
 6.97885147e+01
 4.17583404e+01
 1.85111180e+02
 7.61202117e+01
 6.61787518e+01
 2.59438798e+01
 4.49021786e+01
 7.07766987e+01
 1.55389660e+02
 4.43746480e+01
 7.19907880e+01
 1.54245439e+01
 6.44587621e+01
 1.26281140e+01
 4.29332334e+01
 2.57369512e+01
 3.65772224e+01
 6.27273038e+01
 4.98239125e+01
 6.42564336e+01
 4.34672035e+01
 3.31114971e+01
 5.62220048e+01
 2.98531697e+01
 6.17278510e+01
 7.53157643e+01
 9.03496250e+01
 6.54372535e+01
 9.82819997e+01
 2.82477690e+01
 5.48935296e+01
 6.95715118e+01
 8.49028191e+01
 5.62084517e+01
 8.84515797e+01
 8.44058956e+01
 1.18181636e+02
 6.05558065e+01
 8.23910585e+01
 2.89126610e+01
 2.94565831e+01
 3.87973355e+01
 3.94480811e+01
 7.42937673e+01
 5.75867237e+01
 1.98884712e+01
 8.59915938e+01
 1.93166280e+02
 2.43322138e+01
 5.95502437e+01
 1.30106892e+02
 4.27586556e+01
 2.72346332e+01
 2.05990655e+01
 3.56616848e+01
 6.00206990e+01
 1.85197736e+02
 6.08021697e+01
 1.02423696e+02
 8.01911349e+01
 4.64308531e+01
 8.58440293e+01
 9.87014772e+01
 4.99643629e+01
 2.36027564e+01
 2.63827990e+01
 4.32145652e+01
 3.66437614e+01
 6.62802163e+01
 8.00745874e+01
 3.75005109e+01
 5.15413957e+01
 4.99758723e+01
 4.36407608e+01
 6.34882635e+01
 2.97466161e+01
 3.17477711e+01
 5.47107231e+00
 7.90567101e+01
 2.25534997e+01
 6.79297292e+01
 9.92780080e+01
 1.23950274e+02
 6.44015651e+01
 5.66366891e+01
 4.37233173e+01
 4.43499081e+01
 1.28286966e+02
 9.39222878e+01
 5.11435108e+01
 3.03306671e+01
 4.71784513e+00
 7.29098197e+01
 1.21260689e+02
 1.28083248e+02
 5.70431341e+01
 1.23640399e+02
 8.49531451e+01
 1.10990543e+02
 6.89578430e+01
 4.15659070e+01
 2.94709871e+01
 2.61356559e+01
 1.02655168e+02
 7.73146549e+01
 8.46366424e+01
 9.17004682e+01
 5.69021682e+01
 9.74795356e+01
 4.77214757e+01
 2.85752636e+01
 5.99801505e+01
 1.20915227e+02
 6.15461651e+01
 2.57806588e+01
 4.50836675e+01
 8.96852785e+01
 1.36561565e+02
 1.15588323e+02
 5.54004628e+01
 1.43275065e+01
 2.96800475e+01
 1.43445412e+02
 2.33136112e+01
 8.04810129e+01
 5.49629248e+01
 6.45545923e+01
 8.20887813e+01
 7.08899953e+01
 6.13196180e+01
 8.49299576e+01
 1.18098189e+02
 4.41769577e+01
 3.56722143e+01
 6.09237305e+01
 1.29752427e+01
 6.13643525e+01
 5.32945343e+01
 3.93617169e+01
 4.55090012e+01
 6.53889832e+01
 8.93329399e+01
 1.70472823e+02
 1.64362815e+02
 4.67426745e+01
 8.84273549e+01
 7.34346762e+01
 1.19527207e+02
 5.68977591e+01
 2.63818904e+01
 6.54434711e+01
 9.46819466e+01
 1.23295612e+02
 8.54115797e+01
 7.91451180e+01
 4.45978530e+01
 7.65970938e+01
 1.15303369e+02
 8.27910482e+01
 4.46876584e+01
 6.24625360e+01
 2.38262338e+00
 6.06913280e+01
 4.62282420e+01
 2.19849913e+01
 9.33397742e+01
 9.12214802e+01
 1.18727142e+02
 2.03090608e+01
 3.03780861e+01
 4.95537005e+01
 6.41719088e+01
 8.71408602e+01
 6.91114798e+01
 1.24185585e+01
 5.60415815e+01
 9.63818607e+01
 5.34936084e+01
 1.13843538e+02
 7.54428776e+01
 5.51950504e+01
 8.17746583e+01
 1.05237805e+02
 6.99015945e+01
 6.90815854e+01
 3.27572334e+01
 6.14589159e+01
 4.63831661e+01
 7.61277130e+01
 8.22274769e+01
 6.25693319e+01
 4.75512090e+01
 5.00442164e+01
 7.87493230e+01
 9.18278718e+01
 6.22453860e+01
 8.04707671e+01
 3.68483067e+01
 1.37272636e+01
 4.17201442e+01
 1.42593806e+02
 1.12428742e+02
 1.14116800e+02
 7.89636782e+01
 4.32886786e+01
 4.24578594e+01
 5.82845978e+01
 8.49328148e+01
 9.21095612e+00
 5.64327139e+01
 4.46972738e+01
 4.36396610e+01
 3.14491566e+01
 1.26265072e+02
 6.32894594e+01
 8.29236830e+01
 6.01116200e+01
 8.78513830e+01
 7.79858131e+01
 6.01059136e+01
 3.54718843e+01
 2.36487600e+01
 3.31276046e+01
 4.28330314e+01
 9.59262393e+01
 3.98785377e+01
 1.13127064e+02
 6.99391466e+01
 2.59800469e+01
 0.00000000e+00
 5.53235343e+01
 4.58626152e+01
 7.08090389e+01
 4.72024629e+01
 4.23623689e+01
 3.29039288e+01
 2.87701390e+01
 2.82873734e+01
 2.20773381e+01
 5.42419690e+01
 3.01326411e+01
 6.77719713e+01
 3.94504928e+01
 2.70999350e+01
 3.34415860e+01
 7.50326519e+01
 2.68839585e+01
 4.38728681e+01
 5.60792023e+01
 1.26881416e+02
 6.63518768e+01
 3.81224954e+01
 8.10274397e+01
 7.02090904e+01
 5.53395923e+01
 4.69660294e+01
 7.36943528e+01
 2.36899965e+01
 4.19257382e+01
 6.84460793e+01
 4.86409647e+01
 1.03168587e+02
 8.42361341e+01
 1.39950632e+01
 6.89852078e+01
 7.08039027e+01
 2.54075258e+01
 4.27022522e+01
 2.57132670e+01
 1.27677966e+01
 3.58814678e+01
 7.24230970e+01
 1.95400633e+01
 5.77270239e+01
 6.54636942e+01
 3.39442722e+01
 3.91607244e+01
 4.97991933e+01
 1.43000700e+01
 1.18160439e+01
 6.03169252e+01
 1.86400442e+01
 2.94863543e+01
 2.85999743e+01
 2.28118011e+01
 5.15560653e+01
 3.66166471e+01
 2.78315143e+01
 3.86935306e+01
 1.01580931e+02
 6.89992635e+01
 9.75475906e+01
 2.42495557e+01
 7.04883797e+01
 7.68062772e+01
 6.34044605e+01
 5.01956767e+01
 6.21774131e+01
 1.87040797e+01
 2.74729779e+01
 2.36129607e+01
 8.84317338e+00
 1.00895457e+02
 4.14305330e+01
 2.47145790e+01
 6.14332715e+01
 3.95290503e+01
 1.03116155e+02
 6.23111153e+01
 6.09959381e+01
 8.83216392e+01
 2.89456876e+01
 5.32508522e+01
 6.03714146e+01
 7.46125508e+01
 4.34057694e+01
 8.11784224e+01
 9.07310329e+01
 4.16885997e+01
 8.80215609e+00
 4.69949124e+01
 1.27606396e+01
 2.25281197e+01
 4.89163723e+01
 7.89993411e+01
 3.87421636e+01
 1.14611176e+02
 8.88076995e+01
 5.08801461e+01
 6.34457104e+00
 1.56431728e+01
 1.12591839e+01
 7.31539060e+01
 3.44159774e+01
 3.51013250e+01
 1.06654002e+02
 1.13578257e+01
 2.91582041e+01
 5.09781606e+01
 1.30112422e+02
 8.65161748e+01
 6.46613537e+01
 3.06363280e+01
 6.14992918e+01
 8.86608423e+01
 1.09224080e+02
 2.45427295e+01
 4.59508022e+01
 3.51298542e+01
 1.00207098e+02
 4.55473144e+01
 1.60975477e+02
 4.94818485e+01
 1.82209308e+01
 1.64609593e+01
 2.83542462e+01
 2.27562746e+01
 1.02096673e+02
 8.16082063e+01
 5.82868584e+01
 1.30582507e+01
 1.88126846e+02
 6.37634817e+01
 1.15083988e+02
 1.51136896e+01
 4.39089938e+01
 2.91407171e+01
 6.95236446e+01
 7.18068629e+01
 6.05034832e+01
 5.96650072e+01
 2.77044238e+01
 3.71234324e+01
 1.32992416e+00
 6.72806672e+01
 3.18024664e+01
 1.89161711e+01
 3.68711928e+01
 3.77099324e+01
 6.10725111e+01
 1.19300122e+02
 8.91565547e+01
 1.08264283e+02
 2.98855172e+01
 5.98948655e+01
 1.37233112e+02
 1.06921016e+02
 6.04970693e+01
 6.35400575e+01
 4.19341411e+01
 2.98813641e+00
 4.06005337e+01
 2.80752593e+01
 4.34183122e+01
 4.45005696e+01
 5.86605832e+01
 4.88869601e+01
 3.39188763e+01
 6.41387607e+01
 4.66429463e+01
 2.71405480e+01
 2.03105833e+01
 4.50907444e+01
 3.34117110e+01
 1.02371757e+02
 1.29907443e+02
 6.77346111e+01
 3.48688719e+01
 7.73972339e+01
 8.86329211e+01
 6.29858209e+01
 4.29989370e+01
 3.42390441e+01
 1.83117348e+01
 4.29015357e+01
 4.80837848e+01
 1.00482199e+02
 9.07742864e+01
 1.72232828e+02
 4.25103260e+01
 3.78477766e+01
 4.73046855e+01
 1.70612495e+02
 7.89806226e+01
 6.77639385e+01
 1.04819531e+01
 1.33019015e+01
 5.13613858e+01
 8.82062393e+01
 6.63162878e+01
 8.00075907e+01
 6.24429750e+01
 1.47479354e+01
 7.80347448e+01
 1.40225957e+00
 3.43130565e+01
 5.72018828e+01
 2.40471761e+01
 4.55713537e+01
 4.26472433e+01
 1.26142242e+02
 1.10216454e+02
 1.42894433e+02
 2.00975620e+01
 6.06152659e+01
 4.46590394e+01
 8.06830004e+01
 3.44822030e+01
 3.72113838e+01
 2.41626834e+01
 3.55329482e+01
 8.40020960e+01
 1.47927647e+01
 6.91839554e+01
 1.25331264e+02
 1.50522966e+01
 7.54202083e+01
 5.00836243e+01
 5.80155182e+01
 7.03233870e+01
 2.71863909e+01
 5.24659273e+01
 1.00034875e+02
 1.02650871e+02
 2.45515675e+01
 8.21442342e+01
 1.21695977e+02
 4.87104434e+01
 2.59407300e+01
 6.94639177e+01
 1.21271203e+02
 7.58604959e+01
 1.20847911e+01
 1.50804471e+02
 3.95400824e+01
 3.55756283e+01
 2.34126413e+01
 5.07120335e+01
 9.59042965e+01
 3.40443889e+01
 4.48035480e+01
 1.07898008e+02
 3.61375991e+01
 1.28264326e+02
 3.89412782e+01
 2.73789023e+01
 4.52688678e+01
 2.32217479e+01
 1.01768006e+02
 3.91481815e+01
 1.32127301e+02
 2.61926090e+01
 1.54638048e+02
 6.48122899e+01
 7.03812399e+01
 9.41494026e+01
 3.26922875e+01
 6.49985289e+01
 2.91701323e+01
 1.71281458e+00
 6.16536242e+01
 1.74051261e+01
 3.56469287e+01
 5.46966077e+01
 1.51151658e+01
 5.85181601e+01
 5.42651061e+01
 8.63240263e+01
 8.78388592e+01
 1.13789494e+01
 8.57097368e+01
 9.91018469e+01
 5.14054903e+01
 1.58621477e+02
 6.34321393e+01
 4.49986660e+01
 2.55694047e+01
 2.57563008e+01
 6.14689637e+01
 4.33338872e+01
 2.98706771e+01
 7.92642600e+01
 3.57280092e+01
 1.15120220e+02
 4.57004395e+01
 8.31578499e+01
 8.43066112e+01
 2.30245496e+01
 4.76785334e+01
 6.31316308e+01
 5.84199463e+01
 1.61405834e+01
 2.37218666e+01
 7.64690679e+01
 2.75636927e+01
 9.26805635e+00
 6.41007386e+01
 8.84069225e+01
 8.94265008e+01
 4.54458652e+01
 5.76486337e+01
 2.09665500e+01
 1.86487797e+01
 1.30465742e+02
 2.69564796e+01
 9.72276640e+01
 2.64993901e+01
 7.67833935e+01
 5.04988444e+01
 4.35535438e+01
 6.84067559e+01
 8.80975322e+01
 2.47340840e+01
 1.79562243e+02
 7.71904329e+01
 6.85268801e+01
 9.27786097e+01
 1.81063979e+01
 2.78233969e+01
 3.41433364e+01
 2.35344699e+01
 6.10956676e+01
 6.85809402e+01
 1.65790793e+02
 1.99743747e+02
 2.09983943e+02
 2.95514211e+01
 3.50008451e+01
 6.86451630e+01
 6.61844325e+01
 1.57432148e+01
 4.35395564e+01
 2.93021971e+01
 1.10382812e+02
 9.21059711e+01
 9.19785134e+01
 4.24835203e+01
 4.97019690e+01
 1.97294680e+02
 2.15669753e+01
 7.89909662e+01
 5.34043196e+01
 4.63275443e+01
 2.95079045e+01
 8.08216988e+01
 1.09351453e+02
 6.75605069e+01
 4.36014646e+01
 4.47006469e+01
 5.53004978e+01
 3.41197000e+01
 7.65790204e+01
 4.54199024e+01
 6.19270225e+01
 6.31965058e+01
 5.02956107e+01
 2.68302285e+01
 1.15104649e+02
 3.89445143e+01
 9.19003376e+01
 6.14543039e+01
 1.08097341e+02
 1.17038796e+02
 4.94229507e+01
 1.11970464e+02
 6.92033995e+01
 3.32062965e+01
 2.66703847e+01
 1.18130536e+02
 3.12199236e+01
 5.72620564e+01
 7.32123482e+01
 2.45373461e+01
 4.89514026e+01
 7.34782025e+01
 7.54035402e+01
 7.40523411e+01
 3.66327410e+01
 6.45751778e+01
 8.71260104e+01
 7.99549827e+01
 7.57096089e+01
 7.03108928e+01
 4.28116629e+01
 3.52515076e+01
 4.31794769e+01
 2.28239336e+01
 9.20648107e+01
 5.65956621e+01
 2.14705679e+01
 1.35067667e+01
 4.59904942e+01
 2.53766941e+01
 5.45027954e+01
 7.49045188e+01
 5.94869443e+01
 3.03111578e+01
 1.42342023e+01
 6.04999266e+01
 4.21954938e+01
 1.76695712e+01
 2.39161782e+01
 1.34925883e+01
 4.97379637e+01
 5.18492539e+01
 8.14015591e+01
 4.81324288e+01
 6.79155302e+01
 4.94852102e+01
 7.94398886e+01
 1.80676566e+02
 8.09190881e+01
 2.40477168e+01
 6.50094568e+01
 7.51970114e+00
 6.64758013e+01
 4.57588986e+01
 7.85511676e+01
 3.67520048e+01
 6.11733465e+01
 1.00078133e+02
 8.22487618e+01
 8.04957068e+01
 1.03760069e+01
 2.64055950e+01
 5.25862993e+01
 4.80741728e+01
 1.14379649e+02
 9.41482710e+01
 3.35270527e+01
 3.55203664e+01
 8.14802563e+01
 1.04139271e+02
 7.36047135e+01
 1.24716278e+02
 3.73040514e+01
 1.70277887e+01
 3.45830035e+01
 5.05657894e+00
 6.26153847e+01
 4.83603621e+01
 6.98750898e+01
 8.19046365e+01
 9.01862187e+01
 9.47466173e+01
 7.74258493e+01
 3.91870550e+01
 3.39894548e+01
 7.35591699e+01
 2.85029683e+01
 3.64215432e+01
 2.58977421e+01
 5.67453546e+01
 1.69270147e+02
 6.47814173e+01
 6.70336383e+01
 1.95090096e+01
 1.10987979e+02
 8.66663292e+01
 1.26695120e+02
 1.20168177e+02
 1.29137348e+02
 5.25910432e+01
 1.03525450e+02
 8.20929275e+01
 1.08024403e+02
 6.12178333e+01
 5.96286799e+01
 4.73444915e+00
 2.24067772e+02
 1.11153923e+01
 1.19163070e+01
 3.80908397e+01
 4.75735665e+01
 5.34942721e+00
 8.06862354e+01
 1.14216641e+02
 7.64105847e+01
 3.89917921e+01
 3.68127120e+01
 5.90084426e+01
 7.59776403e+01
 6.41312286e+01
 1.79773184e+01
 3.82575151e+01
 9.05326227e+00
 8.13800504e+01
 1.48374410e+01
 3.51891951e+01
 9.51048248e+01
 5.65249131e+01
 8.36712203e+01
 6.75194528e+01
 1.26949202e+02
 7.01763585e+01
 9.37998081e+01
 4.77989785e+01
 5.53380284e+01
 2.87631807e+01
 3.59914421e+01
 7.30156344e+01
 7.43871875e+01
 7.29491932e+01
 5.82999494e+01
 3.41352563e+01
 1.11429069e+02
 7.52043357e+01
 6.67951030e+01
 6.36104771e+01
 4.99690661e+01
 9.71370916e+00
 5.21039488e+01
 7.43904478e+01
 3.63973318e+01
 8.59760820e+01
 4.66497999e+01
 3.38354419e+01
 2.06118634e+01
 1.37769768e+02
 8.15102323e+01
 4.18064757e+01
 5.51846877e+01
 1.11747754e+02
 1.08937422e+02
 5.12760119e+01
 1.02713729e+02
 7.13601242e+01
 8.83794348e+01
 9.33965425e+01
 6.82145244e+00
 1.16761551e+02
 6.47704930e+01
 4.92488947e+01
 1.12501510e+02
 1.94648380e+01
 1.11999803e+02
 1.49111961e+02
 1.07846488e+02
 3.05424872e+01
 2.24796673e+01
 4.99305677e+01
 1.93234336e+02
 7.09995333e+01
 8.51832472e+01
 6.55404004e+01
 4.33194695e+01
 3.03226340e+01
 6.06776467e+01
 5.80234292e+01
 6.88439399e+01
 8.88801757e+01
 5.74922382e+01
 4.23744269e+01
 1.33373258e+02
 4.79212311e+01
 9.95709865e+00
 2.73394661e+01
 2.25825952e+01
 3.08230324e+01
 7.21168053e+01
 6.28973891e+01
 5.95801160e+01
 4.68105818e+01
 7.30898081e+01
 6.34023656e+01
 1.51221952e+01
 3.81739387e+01
 7.04313942e+01
 5.91436206e+01
 6.25653592e+01
 2.37680003e+01
 3.22881518e+01
 8.84442906e+01
 5.42578468e+01
 1.04745330e+02
 2.71211380e+01
 6.89336915e+01
 4.86635157e+01
 1.06695073e+02
 5.73363432e+01
 1.35864234e+01
 2.96023333e+01
 7.09233511e+01
 1.06281286e+02
 7.00163014e+01
 1.09946887e+02
 8.90860154e+01
 5.47275448e+01
 7.14216759e+01
 2.51678912e+01
 1.45771081e+02
 1.09021832e+02
 7.88719973e+01
 4.01296007e+01
 3.04008749e+01
 3.79065035e+01
 8.20323704e+01
 3.42379479e+01
 1.08798878e+02
 5.50808755e+01
 5.28927956e+01
 4.38324559e+01
 1.71298918e+02
 6.12742556e+01
 6.51977442e+01
 1.34937023e+02
 5.29064402e+01
 2.66970881e+01
 5.55772861e+01
 6.91125760e+01
 1.75428854e+02
 7.24056894e+01
 2.83100500e+01
 2.99643877e+00
 3.89483620e+01
 3.90282943e+01
 5.64683475e+01
 2.32719123e+01
 5.97464045e+01
 4.12903819e+01
 5.35607385e+01
 1.14908893e+02
 9.08718479e+01
 3.51920158e+01
 2.71259954e+01
 3.66053456e+01
 3.96619027e+01
 2.20165014e+02
 4.15278374e+01
 7.55095641e+00
 1.75318714e+01
 3.05494854e+01
 8.62234404e+01
 1.50240802e+02
 4.74385346e+01
 5.56146351e+01
 1.12571803e+01
 1.09469891e+02
 6.88902480e+01
 1.16898435e+01
 3.79743726e+01
 1.01537886e+02
 3.37100921e+01
 7.76160785e+01
 6.04628491e+01
 4.34757042e+01
 5.00867974e+01
 4.33602285e+01
 1.27152211e+02
 1.36345443e+02
 5.25159576e+01
 1.24001657e+02
 1.02905208e+01
 3.63883624e+01
 2.10993616e+01
 1.85799557e+01
 2.45462633e+01
 6.71522857e+01
 6.38538800e+01
 6.60184149e+01
 1.65321250e+02
 1.06064216e+02
 6.46653293e+01
 4.11458003e+01
 2.17920504e+01
