 -1.19110718e+00
 2.26717529e+00
 4.14241943e+00
 8.51983032e+00
 1.31581360e+01
 1.68212830e+01
 2.08296143e+01
 2.08880554e+01
 1.67173706e+01
 1.14608093e+01
 6.56691895e+00
 -1.14538574e-01
 2.73736572e-01
 5.52071533e+00
 5.43764648e+00
 1.02097107e+01
 1.43998352e+01
 2.19084412e+01
 2.62589661e+01
 2.36025024e+01
 1.62028137e+01
 1.10671936e+01
 6.64183960e+00
 6.41835938e+00
 4.72921143e+00
 6.88457642e+00
 6.58242188e+00
 1.03649536e+01
 1.30062500e+01
 2.11883179e+01
 2.22510925e+01
 2.16559998e+01
 1.75104919e+01
 1.15926147e+01
 3.39058838e+00
 4.84673462e+00
 5.18764648e+00
 4.31664429e+00
 5.90197144e+00
 9.13018188e+00
 1.31776062e+01
 1.82011963e+01
 2.34746338e+01
 2.23652893e+01
 1.63232971e+01
 9.72240601e+00
 5.21422729e+00
 2.71447754e-01
 2.50228271e+00
 3.10106812e+00
 8.41533813e+00
 9.79677734e+00
 1.41423279e+01
 1.77640930e+01
 2.20702454e+01
 2.09656921e+01
 1.71938416e+01
 1.21243835e+01
 5.68981323e+00
 3.16741333e+00
 2.46651611e+00
 4.18480835e+00
 6.47969971e+00
 9.39705811e+00
 1.26994568e+01
 1.64480225e+01
 2.14995361e+01
 2.10927063e+01
 1.65729004e+01
 9.72933350e+00
 9.86383057e-01
 3.45415649e+00
 5.30431519e+00
 1.37597656e-01
 6.22841797e+00
 1.19281250e+01
 1.41735168e+01
 1.68203979e+01
 1.79136597e+01
 1.85431763e+01
 1.31883789e+01
 7.81429443e+00
 7.44893799e+00
 3.76903687e+00
 2.10479126e+00
 3.96990356e+00
 7.22066650e+00
 8.91933594e+00
 1.22523743e+01
 2.08286377e+01
 2.26857239e+01
 2.36442505e+01
 1.62840210e+01
 1.13045593e+01
 3.97191772e+00
 -2.15927734e+00
 -1.35489502e+00
 -6.98156738e-01
 -4.03356934e-01
 8.86904297e+00
 1.05309998e+01
 1.64376770e+01
 2.39717957e+01
 2.15466553e+01
 1.62285095e+01
 1.13254028e+01
 2.35756836e+00
 1.18218384e+00
 2.94613037e+00
 5.46228027e-01
 7.49923096e+00
 7.51644287e+00
 1.09088684e+01
 1.58170105e+01
 2.42864624e+01
 2.36580750e+01
 1.81363464e+01
 1.12983948e+01
 8.08068237e+00
 3.63118896e+00
 3.84877930e+00
 1.25243530e+00
 8.95232544e+00
 1.01846558e+01
 1.32061096e+01
 2.09205261e+01
 2.48727051e+01
 2.55584351e+01
 1.53608337e+01
 1.01096436e+01
 7.15728149e+00
 6.03420410e+00
 2.18618164e+00
 4.63588867e+00
 5.09517822e+00
 1.02866455e+01
 1.41196838e+01
 1.67034546e+01
 2.24279114e+01
 2.15547729e+01
 1.70777527e+01
 8.10369263e+00
 8.31075439e+00
 2.64974365e+00
 5.45321045e+00
 4.71544800e+00
 7.07930908e+00
 1.11487976e+01
 1.22434937e+01
 1.82379395e+01
 2.27929321e+01
 2.00862671e+01
 1.37331787e+01
 9.63781128e+00
 7.37651978e+00
 2.63265381e+00
 6.01082764e+00
 4.15776978e+00
 5.68566284e+00
 9.75264893e+00
 1.37019287e+01
 1.70104614e+01
 2.17495972e+01
 2.17939697e+01
 1.36397339e+01
 1.11714722e+01
 5.70919189e+00
 3.41872559e+00
 2.95086060e+00
 3.77419434e+00
 7.60482178e+00
 1.09309021e+01
 1.48964478e+01
 2.22834106e+01
 2.07846008e+01
 2.08908020e+01
 1.83304993e+01
 1.09846130e+01
 5.08913574e+00
 1.53347168e+00
 3.89644775e+00
 -3.46994629e+00
 1.06826172e+00
 6.91231689e+00
 1.36689392e+01
 1.67991577e+01
 1.96200806e+01
 1.95269714e+01
 1.31821228e+01
 1.12291199e+01
 7.75109253e+00
 4.76629028e+00
 -1.02081909e+00
 -1.31658936e-01
 5.05217896e+00
 8.99974976e+00
 1.38182922e+01
 1.74643494e+01
 2.42018066e+01
 2.21035095e+01
 1.82937256e+01
 9.98955688e+00
 7.69722900e+00
 7.81075439e+00
 5.95269165e+00
 6.27462158e+00
 6.88793335e+00
 9.87719116e+00
 1.22271057e+01
 1.63390747e+01
 2.41986328e+01
 2.15225464e+01
 1.88284851e+01
 1.06216064e+01
 5.84465942e+00
 4.42217407e+00
 -1.61627197e-01
 4.97881470e+00
 4.57982788e+00
 8.81685791e+00
 1.24103638e+01
 1.56640259e+01
 2.05703064e+01
 2.16792847e+01
 1.76603943e+01
 1.38665100e+01
 8.43901978e+00
 -2.24588623e+00
 2.14486084e+00
 1.75307617e+00
 4.50924072e+00
 8.13387451e+00
 1.34920288e+01
 1.96321045e+01
 2.18609558e+01
 2.14728333e+01
 1.62905518e+01
 1.02333618e+01
 5.59652100e+00
 6.59169922e+00
 1.85735474e+00
 2.08190308e+00
 9.72930298e+00
 9.82100830e+00
 1.58816772e+01
 1.77081848e+01
 2.01415649e+01
 2.08021179e+01
 1.57788025e+01
 1.25144897e+01
 3.08342896e+00
 4.87127075e+00
 4.50588379e+00
 3.10402832e+00
 5.60112915e+00
 8.93547974e+00
 1.46889893e+01
 1.52560059e+01
 2.19011780e+01
 2.24551636e+01
 1.48958984e+01
 8.88454590e+00
 7.88167725e+00
 4.01293335e+00
 2.09948120e+00
 1.87276611e+00
 4.48613892e+00
 8.91307983e+00
 1.13661133e+01
 1.80170227e+01
 2.03266846e+01
 1.89876953e+01
 1.63910767e+01
 8.33251343e+00
 9.72467041e-01
 4.27362061e-01
 3.08736572e+00
 6.05516968e+00
 7.23146973e+00
 7.56539307e+00
 1.55319153e+01
 2.30788818e+01
 2.57663818e+01
 2.21595703e+01
 1.68481384e+01
 1.16349426e+01
 9.75631104e+00
 6.03432617e+00
 1.26592407e+00
 1.07357178e+00
 2.90136108e+00
 7.69164429e+00
 1.31230408e+01
 1.97645203e+01
 2.52566467e+01
 2.28705688e+01
 1.50740601e+01
 1.05509277e+01
 6.28563843e+00
 6.33120117e+00
 3.24617920e+00
 5.00740967e+00
 5.80877075e+00
 7.20787964e+00
 1.45330139e+01
 1.87305237e+01
 2.38853699e+01
 2.01659790e+01
 1.67771851e+01
 1.26856934e+01
 8.23491821e+00
 6.17495117e+00
 -4.00940552e+00
 -4.06140747e+00
 5.64806519e+00
 9.51381836e+00
 1.29478394e+01
 1.55623718e+01
 1.94464355e+01
 1.85507446e+01
 1.59685913e+01
 1.17340332e+01
 9.50316772e+00
 2.98003540e+00
 4.48424683e+00
 1.05080566e+00
 5.41695557e+00
 9.11922607e+00
 1.28772217e+01
 1.79641663e+01
 2.47638794e+01
 2.23356873e+01
 1.50258423e+01
 1.05404602e+01
 7.14714966e+00
 3.44646606e+00
 3.52868042e+00
 2.51452026e+00
 7.65249023e+00
 1.03273865e+01
 1.56653992e+01
 2.08581482e+01
 2.00295654e+01
 2.26115356e+01
 1.60177551e+01
 1.41837708e+01
 8.43605957e+00
 4.35576782e+00
 3.80474243e+00
 6.93001709e+00
 7.54958496e+00
 9.18673096e+00
 1.71641174e+01
 2.17490173e+01
 2.56325623e+01
 2.37664429e+01
 1.68757568e+01
 1.45469910e+01
 8.95809326e+00
 2.05385742e+00
 4.14833984e+00
 4.42220459e+00
 2.92095337e+00
 9.47271118e+00
 1.24191528e+01
 2.03963562e+01
 2.33053223e+01
 2.64747559e+01
 1.69129272e+01
 9.45754395e+00
 8.73394165e+00
 6.40090332e+00
 3.18700562e+00
 2.97081909e+00
 3.62746582e+00
 8.81884155e+00
 1.29049927e+01
 1.86265503e+01
 2.64373108e+01
 2.54648376e+01
 1.65575195e+01
 1.03497253e+01
 9.61278687e+00
 3.27709351e+00
 2.55108032e+00
 6.75469971e-01
 5.74422607e+00
 8.85704956e+00
 1.07201782e+01
 1.79898621e+01
 1.89239441e+01
 2.07515198e+01
 1.63542419e+01
 1.24023071e+01
 6.89370117e+00
 3.87786255e+00
 5.42034302e+00
 6.66372070e+00
 8.60482178e+00
 9.07372437e+00
 1.20734497e+01
 2.14294983e+01
 2.38846069e+01
 2.19434448e+01
 1.82498413e+01
 1.17556091e+01
 8.95287476e+00
 4.64177856e+00
 1.46093140e+00
 2.32967529e+00
 4.85106812e+00
 1.01471191e+01
 1.12311646e+01
 1.86062866e+01
 2.67239929e+01
 2.15589233e+01
 1.94322754e+01
 1.47927490e+01
 1.01752258e+01
 6.49157104e+00
 1.04036865e+00
 4.04479370e+00
 9.78347168e+00
 1.10336243e+01
 1.32936951e+01
 2.06868225e+01
 2.46672607e+01
 2.04940125e+01
 1.57171265e+01
 1.05349670e+01
 6.99367676e+00
 4.08709106e+00
 1.58233032e+00
 1.99321899e+00
 7.20437012e+00
 6.31847534e+00
 1.20338074e+01
 1.86017090e+01
 2.09853149e+01
 1.95934692e+01
 1.57324158e+01
 1.35755249e+01
 8.33443604e+00
 6.95183716e+00
 7.98150635e-01
 3.66225586e+00
 9.32073364e+00
 9.62966309e+00
 1.46551453e+01
 2.27163940e+01
 2.84832397e+01
 2.23642517e+01
 1.89864746e+01
 1.01667419e+01
 8.08098755e+00
 5.55343018e+00
 4.28972778e+00
 4.94512329e+00
 7.62166748e+00
 8.31423340e+00
 1.12918335e+01
 1.94330688e+01
 2.03241821e+01
 2.03250366e+01
 1.67437683e+01
 1.15525146e+01
 5.20113525e+00
 6.10582886e+00
 5.62148438e+00
 7.61947021e+00
 9.49739990e+00
 1.37103516e+01
 1.48480774e+01
 2.10265137e+01
 2.51766602e+01
 2.39296204e+01
 1.92948242e+01
 1.03537842e+01
 3.43020020e+00
 2.64946899e+00
 6.98937378e+00
 3.93474731e+00
 1.03805786e+01
 1.18889099e+01
 1.55972229e+01
 1.95528198e+01
 2.11863037e+01
 1.99018494e+01
 1.62396484e+01
 1.27906128e+01
 4.76613770e+00
 6.83773193e+00
 8.95501709e-01
 3.88704834e+00
 7.09728394e+00
 9.87737427e+00
 1.61832520e+01
 2.25264221e+01
 2.52523438e+01
 2.15293518e+01
 1.50825134e+01
 1.04023987e+01
 9.10942993e+00
 5.23513184e+00
 4.80196533e+00
 -2.71362305e-02
 8.49999390e+00
 1.00506226e+01
 1.40063416e+01
 1.95064026e+01
 2.15735413e+01
 1.97930847e+01
 1.86291138e+01
 1.06165100e+01
 5.81408081e+00
 2.98351440e+00
 1.10830078e+00
 6.38103638e+00
 5.71550903e+00
 1.03059326e+01
 1.38386169e+01
 1.89943481e+01
 2.33812500e+01
 2.15100037e+01
 2.10866333e+01
 1.23535400e+01
 6.32045898e+00
 4.52700195e+00
 2.42070923e+00
 7.40319214e+00
 7.20726929e+00
 1.10109802e+01
 1.20341736e+01
 2.01701294e+01
 2.79220215e+01
 2.44292542e+01
 1.76617676e+01
 1.26241394e+01
 7.72734985e+00
 9.37829590e-01
 4.68905029e+00
 6.76394043e+00
 7.87819824e+00
 8.75499878e+00
 1.77718750e+01
 2.38241516e+01
 2.27688843e+01
 2.33559814e+01
 1.56814514e+01
 1.11358276e+01
 8.46773682e+00
 9.54461670e-01
 6.02352295e+00
 2.63738403e+00
 7.39757690e+00
 9.60225830e+00
 1.60273376e+01
 1.72316833e+01
 2.14489685e+01
 2.09223572e+01
 1.97229553e+01
 1.16043335e+01
 7.93203125e+00
 7.88598022e+00
 5.24764404e+00
 6.35003052e+00
 8.68209229e+00
 9.39577637e+00
 1.55550781e+01
 2.25718018e+01
 2.38845764e+01
 2.17316528e+01
 1.52452942e+01
 9.44579468e+00
 8.51632080e+00
 2.74620972e+00
 2.79155884e+00
 9.11157227e-01
 9.95577393e+00
 1.07228333e+01
 1.32679077e+01
 1.93727661e+01
 2.33442932e+01
 1.98790222e+01
 1.82817932e+01
 1.17044617e+01
 8.22738037e+00
 5.82174072e+00
 4.86129150e+00
 6.68706665e+00
 8.86306152e+00
 8.87514648e+00
 1.44053589e+01
 2.06491028e+01
 2.34017273e+01
 2.26766296e+01
 1.88669373e+01
 1.02760559e+01
 8.72500000e+00
 6.68776855e+00
 -5.68731689e-01
 3.07323608e+00
 6.24578247e+00
 1.11922852e+01
 1.73611389e+01
 2.32819153e+01
 2.48185974e+01
 2.56588989e+01
 1.91555115e+01
 8.46117554e+00
 7.10347900e+00
 4.25820313e+00
 3.11254272e+00
 5.12215576e+00
 7.75164185e+00
 9.72789917e+00
 1.37917419e+01
 1.70474487e+01
 2.22791077e+01
 1.91267639e+01
 1.72021729e+01
 1.13131348e+01
 7.94814453e+00
 6.80703125e+00
 2.23970947e+00
 -5.38092041e-01
 7.88247070e+00
 1.28279053e+01
 1.17377563e+01
 2.03025146e+01
 2.31914917e+01
 2.51014648e+01
 1.86586853e+01
 1.25762268e+01
 1.06369873e+01
 2.95305786e+00
 5.38189087e+00
 5.76125488e+00
 9.40154419e+00
 1.01439148e+01
 1.38984619e+01
 1.74444214e+01
 2.46959473e+01
 2.70215393e+01
 1.60201355e+01
 1.29035583e+01
 6.19548950e+00
 2.85405884e+00
 4.48162231e+00
 2.36971436e+00
 6.85216675e+00
 1.21038452e+01
 1.50094238e+01
 2.32853027e+01
 2.80841309e+01
 2.25570007e+01
 1.64935547e+01
 8.76625977e+00
 9.90584717e+00
 4.64330444e+00
 3.16085205e+00
 6.01372681e+00
 5.01876221e+00
 1.14094177e+01
 1.16834656e+01
 1.88807922e+01
 2.06306702e+01
 1.92278992e+01
 1.60054871e+01
 1.27113586e+01
 9.65172729e+00
 3.49349365e+00
 3.19906006e+00
 3.46660767e+00
 6.81743774e+00
 8.96859131e+00
 1.54324890e+01
 1.80123230e+01
 2.69755493e+01
 2.54702393e+01
 2.12489868e+01
 1.11560913e+01
 6.72033081e+00
 1.09978638e+00
 6.48211060e+00
 6.86690674e+00
 4.12032471e+00
 1.04255005e+01
 1.59868103e+01
 1.81578613e+01
 2.37288757e+01
 2.67317444e+01
 1.64396301e+01
 1.04026733e+01
 8.42382202e+00
 2.51986084e+00
 4.46212158e+00
 2.89000854e+00
 7.28475342e+00
 9.75283203e+00
 1.46027466e+01
 1.76926208e+01
 2.52840515e+01
 2.23037354e+01
 1.69689575e+01
 1.39957520e+01
 8.26073608e+00
 6.46187744e+00
 -1.87509766e+00
 3.28807983e+00
 9.97026978e+00
 1.06162048e+01
 1.49841858e+01
 1.94417664e+01
 2.36130005e+01
 2.07003418e+01
 1.55777527e+01
 1.17490784e+01
 8.21929321e+00
 5.81842041e-01
 -9.03662109e-01
 1.38094482e+00
 3.26839600e+00
 9.41356812e+00
 1.46837708e+01
 1.96993652e+01
 2.57661377e+01
 2.27889038e+01
 2.10151917e+01
 1.11160828e+01
 9.22719727e+00
 7.28734741e+00
 2.74611816e+00
 7.05547485e+00
 9.04332886e+00
 8.15258179e+00
 1.44880920e+01
 2.33408752e+01
 2.68652283e+01
 2.14898315e+01
 1.81659790e+01
 1.15180603e+01
 1.00839172e+01
 6.07503662e+00
 5.83046875e+00
 5.16225586e+00
 8.93316040e+00
 9.78017578e+00
 1.64800049e+01
 1.85973145e+01
 2.33812805e+01
 2.14170776e+01
 1.72425171e+01
 1.16845337e+01
 9.91863403e+00
 2.28200684e+00
 3.32979736e+00
 6.77004395e+00
 1.01839539e+01
 1.13256775e+01
 1.71813904e+01
 1.78580566e+01
 2.28311401e+01
 2.30276733e+01
 1.82252136e+01
 1.44965149e+01
 1.05213867e+01
 3.68392334e+00
 5.11614380e+00
 4.03630981e+00
 7.76714478e+00
 1.14818054e+01
 1.32069946e+01
 2.15597168e+01
 2.45381409e+01
 2.53019043e+01
 1.70990845e+01
 1.32912842e+01
 5.74801025e+00
 2.65432129e+00
 2.83214722e+00
 2.05520020e+00
 3.87328491e+00
 9.00161133e+00
 1.38012024e+01
 1.85758301e+01
 2.64739929e+01
 1.97206665e+01
 2.03672424e+01
 1.76263367e+01
 7.97063599e+00
 4.50341187e+00
 5.52562866e+00
 3.22573242e+00
 6.29149780e+00
 1.14274231e+01
 1.18854919e+01
 2.02589661e+01
 2.38388000e+01
 2.36723572e+01
 1.83654114e+01
 1.28622070e+01
 6.84673462e+00
 6.66842041e+00
 5.03032837e+00
 6.20000610e+00
 5.89187012e+00
 1.05081726e+01
 1.48691650e+01
 1.78354126e+01
 2.13016296e+01
 2.29467102e+01
 1.79663635e+01
 1.23712402e+01
 8.15792236e+00
 6.09795532e+00
 4.36385498e+00
 8.62603760e-01
 5.98732910e+00
 1.00757996e+01
 1.18059326e+01
 1.73904968e+01
 2.16907898e+01
 2.32697388e+01
 1.97364746e+01
 1.34104248e+01
 8.80803833e+00
 5.98226318e+00
 4.76439819e+00
 3.49544678e+00
 7.80764160e+00
 1.17582031e+01
 1.58706909e+01
 1.89821411e+01
 2.31169373e+01
 2.25378662e+01
 1.52341553e+01
 1.50996643e+01
 9.22203979e+00
 6.23067627e+00
 6.07296143e+00
 4.46633301e+00
 9.06600342e+00
 1.30039001e+01
 1.57925049e+01
 2.32885071e+01
 2.34012390e+01
 2.28273865e+01
 1.71276794e+01
 1.16930176e+01
 6.49648438e+00
 8.19179688e+00
 1.33907471e+00
 1.92092285e+00
 6.67559204e+00
 9.64724121e+00
 1.45664001e+01
 2.25796143e+01
 2.59853760e+01
 2.50379883e+01
 1.81999451e+01
 1.01669250e+01
 9.25002441e+00
 5.23088989e+00
 3.36434326e+00
 9.11193237e+00
 8.93612061e+00
 9.04873047e+00
 1.34901062e+01
 2.25950867e+01
 2.65135437e+01
 2.32763916e+01
 1.63186279e+01
 1.19509216e+01
 1.04419800e+01
 6.16036377e+00
 6.31154785e+00
 7.48165283e+00
 1.00518127e+01
 9.86928711e+00
 1.46088196e+01
 1.88999573e+01
 2.71712280e+01
 2.63495422e+01
 1.93466736e+01
 1.20515991e+01
 9.20809326e+00
 8.71071777e+00
 5.26006470e+00
 6.60231934e+00
 6.39943848e+00
 1.11238647e+01
 1.30258728e+01
 1.86891113e+01
 2.66968933e+01
 2.43586365e+01
 1.72533508e+01
 1.09423767e+01
 7.33178101e+00
 5.36736450e+00
 4.04412231e+00
 7.32692871e+00
 9.47207031e+00
 1.43331238e+01
 1.54252258e+01
 1.79737183e+01
 2.38588196e+01
 2.56072327e+01
 2.22694336e+01
 1.61544128e+01
 4.92412720e+00
 6.39492188e+00
 2.17754517e+00
 1.91182861e+00
 5.01806030e+00
 8.79342041e+00
 1.36894470e+01
 1.97625671e+01
 2.25091187e+01
 2.31248718e+01
 1.80382935e+01
 1.41443115e+01
 1.01011902e+01
 7.64794922e-01
 2.80205688e+00
 -8.43439331e+00
 5.35408936e+00
 1.15134521e+01
 1.51654907e+01
 1.82081543e+01
 2.43449341e+01
 2.18665100e+01
 2.15191895e+01
 1.40700317e+01
 1.07839294e+01
 4.88170776e+00
 4.58388672e+00
 5.22106323e+00
 8.93776855e+00
 1.15446716e+01
 1.48539978e+01
 2.10156799e+01
 2.63580872e+01
 2.50748840e+01
 1.81674744e+01
 1.55855347e+01
 8.81932983e+00
 5.91280518e+00
 5.57888184e+00
 6.78539429e+00
 9.75884399e+00
 1.29331909e+01
 1.33492065e+01
 2.25095459e+01
 2.94998718e+01
 2.47941223e+01
 2.28867737e+01
 1.32321106e+01
 8.09114990e+00
 1.87966309e+00
 4.37542114e+00
 7.47588501e+00
 6.30901489e+00
 1.06200500e+01
 1.59438110e+01
 2.60941711e+01
 2.66298157e+01
 2.77074219e+01
 2.06676575e+01
 1.48010803e+01
 7.51888428e+00
 8.67159424e+00
 4.97722778e+00
 6.50359497e+00
 1.03621765e+01
 1.09221130e+01
 1.44212280e+01
 2.28577820e+01
 2.59552246e+01
 2.31230103e+01
 1.90549866e+01
 1.46522766e+01
 9.95479736e+00
 5.92434082e+00
 6.51531372e+00
 6.95375977e+00
 7.62459717e+00
 1.10493103e+01
 1.37086121e+01
 2.49735046e+01
 2.27385498e+01
 2.29138733e+01
 1.61096741e+01
 1.35509277e+01
 7.41448364e+00
 3.15355835e+00
 6.62658081e+00
 7.66008911e+00
 7.70015869e+00
 1.12421509e+01
 1.52504822e+01
 2.11678101e+01
 2.03899475e+01
 2.29677979e+01
 1.83336731e+01
 1.40848022e+01
 9.80407104e+00
 3.45220337e+00
 3.70919189e+00
 6.43081055e+00
 8.03356323e+00
 1.20173279e+01
 1.41909424e+01
 1.67169434e+01
 2.77525269e+01
 2.71432434e+01
 1.75168396e+01
 1.56356140e+01
 8.24929199e+00
 6.35894165e+00
 5.87239990e+00
 5.66100464e+00
 7.31041870e+00
 9.26076660e+00
 1.61680542e+01
 1.95783630e+01
 2.81871277e+01
 2.54542175e+01
 2.02103516e+01
 1.33816162e+01
 9.91109619e+00
 8.30693970e+00
 7.34069214e+00
 7.71813354e+00
 8.55883179e+00
 1.13479858e+01
 1.56648499e+01
 2.37644897e+01
 2.91312805e+01
 2.75310608e+01
 2.44026733e+01
 1.42748962e+01
 1.04135376e+01
 7.70470581e+00
 1.03087769e+00
 8.57592163e+00
 1.10073486e+01
 1.31726929e+01
 1.68236633e+01
 2.28646790e+01
 2.34951721e+01
 2.56681152e+01
 2.25778442e+01
 1.30889832e+01
 8.95162354e+00
 8.18819580e+00
 3.32500610e+00
 6.20766602e+00
 9.00744019e+00
 1.13947083e+01
 1.51220947e+01
 2.47680298e+01
 2.48995300e+01
 2.60584045e+01
 1.82527710e+01
 1.26108337e+01
 1.04724060e+01
 6.58986816e+00
 5.25750732e-01
 4.12325439e+00
 7.99956665e+00
 1.26221252e+01
 1.79497314e+01
 1.95715881e+01
 2.93638245e+01
 2.49746338e+01
 2.01208435e+01
 1.34832092e+01
 1.24119507e+01
 4.29204712e+00
 5.42470703e+00
 6.50390015e+00
 7.89977417e+00
 1.42828308e+01
 1.40259644e+01
 2.05498596e+01
 2.50932251e+01
 2.37159973e+01
 1.95069824e+01
 1.15857178e+01
 1.14535156e+01
 5.54271851e+00
 6.04454956e+00
 8.29216919e+00
 9.23595581e+00
 1.31644226e+01
 1.38952271e+01
 2.07674805e+01
 2.34240967e+01
 2.53784729e+01
 1.98086487e+01
 1.55245300e+01
 7.52788696e+00
 6.40014038e+00
 6.68059692e+00
 6.98186646e+00
 8.87239990e+00
 1.15731445e+01
 1.71134888e+01
 2.02599121e+01
 2.23345276e+01
 2.51779724e+01
 1.99583984e+01
 1.09487854e+01
 9.74111328e+00
 7.19652710e+00
 8.10308228e+00
 6.61473999e+00
 7.60650024e+00
 1.02033020e+01
 1.70541016e+01
 2.37698914e+01
 2.59604126e+01
 2.73195129e+01
 2.27820984e+01
 1.29569946e+01
 1.21188904e+01
 5.98821411e+00
 5.38497314e+00
 3.68489990e+00
 5.74514160e+00
 1.29866882e+01
 1.74067627e+01
 2.27290283e+01
 2.87548157e+01
 2.69894958e+01
 2.35169617e+01
 1.44240662e+01
 9.01635132e+00
 7.53389893e+00
 5.86620483e+00
 8.57268677e+00
 1.00594727e+01
 1.19631287e+01
 1.46607910e+01
 2.26343628e+01
 2.46770264e+01
 2.47039124e+01
 2.04429871e+01
 1.27623840e+01
 1.10779663e+01
 6.12764893e+00
 5.77962646e+00
 4.43428955e+00
 8.23018799e+00
 1.13609863e+01
 1.47149292e+01
 2.37292114e+01
 2.52251221e+01
 2.54237915e+01
 2.04357544e+01
 1.37953430e+01
 9.55300293e+00
 6.52602539e+00
 7.35076294e+00
 6.59490356e+00
 1.08919006e+01
 1.37541138e+01
 1.69196106e+01
 2.55760742e+01
 2.81988159e+01
 2.95355774e+01
 2.05654236e+01
 1.49020020e+01
 1.05820557e+01
 7.68294678e+00
 6.78243408e+00
 6.24431763e+00
 1.03908630e+01
 1.19200073e+01
 1.87347656e+01
 1.93984314e+01
 2.31575562e+01
 2.50320984e+01
 1.94752136e+01
 1.05801025e+01
 8.38289795e+00
 7.98546753e+00
 5.72908936e+00
 7.17003784e+00
 9.05187378e+00
 1.31468445e+01
 1.46294800e+01
 2.41392151e+01
 2.74844299e+01
 2.57540527e+01
 2.25384766e+01
 1.53846375e+01
 8.90545044e+00
 6.75191650e+00
