 -1.09765625e+00
 -6.94763184e-01
 3.25030518e+00
 7.48815918e+00
 1.32069092e+01
 2.27098389e+01
 2.43508606e+01
 2.15838623e+01
 1.80193481e+01
 1.26005249e+01
 6.33169556e+00
 5.89376831e+00
 4.41387939e+00
 2.80471802e+00
 6.58322144e+00
 9.84848022e+00
 1.54638367e+01
 2.50460815e+01
 2.42236938e+01
 1.98479309e+01
 1.67134399e+01
 9.15625000e+00
 9.91534424e+00
 3.63006592e+00
 2.80120850e+00
 -7.92266846e-01
 -2.60345459e-01
 7.16159058e+00
 1.82239990e+01
 2.21524048e+01
 2.38566589e+01
 2.38320618e+01
 1.20407410e+01
 1.28740845e+01
 6.90884399e+00
 1.64324951e+00
 2.03277588e-01
 3.64120483e+00
 5.10424805e+00
 6.36163330e+00
 1.33988342e+01
 1.96345825e+01
 2.33252258e+01
 2.17907104e+01
 1.04095459e+01
 8.85821533e+00
 -2.99560547e-01
 6.21527100e+00
 2.74075317e+00
 1.24502563e+00
 7.27145386e+00
 6.86456299e+00
 1.29149475e+01
 2.03031921e+01
 2.16359863e+01
 2.26756897e+01
 1.38294678e+01
 9.55609131e+00
 2.44613647e+00
 5.83248901e+00
 -1.18692017e+00
 2.46694946e+00
 3.02368164e+00
 8.21298218e+00
 1.65928650e+01
 2.23682251e+01
 2.84799805e+01
 2.32921143e+01
 1.73702698e+01
 1.41257935e+01
 6.86221313e+00
 1.32061768e+00
 8.55621338e-01
 -3.17709351e+00
 4.51678467e+00
 1.14649048e+01
 1.52826538e+01
 2.28175354e+01
 2.16372681e+01
 2.03259888e+01
 1.56191101e+01
 1.02855835e+01
 6.69750977e+00
 7.05715942e+00
 2.12234497e+00
 3.94772339e+00
 2.49798584e+00
 1.04038086e+01
 1.41502380e+01
 2.32685547e+01
 2.26679993e+01
 2.01950989e+01
 1.83518372e+01
 8.51333618e+00
 9.79959106e+00
 3.90292358e+00
 3.24630737e+00
 2.20568848e+00
 3.56982422e+00
 6.36083984e+00
 1.18998108e+01
 1.85346680e+01
 2.58894043e+01
 2.47493286e+01
 1.70932617e+01
 1.00500488e+01
 5.52392578e+00
 3.41015625e+00
 9.37866211e-01
 2.35705566e+00
 3.43988037e+00
 8.14285278e+00
 1.18805542e+01
 2.29181519e+01
 2.42588196e+01
 1.98132324e+01
 1.81978760e+01
 1.42405396e+01
 4.43771362e+00
 3.64181519e+00
 6.81549072e-01
 4.18817139e+00
 4.45266724e+00
 7.84396362e+00
 1.42442932e+01
 2.14692688e+01
 2.52724915e+01
 2.02632141e+01
 1.87434692e+01
 1.04205933e+01
 4.97775269e+00
 2.16168213e+00
 5.57101440e+00
 4.25820923e+00
 6.70718384e+00
 1.36720886e+01
 1.41663513e+01
 1.76500244e+01
 2.30540466e+01
 2.39602051e+01
 1.96461487e+01
 9.36697388e+00
 6.11343384e+00
 7.56256104e-01
 -1.00708008e-03
 1.11071777e+00
 2.99404907e+00
 7.47854614e+00
 1.52049561e+01
 2.20398865e+01
 2.45724487e+01
 2.13881226e+01
 1.62549133e+01
 9.07641602e+00
 7.93148804e+00
 3.02999878e+00
 -5.35995483e+00
 7.80059814e-01
 7.05395508e+00
 1.14273987e+01
 1.72719116e+01
 2.05789795e+01
 2.14880676e+01
 2.11740417e+01
 1.62441711e+01
 1.02116394e+01
 7.57394409e+00
 6.37722778e+00
 -2.01690674e-01
 4.96313477e+00
 8.61193848e+00
 9.97595215e+00
 1.63554382e+01
 2.33796997e+01
 2.30346069e+01
 2.25346069e+01
 1.74571533e+01
 1.28987732e+01
 6.70504761e+00
 6.71691895e-02
 1.18566895e+00
 4.91671753e+00
 4.04327393e+00
 1.07639771e+01
 1.43173828e+01
 2.29996033e+01
 2.57554626e+01
 1.92409973e+01
 1.67288818e+01
 1.06938171e+01
 3.29296875e+00
 -7.94281006e-01
 1.02859497e+00
 -6.75842285e-01
 2.75799561e+00
 1.07024536e+01
 1.09622803e+01
 2.05414124e+01
 2.43997498e+01
 2.38235474e+01
 1.56866150e+01
 1.04599915e+01
 5.98013306e+00
 4.23348999e+00
 2.61526489e+00
 -3.39813232e-01
 1.77914429e+00
 8.34783936e+00
 1.17179871e+01
 2.22406921e+01
 2.63504333e+01
 2.31632690e+01
 1.78543701e+01
 1.06093140e+01
 9.43087769e+00
 2.39672852e+00
 3.41992188e+00
 2.97702026e+00
 6.49423218e+00
 6.45126343e+00
 1.42869873e+01
 2.36592712e+01
 2.40096436e+01
 2.17323914e+01
 1.48685303e+01
 1.02636719e+01
 1.07003479e+01
 1.30072021e+00
 -4.39129639e+00
 1.12435913e+00
 2.31539917e+00
 7.29760742e+00
 1.33766479e+01
 2.13398438e+01
 2.60143433e+01
 2.18172302e+01
 1.50782471e+01
 1.17123718e+01
 7.40444946e+00
 -2.74758911e+00
 4.19561768e+00
 5.73086548e+00
 7.55447388e+00
 9.73608398e+00
 1.66440125e+01
 2.42777710e+01
 2.50290222e+01
 2.27687988e+01
 1.72605591e+01
 9.45712280e+00
 5.29797363e+00
 4.99319458e+00
 6.20895386e+00
 3.18359375e+00
 3.60772705e+00
 7.09970093e+00
 8.63153076e+00
 1.83006287e+01
 2.44148560e+01
 2.50836487e+01
 1.59871826e+01
 8.09890747e+00
 6.83227539e+00
 -1.99645996e-01
 3.99383545e-01
 1.73083496e+00
 4.47265625e+00
 7.95587158e+00
 1.82550964e+01
 2.37535706e+01
 2.50465698e+01
 1.93105469e+01
 1.44078369e+01
 1.14671631e+01
 6.63146973e+00
 4.48394775e+00
 3.54388428e+00
 4.34167480e+00
 4.86264038e+00
 1.05305481e+01
 1.29269409e+01
 2.35630493e+01
 2.33982239e+01
 1.83804626e+01
 1.72232666e+01
 1.12540283e+01
 8.96459961e+00
 6.38619995e+00
 2.02828979e+00
 2.52484131e+00
 1.17889404e+00
 1.10967102e+01
 1.99757080e+01
 1.99848938e+01
 2.64703674e+01
 2.57399902e+01
 1.32829590e+01
 1.02683411e+01
 7.17449951e+00
 2.85534668e+00
 5.32220459e+00
 2.93029785e+00
 5.70788574e+00
 1.30223083e+01
 1.71057434e+01
 2.29656982e+01
 2.45585938e+01
 2.17459412e+01
 1.61997070e+01
 1.08793945e+01
 8.74636841e+00
 3.20449829e+00
 2.96630859e+00
 5.78344727e+00
 7.03555298e+00
 9.49484253e+00
 1.67985535e+01
 2.34878235e+01
 2.45209961e+01
 2.39851074e+01
 1.84270325e+01
 1.00866699e+01
 1.03391418e+01
 7.13494873e+00
 -2.36541748e-01
 1.14364624e+00
 4.14645386e+00
 1.24574280e+01
 1.90252991e+01
 2.25695190e+01
 2.81942749e+01
 2.38721619e+01
 1.60785828e+01
 1.05030212e+01
 2.65313721e+00
 2.57418823e+00
 1.98846436e+00
 3.68325806e+00
 4.96755981e+00
 1.06327515e+01
 1.91042480e+01
 2.33405457e+01
 2.55998230e+01
 2.34883728e+01
 1.56105652e+01
 7.51589966e+00
 7.13684082e+00
 5.33444214e+00
 1.67764282e+00
 3.65707397e+00
 6.47924805e+00
 1.08958130e+01
 1.58082581e+01
 2.18805237e+01
 2.71066895e+01
 2.13094177e+01
 1.58119812e+01
 1.09270935e+01
 4.88748169e+00
 4.50103760e-01
 1.71920776e+00
 5.26916504e+00
 7.26492310e+00
 7.47784424e+00
 1.57217102e+01
 2.15836182e+01
 2.53673706e+01
 2.33171082e+01
 2.05701294e+01
 8.09469604e+00
 4.86627197e+00
 1.94802856e+00
 -1.04376221e+00
 4.14071655e+00
 5.49975586e+00
 9.66662598e+00
 1.48389893e+01
 2.36412048e+01
 2.62128906e+01
 2.52557983e+01
 1.31947937e+01
 1.10535889e+01
 9.74200439e+00
 1.00415039e+00
 1.72656250e+00
 4.09869385e+00
 3.24291992e+00
 8.12887573e+00
 1.35634766e+01
 1.93901062e+01
 2.69072266e+01
 2.48173218e+01
 1.87140198e+01
 1.16767273e+01
 9.74136353e+00
 2.53295898e-03
 7.35000610e+00
 3.09127808e+00
 5.93032837e+00
 8.82464600e+00
 1.60690918e+01
 1.76087646e+01
 2.53679810e+01
 2.33171692e+01
 1.60328979e+01
 1.33929138e+01
 3.82369995e+00
 4.49218750e-01
 2.23275757e+00
 1.32687378e+00
 5.63058472e+00
 8.96786499e+00
 1.47507629e+01
 2.38388367e+01
 2.36607666e+01
 2.02801208e+01
 1.79379883e+01
 1.17180481e+01
 6.69036865e+00
 2.63223267e+00
 4.19458008e+00
 5.29815674e+00
 6.73034668e+00
 8.10424805e+00
 1.44675293e+01
 2.39069519e+01
 2.57814026e+01
 2.62590332e+01
 1.80393982e+01
 1.28085938e+01
 8.70709229e+00
 4.40707397e+00
 4.03674316e+00
 3.73974609e+00
 7.84466553e+00
 9.58883667e+00
 1.75244446e+01
 1.99550476e+01
 2.78441162e+01
 2.48566589e+01
 1.84914551e+01
 1.13587341e+01
 9.57470703e+00
 6.77145386e+00
 5.67962646e-01
 4.34051514e-01
 2.69943237e+00
 1.09219666e+01
 1.39422913e+01
 2.26362305e+01
 2.73211365e+01
 2.63999634e+01
 1.96053772e+01
 1.43117981e+01
 7.64132690e+00
 3.30941772e+00
 3.52377319e+00
 2.33489990e+00
 4.69989014e+00
 8.85589600e+00
 1.36723328e+01
 2.12731323e+01
 2.31354065e+01
 2.01955261e+01
 1.70926819e+01
 1.10256653e+01
 7.67800903e+00
 5.49511719e+00
 4.76971436e+00
 2.15899658e+00
 5.30279541e+00
 8.72143555e+00
 1.45968323e+01
 2.48697815e+01
 2.61879578e+01
 2.28068848e+01
 1.86456604e+01
 9.80944824e+00
 7.31069946e+00
 2.41860962e+00
 4.04910278e+00
 3.28536987e+00
 8.32659912e+00
 1.25434570e+01
 1.93996582e+01
 2.12249146e+01
 2.48556519e+01
 2.09154663e+01
 2.25026855e+01
 1.40485535e+01
 8.53466797e+00
 6.36807251e+00
 2.02331543e-02
 1.87521362e+00
 2.41595459e+00
 9.38980103e+00
 1.17994385e+01
 2.13417358e+01
 2.68633728e+01
 2.44388428e+01
 1.66119690e+01
 1.31435852e+01
 9.22427368e+00
 8.11715698e+00
 1.39004517e+00
 1.48635864e+00
 5.13360596e+00
 7.69436646e+00
 1.32999878e+01
 2.43857727e+01
 2.74141235e+01
 2.48111267e+01
 1.64877319e+01
 1.15004578e+01
 8.80755615e+00
 5.39392090e+00
 -8.49182129e-01
 3.51855469e+00
 5.37982178e+00
 8.38027954e+00
 1.59702454e+01
 2.61027527e+01
 2.55875854e+01
 2.45853882e+01
 1.70586548e+01
 1.33526917e+01
 8.72372437e+00
 3.93148804e+00
 2.15267944e+00
 2.50299072e+00
 5.67114258e+00
 9.79849243e+00
 1.53811646e+01
 2.13393860e+01
 2.45704651e+01
 2.48641052e+01
 2.24874573e+01
 1.16853638e+01
 8.40704346e+00
 6.52661133e+00
 1.22219849e+00
 9.43359375e-01
 5.70397949e+00
 7.69079590e+00
 1.19939270e+01
 2.51205750e+01
 2.50322571e+01
 2.48157654e+01
 1.95967407e+01
 1.54469299e+01
 7.79882812e+00
 3.34652710e+00
 5.59173584e-01
 5.33270264e+00
 9.57836914e+00
 8.62698364e+00
 1.38164062e+01
 2.16757812e+01
 2.64422913e+01
 2.41772156e+01
 1.84769897e+01
 1.20317383e+01
 9.72109985e+00
 8.27359009e+00
 3.42028809e+00
 3.81057739e+00
 9.80996704e+00
 7.49014282e+00
 1.48793945e+01
 2.51203003e+01
 2.70047913e+01
 2.22277832e+01
 2.27071838e+01
 1.20689087e+01
 1.00628052e+01
 4.64779663e+00
 1.90768433e+00
 1.69406128e+00
 7.15008545e+00
 1.03009033e+01
 1.52184753e+01
 2.52036133e+01
 2.91367188e+01
 2.47216797e+01
 1.77293701e+01
 1.28180237e+01
 8.63031006e+00
 4.33526611e+00
 5.44876099e+00
 5.37591553e+00
 6.18475342e+00
 1.04959412e+01
 1.58460083e+01
 2.17651672e+01
 2.52869873e+01
 2.41972656e+01
 2.08699951e+01
 1.56426697e+01
 7.93908691e+00
 3.11547852e+00
 4.19085693e+00
 4.64746094e+00
 5.60110474e+00
 1.12902527e+01
 1.58414307e+01
 2.45148315e+01
 2.74291382e+01
 2.40018921e+01
 1.76636353e+01
 1.21601257e+01
 8.33843994e+00
 4.11587524e+00
 2.15414429e+00
 1.12435913e+00
 4.14089966e+00
 1.00006409e+01
 1.63581543e+01
 2.10959778e+01
 2.60516663e+01
 2.77309265e+01
 1.93001404e+01
 1.41222839e+01
 8.29696655e+00
 3.17642212e+00
 6.14038086e+00
 4.01699829e+00
 6.17864990e+00
 9.99142456e+00
 1.88945618e+01
 2.43465271e+01
 2.74433594e+01
 2.62064209e+01
 1.86146851e+01
 1.04298706e+01
 5.65899658e+00
 5.95458984e-01
 -3.75573730e+00
 5.30926514e+00
 5.06658936e+00
 1.16034241e+01
 1.64884644e+01
 2.44888000e+01
 2.85191345e+01
 2.26427002e+01
 1.97271729e+01
 1.20521851e+01
 7.68969727e+00
 4.42938232e+00
 6.43566895e+00
 2.45999146e+00
 8.46029663e+00
 1.14215698e+01
 2.00719604e+01
 2.73665466e+01
 2.70022278e+01
 2.45733032e+01
 1.63563538e+01
 1.20451660e+01
 7.96173096e+00
 5.21655273e+00
 3.74642944e+00
 7.06530762e+00
 6.75152588e+00
 1.14955139e+01
 1.97572021e+01
 2.70644836e+01
 2.73393250e+01
 2.66586609e+01
 1.85154724e+01
 1.30658569e+01
 8.64093018e+00
 7.82339478e+00
 3.06668091e+00
 2.09286499e+00
 4.83950806e+00
 1.40765381e+01
 1.97181091e+01
 2.59131775e+01
 3.01332397e+01
 2.60184937e+01
 2.09418030e+01
 1.14193726e+01
 9.97467041e+00
 5.07702637e+00
 4.75930786e+00
 1.17291260e+00
 5.34533691e+00
 7.47634888e+00
 1.49111633e+01
 2.60535583e+01
 2.96117859e+01
 2.38497009e+01
 1.57385254e+01
 1.11950989e+01
 1.03947754e+01
 4.70199585e+00
 3.45150757e+00
 6.69564819e+00
 9.53591919e+00
 1.48568115e+01
 1.97663574e+01
 2.43266602e+01
 2.78193054e+01
 2.32534790e+01
 2.03116150e+01
 1.43183289e+01
 4.12390137e+00
 5.77792358e+00
 3.84628296e+00
 2.31735229e+00
 5.87615967e+00
 1.21693115e+01
 1.57471313e+01
 2.46073608e+01
 2.69061890e+01
 2.22045593e+01
 1.89081116e+01
 1.53392334e+01
 1.00414734e+01
 6.44012451e+00
 4.29244995e+00
 4.73458862e+00
 7.67245483e+00
 1.10060120e+01
 1.96855164e+01
 2.02274780e+01
 2.82524719e+01
 2.40960693e+01
 1.68877563e+01
 1.02894287e+01
 1.24557190e+01
 1.10244751e+00
 4.30581665e+00
 4.88497925e+00
 8.98294067e+00
 1.06072998e+01
 1.68834229e+01
 2.10119324e+01
 2.77246399e+01
 2.49652100e+01
 1.82748108e+01
 1.28688660e+01
 8.53790283e+00
 -3.52416992e+00
 -3.05737305e+00
 8.06610107e-01
 3.91952515e+00
 9.09130859e+00
 1.41538391e+01
 2.46206665e+01
 2.87622070e+01
 2.68137512e+01
 1.78095703e+01
 1.50131836e+01
 7.28628540e+00
 6.52960205e+00
 2.43524170e+00
 8.76281738e-01
 6.25332642e+00
 9.58044434e+00
 1.63253479e+01
 2.71913452e+01
 2.64163513e+01
 2.28525085e+01
 1.60345764e+01
 1.12769165e+01
 8.50241089e+00
 2.56045532e+00
 1.89855957e+00
 2.90942383e+00
 1.02210999e+01
 9.97903442e+00
 2.03795776e+01
 2.51692200e+01
 2.78875732e+01
 2.56047058e+01
 1.79932861e+01
 1.08204956e+01
 8.58978271e+00
 3.44750977e+00
 2.29629517e+00
 2.57321167e+00
 6.38842773e+00
 1.24032288e+01
 1.66184998e+01
 2.42997437e+01
 2.45011902e+01
 2.61766663e+01
 1.89843445e+01
 1.50798340e+01
 9.23855591e+00
 2.77145386e+00
 4.65359497e+00
 5.31326294e+00
 6.51278687e+00
 1.29909668e+01
 1.41822510e+01
 2.56766357e+01
 2.53564148e+01
 2.72737427e+01
 1.90812988e+01
 1.36154785e+01
 8.63012695e+00
 6.75659180e+00
 7.63504028e+00
 3.59307861e+00
 8.26190186e+00
 1.28913574e+01
 2.01623230e+01
 2.65065308e+01
 2.97398987e+01
 2.81841125e+01
 1.81315002e+01
 1.37849121e+01
 6.87246704e+00
 5.98428345e+00
 2.24215698e+00
 1.16635132e+00
 4.79815674e+00
 6.63897705e+00
 1.87550354e+01
 2.36008911e+01
 2.65296021e+01
 2.63663330e+01
 1.61795349e+01
 1.08652954e+01
 6.32012939e+00
 1.01534119e+01
 5.85864258e+00
 4.53686523e+00
 3.39141846e+00
 1.34693604e+01
 2.19285278e+01
 2.73411560e+01
 3.13601990e+01
 2.58507080e+01
 2.24472656e+01
 1.34646301e+01
 8.60684204e+00
 5.28967285e+00
 2.84555054e+00
 4.71939087e+00
 5.15649414e+00
 1.18116150e+01
 1.80000000e+01
 2.56142273e+01
 2.63713379e+01
 2.84977417e+01
 2.06086731e+01
 1.59989319e+01
 9.06668091e+00
 1.68478394e+00
 3.54827881e+00
 5.44979858e+00
 8.53720093e+00
 1.37023926e+01
 1.81886292e+01
 2.42080688e+01
 2.61699219e+01
 2.40148621e+01
 1.86011047e+01
 1.52021179e+01
 5.57601929e+00
 -1.18914795e+00
 5.05358887e+00
 4.01416016e+00
 9.30038452e+00
 1.13313904e+01
 1.58368225e+01
 2.41976624e+01
 2.71981506e+01
 2.75007019e+01
 1.86857910e+01
 1.48928833e+01
 8.99267578e+00
 2.65270996e+00
 4.55236816e+00
 4.78768921e+00
 4.19674683e+00
 1.01421814e+01
 2.06193848e+01
 2.65703125e+01
 2.69566956e+01
 2.37590942e+01
 1.93308105e+01
 1.11502686e+01
 7.73492432e+00
 8.32214355e+00
 7.64007568e-01
 1.51336670e+00
 6.18499756e+00
 1.47079163e+01
 1.84367065e+01
 2.76511536e+01
 2.99637146e+01
 2.84143066e+01
 2.21999817e+01
 1.18641357e+01
 1.11390686e+01
 5.47634888e+00
 3.57977295e+00
 2.87548828e+00
 8.00469971e+00
 1.09632874e+01
 1.64338074e+01
 2.57391968e+01
 3.12448425e+01
 2.39325562e+01
 2.18732605e+01
 1.36435547e+01
 8.54373169e+00
 7.83404541e+00
 5.19244385e+00
 6.13088989e+00
 9.02859497e+00
 9.95617676e+00
 1.58644714e+01
 2.78560486e+01
 3.18289490e+01
 2.81297607e+01
 1.98518982e+01
 1.22251282e+01
 5.03332520e+00
 2.46441650e+00
 6.36785889e+00
 5.72698975e+00
 5.91641235e+00
 8.85345459e+00
 2.01220398e+01
 2.27227173e+01
 3.10903625e+01
 2.52399292e+01
 2.17559814e+01
 1.40847168e+01
 6.84088135e+00
 7.08496094e-01
 3.78692627e+00
 4.02807617e+00
 6.23934937e+00
 9.53701782e+00
 1.59464722e+01
 2.51117859e+01
 3.05318909e+01
 2.83686523e+01
 2.30587463e+01
 1.26483765e+01
 7.83291626e+00
 7.74487305e+00
 4.70648193e+00
 3.24423218e+00
 4.71856689e+00
 7.51382446e+00
 1.83220520e+01
 2.27125549e+01
 2.80649414e+01
 2.19208374e+01
 2.16094971e+01
 1.35844727e+01
 4.79861450e+00
 1.32531738e+00
 -8.12744141e-01
 6.20480347e+00
 8.08767700e+00
 1.20429077e+01
 1.58013916e+01
 2.56548767e+01
 3.12742920e+01
 2.57393188e+01
 1.84146423e+01
 1.34907227e+01
 9.06747437e+00
 6.66265869e+00
 5.21539307e+00
 3.79620361e+00
 8.44494629e+00
 8.14157104e+00
 1.74306946e+01
 2.29607544e+01
 2.72896423e+01
 2.48744812e+01
 2.08360901e+01
 1.40253906e+01
 9.49688721e+00
 3.38467407e+00
 3.87322998e+00
 5.00231934e+00
 7.24710083e+00
 1.07510376e+01
 1.79277649e+01
 2.60431519e+01
 2.63227539e+01
 2.58847961e+01
 1.78512573e+01
 1.27218933e+01
 8.51861572e+00
 4.57116699e+00
 7.68222046e+00
 5.10913086e+00
 7.59109497e+00
 1.42996826e+01
 1.58364868e+01
 2.55804443e+01
 3.23549194e+01
 2.44887390e+01
 1.90402527e+01
 1.28279419e+01
 6.07235718e+00
 1.35516357e+00
 5.33422852e+00
 5.69387817e+00
 6.98114014e+00
 1.23895569e+01
 1.63088379e+01
 2.63989868e+01
 2.30196228e+01
 2.15925903e+01
 2.15972290e+01
 1.64756775e+01
 8.95797729e+00
 3.56503296e+00
 7.53848267e+00
 6.44583130e+00
 3.15786743e+00
 9.22918701e+00
 1.87276001e+01
 2.67337341e+01
 3.04108276e+01
 2.43505249e+01
 1.78661804e+01
 1.37329102e+01
 1.13025818e+01
 7.80935669e+00
 6.02087402e+00
 -1.01870728e+00
 3.70120239e+00
 1.03209229e+01
 1.25312500e+01
 2.35191040e+01
 2.72724915e+01
 2.46731262e+01
 2.01237488e+01
 1.26109009e+01
 8.12359619e+00
 7.73709106e+00
 2.98989868e+00
 7.87561035e+00
 7.63241577e+00
 1.03943787e+01
 1.67953186e+01
 2.46465149e+01
 2.48558044e+01
 2.64713135e+01
 1.83975525e+01
 1.33354187e+01
 7.62652588e+00
 5.56698608e+00
 2.59893799e+00
 4.29907227e+00
 7.62191772e+00
 1.30009460e+01
 1.77428589e+01
 2.36138611e+01
 2.79588318e+01
 2.42310486e+01
 1.84716187e+01
 1.46722107e+01
 9.44265747e+00
 8.05996704e+00
 7.11425781e+00
 3.27667236e+00
 4.90032959e+00
 1.12793579e+01
 1.87005005e+01
 2.60552368e+01
 3.07030640e+01
 2.62536316e+01
 2.23134460e+01
 1.23527527e+01
 1.02835999e+01
 7.05535889e+00
 6.24481201e+00
 4.20089722e+00
 6.26391602e+00
 1.16242371e+01
 1.75783691e+01
 2.81858215e+01
 2.86173401e+01
 2.72798462e+01
 1.78235474e+01
 1.22212524e+01
 9.44876099e+00
 9.52844238e+00
 5.65042114e+00
 6.59689331e+00
 8.61218262e+00
 1.75305176e+01
 2.08415222e+01
 2.78983154e+01
 2.99257507e+01
 2.90639038e+01
 2.14476624e+01
 1.85309448e+01
 9.10891724e+00
 6.12115479e+00
 4.62664795e+00
 7.38409424e+00
 7.96163940e+00
 1.27232666e+01
 1.39238586e+01
 2.37948608e+01
 2.77638550e+01
 2.65164795e+01
 1.72618408e+01
 1.36482239e+01
 8.79721069e+00
 6.75155640e+00
 2.02941895e-02
 5.68270874e+00
 8.41955566e+00
 1.02368469e+01
 2.05226440e+01
 3.03066101e+01
 3.08051758e+01
 2.78304749e+01
 2.22437134e+01
 1.31350403e+01
 9.15554810e+00
 5.59793091e+00
 6.18499756e+00
 5.12707520e+00
 3.97937012e+00
 8.68203735e+00
 1.93679504e+01
 2.75664673e+01
 2.84479980e+01
 2.75914612e+01
 2.08129272e+01
 1.65280762e+01
 1.10308838e+01
 2.78952026e+00
 1.06466675e+00
 5.17584229e+00
 8.11395264e+00
 1.25405579e+01
 2.16977539e+01
 2.55265808e+01
 2.85173035e+01
 2.92436218e+01
 2.13206787e+01
 1.58026733e+01
 6.72894287e+00
 7.80374146e+00
 7.48361206e+00
 6.09310913e+00
 7.83059692e+00
 1.42324829e+01
 2.24118652e+01
 2.69859619e+01
 3.25081787e+01
 2.93712463e+01
 2.39466248e+01
 1.37092896e+01
 8.32626343e+00
 7.44033813e+00
 5.21765137e+00
 7.91125488e+00
 8.62365723e+00
 1.14725342e+01
 1.56700745e+01
 2.43218384e+01
 2.74641724e+01
 2.33326416e+01
 1.97816162e+01
 1.31229553e+01
 7.87310791e+00
 8.75582886e+00
 6.34292603e+00
 4.05767822e+00
 4.60061646e+00
 9.56109619e+00
 1.89374084e+01
 2.68126221e+01
 2.77896118e+01
 2.66153564e+01
 2.18029785e+01
 1.46161499e+01
 4.11352539e+00
 1.24523926e+00
 5.71142578e+00
 6.69503784e+00
 8.00192261e+00
 1.34162292e+01
 1.86751404e+01
 2.30130920e+01
 3.01676331e+01
 2.94155273e+01
 2.24563293e+01
 1.53602295e+01
 1.18300171e+01
 2.79473877e+00
