 1.94797068e+02
 1.38339689e+02
 1.37849337e+02
 6.05896966e+01
 4.44091904e+01
 4.59034503e+01
 2.09057274e+01
 5.71553553e+01
 4.51290740e+01
 1.56957891e+02
 4.35079565e+02
 1.41593542e+02
 1.23752552e+02
 2.57178989e+02
 1.49297577e+02
 1.87994944e+02
 9.08406330e+01
 7.15757377e+00
 1.75913588e+01
 1.08233187e+02
 1.29129799e+01
 3.76538328e+01
 1.35030216e+02
 1.40918198e+02
 1.05492395e+02
 1.09609578e+02
 9.14982335e+01
 4.00706609e+01
 1.65166692e+02
 8.03586527e+00
 8.01944491e+00
 5.25781229e+00
 2.91617591e+01
 1.15681180e+02
 1.89148435e+02
 2.50183407e+02
 1.32149628e+01
 8.59350423e+01
 7.41105905e+01
 1.82947684e+01
 1.58448498e+01
 1.44525787e+01
 8.30326985e+01
 1.05525834e+01
 1.53989273e+02
 3.00712829e+02
 9.43844835e+01
 1.18805532e+02
 1.58456561e+02
 7.28473373e+01
 4.29796342e+01
 5.36666097e+01
 1.31074984e+02
 8.15495445e+01
 9.75085507e+00
 8.03431505e+01
 1.36949855e+02
 9.54276033e+01
 1.54761089e+02
 3.11298358e+02
 1.67790585e+02
 2.38270255e+02
 2.91727278e+02
 6.60986815e+01
 5.64213621e+01
 1.10150193e+02
 2.58206649e+01
 9.62264523e+01
 2.55084668e+00
 2.66200825e+02
 1.75423290e+02
 1.73951770e+02
 9.53110460e+01
 7.28930761e+01
 1.90587350e+01
 6.96815868e+01
 1.88561341e+02
 3.06758270e+01
 4.41409488e+01
 1.04503335e+02
 1.96730307e+01
 1.95247590e+02
 1.97717376e+02
 1.58784543e+02
 1.68909406e+02
 1.76520268e+02
 1.07620798e+02
 1.08369518e+02
 1.77234455e+01
 6.04291381e+01
 3.37807039e-01
 5.36608001e+01
 1.37305437e+02
 1.10844452e+02
 3.63481545e+02
 7.46390641e+01
 9.87031532e+01
 4.95544435e+01
 1.75303180e+02
 2.03680506e+01
 1.53203725e+01
 3.93293709e+00
 6.45343217e+01
 1.94336206e+01
 6.53429052e+01
 2.71741841e+01
 5.52306194e+01
 1.23164241e+02
 1.17622917e+02
 1.47535720e+02
 1.51573767e+02
 7.21764812e+01
 2.31592672e+01
 3.70342293e+01
 1.34859936e+01
 9.74134813e+01
 4.15559048e+01
 8.46422257e+01
 3.60324803e+02
 3.07737875e+02
 8.20196479e+01
 8.92227169e+01
 4.44929446e+01
 9.11916825e+01
 1.62164645e+02
 6.83108046e+01
 4.29419591e+01
 5.06284449e+01
 5.78741156e+01
 3.91365813e+01
 1.34693568e+02
 1.20641509e+02
 1.15843631e+02
 2.93106886e+01
 8.69381663e+01
 4.84282037e+01
 9.74998615e+01
 8.68954532e+01
 3.17421220e+01
 2.19285390e+01
 2.69056420e+00
 1.44403536e+02
 6.16351326e+01
 3.53404319e+02
 1.77672600e+02
 1.43967470e+02
 9.09992257e+01
 5.91203794e+01
 1.12591145e+02
 1.60189717e+01
 1.04618525e+01
 2.23823811e+01
 7.86072513e+01
 4.15152784e+02
 1.51654880e+02
 2.08026232e+02
 2.74044130e+02
 1.55589311e+02
 5.35695967e+01
 1.33746870e+02
 8.38395083e+01
 1.95015008e+01
 1.22630910e+01
 3.78515914e+01
 1.69081970e+02
 2.53817847e+02
 1.29906385e+02
 3.58983011e+02
 1.09376807e+02
 1.63855392e+01
 1.50261450e+02
 1.09671554e+02
 1.35567749e+02
 2.01499548e+01
 2.70234068e-01
 9.38820854e+00
 2.68784493e+01
 1.05229981e+02
 1.67124758e+01
 4.16234110e+01
 2.54315227e+01
 1.63235724e+02
 2.84229825e+02
 1.76470999e+02
 4.34264503e+00
 3.11633725e+00
 2.68768203e+00
 3.54742667e+01
 5.23755457e+01
 1.43018519e+02
 5.25850016e+01
 1.73797192e+02
 2.02986070e+02
 6.56519183e+01
 4.99519801e+01
 4.12698095e+01
 1.48247694e+02
 4.45406414e+00
 1.43102142e+02
 3.46589509e+02
 3.26221299e+02
 2.56946584e+01
 1.57748626e+02
 9.02107151e+01
 1.23534599e+02
 1.46603087e+02
 1.47811408e+02
 1.78176764e+02
 8.20533913e+01
 4.19799747e+01
 9.36382306e-01
 4.88613384e+01
 6.97589818e+00
 9.52226391e+01
 2.23817246e+02
 1.20907588e+02
 1.32983017e+02
 1.32113370e+02
 2.98319644e+01
 8.67036637e+01
 6.11820430e+01
 1.14370165e+02
 1.32308647e+02
 4.18658505e+01
 7.23130743e+01
 2.55817581e+02
 3.50949402e+02
 6.67307862e+01
 8.20861699e+01
 7.59262214e+01
 1.75629077e+02
 1.84065085e+02
 1.76118867e+02
 3.25305950e+01
 4.61460517e+01
 2.30304399e+01
 1.10183234e+02
 1.57068504e+02
 2.75355137e+02
 7.72515666e+01
 2.55808597e+02
 4.27825022e+01
 2.41620335e+02
 1.43267960e+02
 6.13124123e+01
 3.47131225e+00
 1.29542609e+02
 1.10538579e+02
 5.52425197e+01
 2.79685300e+02
 1.89167652e+02
 1.94875215e+02
 2.17353113e+02
 1.06507737e+02
 8.46765926e+01
 1.03075642e+02
 8.74383361e+00
 8.81539012e+00
 3.22800995e-01
 4.89536478e+01
 2.48879039e+01
 1.10220195e+01
 1.87930967e+01
 1.16418788e+02
 2.87437148e+02
 1.46814179e+02
 7.74766326e+01
 9.67142744e+01
 4.55926153e+00
 1.66198028e+00
 1.65750328e+00
 3.91357896e+01
 7.38946703e+01
 9.97064988e+01
 1.82776770e+02
 2.73713167e+02
 2.05957803e+02
 1.00809451e+02
 1.29900291e+02
 2.43722256e+02
 1.84964767e+02
 5.48537014e+00
 5.93843355e+00
 5.08494867e+01
 2.70926318e+01
 1.86281254e+02
 1.79371802e+02
 9.77457894e+01
 1.43253534e+02
 1.45641429e+02
 1.21996563e+02
 6.12410679e+01
 2.41058834e+01
 2.13652446e+01
 3.92254389e+01
 1.48476216e+00
 2.15234763e+02
 2.26334784e+00
 3.39090129e+01
 1.45138087e+01
 2.29777055e+02
 1.53963626e+02
 1.00322249e+02
 2.35470679e+01
 1.32184743e+02
 1.28028990e+02
 6.21189214e-01
 3.63493598e+01
 9.75257327e+01
 9.22679773e+01
 1.43578270e+02
 1.22058505e+02
 1.16781487e+02
 1.29364044e+02
 5.93408579e+01
 2.57880768e+02
 1.11897521e+02
 3.23491381e+01
 4.76095754e+01
 6.88242619e+01
 3.73063428e+01
 1.26667146e+02
 7.11268679e+01
 1.17761311e+02
 1.00336446e+02
 1.35860404e+02
 1.82141961e+02
 1.28386260e+02
 1.13013039e+02
 1.20193949e+02
 2.68283383e+02
 1.23035952e+02
 1.60775927e+02
 7.90475104e+01
 7.17715960e+01
 2.11562861e+02
 2.30204679e+02
 2.59956953e+02
 2.28336143e+01
 7.97855887e+01
 4.44304468e+01
 9.61029036e+01
 2.41162583e+00
 1.12086447e+02
 6.66385426e+01
 3.14390385e+01
 1.82489750e+02
 4.81563822e+01
 1.44462068e+02
 1.43115912e+02
 1.29746385e+02
 9.09388644e+01
 3.81383269e+01
 3.47098864e+01
 2.14943821e+01
 2.40431223e+00
 1.00054008e+02
 1.68660779e+02
 4.82784798e+01
 2.52094607e+02
 1.52794831e+02
 1.02835195e+02
 1.19696754e+02
 1.20969923e+02
 5.21305060e+01
 4.43025848e+01
 1.40962872e+01
 8.60181718e+00
 7.95807014e+01
 7.37312118e+00
 1.30340393e+02
 2.18791712e+02
 1.35574960e+02
 5.61360545e+01
 6.47695409e+01
 3.48860486e+01
 4.45141718e+01
 3.77612193e+01
 4.51893407e+01
 1.47217261e+02
 1.42568158e+02
 5.99903563e+01
 1.98339581e+02
 3.02421218e+02
 2.81653151e+02
 2.76183354e+02
 1.40828554e+02
 1.73963959e+02
 2.97013928e+01
 2.37432280e+01
 3.70650636e+01
 1.79497698e+01
 5.01776944e+01
 1.71515624e+02
 2.18309392e+02
 2.92491867e+02
 4.11041026e+02
 3.07729723e+02
 1.18320965e+02
 2.13785220e+02
 4.29237379e+01
 5.22427163e+00
 7.37845295e+00
 1.02631724e+02
 8.95913310e+01
 3.15473704e+02
 1.42593090e+02
 1.10521859e+02
 1.43589389e+02
 6.68134169e+01
 1.68445087e+02
 2.05601367e+02
 1.58511955e+02
 5.00996264e+01
 3.53223206e-01
 6.92453320e-01
 5.93281615e+01
 1.76884411e+02
 1.18981608e+02
 7.79924780e+01
 2.63375037e+02
 4.14558265e+01
 1.61379184e+02
 1.05355503e+02
 1.31976836e+02
 4.34945730e+01
 4.61353546e-02
 6.96586179e+01
 1.63809103e+02
 4.06247523e+01
 1.30762615e+02
 2.53891511e+01
 8.57078254e+01
 7.94688168e+01
 1.94066232e+02
 3.09935800e+02
 2.09843904e+00
 3.36309045e+01
 6.88028983e+00
 1.92294407e+01
 1.05297143e+02
 2.05816145e+02
 9.36450959e+01
 3.44727516e+02
 2.96242962e+02
 2.03887606e+02
 2.28571844e+02
 1.36276164e+02
 3.95113048e+01
 3.59525009e+01
 1.42060395e+00
 3.72056367e+00
 1.08790467e+02
 2.42680615e+02
 9.91284039e+01
 2.30720393e+01
 1.49130351e+02
 1.07598946e+02
 1.90499455e+02
 1.20143462e+02
 3.33640046e+01
 4.43681188e-02
 1.54733843e+01
 1.03382016e+01
 3.95338857e+01
 1.14244919e+02
 9.52348297e+01
 1.80435851e+02
 2.01236697e+02
 1.44545264e+01
 1.10856018e+02
 1.37377084e+02
 1.23720056e+02
 8.21244037e+01
 5.61774074e+01
 7.58319547e-02
 2.42836228e+02
 3.06519393e+02
 1.46252196e+02
 4.47212846e+01
 1.35840970e+02
 1.72231647e+02
 1.01756307e+02
 9.71083296e+01
 1.61746756e+02
 6.51428601e+01
 2.70837455e+01
 7.06960138e+01
 7.15484954e+01
 1.92740819e+02
 1.77667960e+02
 2.01687609e+02
 2.05021759e+02
 5.88551186e+01
 8.68455986e+01
 1.03987130e+02
 1.04669372e+02
 7.52601091e-01
 2.06682384e+00
 4.31483134e-01
 8.45872468e+01
 1.14724128e+02
 1.23767453e+02
 3.47636634e+02
 2.07284794e+02
 8.92718616e+01
 1.61260717e+02
 1.66041458e+02
 1.04122531e+02
 2.80583232e+02
 2.31128007e+01
 2.08017520e+01
 1.08428812e+02
 1.07232794e+00
 4.31392972e+01
 3.12856788e+02
 2.06930835e+02
 1.95127392e+02
 2.55619038e+02
 7.07954773e+01
 1.30483325e+01
 3.06595847e-01
 6.34187549e+01
 4.49731222e+01
 1.80399765e+02
 8.28843856e+01
 7.24962262e+01
 1.20496578e+02
 1.60262643e+02
 2.15956609e+01
 1.21568335e+02
 9.88660053e+01
 1.40734105e+02
 1.09309495e+01
 7.45353273e-02
 5.63920620e+00
 5.07135349e+00
 1.82059955e+02
 2.06563907e+02
 2.05115301e+02
 2.59734186e+02
 3.89637692e+02
 5.22569339e+01
 1.33591177e+02
 7.94300145e+01
 1.02478451e+01
 1.03156529e+01
 5.37807727e+01
 2.38302061e+02
 2.93065163e+02
 9.24198272e+01
 9.49307099e+01
 1.82108422e+02
 3.18958829e+01
 8.50689917e+01
 1.04806936e+01
 1.12014254e+02
 6.65417521e+01
 2.37677282e-01
 4.26781901e+01
 1.72199862e+02
 2.07446622e+02
 1.89847039e+02
 3.40094106e+02
 9.21326532e+01
 9.92538923e+01
 1.52257354e+02
 1.64345555e+02
 1.50821981e+02
 3.97834294e+01
 2.04223879e+01
 4.41735862e+01
 5.40791707e+01
 1.29471435e-01
 1.06648873e+02
 9.57311472e+01
 1.01722437e+02
 1.02743856e+01
 1.26783860e+02
 1.98091205e+02
 3.85287115e+01
 5.37982900e+01
 3.37163390e+01
 3.86746151e+01
 1.50492887e+01
 5.25136629e+01
 3.57026805e+02
 1.02837536e+02
 7.95682424e+01
 8.54650074e+01
 1.81407032e+02
 1.46821426e+02
 4.40302769e+01
 5.45042059e-03
 1.09693924e+01
 2.36563725e+01
 1.13316928e+01
 1.57477819e+02
 9.71430873e+01
 1.22697398e+02
 2.35336941e+02
 7.04060328e+01
 1.19451966e+02
 9.21964673e+01
 1.45810232e+02
 2.29692572e+01
 1.25631173e+01
 1.42044488e+01
 8.39284355e+01
 1.59293012e+02
 1.94943439e+02
 3.56859411e+02
 2.70111233e+02
 1.03955201e+02
 5.85831625e+01
 1.50046589e+02
 6.13696142e+01
 0.00000000e+00
 1.82817533e+00
 7.00957364e-01
 4.73754125e+01
 1.90591944e+02
 1.05032491e+02
 2.95420727e+02
 2.05828383e+02
 1.05396109e+02
 2.42114977e+02
 6.21536262e+01
 8.41918597e+01
 1.28616466e+02
 8.51060745e-01
 1.33767284e+01
 8.51641805e+01
 3.74532338e+01
 4.41477973e+01
 1.74752549e+02
 5.60335622e+01
 1.27389417e+02
 3.41957736e+01
 1.63256507e+02
 7.75631054e+01
 1.14687361e+00
 1.04232238e+01
 1.37875977e+02
 2.35589021e+02
 2.27977462e+02
 8.80916597e+01
 9.03119585e+00
 2.02367094e+02
 9.89814310e+01
 1.37029295e+02
 1.41485446e+02
 3.46752326e+01
 1.30634169e+01
 2.17640268e+01
 5.59307877e+01
 3.01373356e+01
 5.27466508e+00
 6.66722159e+01
 1.23110142e+02
 1.30775065e+02
 1.08739212e+02
 1.05145666e+02
 3.86584708e+01
 1.99335285e+01
 8.21318260e+00
 5.02625104e+01
 1.84558894e+01
 1.24415278e+02
 7.90467942e+01
 3.23257997e+01
 1.91106289e+02
 3.90488203e+02
 1.19277660e+02
 3.66945104e+01
 1.01400325e+02
 6.48077324e+01
 5.40172274e+01
 9.71765983e+00
 4.41670334e+01
 1.63980685e+02
 2.14113636e+02
 3.20130807e+02
 2.24213253e+02
 2.08256296e+01
 3.85501102e-11
 1.93525946e+01
 1.27816654e+02
 5.72579154e+01
 1.88462339e+01
 2.21245669e-01
 7.17141019e+01
 1.57019243e+02
 6.60920743e+01
 1.93945074e+01
 1.38442706e+01
 8.79100681e+01
 1.20576740e+02
 4.57077536e+01
 1.66688142e+02
 1.15856093e+02
 8.12359618e+01
 4.39756405e-01
 7.43031946e-01
 5.91613500e+00
 8.23944981e+01
 2.30983622e+02
 1.43278439e+02
 3.08777351e+01
 1.51928941e+02
 2.61959668e+02
 2.24867085e+02
 5.95209215e+01
 8.76531531e+01
 5.26555691e+00
 6.91919991e+00
 5.17245799e+01
 1.65161898e+02
 8.04075866e+01
 7.03614646e+01
 1.65013653e+02
 1.20844484e+02
 2.06048149e+02
 5.73389646e+01
 7.62138151e+00
 2.99428563e+01
 3.05969604e+01
 1.56337346e+01
 1.02821513e+02
 3.72290423e+01
 4.76256620e+02
 1.82983449e+02
 2.22199741e+02
 1.84733149e+02
 6.31654265e+01
 2.88871467e+01
 2.99728694e+01
 1.19028322e+02
 6.97913502e+01
 4.50143733e+01
 1.85245789e+02
 2.79742165e+02
 1.47185938e+02
 1.36430548e+02
 2.04855975e+02
 2.78397650e+02
 1.11455428e+02
 1.52327025e+02
 5.39634769e+01
 1.28941101e+01
 9.03632373e+01
 4.50086974e+01
 1.26454646e+02
 1.83527162e+02
 9.71267457e+01
 9.57749561e+01
 2.83860553e+01
 7.64314603e+01
 2.65185421e+01
 3.02283387e+01
 2.44958772e+02
 1.19991315e+02
 1.79752249e+00
 2.20551740e+01
 1.40535250e+02
 2.18772127e+01
 1.61316755e+02
 7.29410812e+01
 8.87062570e+01
 1.31314724e+01
 1.25979612e+02
 6.94854597e+01
 2.14011480e+02
 4.60838299e+01
 1.73022420e+01
 2.29506003e+01
 4.94016833e+00
 3.16920040e+01
 9.16466815e+01
 2.17824161e+01
 5.74019796e-01
 1.64864129e+01
 8.56619216e+01
 1.45618977e+01
 1.86233197e+02
 1.50095958e+01
 3.39406967e+00
 3.82000793e+01
 5.83640373e+01
 1.49733239e+02
 1.42962069e+01
 1.73793411e+02
 1.73791580e+02
 1.62625375e+02
 6.83859249e+01
 1.99910465e+02
 1.70746085e+02
 1.15924330e+02
 7.91710529e+00
 5.16297881e+01
 1.27956165e+02
 2.04675868e+02
 1.39152327e+02
 7.38135726e+00
 7.11289673e+01
 2.78172516e+01
 3.09463302e+01
 1.31032784e+02
 6.30744033e+01
 8.53820052e+01
 3.02207290e+01
 6.84349602e+00
 1.00279527e+02
 7.40610961e+01
 1.37386702e+02
 2.81488888e+02
 1.27586382e+02
 8.99696664e+01
 2.26733879e+02
 2.17390323e+02
 8.62946555e+01
 8.93352596e+01
 1.03333808e+01
 1.71919200e+00
 9.82780955e+01
 2.76005297e+02
 2.51401058e+02
 3.19527310e+02
 1.00368971e+02
 1.23320398e+02
 8.72347433e+01
 9.06424531e+01
 8.61626638e+01
 9.08158771e+00
 1.53830054e+01
 1.29833281e+01
 2.73179931e+01
 5.34019031e+01
 2.63089702e+02
 2.54388940e+02
 2.65820284e+02
 2.51110560e+02
 4.57685511e+01
 1.07203864e+02
 2.76374511e+01
 3.49326970e+01
 2.21698409e+01
 4.91833763e+01
 1.88237191e+00
 3.23264261e+01
 8.95513870e+01
 1.65587046e+02
 1.19105958e+02
 1.37740394e+02
 6.91083861e+01
 6.94394006e+01
 2.37638484e+01
 5.81805156e-04
 2.11336969e+00
 1.77638854e+01
 7.12590290e+01
 1.45062520e+02
 8.40458628e+01
 8.83337149e+00
 2.55262292e+02
 1.18849289e+02
 9.05746326e+01
 1.63306824e+02
 1.08653327e+02
 1.42411069e+02
 6.61060253e+00
 3.07121018e+00
 1.12784750e+02
 1.79274536e+01
 2.13251201e+02
 1.01563104e+02
 6.87826260e+01
 4.73602579e+01
 1.53587181e+02
 1.16549373e+01
 8.12998529e+00
 5.99208133e+00
 1.14944300e+01
 4.17986952e+01
 3.70549391e+01
 2.17575646e+02
 9.72539327e+01
 8.01228931e+01
 1.07158291e+02
 7.29853546e+01
 8.64571458e+01
 7.53303190e+01
 1.01763069e+02
 5.42270627e-01
 7.31234443e+00
 3.66537295e+00
 1.42487515e+02
 1.17800891e+02
 3.22534310e+02
 2.47800463e+02
 2.28697132e+02
 9.99453076e+01
 8.71203199e+01
 1.70068782e+02
 1.10426465e+02
 7.37317968e+01
 9.22910821e-02
 7.23183348e+01
 7.51976581e+01
 1.16639021e+02
 1.73988721e+02
 5.48740063e+01
 1.57308176e+02
 3.78469613e+02
 7.91988049e+01
 1.28291785e+02
 3.05923296e+01
 9.38364234e+01
 9.63497804e+00
 1.06523458e+01
 5.64814472e+01
 2.18726544e+02
 1.28664491e+02
 7.03727042e+01
 1.18696634e+02
 1.54069097e+02
 1.48210141e+02
 4.83597775e+01
 9.99054218e+01
 9.07482536e+01
 2.22987274e-02
 9.78858978e+00
 6.91460775e+01
 5.69521889e+01
 1.03053794e+02
 2.27174131e+02
 7.38943964e+01
 5.43583101e+01
 1.98813008e+01
 1.38629368e+02
 1.24348424e+02
 5.49890886e+01
 8.45627149e+01
 2.53806958e+01
 3.99521351e+01
 2.60406811e+02
 1.15523551e+02
 2.42104025e+02
 2.45085892e+02
 1.03195120e+02
 1.00801905e+02
 1.85824637e+02
 4.62581560e+01
 9.29830031e+00
 1.67480907e+01
 2.72700769e+01
 1.14141647e+02
 6.08712593e+01
 9.41567766e+01
 2.66126030e+02
 2.32753972e+02
 2.49197610e+02
 3.85653342e+01
 1.19090671e+02
 8.19295747e+01
 6.22778664e+01
 1.34093695e+01
 9.14364178e+01
 1.71778866e+02
 3.46630161e+02
 1.54209644e+02
 5.00209381e+01
 1.31451997e+02
 2.15940855e+02
 2.04467600e+02
 1.42983835e+02
 4.81668910e+01
 2.49072748e+01
 7.70192267e+00
 6.63731195e+01
 2.55999668e+02
 1.65612595e+02
 1.16988864e+00
 5.96343948e+01
 2.16048572e+02
 9.61403984e+01
 6.45033931e+00
 1.18686055e+02
 6.00642643e+01
 5.25965341e+00
 2.09182436e+01
 3.55475096e+00
 1.42210265e+02
 2.87336785e+01
 2.12196231e+02
 1.96374986e+02
 1.84564582e+02
 7.29843601e+01
 1.65233594e+02
 2.24759870e+02
 2.19920082e+02
 1.22448345e+01
 5.70804602e-02
 1.76075883e+00
 2.54447021e+02
 4.75630285e+01
 6.74782663e+01
 1.85406539e+02
 1.06071927e+02
 1.62486696e-01
 5.54880513e+01
 4.27623048e+01
 9.77479331e+01
 5.09529854e+01
 6.10352550e+01
 1.14199995e+01
 6.70114189e+01
 2.96494531e+02
 1.54511006e+02
 1.66088510e+02
 1.03962506e+02
 2.57238272e+02
 6.37820683e+01
 1.10269845e+02
 1.60707264e+00
 1.87005424e+01
 1.06774136e+02
 4.71532266e+01
 3.47043701e+01
 1.46148173e+02
 1.10905281e+02
 2.48887012e+02
 1.49092847e+02
 2.22080255e+02
 5.90493186e+01
 1.52142091e+02
 3.35692953e+01
 1.96254706e+02
 2.53857480e+01
 7.87589722e+01
 1.14284279e+02
 1.31098087e+02
 3.28464913e+02
 5.86379236e+01
 1.88582544e+02
 6.61942051e+01
 1.26758106e+02
 9.80587997e+01
 1.14215766e+02
 1.55463463e+01
 3.81083326e+00
 6.60998452e+01
 6.61226705e+01
 2.62132467e+01
 1.64936247e+02
 1.53068754e+02
 2.45861200e+02
 2.92989877e+01
 3.07254711e+01
 8.46529996e+00
 1.35278147e+01
 2.58304366e+01
 6.69277667e-02
 5.06847504e+01
 0.00000000e+00
 3.40435573e+02
 2.00408445e+02
 2.96535534e+02
 3.22548737e+02
 7.56007781e+01
 8.17719954e+01
 1.30928501e+02
 1.27868840e+02
 0.00000000e+00
 1.14689288e+01
 6.05631795e+01
 1.93874293e+01
 2.17748348e+02
 3.43360200e+01
 1.50855276e+02
 4.13105226e+02
 1.31755240e+02
 1.80918080e+02
 1.63978724e+02
 3.13548312e+01
 3.44022939e+01
 1.36068970e+00
 1.23660225e+01
 1.49080563e+01
 1.07570023e+02
 4.38836334e+02
 1.60278594e+02
 2.47404449e+02
 2.38720057e+02
 1.58403602e+02
 5.26753753e+01
 1.71743886e+02
 1.09585430e+01
 1.29238315e+01
 1.01149011e+01
 6.55683727e+01
 2.63780853e+02
 2.40521430e+01
 1.58501607e+02
 2.04968732e+02
 1.55883511e+02
 1.76856348e+02
 2.23650492e+02
 1.12148545e+02
 4.82611269e+00
 1.30103366e+00
 3.45148055e+01
 5.44893365e+01
 1.82772395e+02
 4.05733164e+02
 2.37294990e+02
 5.86717254e+01
 1.58038911e+02
 6.44075722e+01
 1.63767141e+02
 1.29373987e+01
 8.91174726e+01
 2.20220274e+01
 1.70896084e+00
 1.53799087e+02
 1.28589162e+02
 2.02496280e+02
 1.74962083e+02
 1.09575912e+01
 1.26935012e+02
 1.87908381e+01
 4.30400125e+01
 8.44588930e+01
 4.20675383e+00
 7.26843229e+01
 6.22554963e+01
 2.38835316e+01
 9.71251563e+00
 2.44002109e+02
 1.39439347e+02
 1.37259009e+02
 1.41280948e+02
 3.36894091e+01
 1.32813222e+02
 6.02215270e+01
 8.15634544e+00
 8.56515461e-01
 8.96161931e-02
 3.45106004e+01
 2.05743708e+02
 1.32147047e+02
 1.05012749e+02
 9.36241615e+01
 2.95661794e+02
 4.11323007e+01
 3.41549898e+01
 2.88833146e+02
 4.15597851e+01
 8.98579057e+01
 9.31160638e+00
 6.70399625e+00
 5.37121265e+01
 2.24384556e+01
 1.00065915e+02
 4.56921799e+02
 2.02203077e+02
 1.94509504e+02
 2.23393855e+01
 8.89617047e+01
 4.67581152e+01
 2.43294227e+00
 4.79274332e+00
 1.14229380e+02
 4.34347990e+01
 4.94367302e+02
 1.63058605e+02
 7.02559910e+01
 7.32140089e+01
 1.36924060e+02
 8.23179942e+01
 1.56381506e+02
 1.74002526e+01
 1.28727780e+01
 4.59926427e+01
 2.03215154e+01
 8.87710154e+01
 1.66192275e+02
 1.26447264e+02
 9.02863477e+01
 1.26836567e+01
 3.53251354e+01
 3.66998542e+01
 4.57228665e+01
 5.88471178e+01
 1.59869667e+01
 1.41339129e+00
 2.74108859e+02
 1.27396268e+02
 9.64652281e+01
 1.46836340e+02
