 2.26995239e+00
 2.33214722e+00
 7.83101807e+00
 1.11114136e+01
 1.77294861e+01
 2.16390320e+01
 2.85558716e+01
 2.57789551e+01
 2.13890320e+01
 1.66161133e+01
 8.30355225e+00
 8.56530151e+00
 4.64821777e+00
 4.58162842e+00
 8.50673828e+00
 1.08705688e+01
 1.75145813e+01
 2.56731812e+01
 2.89142090e+01
 2.60894104e+01
 1.94856201e+01
 1.32635742e+01
 1.03569885e+01
 6.36602173e+00
 8.14324951e-01
 2.14241943e+00
 4.76513062e+00
 1.32416321e+01
 1.82225891e+01
 2.36935974e+01
 2.84534546e+01
 2.65920654e+01
 1.63951050e+01
 1.47462097e+01
 8.44649658e+00
 6.03508911e+00
 4.66030273e+00
 6.63106689e+00
 7.81926880e+00
 1.29904419e+01
 1.71483704e+01
 2.19960876e+01
 2.40879456e+01
 2.39512878e+01
 1.82903381e+01
 1.22154480e+01
 6.93447266e+00
 8.32042847e+00
 4.00118408e+00
 2.81551514e+00
 8.08178101e+00
 1.23223816e+01
 1.68726746e+01
 2.16103760e+01
 2.60474182e+01
 2.68936096e+01
 2.08250061e+01
 1.27990662e+01
 1.03965088e+01
 6.25777588e+00
 4.88158569e+00
 3.81743774e+00
 7.45568237e+00
 1.26432129e+01
 1.83298889e+01
 2.21613403e+01
 2.62218872e+01
 2.39953857e+01
 1.95425659e+01
 1.45723206e+01
 9.30211792e+00
 5.41558228e+00
 3.17769775e+00
 6.65715942e+00
 8.62716064e+00
 1.33839355e+01
 1.54099670e+01
 2.28281494e+01
 2.42319275e+01
 2.49319702e+01
 1.94648071e+01
 1.38634277e+01
 1.01007324e+01
 5.04345093e+00
 4.51281128e+00
 5.18529663e+00
 6.95317993e+00
 1.28468872e+01
 1.83618713e+01
 2.30672546e+01
 2.62313477e+01
 2.50880371e+01
 1.97995544e+01
 1.36469971e+01
 1.00842834e+01
 6.83876953e+00
 4.60912476e+00
 5.04473267e+00
 9.57650146e+00
 1.17725159e+01
 1.55954529e+01
 2.17058350e+01
 2.61907288e+01
 2.65723816e+01
 1.99607178e+01
 1.28743225e+01
 9.41329346e+00
 2.17092285e+00
 3.26983032e+00
 3.88652954e+00
 6.92217407e+00
 1.16936584e+01
 1.59468933e+01
 2.27997070e+01
 2.48830200e+01
 2.32480713e+01
 2.05336548e+01
 1.53218018e+01
 5.94579468e+00
 6.45507202e+00
 3.09667358e+00
 7.25023804e+00
 8.95427856e+00
 1.30200439e+01
 1.72085815e+01
 2.45081726e+01
 2.75256592e+01
 2.40113770e+01
 2.17313171e+01
 1.53096558e+01
 7.66341553e+00
 4.56875000e+00
 6.84313354e+00
 9.01079712e+00
 1.06256042e+01
 1.23903442e+01
 1.77710815e+01
 2.19888855e+01
 2.58722778e+01
 2.45031982e+01
 1.99494568e+01
 1.39638000e+01
 7.44820557e+00
 3.13851318e+00
 2.08669434e+00
 3.87255249e+00
 5.52431641e+00
 1.67231995e+01
 1.82446228e+01
 2.35646912e+01
 2.67800842e+01
 2.63109375e+01
 2.26227356e+01
 1.46140991e+01
 1.07686096e+01
 3.76421509e+00
 -4.21262207e+00
 3.98980103e+00
 9.65783081e+00
 1.33505188e+01
 1.87900940e+01
 2.13084351e+01
 2.54152771e+01
 2.63801514e+01
 2.04824463e+01
 1.42484985e+01
 1.09492432e+01
 7.66854248e+00
 3.74361572e+00
 7.28252563e+00
 1.04390503e+01
 1.14546753e+01
 2.08802429e+01
 2.37107178e+01
 2.65223633e+01
 2.96011902e+01
 1.94799744e+01
 1.64865356e+01
 1.22908569e+01
 8.26003418e+00
 4.89882813e+00
 6.71108398e+00
 6.87676392e+00
 1.42053772e+01
 1.77265564e+01
 2.28400208e+01
 2.74664551e+01
 2.61007935e+01
 2.25678955e+01
 9.90984497e+00
 3.48552856e+00
 7.51245117e-01
 7.03380737e+00
 5.46105957e-01
 7.75194702e+00
 1.08469177e+01
 1.68745361e+01
 2.40011230e+01
 2.70446411e+01
 2.68103271e+01
 1.94876648e+01
 1.21767212e+01
 8.43233643e+00
 5.96239624e+00
 6.17299805e+00
 6.49620972e+00
 6.91658936e+00
 1.30653015e+01
 1.90418640e+01
 2.21912170e+01
 2.57813049e+01
 2.61870056e+01
 2.05901123e+01
 1.61389099e+01
 9.55989990e+00
 3.45614014e+00
 7.91805420e+00
 1.12911377e+00
 8.50026855e+00
 1.27225891e+01
 1.80751282e+01
 2.16689392e+01
 2.31491638e+01
 2.53896118e+01
 2.06541077e+01
 1.16812378e+01
 1.18742920e+01
 6.25646362e+00
 3.54454956e+00
 5.73949585e+00
 9.25313721e+00
 1.13978210e+01
 1.62046448e+01
 2.44217163e+01
 2.63032166e+01
 2.76335388e+01
 2.19121948e+01
 1.66796204e+01
 1.18867737e+01
 5.86828003e+00
 5.33776245e+00
 7.62212524e+00
 1.14704224e+01
 1.18546997e+01
 1.80624023e+01
 2.19986816e+01
 2.69753357e+01
 2.59250427e+01
 1.77000977e+01
 1.30366150e+01
 6.44048462e+00
 2.66564941e-01
 7.35073242e+00
 4.11651001e+00
 8.62847290e+00
 1.11927734e+01
 1.61978699e+01
 2.23060242e+01
 2.63130127e+01
 2.79774719e+01
 1.86965576e+01
 1.26080261e+01
 9.47902832e+00
 1.47081909e+00
 5.21001587e+00
 3.80727539e+00
 7.02547607e+00
 1.03378540e+01
 1.58776794e+01
 2.39640747e+01
 2.86028992e+01
 2.66335083e+01
 2.01211182e+01
 1.26125427e+01
 9.92504272e+00
 3.59285889e+00
 5.31274414e-01
 4.93453369e+00
 4.52572021e+00
 1.20505615e+01
 1.63128296e+01
 2.13090759e+01
 2.47720276e+01
 2.51396423e+01
 1.97905823e+01
 1.44432617e+01
 1.18893372e+01
 6.81585083e+00
 5.51992188e+00
 6.94155273e+00
 6.17714844e+00
 1.34843079e+01
 1.92498413e+01
 2.29055725e+01
 2.65806213e+01
 2.63044067e+01
 1.98989502e+01
 1.54428040e+01
 1.03912598e+01
 9.30697021e+00
 6.66579590e+00
 5.17339478e+00
 9.51485596e+00
 1.31416260e+01
 1.83017822e+01
 2.41624695e+01
 2.67146851e+01
 2.45187622e+01
 1.67099854e+01
 1.19185425e+01
 1.09397827e+01
 4.36101685e+00
 4.70430908e+00
 9.42470703e+00
 9.78148804e+00
 1.39578796e+01
 1.97346130e+01
 2.50219360e+01
 2.75528809e+01
 2.93752075e+01
 2.20978333e+01
 1.24744812e+01
 1.08982483e+01
 7.15984497e+00
 4.24001465e+00
 1.56939087e+00
 6.02065430e+00
 1.45986267e+01
 1.82226807e+01
 2.65007263e+01
 2.98373657e+01
 2.87315002e+01
 2.15240417e+01
 1.43132568e+01
 7.67705688e+00
 2.66698608e+00
 4.54268799e+00
 6.96242676e+00
 1.02516418e+01
 1.19524475e+01
 1.84642883e+01
 2.30331665e+01
 2.79997192e+01
 2.71167847e+01
 1.85003906e+01
 1.04457642e+01
 1.23295532e+01
 7.71773682e+00
 4.67577515e+00
 4.82857666e+00
 7.46077881e+00
 1.32571350e+01
 1.81731201e+01
 2.34690491e+01
 2.78171326e+01
 2.55738159e+01
 2.22657410e+01
 1.38763672e+01
 1.06257568e+01
 1.32189331e+00
 1.91066895e+00
 6.64147339e+00
 7.74816284e+00
 1.33449951e+01
 1.89298950e+01
 2.53955322e+01
 2.83298889e+01
 2.72669617e+01
 2.31201111e+01
 1.34652954e+01
 6.92366943e+00
 3.26305542e+00
 1.64867554e+00
 7.57219849e+00
 9.48024902e+00
 1.35782715e+01
 1.82494446e+01
 2.27665955e+01
 2.61256042e+01
 2.90458923e+01
 1.83406616e+01
 1.35644775e+01
 1.23156372e+01
 8.60802612e+00
 3.89385376e+00
 4.56154785e+00
 8.97216187e+00
 1.23469177e+01
 1.70964905e+01
 2.12619263e+01
 2.87184387e+01
 2.77327820e+01
 2.23105103e+01
 1.84945313e+01
 1.00845581e+01
 2.81075439e+00
 6.96019897e+00
 6.14150391e+00
 1.03096558e+01
 9.90181885e+00
 1.72347961e+01
 1.99416138e+01
 2.61957642e+01
 2.53510681e+01
 2.11830994e+01
 1.37962585e+01
 6.37859497e+00
 5.23769531e+00
 7.97338257e+00
 2.60689697e+00
 7.89696655e+00
 1.12224365e+01
 1.84396912e+01
 2.50563904e+01
 2.92465149e+01
 2.69067932e+01
 1.99843079e+01
 1.43726440e+01
 6.83507690e+00
 1.49538574e+00
 7.20671997e+00
 6.88842163e+00
 7.01036987e+00
 1.19235168e+01
 1.79623657e+01
 2.28799072e+01
 2.73162476e+01
 2.95586487e+01
 2.05572144e+01
 1.67687927e+01
 1.10620972e+01
 4.75338135e+00
 2.80709229e+00
 5.63817749e+00
 1.07848755e+01
 1.34462524e+01
 2.04549805e+01
 2.30153442e+01
 2.89123169e+01
 2.86562134e+01
 2.35608765e+01
 1.56247498e+01
 1.00060974e+01
 3.32817993e+00
 6.06020508e+00
 6.34890137e+00
 8.96361694e+00
 1.07743469e+01
 1.52140137e+01
 2.41364380e+01
 2.70944153e+01
 2.69626099e+01
 2.13918701e+01
 1.74462219e+01
 1.14228455e+01
 4.78066406e+00
 5.02803955e+00
 4.64718018e+00
 9.88848267e+00
 1.36885620e+01
 1.60529724e+01
 2.34390198e+01
 2.67179810e+01
 2.72938477e+01
 2.19215637e+01
 1.83591858e+01
 1.09170166e+01
 8.65374146e+00
 8.26604614e+00
 7.19936523e+00
 8.70968018e+00
 1.40904480e+01
 1.99036804e+01
 2.31692139e+01
 2.54895264e+01
 2.93480774e+01
 2.27933289e+01
 1.36549316e+01
 5.66930542e+00
 2.00905762e+00
 5.92604980e+00
 5.31350098e+00
 1.05848328e+01
 1.44291321e+01
 2.25234619e+01
 2.43258911e+01
 3.07953125e+01
 2.74273010e+01
 2.31186768e+01
 1.71437012e+01
 8.88762817e+00
 6.26925049e+00
 5.08037720e+00
 6.11684570e+00
 7.03835449e+00
 1.28664795e+01
 1.62777344e+01
 2.06737915e+01
 2.83693176e+01
 2.88016296e+01
 1.95189148e+01
 1.53596741e+01
 1.05747314e+01
 6.61232910e+00
 5.59588013e+00
 7.32674561e+00
 8.05837402e+00
 1.29273926e+01
 1.79124084e+01
 2.38896118e+01
 2.87680603e+01
 2.52907043e+01
 2.05946899e+01
 1.41987549e+01
 9.90746460e+00
 7.96557007e+00
 7.70070801e+00
 4.71105347e+00
 8.01326904e+00
 1.19600769e+01
 1.76925293e+01
 2.54158569e+01
 2.71520020e+01
 2.73192688e+01
 1.92086121e+01
 1.73012634e+01
 6.17830811e+00
 4.10280762e+00
 5.51427612e+00
 5.61687622e+00
 8.04561768e+00
 1.28901611e+01
 1.79792419e+01
 2.25314880e+01
 2.65252319e+01
 2.75149475e+01
 2.48602234e+01
 1.26449219e+01
 9.52111206e+00
 6.36879883e+00
 3.56719360e+00
 8.46520386e+00
 1.07362000e+01
 1.54068848e+01
 2.04220825e+01
 2.52292419e+01
 2.99138733e+01
 2.84221741e+01
 2.27512451e+01
 1.72779175e+01
 1.04332825e+01
 4.79732666e+00
 2.97350464e+00
 7.99907837e+00
 1.04085938e+01
 1.16198669e+01
 1.54071594e+01
 2.31164185e+01
 2.70920044e+01
 2.79163452e+01
 2.14566895e+01
 1.56233765e+01
 1.04475342e+01
 1.02208191e+01
 6.84603271e+00
 7.48061523e+00
 9.52398071e+00
 1.32624756e+01
 1.85411926e+01
 2.57791992e+01
 2.86562134e+01
 2.69723145e+01
 2.48722168e+01
 1.56787659e+01
 1.21859985e+01
 7.60906372e+00
 5.58626709e+00
 6.46804199e+00
 9.65648804e+00
 1.12104431e+01
 1.60994507e+01
 2.22960754e+01
 2.73734375e+01
 2.62316528e+01
 2.10707336e+01
 1.36250244e+01
 1.22847534e+01
 4.50994263e+00
 5.51772461e+00
 8.07860718e+00
 8.87774048e+00
 1.58922363e+01
 1.80436340e+01
 2.52596985e+01
 2.69437500e+01
 2.96797424e+01
 2.45568176e+01
 1.70161987e+01
 7.58007202e+00
 5.37246094e+00
 6.87392578e+00
 7.81170044e+00
 7.89995728e+00
 1.58550659e+01
 1.88828369e+01
 2.81335083e+01
 2.87697083e+01
 2.76410461e+01
 2.14877869e+01
 1.65916077e+01
 9.99694214e+00
 8.01619873e+00
 5.37239990e+00
 3.89620361e+00
 8.05065308e+00
 1.22437988e+01
 1.82941223e+01
 2.54095703e+01
 3.00945068e+01
 2.96143127e+01
 2.27496582e+01
 1.63238770e+01
 1.06805969e+01
 5.75176392e+00
 5.28731689e+00
 5.37673340e+00
 7.95421753e+00
 1.17795349e+01
 2.15815674e+01
 2.51440369e+01
 2.90844666e+01
 2.67770020e+01
 2.14286438e+01
 1.31423279e+01
 8.13839111e+00
 5.54186401e+00
 1.50585327e+00
 6.82338867e+00
 9.47582397e+00
 1.30078369e+01
 1.88923279e+01
 2.30468994e+01
 2.75352722e+01
 2.54188782e+01
 2.31850220e+01
 1.77704407e+01
 1.26103149e+01
 7.23049316e+00
 1.00031982e+01
 7.05770264e+00
 1.10630737e+01
 1.43815857e+01
 1.88127991e+01
 2.34971252e+01
 2.84480225e+01
 2.79296814e+01
 2.00019165e+01
 1.41695190e+01
 8.15465698e+00
 4.66268311e+00
 8.13390503e+00
 7.98006592e+00
 9.59694824e+00
 1.50794312e+01
 2.24810120e+01
 2.57122437e+01
 3.12696472e+01
 3.02201782e+01
 2.54771362e+01
 1.69649292e+01
 9.52352295e+00
 5.04869995e+00
 6.03240356e+00
 5.88533936e+00
 7.24575195e+00
 1.59699341e+01
 1.95039612e+01
 2.46520020e+01
 2.95026794e+01
 2.85514771e+01
 2.25978333e+01
 1.46314636e+01
 1.20370117e+01
 1.03060242e+01
 5.37728271e+00
 4.30037842e+00
 8.09639893e+00
 1.32699219e+01
 1.98929688e+01
 2.52730042e+01
 2.93810059e+01
 2.95827881e+01
 2.31125732e+01
 1.49309631e+01
 8.10326538e+00
 8.39293823e+00
 9.30648193e+00
 5.54064331e+00
 1.21482483e+01
 1.32485901e+01
 1.83293701e+01
 2.42151428e+01
 2.81223083e+01
 2.95212646e+01
 2.35867554e+01
 1.69286743e+01
 9.59322510e+00
 4.69741211e+00
 5.33931885e+00
 7.64779053e+00
 9.27514038e+00
 1.36725708e+01
 1.69126831e+01
 2.62333923e+01
 3.00271545e+01
 2.55760132e+01
 2.37494141e+01
 1.52667480e+01
 9.79293213e+00
 7.32323608e+00
 4.39772949e+00
 7.68807373e+00
 1.03258301e+01
 1.28287292e+01
 1.99950500e+01
 2.32906738e+01
 2.84304443e+01
 2.82699524e+01
 2.21615845e+01
 1.39451843e+01
 1.12314392e+01
 8.10021362e+00
 7.20372925e+00
 4.44835815e+00
 9.39907227e+00
 1.52700134e+01
 1.90255066e+01
 2.42534729e+01
 2.77246948e+01
 2.76458069e+01
 2.14788147e+01
 1.61884705e+01
 7.91271362e+00
 5.05913696e+00
 -2.13568115e-01
 6.87191162e+00
 6.95681152e+00
 1.36401917e+01
 1.94999329e+01
 2.45563293e+01
 2.94974915e+01
 2.88732849e+01
 2.19776550e+01
 1.97560974e+01
 1.00352722e+01
 1.12961670e+01
 8.47713623e+00
 6.55666504e+00
 1.23832642e+01
 1.37152039e+01
 1.85585876e+01
 2.28543030e+01
 2.97666260e+01
 2.77465759e+01
 2.34622131e+01
 1.52296082e+01
 1.05087830e+01
 6.13567505e+00
 2.38039551e+00
 6.66729126e+00
 8.42110596e+00
 1.46970764e+01
 2.07052551e+01
 2.48610168e+01
 2.96446777e+01
 2.84154297e+01
 2.13043152e+01
 1.73243042e+01
 1.20394836e+01
 7.72466431e+00
 4.25850830e+00
 4.50280151e+00
 1.17108093e+01
 1.63449951e+01
 1.78206116e+01
 2.49081665e+01
 2.89419800e+01
 2.79133850e+01
 2.33059021e+01
 1.65252014e+01
 1.02738892e+01
 9.70379028e+00
 8.18740234e+00
 7.44713745e+00
 1.04356628e+01
 1.38946167e+01
 1.71702209e+01
 2.38125854e+01
 2.84410034e+01
 2.90790039e+01
 2.10251404e+01
 1.59995056e+01
 1.10853516e+01
 8.08229980e+00
 1.11279236e+01
 7.20592651e+00
 1.09607788e+01
 1.57716919e+01
 2.15801941e+01
 2.77017761e+01
 2.94827209e+01
 2.77032715e+01
 2.03191772e+01
 1.59893433e+01
 1.11848694e+01
 8.54396973e+00
 5.72826538e+00
 1.00483948e+01
 9.17174683e+00
 1.08146912e+01
 1.98633362e+01
 2.70708252e+01
 2.98359619e+01
 2.97157837e+01
 2.30893799e+01
 1.49934326e+01
 1.03881775e+01
 7.75472412e+00
 5.04891357e+00
 7.16466675e+00
 7.13607178e+00
 1.35461365e+01
 2.04137512e+01
 2.50331055e+01
 3.02302795e+01
 3.04985291e+01
 2.28642822e+01
 1.73332458e+01
 9.55947266e+00
 3.32302246e+00
 6.59166870e+00
 6.93203125e+00
 9.05483398e+00
 1.38605591e+01
 1.90777832e+01
 2.52287842e+01
 2.71362549e+01
 2.90804382e+01
 2.59313599e+01
 1.92952209e+01
 1.12850586e+01
 7.00008545e+00
 5.65917358e+00
 7.59539185e+00
 9.04412231e+00
 1.37482544e+01
 2.01682983e+01
 2.40362488e+01
 3.14273010e+01
 3.06727234e+01
 2.15772949e+01
 1.76904846e+01
 1.00426880e+01
 6.09520874e+00
 3.64486084e+00
 5.89428101e+00
 9.94216309e+00
 1.45515991e+01
 1.83188110e+01
 2.47494751e+01
 2.94082275e+01
 2.81790405e+01
 2.07346130e+01
 1.76404968e+01
 1.10318848e+01
 1.01231018e+01
 7.60546265e+00
 9.00011597e+00
 5.88817749e+00
 1.28296753e+01
 2.01927734e+01
 2.69116455e+01
 2.71274048e+01
 2.86283508e+01
 2.41109253e+01
 1.56704651e+01
 1.13178955e+01
 6.76009521e+00
 2.77596436e+00
 4.31969604e+00
 9.77245483e+00
 1.75792480e+01
 1.99867798e+01
 2.54620911e+01
 3.09180237e+01
 2.93749023e+01
 2.55884644e+01
 1.85315796e+01
 1.36050659e+01
 1.17049194e+01
 6.16332397e+00
 4.37008057e+00
 1.03392578e+01
 1.46971680e+01
 1.83808838e+01
 2.62194458e+01
 3.28120056e+01
 3.05959412e+01
 2.58325745e+01
 1.57383057e+01
 8.69158325e+00
 6.97219238e+00
 8.32525024e+00
 7.27761230e+00
 1.04167419e+01
 1.18723083e+01
 1.83132568e+01
 2.46211792e+01
 3.07307373e+01
 3.05983521e+01
 2.14130798e+01
 1.44229370e+01
 7.69170532e+00
 3.95522461e+00
 7.98330078e+00
 8.24468384e+00
 8.29570923e+00
 1.43932739e+01
 1.95898987e+01
 2.41946960e+01
 3.27188354e+01
 3.08385254e+01
 2.41619812e+01
 1.60389038e+01
 1.07366882e+01
 6.36760864e+00
 6.06817017e+00
 7.86773071e+00
 9.80339966e+00
 1.28567444e+01
 1.67128540e+01
 2.66157471e+01
 3.20442749e+01
 3.24814392e+01
 2.57957397e+01
 1.57846619e+01
 9.94936523e+00
 6.13912354e+00
 7.01299438e+00
 6.14138184e+00
 8.62224731e+00
 1.31518799e+01
 1.82474609e+01
 2.54026123e+01
 3.16802612e+01
 2.91679626e+01
 2.66892029e+01
 1.29016968e+01
 7.75026855e+00
 5.82070313e+00
 4.35366211e+00
 7.75383911e+00
 9.96184692e+00
 1.56452881e+01
 2.03648621e+01
 2.70175720e+01
 3.25349060e+01
 3.12983948e+01
 2.34215027e+01
 1.80513550e+01
 1.02788940e+01
 5.66390381e+00
 7.29400024e+00
 3.43132935e+00
 1.15377441e+01
 1.43119751e+01
 2.12098633e+01
 2.77377563e+01
 3.48881165e+01
 3.20366455e+01
 2.24514404e+01
 1.76500183e+01
 1.23354126e+01
 1.83303223e+00
 5.07802734e+00
 5.10064087e+00
 1.01599670e+01
 1.40663696e+01
 1.95717102e+01
 2.50917603e+01
 3.14164978e+01
 2.96740662e+01
 2.52381226e+01
 1.52303101e+01
 1.12376953e+01
 8.10158691e+00
 8.01400146e+00
 4.98101196e+00
 9.59810791e+00
 1.23221375e+01
 1.80676208e+01
 2.54059387e+01
 3.11814819e+01
 2.89016357e+01
 2.50815063e+01
 1.52726990e+01
 1.24906860e+01
 1.02908875e+01
 8.51491699e+00
 7.27196655e+00
 8.51561890e+00
 1.36169678e+01
 2.01460205e+01
 2.72983948e+01
 3.04113098e+01
 2.95441223e+01
 2.52514587e+01
 1.92553040e+01
 1.17280518e+01
 6.18819580e+00
 9.93358765e+00
 7.13607178e+00
 8.96999512e+00
 1.45573059e+01
 2.24306580e+01
 2.43053833e+01
 3.23919617e+01
 3.27847839e+01
 2.20475098e+01
 1.78028809e+01
 8.74248657e+00
 6.80083618e+00
 7.47939453e+00
 9.25426636e+00
 9.23064575e+00
 1.27790466e+01
 1.70072571e+01
 2.32491699e+01
 2.76328064e+01
 2.97411743e+01
 2.31997620e+01
 1.54381042e+01
 1.38491150e+01
 1.08088928e+01
 6.84575806e+00
 1.04933411e+01
 8.71560059e+00
 1.64774719e+01
 1.96655518e+01
 2.45548340e+01
 2.72714478e+01
 2.90185791e+01
 2.33006226e+01
 1.53266235e+01
 9.77694092e+00
 6.36281738e+00
 4.93804321e+00
 7.11284790e+00
 9.50759277e+00
 1.58298889e+01
 1.91807495e+01
 2.26641785e+01
 2.95772949e+01
 2.74298950e+01
 2.22536255e+01
 1.79123779e+01
 1.06836182e+01
 9.56224976e+00
 8.31130371e+00
 6.36492310e+00
 7.02346191e+00
 1.48089539e+01
 2.25859314e+01
 2.96919800e+01
 3.18451477e+01
 2.96360107e+01
 2.56184326e+01
 1.49082581e+01
 9.01278076e+00
 8.17785034e+00
 6.53588257e+00
 5.52834473e+00
 8.45543823e+00
 1.50479065e+01
 2.13171631e+01
 2.72082153e+01
 3.23947388e+01
 3.10347839e+01
 2.50254456e+01
 1.67449585e+01
 1.14915710e+01
 9.29403076e+00
 6.75304565e+00
 8.21889648e+00
 1.01328674e+01
 1.79715515e+01
 1.89637390e+01
 2.58351990e+01
 3.14892212e+01
 3.27683044e+01
 2.21000000e+01
 1.96342712e+01
 1.06422974e+01
 9.96642456e+00
 6.59652100e+00
 1.12570740e+01
 1.02623840e+01
 1.32890564e+01
 1.96816040e+01
 2.68077942e+01
 3.09637085e+01
 3.18853699e+01
 2.33518311e+01
 2.02511230e+01
 1.11446472e+01
 8.91127930e+00
 2.54604492e+00
 8.11779175e+00
 1.22113586e+01
 1.38182922e+01
 1.98354431e+01
 2.61055237e+01
 3.03987976e+01
 2.96519104e+01
 2.48681580e+01
 1.75303589e+01
 1.52142578e+01
 4.15838013e+00
 6.63497314e+00
 7.72011719e+00
 1.16064392e+01
 1.24739319e+01
 1.82900635e+01
 2.50211426e+01
 3.03424011e+01
 3.09066101e+01
 2.43091370e+01
 1.84041687e+01
 8.63750610e+00
 5.77874146e+00
 5.27425537e+00
 7.35289917e+00
 8.64583740e+00
 1.27685486e+01
 2.11376282e+01
 2.64455811e+01
 3.19666382e+01
 2.92144104e+01
 2.45724731e+01
 2.04831482e+01
 1.14345032e+01
 9.79180298e+00
 6.65813599e+00
 8.09957275e+00
 8.79406128e+00
 1.82527405e+01
 2.16187683e+01
 2.65707336e+01
 3.54215942e+01
 3.07924438e+01
 2.58502136e+01
 1.95143066e+01
 1.18291260e+01
 7.93752441e+00
 8.03957520e+00
 9.71026001e+00
 1.26345459e+01
 1.37024170e+01
 1.80613953e+01
 2.71392456e+01
 2.96264282e+01
 3.00640198e+01
 2.50201965e+01
 1.57646118e+01
 1.05329224e+01
 1.09090210e+01
 8.99077759e+00
 7.65877686e+00
 8.03399048e+00
 1.49648376e+01
 1.96637512e+01
 2.69240967e+01
 3.23604065e+01
 2.85076233e+01
 2.53414856e+01
 1.75419250e+01
 1.00774170e+01
 7.18428955e+00
 8.79677734e+00
 9.37462769e+00
 7.91881714e+00
 1.58443542e+01
 1.90759521e+01
 2.63037964e+01
 3.19497009e+01
 3.08428894e+01
 2.53620850e+01
 1.93842407e+01
 1.55281006e+01
 6.12438354e+00
