 -1.81076660e+00
 1.32921753e+00
 3.44606934e+00
 7.65523682e+00
 1.22748962e+01
 1.60372864e+01
 1.96715027e+01
 2.03618713e+01
 1.57587524e+01
 1.04034363e+01
 5.99111328e+00
 -9.60211182e-01
 -7.60595703e-01
 4.72020874e+00
 4.73842773e+00
 9.30886230e+00
 1.30904785e+01
 2.11961304e+01
 2.55375000e+01
 2.30635010e+01
 1.53989807e+01
 1.01852661e+01
 5.78807983e+00
 5.43489990e+00
 3.63057861e+00
 5.80675659e+00
 5.82485352e+00
 9.78377686e+00
 1.19643494e+01
 2.05349670e+01
 2.14418579e+01
 2.08434998e+01
 1.67884460e+01
 1.06860901e+01
 2.62938843e+00
 3.91372070e+00
 4.25115356e+00
 3.75298462e+00
 5.14507446e+00
 8.12725220e+00
 1.21164490e+01
 1.74059082e+01
 2.26623779e+01
 2.17744080e+01
 1.57260376e+01
 8.97945557e+00
 4.69506226e+00
 -1.13867187e-01
 1.98159180e+00
 2.37420044e+00
 7.34340820e+00
 8.91793213e+00
 1.31552368e+01
 1.69037415e+01
 2.13743530e+01
 2.05858398e+01
 1.64553162e+01
 1.12995239e+01
 4.98250732e+00
 2.36763916e+00
 1.47640381e+00
 3.35286865e+00
 5.63396606e+00
 8.53554688e+00
 1.18460938e+01
 1.57140747e+01
 2.09012085e+01
 2.07169739e+01
 1.57598816e+01
 9.14608154e+00
 1.05859375e-01
 2.54427490e+00
 4.32689819e+00
 -7.74511719e-01
 5.51433716e+00
 1.07551208e+01
 1.29791199e+01
 1.59894958e+01
 1.71792236e+01
 1.76485535e+01
 1.26572205e+01
 7.11174927e+00
 6.40081177e+00
 3.06414185e+00
 1.20153198e+00
 3.14187012e+00
 6.33712158e+00
 8.02733765e+00
 1.12043396e+01
 1.98247009e+01
 2.19746338e+01
 2.31119934e+01
 1.57329346e+01
 1.05203491e+01
 2.80013428e+00
 -2.62042847e+00
 -3.80728760e+00
 -3.61618652e+00
 -1.40775146e+00
 7.74559937e+00
 9.64330444e+00
 1.57137390e+01
 2.35356384e+01
 2.10677734e+01
 1.53718201e+01
 1.06098877e+01
 1.81133423e+00
 3.92419434e-01
 2.20037231e+00
 8.57482910e-02
 6.47371826e+00
 6.79656372e+00
 1.01077820e+01
 1.49763428e+01
 2.34041992e+01
 2.28197571e+01
 1.73336426e+01
 1.04172913e+01
 7.46962891e+00
 2.72524414e+00
 2.72579346e+00
 5.32067871e-01
 7.50209961e+00
 8.92546997e+00
 1.23308655e+01
 1.99513184e+01
 2.45223022e+01
 2.49843384e+01
 1.45804688e+01
 9.46514282e+00
 6.36342773e+00
 5.16564331e+00
 1.55950317e+00
 3.78447876e+00
 4.21614990e+00
 9.04073486e+00
 1.30819031e+01
 1.60161682e+01
 2.14193359e+01
 2.06228271e+01
 1.61553284e+01
 7.46947632e+00
 7.40838013e+00
 2.11992798e+00
 4.59874878e+00
 3.88381348e+00
 6.34890137e+00
 1.02505432e+01
 1.15377136e+01
 1.73935791e+01
 2.18952576e+01
 1.97589050e+01
 1.35679565e+01
 9.12212524e+00
 6.40001831e+00
 1.96019897e+00
 5.03005371e+00
 3.63027344e+00
 4.97478638e+00
 8.70058594e+00
 1.25767151e+01
 1.57948547e+01
 2.01900879e+01
 2.11598755e+01
 1.33324829e+01
 1.04854675e+01
 4.91216431e+00
 2.38530884e+00
 2.12691650e+00
 3.13384399e+00
 6.72365723e+00
 9.98064575e+00
 1.36648499e+01
 2.13229004e+01
 2.04192444e+01
 2.04549194e+01
 1.77204834e+01
 1.00769592e+01
 4.09288940e+00
 -3.81750488e-01
 3.22271118e+00
 -3.27695312e+00
 1.04052124e+00
 6.25792847e+00
 1.28743835e+01
 1.64309937e+01
 1.86343323e+01
 1.87441345e+01
 1.23460938e+01
 1.03041016e+01
 6.65343628e+00
 3.79412231e+00
 -1.94208374e+00
 -1.18112793e+00
 4.33620605e+00
 8.48879395e+00
 1.27887207e+01
 1.63900696e+01
 2.32573181e+01
 2.14862610e+01
 1.77195679e+01
 9.41771851e+00
 6.71062622e+00
 6.68813477e+00
 5.00249634e+00
 5.15184937e+00
 6.26580200e+00
 9.23189697e+00
 1.11873413e+01
 1.58592468e+01
 2.33827759e+01
 2.12103821e+01
 1.80551392e+01
 9.82610474e+00
 5.13402710e+00
 3.42229614e+00
 -1.05826416e+00
 4.15538940e+00
 4.09038696e+00
 7.95696411e+00
 1.16355225e+01
 1.50210205e+01
 2.01697937e+01
 2.14042297e+01
 1.71426941e+01
 1.28803345e+01
 7.56398926e+00
 -2.79248657e+00
 1.30971680e+00
 1.35057983e+00
 3.65578613e+00
 7.46437988e+00
 1.28363586e+01
 1.85529419e+01
 2.12819153e+01
 2.05121094e+01
 1.55559937e+01
 9.65938721e+00
 5.11367188e+00
 5.54515991e+00
 9.96209717e-01
 1.23003540e+00
 8.35265503e+00
 8.62200317e+00
 1.49640442e+01
 1.67787720e+01
 1.95340210e+01
 2.03138672e+01
 1.51161438e+01
 1.16979614e+01
 2.70556030e+00
 3.83565674e+00
 3.50966797e+00
 2.24953613e+00
 4.83001099e+00
 8.14135132e+00
 1.36631714e+01
 1.45162903e+01
 2.10804993e+01
 2.17923523e+01
 1.41798950e+01
 8.39702759e+00
 6.81295166e+00
 3.07708130e+00
 1.43956909e+00
 1.21898804e+00
 3.76564941e+00
 8.12880859e+00
 1.05019470e+01
 1.73479248e+01
 1.94640442e+01
 1.80542236e+01
 1.56203857e+01
 7.63582764e+00
 8.52960205e-01
 5.48950195e-02
 1.89919434e+00
 5.17043457e+00
 6.34798584e+00
 6.72182617e+00
 1.45013977e+01
 2.25586792e+01
 2.54908997e+01
 2.16408936e+01
 1.56720825e+01
 1.05570618e+01
 8.67995605e+00
 5.17098389e+00
 8.80639648e-01
 1.17547607e-01
 2.54042969e+00
 6.89290771e+00
 1.23774658e+01
 1.90292603e+01
 2.47976318e+01
 2.25027405e+01
 1.43620544e+01
 9.48943481e+00
 5.48574219e+00
 5.33449707e+00
 2.17489014e+00
 4.02529297e+00
 5.04848633e+00
 6.41790161e+00
 1.31614014e+01
 1.73147217e+01
 2.27917419e+01
 1.95244690e+01
 1.60931641e+01
 1.21304260e+01
 7.41002808e+00
 5.49910889e+00
 -5.10693970e+00
 -5.08515015e+00
 4.85244141e+00
 8.68963013e+00
 1.20459534e+01
 1.50148865e+01
 1.88319336e+01
 1.86751648e+01
 1.55563293e+01
 1.09110352e+01
 8.64043579e+00
 2.20809326e+00
 3.88417969e+00
 6.96557617e-01
 4.69088135e+00
 8.53994141e+00
 1.22298828e+01
 1.69776550e+01
 2.42091919e+01
 2.18189941e+01
 1.43451782e+01
 9.88799438e+00
 6.55455933e+00
 2.85170898e+00
 2.56295166e+00
 2.05571899e+00
 6.80797729e+00
 9.64156494e+00
 1.48117615e+01
 2.02699829e+01
 1.92878052e+01
 2.21092163e+01
 1.54394165e+01
 1.32188354e+01
 7.35076294e+00
 3.29262695e+00
 2.97857056e+00
 5.89299927e+00
 6.68676147e+00
 8.42354736e+00
 1.61666504e+01
 2.09308105e+01
 2.47419067e+01
 2.35180603e+01
 1.61721130e+01
 1.32083679e+01
 8.24453125e+00
 6.63476563e-01
 2.78621826e+00
 3.79140625e+00
 2.23357544e+00
 8.97228394e+00
 1.12919861e+01
 1.92809387e+01
 2.25485168e+01
 2.58794800e+01
 1.64515015e+01
 8.65828857e+00
 7.85476074e+00
 5.40902100e+00
 2.26073608e+00
 1.99682007e+00
 3.18963013e+00
 7.94133911e+00
 1.20706116e+01
 1.79639221e+01
 2.57358948e+01
 2.48434998e+01
 1.59935852e+01
 9.77651367e+00
 8.72652588e+00
 2.80767212e+00
 1.83739624e+00
 3.12341309e-01
 5.07485352e+00
 8.33944092e+00
 9.77080688e+00
 1.73453613e+01
 1.77660156e+01
 1.96455627e+01
 1.54298035e+01
 1.17340027e+01
 6.12008057e+00
 3.32253418e+00
 4.23351440e+00
 5.79131470e+00
 7.49407349e+00
 8.37337646e+00
 1.08778931e+01
 2.01904846e+01
 2.31448608e+01
 2.12885071e+01
 1.74054199e+01
 1.10060059e+01
 8.04314575e+00
 3.92357788e+00
 5.90997314e-01
 1.29702148e+00
 4.43764648e+00
 9.27187500e+00
 1.06763245e+01
 1.76597839e+01
 2.58405396e+01
 2.08967529e+01
 1.87965942e+01
 1.36048523e+01
 9.00939331e+00
 5.57003174e+00
 -1.06665649e+00
 2.18859253e+00
 3.96981201e+00
 8.67080078e+00
 1.50190674e+01
 1.79623962e+01
 1.79920288e+01
 2.39241577e+01
 1.81474548e+01
 1.15230347e+01
 5.90673218e+00
 5.16170654e+00
 3.33275757e+00
 6.16506348e+00
 6.11272583e+00
 1.02653442e+01
 1.47779480e+01
 2.21786133e+01
 2.40925842e+01
 2.19529053e+01
 1.71548096e+01
 1.16522766e+01
 9.20467529e+00
 4.74886475e+00
 1.74474487e+00
 2.69616089e+00
 6.43587646e+00
 8.00069580e+00
 1.03882690e+01
 1.78362671e+01
 2.12023865e+01
 1.94730164e+01
 1.55550476e+01
 1.26485535e+01
 6.12728271e+00
 4.95882568e+00
 3.09685669e+00
 3.66140137e+00
 3.71746216e+00
 1.00522095e+01
 1.21338745e+01
 2.13358704e+01
 2.28353516e+01
 2.03560120e+01
 1.36333252e+01
 1.12748962e+01
 7.18383179e+00
 4.38131104e+00
 1.65325317e+00
 4.99114380e+00
 7.72878418e+00
 1.03271729e+01
 1.29378601e+01
 2.41357056e+01
 2.42459961e+01
 2.28994690e+01
 2.07875916e+01
 1.31003357e+01
 8.36678467e+00
 3.39623413e+00
 3.54195557e+00
 2.37734375e+00
 6.39782104e+00
 1.14089294e+01
 1.13695923e+01
 2.01599976e+01
 2.07755676e+01
 2.09070984e+01
 1.77090088e+01
 1.09179321e+01
 8.48671875e+00
 4.77645264e+00
 3.45687256e+00
 1.47881470e+00
 7.52053223e+00
 8.11477051e+00
 1.31975647e+01
 1.99979797e+01
 2.40596252e+01
 2.41887756e+01
 1.72360168e+01
 1.12791687e+01
 5.27639160e+00
 5.43535767e+00
 3.52645264e+00
 2.97774658e+00
 5.93056641e+00
 6.86348877e+00
 1.11818176e+01
 1.97437988e+01
 2.14324280e+01
 2.25304810e+01
 1.52204224e+01
 1.14750000e+01
 4.20415649e+00
 4.40834961e+00
 3.93120728e+00
 5.91555176e+00
 9.79650269e+00
 1.08090149e+01
 1.23773743e+01
 1.87732178e+01
 2.01067749e+01
 2.44821716e+01
 1.78535706e+01
 1.17144409e+01
 8.45192871e+00
 -5.19663086e+00
 -9.66253662e-01
 1.97249756e+00
 7.16741333e+00
 9.05144653e+00
 1.23306213e+01
 1.67850891e+01
 1.95820251e+01
 1.89472290e+01
 1.81309143e+01
 9.26207886e+00
 7.09172974e+00
 3.22417603e+00
 3.14013062e+00
 3.53215942e+00
 8.59316406e+00
 1.10057007e+01
 1.44541260e+01
 2.18770386e+01
 2.64953857e+01
 2.23865295e+01
 1.68397461e+01
 1.20807739e+01
 5.50454102e+00
 1.26400146e+00
 2.39049683e+00
 -1.26547852e+00
 5.14763794e+00
 8.36425171e+00
 1.42222839e+01
 2.29848267e+01
 2.11489502e+01
 2.13791748e+01
 1.84626404e+01
 1.23320251e+01
 8.83693848e+00
 4.38326416e+00
 4.87084351e+00
 7.09136353e+00
 8.15877686e+00
 9.33733521e+00
 1.48382507e+01
 1.74592529e+01
 2.44144836e+01
 2.53165222e+01
 1.67966248e+01
 1.02831360e+01
 9.17528687e+00
 3.40020142e+00
 2.04705200e+00
 2.76638184e+00
 5.98735962e+00
 1.11046387e+01
 1.45424438e+01
 1.82903076e+01
 2.18299500e+01
 2.30612732e+01
 1.91580750e+01
 1.13717285e+01
 4.82091675e+00
 2.50408325e+00
 4.35912476e+00
 -1.46795654e-01
 3.05306396e+00
 1.20155273e+01
 1.39352356e+01
 1.66704651e+01
 1.88125854e+01
 2.08398376e+01
 1.43021790e+01
 9.76387939e+00
 6.53267822e+00
 5.14257202e+00
 -1.10845947e-01
 3.76043091e+00
 6.99028931e+00
 9.39202271e+00
 1.28909241e+01
 1.69190613e+01
 2.20113464e+01
 2.18496948e+01
 1.53203064e+01
 8.67687378e+00
 6.49309692e+00
 3.57930908e+00
 5.04089355e-02
 2.49294434e+00
 4.82061157e+00
 6.37972412e+00
 1.11930176e+01
 1.86507202e+01
 2.03569885e+01
 2.11661011e+01
 1.85983826e+01
 1.11762634e+01
 5.28658447e+00
 5.98616943e+00
 3.22738037e+00
 2.48827515e+00
 5.25573120e+00
 8.04583130e+00
 1.19938599e+01
 1.83320251e+01
 2.55094849e+01
 2.66241699e+01
 1.80059448e+01
 9.37960205e+00
 8.86736450e+00
 3.89931641e+00
 1.53014526e+00
 4.73027954e+00
 5.12841187e+00
 7.43999634e+00
 1.43589722e+01
 1.86225525e+01
 2.48526245e+01
 2.30071960e+01
 1.97407471e+01
 1.25530640e+01
 7.58339844e+00
 3.87105713e+00
 3.09807739e+00
 4.60988770e+00
 5.85534058e+00
 6.35802612e+00
 1.28064209e+01
 1.60974365e+01
 2.21729370e+01
 1.81312195e+01
 1.67991882e+01
 1.03473145e+01
 5.55883179e+00
 5.45958862e+00
 1.44342041e-01
 5.47396240e+00
 7.10439453e+00
 9.31826172e+00
 1.10509277e+01
 1.58585144e+01
 2.31777893e+01
 2.22382141e+01
 1.91572205e+01
 1.30953003e+01
 6.64425049e+00
 6.43648682e+00
 1.39483032e+00
 2.59157715e+00
 6.01564941e+00
 9.54119263e+00
 1.29312988e+01
 1.87098938e+01
 2.43771301e+01
 2.18304077e+01
 1.82289063e+01
 1.01101929e+01
 7.23314819e+00
 -2.82843018e-01
 1.67354736e+00
 3.08199463e+00
 2.75557861e+00
 7.21941528e+00
 1.16696716e+01
 1.84324280e+01
 2.35134216e+01
 2.79125916e+01
 2.23953491e+01
 1.40924011e+01
 6.31969604e+00
 6.06215820e+00
 4.88607178e+00
 4.98775635e+00
 6.72481689e+00
 9.36870728e+00
 1.41399170e+01
 1.94604126e+01
 2.13619324e+01
 2.13500610e+01
 1.67261292e+01
 9.51836548e+00
 4.90130005e+00
 5.29091797e+00
 5.74914551e-01
 3.77697144e+00
 2.31316528e+00
 7.09835205e+00
 1.27663208e+01
 1.79732605e+01
 2.27360168e+01
 2.21670166e+01
 1.71906067e+01
 1.13286377e+01
 9.63616333e+00
 6.44426880e+00
 3.71706543e+00
 4.33031616e+00
 6.81157837e+00
 1.25322815e+01
 1.40402161e+01
 1.87835327e+01
 2.68636414e+01
 2.38855225e+01
 1.97587830e+01
 9.54799805e+00
 8.51500854e+00
 2.18105469e+00
 9.11035156e-01
 6.27681885e+00
 6.07119141e+00
 8.56929932e+00
 1.43761536e+01
 1.85108276e+01
 2.09977051e+01
 2.01726929e+01
 1.87640320e+01
 1.19169556e+01
 6.55089722e+00
 5.04076538e+00
 3.07488403e+00
 1.16662598e-01
 5.77471313e+00
 8.90435181e+00
 1.34124390e+01
 2.15385376e+01
 1.95114380e+01
 1.97683044e+01
 1.69314514e+01
 1.32112671e+01
 7.05635986e+00
 4.03911743e+00
 7.79504395e-01
 1.48031006e+00
 5.10048828e+00
 1.04795166e+01
 1.49886719e+01
 1.98994080e+01
 2.41846863e+01
 2.36521851e+01
 2.04524475e+01
 1.35191895e+01
 8.36034546e+00
 5.09514771e+00
 2.16420898e+00
 3.44387207e+00
 2.44014893e+00
 9.01479492e+00
 1.32581421e+01
 1.55388428e+01
 2.16939941e+01
 1.97725159e+01
 1.58402344e+01
 1.34541260e+01
 6.21688232e+00
 3.36528931e+00
 4.02337646e-01
 1.23427734e+00
 7.69722900e+00
 1.02298218e+01
 1.37662903e+01
 1.85597778e+01
 1.94613586e+01
 2.17896362e+01
 1.65436951e+01
 1.19630066e+01
 6.25530396e+00
 5.23885498e+00
 7.45260010e+00
 5.43544922e+00
 8.80520020e+00
 8.90416870e+00
 1.39464661e+01
 2.17151428e+01
 2.48535706e+01
 2.24950806e+01
 2.03434998e+01
 1.07152649e+01
 8.68358765e+00
 5.58858643e+00
 -2.60229492e-01
 5.08123169e+00
 8.39302979e+00
 1.09922729e+01
 1.12715088e+01
 1.92759033e+01
 2.43935181e+01
 2.22337585e+01
 2.11190125e+01
 1.14486023e+01
 4.95900879e+00
 6.62154541e+00
 4.46682129e+00
 6.11391602e+00
 5.51952515e+00
 9.32103882e+00
 1.51939331e+01
 2.46217896e+01
 2.35378967e+01
 2.62861572e+01
 1.97011963e+01
 1.19716736e+01
 8.53243408e+00
 5.94048462e+00
 3.99385986e+00
 6.68621216e+00
 6.55339966e+00
 1.01797119e+01
 1.16570984e+01
 1.98192688e+01
 2.19586426e+01
 2.34508911e+01
 1.75485168e+01
 9.80355225e+00
 5.89699707e+00
 2.54015503e+00
 3.26876221e+00
 5.57952271e+00
 6.80697021e+00
 1.07847839e+01
 1.58464294e+01
 2.13709351e+01
 2.48696838e+01
 2.48644958e+01
 1.85071655e+01
 1.29120117e+01
 8.34163818e+00
 4.65953979e+00
 2.15224609e+00
 2.31392822e+00
 4.30950317e+00
 7.92168579e+00
 1.52466675e+01
 2.16291748e+01
 2.51020752e+01
 2.39843384e+01
 1.49207397e+01
 1.21858154e+01
 6.38137207e+00
 3.52620850e+00
 5.59389648e+00
 6.25856934e+00
 7.25054321e+00
 1.00140015e+01
 1.24240662e+01
 1.68370911e+01
 1.83330017e+01
 2.22195984e+01
 1.58405396e+01
 1.21158997e+01
 4.13469849e+00
 3.32354126e+00
 6.24797974e+00
 5.09893188e+00
 5.85366211e+00
 8.87349854e+00
 1.40115295e+01
 1.83934875e+01
 1.95364014e+01
 2.02814575e+01
 1.73394714e+01
 1.30032898e+01
 8.63967285e+00
 2.44872437e+00
 4.21077881e+00
 4.83712158e+00
 5.57467041e+00
 1.08696533e+01
 1.09907776e+01
 2.03074890e+01
 2.76093994e+01
 2.30046326e+01
 1.91889587e+01
 1.07402588e+01
 7.94698486e+00
 -1.16412964e+00
 4.90545044e+00
 1.38796387e+00
 7.75896606e+00
 1.03674866e+01
 1.53311707e+01
 1.95644775e+01
 2.06975647e+01
 2.24274231e+01
 1.76894165e+01
 1.28197266e+01
 1.06274963e+01
 5.89516602e+00
 1.06866455e-01
 3.76513062e+00
 6.27819214e+00
 8.25600586e+00
 1.45479980e+01
 2.01581665e+01
 2.70634094e+01
 2.69914795e+01
 1.62092834e+01
 1.04556824e+01
 7.73995361e+00
 2.26921997e+00
 5.03563843e+00
 6.98809204e+00
 6.57668457e+00
 1.07665344e+01
 1.38648010e+01
 1.66101318e+01
 2.36464783e+01
 2.61390320e+01
 1.82352539e+01
 1.27947021e+01
 7.79229126e+00
 3.90288696e+00
 3.28319702e+00
 5.25338135e+00
 9.27855835e+00
 8.86547241e+00
 1.42176453e+01
 2.15279480e+01
 2.08487183e+01
 2.38959595e+01
 1.87130371e+01
 1.41263672e+01
 5.19542847e+00
 5.12966309e+00
 3.33117065e+00
 7.13469849e+00
 9.21187744e+00
 8.90355835e+00
 1.35951477e+01
 2.42066895e+01
 2.60030151e+01
 2.34735352e+01
 1.85207153e+01
 1.42601257e+01
 8.44863281e+00
 5.35881958e+00
 -9.02807617e-01
 6.82027588e+00
 7.20525513e+00
 9.49862061e+00
 1.22693726e+01
 1.95975586e+01
 2.19294067e+01
 2.37720276e+01
 1.89420715e+01
 1.18987976e+01
 8.47472534e+00
 2.97722778e+00
 -1.68030396e+00
 1.47921143e+00
 7.63445435e+00
 1.08361450e+01
 1.26841980e+01
 2.37767883e+01
 2.15896851e+01
 2.18370911e+01
 1.80471130e+01
 1.23767944e+01
 4.18041382e+00
 2.74617920e+00
 2.30019531e+00
 5.57760010e+00
 7.41799316e+00
 1.01631104e+01
 1.56867310e+01
 2.07655884e+01
 2.30741211e+01
 2.35172668e+01
 1.85469604e+01
 1.45556885e+01
 7.38610229e+00
 3.55211792e+00
 3.76485596e+00
 3.87832031e+00
 8.09905396e+00
 1.06058594e+01
 1.36881958e+01
 2.34173218e+01
 2.83116089e+01
 2.21116272e+01
 1.63503052e+01
 1.08980347e+01
 7.48796997e+00
 6.35146484e+00
 1.98131714e+00
 7.26577148e+00
 8.11190186e+00
 9.93151245e+00
 1.51239563e+01
 2.10633484e+01
 2.27606445e+01
 2.25002075e+01
 1.92583252e+01
 1.04005066e+01
 9.70913086e+00
 4.48333130e+00
 4.36303101e+00
 3.90090332e+00
 7.84108887e+00
 1.14420105e+01
 1.56866699e+01
 2.30201355e+01
 2.76571289e+01
 2.58966919e+01
 1.93190857e+01
 1.13960510e+01
 7.04540405e+00
 2.37053833e+00
 3.12267456e+00
 2.97777710e+00
 8.79241333e+00
 8.59148560e+00
 1.28098694e+01
 1.82346436e+01
 2.23114258e+01
 2.39068848e+01
 1.79582153e+01
 1.32032104e+01
 9.20058594e+00
 3.55550537e+00
 2.02120361e+00
 6.36544189e+00
 6.36815796e+00
 8.30141602e+00
 1.28097778e+01
 1.98020874e+01
 2.38072144e+01
 2.25373169e+01
 1.70801025e+01
 1.17525879e+01
 7.45733032e+00
 5.07448730e+00
 3.35021362e+00
 5.12279663e+00
 5.47442017e+00
 1.04727417e+01
 1.33113647e+01
 1.86778809e+01
 2.33055664e+01
 2.34532715e+01
 1.99363647e+01
 1.41892639e+01
 6.76867065e+00
 4.64437256e+00
 1.76879272e+00
 3.52895508e+00
 6.07335815e+00
 1.09860168e+01
 1.37129150e+01
 2.21887451e+01
 2.74097229e+01
 2.39373108e+01
 1.71678101e+01
 1.25083252e+01
 7.70571289e+00
 3.86046753e+00
 4.08428345e+00
 4.71663818e+00
 9.31838379e+00
 1.15725342e+01
 1.57636353e+01
 2.49872681e+01
 2.54391418e+01
 2.57802063e+01
 1.85549866e+01
 1.18025146e+01
 7.39449463e+00
 2.67043457e+00
 7.06182251e+00
 5.23705444e+00
 6.71590576e+00
 1.04281555e+01
 1.38153625e+01
 1.77355286e+01
 2.56488586e+01
 2.08989197e+01
 1.54456421e+01
 1.19635864e+01
 6.46608887e+00
 4.03185425e+00
 6.51717529e+00
 9.07265625e+00
 7.37044678e+00
 8.77987061e+00
 1.40632568e+01
 1.91574951e+01
 2.28952576e+01
 2.27464233e+01
 1.70230652e+01
 1.19690491e+01
 5.88466797e+00
 1.28783569e+00
 2.98769531e+00
 3.34105835e+00
 6.30071411e+00
 8.34087524e+00
 1.18578125e+01
 1.65286194e+01
 2.23021179e+01
 2.33835693e+01
 1.76794067e+01
 1.21818481e+01
 7.71810303e+00
 5.00289307e+00
 2.99691162e+00
 7.67928467e+00
 1.13064209e+01
 1.09758545e+01
 1.71675964e+01
 2.27119995e+01
 2.57936646e+01
 2.39265076e+01
 1.86274963e+01
 9.26406250e+00
 8.21911011e+00
 6.12078247e+00
 3.72612915e+00
 5.68914185e+00
 7.07961426e+00
 8.64150391e+00
 1.50883118e+01
 2.50924011e+01
 2.29323364e+01
 2.59390198e+01
 1.62937256e+01
 1.07602478e+01
 5.13637695e+00
 5.65032349e+00
 4.97603760e+00
 -2.31882324e+00
 4.15471802e+00
 8.34896240e+00
 1.50453735e+01
 1.93491150e+01
 2.49349609e+01
 2.84609009e+01
 1.85293823e+01
 1.44098145e+01
 5.22194824e+00
 3.66762695e+00
 2.42781982e+00
 6.72390137e+00
 6.53847656e+00
 9.27272949e+00
 1.50653015e+01
 1.85227600e+01
 2.17641846e+01
 2.19774109e+01
 1.70667664e+01
 1.20713135e+01
 8.92019043e+00
 5.41143188e+00
 2.97377930e+00
 2.92470703e+00
 6.23348389e+00
 1.18993774e+01
 1.50260559e+01
 2.21884094e+01
 2.08802734e+01
 2.18815857e+01
 1.88961121e+01
 1.24590088e+01
 6.01390991e+00
 4.70592651e+00
 4.24926147e+00
 4.18081055e+00
 6.73442993e+00
 1.02218262e+01
 1.66844116e+01
 2.02771545e+01
 2.41679932e+01
 2.44280945e+01
 2.03439270e+01
 1.45074707e+01
 8.13460693e+00
 6.63094482e+00
