 -5.10895386e+00
 -3.67498779e-01
 -1.88599243e+00
 6.69466553e+00
 1.28177124e+01
 1.61125122e+01
 2.05704590e+01
 2.09129578e+01
 1.64467407e+01
 1.18059021e+01
 6.29656372e+00
 -4.94934692e+00
 -4.47589722e+00
 3.78395996e+00
 5.25814209e+00
 9.79546509e+00
 1.27128235e+01
 2.08711487e+01
 2.53300415e+01
 2.30143677e+01
 1.52716003e+01
 1.06291748e+01
 4.96465454e+00
 4.76519165e+00
 3.70379028e+00
 5.08294067e+00
 6.03591309e+00
 1.22144714e+01
 1.24800354e+01
 1.82581421e+01
 2.27476135e+01
 2.10322815e+01
 1.69688965e+01
 1.01859985e+01
 -8.93005371e-02
 2.39113770e+00
 3.25750122e+00
 3.33764038e+00
 4.40203247e+00
 8.15767822e+00
 1.21475159e+01
 1.85379883e+01
 2.15745789e+01
 2.19359985e+01
 1.39379211e+01
 8.07213745e+00
 3.53856812e+00
 -1.71750488e+00
 -1.38104858e+00
 -2.60111084e+00
 7.52333984e+00
 9.02602539e+00
 1.26337524e+01
 1.53471313e+01
 1.95355469e+01
 2.11704651e+01
 1.63198181e+01
 1.04939209e+01
 2.93981323e+00
 1.59386597e+00
 -2.66635742e+00
 8.97766113e-02
 4.25399170e+00
 9.05999146e+00
 1.27265869e+01
 1.58825317e+01
 1.98915344e+01
 1.84524170e+01
 1.39024292e+01
 9.81087646e+00
 -3.81384277e-01
 1.88204346e+00
 4.11272583e+00
 -3.38922729e+00
 5.36849365e+00
 1.16755920e+01
 1.29948669e+01
 1.45183044e+01
 1.72725159e+01
 1.59468933e+01
 1.22544800e+01
 5.92000732e+00
 6.39711914e+00
 2.72265015e+00
 8.83142090e-01
 1.36431274e+00
 6.39028320e+00
 7.44161377e+00
 1.04685303e+01
 1.72853943e+01
 2.04477783e+01
 2.20060059e+01
 1.51056458e+01
 1.10502258e+01
 2.65252075e+00
 -5.62302246e+00
 -2.91080322e+00
 -5.55045166e+00
 -6.75900879e+00
 5.26760254e+00
 9.16289673e+00
 1.58077332e+01
 2.08207031e+01
 1.87221924e+01
 1.57330566e+01
 1.16796814e+01
 1.38475952e+00
 -2.64667358e+00
 5.91271973e-01
 -2.06342163e+00
 6.02794800e+00
 7.06386719e+00
 1.00100037e+01
 1.49944702e+01
 2.02972046e+01
 1.92831970e+01
 1.53144470e+01
 9.77993164e+00
 7.59240112e+00
 1.03829346e+00
 6.72906494e-01
 4.00262451e-01
 7.28386841e+00
 7.99370728e+00
 1.07534729e+01
 1.67169434e+01
 2.16588989e+01
 2.27018677e+01
 1.39985291e+01
 9.34978638e+00
 4.37212524e+00
 4.01629028e+00
 -3.14566650e+00
 1.86010132e+00
 2.33123169e+00
 9.05312500e+00
 1.17157837e+01
 1.57532288e+01
 1.90609070e+01
 1.80888000e+01
 1.63682190e+01
 7.60076294e+00
 6.92727051e+00
 2.45605469e-02
 3.47005615e+00
 2.89541016e+00
 5.81990967e+00
 1.05044800e+01
 1.11883484e+01
 1.64160400e+01
 2.11262146e+01
 2.08976074e+01
 1.49113708e+01
 8.18374023e+00
 5.76204834e+00
 9.72497559e-01
 3.91484985e+00
 1.08129272e+00
 3.71770630e+00
 8.95943604e+00
 1.23864990e+01
 1.58228699e+01
 2.01140991e+01
 1.79821411e+01
 1.29409729e+01
 9.97530518e+00
 3.77092896e+00
 1.53258667e+00
 2.43422852e+00
 9.47534180e-01
 4.93831787e+00
 1.03353516e+01
 1.35561462e+01
 1.93370911e+01
 2.12171570e+01
 2.17674500e+01
 1.66944824e+01
 1.04454590e+01
 2.89470825e+00
 -4.30151367e-01
 9.38592529e-01
 -6.65234985e+00
 -2.79871216e+00
 7.30123291e+00
 1.41174866e+01
 1.73984009e+01
 1.79711243e+01
 1.70432068e+01
 1.30014587e+01
 1.02041870e+01
 5.31206665e+00
 3.54903564e+00
 -2.11603394e+00
 -4.32092896e+00
 8.45971680e-01
 7.37410889e+00
 1.30843750e+01
 1.71696716e+01
 2.10033508e+01
 2.00034729e+01
 1.75484863e+01
 9.78801880e+00
 6.45211182e+00
 6.60549316e+00
 4.61025391e+00
 4.57790527e+00
 5.82088623e+00
 8.86693726e+00
 1.07701355e+01
 1.41887451e+01
 2.00975586e+01
 1.81103149e+01
 1.71772095e+01
 9.25173340e+00
 5.05593262e+00
 3.18132935e+00
 -1.07855835e+00
 -9.29754639e-01
 3.26967773e+00
 8.27984009e+00
 1.11369873e+01
 1.45895630e+01
 1.95159851e+01
 2.12132202e+01
 1.61542908e+01
 1.27664124e+01
 5.55132446e+00
 -6.18411865e+00
 -1.30518188e+00
 -4.68799438e+00
 1.23427734e+00
 6.47728882e+00
 1.28798767e+01
 1.74266602e+01
 2.14549805e+01
 2.19710632e+01
 1.48378845e+01
 1.03785950e+01
 5.69591675e+00
 4.49788818e+00
 2.74133301e-01
 1.28246460e+00
 9.28899536e+00
 9.04921875e+00
 1.42272583e+01
 1.61088806e+01
 1.97342468e+01
 1.93636719e+01
 1.44703613e+01
 1.25451904e+01
 7.24633789e-01
 2.00039063e+00
 8.82196045e-01
 5.88952637e-01
 3.57409058e+00
 4.96654663e+00
 1.32156006e+01
 1.40510803e+01
 1.99908081e+01
 2.13221375e+01
 1.37535950e+01
 6.48046265e+00
 5.15258179e+00
 2.09374390e+00
 -1.30743408e-01
 -1.81585693e-01
 2.00539551e+00
 7.69576416e+00
 9.44146118e+00
 1.86495300e+01
 2.00178162e+01
 1.76568237e+01
 1.39926086e+01
 8.21465454e+00
 -1.15421143e+00
 -3.18582764e+00
 1.14617310e+00
 5.11904297e+00
 6.23876343e+00
 7.16304932e+00
 1.44771362e+01
 2.22611633e+01
 2.44914490e+01
 2.04931274e+01
 1.52197205e+01
 1.17467896e+01
 8.82213745e+00
 4.16323242e+00
 -4.20139160e+00
 -1.60446777e+00
 9.50067139e-01
 6.80953369e+00
 1.21889893e+01
 1.74592224e+01
 2.42592712e+01
 2.68062988e+01
 1.53466125e+01
 9.13366089e+00
 4.73516235e+00
 5.05239258e+00
 1.39989624e+00
 3.94307861e+00
 5.55477295e+00
 8.19384155e+00
 1.50666443e+01
 1.95938965e+01
 2.37573792e+01
 1.94750000e+01
 1.78820129e+01
 1.17061707e+01
 7.42037354e+00
 5.62166748e+00
 -5.75098267e+00
 -7.34750977e+00
 2.95382080e+00
 9.55422363e+00
 1.30552917e+01
 1.68016907e+01
 1.72201477e+01
 1.83467041e+01
 1.40834595e+01
 1.09179016e+01
 8.37099609e+00
 1.99361572e+00
 2.11385498e+00
 -2.29284668e-01
 3.40947876e+00
 8.57732544e+00
 1.22587524e+01
 1.50140930e+01
 2.07796570e+01
 1.97910095e+01
 1.29367920e+01
 1.09217163e+01
 6.22997437e+00
 2.61849365e+00
 2.19146118e+00
 5.52178955e-01
 6.32100830e+00
 1.01104980e+01
 1.38705688e+01
 1.81048523e+01
 1.92245728e+01
 1.94898926e+01
 1.54225403e+01
 1.31599060e+01
 7.69640503e+00
 2.34139404e+00
 9.12011719e-01
 6.19207153e+00
 6.47384033e+00
 9.09533081e+00
 1.55836731e+01
 1.89894958e+01
 2.48337036e+01
 2.40514465e+01
 1.60345703e+01
 1.33966614e+01
 8.88817749e+00
 1.00042114e+00
 2.98867188e+00
 3.74886475e+00
 -1.67661133e+00
 8.47103271e+00
 1.19713379e+01
 1.76806580e+01
 2.16995483e+01
 2.50352417e+01
 1.86185547e+01
 9.20925293e+00
 8.17455444e+00
 4.08464966e+00
 1.54799805e+00
 1.24840698e+00
 3.65404663e+00
 7.62420044e+00
 1.19722534e+01
 1.63705383e+01
 2.33265320e+01
 2.34970947e+01
 1.60460754e+01
 8.96651611e+00
 8.64003906e+00
 1.15108643e+00
 2.35559082e-01
 -4.02399292e+00
 -3.26251831e+00
 6.28273926e+00
 1.00489746e+01
 1.66910645e+01
 1.86748596e+01
 1.86805664e+01
 1.46341492e+01
 1.13734070e+01
 5.30407104e+00
 3.35302124e+00
 4.06752930e+00
 5.96108398e+00
 7.36971436e+00
 8.46450195e+00
 1.16703735e+01
 1.74123779e+01
 2.02416016e+01
 2.23513428e+01
 1.60539185e+01
 1.07125488e+01
 8.82128296e+00
 3.18337402e+00
 -1.33533325e+00
 -6.20794678e-01
 4.10726318e+00
 1.04543091e+01
 1.38879028e+01
 1.78691956e+01
 2.61272217e+01
 2.07545105e+01
 1.76373535e+01
 1.39895874e+01
 8.82286987e+00
 5.22341309e+00
 -6.84362793e-01
 2.46209106e+00
 7.96309814e+00
 1.09912048e+01
 1.43344666e+01
 1.93339783e+01
 2.12435242e+01
 2.09537598e+01
 1.55348145e+01
 1.08279358e+01
 5.90978394e+00
 1.09530029e+00
 -2.66485596e-01
 -8.60693359e-01
 6.59087524e+00
 6.59172974e+00
 1.11248718e+01
 1.90032288e+01
 2.07844177e+01
 1.90961548e+01
 1.49699646e+01
 1.29736267e+01
 8.40361938e+00
 5.21370850e+00
 -3.42838135e+00
 -1.35229492e-01
 8.54046021e+00
 1.05522095e+01
 1.41361938e+01
 2.01715637e+01
 2.77928711e+01
 2.08629395e+01
 1.81562134e+01
 9.29973755e+00
 6.82653198e+00
 5.17589722e+00
 2.52361450e+00
 4.33782349e+00
 6.96425781e+00
 8.04967651e+00
 1.08044373e+01
 1.81664673e+01
 2.03995605e+01
 1.87209412e+01
 1.69378906e+01
 1.08450867e+01
 4.28453979e+00
 3.64519653e+00
 3.90459595e+00
 6.67131958e+00
 7.63466797e+00
 1.23366638e+01
 1.42250000e+01
 1.81411987e+01
 2.25667358e+01
 2.17333008e+01
 1.87064453e+01
 9.65767822e+00
 6.96984863e-01
 5.89501953e-01
 2.94768677e+00
 3.10875854e+00
 9.07424316e+00
 1.11315247e+01
 1.48927856e+01
 1.80228821e+01
 2.03881775e+01
 1.90154053e+01
 1.64361511e+01
 1.33561951e+01
 2.39568481e+00
 4.99401245e+00
 -1.69217529e+00
 5.68383789e-01
 1.68114624e+00
 9.17031250e+00
 1.48944641e+01
 2.04463440e+01
 2.48645569e+01
 1.96674438e+01
 1.44286438e+01
 1.04323669e+01
 7.29692993e+00
 5.10927734e+00
 3.49773560e+00
 -1.24014893e+00
 7.07552490e+00
 9.25356445e+00
 1.24628235e+01
 1.85538574e+01
 1.92491089e+01
 1.94083191e+01
 1.80316101e+01
 1.08485046e+01
 5.58037720e+00
 1.19277344e+00
 -1.88748779e+00
 5.96224365e+00
 3.09099731e+00
 9.88915405e+00
 1.18336426e+01
 1.68300415e+01
 2.24280945e+01
 2.03749329e+01
 2.06851746e+01
 1.37791382e+01
 5.32192383e+00
 3.10320435e+00
 -4.06835937e-01
 6.30816040e+00
 6.35347900e+00
 1.09572388e+01
 1.18767029e+01
 2.10361877e+01
 2.62543579e+01
 2.32323853e+01
 1.74006592e+01
 1.30063110e+01
 6.99868164e+00
 -3.78238525e+00
 2.40563354e+00
 6.03508911e+00
 6.28103027e+00
 9.15136108e+00
 1.59631897e+01
 2.18428284e+01
 2.09266296e+01
 2.12467896e+01
 1.60147034e+01
 1.02427307e+01
 7.93322144e+00
 -1.61566772e+00
 4.57515869e+00
 1.89479980e+00
 5.07146606e+00
 8.03005371e+00
 1.31058594e+01
 1.59237000e+01
 2.00761658e+01
 1.96485535e+01
 1.98782898e+01
 1.22817932e+01
 8.03826294e+00
 7.61721191e+00
 3.65117798e+00
 5.29039917e+00
 8.50924072e+00
 8.57570801e+00
 1.44901672e+01
 2.03842102e+01
 2.17662292e+01
 2.07550903e+01
 1.53073364e+01
 9.36409912e+00
 7.60720215e+00
 2.22060547e+00
 -5.31927490e-01
 -1.93265381e+00
 9.28438721e+00
 1.11841980e+01
 1.19035583e+01
 1.75736938e+01
 2.21574646e+01
 1.98657166e+01
 1.78234802e+01
 1.27040344e+01
 8.12716064e+00
 4.69140015e+00
 2.46447144e+00
 5.88973389e+00
 8.96560059e+00
 9.68175659e+00
 1.46374756e+01
 1.95173279e+01
 2.11421448e+01
 2.13665710e+01
 1.84116760e+01
 9.38421021e+00
 8.14452515e+00
 5.21529541e+00
 -3.40186157e+00
 -3.75250244e-01
 4.89675293e+00
 1.22186218e+01
 1.61009155e+01
 1.89245239e+01
 2.26907898e+01
 2.35318237e+01
 1.79970642e+01
 9.94756470e+00
 5.60091553e+00
 2.90419922e+00
 2.41671143e+00
 3.15942383e-01
 6.26857910e+00
 9.21300659e+00
 1.46105286e+01
 1.57402893e+01
 1.99995667e+01
 1.87085815e+01
 1.55269409e+01
 1.06455627e+01
 7.22084961e+00
 5.63469849e+00
 1.61541138e+00
 1.55977783e+00
 7.54586182e+00
 1.24848877e+01
 1.07238403e+01
 1.66150757e+01
 2.06661621e+01
 2.18492981e+01
 1.87906433e+01
 1.17424866e+01
 9.60524902e+00
 1.02300415e+00
 3.44066772e+00
 6.34088135e-01
 5.41481934e+00
 9.97686157e+00
 1.37359253e+01
 1.74020325e+01
 2.34756409e+01
 2.45237976e+01
 1.70198303e+01
 1.27773376e+01
 5.65743408e+00
 1.26854858e+00
 3.09432373e+00
 -3.93720093e+00
 3.84890137e+00
 1.17581421e+01
 1.36202637e+01
 1.96073547e+01
 2.56311584e+01
 2.20512024e+01
 1.55649048e+01
 7.89440308e+00
 7.76024780e+00
 2.03942261e+00
 1.16417847e+00
 5.09523926e+00
 3.69619141e+00
 1.06861511e+01
 1.07436768e+01
 1.75128723e+01
 2.02098633e+01
 1.92339722e+01
 1.54158875e+01
 1.22111450e+01
 7.99511108e+00
 7.12579346e-01
 5.06188965e-01
 7.96502686e-01
 5.43560181e+00
 7.21038208e+00
 1.25019775e+01
 1.55451599e+01
 2.38026978e+01
 2.42386108e+01
 2.03122803e+01
 1.07522827e+01
 5.10338745e+00
 5.08508301e-01
 3.43050537e+00
 6.38417969e+00
 2.31679688e+00
 1.03633057e+01
 1.63437439e+01
 1.55922180e+01
 1.91771790e+01
 2.09014526e+01
 1.54072510e+01
 1.11655823e+01
 7.48488770e+00
 4.15765381e-01
 2.40456543e+00
 1.10347900e+00
 5.95083008e+00
 9.23861084e+00
 1.27778564e+01
 1.80407654e+01
 2.24784180e+01
 2.04538513e+01
 1.54500061e+01
 1.34741150e+01
 7.32979736e+00
 4.83547363e+00
 -3.92053833e+00
 2.67128906e+00
 9.84581909e+00
 1.02905823e+01
 1.16397949e+01
 1.75505920e+01
 2.04518677e+01
 1.88191772e+01
 1.54717346e+01
 1.31030518e+01
 8.21929321e+00
 -1.34876099e+00
 -2.66678467e+00
 -7.20007324e-01
 -1.21329346e+00
 7.38265381e+00
 1.56675049e+01
 1.72235962e+01
 1.94664856e+01
 1.84964844e+01
 1.87344604e+01
 9.73500977e+00
 8.41271362e+00
 5.61919556e+00
 7.64398193e-01
 5.78118286e+00
 8.15380249e+00
 8.64263306e+00
 1.43576294e+01
 2.09086548e+01
 2.38666626e+01
 2.06304565e+01
 1.93634583e+01
 1.21238647e+01
 1.07658325e+01
 5.81383667e+00
 3.65123901e+00
 2.96132813e+00
 7.88372192e+00
 9.26354370e+00
 1.33071533e+01
 1.78818604e+01
 2.00221191e+01
 1.90871216e+01
 1.70299927e+01
 1.14917236e+01
 8.49999390e+00
 1.85094604e+00
 1.20952759e+00
 4.24071655e+00
 9.56783447e+00
 1.21568542e+01
 1.41147095e+01
 1.71942078e+01
 2.26451965e+01
 2.19474426e+01
 1.81595703e+01
 1.35638367e+01
 8.62096558e+00
 3.93563232e+00
 3.32750854e+00
 2.48308716e+00
 6.76442871e+00
 1.10589233e+01
 1.21829773e+01
 1.83989197e+01
 2.28627258e+01
 2.07297913e+01
 1.82958923e+01
 1.33336731e+01
 5.81151733e+00
 2.01226807e-01
 -2.08069458e+00
 -7.61602783e-01
 2.99099121e+00
 9.47118530e+00
 1.26570374e+01
 1.80290771e+01
 2.22855774e+01
 1.77549072e+01
 1.86344238e+01
 1.51921936e+01
 6.44933472e+00
 2.40764771e+00
 1.80950317e+00
 1.87097168e-01
 3.78533325e+00
 1.09101196e+01
 1.13535706e+01
 1.71960693e+01
 2.33675476e+01
 2.08568970e+01
 1.67632385e+01
 1.35520874e+01
 6.51210938e+00
 4.98858032e+00
 3.29088745e+00
 4.78582153e+00
 4.85067139e+00
 1.04096924e+01
 1.43780151e+01
 1.58541809e+01
 2.09449707e+01
 2.03277222e+01
 1.62196594e+01
 1.20201050e+01
 7.58019409e+00
 3.52468262e+00
 4.25026855e+00
 -2.18054810e+00
 1.53283691e-01
 1.08166138e+01
 1.09451233e+01
 1.60868469e+01
 1.91968628e+01
 2.21091858e+01
 1.83968445e+01
 1.32219177e+01
 7.22487793e+00
 5.38021240e+00
 3.77251587e+00
 2.61068115e+00
 4.74703369e+00
 1.04441467e+01
 1.36820313e+01
 1.92430054e+01
 2.34728638e+01
 2.16734253e+01
 1.58712402e+01
 1.28920837e+01
 7.92803345e+00
 4.21077881e+00
 5.71242676e+00
 3.48250732e+00
 8.24575195e+00
 1.28874451e+01
 1.38662964e+01
 1.98752380e+01
 2.15271851e+01
 2.20317322e+01
 1.61925598e+01
 1.08061462e+01
 5.48043213e+00
 6.33828125e+00
 9.59375000e-01
 -5.58508301e-01
 6.07857666e+00
 8.83855591e+00
 1.40428406e+01
 2.21193787e+01
 2.18413025e+01
 2.31227661e+01
 1.70369507e+01
 9.66753540e+00
 6.85878906e+00
 2.81087646e+00
 1.79775391e+00
 7.79049072e+00
 7.80745850e+00
 9.15505371e+00
 1.18587891e+01
 1.99195496e+01
 2.46249634e+01
 2.24641663e+01
 1.61967102e+01
 1.20290161e+01
 8.28865967e+00
 4.54723511e+00
 5.05874023e+00
 5.83699951e+00
 9.83834229e+00
 9.68444214e+00
 1.29526917e+01
 1.70042358e+01
 2.39155823e+01
 2.19850403e+01
 1.71302124e+01
 1.13195740e+01
 7.96456299e+00
 8.01851807e+00
 4.32402954e+00
 4.83812866e+00
 3.92830811e+00
 1.14463440e+01
 1.32363831e+01
 1.84664246e+01
 2.41281982e+01
 2.34456421e+01
 1.58899170e+01
 1.04254395e+01
 5.36098633e+00
 4.02578125e+00
 2.23208008e+00
 6.02010498e+00
 9.33953247e+00
 1.31908813e+01
 1.26902100e+01
 1.58731628e+01
 2.09636169e+01
 2.08975159e+01
 1.99877258e+01
 1.59060608e+01
 4.03295288e+00
 5.24071655e+00
 8.56530762e-01
 8.31231689e-01
 3.96627197e+00
 8.16216431e+00
 1.23587280e+01
 1.97070251e+01
 2.00352417e+01
 2.05737549e+01
 1.63969971e+01
 1.28142334e+01
 9.00618896e+00
 -1.80914917e+00
 -3.00498047e+00
 -7.81488647e+00
 3.21260986e+00
 1.13999878e+01
 1.55829407e+01
 1.81375977e+01
 2.34257446e+01
 2.07058655e+01
 2.10436340e+01
 1.54338318e+01
 1.01680237e+01
 3.52501831e+00
 2.99376831e+00
 4.21203003e+00
 8.54454956e+00
 1.14730469e+01
 1.32687622e+01
 1.80656677e+01
 2.24593750e+01
 2.38424011e+01
 1.77764526e+01
 1.51466919e+01
 8.10216675e+00
 5.26610718e+00
 3.69249878e+00
 3.25850830e+00
 8.25988159e+00
 1.26962830e+01
 1.20298401e+01
 1.91309448e+01
 2.68147827e+01
 2.25031982e+01
 2.33839966e+01
 1.24303223e+01
 8.27758179e+00
 1.10607300e+00
 2.70470581e+00
 6.58153687e+00
 6.01174316e+00
 9.31591187e+00
 1.67296997e+01
 2.64681946e+01
 2.43010803e+01
 2.45680481e+01
 1.97381226e+01
 1.54257751e+01
 7.52178345e+00
 8.14342651e+00
 4.84157715e+00
 5.66304932e+00
 1.07620178e+01
 9.86089478e+00
 1.41432129e+01
 2.06881042e+01
 2.52495667e+01
 2.60524536e+01
 2.08764587e+01
 1.51300903e+01
 1.02222839e+01
 5.60067139e+00
 5.50563965e+00
 5.86208496e+00
 6.09285889e+00
 1.07101074e+01
 1.26366211e+01
 2.16990906e+01
 2.05405823e+01
 2.20734497e+01
 1.76677490e+01
 1.33481384e+01
 6.48659668e+00
 5.83032227e-01
 4.70012817e+00
 6.36501465e+00
 6.61437378e+00
 1.08468262e+01
 1.38160950e+01
 1.99930969e+01
 1.98815247e+01
 2.37163330e+01
 1.72767273e+01
 1.45897156e+01
 9.69173584e+00
 2.77382813e+00
 3.99584351e+00
 5.31685791e+00
 6.30471191e+00
 1.15911194e+01
 1.39371887e+01
 2.05214783e+01
 2.39595276e+01
 2.50399109e+01
 1.80695435e+01
 1.51412598e+01
 8.18346558e+00
 4.08660278e+00
 4.40963135e+00
 3.42751465e+00
 5.33703003e+00
 9.51381836e+00
 1.47523438e+01
 1.90028931e+01
 2.44746033e+01
 2.44725891e+01
 1.99107605e+01
 1.29070679e+01
 9.22762451e+00
 7.19960938e+00
 6.88063965e+00
 7.03441772e+00
 9.04473267e+00
 1.24055115e+01
 1.55125671e+01
 2.32834106e+01
 2.65605408e+01
 2.52387329e+01
 2.33512817e+01
 1.40460754e+01
 9.74068604e+00
 6.12334595e+00
 -2.04138794e+00
 8.04985962e+00
 1.03558289e+01
 1.16575256e+01
 1.52780090e+01
 2.15023132e+01
 2.49377075e+01
 2.36076599e+01
 2.12089172e+01
 1.31529480e+01
 8.66451416e+00
 2.74440918e+00
 1.47466431e+00
 5.87883911e+00
 6.94732056e+00
 1.07279907e+01
 1.55884949e+01
 2.23215576e+01
 2.22686401e+01
 2.45705811e+01
 1.83790222e+01
 1.26620117e+01
 1.04257141e+01
 5.93319092e+00
 -1.05109253e+00
 3.06472168e+00
 6.92077026e+00
 1.34165283e+01
 1.76101624e+01
 1.94910828e+01
 2.63376404e+01
 2.32571045e+01
 1.84584290e+01
 1.23043762e+01
 9.77602539e+00
 2.04235229e+00
 4.31771240e+00
 4.28664551e+00
 7.70647583e+00
 1.35000549e+01
 1.36273438e+01
 2.06111694e+01
 2.37007690e+01
 2.21824280e+01
 1.87287537e+01
 1.09593445e+01
 1.06811462e+01
 4.99831543e+00
 5.31868896e+00
 7.10402832e+00
 1.04989563e+01
 1.29831177e+01
 1.44397827e+01
 1.86665283e+01
 2.19014832e+01
 2.53768555e+01
 1.92575928e+01
 1.50203491e+01
 7.41390381e+00
 4.77767334e+00
 4.74596558e+00
 5.47371826e+00
 8.45046387e+00
 1.08838440e+01
 1.56101624e+01
 1.84993835e+01
 2.12656799e+01
 2.30100342e+01
 1.84061523e+01
 1.12102905e+01
 9.43563232e+00
 6.39626465e+00
 6.45937500e+00
 5.90560303e+00
 6.75130615e+00
 9.79888306e+00
 1.57312866e+01
 2.31320435e+01
 2.70431458e+01
 2.70208374e+01
 2.21701599e+01
 1.36572205e+01
 1.14417969e+01
 5.51528320e+00
 4.54107056e+00
 2.06527100e+00
 3.92498169e+00
 1.23527466e+01
 1.52405640e+01
 2.06654602e+01
 2.65859924e+01
 2.32594849e+01
 2.19305054e+01
 1.46347290e+01
 8.22527466e+00
 6.55770264e+00
 4.30977783e+00
 8.36037598e+00
 9.37490234e+00
 1.33048340e+01
 1.48644653e+01
 2.06143433e+01
 2.42015320e+01
 2.51651245e+01
 2.08469177e+01
 1.29529358e+01
 1.01789185e+01
 5.22551880e+00
 4.54073486e+00
 3.52050171e+00
 7.94060669e+00
 9.65285645e+00
 1.50263611e+01
 2.20875793e+01
 2.51931702e+01
 2.28901306e+01
 1.98830505e+01
 1.30703369e+01
 8.58175049e+00
 5.25396118e+00
 5.95263062e+00
 6.31533203e+00
 1.02651611e+01
 1.40188843e+01
 1.67922302e+01
 2.54688354e+01
 2.96013123e+01
 2.97391296e+01
 2.28508545e+01
 1.67124573e+01
 1.12484070e+01
 6.89071045e+00
 6.79607544e+00
 5.32866821e+00
 9.37944946e+00
 1.25220581e+01
 1.74683472e+01
 2.07197815e+01
 2.25547424e+01
 2.29741150e+01
 2.03326050e+01
 1.16744019e+01
 7.91802368e+00
 5.96688232e+00
 4.30666504e+00
 6.48903809e+00
 7.67760620e+00
 1.27193237e+01
 1.32701050e+01
 2.02453247e+01
 2.24165894e+01
 2.24729553e+01
 2.17057739e+01
 1.49529053e+01
 7.41323242e+00
 5.04091797e+00
