 2.36697169e+01
 2.08503945e+01
 3.12042456e+01
 6.67690630e+01
 1.88985491e+01
 6.27266749e+01
 3.22154569e+01
 8.00233207e+00
 6.94693633e+01
 1.07069047e+01
 8.87568926e+01
 3.77626314e+01
 2.76551096e+01
 8.01750183e-01
 4.40877078e+01
 2.47466927e+01
 1.10327418e+02
 8.82392147e+01
 2.55940057e+01
 9.12801186e+00
 1.64089263e+01
 1.04626674e+02
 1.11823249e+01
 3.22828462e+01
 6.67223431e+01
 2.53656323e+01
 1.39068353e+01
 1.80879788e+01
 5.98102977e+01
 8.12148488e+01
 1.21666769e+02
 1.78271749e+01
 1.25379487e+02
 3.41476140e+01
 6.53491052e+01
 3.27233123e+01
 2.53431596e+01
 1.93717762e+01
 3.09116271e+01
 7.43013849e+01
 1.60298608e+01
 4.99709590e+01
 2.10353392e+01
 2.44328762e+01
 4.02942707e+01
 1.47627840e+01
 1.77577586e+01
 4.71247207e+01
 3.17370186e+01
 2.28210195e+01
 1.47313231e+01
 1.58403260e+01
 5.14011509e+01
 1.28733189e+01
 3.33637732e+01
 3.70163145e+01
 1.06785659e+02
 4.77231900e+01
 4.74004341e+01
 2.81468362e+01
 1.28896911e+01
 6.16536952e+01
 2.90882540e+01
 7.98262398e+01
 3.98915678e+01
 2.67384050e+01
 3.63096751e+01
 1.19832585e+02
 5.70137976e+01
 6.05615706e+00
 6.41124785e+01
 1.51169636e+01
 2.21221101e+01
 3.13954141e+01
 4.63388214e+01
 1.77528764e+01
 2.58891747e+01
 3.96549929e+01
 4.81652930e+01
 3.08568441e+01
 2.73861954e+01
 3.20880863e+01
 4.15193697e+01
 6.22794324e+01
 5.30230675e+01
 1.55023876e+01
 2.76581911e+01
 6.87569068e+01
 3.80297865e+01
 3.68409476e+01
 1.77927434e+01
 1.99505731e+01
 3.77291490e+01
 6.25466167e+01
 5.31477909e+01
 3.77661027e+01
 2.27731530e+01
 3.78884298e+01
 7.30961904e+01
 7.47491066e+00
 6.74606041e+01
 3.71849550e+01
 2.37011704e+01
 5.24346979e+01
 1.22403182e+02
 2.70986976e+01
 4.39313964e+01
 2.09389763e+01
 1.38111910e+01
 3.87442873e+01
 8.03292324e+00
 4.25745748e+01
 7.10723256e+01
 3.03056335e+01
 8.76819424e+01
 8.88696048e+01
 8.85776351e+01
 2.73209599e+01
 2.24278944e+01
 2.10783515e+01
 1.86197610e+01
 1.98095973e+01
 1.79089754e+01
 1.17746926e+01
 1.33244302e+02
 5.68923014e+01
 3.59591044e+01
 4.64921913e+01
 4.76177025e+01
 2.46630870e+01
 2.17494742e+01
 4.07930500e+01
 5.28002670e+01
 2.93309859e+01
 1.93444316e+01
 6.17482223e+01
 8.86019479e+01
 4.43041172e+01
 8.53409847e+01
 2.98296356e+01
 5.87401763e+01
 3.64347997e+01
 3.56056740e+01
 5.08968034e+01
 1.40545830e+01
 3.35833423e+01
 1.04323551e+01
 4.29302232e+01
 3.08577308e+01
 5.34645655e+01
 5.19632801e+01
 1.03770754e+02
 5.15757801e+01
 5.16542552e+01
 2.57651363e+01
 3.55411127e+01
 3.74390320e+01
 3.04043425e+01
 4.84393956e+01
 4.05978203e+01
 2.03883937e+01
 1.21242808e+02
 7.94503879e+00
 6.45937136e+00
 8.58991550e+01
 6.15415318e+01
 5.14309079e+01
 2.97880094e+01
 1.89355128e+01
 3.02369101e+01
 2.37009560e+01
 6.19588994e+01
 5.93520245e+01
 1.43272146e+02
 5.57963308e+01
 2.49351458e+01
 1.21531536e+01
 4.30870437e+00
 3.08984891e+01
 5.90185374e+01
 1.51903356e+01
 4.30565653e+01
 1.18217604e+00
 2.54364639e+01
 6.17450345e+01
 7.73389127e+01
 4.00321830e+01
 6.46151430e+01
 4.83526157e+01
 5.48341584e+01
 1.30996208e+01
 4.76095607e+01
 4.20152109e+01
 1.66174730e+01
 2.41979346e+01
 3.28460896e+01
 6.81633046e+01
 4.05118267e+01
 4.51009240e+01
 7.14140975e+00
 5.37946360e+01
 6.22812545e+01
 9.76224148e+01
 1.27813321e+01
 2.28849016e+01
 1.77640604e+01
 5.61534519e+01
 5.99540728e+01
 1.86024598e+02
 3.24865374e+01
 2.01710826e+01
 5.03453974e+01
 4.70228618e+01
 9.81451847e+01
 3.16974084e+01
 2.23218321e+01
 2.78557621e+01
 1.49026810e+01
 2.74061586e+01
 4.92407794e+01
 8.94052401e+01
 1.19861264e+01
 2.41195566e+01
 1.52867923e+01
 3.90374882e+01
 1.12306933e+02
 2.62119151e+01
 7.58583456e+01
 2.30172076e+01
 1.92214024e+01
 2.23971895e+01
 4.01302280e+01
 3.23009334e+01
 4.29899882e+01
 4.50734850e+01
 6.33225917e+01
 1.22166828e+02
 4.04272300e+01
 3.22426963e+01
 8.27381287e+01
 5.87735303e+01
 4.47921221e+01
 2.60623688e+01
 2.78163662e+01
 7.84262889e+01
 2.31803656e+01
 5.82035231e+01
 1.31985345e+01
 3.69077943e+01
 2.31927889e+01
 5.00752649e+01
 6.08309388e+01
 5.36610925e+01
 8.95365957e+01
 1.59229866e+01
 1.19167702e+01
 4.43524415e+01
 7.88270232e+01
 1.02945187e+02
 2.68912609e+01
 3.64475712e+01
 5.89858025e+01
 3.70718111e+01
 3.21601868e+01
 4.96443437e+01
 4.28516428e+01
 5.34906072e+01
 6.76136712e+01
 6.39253533e+01
 3.67504490e+01
 3.56651948e+01
 4.29709523e+01
 7.54459735e+01
 8.01680222e+01
 7.78254963e+01
 3.24201094e+01
 3.84369940e+01
 3.13820278e+01
 4.17712221e+01
 7.94796440e+01
 8.55615977e+01
 4.55862277e+01
 2.90954645e+01
 6.71315797e+01
 2.19355870e+01
 5.00194619e+01
 2.41158261e+01
 1.56751331e+01
 2.81543902e+01
 2.55528103e+00
 5.54009452e+01
 1.81263138e+01
 6.57552499e+01
 7.95090079e+01
 5.29857482e+01
 7.90716852e+01
 2.04227096e+01
 7.29228843e+01
 1.09913801e+02
 4.10322692e+01
 3.52168556e+01
 5.80598207e+01
 1.65851437e+01
 5.72449699e+01
 7.66745389e+01
 7.12260866e+01
 3.06695627e+01
 1.24664363e+02
 8.79891878e+01
 5.46604479e+01
 1.07132227e+02
 2.14416868e+01
 4.14408384e+01
 5.15077932e+00
 2.18903037e+01
 9.27380210e+01
 1.14647384e+02
 7.07925258e+01
 4.64785011e+01
 5.01165148e+00
 3.25322570e+01
 6.15528835e+01
 1.28932920e+01
 6.14654388e+00
 8.46161496e+00
 4.00492773e+01
 6.49951953e+00
 5.36742855e+01
 3.23893526e+01
 7.33202637e+01
 5.23671722e+01
 7.87637126e+00
 1.83184958e+01
 1.39891652e+02
 5.97205572e+01
 4.55416191e+01
 4.65754827e+01
 2.91255156e+01
 2.04647401e+01
 3.68840764e+01
 5.18957155e+01
 1.08449576e+02
 3.29674594e+01
 3.49359347e+01
 3.53933444e+01
 4.44909666e+01
 4.97023132e+01
 4.13915242e+01
 3.11930790e+01
 5.16287860e+01
 5.54152493e+01
 5.20379033e+01
 6.96684691e+01
 1.03023449e+02
 1.40407381e+02
 1.31089122e+02
 5.49193376e+01
 1.03480511e+02
 1.23660266e+01
 7.46373784e+01
 3.56913451e+01
 9.67993313e+00
 6.06604486e+01
 2.27060500e+01
 7.76332278e+01
 2.29047537e+01
 6.57526337e+01
 7.06327852e+01
 9.86488796e+00
 8.10668540e+01
 3.15980766e+01
 5.14406968e+01
 7.29691876e+01
 3.04374430e+01
 2.48912371e+01
 2.60838040e+01
 3.32231361e+01
 1.21448944e+01
 4.23349346e+00
 6.92769908e+01
 5.94373473e+01
 5.52021732e+01
 2.99860771e+01
 4.56941998e+01
 5.90010080e+01
 5.35006264e+01
 3.43312512e+01
 1.41642544e+01
 1.03017146e+02
 5.67957418e+01
 7.87122645e+01
 1.63474141e+01
 5.27953062e+01
 1.07696412e+02
 4.38033985e+01
 4.48774414e+01
 5.00941640e+01
 1.41649912e+01
 3.59296654e+01
 3.64406664e+01
 1.00645875e+02
 1.10830768e+02
 4.64757289e+01
 2.33134922e+01
 9.65549323e+01
 4.29458762e+01
 3.90628716e+00
 2.60426129e+01
 1.47920865e+01
 1.85534374e+01
 4.45908751e+00
 8.72424074e+01
 4.32561922e+01
 7.28765614e+01
 2.86167631e+01
 6.47195836e+01
 5.59448723e+01
 2.72459581e+01
 1.50183689e+01
 3.22498507e+01
 5.46752684e+01
 3.72781906e+01
 7.37250901e+01
 3.47337835e+01
 7.14715406e+01
 1.18063519e+02
 3.83761545e+00
 2.08818401e+01
 6.09479476e+01
 4.35653730e+01
 1.04302231e+02
 7.30184775e+01
 3.81118136e+01
 3.87314379e+01
 3.77726482e+01
 3.39468446e+01
 5.57035049e+01
 1.06349548e+02
 2.90385038e+01
 4.38150523e+01
 5.50597355e+01
 7.57995383e+00
 4.39743862e+01
 3.43465419e+01
 1.42607896e+01
 4.55592348e+01
 2.74159221e+01
 2.78435613e+01
 8.15128937e+01
 3.08023186e+01
 1.83980152e+01
 2.61476114e+01
 7.04219174e+01
 8.69926740e+01
 3.52934916e+01
 3.03341341e+01
 1.51762032e+01
 3.52225722e+01
 4.38967213e+01
 1.24931117e+02
 5.49146776e+01
 6.02086778e+01
 2.76158463e+01
 3.15401126e+01
 1.01669334e+02
 6.53338089e+01
 1.86315068e+01
 4.74206984e+01
 2.37709907e+01
 2.90590483e+01
 2.13125052e+02
 3.42781149e+01
 1.10541288e+02
 8.09735007e+00
 5.32968242e+01
 1.49951811e+01
 8.44276878e+01
 6.13935746e+01
 4.20847427e+01
 1.65766262e+01
 4.31484142e+01
 9.20959084e+01
 1.64592200e+01
 8.40813937e+01
 7.39435108e+01
 8.27466846e+01
 2.83549965e+01
 4.56608949e+01
 4.34990521e+01
 3.19408964e+01
 6.25926561e+01
 7.83585294e+01
 2.83799434e+01
 3.81888827e+01
 6.02696086e+01
 1.37682932e+01
 1.20113348e+02
 8.30315351e+01
 5.25649552e+01
 3.11600518e+01
 5.52832086e+01
 4.26615474e+01
 2.58759818e+01
 7.41067124e+01
 3.45493089e+01
 4.29288936e+01
 3.65105176e+01
 6.15467722e+01
 1.21116635e+02
 5.33074724e+01
 3.49530865e+01
 1.73361403e+02
 2.60198946e+01
 7.81527272e+01
 4.07762574e+01
 1.81866102e+01
 4.06363306e+01
 4.98088980e+01
 1.03688829e+01
 5.71787456e+01
 9.29372511e+01
 5.96773930e+01
 2.46814349e+01
 1.52054936e+01
 1.37289291e+01
 1.02553412e+02
 5.68522442e+01
 6.89917265e+01
 5.43186979e+01
 1.88389418e+01
 8.31288226e+01
 2.06188362e+02
 1.81729304e+02
 1.14245326e+02
 2.93784536e+01
 4.83541603e+01
 5.71321537e+01
 1.20028565e+02
 6.90876986e+01
 5.27892758e+01
 2.30571481e+01
 1.76973423e+01
 2.08268013e+01
 6.66291318e+01
 1.14995078e+02
 1.30695504e+02
 3.16679632e+01
 1.84262020e+01
 1.84185089e+01
 4.69054913e+01
 6.76418329e+01
 1.04643482e+01
 1.58585315e+01
 2.81236298e+01
 2.25580988e+01
 8.19418835e+01
 2.07423504e+01
 1.28946912e+01
 1.86886362e+01
 1.05985652e+01
 3.60182939e+01
 7.47048115e+01
 4.78634106e+01
 7.08448772e+01
 3.20515367e+01
 4.16971279e+00
 1.61038455e+01
 5.22149495e+01
 1.61048077e+01
 3.57519961e+01
 4.52111916e+01
 1.94306340e+01
 1.97836109e+01
 9.62808431e+01
 1.05786346e+01
 4.76237139e+01
 9.03216793e+01
 3.16029020e+01
 7.65459965e+01
 7.54555352e+01
 1.27646717e+02
 6.81364411e+01
 5.58484038e+00
 1.84399958e+01
 3.02377000e+01
 5.23480935e+01
 6.55522716e+01
 2.65239476e+01
 3.06126263e+01
 4.73860712e+01
 9.01522708e+01
 6.45389010e+01
 6.94060934e+01
 8.61498043e+01
 1.13113090e+02
 1.67199404e+01
 6.27299894e+01
 4.75856637e+01
 6.04892615e+01
 1.99799889e+01
 3.87852481e+01
 1.70876839e+01
 4.74523224e+01
 7.76517929e+01
 1.00872598e+02
 6.23380794e+01
 8.65506002e+01
 2.59037955e+01
 5.94763483e+01
 7.98540766e+01
 4.39110850e+01
 5.49952455e+01
 2.31924552e+01
 1.07728541e+02
 1.38986492e+01
 7.43734462e+01
 9.76244089e+01
 1.44917553e+02
 3.44168032e+01
 5.32624475e+01
 5.67739829e+00
 3.58372050e+01
 4.53276387e+01
 9.48157214e+01
 9.58037653e+00
 3.61881760e+01
 4.28563048e+01
 5.96688120e+01
 2.44457187e+01
 1.16110329e+02
 5.09556910e+01
 4.39656306e+01
 5.85806256e+00
 1.77347924e+01
 6.95557624e+01
 4.56625417e+01
 4.48015505e+01
 3.04034822e+01
 9.81626069e+01
 8.33042687e+01
 2.86097207e+01
 1.67838995e+01
 5.26254993e+01
 5.56078436e+00
 3.73192779e+01
 1.20367131e+01
 1.23745557e+02
 4.22846996e+01
 5.07501909e+01
 4.22076122e+01
 3.73906094e+01
 7.19699485e+01
 1.34316223e+01
 1.91699299e+01
 2.77720743e+00
 2.78817030e+01
 7.01366094e+01
 1.17694838e+02
 9.60859491e+01
 1.53073898e+01
 4.31944398e+01
 2.77033843e+01
 7.64525227e+01
 6.69028838e+01
 7.47926679e+01
 2.60204062e+01
 2.14835298e+01
 3.47781556e+01
 1.90435656e+01
 4.26459473e+01
 6.13227899e+01
 5.65785323e+01
 2.99386267e+01
 3.57570635e+01
 3.23131645e+01
 4.92779086e+01
 6.99191666e+01
 5.89842908e+01
 5.30061910e+01
 3.64024011e+01
 3.66885811e+01
 1.63495349e+02
 6.83753505e+01
 4.46652179e+01
 2.29549899e+01
 3.47605330e+01
 5.23000314e+01
 7.83702420e+01
 7.34814813e+01
 6.04587944e+01
 6.29579970e+01
 2.22149384e+01
 5.67305642e+01
 5.79365714e+00
 2.34864094e+01
 4.66288943e+01
 1.02544165e+02
 1.71666212e+01
 2.00967642e+01
 1.42911220e+01
 4.82996915e+01
 2.00771203e+01
 3.00791395e+01
 1.13218023e+01
 3.62377499e+01
 1.22679776e+01
 3.54721857e+01
 3.29349974e+01
 5.16452907e+01
 2.78189018e+01
 1.28195545e+02
 2.98167184e+01
 9.10348594e+01
 7.02105567e+01
 1.22101423e+01
 1.51348231e+01
 8.57913459e+01
 3.44860487e+01
 7.23893648e+01
 3.45971688e+01
 3.17451914e+01
 2.76854831e+01
 4.29375597e+01
 9.63966181e+01
 8.91475611e+01
 2.07315020e+01
 1.36552815e+01
 1.90709259e+00
 1.75399704e+01
 1.73315153e+01
 1.23515238e+01
 9.29057526e+00
 2.04920670e+01
 4.37789644e+01
 4.70935302e+01
 4.64330142e+01
 4.28325832e+01
 4.34933613e+01
 1.35571684e+01
 2.55185387e+01
 3.18706144e+01
 6.61801500e+01
 1.04242053e+01
 5.72202891e+01
 6.93281173e+01
 1.19798870e+01
 1.38409856e+01
 4.27387166e+01
 9.68125906e+01
 5.09984881e+01
 1.42833262e+01
 1.22434471e+01
 3.61275410e+01
 7.23146808e+01
 6.41032658e+01
 3.52294180e+01
 3.10718982e+01
 3.02848777e+01
 1.83324761e+01
 7.37478838e+01
 2.22291622e+01
 3.32015470e+01
 1.08046970e+02
 6.23593231e+01
 3.35058816e+01
 4.52878571e+01
 4.17743802e+01
 6.34735988e+01
 4.25128448e+01
 5.26656229e+01
 6.37056513e+01
 3.63919316e+01
 5.05222747e+01
 3.76578397e+01
 1.32634147e+01
 2.57772458e+01
 7.62224196e+01
 1.22394234e+02
 2.17778221e+01
 1.80657266e+01
 1.72146036e+01
 1.56503753e+01
 6.89677759e+01
 9.70528834e+01
 1.28021031e+02
 5.23427164e+01
 3.33204759e+01
 4.67251792e+01
 2.11751902e+01
 5.98028971e+01
 4.65871370e+01
 5.58245932e+01
 2.54149872e+01
 1.04237770e+01
 5.55323620e+01
 7.56714457e+01
 6.40017508e+01
 4.71951178e+01
 3.88721350e+01
 4.73709098e+00
 1.64983758e+01
 6.98557578e+01
 3.20673615e+01
 2.26710509e+01
 3.88787536e+01
 2.86825306e+01
 5.26195896e+00
 1.06651768e+02
 9.92706513e+01
 4.41306353e+01
 2.50228682e+01
 1.62284233e+01
 3.03616007e+01
 5.37374949e+01
 3.95870005e+01
 6.58707597e+01
 3.18202711e+01
 1.79615691e+01
 1.50301778e+01
 7.10713273e+01
 8.31940585e+01
 4.77499296e+01
 4.03577020e+01
 9.22884238e+00
 3.45575624e+01
 1.19930297e+01
 1.17912551e+02
 4.22760373e+01
 2.49551233e+01
 6.76854330e+01
 5.54163796e+01
 5.41355977e+01
 7.86020846e+01
 4.64731845e+01
 4.52551125e+01
 1.37815779e+01
 6.32726275e+01
 2.16889423e+01
 3.67941624e+01
 1.30582190e+01
 5.98079725e+00
 1.21252993e+01
 4.62359933e+01
 7.49630015e+01
 7.65846703e+01
 1.47729825e+01
 1.94626478e+01
 1.46461609e+01
 4.37807532e+01
 6.53121627e+01
 4.39906806e+01
 3.94522272e+01
 2.03320212e+01
 3.19927335e+01
 1.20399518e+01
 5.74073248e+01
 8.47856958e+01
 5.36066184e+01
 2.45677302e+01
 4.10597471e+01
 4.78259042e+01
 4.36707783e+01
 4.71861832e+01
 4.97457101e+01
 4.99676922e+01
 3.63136342e+01
 5.51755868e+01
 5.98713796e+01
 6.03383668e+01
 9.67934551e+01
 1.12364656e+02
 4.25247044e+00
 2.45525199e+01
 1.04193749e+01
 2.96529939e+01
 5.88096463e+01
 2.06768393e+01
 3.48859560e+01
 4.99264119e+01
 7.48665586e+00
 6.69131445e+01
 6.87579299e+01
 1.85493767e+01
 2.21741380e+01
 5.06233345e+00
 1.67964232e+01
 3.47182340e+01
 5.47382924e+01
 6.21471191e+01
 2.63156385e+01
 9.10853331e+01
 7.27482475e+01
 2.81373431e+01
 3.09450739e+01
 5.43185956e+00
 2.63916173e+01
 3.82101645e+01
 2.54870146e+01
 8.67549727e+00
 3.89863927e+01
 3.29197238e+01
 4.95052460e+01
 4.26182209e+01
 5.87754667e+01
 1.16234948e+02
 1.06558075e+02
 6.63733679e+01
 4.00520436e+01
 3.39238622e+01
 5.37149035e+01
 2.87440660e+01
 6.87452481e+01
 8.77174299e+01
 4.02496552e+00
 3.92811208e+01
 5.25285464e+01
 6.91118306e+01
 5.17553394e+01
 2.11445617e+01
 8.83366624e+00
 2.63240306e+00
 6.24225224e+01
 1.97124289e+01
 3.84342194e+01
 2.14770038e+01
 2.09785657e+01
 4.72851112e+01
 9.97588697e+01
 1.00672379e+02
 3.33168526e+01
 3.28760026e+01
 2.70231722e+01
 3.59478427e+01
 2.83141644e+01
 4.75908704e+01
 1.58898766e+01
 2.01224688e+01
 3.41655151e+01
 2.99917970e+01
 3.41867276e+01
 3.29831180e+01
 4.82464568e+01
 1.92591854e+01
 6.38967255e+01
 1.16750979e+02
 3.40763370e+01
 3.84296464e+01
 4.74077828e+01
 4.82409208e+01
 2.20916961e+01
 1.97523565e+01
 1.18102256e+02
 1.25627768e+02
 6.81032252e+01
 8.06572568e+01
 3.37855503e+01
 9.59125663e+01
 7.55292140e+01
 7.99173101e+00
 1.25838391e+01
 3.37027096e+00
 3.56345382e+01
 3.18196937e+01
 8.42000374e+01
 1.40142783e+02
 6.05481638e+01
 8.35128127e+01
 7.30756843e+01
 2.04705838e+01
 1.22927723e+01
 1.81714888e+01
 4.57601031e+01
 6.96749220e+00
 6.16780080e+01
 1.28002500e+01
 7.77157306e+01
 1.55572660e+02
 6.77692037e+01
 2.03893425e+01
 1.48210297e+01
 3.73223850e+01
 5.01598724e+01
 4.75906535e+01
 3.76447027e+01
 5.21747533e+01
 3.93152213e+01
 1.62509318e+01
 4.29200392e+01
 8.57984053e+01
 9.27343623e+01
 2.68695270e+01
 2.02942499e+01
 3.41959050e+01
 6.38208931e+01
 4.12493849e+01
 1.05834633e+01
 3.75245060e+01
 5.14340288e+01
 3.41159657e+01
 9.55225057e+00
 3.61620979e+01
 9.03701345e+01
 6.04368929e+01
 5.33672584e+01
 9.96582696e+00
 1.14575016e+01
 3.31670722e+01
 4.06576869e+01
 1.11335282e+01
 5.78914180e+01
 8.13007920e+01
 8.68819593e+01
 1.02422872e+02
 8.36057531e+01
 7.68935636e+01
 1.19738305e+01
 2.39414414e+01
 5.38528536e+01
 1.61969185e+01
 1.86600608e+01
 4.25265448e+01
 2.39356659e+01
 6.38089129e+01
 1.45039926e+01
 1.21979774e+02
 4.81763804e+01
 3.71586300e+01
 1.51041515e+01
 2.67846126e+01
 4.02803057e+01
 3.44279991e+01
 4.98586524e+01
 1.97735204e+01
 2.64939511e+01
 5.15504479e+01
 7.52149285e+01
 6.82295830e+01
 7.93779453e+01
 2.89542136e+01
 6.51195587e+01
 8.09879811e+01
 2.90184068e+01
 3.64129409e+01
 5.03182788e+00
 3.86196519e+01
 6.51293767e+01
 1.34496790e+01
 5.22296550e+01
 1.16324369e+02
 6.46479124e+01
 3.03153891e+01
 4.60381568e+01
 4.15583000e+01
 1.66185540e+02
 5.00303233e+01
 3.06974280e+01
 1.57455637e+01
 7.13945301e+01
 5.99013404e+01
 4.28364077e+01
 8.75156325e+01
 1.13279372e+02
 3.89135006e+01
 5.80401753e+01
 4.60384780e+01
 3.10189958e+01
 1.99990240e+01
 5.73122149e+00
 1.89361462e+01
 1.34793626e+01
 7.74156598e+00
 3.15243344e+01
 9.86182833e+01
 9.90969655e+01
 2.04090655e+01
 2.53703891e+01
 1.23863781e+01
 2.27796303e+01
 1.11279279e+02
 6.90292846e+01
 2.17744212e+01
 1.86270687e+01
 2.74913428e+01
 4.94515508e+01
 3.60274680e+01
 1.00640485e+02
 6.41746477e+01
 1.60040832e+01
 7.33136559e+00
 1.28535824e+01
 2.22711644e+01
 8.15957222e+01
 7.16869894e+00
 5.41371190e+00
 2.51266634e+01
 7.69335890e+01
 1.21903430e+02
 7.59676213e+01
 5.87042678e+00
 7.20723448e+00
 6.20408099e+01
 3.46820728e+01
 3.31793119e+00
 5.08221841e+01
 1.28957543e+01
 3.09734414e+01
 9.74188880e+00
 5.09846642e+01
 5.91661292e+01
 9.90855934e+01
 7.65939709e+01
 1.48747640e+01
 4.01895499e+01
 4.75027669e+01
 2.28831009e+01
 2.83321834e+01
 2.79151759e+01
 9.45452790e+01
 6.21442337e+00
 5.93811231e+01
 2.54766129e+01
 7.41507511e+01
 9.97233948e+01
 2.73120173e+01
 1.41164570e+00
 7.71574399e+01
 1.00767888e+02
 6.78651686e+01
 5.12696025e+01
 2.15935024e+01
 4.44705579e+01
 1.89926538e+01
 3.51361756e+01
 7.97415334e+01
 1.44106822e+01
 3.29908620e+01
 6.96648256e+01
 9.73665641e+01
 3.73452165e+01
 5.38626122e+01
 3.19877186e+01
 6.33943039e+01
 3.76827212e+01
 1.28358500e+02
 4.62061037e+01
 7.08347753e+01
 6.49087298e+00
 1.18694325e+01
 1.55213672e+01
 2.98163545e+01
 6.46604821e+01
 4.56005213e+01
 3.40921392e+01
 3.69480564e+01
 4.34003833e+01
 4.51533836e+01
 9.24286260e+01
 9.51546778e+01
 1.77498212e+01
 2.22405285e+01
 2.81851052e+01
 1.94490270e+02
 1.10164365e+02
 4.04535070e+01
 1.94514398e+01
 3.71613618e+01
 1.50691772e+02
 4.51530347e+01
 3.50568207e+01
 2.79525868e+01
 1.93652837e+01
 1.49053905e+01
 1.26270532e+01
 8.73577596e+00
 6.19017180e+01
 3.21809219e+01
 2.35442512e+01
 2.40487389e+01
 3.20919766e+01
 5.89405184e+01
 1.04143393e+02
 1.07024144e+02
 2.68106150e+01
 8.51517180e+01
 6.85172807e+00
 1.29338697e+02
 1.88854624e+01
 8.76182851e+01
 6.24850105e+01
 4.16024247e+01
 3.01888053e+01
 5.09490438e+01
 5.69336022e+01
 7.73519963e+01
 7.61609638e+01
 1.03058948e+02
 2.96835318e+01
 9.18900480e+01
 6.27852282e+01
 2.84063398e+01
