 4.30789593e+01
 4.89919453e+01
 1.09967408e+02
 5.11571418e+01
 4.94493329e+01
 6.98522067e+01
 7.57915166e+01
 6.47223363e+01
 8.21571811e+01
 7.78833894e+01
 9.12641587e+01
 1.21093995e+01
 4.52735968e+01
 7.73568149e+01
 4.50288869e+01
 2.98505472e+01
 7.66212345e+01
 3.74106771e+01
 3.20547425e+01
 8.01053393e+01
 7.69590915e+01
 1.04391386e+02
 1.21704869e+02
 1.22625185e+01
 2.73217808e+01
 2.37120237e+01
 4.70650048e+01
 6.60550176e+01
 1.03000913e+02
 9.15618148e+01
 1.93317779e+01
 1.58695276e+01
 5.53891977e+01
 5.48468011e+01
 7.64518051e+01
 2.47721098e+01
 5.92639488e+01
 3.39399411e+01
 2.81650939e+01
 6.06613525e+01
 9.79341987e+01
 5.99322951e+01
 7.80183433e+01
 7.78363943e+01
 1.85692382e+01
 9.72510884e+01
 6.15133724e+01
 2.48590503e+01
 2.72879424e+01
 4.94825735e+00
 4.04283627e+01
 8.68476826e+01
 1.43063439e+01
 1.10826043e+02
 3.18223611e+01
 7.37836221e+01
 3.47843947e+01
 8.08965198e+01
 4.82959765e+01
 5.70229105e+01
 2.55029679e+01
 2.65697189e+01
 4.53697892e+01
 5.45701957e+01
 7.23429188e+01
 1.00054451e+02
 1.79353621e+01
 2.47570091e+01
 1.75094467e+01
 1.27754236e+01
 3.96905757e+01
 4.55724149e+01
 2.04626963e+01
 1.70350550e+01
 3.64460784e+01
 1.02037797e+02
 9.24646592e+01
 8.02610406e+01
 5.38271004e+01
 2.95126523e+01
 2.25469460e+01
 6.02765219e+01
 6.75314448e+01
 9.74355222e+01
 3.51973750e+01
 4.11119539e+01
 8.87879504e+01
 7.23423911e+01
 5.38315972e+01
 8.18741693e+01
 5.56399987e+01
 2.46676156e+01
 8.07610473e+01
 8.01928888e+01
 1.15095936e+02
 1.20566919e+02
 7.45065023e+01
 7.63753627e+01
 3.54465914e+01
 7.15740073e+01
 3.88092548e+01
 9.46023177e+01
 2.01615104e+01
 4.22207354e+01
 3.84259194e+01
 9.86439586e+01
 4.23623985e+01
 5.33819231e+01
 7.93448669e+01
 2.45296541e+01
 9.55720868e+01
 6.19291489e+01
 5.53343208e+01
 8.00285622e+01
 9.52225416e+01
 8.51884917e+01
 1.12325253e+02
 4.80387823e+01
 9.56884143e+01
 5.33526278e+01
 4.43153122e+01
 4.98856603e+01
 5.77225806e+01
 8.64451029e+01
 5.40717859e+01
 6.93204363e+01
 4.14054970e+01
 1.21837922e+01
 9.51794494e+01
 1.22275484e+02
 3.65447201e+01
 1.07947672e+01
 2.76008308e+01
 2.21188780e+01
 4.36260535e+01
 4.19266076e+01
 2.21821792e+01
 5.51408634e+01
 9.91342748e+01
 6.78583399e-01
 3.12633172e+01
 3.18530376e+01
 5.38485358e+01
 4.79577807e+01
 1.89958438e+01
 1.02477477e+00
 4.44919751e+01
 3.86901521e+01
 1.41609552e+02
 4.88344468e+01
 3.90583909e+01
 1.02143902e+02
 1.10502781e+01
 4.74666460e+01
 3.57914545e+01
 7.69543124e+01
 2.15290974e+01
 1.10744601e+01
 4.45723677e+01
 8.00099198e+01
 4.24072397e+01
 7.15835831e+01
 7.97842075e+01
 1.66480782e+02
 5.33177177e+01
 5.50302556e+01
 4.37394655e+01
 3.46277192e+00
 7.01685146e+01
 5.72815177e+01
 2.75072328e+01
 8.91426686e+01
 4.83423165e+01
 5.40397501e+01
 6.09981987e+01
 1.96372450e+01
 8.93451230e+01
 5.25549676e+01
 7.52409543e+01
 7.71466484e+01
 7.70334285e+01
 3.28580960e+01
 2.94400183e+01
 2.69231859e+01
 8.16632576e+01
 4.46241167e+01
 1.50887714e+02
 1.10524926e+01
 4.56417306e+01
 4.49859014e+01
 1.87944769e+01
 1.70669619e+01
 8.97865993e+01
 3.46064341e+01
 7.21272995e+01
 7.57044306e+01
 7.84960752e+01
 6.31511785e+01
 6.00734382e+01
 5.61738460e+01
 4.89253862e+01
 1.09384095e+02
 7.15373685e+01
 5.37042972e+01
 4.17192088e+01
 3.53887197e+01
 4.50199273e+01
 6.21668277e+01
 1.14069207e+02
 4.01871877e+01
 7.82073665e+01
 1.37673456e+01
 9.17953304e+01
 1.01893180e+02
 2.00573110e+01
 4.69841202e+01
 1.48769674e+01
 2.01511464e+01
 2.21682137e+01
 1.00063947e+02
 2.18501342e+01
 8.32877951e+01
 2.09602205e+01
 1.18991496e+02
 8.93873961e+01
 9.03911236e-01
 8.11194585e+01
 5.44699534e+01
 5.11766159e+01
 3.20688555e+01
 6.11124370e+01
 4.18084778e+01
 3.39763054e+01
 8.81955272e+01
 1.54915008e+01
 2.16750937e+01
 7.33769123e+01
 8.13380492e+00
 1.04713307e+02
 8.19894757e+00
 3.43874544e+01
 3.22977849e+01
 5.31521750e+01
 8.13070424e+01
 2.90953622e+01
 1.18129979e+02
 4.45645725e+01
 5.15816188e+01
 3.72680420e+01
 2.36053239e+01
 4.75016660e+01
 5.21262722e+01
 4.14679607e+01
 2.52034937e+01
 2.46434651e+01
 1.41484607e+02
 7.78643010e+01
 7.94655372e+01
 6.65831603e+01
 2.57657820e+01
 4.43973669e+01
 1.42089228e+02
 6.91582983e+01
 4.83767857e+01
 8.79733259e+01
 1.18583243e+02
 7.38498129e+01
 1.46667675e+02
 4.82299199e+01
 3.72421411e+01
 2.32306247e+01
 2.47050616e+01
 5.21939308e+01
 1.01293089e+02
 1.09271454e+02
 3.99991534e+01
 8.43190379e+01
 1.04236065e+01
 5.37255975e+01
 7.75919241e+01
 9.85446482e+01
 5.06530379e+01
 5.76908348e+01
 1.07735387e+02
 1.87322095e+01
 7.05814199e+01
 3.26496678e+01
 3.32997432e+01
 5.95615343e+01
 7.07595249e+01
 3.68493152e+01
 1.26374635e+02
 3.79106325e+01
 8.20045058e+01
 3.56450102e+01
 7.12674095e+01
 7.30052948e+01
 1.13496067e+02
 1.01366831e+02
 6.68719714e+01
 2.33826451e+01
 3.27762841e+01
 1.25398521e+02
 1.52811351e+02
 4.37491100e+01
 5.70764057e+01
 1.66780950e+01
 2.58749144e+01
 1.60702843e+01
 1.96460060e+01
 4.67793744e+01
 6.21533845e+01
 5.85986018e+01
 3.43367781e+01
 3.71728513e+01
 4.31873931e+01
 2.21305240e+01
 2.77176920e+01
 1.08813362e+01
 8.43952552e+01
 4.14059547e+01
 9.46421328e+01
 5.92317717e+01
 9.36660508e+01
 3.12780902e+01
 5.59174465e+01
 5.67764126e+01
 1.29858407e+02
 9.64735202e+01
 6.07025694e+01
 8.88536929e+01
 4.87084069e+01
 8.55070422e+01
 9.97371533e+01
 1.45807027e+01
 3.40552973e+01
 4.13290849e+01
 3.68820907e+01
 5.21147305e+01
 4.60151020e+01
 5.26851031e+01
 1.11285701e+02
 6.86961678e+01
 3.29724386e+01
 5.76760978e+01
 1.04332679e+02
 2.56043162e+01
 4.70437386e+01
 1.10300839e+01
 3.05281967e+01
 1.01744020e+02
 1.13506061e+02
 4.23007090e+01
 6.04361396e+01
 7.91342706e+01
 2.02290507e+01
 2.04111276e+01
 1.06455401e+02
 4.51461039e+01
 4.01749686e+01
 7.70341471e+00
 3.17135284e+01
 3.00543459e+01
 6.85174693e+01
 8.69836998e+01
 4.17161993e+01
 4.29716490e+01
 6.59038843e+01
 6.55540160e+01
 7.29654752e+01
 4.35396137e+01
 5.27375402e+01
 4.45710327e+01
 4.82402389e+01
 4.82272110e+01
 5.33023427e+01
 1.04974416e+02
 1.34152524e+02
 8.81026185e+01
 3.61336163e+01
 1.98159263e+01
 8.01657957e+01
 1.49548987e+02
 8.07885275e+01
 8.58224923e+01
 3.29774596e+01
 7.87853320e+00
 4.60307882e+01
 1.23270528e+02
 1.00506159e+02
 3.70468594e+01
 1.18283548e+02
 7.31313880e+01
 1.13526370e+02
 4.33974100e+01
 4.03915842e+01
 7.32894766e+01
 4.98039871e+01
 1.29282718e+02
 3.41524202e+01
 9.36830735e+01
 7.39017472e+01
 5.90363006e+01
 4.94545605e+01
 1.00643926e+02
 1.12229437e+01
 8.04642965e+01
 7.43000765e+01
 5.31377442e+01
 3.18311339e+01
 5.57733009e+01
 8.86839732e+01
 7.83558401e+01
 9.74217803e+01
 6.11428576e+01
 1.87184624e+01
 2.68492198e+01
 9.61888699e+01
 2.25560810e+01
 7.14880518e+01
 4.06334975e+01
 1.75184972e+01
 1.31496076e+01
 1.27106121e+02
 4.44501053e+01
 3.04380256e+01
 1.75179478e+01
 1.87325144e+01
 6.18958528e+01
 1.01934397e+02
 8.86229163e+01
 8.80838322e+01
 1.26480062e+02
 4.29848239e+01
 3.44913007e+01
 2.90463851e+01
 8.56956357e+01
 8.77685413e+00
 3.97162861e+01
 5.15312718e+01
 3.08467770e+01
 1.11419307e+02
 3.82746609e+01
 5.76223932e+01
 1.41011896e+01
 3.63485720e+01
 1.15811890e+01
 4.86037930e+01
 4.77539224e+01
 5.77976365e+01
 8.43114985e+00
 1.07984772e+01
 4.90089706e+01
 5.66479141e+01
 4.67178790e+01
 6.33885145e+01
 4.25527658e+01
 2.84970869e+01
 6.47737990e+01
 1.38989303e+01
 6.92201640e+01
 3.35528907e+01
 2.99555056e+01
 6.14272010e+01
 5.87189831e+01
 5.09792276e+01
 8.33434488e+01
 6.48603059e+01
 3.21490056e+01
 4.99596019e+01
 3.47230925e+01
 5.08145205e+01
 2.41318038e+02
 1.27781076e+02
 3.69218298e+01
 1.26782145e+02
 2.43318003e+01
 4.20493878e+01
 3.16653264e+01
 3.82355205e+01
 4.57279772e+01
 6.27224004e+01
 4.46748205e+01
 6.16677639e+01
 1.05636324e+02
 2.45738450e+01
 1.19007398e+01
 4.74954346e+01
 3.72702037e+01
 2.86465407e+01
 6.50839154e+01
 2.58058370e+01
 3.45839755e+01
 5.79162545e+01
 7.55400737e+01
 3.68367938e+01
 9.28671238e+01
 4.79328552e+01
 7.43992067e+01
 3.69106388e+01
 8.10175783e+00
 6.08103985e+01
 5.80119251e+01
 7.07875486e+01
 3.31537201e+01
 8.33060785e+01
 8.10742107e+01
 1.92085636e+02
 8.51548848e+01
 3.87399311e+01
 2.18819799e+01
 1.62229374e+01
 6.27651007e+01
 3.07392515e+01
 4.89431234e+01
 6.19527660e+01
 2.77319431e+01
 4.56128504e+01
 1.17273362e+02
 1.36834059e+02
 5.64564745e+01
 9.33208106e+01
 7.66852523e+00
 2.50545702e+01
 6.64985738e+01
 5.46617146e+01
 6.56774736e+01
 5.02883709e+01
 4.14533594e+01
 2.21463437e+01
 2.78783413e+01
 3.84493850e+01
 9.88992992e+01
 6.63207920e+01
 7.39935802e+01
 2.31488387e+01
 1.63751186e+01
 6.30006220e+01
 5.53765290e+01
 8.16910523e+01
 3.81467335e+01
 1.79997831e+01
 5.20409687e+01
 9.00279894e+01
 6.35446761e+01
 3.77820305e+01
 9.03790323e+01
 1.35304139e+01
 8.73170147e+01
 7.89225246e+01
 8.95682944e+01
 6.46264703e+01
 3.10869039e+01
 5.06570282e+01
 1.21182172e+02
 5.50027522e+01
 6.54597058e+01
 8.04966779e+01
 3.09706633e+01
 1.81059484e+01
 6.13460246e+01
 4.50093844e+01
 1.61913432e+01
 2.89379436e+01
 1.74471835e+01
 8.84125905e+00
 7.06483171e+01
 3.57511970e+01
 3.68730028e+01
 4.66892506e+01
 1.80524626e+01
 7.33211932e+01
 4.09872551e+01
 4.23473192e+01
 8.67750084e+01
 3.95891372e+01
 5.90872664e+01
 6.05452887e+01
 2.91349154e+01
 5.14010159e+01
 1.16141884e+02
 2.15786044e+01
 2.86534711e+01
 9.94164795e+00
 7.11202389e+01
 9.46662491e+01
 3.51309246e+01
 1.71857286e+01
 4.14593860e+01
 5.79306397e+01
 4.80016432e+01
 7.10681684e+01
 6.38669236e+01
 2.80655256e+01
 1.95752844e+01
 6.87951945e+00
 2.03318880e+01
 1.56651041e+01
 7.32271837e+01
 2.71991043e+01
 9.30107742e+00
 6.54281750e+01
 2.57013452e+01
 2.17852102e+01
 8.96902121e+01
 1.17475723e+02
 4.59511968e+01
 1.58445538e+01
 1.37120937e+02
 1.35054352e+01
 6.78817748e+01
 5.59776026e+01
 2.54884323e+01
 3.53018890e+01
 4.19674655e+01
 7.84764763e+01
 6.91074556e+01
 6.11308873e+01
 2.25076641e+01
 7.84517743e+01
 9.46065893e+01
 1.25974263e+02
 9.50373542e+01
 7.33462351e+01
 3.14533110e+01
 5.12598614e+01
 5.72426320e+01
 5.81331290e+01
 1.19812064e+02
 9.35485081e+01
 2.91980002e+01
 4.87589975e+01
 5.00700173e+01
 3.25164260e+01
 3.37185482e+01
 7.31327985e+01
 5.91995364e+01
 4.52662539e+01
 4.98229993e+01
 2.57202088e+01
 7.84833447e+01
 8.28651774e+01
 1.21746650e+02
 3.15585214e+01
 9.37206486e+00
 6.18428882e+01
 7.40922543e+01
 4.14497298e+01
 5.18442381e+01
 1.02841052e+01
 2.02706708e+01
 9.91821623e+01
 2.44202529e+01
 3.20661640e+01
 3.02103151e+01
 3.35452277e+01
 1.62569322e+01
 5.62949294e+01
 5.05381802e+01
 6.37623173e+01
 6.09957676e+01
 1.18938584e+01
 8.24869598e+00
 2.68296085e+01
 4.75825310e+01
 2.74865197e+01
 1.39017295e+01
 3.29152001e+01
 9.16051817e+01
 2.26263236e+01
 8.51152760e+00
 2.05574880e+01
 5.98446403e+01
 6.45670413e+01
 1.16718551e+02
 7.36402963e+01
 4.98071799e+01
 1.61123251e+01
 3.74608024e+01
 1.77720606e+01
 8.68511056e+01
 1.71304974e+01
 1.13660895e+02
 5.66916889e+01
 3.41928894e+01
 5.58223957e+01
 6.09359153e+01
 6.60264458e+01
 4.37496946e+01
 1.29677461e+02
 2.03410465e+01
 6.55365175e+01
 9.41350129e+01
 1.16841023e+02
 1.63016606e+01
 3.74039562e+01
 3.05592294e+01
 5.48845746e+01
 3.42957832e+01
 1.98737819e+01
 1.16012620e+02
 9.64584859e+01
 2.77491534e+01
 1.99568701e+01
 4.52678453e+01
 1.67608685e+02
 7.26483876e+01
 8.84536837e+01
 6.50204772e+01
 3.76725105e+01
 2.39113355e+01
 7.04756475e+01
 5.51278365e+01
 1.29803941e+02
 2.27444667e+01
 6.33570269e+01
 3.52650282e+01
 6.17630559e+01
 7.05638759e+01
 8.09882982e+01
 5.04544860e+01
 1.24821743e+01
 5.71131104e+01
 5.65612361e+01
 4.24589168e+01
 7.05468412e+01
 6.37415919e+01
 1.33756279e+02
 3.15068872e+01
 1.19759330e+02
 5.60785281e+01
 1.74158250e+01
 4.11065571e+01
 1.88730852e+01
 3.11279309e+01
 1.00537230e+02
 5.06806774e+01
 7.10947270e+01
 1.31548316e+01
 3.74756157e+01
 4.10931263e+01
 2.98199689e+00
 7.92494087e+00
 7.23101547e+01
 3.48295647e+01
 4.01298901e+01
 6.25831468e+01
 3.79805409e+01
 9.19410576e+01
 1.51255799e+02
 1.01664821e+02
 8.65096366e+01
 5.28252312e+01
 5.16417391e+01
 3.69525686e+01
 1.44316610e+01
 3.63568359e+01
 1.00482945e+01
 4.86671509e+01
 5.95015208e+01
 6.46029338e+01
 2.95417995e+01
 6.54940094e+01
 5.05459136e+01
 3.50612584e+01
 8.22982863e+01
 6.18360359e+01
 3.87912650e+01
 4.00336007e+01
 1.40064852e+01
 1.28994394e+02
 6.49851729e+01
 2.58146383e+01
 5.59681258e+01
 2.66300009e+01
 4.72518891e+01
 1.53135579e+02
 7.54269852e+01
 6.60198167e+01
 8.68079090e+01
 4.05525495e+01
 3.53839693e+01
 1.46466274e+01
 7.23930612e+01
 4.37865999e+01
 4.16140669e+01
 2.78739249e+01
 4.26519636e+00
 1.26825966e+02
 5.10292921e+01
 7.39705553e+01
 9.63265033e+01
 1.48660760e+01
 2.33784593e+01
 8.98449072e+01
 2.31219231e+01
 2.83841528e+01
 4.79366836e+01
 3.49754806e+01
 2.90294662e+01
 3.40347312e+01
 6.99386594e+01
 7.07355048e+01
 7.02837954e+01
 3.68890949e+01
 9.25877698e+01
 2.75658792e+01
 7.52105626e+01
 5.25473283e+01
 5.86504249e+01
 1.37884191e+02
 6.30339317e+01
 1.08150845e+02
 3.98299495e+01
 1.13715040e+02
 7.11022932e+01
 6.34452926e+01
 8.08120516e+01
 2.36644965e+01
 1.89306645e+01
 6.35800419e+01
 3.59095866e+01
 2.35224588e+01
 1.32270246e+01
 7.19045540e+01
 2.94406127e+01
 2.19016215e+01
 3.65708157e+01
 5.67292129e+01
 9.45495123e+01
 9.14947050e+00
 6.71981777e+01
 1.24294511e+02
 4.02783252e+01
 6.39496742e+00
 4.02213888e+01
 1.19278241e+01
 5.11346681e+01
 6.23868259e+01
 8.42086096e+01
 2.46819928e+01
 7.96476179e+01
 6.32537360e+01
 7.56254526e+01
 3.95736686e+01
 5.82302354e+01
 2.46787870e+01
 2.66035509e+01
 2.88898766e+01
 1.11675524e+02
 4.16069098e+01
 4.65227192e+01
 3.58735426e+01
 6.65427114e+01
 7.30505205e+01
 7.99892972e+01
 6.65033621e+01
 1.01577706e+02
 7.53482394e+01
 4.16814412e+01
 4.29031224e+01
 7.96291835e+00
 3.82778245e+01
 5.30093237e+01
 4.53362553e+01
 3.33560301e+01
 1.04390967e+02
 5.22803394e+01
 9.35683383e+01
 4.32786955e+01
 6.61182612e+01
 1.62321333e+01
 6.39630659e+01
 1.67171200e+02
 6.80974165e+01
 7.76766323e+01
 2.84765134e+01
 3.94853490e+01
 2.88268893e+01
 7.54637531e+01
 8.86776780e+01
 1.01361173e+02
 1.24173598e+01
 7.74343633e+01
 7.69606709e+01
 5.93497834e+01
 7.85257886e+01
 8.70949101e+00
 4.26814640e+01
 2.70905664e+01
 5.35729936e+00
 5.67656896e+01
 2.20697120e+01
 4.83999053e+01
 6.53289662e+01
 6.65216321e+01
 2.47718821e+02
 8.57491008e+01
 6.20491458e+01
 1.11901691e+02
 4.75800268e+01
 5.23222431e+01
 9.23745568e+01
 3.70601584e+01
 6.88748964e+01
 7.83813312e+01
 2.45844922e+01
 5.18506021e+00
 3.56278997e+01
 5.22610117e+01
 3.69249185e+01
 6.48702168e+00
 3.49849225e+01
 4.18780808e+01
 7.28767808e+01
 7.15730879e+01
 9.79755228e+01
 1.44923616e+02
 5.56445052e+01
 1.88746277e+01
 3.59593139e+01
 8.46798861e+01
 1.39063660e+02
 6.39349121e+01
 5.50870434e+01
 5.74892828e+01
 2.88280049e+01
 1.11088121e+02
 8.19119381e+01
 5.80042682e+01
 2.73257977e+01
 4.75069276e+01
 1.47163352e+01
 1.19896379e+02
 1.50029069e+02
 3.23794503e+01
 9.00135460e+01
 5.93552617e+01
 2.34807449e+01
 4.86187390e+01
 9.73203485e+01
 1.40808558e+02
 7.41493812e+01
 4.54715990e+01
 9.64356851e+01
 4.20709220e+01
 4.01893047e+01
 1.73102918e+01
 4.00990509e+01
 3.78221451e+01
 3.65696391e+01
 5.33201789e+01
 5.95075040e+01
 4.01315953e+01
 2.18261957e+01
 2.21730735e+01
 1.99888023e+02
 4.62836364e+01
 6.49677092e+01
 8.29980099e+01
 5.42612572e+01
 6.59434250e+01
 9.30952690e+01
 5.32864113e+01
 8.14985164e+01
 1.03807184e+02
 2.54525697e+01
 1.72427478e+01
 4.37632412e+00
 1.08180550e+02
 1.05581145e+02
 6.10570766e+01
 4.04187454e+01
 2.94362173e+01
 6.55498277e+01
 6.81950888e+01
 8.37787352e+01
 9.34307225e+01
 8.05985982e+01
 2.14091980e+01
 6.46476154e+01
 6.20924896e+01
 5.60349914e+01
 6.49841761e+01
 3.34123785e+01
 1.95597413e+01
 7.38569747e+01
 9.97486574e+01
 6.63878913e+01
 5.68239600e+01
 1.07265514e+02
 8.74959692e+01
 1.59952380e+02
 6.86257141e+01
 2.26980607e+01
 3.57696306e+01
 3.42675988e+01
 1.26266136e+02
 1.85298936e+01
 7.87824587e+01
 8.76433856e+01
 8.40316617e+01
 2.10055397e+01
 1.52610074e+01
 6.19542458e+01
 7.38185494e+01
 4.36071299e+01
 7.18049400e+01
 3.10303573e+01
 5.10615617e+01
 3.44506123e+01
 3.88140410e+01
 6.30720842e+01
 2.53616326e+01
 2.11583202e+01
 6.24127346e+01
 8.51568254e+01
 7.90938722e+01
 2.90536553e+01
 6.82736793e+01
 7.17366446e+01
 1.29355214e+01
 1.53635414e+02
 7.49396537e+01
 2.52380637e+01
 5.83160593e+01
 4.58468341e+01
 4.61255114e+01
 5.42506063e+01
 1.29011437e+02
 9.28449437e+01
 3.51994650e+01
 5.28462536e+01
 2.93608719e+01
 2.35951634e+01
 2.71042137e+01
 1.03909703e+02
 5.93193731e+01
 9.29054761e+01
 1.17499094e+01
 6.34822060e+01
 3.92992104e+01
 7.06118068e+01
 1.40528147e+02
 4.99894115e+01
 3.07055874e+01
 7.59257300e+01
 6.55243834e+01
 9.78539961e+01
 2.32739690e+01
 1.03743276e+02
 2.47289782e+01
 2.71124718e+01
 1.14499441e+02
 2.57167646e+01
 6.43941597e+01
 5.03141144e+01
 1.62865202e+01
 5.25637128e+01
 3.20900068e+01
 8.67448363e+01
 8.69129074e+01
 5.36869091e+01
 3.33549232e+01
 7.15183489e+01
 2.03102218e+02
 1.53479818e+02
 4.31374669e+01
 7.19310318e+01
 3.80420072e+01
 4.56536454e+01
 5.06909781e+01
 4.30660193e+01
 3.09049107e+01
 4.80832245e+01
 4.49353668e+00
 6.65225345e+01
 1.46618584e+01
 4.28396892e+01
 7.43634317e+01
 3.96770009e+01
 2.26830374e+01
 2.84651276e+01
 7.51144038e+01
 8.51700756e+01
 8.11633347e+01
 1.02922377e+02
 2.26710606e+01
 4.55720927e+01
 1.79351867e+01
 1.02893546e+02
 5.34411761e+01
 4.29311141e+01
 4.58955825e+01
 2.30430948e+01
 6.90247133e+01
 1.25326669e+02
 5.31783005e+01
 3.16051122e+01
 5.17267625e+00
 6.64131082e+01
 3.86815407e+01
 4.55517105e+01
 5.05147621e+01
 2.72755749e+01
 9.48798842e+01
 6.66726976e+01
 1.06388879e+02
 5.32439145e+01
 3.33778138e+02
 8.48068207e+01
 2.97335747e+01
 2.65620565e+01
 1.08034975e+02
 5.86167187e+01
 3.36210040e+01
 5.32193158e+01
 5.53815669e+01
 1.36329398e+01
 2.95176149e+01
 9.11057760e+01
 1.70032306e+01
 7.07239789e+01
 2.75778253e+01
 6.45387784e+01
 7.40946397e+01
 5.71757894e+01
 3.53637190e+01
 5.51231302e+01
 3.25969814e+01
 3.06409130e+01
 7.52732602e+01
 5.95440293e+01
 3.14869483e+01
 4.01820378e+01
 4.59454040e+01
 3.99456946e+01
 2.37197205e+01
 5.42336518e+01
 4.98583406e+01
 4.27370192e+01
 4.84133281e+01
 3.59934591e+01
 4.75953023e+01
 5.13468088e+01
 3.67426459e+01
 6.73456790e+01
 1.83779499e+01
 1.01982794e+02
 8.40011704e+01
 6.23553451e+01
 6.20558036e+01
 4.57461059e+01
 1.11632776e+01
 1.04443809e+02
 4.43745707e+01
 2.13782945e+02
 6.43190961e+01
 2.50038602e+01
 2.59320311e+01
 3.98904982e+01
 6.60901402e+01
 3.46539262e+01
 8.87799603e+01
 1.09810325e+02
 6.41890208e+01
 3.64097163e+01
 6.01421706e+01
 5.63625768e+01
 7.85310551e+01
 2.61814497e+01
 1.56135963e+01
 1.18477537e+02
 4.08946893e+01
 1.04351275e+02
 4.06897421e+01
 4.05434560e+01
 5.57400360e+01
 5.51472026e+01
 6.00418863e+01
 1.00411699e+02
 3.57574535e+01
 1.01889517e+02
 7.71160963e+01
 3.91083661e+01
 4.73338699e+01
 1.18345692e+02
 8.57934748e+01
 2.01916716e+01
 6.59701437e+00
 1.65224595e+01
 5.67886177e+01
 1.72326789e+02
 7.48426934e+01
 5.19345354e+01
 2.48697565e+01
 4.32561021e+01
 4.23225208e+01
 1.64455074e+01
 3.79373455e+01
