 9.91902247e+01
 2.22035590e+01
 5.55477526e+01
 5.47063314e+01
 9.27305622e+01
 6.17942437e+01
 2.97413382e+01
 6.22502979e+01
 5.52843778e+01
 6.32353346e+01
 8.25074970e+00
 9.54478805e+01
 2.25779717e+01
 1.19678198e+01
 3.11434871e+01
 5.72344795e+01
 1.01330291e+02
 3.03456835e+01
 1.39796739e+01
 1.26337781e+01
 4.19949395e+01
 8.78609488e+01
 1.01759547e+02
 1.42669510e+02
 6.89733494e+01
 1.58096403e+01
 5.27079332e+01
 5.44736079e+01
 7.86366367e+01
 1.02924165e+02
 3.10569583e+01
 3.37347867e+01
 2.57354683e+01
 4.09819514e+01
 7.47914716e+01
 9.36205562e+01
 3.86765542e+01
 2.18383462e+01
 4.19570833e+01
 3.04171625e+01
 8.13903195e+01
 4.22286060e+01
 2.22914870e+01
 4.53767318e+01
 9.99489242e+01
 1.10634460e+01
 2.69395345e+01
 7.66721175e+01
 4.60483636e+01
 2.67329268e+01
 9.93940379e+00
 5.88983302e+01
 6.14045268e+01
 1.04169198e+02
 3.23067335e+01
 1.33794604e+01
 2.09921152e+00
 9.14215766e+00
 1.59282456e+01
 5.05041461e+01
 3.87873163e+01
 1.13241178e+02
 2.70410134e+01
 6.15478425e+01
 5.90077898e+01
 5.61241157e+01
 3.32400273e+01
 3.84185828e+01
 1.13817644e+02
 3.54634899e+01
 7.89142710e+01
 1.09770784e+02
 4.69649294e+01
 2.91893691e+01
 8.89531495e+01
 7.09795109e+01
 1.04241417e+02
 2.24075806e+01
 1.17833238e+01
 2.49063694e+01
 1.26339887e+02
 7.69842799e+01
 8.49128240e+01
 5.91354552e+01
 1.92402662e+01
 1.88337074e+01
 4.80751419e+01
 4.49706796e+01
 1.56920649e+02
 8.72707906e+01
 5.43247684e+01
 6.78934455e+01
 8.90169810e+01
 4.73981557e+01
 1.85883478e+02
 3.37622306e+01
 9.60223163e+00
 2.46079940e+01
 6.21420133e+01
 5.45943025e+01
 9.04387140e+01
 6.56863139e+01
 3.08625224e+01
 2.70542189e+01
 5.32162124e+01
 1.96483288e+01
 3.79122137e+01
 1.14599960e+01
 2.36741918e+01
 5.51515044e+01
 5.01323603e+01
 7.20614208e+01
 6.17523522e+01
 4.62805133e+01
 9.76756037e+01
 5.47917185e+01
 7.14591873e+01
 6.58284027e+01
 6.29635616e+01
 3.02567280e+01
 3.30347415e+01
 5.33494692e+01
 2.69652711e+01
 2.82584277e+01
 8.24274815e+01
 2.97999053e+01
 3.60088059e+01
 6.06239526e+01
 9.47011969e+01
 1.20711656e+02
 5.92191643e+01
 6.74864208e+01
 5.19216393e+01
 3.46458868e+01
 2.51031488e+01
 8.12242124e+01
 8.96664660e+01
 5.82978884e+01
 4.17363776e+01
 9.84683529e+01
 9.10938099e+00
 5.41107471e+01
 1.45880979e+02
 3.76888989e+01
 6.31965000e+01
 2.68971138e+01
 5.82273325e+01
 6.07264971e+01
 8.18863310e+01
 5.61966673e+01
 8.49631431e+01
 4.76438692e+01
 9.33497502e+01
 6.84347422e+01
 6.80930270e+01
 5.50156786e+01
 9.70912960e+00
 9.18645895e+00
 4.66951435e+01
 7.27303265e+01
 5.89208201e+01
 1.79610711e+01
 2.17006301e+01
 1.60007227e+01
 2.17197968e+01
 9.03924205e+01
 6.73398580e+01
 2.79991372e+01
 3.01069098e+01
 3.83613075e+01
 3.98056407e+01
 4.37000638e+01
 5.91836927e+01
 1.03144271e+02
 7.92280222e+01
 1.46246633e+01
 6.93185551e+01
 1.40836719e+02
 1.25831196e+02
 4.24665463e+01
 3.39016569e+01
 2.43828908e+01
 7.24654004e+01
 1.02266504e+02
 5.24154340e+01
 5.99141949e+01
 7.86649088e+01
 4.56338018e+01
 6.76284899e+01
 1.01892761e+02
 3.75911910e+01
 7.05664532e+01
 2.50168513e+01
 7.30814934e+00
 3.91730334e+01
 1.04682764e+02
 8.72020620e+01
 1.19120516e+02
 1.35245010e+02
 3.28366808e+01
 9.77440949e+01
 4.61010248e+01
 1.58788472e+01
 4.50303680e+01
 6.46047121e+01
 2.97729193e+01
 5.63261393e+01
 1.03126723e+02
 1.10203475e+02
 5.46550436e+01
 2.69808688e+01
 7.66930621e+01
 2.80568621e+01
 5.71797250e+01
 3.97488131e+01
 7.19547230e+00
 3.44378380e+01
 2.84799998e+01
 1.37080509e+02
 1.55505708e+01
 3.85248407e+01
 3.06533774e+01
 4.85060832e+01
 2.76380187e+01
 8.66945877e+00
 1.03893743e+02
 4.73892553e+01
 2.90783882e+01
 1.18102291e+02
 8.93418648e+01
 4.25559003e+00
 8.28293825e+01
 7.62341507e+01
 1.27965925e+02
 7.25886177e+01
 2.66642314e+01
 1.07040505e+02
 1.16339111e+02
 9.45656364e+01
 5.53134346e+01
 1.13735415e+01
 1.52681039e+01
 6.20858052e+01
 9.02793176e+01
 1.31127377e+02
 3.66397167e+01
 1.29883239e+02
 7.44865370e+01
 4.22246738e+01
 1.48647752e+02
 3.52889088e+01
 8.41923177e+01
 2.70760021e+00
 4.08547541e+00
 1.94783916e+01
 8.04363471e+01
 7.93894504e+01
 2.32090247e+01
 3.33978283e+01
 4.99722768e+01
 3.90570947e+01
 6.92784816e+01
 7.19261620e+01
 3.19672417e+01
 2.61081557e+01
 4.59159876e+01
 7.23126151e+01
 5.50414656e+01
 7.02889305e+01
 4.63804345e+01
 3.47972489e+01
 9.64716202e+01
 1.21909615e+02
 3.35205852e+01
 8.85764470e+01
 5.05932156e+01
 6.29798674e+01
 8.26016466e+01
 6.50216513e+01
 3.21897088e+01
 5.68122022e+01
 5.21452833e+01
 4.04412004e+01
 3.34584187e+01
 2.36343864e+02
 8.56467210e+01
 9.00042927e+01
 4.32064054e+01
 8.11105021e+01
 1.97130767e+01
 5.17844248e+01
 1.73394126e+02
 6.03517453e+01
 5.19801373e+01
 1.17480509e+02
 3.00695563e+01
 1.81775530e+02
 1.13331891e+02
 6.17019982e+01
 6.12833802e+01
 5.62717485e+01
 3.73837146e+01
 3.52958377e+01
 6.06957047e+01
 7.75424190e+01
 6.92293978e+01
 2.32006961e+01
 6.25638196e+01
 9.01926875e+01
 3.71159344e+01
 4.29704406e+01
 1.91627518e+01
 4.08999851e+01
 1.46349854e+01
 3.04925642e+00
 5.00483810e+01
 8.89904981e+01
 1.16942391e+02
 1.45313953e+02
 2.04431913e+01
 1.82354737e+02
 4.61765503e+01
 4.48199940e+01
 8.61290569e+01
 8.65262208e+01
 4.92379684e+01
 5.57909911e+01
 5.00633317e+01
 4.73237849e+01
 2.91349035e+01
 1.28177794e+01
 6.35291150e+01
 7.60783819e+01
 1.74528459e+01
 1.80089631e+01
 2.69707351e+01
 3.68776482e+01
 3.99706008e+01
 3.47961015e+01
 7.44471294e+01
 6.23443466e+01
 3.99728756e+01
 1.73565110e+01
 4.08042751e+01
 5.82922907e+00
 4.21660523e+01
 1.16132998e+02
 5.07294021e+01
 9.50790423e+01
 3.43825961e+01
 6.08360738e+01
 4.62878732e+01
 4.57902168e+01
 9.40276305e+00
 4.80881355e+01
 1.89982284e+02
 1.37554917e+02
 3.61877903e+01
 5.56141701e+01
 3.69862520e+01
 2.15611380e+01
 7.14133995e+01
 1.82420180e+01
 8.15008215e+01
 6.96894430e+01
 3.90498080e+01
 1.88670737e+01
 8.14167646e+01
 6.72171171e+01
 5.39683245e+01
 1.78140041e+01
 3.17989610e+01
 4.87912159e+01
 5.12436632e+01
 2.68682432e+01
 7.24061496e+01
 1.05497102e+02
 1.18885303e+02
 3.58122214e+01
 3.09835229e+01
 2.36140240e+02
 4.95702750e+01
 2.30129424e+01
 5.30315204e+01
 3.91761369e+01
 7.04083035e+01
 3.43701077e+01
 8.81699352e+01
 9.06204194e+01
 3.00917386e+01
 4.21584812e+01
 4.75277407e+01
 1.36673501e+01
 4.79391990e+01
 8.30585699e+01
 5.22955200e+01
 2.31117995e+01
 4.69339067e+01
 1.17058131e+01
 5.73948729e+01
 7.38776903e+01
 3.73263973e+01
 4.03139832e+01
 3.39122974e+01
 9.30373744e+01
 1.12668200e+02
 6.49279492e+01
 4.19793531e+01
 6.06487364e+01
 2.54787427e+01
 7.38952782e+01
 1.06335410e+01
 2.51272212e+01
 4.57433114e+01
 8.08830244e+01
 2.42111109e+01
 4.30343028e+01
 5.27153337e+01
 1.17673434e+02
 6.21528096e+01
 7.48550000e+01
 1.83023075e+01
 6.20189665e+01
 7.50360246e+01
 5.88999144e+01
 4.05537179e+01
 2.63175071e+01
 4.62302785e+01
 6.45113146e+01
 5.60591839e+01
 1.74881145e+01
 5.26471650e+00
 1.55567963e+01
 8.98468573e+01
 7.85700124e+01
 2.09253000e+01
 1.03041117e+02
 4.01271256e+01
 7.68938170e+01
 2.80094561e+01
 5.57412109e+01
 4.45337621e+01
 8.84748615e+01
 4.73348590e+01
 9.93213297e+01
 3.68279227e+01
 5.42980261e+01
 5.38357351e+01
 7.16257096e+01
 4.51781930e+01
 7.90871245e+01
 2.04270675e+01
 4.96150419e+01
 7.99804461e+01
 6.90249538e+01
 5.97220953e+01
 2.46431631e+01
 7.70324013e+01
 4.61693251e+01
 4.74971681e+01
 9.15712938e+01
 3.89408461e+01
 3.11797419e+01
 5.07931910e+01
 7.23795580e+01
 4.46692421e+01
 1.33925760e+02
 4.56523787e+01
 4.48962716e+01
 1.43298108e+01
 2.61447369e+01
 5.89527864e+01
 3.98984105e+01
 2.95811376e+01
 1.27385169e+02
 5.00802058e+01
 1.99327737e+01
 1.10065449e+01
 5.91415489e+01
 4.05609902e+01
 3.00615126e+01
 3.46123836e+01
 7.40733881e+01
 7.25020585e+01
 5.14272988e+01
 1.00222355e+02
 1.37793879e+01
 5.21477918e+01
 5.94920676e+01
 6.73031709e+01
 7.41513357e+01
 8.16390828e+01
 9.34758292e+01
 1.50576170e+01
 3.47338279e+01
 2.17382081e+01
 8.86098405e+01
 2.86588975e+01
 1.85838496e+01
 7.43744473e+00
 6.12713229e+01
 1.85284284e+01
 5.74066883e+01
 5.17446597e+01
 6.27163468e+01
 6.41517002e+01
 7.37063866e+01
 9.78194000e+01
 4.49832900e+01
 5.74345764e+01
 5.91328146e+01
 5.44561949e+01
 4.21108204e+01
 5.52839153e+01
 5.48083837e+01
 3.61879803e+01
 1.08050799e+02
 8.17503260e+01
 2.58254029e+01
 1.05461822e+02
 4.86597699e+01
 8.22767772e+01
 1.14513619e+02
 8.36351774e+01
 8.11492656e+01
 1.25131780e+02
 5.87269748e+01
 4.41953884e+01
 1.47583955e+01
 5.29255955e+01
 2.84998332e+01
 9.22367225e+01
 7.62827487e+01
 2.74858808e+01
 5.29583481e+01
 5.91622901e+01
 1.50024250e+02
 2.65411018e+01
 3.69672034e+01
 3.39823029e+01
 7.43674657e+01
 2.05321746e+01
 8.57554929e+01
 5.88328225e+01
 3.69614219e+01
 5.06811618e+01
 1.51095691e+01
 8.36762385e+01
 6.93451467e+01
 9.41863199e+01
 3.87477459e+01
 7.01474579e+01
 4.58494406e+01
 2.99350446e+01
 7.40522437e+01
 8.00911185e+01
 7.28109311e+01
 1.10243942e+02
 1.03604941e+02
 7.17236656e+01
 5.53444776e+01
 5.11799581e+01
 2.99170592e+01
 1.26334371e+01
 1.22789359e+01
 3.24353973e+01
 4.96117550e+01
 4.57348860e+01
 9.78023336e+01
 8.57167480e+01
 7.43220394e+01
 6.13572784e+01
 6.03245776e+01
 3.78195459e+01
 3.18914846e+01
 1.69431782e+01
 1.93049552e+01
 2.79741536e+01
 4.41841974e+01
 5.00668301e+01
 4.80016237e+01
 3.20550323e+01
 2.96974222e+01
 1.60236266e+02
 1.67666939e+02
 1.46086912e+02
 1.53078153e+01
 1.81868440e+01
 5.08000117e+01
 4.84851707e+01
 7.04312313e+01
 4.17829423e+01
 3.24488760e+01
 3.84627185e+01
 5.32211233e+01
 8.04317572e+01
 1.76567106e+01
 1.32065019e+02
 8.48767462e+01
 1.39402997e+01
 6.05053589e+01
 8.07036321e+01
 1.69040560e+02
 9.79058038e+01
 1.30045456e+02
 4.45996091e+01
 3.79044816e+01
 9.53461633e+01
 7.81824931e+01
 1.08694349e+02
 5.16593079e+01
 4.18167507e+01
 2.99265514e+01
 3.62891608e+01
 3.55215395e+01
 6.50135892e+01
 1.00625413e+02
 5.60914372e+01
 1.22781147e+02
 9.29141969e+01
 1.86112991e+01
 6.59746693e+01
 7.43977699e+01
 7.12419534e+01
 1.30663199e+01
 2.93772770e+01
 6.08426364e+01
 1.20090899e+01
 5.90161940e+01
 6.44504321e+01
 5.57587483e+01
 5.01747953e+01
 2.37914700e+01
 8.95165357e+01
 2.81992190e+01
 3.41866100e+00
 3.24210278e+01
 5.59263509e+00
 5.78028319e+01
 9.79425417e+01
 4.97460414e+01
 7.29016584e+01
 6.24587700e+01
 6.91297546e+01
 4.98488781e+01
 5.06088693e+01
 5.56731289e+01
 4.11961188e+01
 2.92681470e+01
 2.40943699e+01
 4.88092228e+01
 5.12686615e+01
 3.07400870e+01
 3.67106040e+01
 1.40135110e+01
 3.69368696e+01
 9.68127010e+01
 1.18519508e+02
 1.23569675e+02
 8.83137507e+01
 6.23250487e+01
 2.78450958e+01
 4.07207182e+01
 4.43801672e+01
 4.99551615e+01
 1.77188083e+01
 6.10317667e+01
 6.95944880e+01
 9.51538951e+01
 8.96722247e+01
 1.35030279e+01
 2.89717552e+01
 5.82328476e+01
 4.06236481e+01
 6.85192028e+01
 2.32885213e+01
 6.80917742e+01
 9.23065301e+01
 3.66038088e+01
 5.96152138e+01
 6.25898885e+01
 5.04483034e+01
 2.03893121e+01
 4.46310166e+01
 2.04150227e+01
 3.15380343e+01
 1.18492322e+02
 1.13552718e+02
 9.06656217e+01
 1.32991650e+02
 2.73916864e+01
 5.09635008e+01
 4.97806499e+01
 7.36701439e+01
 5.25484476e+01
 6.44326581e+01
 2.32748501e+01
 5.56064280e+01
 3.29185764e+01
 5.61008009e+01
 8.06264367e+01
 9.44257948e+01
 1.86419212e+01
 4.16064224e+01
 6.60746690e+01
 6.29955015e+01
 6.32456635e+01
 8.35166031e+01
 1.32258493e+01
 4.06607399e+01
 1.44652533e+01
 1.17415363e+02
 1.45691298e+02
 5.74062357e+01
 1.95822550e+01
 1.26378189e+02
 1.55157398e+02
 9.65952126e+01
 9.31243817e+01
 7.00319238e+01
 1.89764777e+01
 3.66587279e+01
 3.61204132e+01
 5.58285954e+01
 8.99988618e+01
 1.03378862e+02
 4.05385767e+01
 1.02673009e+02
 8.41100786e+01
 2.37061310e+02
 1.72326808e+01
 6.82070599e+01
 1.81448731e+01
 3.71203491e+01
 1.85345439e+01
 1.86519774e+01
 7.79303359e+01
 4.46583982e+01
 9.60388226e+01
 5.51125726e+01
 2.30218510e+01
 4.04787658e+01
 4.37524171e+01
 3.42138730e+01
 5.18000200e+01
 2.33478868e+01
 3.83060668e+01
 4.81981393e+01
 2.31692777e+02
 1.30013826e+02
 2.27897615e+01
 1.04575445e+01
 7.25770571e+01
 2.27408054e+01
 3.34296264e+01
 2.97006060e+01
 2.53057379e+01
 3.43456518e+01
 6.01890747e+01
 6.46606943e+01
 9.28325620e+01
 9.76480069e+01
 5.15941301e+01
 6.81572828e+01
 1.45366988e+02
 4.27584949e+01
 9.44671720e+01
 5.48252268e+00
 5.34649611e+01
 3.00813216e+01
 3.80645725e+01
 6.06072593e+01
 6.07176701e+01
 3.13657114e+01
 1.37555859e+01
 1.15169748e+02
 2.56621270e+01
 5.74706943e+01
 3.13944105e+01
 4.27030079e+01
 4.11677833e+01
 6.89294937e+01
 5.49768587e+01
 4.80316165e+01
 9.93607245e+01
 5.89219467e+01
 5.78028563e+01
 6.58265709e+01
 9.31756507e+01
 4.08040753e+01
 9.91701112e+01
 3.33341929e+01
 1.52017234e+02
 3.67030300e+01
 8.26520018e+01
 6.74095950e+01
 6.68861829e+01
 3.57708336e+00
 1.82578069e+01
 7.08735975e+01
 9.32032795e+01
 8.91259392e+01
 1.30610958e+02
 2.83295720e+01
 2.73847585e+01
 3.58963591e+01
 5.43615567e+01
 5.48289497e+01
 8.48256850e+01
 8.40799981e+01
 4.73739079e+01
 3.24153227e+01
 5.69561636e+01
 1.33291706e+01
 7.51477329e+00
 3.47061209e+01
 3.41008796e+01
 5.63084309e+01
 4.44968471e+01
 9.32122754e+01
 9.37667352e+01
 7.22135492e+01
 3.63755832e+01
 4.19714166e+01
 4.84468366e+01
 1.00943378e+02
 6.24206029e+01
 6.47229551e+01
 5.69113373e+01
 6.89303474e+01
 7.70706309e+01
 6.97699143e+01
 5.93648378e+01
 4.32211653e+01
 4.74876199e+01
 8.81326884e+01
 8.90692306e+01
 1.58805236e+01
 9.00310728e+01
 1.17476841e+01
 7.43570835e+01
 1.10348677e+02
 3.09223138e+01
 1.01479402e+02
 1.09648264e+02
 4.94794342e+01
 2.12762099e+01
 6.20220943e+01
 6.32805484e+01
 1.82116948e+01
 1.11589665e+02
 4.20895524e+01
 9.23694570e+00
 3.78707838e+01
 7.19970520e+01
 5.40893076e+01
 1.97648373e+01
 6.24968745e+01
 1.60177832e+01
 7.65889917e+01
 6.70510611e+01
 6.84430391e+01
 6.96551838e+01
 3.70224532e+01
 5.56416259e+01
 6.21766681e+01
 2.07121904e+01
 2.97313117e+01
 4.36164119e+01
 7.28934640e+01
 1.98813849e+01
 3.78031200e+01
 1.08445323e+02
 9.23437464e+01
 1.56126485e+01
 6.65203946e+01
 1.58688357e+01
 4.98213866e+01
 1.49856491e+02
 7.29190655e+01
 4.02971311e+01
 1.03147666e+02
 1.76594947e+01
 7.03143379e+01
 2.20015403e+01
 4.70151157e+01
 1.05336889e+02
 7.50859027e+01
 3.01057746e+01
 5.68450938e+01
 6.33566713e+01
 2.81500199e+01
 9.23300951e+01
 7.48552018e+01
 5.69699131e+01
 1.17639711e+01
 7.50333843e+01
 5.66158516e+01
 1.65185706e+01
 2.55239491e+01
 8.07448453e+01
 2.12995447e+01
 7.45090650e+01
 4.68432319e+01
 3.18905981e+01
 2.96955522e+01
 1.18101365e+02
 3.85284971e+01
 5.11374669e+01
 2.97932760e+01
 8.78493839e+01
 3.40405571e+01
 3.35046806e+01
 3.11048211e+00
 9.68245855e+01
 8.35625937e+01
 5.72657788e+01
 6.28352572e+01
 4.37244480e+01
 1.78325304e+01
 1.36615178e+02
 6.28279249e+01
 7.14103182e+01
 5.88155706e+01
 1.79186463e+01
 5.03689011e+01
 2.49509334e+01
 1.04423298e+02
 2.92155881e+01
 2.53533392e+01
 9.73634083e+00
 4.11901555e+01
 3.89259426e+01
 4.44264664e+01
 6.78923030e+01
 1.32148174e+02
 5.65445551e+01
 5.16081741e+01
 2.57993110e+01
 1.40296529e+02
 6.70777638e+01
 3.00389915e+01
 1.47672343e+02
 1.05630048e+02
 1.11865303e+02
 2.20958258e+01
 1.95843921e+01
 1.14538602e+02
 9.72278393e+01
 6.21539660e+01
 3.81608428e+01
 9.49309878e+01
 6.97612901e+01
 4.50863059e+01
 5.12342904e+01
 6.79643816e+01
 4.19962691e+01
 1.06394338e+01
 1.54282742e+02
 4.46196843e+01
 3.14692302e+01
 5.65867052e+01
 8.53135944e+01
 7.88020724e+01
 6.24880506e+01
 5.21208653e+01
 3.70780060e+01
 6.31580357e+01
 8.21185290e+01
 8.08161955e+01
 1.29513489e+02
 7.02054783e+01
 6.05766701e+01
 4.98741926e+01
 2.46645876e+01
 1.03959775e+02
 8.24222587e+01
 1.31032661e+02
 7.33360137e+01
 4.51546084e+01
 8.74685867e+01
 8.08961349e+01
 3.36449664e+01
 4.22512486e+01
 2.61263330e+01
 1.40102278e+01
 7.70370532e+01
 4.56478787e+01
 4.85740717e+01
 3.49703850e+01
 3.79083597e+01
 3.96931077e+01
 1.00672932e+02
 6.53637180e+01
 1.31715367e+02
 1.32662265e+02
 3.01693247e+01
 1.34224131e+02
 3.57385473e+01
 4.51385225e+01
 6.77274864e+01
 5.00933227e+01
 3.42483837e+01
 5.83113449e+01
 2.33411528e+01
 2.90432125e+01
 1.94587848e+02
 7.35985161e+01
 2.16105082e+01
 9.65162626e+01
 3.30210634e+01
 6.35104054e+01
 1.01971687e+02
 2.06762891e+01
 7.15671289e+01
 4.87218876e+01
 2.91262800e+01
 8.29086773e+01
 8.07541436e+00
 1.53612776e+01
 1.25231817e+01
 6.96671582e+01
 6.54467317e+01
 6.32264459e+01
 1.08739941e+02
 5.81557695e+01
 5.11444365e+01
 4.42001775e+01
 1.01255514e+02
 1.88918204e+02
 1.22303284e+02
 5.18686808e+01
 6.97674483e+01
 4.56282434e+01
 7.06534521e+01
 7.24188749e+01
 2.21440974e+01
 1.50726554e+01
 5.23399865e+01
 1.05243427e+02
 3.04575917e+02
 1.26171919e+02
 8.48059107e+01
 6.69056173e+01
 2.24487953e+00
 4.42049679e+01
 6.36687411e+01
 6.43181767e+01
 8.24533322e+01
 1.72326276e+02
 2.26873647e+01
 7.81588220e+01
 5.25439073e+01
 3.16958650e+01
 6.64479507e+01
 6.86444663e+01
 5.71147084e+01
 4.44656051e+01
 4.17877722e+01
 5.95795275e+01
 8.10652560e+01
 1.04074229e+01
 6.64061905e+01
 5.75676321e+01
 8.17898212e+01
 7.07338642e+01
 4.86988957e+01
 7.89255744e+01
 3.36730612e+01
 3.94853402e+01
 5.80486916e+01
 9.08024646e+01
 4.01401217e+01
 6.64537782e+01
 2.78563346e+01
 6.20563395e+01
 1.51357705e+02
 6.33352004e+01
 1.33163100e+02
 1.07307277e+02
 1.07967586e+02
 6.48017595e+01
 3.71707052e+01
 1.09296424e+02
 2.87591833e+01
 3.57976097e+01
 4.71783027e+01
 1.14024716e+02
 6.40874287e+01
 1.02547575e+02
 4.61281362e+00
 3.22109309e+01
 5.72409950e+01
 7.04704253e+01
 4.23611946e+01
 3.95211958e+01
 1.13266937e+02
 6.56771907e+01
 3.27036319e+01
 1.28484473e+01
 1.13055680e+01
 3.60109349e+01
 5.52469422e+01
 2.48939629e+01
 3.37674412e+01
 2.18189752e+01
 9.31653281e+01
 3.86492274e+01
 1.00557351e+02
 3.51413986e+01
 3.75809041e+01
 1.26446694e+01
 6.03408331e+00
 6.16428496e+01
 6.03454784e+01
 3.01671006e+01
 9.66577262e+00
 6.79137045e+01
 5.55721904e+01
 6.66758227e+01
 8.14836228e+01
 8.33352450e+01
 5.13395447e+01
 3.10968452e+01
 5.36099800e+01
 2.73421116e+01
 8.83844312e+01
 8.74479704e+01
 2.13923434e+01
 1.87175122e+01
 2.92191373e+01
 5.23414293e+01
 7.85875174e+01
 5.47795007e+01
 4.31714928e+01
 1.47697719e+00
 5.56112799e+01
 6.31383578e+01
 1.01739962e+02
 1.32475708e+02
 2.69215695e+01
 1.71083476e+01
 5.79154672e+01
 2.93552883e+01
 1.64315050e+02
 3.62245037e+01
 5.44495447e+01
 5.66125582e+01
 4.44548122e+01
 1.07596146e+02
 3.62088174e+01
 1.33990908e+01
 7.22939164e+01
 1.50577601e+01
 5.41088178e+01
 4.93538408e+01
 1.02414979e+02
 8.17734324e+01
 6.56410945e+01
 1.27959673e+02
 9.47567752e+01
 4.95780507e+01
 2.90635069e+01
 9.41639575e+01
 5.06560106e+01
 7.76205544e+01
 1.69136455e+01
 7.67408471e+01
 6.04896419e+01
 3.86128596e+00
 1.04660320e+02
 4.55704856e+01
 1.20002517e+02
 2.08720441e+00
 6.47392432e+01
 5.33736845e+01
 5.80682039e+01
 1.78256014e+01
 5.43973365e+01
 3.21515588e+01
 7.90892389e+01
 5.34823216e+01
 9.69123493e+01
 3.27285034e+01
 5.50319039e+01
 8.87355961e+01
 6.73990102e+01
 3.39562816e+01
 4.54783272e+01
 7.32363965e+00
 6.21787188e+01
 5.28256744e+01
 8.66479229e+01
 1.67488549e+02
 3.40775647e+01
 1.80886785e+01
 7.60269290e+01
 6.74855097e+01
 1.28844786e+02
 7.64766731e+01
