 9.78793335e+00
 7.50167847e+00
 8.81774902e+00
 1.03220520e+01
 1.29369202e+01
 2.02500305e+01
 2.27730408e+01
 2.52252808e+01
 2.48082275e+01
 1.96348572e+01
 1.56695862e+01
 1.49582214e+01
 1.12964478e+01
 9.86004639e+00
 1.04513550e+01
 1.13297424e+01
 1.54238892e+01
 2.34338074e+01
 2.26377258e+01
 2.39913025e+01
 2.35354614e+01
 1.80560608e+01
 1.74023743e+01
 1.22897949e+01
 1.00857544e+01
 7.73608398e+00
 6.46398926e+00
 1.05995178e+01
 1.55039673e+01
 1.99814453e+01
 2.22604370e+01
 2.57034302e+01
 2.07648621e+01
 2.05117188e+01
 1.56912537e+01
 1.14976807e+01
 1.06482849e+01
 1.02474060e+01
 1.00791321e+01
 9.58200073e+00
 1.43712769e+01
 1.98005371e+01
 2.25602112e+01
 2.32838745e+01
 1.82502747e+01
 1.82793884e+01
 1.05357666e+01
 1.39252319e+01
 1.03943176e+01
 8.24328613e+00
 1.02441406e+01
 1.05563049e+01
 1.33294678e+01
 1.97436829e+01
 2.09904785e+01
 2.40973206e+01
 1.98668213e+01
 1.87508240e+01
 1.42581787e+01
 1.43985901e+01
 8.25872803e+00
 9.75592041e+00
 8.64590454e+00
 1.03778687e+01
 1.36966858e+01
 1.95483704e+01
 2.67524109e+01
 2.62679749e+01
 2.32161255e+01
 1.96916199e+01
 1.57691650e+01
 1.20707092e+01
 1.05639954e+01
 5.96289062e+00
 9.33200073e+00
 1.13292542e+01
 1.38069458e+01
 2.10599365e+01
 1.91124268e+01
 2.37466125e+01
 2.15327148e+01
 1.79451294e+01
 1.55135803e+01
 1.51271362e+01
 1.05393066e+01
 9.95852661e+00
 7.77722168e+00
 1.07000427e+01
 1.20348511e+01
 1.99385071e+01
 2.29454956e+01
 2.29710388e+01
 2.40875854e+01
 1.82165527e+01
 1.80358887e+01
 1.26710815e+01
 1.10569458e+01
 9.32119751e+00
 9.74743652e+00
 1.00790100e+01
 1.25675049e+01
 1.68647156e+01
 2.45003967e+01
 2.62620544e+01
 2.30088196e+01
 1.83286743e+01
 1.56117859e+01
 1.35523682e+01
 9.65850830e+00
 8.99200439e+00
 8.61291504e+00
 1.01815796e+01
 1.27667236e+01
 1.95384216e+01
 2.51755676e+01
 2.36846619e+01
 2.36432800e+01
 1.99685974e+01
 1.46204224e+01
 1.38247375e+01
 1.07430115e+01
 9.49920654e+00
 9.17559814e+00
 1.01729431e+01
 1.34407043e+01
 2.05215149e+01
 2.51424255e+01
 2.35594788e+01
 2.34957275e+01
 1.80911255e+01
 1.48797913e+01
 1.32819824e+01
 1.21298523e+01
 1.04378662e+01
 1.06599426e+01
 1.56557617e+01
 1.45506592e+01
 1.92819519e+01
 2.07361755e+01
 2.61345825e+01
 2.33283386e+01
 1.80914917e+01
 1.47928467e+01
 1.18329468e+01
 1.08195190e+01
 8.38964844e+00
 9.02203369e+00
 9.95358276e+00
 1.51763306e+01
 1.96206360e+01
 2.45834656e+01
 2.32513123e+01
 2.24832458e+01
 1.92317505e+01
 1.78721313e+01
 1.35785217e+01
 6.43423462e+00
 8.64553833e+00
 9.38647461e+00
 1.21258545e+01
 1.71803894e+01
 1.92817078e+01
 2.15050049e+01
 2.27686157e+01
 2.22778931e+01
 1.95641785e+01
 1.72670288e+01
 1.55583191e+01
 9.61077881e+00
 1.12849426e+01
 1.16125793e+01
 1.10392761e+01
 1.61140747e+01
 2.21665039e+01
 2.14986267e+01
 2.48776245e+01
 2.39947205e+01
 2.10086060e+01
 1.67869873e+01
 1.10527649e+01
 1.06998901e+01
 1.09359131e+01
 9.68103027e+00
 1.22286072e+01
 1.34355164e+01
 2.19962463e+01
 2.46858826e+01
 2.32886047e+01
 2.29837646e+01
 1.94597473e+01
 1.40144348e+01
 1.01422119e+01
 9.03598022e+00
 7.04882812e+00
 7.98117065e+00
 1.14643555e+01
 1.17844849e+01
 1.87464294e+01
 2.48684998e+01
 2.59389343e+01
 2.19417725e+01
 1.91246643e+01
 1.61708374e+01
 1.32175293e+01
 1.05093384e+01
 8.23870850e+00
 7.47183228e+00
 1.00318909e+01
 1.23282776e+01
 2.07372742e+01
 2.50605164e+01
 2.59323730e+01
 2.22634583e+01
 1.89702759e+01
 1.81180420e+01
 1.24337158e+01
 1.20436096e+01
 1.05046997e+01
 1.12709961e+01
 1.02528381e+01
 1.49989624e+01
 2.11975098e+01
 2.28734436e+01
 2.33760071e+01
 2.07616272e+01
 1.94719849e+01
 1.83935547e+01
 1.09513855e+01
 7.45867920e+00
 9.75347900e+00
 8.69396973e+00
 1.07392883e+01
 1.34581604e+01
 2.08892212e+01
 2.43348389e+01
 2.52379761e+01
 2.16654968e+01
 2.02019348e+01
 1.72064819e+01
 9.52719116e+00
 1.31455994e+01
 1.16126099e+01
 1.22268066e+01
 1.25124207e+01
 1.56694031e+01
 2.15135498e+01
 2.41872559e+01
 2.53694763e+01
 2.28594971e+01
 1.90422363e+01
 1.51890259e+01
 1.42652893e+01
 1.28688965e+01
 9.50906372e+00
 9.27386475e+00
 1.00194397e+01
 1.19316711e+01
 1.80440063e+01
 2.48312378e+01
 2.75914307e+01
 2.29686584e+01
 1.78488159e+01
 1.67751770e+01
 1.19312439e+01
 1.00659485e+01
 8.38125610e+00
 9.20678711e+00
 1.04593811e+01
 1.70928955e+01
 1.88950195e+01
 2.48370361e+01
 2.31718750e+01
 2.12863770e+01
 1.95100098e+01
 1.65702820e+01
 1.30783081e+01
 1.15205383e+01
 1.01388855e+01
 9.77868652e+00
 1.23262634e+01
 1.34492493e+01
 1.93290100e+01
 2.23120728e+01
 2.16589355e+01
 2.34210205e+01
 2.02502441e+01
 1.83301392e+01
 1.44133911e+01
 1.06624146e+01
 9.47381592e+00
 7.31921387e+00
 1.18347473e+01
 1.74374695e+01
 1.87205505e+01
 2.61853943e+01
 2.69669800e+01
 2.16725159e+01
 1.99057007e+01
 1.60935974e+01
 1.36619568e+01
 1.31857605e+01
 1.02884827e+01
 1.10315857e+01
 1.44763184e+01
 1.54584656e+01
 2.11214905e+01
 2.29460754e+01
 2.46112671e+01
 2.25020752e+01
 1.99214172e+01
 1.58341980e+01
 1.17091370e+01
 1.15229492e+01
 1.08519287e+01
 1.05398560e+01
 1.22300110e+01
 1.47959900e+01
 2.12785339e+01
 2.40436401e+01
 2.71900940e+01
 2.47247925e+01
 1.89656677e+01
 1.94143066e+01
 1.51991577e+01
 9.23919678e+00
 8.98501587e+00
 9.36856079e+00
 1.23682861e+01
 1.74484558e+01
 2.10557251e+01
 2.69848022e+01
 2.64714050e+01
 2.32978210e+01
 1.96364746e+01
 1.42675171e+01
 1.35756531e+01
 1.20134888e+01
 9.70687866e+00
 9.73510742e+00
 1.17275696e+01
 1.80640564e+01
 2.24655457e+01
 2.40595093e+01
 2.41171570e+01
 2.22207947e+01
 1.79754333e+01
 1.61186218e+01
 1.37552795e+01
 1.07364502e+01
 1.15073547e+01
 1.14385681e+01
 1.13851318e+01
 1.51765137e+01
 2.06661072e+01
 2.61745911e+01
 2.38804321e+01
 2.33653564e+01
 2.09113770e+01
 1.53493347e+01
 1.24878235e+01
 1.24566650e+01
 1.11528931e+01
 1.07703247e+01
 1.05665894e+01
 1.55415344e+01
 1.96441650e+01
 2.30329895e+01
 2.58541260e+01
 2.56663818e+01
 1.77132568e+01
 1.63133850e+01
 1.25557251e+01
 9.52059937e+00
 1.03818359e+01
 1.00367432e+01
 1.13059387e+01
 1.48257751e+01
 2.17406921e+01
 2.59739685e+01
 2.80743408e+01
 2.12273560e+01
 1.95894165e+01
 1.74361572e+01
 1.12019653e+01
 1.14124756e+01
 1.00064392e+01
 9.55395508e+00
 1.11803894e+01
 1.46194763e+01
 1.95313721e+01
 2.51913452e+01
 2.64231262e+01
 2.55725098e+01
 2.08508911e+01
 1.81693726e+01
 1.18157959e+01
 1.48005676e+01
 1.06247253e+01
 1.08947144e+01
 1.23199768e+01
 1.53056946e+01
 1.67120361e+01
 2.35059509e+01
 2.43148804e+01
 2.19993896e+01
 2.17749329e+01
 1.48728027e+01
 1.18604126e+01
 1.01166992e+01
 9.45410156e+00
 1.04304810e+01
 1.13098145e+01
 1.35588989e+01
 2.11970520e+01
 2.39006958e+01
 2.35509644e+01
 2.39145203e+01
 2.06121826e+01
 1.39460144e+01
 1.07736511e+01
 1.17965088e+01
 1.08242798e+01
 1.08769836e+01
 1.07445679e+01
 1.34034119e+01
 2.15325012e+01
 2.60845032e+01
 2.81154480e+01
 2.46154785e+01
 2.13465881e+01
 1.74493713e+01
 1.38785095e+01
 1.32444763e+01
 1.09037476e+01
 1.13477173e+01
 1.12114258e+01
 1.77130737e+01
 1.95117798e+01
 2.55732727e+01
 2.69867554e+01
 2.43711548e+01
 1.97397766e+01
 1.92966919e+01
 1.59523621e+01
 1.05260010e+01
 8.30993652e+00
 8.81561279e+00
 1.23316040e+01
 1.41025085e+01
 2.05047913e+01
 2.57910767e+01
 2.88654480e+01
 2.51612854e+01
 2.15236206e+01
 1.75272827e+01
 1.39248657e+01
 1.34568176e+01
 9.87744141e+00
 9.29687500e+00
 1.11018982e+01
 1.46083374e+01
 1.94421692e+01
 2.05036621e+01
 2.25321960e+01
 2.31257935e+01
 2.04693909e+01
 1.77373047e+01
 1.53240967e+01
 1.26900024e+01
 1.09852600e+01
 1.12522278e+01
 1.18638611e+01
 1.51181946e+01
 2.26284180e+01
 2.56344604e+01
 2.65582886e+01
 2.39063721e+01
 1.99832153e+01
 1.77337952e+01
 1.20804138e+01
 1.14952698e+01
 9.98541260e+00
 1.11583557e+01
 1.32538147e+01
 1.87889099e+01
 1.91535339e+01
 2.47934875e+01
 2.43422852e+01
 2.72516785e+01
 2.12906799e+01
 1.85137634e+01
 1.56020508e+01
 1.02480774e+01
 9.92404175e+00
 9.05267334e+00
 1.15246277e+01
 1.25471802e+01
 2.10076294e+01
 2.62111206e+01
 2.68274841e+01
 2.38133850e+01
 2.21385803e+01
 1.87789001e+01
 1.59880371e+01
 1.05458679e+01
 9.27301025e+00
 9.75927734e+00
 1.08942566e+01
 1.32095642e+01
 2.11750488e+01
 2.64958801e+01
 2.68971558e+01
 2.37146301e+01
 1.92931519e+01
 1.71212769e+01
 1.36939697e+01
 1.02734680e+01
 1.09781494e+01
 1.05242004e+01
 1.11944275e+01
 1.53630066e+01
 2.12856750e+01
 2.55556641e+01
 2.81958313e+01
 2.42726746e+01
 2.19942322e+01
 1.92656250e+01
 1.40239258e+01
 1.16112671e+01
 1.01994934e+01
 9.88168335e+00
 1.15336609e+01
 1.59155884e+01
 1.93816833e+01
 2.39188538e+01
 2.71152954e+01
 2.68551025e+01
 1.99310913e+01
 1.87280579e+01
 1.50928345e+01
 9.59442139e+00
 9.28881836e+00
 9.94573975e+00
 1.05003357e+01
 1.29555969e+01
 2.19960327e+01
 2.54989929e+01
 2.71897583e+01
 2.63146667e+01
 2.26473999e+01
 1.80298157e+01
 1.37840881e+01
 1.07482605e+01
 1.18391113e+01
 1.28918152e+01
 1.16478271e+01
 1.54208984e+01
 2.15145569e+01
 2.57031250e+01
 2.61209106e+01
 2.44647522e+01
 2.00522156e+01
 1.92582092e+01
 1.64110718e+01
 1.18712769e+01
 1.12438965e+01
 1.30001221e+01
 1.15142517e+01
 1.45188293e+01
 2.14592896e+01
 2.61563416e+01
 2.53157043e+01
 2.77526855e+01
 2.10971069e+01
 1.91330261e+01
 1.45112915e+01
 1.15768433e+01
 9.88098145e+00
 1.16702576e+01
 1.16948547e+01
 1.47113037e+01
 2.26200867e+01
 2.53437805e+01
 2.52856445e+01
 2.42978821e+01
 2.14028931e+01
 1.77446289e+01
 1.34725342e+01
 1.27167664e+01
 1.13655396e+01
 1.05510559e+01
 1.26147461e+01
 1.48574829e+01
 2.07733459e+01
 2.59338074e+01
 2.66765137e+01
 2.46658325e+01
 2.32460938e+01
 1.67138672e+01
 1.39749756e+01
 1.17597351e+01
 1.12740173e+01
 1.04006042e+01
 1.24678650e+01
 1.60874634e+01
 2.06700134e+01
 2.53014221e+01
 2.69094543e+01
 2.28830872e+01
 1.95427856e+01
 1.85757446e+01
 1.47026672e+01
 1.09993591e+01
 9.47131348e+00
 9.44622803e+00
 1.32039795e+01
 1.55769958e+01
 1.81612549e+01
 2.42194519e+01
 2.97573853e+01
 2.60736694e+01
 2.25156860e+01
 1.93039856e+01
 1.38009949e+01
 1.46161499e+01
 1.09501648e+01
 1.16364746e+01
 1.20966492e+01
 1.62746277e+01
 1.95198975e+01
 2.59527588e+01
 2.72739868e+01
 2.55195923e+01
 1.88832092e+01
 1.56215210e+01
 1.17223511e+01
 8.25921631e+00
 1.14043274e+01
 1.01246338e+01
 1.26112061e+01
 1.59363403e+01
 2.35701904e+01
 2.52595520e+01
 2.63056946e+01
 2.56532593e+01
 2.06417542e+01
 1.75140381e+01
 1.66245728e+01
 1.46463928e+01
 1.07868042e+01
 1.33107910e+01
 1.34731140e+01
 1.80762329e+01
 2.60246887e+01
 2.56544495e+01
 2.66624756e+01
 2.35477600e+01
 2.07203064e+01
 1.71678162e+01
 1.50639038e+01
 1.15921021e+01
 1.19584961e+01
 1.10505981e+01
 1.40055847e+01
 1.83115234e+01
 2.40592957e+01
 2.61662903e+01
 2.96911621e+01
 2.51723022e+01
 2.15154724e+01
 1.91729736e+01
 1.71973877e+01
 1.24726562e+01
 1.00815735e+01
 1.08153992e+01
 1.33880005e+01
 1.79986877e+01
 2.33151245e+01
 3.03221436e+01
 2.92322693e+01
 2.75190735e+01
 2.20252380e+01
 1.88307190e+01
 1.45654602e+01
 1.27993469e+01
 9.90872192e+00
 1.05115662e+01
 1.15718384e+01
 1.51623230e+01
 2.53246460e+01
 2.87898560e+01
 2.70159302e+01
 2.29241333e+01
 2.15394592e+01
 1.98672791e+01
 1.43339539e+01
 1.18473206e+01
 1.17156372e+01
 1.24089050e+01
 1.50170288e+01
 1.81660461e+01
 2.26061401e+01
 2.86480713e+01
 2.66852112e+01
 2.67063904e+01
 2.25732422e+01
 1.66916504e+01
 1.66690979e+01
 1.23024597e+01
 1.02742920e+01
 1.08634644e+01
 1.26629333e+01
 1.57716370e+01
 2.01342468e+01
 2.45630798e+01
 2.61847839e+01
 2.53626099e+01
 2.28456116e+01
 1.81259155e+01
 1.57917480e+01
 1.27092896e+01
 1.08824463e+01
 1.14512024e+01
 1.25438538e+01
 1.65311890e+01
 1.96070862e+01
 2.63750305e+01
 2.65639648e+01
 2.39829712e+01
 1.86268616e+01
 2.02694092e+01
 1.22400818e+01
 1.28826904e+01
 1.16973267e+01
 1.23500061e+01
 1.26535950e+01
 1.65424194e+01
 2.10863953e+01
 2.86703796e+01
 2.69383545e+01
 2.45288391e+01
 2.05891724e+01
 1.70759277e+01
 8.70452881e+00
 7.67816162e+00
 8.84686279e+00
 9.88494873e+00
 1.13680725e+01
 1.41164551e+01
 2.11416931e+01
 2.63912048e+01
 2.89964294e+01
 2.42508240e+01
 2.27962646e+01
 1.72204590e+01
 1.70216980e+01
 1.27548218e+01
 9.98941040e+00
 1.16391296e+01
 1.25688171e+01
 1.56318054e+01
 2.54886169e+01
 2.51388245e+01
 2.54295044e+01
 2.31857910e+01
 2.01732483e+01
 1.85795898e+01
 1.32579041e+01
 1.16040344e+01
 1.07683105e+01
 1.25747681e+01
 1.20474548e+01
 1.80461121e+01
 2.32289734e+01
 2.56347656e+01
 2.81390381e+01
 2.55378418e+01
 1.99043274e+01
 1.82825928e+01
 1.36960754e+01
 1.12731018e+01
 1.06974182e+01
 1.20410767e+01
 1.39768066e+01
 1.60686951e+01
 2.11956482e+01
 2.39256287e+01
 2.83013306e+01
 2.44310913e+01
 2.29538879e+01
 1.93624878e+01
 1.37617798e+01
 1.38984375e+01
 1.18475647e+01
 1.18483887e+01
 1.41292114e+01
 1.47236328e+01
 2.29200134e+01
 2.13619690e+01
 2.93901672e+01
 2.52852783e+01
 2.10014648e+01
 1.73426819e+01
 1.54292603e+01
 1.44428711e+01
 1.13407593e+01
 1.31951599e+01
 1.41987915e+01
 2.03864441e+01
 2.47217712e+01
 2.99773560e+01
 3.12739868e+01
 2.63392334e+01
 2.19875793e+01
 1.81380005e+01
 1.50117188e+01
 1.06808167e+01
 9.59713745e+00
 1.12895508e+01
 1.16642761e+01
 1.63726807e+01
 2.38862915e+01
 2.60983276e+01
 2.72122803e+01
 2.36954346e+01
 2.10410461e+01
 1.76499329e+01
 1.78755798e+01
 1.39298706e+01
 1.17411804e+01
 1.01047668e+01
 1.56023560e+01
 1.94288330e+01
 2.40614014e+01
 3.00437622e+01
 2.80791931e+01
 2.83122253e+01
 2.23754883e+01
 1.95235596e+01
 1.56111450e+01
 1.24057007e+01
 1.08833923e+01
 1.08030090e+01
 1.37691040e+01
 1.66773376e+01
 2.45979309e+01
 2.67053528e+01
 3.03965149e+01
 2.59385071e+01
 2.30990295e+01
 1.83894653e+01
 1.30999756e+01
 1.22644653e+01
 1.25965881e+01
 1.33021851e+01
 1.45104980e+01
 1.61843872e+01
 2.25424500e+01
 2.71259155e+01
 2.75630188e+01
 2.60281982e+01
 2.32266541e+01
 1.62978210e+01
 1.08852844e+01
 1.39584045e+01
 1.17692871e+01
 1.26167908e+01
 1.29248352e+01
 1.57785034e+01
 1.97222595e+01
 2.51285095e+01
 2.80501404e+01
 2.47513428e+01
 2.27579346e+01
 1.70824280e+01
 1.27943115e+01
 1.26840515e+01
 1.11083984e+01
 1.01312256e+01
 1.33009033e+01
 1.93261719e+01
 2.33690186e+01
 2.67702942e+01
 2.69230652e+01
 2.57399597e+01
 2.01561890e+01
 1.77989502e+01
 1.61450500e+01
 9.20541382e+00
 8.76773071e+00
 1.12803040e+01
 1.40107422e+01
 1.85838013e+01
 2.48868713e+01
 2.89719238e+01
 3.00306702e+01
 2.74947205e+01
 2.12428894e+01
 2.06855164e+01
 1.64933472e+01
 1.31578979e+01
 1.16203003e+01
 1.27798157e+01
 1.31954041e+01
 1.53864746e+01
 2.44774170e+01
 2.84692078e+01
 2.73758545e+01
 2.84470825e+01
 2.26250305e+01
 1.96015320e+01
 1.71177979e+01
 1.32583618e+01
 1.26873779e+01
 1.29928894e+01
 1.25798950e+01
 1.51993103e+01
 2.60846863e+01
 3.06832886e+01
 3.04941101e+01
 2.66056213e+01
 2.20847778e+01
 1.65101013e+01
 1.42027283e+01
 1.38125000e+01
 1.16471252e+01
 1.10412598e+01
 1.19432678e+01
 1.78980103e+01
 2.04109192e+01
 2.85028076e+01
 2.68783875e+01
 2.78163452e+01
 2.34011841e+01
 1.59359741e+01
 1.27455444e+01
 1.27732239e+01
 1.15893555e+01
 1.14140015e+01
 1.24504089e+01
 1.66030579e+01
 2.17144165e+01
 2.76600952e+01
 3.09768982e+01
 2.86106567e+01
 2.23880005e+01
 1.89697876e+01
 1.71172180e+01
 1.30476074e+01
 1.14038391e+01
 1.04842834e+01
 1.12988892e+01
 1.72327881e+01
 2.04803467e+01
 2.55834351e+01
 2.51417847e+01
 2.66072693e+01
 2.36697388e+01
 1.61722717e+01
 1.27204590e+01
 9.91879272e+00
 1.17503357e+01
 1.20648804e+01
 1.33688354e+01
 1.68809814e+01
 2.47192688e+01
 3.09142761e+01
 2.87493591e+01
 2.55667725e+01
 2.29369812e+01
 1.89604797e+01
 1.70588684e+01
 1.37428894e+01
 1.02712708e+01
 1.22104492e+01
 1.17160645e+01
 1.59695129e+01
 2.14114990e+01
 2.60805359e+01
 2.70468445e+01
 2.78063965e+01
 2.27837219e+01
 1.85129089e+01
 1.35806885e+01
 1.33902588e+01
 1.16748047e+01
 1.13977356e+01
 1.36735840e+01
 1.80130310e+01
 2.29833984e+01
 2.56128845e+01
 2.78400574e+01
 2.50585022e+01
 2.22521362e+01
 1.83981628e+01
 1.45841064e+01
 1.39125366e+01
 1.14853210e+01
 1.20971069e+01
 1.68506165e+01
 1.63704529e+01
 2.20913086e+01
 2.86853638e+01
 2.69777222e+01
 2.64312134e+01
 2.19537048e+01
 1.78419495e+01
 1.21420898e+01
 1.37180786e+01
 1.26190186e+01
 1.17023315e+01
 1.43834534e+01
 1.59594116e+01
 2.32134094e+01
 2.45903320e+01
 2.60534363e+01
 2.70292358e+01
 2.38192749e+01
 1.88638306e+01
 1.55883179e+01
 1.47228088e+01
 1.22888489e+01
 9.63436890e+00
 1.29424133e+01
 1.72823486e+01
 2.34745789e+01
 3.02759705e+01
 2.72736511e+01
 2.46400452e+01
 2.23684998e+01
 2.10694885e+01
 1.66301270e+01
 1.37709351e+01
 8.43060303e+00
 1.05154114e+01
 1.28029480e+01
 1.31193542e+01
 2.06865540e+01
 2.58406677e+01
 2.68151245e+01
 2.66747742e+01
 2.14190369e+01
 1.78627625e+01
 1.70513611e+01
 1.21002197e+01
 1.36080627e+01
 1.24198608e+01
 1.28424988e+01
 1.69032593e+01
 2.29672241e+01
 2.41876526e+01
 2.89415894e+01
 2.39270630e+01
 2.14683228e+01
 1.79585266e+01
 1.42334595e+01
 1.21038818e+01
 1.10566406e+01
 1.16006775e+01
 1.42358398e+01
 1.68080139e+01
 2.28770142e+01
 2.53926697e+01
 2.65712585e+01
 2.56143494e+01
 2.35480042e+01
 1.99225159e+01
 1.74284668e+01
 1.40993347e+01
 1.12491760e+01
 1.06799316e+01
 1.36470947e+01
 1.71291809e+01
 2.43366089e+01
 2.99077759e+01
 2.76723022e+01
 2.80911865e+01
 2.14960938e+01
 1.99111633e+01
 1.52073669e+01
 1.38863220e+01
 1.07773438e+01
 1.19885559e+01
 1.28705750e+01
 1.73511047e+01
 2.60024414e+01
 2.95172119e+01
 3.00865784e+01
 2.53045349e+01
 2.20799866e+01
 1.99778137e+01
 1.85627136e+01
 1.46307373e+01
 1.31605835e+01
 1.31352539e+01
 1.57195435e+01
 2.00733032e+01
 2.71653748e+01
 3.02695007e+01
 2.99646301e+01
 2.76554565e+01
 2.48741150e+01
 1.91164856e+01
 1.63405151e+01
 1.42008057e+01
 1.38957825e+01
 1.23460083e+01
 1.48156738e+01
 1.56013184e+01
 2.15661621e+01
 2.70895386e+01
 2.87622375e+01
 2.41803589e+01
 2.26167908e+01
 1.94900818e+01
 1.68518677e+01
 1.08540649e+01
 1.17728271e+01
 1.20212097e+01
 1.28045654e+01
 1.89157715e+01
 2.80315247e+01
 3.02563782e+01
 2.98614197e+01
 2.76696167e+01
 2.21357117e+01
 1.95240173e+01
 1.46531067e+01
 1.46338501e+01
 1.25968018e+01
 9.97760010e+00
 1.21021118e+01
 1.78446045e+01
 2.51918640e+01
 2.80080872e+01
 2.94772339e+01
 2.62503662e+01
 2.36634521e+01
 1.96697388e+01
 1.43326416e+01
 1.12778625e+01
 1.24100647e+01
 1.19441528e+01
 1.46257935e+01
 1.98209229e+01
 2.48836975e+01
 2.71602478e+01
 2.96087341e+01
 2.62870178e+01
 2.34124146e+01
 1.77912292e+01
 1.77817993e+01
 1.59993591e+01
 1.27925110e+01
 1.27987366e+01
 1.59133911e+01
 2.02503357e+01
 2.55042419e+01
 3.25972900e+01
 3.21152039e+01
 2.97999268e+01
 2.24648743e+01
 1.79726257e+01
 1.74510498e+01
 1.42579041e+01
 1.27186890e+01
 1.27909851e+01
 1.32710571e+01
 1.61047058e+01
 2.38482361e+01
 2.77980957e+01
 2.62662354e+01
 2.62538757e+01
 2.16522827e+01
 1.80039978e+01
 1.71029053e+01
 1.45394592e+01
 1.19624634e+01
 1.09549561e+01
 1.29049988e+01
 1.87532349e+01
 2.64555969e+01
 2.55771179e+01
 2.81950989e+01
 2.80291443e+01
 2.27875061e+01
 1.49105835e+01
 1.30440674e+01
 1.38764954e+01
 1.28953247e+01
 1.25648804e+01
 1.44723511e+01
 1.70704956e+01
 2.04648438e+01
 2.73000183e+01
 3.19119873e+01
 2.88456116e+01
 2.41369324e+01
 2.08558044e+01
 1.48782043e+01
