 2.65398560e+00
 -1.80029907e+00
 6.08895264e+00
 1.02116028e+01
 1.40231873e+01
 1.85479370e+01
 2.00747009e+01
 2.11653076e+01
 1.59624573e+01
 1.04528442e+01
 7.60592041e+00
 2.78255615e+00
 2.12249146e+00
 2.86159668e+00
 5.24389038e+00
 9.98693237e+00
 1.59290405e+01
 1.99064270e+01
 2.16027771e+01
 1.89963013e+01
 1.78887878e+01
 9.11538086e+00
 7.13170776e+00
 2.58498535e+00
 1.90627441e+00
 1.95879517e+00
 4.52739868e+00
 1.21402222e+01
 1.55765320e+01
 1.95575500e+01
 2.02614685e+01
 2.23433167e+01
 1.56590515e+01
 8.76433716e+00
 9.14208374e+00
 2.03707275e+00
 1.84026489e+00
 2.75725708e+00
 7.57821045e+00
 1.02643066e+01
 1.46794678e+01
 2.02033020e+01
 2.12303101e+01
 2.25126282e+01
 1.74657837e+01
 1.15180908e+01
 7.19332275e+00
 3.99062500e+00
 -3.25943604e+00
 2.39129028e+00
 3.81725464e+00
 9.94292603e+00
 1.37445923e+01
 1.87988831e+01
 2.39937378e+01
 2.23064514e+01
 1.72624451e+01
 8.80208740e+00
 7.52755127e+00
 4.94713745e+00
 -7.80432129e-01
 4.25896606e+00
 7.07058105e+00
 1.17396484e+01
 1.44383179e+01
 1.64507996e+01
 2.09898621e+01
 2.28907410e+01
 1.54889771e+01
 1.06693665e+01
 7.73641357e+00
 5.18776855e+00
 6.68752441e+00
 4.81575928e+00
 7.87838135e+00
 9.66771851e+00
 1.53972412e+01
 1.97630249e+01
 2.31668335e+01
 2.06228271e+01
 1.63811584e+01
 1.05806213e+01
 4.76632080e+00
 5.55968628e+00
 3.14263306e+00
 3.56630859e+00
 6.64724121e+00
 1.22172791e+01
 1.63742310e+01
 2.27381836e+01
 2.38015076e+01
 2.28026672e+01
 1.49327637e+01
 1.07125183e+01
 8.92070923e+00
 5.29461060e+00
 4.57717285e+00
 4.73772583e+00
 6.72875366e+00
 1.04275452e+01
 1.37494141e+01
 1.90019775e+01
 2.38187195e+01
 2.10920959e+01
 1.68084351e+01
 1.16548706e+01
 5.27297363e+00
 4.32604370e+00
 3.86065063e+00
 2.62679443e+00
 6.16134033e+00
 1.05888306e+01
 1.44515320e+01
 2.13528992e+01
 2.51487061e+01
 2.12114807e+01
 1.59095398e+01
 1.24576355e+01
 3.48458252e+00
 3.16582642e+00
 -1.12308350e+00
 2.20232544e+00
 7.36913452e+00
 1.19532104e+01
 1.60460144e+01
 2.13279358e+01
 2.46866089e+01
 2.24540955e+01
 1.37476440e+01
 1.05960632e+01
 5.14385376e+00
 5.77324829e+00
 3.88152466e+00
 3.21538696e+00
 7.81771240e+00
 1.16601807e+01
 1.56381165e+01
 1.79178406e+01
 2.12572571e+01
 2.19182373e+01
 1.60305725e+01
 1.04929138e+01
 5.26931152e+00
 1.25631104e+00
 -1.83261719e+00
 4.21749268e+00
 7.09707031e+00
 1.17001282e+01
 1.42386414e+01
 1.75630127e+01
 2.39157959e+01
 2.17651917e+01
 1.62510315e+01
 9.47588501e+00
 6.32229004e+00
 2.38585815e+00
 -2.56503906e+00
 2.59765015e+00
 6.39241943e+00
 9.46160278e+00
 1.36803223e+01
 2.09387146e+01
 2.38127686e+01
 2.10769897e+01
 1.62671448e+01
 9.78673706e+00
 6.87877808e+00
 3.49025879e+00
 -5.63770142e+00
 2.65649414e-01
 5.82619629e+00
 9.90551147e+00
 1.62290283e+01
 2.12512451e+01
 2.45470825e+01
 2.22298218e+01
 1.57604614e+01
 1.21338440e+01
 8.35186157e+00
 3.82250366e+00
 2.80834351e+00
 2.64904175e+00
 6.49050293e+00
 9.71654663e+00
 1.42014709e+01
 2.02419678e+01
 2.49824768e+01
 2.27950684e+01
 1.39462219e+01
 1.27484375e+01
 7.75933228e+00
 1.11654053e+00
 8.81158447e-01
 3.70864258e+00
 7.78298340e+00
 9.65856323e+00
 1.44249512e+01
 2.15174500e+01
 2.36646973e+01
 2.43072144e+01
 1.50991760e+01
 9.42330322e+00
 4.06926880e+00
 2.98378906e+00
 5.17312012e+00
 6.99160156e+00
 8.98269043e+00
 1.14008118e+01
 1.34815918e+01
 1.80448853e+01
 2.22657104e+01
 2.28713928e+01
 1.62060486e+01
 1.05277039e+01
 4.56438599e+00
 -1.16724243e+00
 -7.56348267e+00
 -3.99320068e+00
 6.72174072e-01
 9.25792847e+00
 1.54649597e+01
 1.85622803e+01
 2.20148560e+01
 2.23672729e+01
 1.58036438e+01
 1.15284363e+01
 7.01836548e+00
 4.47832642e+00
 -4.74829102e-01
 4.18740234e+00
 4.16198120e+00
 1.05596558e+01
 1.61667725e+01
 2.20348145e+01
 2.22174927e+01
 2.01078735e+01
 1.48678833e+01
 1.18264099e+01
 8.87423096e+00
 5.07509766e+00
 9.54888916e-01
 1.94149170e+00
 6.28780518e+00
 9.71557007e+00
 1.74917542e+01
 2.39885193e+01
 2.39367615e+01
 2.20618225e+01
 1.63094116e+01
 1.21415649e+01
 7.44036255e+00
 6.32537231e+00
 2.31118164e+00
 1.84237061e+00
 7.22310791e+00
 1.32325684e+01
 1.82025391e+01
 2.31352478e+01
 2.68693787e+01
 2.20008789e+01
 1.63561646e+01
 1.03659607e+01
 6.02260742e+00
 6.52022705e+00
 4.01970825e+00
 3.78267822e+00
 8.51369629e+00
 1.07209717e+01
 1.51038757e+01
 1.85834900e+01
 2.13223511e+01
 2.19905640e+01
 1.67839294e+01
 1.03664490e+01
 7.42543945e+00
 3.94445190e+00
 -1.89734497e+00
 -5.02683105e+00
 1.66005859e+00
 9.32808838e+00
 1.28481689e+01
 1.66378418e+01
 2.33557678e+01
 2.16764465e+01
 1.72168518e+01
 1.06687561e+01
 7.94179688e+00
 1.71920166e+00
 -1.36435547e+00
 5.03106079e+00
 6.78322754e+00
 1.00996948e+01
 1.38261658e+01
 2.22982422e+01
 2.27614380e+01
 2.11951843e+01
 1.55651794e+01
 9.49352417e+00
 8.47380981e+00
 3.21578369e+00
 4.42678223e+00
 6.10491333e+00
 7.39248047e+00
 1.06494080e+01
 1.65038391e+01
 2.35499207e+01
 2.42351013e+01
 2.41614014e+01
 1.82815796e+01
 8.53307495e+00
 3.46926270e+00
 3.95513306e+00
 1.57552490e+00
 6.79677734e+00
 6.56081543e+00
 1.07606140e+01
 1.34887634e+01
 2.08890015e+01
 2.45982300e+01
 2.70819031e+01
 1.91390930e+01
 1.23073059e+01
 6.81685791e+00
 3.13720093e+00
 -1.00296631e+00
 5.33229980e+00
 7.62642822e+00
 1.20710999e+01
 1.54338928e+01
 2.18793579e+01
 2.29546143e+01
 1.93024841e+01
 1.46791016e+01
 1.07125488e+01
 6.14067993e+00
 3.93255005e+00
 3.81768188e+00
 5.45345459e+00
 6.91256104e+00
 1.13516785e+01
 1.61275879e+01
 2.11782776e+01
 2.14915100e+01
 2.17837463e+01
 1.39819275e+01
 9.42562256e+00
 9.11718140e+00
 2.70845947e+00
 -5.94513550e+00
 -5.23456421e+00
 3.43303833e+00
 8.52504883e+00
 1.40213562e+01
 2.11227051e+01
 2.39075562e+01
 2.26708618e+01
 1.64854675e+01
 9.49706421e+00
 5.81783447e+00
 -7.54278564e-01
 3.27327881e+00
 6.61263428e+00
 8.79076538e+00
 1.12092224e+01
 1.59097534e+01
 1.95819336e+01
 1.96589905e+01
 2.07830139e+01
 1.58262573e+01
 1.04944092e+01
 5.56444702e+00
 4.47472534e+00
 1.50353394e+00
 3.71666870e+00
 9.37117920e+00
 9.48232422e+00
 9.96380005e+00
 1.99534241e+01
 2.32246948e+01
 2.00140015e+01
 1.51867310e+01
 1.12549072e+01
 7.22637329e+00
 4.84863281e-02
 -3.97046509e+00
 3.98711548e+00
 6.68602905e+00
 8.21129761e+00
 1.47384888e+01
 2.02043396e+01
 2.07950073e+01
 2.06339355e+01
 1.59592529e+01
 1.17844788e+01
 7.11290894e+00
 3.94741211e+00
 1.00545654e+00
 2.19024048e+00
 9.80053101e+00
 1.05006653e+01
 1.43699585e+01
 1.82461182e+01
 2.48158508e+01
 2.16269165e+01
 1.86858459e+01
 1.20085083e+01
 8.22072754e+00
 6.61956177e+00
 7.12963257e+00
 7.91845093e+00
 6.65731201e+00
 1.10509583e+01
 1.66267639e+01
 1.88580566e+01
 2.21601501e+01
 1.97841736e+01
 1.79694458e+01
 1.30446716e+01
 5.15398560e+00
 3.91027222e+00
 3.06942139e+00
 4.89058838e+00
 7.99547729e+00
 9.87731323e+00
 1.55072266e+01
 2.22240234e+01
 2.51986633e+01
 2.36404968e+01
 1.37129150e+01
 9.04241333e+00
 7.98781738e+00
 5.88329468e+00
 -2.66773071e+00
 4.19458008e-01
 6.00606689e+00
 1.17797791e+01
 1.38580566e+01
 2.01554504e+01
 2.39834229e+01
 2.19370361e+01
 1.68215271e+01
 1.12435547e+01
 9.09160767e+00
 1.13079224e+00
 -1.37958374e+00
 5.99279175e+00
 8.47719727e+00
 1.25176941e+01
 1.56865784e+01
 2.31214539e+01
 2.45588013e+01
 2.21849915e+01
 1.82293640e+01
 1.22449280e+01
 8.22664795e+00
 6.89172363e-01
 3.60631714e+00
 4.24746094e+00
 6.45461426e+00
 1.17662598e+01
 1.54594971e+01
 1.97481934e+01
 2.18481995e+01
 2.15245300e+01
 1.47717529e+01
 1.01632935e+01
 9.09346924e+00
 6.02138672e+00
 9.47808838e-01
 5.70913086e+00
 5.15831909e+00
 9.71959839e+00
 1.65320374e+01
 1.96596924e+01
 2.04426208e+01
 2.22768494e+01
 1.79069763e+01
 1.02170959e+01
 3.98244629e+00
 3.80581055e+00
 2.88765869e+00
 4.35018311e+00
 4.98803101e+00
 1.11315857e+01
 1.37729736e+01
 1.90197083e+01
 2.31337524e+01
 2.04761597e+01
 1.72467896e+01
 1.03098083e+01
 5.20430908e+00
 2.51470337e+00
 4.07207642e+00
 3.93871460e+00
 7.41271362e+00
 1.11400085e+01
 1.50270020e+01
 2.21019531e+01
 2.32283264e+01
 2.17764526e+01
 1.59483582e+01
 1.28226257e+01
 7.85317383e+00
 7.29247437e+00
 4.41768799e+00
 4.01064453e+00
 6.06612549e+00
 1.22642151e+01
 1.33825623e+01
 2.04724976e+01
 2.33992249e+01
 2.25822083e+01
 1.51295410e+01
 8.89254150e+00
 9.61940918e+00
 3.62624512e+00
 -4.37017822e-01
 9.86779785e-01
 7.11406860e+00
 1.06194702e+01
 1.39274536e+01
 2.00442139e+01
 2.37877441e+01
 2.20107056e+01
 1.36676575e+01
 9.97594604e+00
 7.85051880e+00
 4.03243408e+00
 4.18950806e+00
 4.56710205e+00
 8.03328857e+00
 1.16470581e+01
 1.44721619e+01
 1.79198853e+01
 2.41845032e+01
 2.40456482e+01
 1.45569092e+01
 1.05805603e+01
 6.96926270e+00
 4.06109009e+00
 5.94973145e+00
 2.72063599e+00
 6.21148071e+00
 1.11995178e+01
 1.52533813e+01
 2.21354614e+01
 2.27605225e+01
 2.03382813e+01
 1.50890442e+01
 1.06244446e+01
 7.97316895e+00
 3.97582397e+00
 4.01653442e+00
 4.36977539e+00
 8.92070923e+00
 1.39258667e+01
 1.61908203e+01
 2.08296753e+01
 2.53608032e+01
 2.53608643e+01
 1.80179077e+01
 1.19558350e+01
 7.00454102e+00
 2.62142334e+00
 4.13536987e+00
 5.24459229e+00
 9.74639282e+00
 1.05370422e+01
 1.33321472e+01
 1.81853882e+01
 2.06921936e+01
 2.22942444e+01
 1.77722412e+01
 1.12743774e+01
 4.54552612e+00
 3.80883789e-01
 -3.75031128e+00
 6.66661987e+00
 8.66665039e+00
 1.20456787e+01
 1.55532166e+01
 2.18733154e+01
 2.59449402e+01
 2.07629333e+01
 1.55136047e+01
 1.07291809e+01
 6.22786865e+00
 3.29171143e+00
 4.56450806e+00
 5.47887573e+00
 7.05846558e+00
 1.21221863e+01
 1.65094543e+01
 2.11234985e+01
 2.66412292e+01
 2.36417480e+01
 1.57242981e+01
 1.10840393e+01
 6.82372437e+00
 3.14165649e+00
 4.72994385e+00
 5.87517700e+00
 7.52822266e+00
 1.02593933e+01
 1.49511047e+01
 2.07363525e+01
 2.40373169e+01
 2.37291504e+01
 1.83281494e+01
 1.14304138e+01
 9.54204712e+00
 4.01500854e+00
 6.30120850e-01
 -6.24914551e-01
 7.23577271e+00
 1.21618896e+01
 1.45888000e+01
 2.17950073e+01
 2.06188293e+01
 2.29600769e+01
 1.75040222e+01
 9.71041260e+00
 5.85009155e+00
 -3.05364990e-01
 5.92690430e+00
 7.21279297e+00
 6.83693848e+00
 1.24675232e+01
 1.75690552e+01
 2.52886292e+01
 2.32708984e+01
 2.21940247e+01
 1.71816650e+01
 1.00254150e+01
 6.66359863e+00
 1.92821655e+00
 3.54354248e+00
 4.04396973e+00
 7.94463501e+00
 1.11783386e+01
 1.76716858e+01
 2.37879883e+01
 2.70572449e+01
 2.24902283e+01
 1.55445190e+01
 1.07411743e+01
 8.21331177e+00
 4.34490356e+00
 5.26558838e+00
 3.91042480e+00
 8.06469116e+00
 1.25220581e+01
 1.47904907e+01
 2.18070007e+01
 2.50435120e+01
 2.10495850e+01
 1.90845886e+01
 1.13879639e+01
 2.61846313e+00
 4.69781494e-01
 -6.87353516e-01
 1.01125488e+00
 7.25740967e+00
 9.07869873e+00
 1.63959900e+01
 1.98738953e+01
 2.19469238e+01
 2.20535828e+01
 1.93205200e+01
 1.07017761e+01
 7.89736328e+00
 3.30458984e+00
 5.51235352e+00
 8.25692139e+00
 8.95275269e+00
 1.40263916e+01
 1.54911743e+01
 1.81672302e+01
 2.23880249e+01
 2.33391968e+01
 1.79207397e+01
 7.98281250e+00
 7.78780518e+00
 5.18245850e+00
 4.57192383e+00
 4.56533203e+00
 7.96166382e+00
 1.14331299e+01
 1.66292358e+01
 2.13586060e+01
 2.29590088e+01
 2.34236084e+01
 1.66048218e+01
 1.25815674e+01
 7.12450562e+00
 7.10048828e+00
 6.05831299e+00
 5.44280396e+00
 9.73586426e+00
 1.28745972e+01
 1.75678040e+01
 2.06103455e+01
 2.38155762e+01
 2.45024963e+01
 1.69311768e+01
 1.18680664e+01
 8.18633423e+00
 7.53130493e+00
 4.68489990e+00
 8.21282349e+00
 1.02698608e+01
 1.23794800e+01
 1.67861877e+01
 2.53148743e+01
 2.49722229e+01
 2.26864258e+01
 1.59174744e+01
 8.65252075e+00
 8.66747437e+00
 6.47371826e+00
 2.04998169e+00
 2.26674805e+00
 6.29357300e+00
 8.45153198e+00
 1.46870361e+01
 2.12908875e+01
 2.43439270e+01
 2.29426514e+01
 1.55407959e+01
 9.43572388e+00
 5.93712769e+00
 5.30428467e+00
 4.46773682e+00
 5.12401733e+00
 6.75145874e+00
 1.07656189e+01
 1.82201172e+01
 2.60360352e+01
 2.50133301e+01
 2.21621033e+01
 1.91842285e+01
 1.01382690e+01
 5.54824219e+00
 3.42528687e+00
 5.01809082e+00
 4.80681763e+00
 5.21700439e+00
 1.10572144e+01
 1.78092590e+01
 2.74970032e+01
 2.77918640e+01
 2.50604797e+01
 1.76111084e+01
 1.05720764e+01
 5.74230347e+00
 6.61306152e+00
 7.43737793e-01
 3.85955200e+00
 8.02584229e+00
 1.18720947e+01
 1.54003540e+01
 1.96129395e+01
 2.54789978e+01
 2.24424377e+01
 1.59345642e+01
 1.16311890e+01
 8.02269897e+00
 2.80712280e+00
 2.43172607e+00
 4.98058472e+00
 4.92394409e+00
 9.64055786e+00
 1.65898376e+01
 2.41186768e+01
 2.59077698e+01
 2.53490234e+01
 1.88371826e+01
 1.22860352e+01
 9.08797607e+00
 8.21575317e+00
 6.96257935e+00
 4.67250977e+00
 6.69146118e+00
 9.74465332e+00
 1.57164246e+01
 2.33817078e+01
 2.55961548e+01
 2.44423767e+01
 1.80019165e+01
 9.81673584e+00
 8.32033691e+00
 3.99108276e+00
 3.39385376e+00
 6.51055298e+00
 8.14263306e+00
 1.25269714e+01
 1.44322754e+01
 1.96711365e+01
 2.55732056e+01
 2.38205200e+01
 1.65461365e+01
 8.06081543e+00
 4.66085205e+00
 8.80449829e+00
 3.29802856e+00
 6.75655518e+00
 9.61232910e+00
 1.15780884e+01
 1.54504028e+01
 2.39061829e+01
 2.54119507e+01
 2.59725586e+01
 2.01215759e+01
 1.27267395e+01
 5.78362427e+00
 5.69194946e+00
 1.35000000e+00
 6.04146729e+00
 9.00792847e+00
 1.27484375e+01
 1.51686035e+01
 2.22438904e+01
 2.51975647e+01
 2.36474548e+01
 1.80198914e+01
 1.16192261e+01
 9.05553589e+00
 7.22072754e+00
 6.26888428e+00
 6.77279053e+00
 8.30639038e+00
 1.02728516e+01
 1.44054810e+01
 2.11345154e+01
 2.65285889e+01
 2.39780823e+01
 1.83752991e+01
 1.09178406e+01
 7.88787231e+00
 5.55724487e+00
 4.18828735e+00
 4.05727539e+00
 7.82891235e+00
 1.28477722e+01
 1.67400452e+01
 2.42789246e+01
 2.40982910e+01
 2.46759277e+01
 2.01683594e+01
 1.13502136e+01
 6.81600342e+00
 2.26006470e+00
 6.47774658e+00
 2.98787842e+00
 1.07319580e+01
 1.03167358e+01
 1.86419922e+01
 2.52871033e+01
 2.84213196e+01
 2.39838501e+01
 1.76671387e+01
 9.54992065e+00
 5.16576538e+00
 2.37453613e+00
 2.35094604e+00
 5.44759521e+00
 6.06539307e+00
 1.19924866e+01
 1.89442383e+01
 2.59761902e+01
 2.45485168e+01
 2.65086609e+01
 1.73565613e+01
 9.17211304e+00
 9.38021240e+00
 5.22686157e+00
 3.59478149e+00
 5.40020142e+00
 9.34090576e+00
 1.02506653e+01
 1.36264587e+01
 2.50803162e+01
 2.61858459e+01
 2.23238770e+01
 1.72290588e+01
 1.15768982e+01
 7.10238037e+00
 6.51021729e+00
 4.47365723e+00
 4.46047363e+00
 8.99532471e+00
 1.15617004e+01
 1.57756592e+01
 2.06206909e+01
 2.32883545e+01
 2.11488586e+01
 1.71656433e+01
 9.91814575e+00
 8.24291382e+00
 2.90075073e+00
 1.81646118e+00
 3.97048340e+00
 9.12691650e+00
 1.16526733e+01
 1.55225464e+01
 2.13999573e+01
 2.41773315e+01
 2.49329163e+01
 1.75987183e+01
 1.30758606e+01
 6.02916870e+00
 3.74184570e+00
 1.80474243e+00
 3.60671387e+00
 8.40346680e+00
 1.08071228e+01
 1.60145508e+01
 1.96104065e+01
 2.39549194e+01
 2.51242004e+01
 1.79483276e+01
 1.06519714e+01
 7.00231323e+00
 8.37030029e-01
 5.29735718e+00
 6.20357666e+00
 7.58098755e+00
 1.19566895e+01
 1.63508240e+01
 1.90687500e+01
 2.41336609e+01
 2.28858582e+01
 1.92574402e+01
 1.29502197e+01
 7.45379028e+00
 5.09612427e+00
 2.02864990e+00
 3.32903442e+00
 7.24456177e+00
 1.16049744e+01
 1.75841919e+01
 2.52373901e+01
 2.60364319e+01
 2.33358704e+01
 1.58970886e+01
 1.18232971e+01
 8.30962524e+00
 5.58226929e+00
 5.17058716e+00
 5.86858521e+00
 5.99340210e+00
 8.66454468e+00
 1.50060364e+01
 1.84375549e+01
 2.25436951e+01
 2.49288574e+01
 1.76889282e+01
 9.55025635e+00
 7.96502075e+00
 3.01546631e+00
 4.09987793e+00
 1.83645020e+00
 5.48299561e+00
 1.04324585e+01
 1.65188232e+01
 2.05677429e+01
 2.16111084e+01
 2.33581177e+01
 1.98673645e+01
 1.32737976e+01
 1.00312134e+01
 4.66628418e+00
 3.22503052e+00
 7.21431885e+00
 1.14305054e+01
 1.37903687e+01
 1.74829041e+01
 2.58155762e+01
 2.81468140e+01
 2.60890137e+01
 2.01601196e+01
 1.32408081e+01
 7.98058472e+00
 3.91719971e+00
 4.51012573e+00
 5.50460205e+00
 9.60683594e+00
 1.12387329e+01
 1.49028564e+01
 2.27813354e+01
 2.90869385e+01
 2.47740723e+01
 1.63998047e+01
 1.14041077e+01
 8.17580566e+00
 4.11721191e+00
 4.25621948e+00
 5.99715576e+00
 8.19603882e+00
 1.27080627e+01
 1.46835266e+01
 2.01783386e+01
 2.42134338e+01
 2.43030640e+01
 1.96156555e+01
 1.32247253e+01
 7.56871948e+00
 5.37618408e+00
 5.16652832e+00
 4.98946533e+00
 5.98357544e+00
 1.20794006e+01
 1.61748901e+01
 1.83666626e+01
 2.25207153e+01
 2.35777527e+01
 2.05551697e+01
 1.20373474e+01
 1.18752991e+01
 8.28978882e+00
 4.01271973e+00
 5.20394287e+00
 9.23586426e+00
 1.12790466e+01
 1.74862305e+01
 2.11132141e+01
 2.68771606e+01
 2.72777039e+01
 1.89785706e+01
 1.18608032e+01
 7.88430176e+00
 5.33046875e+00
 1.27678833e+00
 5.90685425e+00
 7.61794434e+00
 1.07438904e+01
 1.62269226e+01
 2.23891846e+01
 2.39953247e+01
 2.51346069e+01
 1.94605957e+01
 1.45855042e+01
 9.71883545e+00
 5.52700195e+00
 5.58971558e+00
 4.24276123e+00
 6.85347900e+00
 1.25139709e+01
 1.56043640e+01
 2.26642090e+01
 2.67110840e+01
 2.63480469e+01
 1.85476318e+01
 1.21594482e+01
 8.84340820e+00
 5.11217651e+00
 6.47777710e+00
 2.29046021e+00
 4.24221191e+00
 9.80849609e+00
 1.56404053e+01
 2.16550232e+01
 2.50045105e+01
 2.30955139e+01
 1.66462952e+01
 1.18185669e+01
 6.74297485e+00
 8.87697754e+00
 1.17391357e+00
 4.58220825e+00
 9.07647095e+00
 1.25877930e+01
 1.96032654e+01
 1.82540833e+01
 2.12367493e+01
 2.46735168e+01
 1.73626038e+01
 1.25861145e+01
 1.12095581e+01
 5.05529175e+00
 4.71826172e-01
 5.88717041e+00
 8.16558228e+00
 1.22401978e+01
 1.49710022e+01
 2.00814148e+01
 2.24446655e+01
 2.29115845e+01
 1.82477966e+01
 1.21203857e+01
 7.98198853e+00
 3.60970459e+00
 3.53222046e+00
 6.59224854e+00
 8.94783936e+00
 1.18085571e+01
 1.75731140e+01
 2.32493835e+01
 2.76202637e+01
 2.70742432e+01
 1.97527710e+01
 1.24787231e+01
 7.46016846e+00
 6.89879761e+00
 4.40828857e+00
 7.02880249e+00
 8.74450073e+00
 1.37765137e+01
 1.88172241e+01
 2.41184326e+01
 2.81307007e+01
 2.71785522e+01
 1.85810791e+01
 1.24045654e+01
 9.64315186e+00
 9.35790405e+00
 4.17516479e+00
 6.32439575e+00
 8.34880981e+00
 1.30411011e+01
 1.68695618e+01
 2.31631714e+01
 2.44511963e+01
 2.61046082e+01
 2.16664978e+01
 1.33274780e+01
 7.35485229e+00
 5.17543945e+00
 7.04070435e+00
 6.92327271e+00
 1.03412720e+01
 1.29093262e+01
 1.60995728e+01
 2.00002991e+01
 2.59284302e+01
 2.69583374e+01
 1.95422607e+01
 1.25558105e+01
 8.60039673e+00
 8.90126953e+00
 4.92443237e+00
 8.48357544e+00
 9.94527588e+00
 1.33538147e+01
 1.97479797e+01
 2.36470276e+01
 2.64223267e+01
 2.46165100e+01
 2.15026184e+01
 1.23029419e+01
 8.96331177e+00
 8.05959473e+00
 4.32213745e+00
 4.05260620e+00
 7.29796753e+00
 1.21213318e+01
 1.51392761e+01
 2.12501770e+01
 2.62884766e+01
 2.55637756e+01
 1.91330200e+01
 1.36794983e+01
 9.45949707e+00
 6.42360840e+00
 3.95769653e+00
 6.15200195e+00
 9.37709961e+00
 1.25071960e+01
 1.59320313e+01
 2.01239563e+01
 2.65169312e+01
 2.50137268e+01
 1.88281799e+01
 1.20324341e+01
 1.05338684e+01
 9.83464966e+00
 4.08965454e+00
 8.30919800e+00
 1.18812500e+01
 9.29140625e+00
 1.65317017e+01
 2.05792175e+01
 2.69189697e+01
 2.42422729e+01
 1.88757568e+01
 1.23006531e+01
 8.24013672e+00
 4.40090332e+00
 4.18093262e+00
 4.15889893e+00
 8.52568970e+00
 1.28025146e+01
 1.84586121e+01
 2.35124146e+01
 2.66187683e+01
 2.59272705e+01
 1.76011292e+01
 1.25344788e+01
 9.35427246e+00
 7.91530762e+00
