 1.58638916e+00
 2.36950073e+00
 4.23348389e+00
 7.93239746e+00
 1.30155579e+01
 1.89540649e+01
 2.32980286e+01
 2.04129272e+01
 1.53034912e+01
 9.62307129e+00
 5.89046631e+00
 3.59216309e-01
 -3.57587280e+00
 5.51070557e+00
 7.02779541e+00
 9.90853271e+00
 1.28443542e+01
 1.97426697e+01
 2.00249878e+01
 1.84015747e+01
 1.51282288e+01
 1.24074341e+01
 8.37755737e+00
 -4.66436768e-01
 3.34588623e-01
 2.65514526e+00
 6.88158569e+00
 9.50060425e+00
 1.26030518e+01
 1.71850830e+01
 2.44207397e+01
 2.13541199e+01
 1.61155640e+01
 1.08720947e+01
 7.98867188e+00
 2.75820313e+00
 6.40313721e-01
 3.06929932e+00
 5.44158325e+00
 9.76674805e+00
 1.47835022e+01
 1.97919250e+01
 2.08519226e+01
 2.23408752e+01
 1.72820068e+01
 1.08940979e+01
 4.73467407e+00
 6.98297119e-01
 -2.23178711e+00
 -3.97675171e+00
 4.25490723e+00
 1.00783020e+01
 1.29928833e+01
 1.67919556e+01
 2.08908936e+01
 1.91244141e+01
 1.73072144e+01
 7.60399780e+00
 3.45873413e+00
 4.98376465e-01
 -2.12177124e+00
 3.20726929e+00
 5.04476318e+00
 9.06652222e+00
 1.51934753e+01
 1.85724426e+01
 2.18686768e+01
 2.02007690e+01
 1.70461060e+01
 1.10260254e+01
 2.85424194e+00
 4.52718506e+00
 -5.97967529e-01
 -2.17926636e+00
 3.82509766e+00
 8.45156250e+00
 1.31801392e+01
 1.63377625e+01
 2.24826904e+01
 1.96844116e+01
 1.33641907e+01
 1.03718201e+01
 8.06746826e+00
 -1.17093506e+00
 -4.17456055e-01
 -3.68613281e+00
 4.23888550e+00
 9.23763428e+00
 1.54156433e+01
 1.65848938e+01
 2.14567200e+01
 2.05569092e+01
 1.45047546e+01
 1.10914856e+01
 6.32348022e+00
 -2.36151123e-01
 4.77797852e+00
 -5.37451172e-01
 4.76668701e+00
 8.81090698e+00
 1.58013855e+01
 2.16845337e+01
 2.24841858e+01
 2.06993347e+01
 1.58433472e+01
 1.06025635e+01
 7.25069580e+00
 1.70211182e+00
 -1.06784668e+00
 2.61559448e+00
 5.81450806e+00
 1.05762268e+01
 1.56338745e+01
 1.83022705e+01
 2.30841919e+01
 2.20711304e+01
 1.72116638e+01
 7.36611328e+00
 7.99001465e+00
 5.81218872e+00
 2.82473145e+00
 4.13680420e+00
 6.25838623e+00
 9.34697876e+00
 1.27161804e+01
 1.79053589e+01
 2.04328247e+01
 2.21205078e+01
 1.87701660e+01
 9.39623413e+00
 3.21349487e+00
 1.00750122e+00
 2.85958252e+00
 1.26696167e+00
 5.87261353e+00
 9.25206909e+00
 1.52993103e+01
 1.94771057e+01
 2.07476135e+01
 1.84288574e+01
 1.75686584e+01
 1.41399780e+01
 2.49938354e+00
 4.62944946e+00
 1.83257446e+00
 3.00637207e+00
 6.61849365e+00
 1.03157593e+01
 1.28109375e+01
 1.58336426e+01
 2.01156250e+01
 2.23585754e+01
 1.61057678e+01
 1.19694763e+01
 3.07537231e+00
 3.29122314e+00
 -2.27603760e+00
 2.95617065e+00
 5.56856689e+00
 9.10827026e+00
 1.33612000e+01
 1.67241150e+01
 2.05766541e+01
 2.17508179e+01
 1.67604004e+01
 8.42708740e+00
 4.45461426e+00
 -1.39395752e+00
 -8.46197510e-01
 -5.03156128e+00
 4.00277100e+00
 9.08880005e+00
 1.25145203e+01
 1.61463257e+01
 2.18117920e+01
 2.16831909e+01
 1.92785889e+01
 1.10736633e+01
 4.42489014e+00
 2.35427246e+00
 -2.54898682e+00
 2.15187988e+00
 6.62487183e+00
 7.72530518e+00
 1.19820801e+01
 1.89009949e+01
 2.17585388e+01
 2.27502075e+01
 1.69943787e+01
 1.18876282e+01
 6.64812622e+00
 5.39217529e+00
 -4.75479736e+00
 4.21703491e+00
 7.02062378e+00
 1.04234863e+01
 1.28189026e+01
 1.96946045e+01
 2.23602234e+01
 1.98435913e+01
 1.48901917e+01
 1.00990845e+01
 7.76180420e+00
 2.09853516e+00
 2.15880737e+00
 1.32030640e+00
 4.80465088e+00
 8.42519531e+00
 1.30252625e+01
 1.72311951e+01
 2.21591736e+01
 2.03017822e+01
 1.90904175e+01
 1.48377625e+01
 3.75533447e+00
 4.34728394e+00
 8.53326416e-01
 3.49044189e+00
 8.96462402e+00
 9.39837036e+00
 1.45578857e+01
 1.89013916e+01
 1.86587158e+01
 1.75220276e+01
 1.41840149e+01
 7.64714966e+00
 8.04348145e+00
 3.99669800e+00
 1.19165039e-01
 -2.68255615e-01
 5.98079834e+00
 8.40706787e+00
 1.31225525e+01
 1.80552307e+01
 1.85017029e+01
 2.13725830e+01
 1.76202637e+01
 1.07799316e+01
 6.17070923e+00
 5.79702148e+00
 1.78780518e+00
 3.71883545e+00
 5.27492676e+00
 8.02391968e+00
 1.32959229e+01
 1.82044617e+01
 2.22914063e+01
 1.91595398e+01
 1.62330566e+01
 1.16070801e+01
 7.05562744e+00
 3.47924194e+00
 3.81139526e+00
 1.97026978e+00
 3.95723877e+00
 1.04778076e+01
 1.49334656e+01
 1.85838257e+01
 2.20453735e+01
 1.95500122e+01
 1.34649902e+01
 9.36052856e+00
 3.17806396e+00
 6.58532715e-01
 3.46236572e+00
 2.02492676e+00
 4.19069824e+00
 9.29918823e+00
 1.47929016e+01
 2.18156372e+01
 2.20285889e+01
 1.99150024e+01
 1.58811890e+01
 9.88347778e+00
 7.60100708e+00
 2.21624146e+00
 3.61779785e-01
 3.27147827e+00
 4.56405029e+00
 9.52584229e+00
 1.28176208e+01
 1.64710327e+01
 2.21989380e+01
 2.19924866e+01
 1.63358093e+01
 1.40622498e+01
 9.52315674e+00
 3.60350952e+00
 1.93346558e+00
 3.79454956e+00
 6.59908447e+00
 8.68044434e+00
 1.46730591e+01
 2.07630249e+01
 2.10378662e+01
 1.98922363e+01
 1.49566284e+01
 9.54607544e+00
 4.10216675e+00
 2.39650879e+00
 3.86190186e+00
 3.41997681e+00
 6.81163940e+00
 9.11062012e+00
 1.25022827e+01
 1.63309875e+01
 2.22300049e+01
 2.10382629e+01
 1.67823120e+01
 9.56264648e+00
 2.46605835e+00
 -1.91278687e+00
 -5.45751953e-01
 2.71282349e+00
 3.57528076e+00
 9.24352417e+00
 1.50681396e+01
 2.02250305e+01
 2.02934814e+01
 2.08561035e+01
 1.40162903e+01
 1.07911316e+01
 3.45394287e+00
 4.86574707e+00
 1.92583618e+00
 4.43883667e+00
 8.03374634e+00
 1.15468384e+01
 1.54393250e+01
 1.59463440e+01
 1.92333923e+01
 1.85437256e+01
 1.65580688e+01
 1.02093445e+01
 6.30465088e+00
 4.06807861e+00
 1.01625977e+00
 2.22097168e+00
 6.97667847e+00
 1.03496338e+01
 1.44745728e+01
 1.74190918e+01
 2.37275940e+01
 2.08677917e+01
 1.56356140e+01
 1.24705139e+01
 8.33822021e+00
 1.65130005e+00
 8.42675781e-01
 5.70824585e+00
 8.99770508e+00
 1.16576477e+01
 1.53675781e+01
 2.20253845e+01
 2.23079773e+01
 2.29651428e+01
 1.69458557e+01
 1.15417725e+01
 3.65615234e+00
 5.22414551e+00
 4.32357178e+00
 -9.05218506e-01
 5.39037476e+00
 1.15314270e+01
 1.46209961e+01
 1.98494202e+01
 2.22834106e+01
 2.13822266e+01
 1.51914917e+01
 1.26116272e+01
 7.04650269e+00
 5.85103760e+00
 1.76726685e+00
 3.57250366e+00
 4.00817261e+00
 9.79329834e+00
 1.35247131e+01
 1.75665222e+01
 2.12605530e+01
 2.06802002e+01
 1.46444641e+01
 1.14714905e+01
 4.07183228e+00
 3.25344238e+00
 8.89489746e-01
 3.37130127e+00
 8.02276001e+00
 1.01158691e+01
 1.65844360e+01
 2.02994629e+01
 2.10028625e+01
 1.90036255e+01
 1.64762512e+01
 1.12036682e+01
 9.11718140e+00
 3.64928589e+00
 4.30214844e+00
 4.44396362e+00
 7.55166016e+00
 9.84359131e+00
 1.39121643e+01
 1.66382385e+01
 2.32582336e+01
 2.18499695e+01
 1.71687561e+01
 1.07784363e+01
 2.73214111e+00
 -1.73831787e+00
 -5.49524536e+00
 -9.12070312e+00
 -6.40051270e-01
 9.42019043e+00
 1.35423218e+01
 1.72422119e+01
 2.14860779e+01
 2.15273682e+01
 1.89291321e+01
 1.03176819e+01
 4.01439819e+00
 -2.75342407e+00
 -1.59552612e+00
 3.14263306e+00
 6.52651367e+00
 1.04148193e+01
 1.62528625e+01
 2.15196472e+01
 2.44168640e+01
 1.89843079e+01
 1.67344299e+01
 1.04203125e+01
 6.39077148e+00
 4.43038330e+00
 -3.96093750e-01
 6.74920654e-01
 2.74700317e+00
 1.08561035e+01
 1.61152588e+01
 1.85230652e+01
 2.43676697e+01
 2.34860474e+01
 1.75817200e+01
 1.05785461e+01
 6.20595703e+00
 2.34917603e+00
 2.46444092e+00
 -9.58288574e-01
 7.30413208e+00
 9.47756348e+00
 1.50121399e+01
 1.81921326e+01
 2.07146545e+01
 2.07267700e+01
 1.67499023e+01
 6.68374023e+00
 2.88759766e+00
 5.19326172e+00
 2.31670532e+00
 2.36171875e+00
 7.54384766e+00
 1.18490234e+01
 1.29422241e+01
 1.90447632e+01
 2.02468201e+01
 2.07009827e+01
 1.70718018e+01
 1.03257385e+01
 3.67342529e+00
 -2.82935181e+00
 8.09167480e-01
 1.62142334e+00
 2.52041016e+00
 9.75029907e+00
 1.33507935e+01
 1.58256470e+01
 1.94887634e+01
 2.22560974e+01
 1.72432800e+01
 9.62899170e+00
 6.44780884e+00
 2.08355103e+00
 8.66296387e-01
 4.47176514e+00
 6.69112549e+00
 1.01899353e+01
 1.56622253e+01
 1.92713867e+01
 2.42589050e+01
 2.46263367e+01
 1.66687256e+01
 8.50261841e+00
 6.67473755e+00
 1.44271240e+00
 9.20037842e-01
 1.80416260e+00
 5.29958496e+00
 9.49895630e+00
 1.64342590e+01
 2.12351318e+01
 2.60602661e+01
 1.98571716e+01
 1.71595703e+01
 1.21316772e+01
 6.64040527e+00
 4.44701538e+00
 1.39727173e+00
 1.92949829e+00
 7.77254639e+00
 1.07409607e+01
 1.61213928e+01
 1.93336731e+01
 2.11476074e+01
 1.95346008e+01
 1.78267151e+01
 8.75383911e+00
 8.19439087e+00
 2.45369873e+00
 1.31563721e+00
 2.89397583e+00
 4.66094360e+00
 9.39312134e+00
 1.41504150e+01
 1.78899475e+01
 2.21599670e+01
 2.12437683e+01
 1.58279358e+01
 1.16633240e+01
 7.53728638e+00
 2.91042480e+00
 -3.15466309e-01
 4.17684326e+00
 5.18218384e+00
 1.05965210e+01
 1.39035889e+01
 1.87383972e+01
 2.02300964e+01
 1.94600464e+01
 1.50510193e+01
 1.08296448e+01
 1.68541870e+00
 3.47253418e-01
 1.71978149e+00
 1.50164185e+00
 8.27996216e+00
 1.20656677e+01
 1.56253296e+01
 2.11768127e+01
 2.12536255e+01
 2.37254272e+01
 1.84274536e+01
 1.25376831e+01
 5.61199341e+00
 -6.28881836e-01
 2.67736206e+00
 5.44552002e+00
 5.36998901e+00
 8.42183838e+00
 1.44817139e+01
 1.70220276e+01
 2.21929260e+01
 2.06409546e+01
 1.43643127e+01
 1.22699829e+01
 5.47832642e+00
 1.67400513e+00
 -2.12247314e+00
 3.45778809e+00
 7.01284180e+00
 1.07878357e+01
 1.17333313e+01
 1.58905579e+01
 2.17157837e+01
 2.18620239e+01
 1.46850525e+01
 1.13142029e+01
 6.09310303e+00
 1.51699219e+00
 1.19841919e+00
 2.39534912e+00
 5.34008179e+00
 1.15858093e+01
 1.39866272e+01
 1.90233398e+01
 2.00156494e+01
 2.09503723e+01
 1.75093323e+01
 1.19067932e+01
 3.49855957e+00
 4.41982422e+00
 -5.02966309e-01
 7.24969482e-01
 3.84670410e+00
 1.09845215e+01
 1.42425476e+01
 1.78522583e+01
 2.14947144e+01
 2.28630615e+01
 1.58919006e+01
 8.47680054e+00
 5.59377441e+00
 4.57109985e+00
 -2.09265137e-01
 3.61309204e+00
 3.79985962e+00
 9.97475586e+00
 1.35696655e+01
 1.82109314e+01
 2.34862305e+01
 2.25195862e+01
 1.56233154e+01
 1.13252808e+01
 9.03713379e+00
 3.81371460e+00
 5.12850342e+00
 5.37359009e+00
 7.79265747e+00
 9.56664429e+00
 1.31927734e+01
 1.92883545e+01
 2.41805664e+01
 2.42774597e+01
 1.76534668e+01
 1.29110962e+01
 4.28978882e+00
 3.69417725e+00
 -5.89575195e-01
 4.32061157e+00
 5.86016235e+00
 7.61672363e+00
 1.36362854e+01
 1.85106140e+01
 2.17444397e+01
 2.22326294e+01
 1.74963623e+01
 1.11339355e+01
 7.91466675e+00
 2.31469727e-01
 -3.71933594e+00
 2.30126343e+00
 7.32561646e+00
 1.10935608e+01
 1.45607849e+01
 2.31028381e+01
 2.21287170e+01
 2.07638794e+01
 1.56188904e+01
 1.11594788e+01
 5.42287598e+00
 5.89351807e+00
 3.61892090e+00
 6.48781738e+00
 6.18969116e+00
 1.08032776e+01
 1.73247314e+01
 2.35595337e+01
 2.12571960e+01
 1.82406555e+01
 1.56334778e+01
 1.33253113e+01
 6.98641357e+00
 7.28753662e-01
 1.93215332e+00
 1.42192993e+00
 7.55190430e+00
 9.55513916e+00
 1.35973145e+01
 2.10728088e+01
 2.12770630e+01
 2.34465576e+01
 1.65248962e+01
 1.11653076e+01
 7.05291138e+00
 1.19182739e+00
 -3.63281860e+00
 -4.50327148e+00
 2.18380127e+00
 9.53634033e+00
 1.56813293e+01
 2.07678162e+01
 2.76545349e+01
 2.16097656e+01
 1.70559326e+01
 1.08563171e+01
 7.57366333e+00
 2.84951172e+00
 -3.77384033e+00
 1.09761963e+00
 6.26949463e+00
 7.67754517e+00
 1.30151001e+01
 1.83918396e+01
 2.17101074e+01
 2.00781799e+01
 1.72645813e+01
 8.34401855e+00
 6.99547729e+00
 2.43560181e+00
 6.15844116e+00
 2.62374268e+00
 6.39742432e+00
 9.30355225e+00
 1.52984863e+01
 2.08452393e+01
 2.22033936e+01
 2.16300903e+01
 1.75879150e+01
 9.14306030e+00
 8.21605835e+00
 3.38274536e+00
 5.62658081e+00
 4.51918945e+00
 8.44497070e+00
 9.35897217e+00
 1.43193604e+01
 2.03866821e+01
 2.32969910e+01
 2.41184021e+01
 1.91222473e+01
 1.43091980e+01
 7.39287720e+00
 4.21294556e+00
 -4.34595337e+00
 -2.06610718e+00
 6.92812500e+00
 1.02000671e+01
 1.38852478e+01
 1.93734985e+01
 2.53044678e+01
 2.04760071e+01
 2.00034119e+01
 1.26841980e+01
 5.65252075e+00
 3.65541992e+00
 2.71062622e+00
 3.59243164e+00
 3.66967163e+00
 1.08532959e+01
 1.24329468e+01
 1.65423828e+01
 2.03125549e+01
 2.04411865e+01
 1.92167908e+01
 1.05560852e+01
 9.03615723e+00
 3.40947876e+00
 9.10363770e-01
 4.59084473e+00
 7.06218872e+00
 1.16304871e+01
 1.42104736e+01
 2.08416687e+01
 2.27179504e+01
 1.89788452e+01
 1.74400879e+01
 9.96462402e+00
 5.02636108e+00
 6.79683838e+00
 3.76882324e+00
 2.86080322e+00
 7.31160889e+00
 1.18366333e+01
 1.62946106e+01
 2.06114441e+01
 2.33001953e+01
 2.39148193e+01
 1.93511292e+01
 1.32861572e+01
 7.09472046e+00
 3.27657471e+00
 1.43004761e+00
 4.79262695e+00
 3.97432861e+00
 1.02370239e+01
 1.54561401e+01
 2.16374146e+01
 2.09020935e+01
 1.91775452e+01
 1.41627441e+01
 1.31453796e+01
 7.31301270e+00
 1.95382080e+00
 5.52767334e+00
 4.87212524e+00
 9.04256592e+00
 9.77578125e+00
 1.34929138e+01
 2.13782898e+01
 2.50095764e+01
 2.34878174e+01
 1.71216064e+01
 9.62377319e+00
 6.55187378e+00
 2.40572510e+00
 3.78301392e+00
 5.28902588e+00
 7.53139648e+00
 1.32823120e+01
 1.67343689e+01
 2.06846252e+01
 1.92271973e+01
 2.21000305e+01
 1.68767639e+01
 1.26197449e+01
 6.56841431e+00
 4.74245605e+00
 1.60717163e+00
 4.32534180e+00
 7.30492554e+00
 9.42962036e+00
 1.38604370e+01
 2.20228516e+01
 2.10866943e+01
 1.95858093e+01
 1.59874817e+01
 8.87929688e+00
 6.23674927e+00
 6.38506470e+00
 2.95226440e+00
 5.36147461e+00
 6.75130615e+00
 1.11533752e+01
 1.55595337e+01
 2.19125610e+01
 2.36106812e+01
 2.62739807e+01
 2.28050171e+01
 1.36137329e+01
 7.57753906e+00
 6.45638428e+00
 2.83226929e+00
 6.14843140e+00
 9.38027344e+00
 1.04948364e+01
 1.62253967e+01
 2.09786926e+01
 2.31982056e+01
 2.10607849e+01
 1.64288574e+01
 1.17084290e+01
 7.60588989e+00
 1.60881958e+00
 1.10091553e+00
 4.46810303e+00
 5.63704834e+00
 1.19203125e+01
 1.59530579e+01
 2.02183167e+01
 2.38849426e+01
 2.34000488e+01
 1.71927429e+01
 9.28597412e+00
 6.28557739e+00
 5.73983154e+00
 2.96212158e+00
 4.85558472e+00
 9.40581665e+00
 8.25240479e+00
 1.47583557e+01
 1.89239136e+01
 2.46871887e+01
 2.27757813e+01
 1.61493774e+01
 1.12020508e+01
 6.93599854e+00
 1.58919678e+00
 2.78405151e+00
 3.89205322e+00
 6.14434204e+00
 1.04844604e+01
 1.55135742e+01
 2.09106995e+01
 2.34051147e+01
 2.15629822e+01
 1.61323792e+01
 1.39138733e+01
 6.64483032e+00
 1.79049072e+00
 3.32482300e+00
 -1.66387939e-01
 6.99804077e+00
 9.41130981e+00
 1.50775391e+01
 2.08173767e+01
 2.37569519e+01
 2.33393799e+01
 1.67537781e+01
 1.22983032e+01
 5.51287231e+00
 3.11055908e+00
 4.03978882e+00
 4.19051514e+00
 6.04689941e+00
 9.47121582e+00
 1.41253296e+01
 2.13616577e+01
 2.53698669e+01
 2.07239624e+01
 1.66743713e+01
 1.25452515e+01
 7.41973267e+00
 1.37880859e+00
 2.39898071e+00
 3.23183594e+00
 5.08489380e+00
 1.06673828e+01
 1.40373779e+01
 1.92962585e+01
 2.30878540e+01
 2.59912048e+01
 1.95661560e+01
 9.41201172e+00
 4.35088501e+00
 2.67293701e+00
 6.94604492e-01
 -1.20407715e+00
 4.78206787e+00
 1.27603699e+01
 1.63485046e+01
 2.29625793e+01
 2.42414185e+01
 2.61712891e+01
 2.01241699e+01
 1.18956238e+01
 7.47442017e+00
 4.71462402e+00
 4.29430542e+00
 1.90200195e+00
 7.18456421e+00
 1.03003784e+01
 1.56708313e+01
 1.96033264e+01
 2.35432983e+01
 2.46192566e+01
 1.72305542e+01
 1.28546082e+01
 3.65734253e+00
 -1.40970459e+00
 -3.46613159e+00
 2.70675049e+00
 6.75014648e+00
 8.71587524e+00
 1.16566711e+01
 2.08746887e+01
 2.26191650e+01
 2.40570007e+01
 1.69189392e+01
 9.81820068e+00
 5.97796021e+00
 5.12218628e+00
 3.41893921e+00
 5.27669678e+00
 9.49227295e+00
 1.04246765e+01
 1.51539246e+01
 2.02036682e+01
 2.78462463e+01
 2.33615051e+01
 1.69524780e+01
 1.31446777e+01
 8.50921021e+00
 1.11937866e+00
 -4.01672363e-02
 2.45839844e+00
 6.18181763e+00
 1.16315857e+01
 1.38630920e+01
 1.70419556e+01
 2.02395569e+01
 2.23723999e+01
 1.57675415e+01
 1.32559143e+01
 7.99364624e+00
 5.85976563e+00
 -1.20611572e-01
 3.89284668e+00
 6.90935669e+00
 8.42330322e+00
 1.49395386e+01
 1.92323853e+01
 2.29805237e+01
 2.32836243e+01
 1.52630554e+01
 1.20254456e+01
 9.71831665e+00
 6.80062256e+00
 5.76232300e+00
 5.15801392e+00
 6.63063965e+00
 8.52697144e+00
 1.38893677e+01
 1.88850037e+01
 2.13935486e+01
 2.14755493e+01
 1.57921082e+01
 1.16980530e+01
 5.49862061e+00
 4.10451660e+00
 -3.11340942e+00
 2.60332642e+00
 8.60100708e+00
 1.12596375e+01
 1.45965820e+01
 1.89519287e+01
 2.06374146e+01
 2.27058044e+01
 1.91205383e+01
 1.18621460e+01
 5.21026001e+00
 4.52050171e+00
 3.56002197e+00
 1.40114746e+00
 7.55025635e+00
 1.11727844e+01
 1.51308838e+01
 2.26090637e+01
 2.70233093e+01
 2.29066406e+01
 1.88786560e+01
 1.40473572e+01
 9.71734009e+00
 8.62695313e-01
 2.10909424e+00
 4.02733765e+00
 4.81838379e+00
 1.08069092e+01
 1.44408508e+01
 2.10877014e+01
 2.36629883e+01
 2.42459961e+01
 1.63151489e+01
 1.00584045e+01
 7.39412842e+00
 4.47329102e+00
 2.36324463e+00
 5.42940674e+00
 7.82637939e+00
 1.07781921e+01
 1.46397034e+01
 2.04828125e+01
 2.35255981e+01
 2.14951721e+01
 1.47268005e+01
 9.95363770e+00
 3.66137085e+00
 5.38781738e-01
 3.79589233e+00
 2.71138916e+00
 7.28444824e+00
 1.31192566e+01
 1.75350891e+01
 2.75329529e+01
 2.20556885e+01
 2.17334534e+01
 1.55895935e+01
 1.26380859e+01
 6.96706543e+00
 3.51525269e+00
 -3.17810669e+00
 2.32399902e+00
 5.50383911e+00
 7.09768066e+00
 1.40370422e+01
 1.88774658e+01
 2.27167297e+01
 2.20335632e+01
 1.64085938e+01
 7.92543945e+00
 4.90624390e+00
 5.54952393e+00
 -1.60974731e+00
 1.99620972e+00
 5.50310669e+00
 1.29170166e+01
 1.50305420e+01
 2.03515564e+01
 2.32452026e+01
 2.50224243e+01
 1.76552063e+01
 1.08151184e+01
 7.22216187e+00
 5.44072876e+00
 4.06707153e+00
 3.65792236e+00
 5.65822754e+00
 1.12728821e+01
 1.50014893e+01
 2.01067749e+01
 2.42677551e+01
 2.50756775e+01
 1.74677673e+01
 1.26552979e+01
 6.49788818e+00
 6.58678589e+00
 3.61993408e-01
 2.79259644e+00
 9.06368408e+00
 1.08666931e+01
 1.55278259e+01
 2.37300964e+01
 2.86335083e+01
 2.09747559e+01
 1.63816162e+01
 1.25332275e+01
 9.76055298e+00
 5.68215332e+00
 6.18569336e+00
 3.92672119e+00
 8.69994507e+00
 1.12300659e+01
 1.55947815e+01
 2.51035706e+01
 2.91300903e+01
 1.91411682e+01
 1.50218445e+01
 1.36476990e+01
 4.56676636e+00
 5.33696899e+00
 6.37780762e-01
 4.12136230e+00
 8.30864868e+00
 7.82552490e+00
 1.61837708e+01
 2.27712646e+01
 2.51848694e+01
 2.34213806e+01
 1.62010132e+01
 1.18992249e+01
 9.16039429e+00
 2.87478027e+00
 5.10527954e+00
 4.25692139e+00
 5.88698730e+00
 1.10430542e+01
 1.52170044e+01
 2.14136902e+01
 2.32327515e+01
 2.21993958e+01
 1.65298401e+01
 1.45877625e+01
 1.11400085e+01
 5.01644287e+00
 3.71813354e+00
 4.91876221e-01
 7.65981445e+00
 9.50103149e+00
 1.61027161e+01
 1.86882568e+01
 2.05899902e+01
 2.13178955e+01
 1.53332764e+01
 9.50380859e+00
 5.97823486e+00
 3.97664795e+00
 5.61788330e+00
 4.87178955e+00
 8.83046875e+00
 9.40328369e+00
 1.53054749e+01
 2.07333008e+01
 2.29407593e+01
 2.50809875e+01
 1.86408325e+01
 1.25807129e+01
 4.13640747e+00
 3.54183350e+00
 5.12047729e+00
 7.39434814e-01
 7.70232544e+00
 1.32331787e+01
 1.40405518e+01
 1.80140320e+01
 2.21555115e+01
 2.49755798e+01
 1.91028381e+01
 1.08891235e+01
 6.45543823e+00
 6.69844971e+00
 1.88967285e+00
 1.39296875e+00
 6.09661255e+00
 1.18065430e+01
 1.59507996e+01
 2.50721985e+01
 2.53577515e+01
 2.06571899e+01
 1.73022400e+01
 1.01129089e+01
 9.24990234e+00
 5.51113281e+00
 2.44817505e+00
 -1.40540161e+00
 4.94613037e+00
 9.24096069e+00
 1.39919373e+01
 1.81351563e+01
 1.93312927e+01
 2.02388855e+01
 1.67871948e+01
 1.01662537e+01
 4.97585449e+00
 2.70305786e+00
