 -2.82446289e-01
 2.41863403e+00
 4.44289551e+00
 8.47704468e+00
 1.30306335e+01
 1.67687317e+01
 2.10941406e+01
 2.13192993e+01
 1.59606567e+01
 1.02004333e+01
 6.47768555e+00
 -5.74072266e-01
 8.65502930e-01
 5.83727417e+00
 5.72799072e+00
 1.00786987e+01
 1.44771973e+01
 2.23731628e+01
 2.67857605e+01
 2.36245972e+01
 1.63854309e+01
 1.08486877e+01
 6.94710693e+00
 6.33666382e+00
 4.44332275e+00
 7.12749634e+00
 6.56722412e+00
 1.05438782e+01
 1.27641235e+01
 2.18227478e+01
 2.28718811e+01
 2.16166931e+01
 1.75135742e+01
 1.13409668e+01
 3.74230347e+00
 4.38869629e+00
 5.68221436e+00
 4.79342041e+00
 5.60769043e+00
 8.92888794e+00
 1.29081970e+01
 1.84981018e+01
 2.38091370e+01
 2.25366455e+01
 1.59408203e+01
 9.09334717e+00
 5.28350220e+00
 1.94116211e-01
 2.56292114e+00
 2.80062256e+00
 8.32982788e+00
 9.66704712e+00
 1.40570618e+01
 1.80854736e+01
 2.25435120e+01
 2.12999207e+01
 1.71168152e+01
 1.16460510e+01
 5.67986450e+00
 3.00917969e+00
 3.47081909e+00
 4.30074463e+00
 6.55962524e+00
 9.46691284e+00
 1.29368530e+01
 1.66565186e+01
 2.21688477e+01
 2.14443909e+01
 1.65407654e+01
 1.01769348e+01
 1.92974243e+00
 3.39272461e+00
 5.11629639e+00
 4.59838867e-02
 5.82149658e+00
 1.13693176e+01
 1.44517761e+01
 1.69494263e+01
 1.84108215e+01
 1.91014648e+01
 1.36659790e+01
 7.48241577e+00
 7.45140991e+00
 4.34877930e+00
 2.19848022e+00
 3.21642456e+00
 7.39528809e+00
 8.88814697e+00
 1.25643860e+01
 2.11859985e+01
 2.31520020e+01
 2.41951538e+01
 1.61147095e+01
 1.11123901e+01
 4.77700195e+00
 -1.88043823e+00
 -1.19101562e+00
 -9.40313721e-01
 -2.55163574e-01
 9.09752808e+00
 1.07916199e+01
 1.75012756e+01
 2.51674438e+01
 2.19351746e+01
 1.63726746e+01
 1.09844604e+01
 2.11879883e+00
 7.25610352e-01
 3.10909424e+00
 6.31555176e-01
 6.96550903e+00
 7.80861816e+00
 1.11379639e+01
 1.60338684e+01
 2.43630920e+01
 2.40958496e+01
 1.81135803e+01
 1.12008911e+01
 8.82827148e+00
 2.77230225e+00
 3.84932861e+00
 1.37371216e+00
 8.48568115e+00
 1.03182922e+01
 1.36305786e+01
 2.12898499e+01
 2.60459229e+01
 2.60048462e+01
 1.51928955e+01
 1.08587585e+01
 6.88646851e+00
 5.90151367e+00
 2.13607178e+00
 4.54976807e+00
 5.38414917e+00
 1.03471619e+01
 1.40172058e+01
 1.71334778e+01
 2.37154480e+01
 2.23774658e+01
 1.70199829e+01
 7.93026123e+00
 7.94304810e+00
 3.23381958e+00
 5.76220093e+00
 4.51912842e+00
 6.78460083e+00
 1.07532898e+01
 1.24023376e+01
 1.88791138e+01
 2.24133545e+01
 2.15760742e+01
 1.41786438e+01
 9.31203613e+00
 7.59356079e+00
 2.17366943e+00
 5.79885254e+00
 4.37792358e+00
 5.85131226e+00
 9.65722046e+00
 1.38512512e+01
 1.65497986e+01
 2.17934814e+01
 2.27755066e+01
 1.46038452e+01
 1.13471619e+01
 5.79635010e+00
 4.21276245e+00
 3.68041382e+00
 3.82375488e+00
 7.55669556e+00
 1.06801697e+01
 1.43569275e+01
 2.21893250e+01
 2.17599121e+01
 2.19078918e+01
 1.90425964e+01
 1.12175232e+01
 5.59114990e+00
 2.72457275e+00
 4.55080566e+00
 -3.93424072e+00
 2.38683472e+00
 7.46419678e+00
 1.32776123e+01
 1.65196167e+01
 1.98355042e+01
 1.98673035e+01
 1.31081177e+01
 1.21480042e+01
 7.94393311e+00
 4.48793945e+00
 -7.70147705e-01
 8.01904297e-01
 5.49508057e+00
 9.49703369e+00
 1.38770386e+01
 1.82055603e+01
 2.47453247e+01
 2.27412964e+01
 1.92971130e+01
 1.03606201e+01
 7.66347656e+00
 7.77291260e+00
 6.21221313e+00
 5.80300293e+00
 6.61263428e+00
 9.87850342e+00
 1.20638367e+01
 1.64808289e+01
 2.49132019e+01
 2.26776672e+01
 1.92127625e+01
 1.02024475e+01
 5.36312256e+00
 4.65502319e+00
 -3.78881836e-01
 5.09880981e+00
 4.89800415e+00
 9.05761108e+00
 1.31193787e+01
 1.66953674e+01
 2.15976196e+01
 2.29543091e+01
 1.74493652e+01
 1.38274475e+01
 8.82912598e+00
 -2.33603516e+00
 2.04601440e+00
 2.14226685e+00
 4.37459717e+00
 8.52224121e+00
 1.37179810e+01
 2.02658020e+01
 2.32551819e+01
 2.14058777e+01
 1.63263794e+01
 1.08058105e+01
 5.69475708e+00
 6.24236450e+00
 1.11205444e+00
 2.90609131e+00
 9.79738770e+00
 9.52272949e+00
 1.53402649e+01
 1.77889038e+01
 2.09039856e+01
 2.23394714e+01
 1.56010071e+01
 1.20625244e+01
 3.52935181e+00
 4.37001953e+00
 3.99529419e+00
 3.67254028e+00
 6.05013428e+00
 9.30010376e+00
 1.44356628e+01
 1.52000671e+01
 2.16793457e+01
 2.30643250e+01
 1.52729126e+01
 8.66445313e+00
 7.62490234e+00
 4.59731445e+00
 2.51192627e+00
 1.82268677e+00
 4.43737183e+00
 8.85811768e+00
 1.13567444e+01
 1.76504761e+01
 2.05533691e+01
 1.88478638e+01
 1.62842346e+01
 8.43303833e+00
 2.35482178e+00
 1.45699463e+00
 3.13204346e+00
 6.35006104e+00
 7.20098267e+00
 7.45519409e+00
 1.55244385e+01
 2.36896606e+01
 2.67407471e+01
 2.28294922e+01
 1.63591248e+01
 1.09323364e+01
 9.68938599e+00
 6.39214478e+00
 1.46767578e+00
 1.44997559e+00
 3.14910278e+00
 7.82494507e+00
 1.36886536e+01
 2.07075439e+01
 2.59749390e+01
 2.35334106e+01
 1.53477417e+01
 1.00730530e+01
 6.15456543e+00
 6.93993530e+00
 2.78975830e+00
 4.49010620e+00
 5.90557251e+00
 7.39287720e+00
 1.39398132e+01
 1.80052429e+01
 2.44165283e+01
 2.08098389e+01
 1.67628113e+01
 1.34358765e+01
 7.92714844e+00
 6.57045898e+00
 -4.32608643e+00
 -7.71875610e+00
 5.35402832e+00
 1.00266052e+01
 1.33767944e+01
 1.61688171e+01
 2.03737122e+01
 2.01600281e+01
 1.65566956e+01
 1.13776184e+01
 9.50267944e+00
 2.79940186e+00
 5.02596436e+00
 1.66277466e+00
 5.63002930e+00
 9.17623291e+00
 1.36537720e+01
 1.77214905e+01
 2.55317627e+01
 2.28174072e+01
 1.50710083e+01
 1.04988342e+01
 6.33025513e+00
 2.89501343e+00
 3.44228516e+00
 2.73046265e+00
 7.80892334e+00
 1.02958618e+01
 1.58597351e+01
 2.20097290e+01
 2.05943542e+01
 2.36323792e+01
 1.61662842e+01
 1.37376648e+01
 8.35433350e+00
 3.71489868e+00
 3.98665771e+00
 7.27498779e+00
 7.47396240e+00
 9.21782837e+00
 1.75525452e+01
 2.24569641e+01
 2.57717529e+01
 2.48156982e+01
 1.70473877e+01
 1.38384338e+01
 9.25545654e+00
 3.53078613e+00
 4.67254028e+00
 4.73937378e+00
 3.64495239e+00
 9.84328613e+00
 1.26113525e+01
 2.07791687e+01
 2.36225220e+01
 2.71791931e+01
 1.76523071e+01
 9.55416260e+00
 8.99871216e+00
 7.13225708e+00
 3.69478760e+00
 3.04219971e+00
 3.91741333e+00
 8.95769653e+00
 1.30201660e+01
 1.86850830e+01
 2.68879333e+01
 2.62939087e+01
 1.72718445e+01
 1.05169922e+01
 9.51406250e+00
 3.02645264e+00
 2.38051758e+00
 1.70940552e+00
 5.52755127e+00
 9.02132568e+00
 1.05717102e+01
 1.77443787e+01
 1.83705078e+01
 2.01284424e+01
 1.60404907e+01
 1.21333862e+01
 7.66182861e+00
 4.13497314e+00
 4.72701416e+00
 6.89589844e+00
 8.36925659e+00
 9.41375122e+00
 1.21738831e+01
 2.16706482e+01
 2.48373962e+01
 2.23733459e+01
 1.81226746e+01
 1.12841431e+01
 8.91729126e+00
 4.68761597e+00
 6.61035156e-01
 2.83687744e+00
 5.02968750e+00
 9.95189819e+00
 1.15104004e+01
 1.95710388e+01
 2.67815186e+01
 2.19710022e+01
 1.98605286e+01
 1.40131470e+01
 1.03871704e+01
 6.31517944e+00
 1.26229248e+00
 4.34285889e+00
 9.68261108e+00
 1.09797913e+01
 1.34249207e+01
 2.04754883e+01
 2.55982910e+01
 2.10334412e+01
 1.59327942e+01
 1.03913513e+01
 6.99462280e+00
 4.58580933e+00
 1.60521851e+00
 1.73357544e+00
 7.43694458e+00
 6.76967773e+00
 1.23938232e+01
 1.93614746e+01
 2.18376404e+01
 2.05822998e+01
 1.60097595e+01
 1.33459106e+01
 8.59118042e+00
 7.19152222e+00
 1.28078613e+00
 4.04171143e+00
 9.03319702e+00
 9.63808594e+00
 1.51331726e+01
 2.42628723e+01
 2.86150452e+01
 2.34228455e+01
 1.89963013e+01
 1.00807129e+01
 7.85704956e+00
 6.14528809e+00
 4.70168457e+00
 5.26662598e+00
 7.90941772e+00
 8.07268677e+00
 1.17658020e+01
 2.04699646e+01
 2.17069031e+01
 2.15044189e+01
 1.74607483e+01
 1.09898010e+01
 5.59319458e+00
 6.47268066e+00
 5.29540405e+00
 7.83587036e+00
 9.65935669e+00
 1.39068848e+01
 1.46477905e+01
 2.04358154e+01
 2.60790039e+01
 2.48290039e+01
 1.93322083e+01
 1.07356201e+01
 3.56401978e+00
 2.51793823e+00
 7.30993042e+00
 3.68230591e+00
 9.99608765e+00
 1.17367798e+01
 1.56087280e+01
 2.06104675e+01
 2.17823425e+01
 1.99342590e+01
 1.53542419e+01
 1.25923401e+01
 4.66900024e+00
 6.76421509e+00
 -1.06589355e+00
 3.27401123e+00
 7.09111938e+00
 9.70333252e+00
 1.54731384e+01
 2.32983948e+01
 2.57715698e+01
 2.14352051e+01
 1.56753784e+01
 1.06035706e+01
 9.74413452e+00
 5.35708008e+00
 4.77419434e+00
 2.67297363e-01
 8.25451050e+00
 1.00454041e+01
 1.43789917e+01
 1.97455688e+01
 2.18579041e+01
 2.05666443e+01
 1.88192688e+01
 1.03833252e+01
 5.94774780e+00
 3.54979858e+00
 1.03704224e+00
 6.44722900e+00
 5.78234253e+00
 1.00827576e+01
 1.34933105e+01
 1.88675171e+01
 2.40594727e+01
 2.27289368e+01
 2.21663757e+01
 1.30034119e+01
 6.82778320e+00
 4.47481689e+00
 3.06578979e+00
 7.50625000e+00
 7.21737061e+00
 1.08154846e+01
 1.23491760e+01
 2.04559875e+01
 2.81688171e+01
 2.43516174e+01
 1.74526001e+01
 1.28351990e+01
 7.75313721e+00
 9.09112549e-01
 5.31939087e+00
 6.79451904e+00
 7.84865723e+00
 8.97057495e+00
 1.78604370e+01
 2.44597107e+01
 2.25378357e+01
 2.37929321e+01
 1.55638367e+01
 1.07805115e+01
 9.05379639e+00
 2.86950684e-01
 6.31481323e+00
 2.25191650e+00
 7.25759277e+00
 9.97014771e+00
 1.62355896e+01
 1.75165649e+01
 2.19870239e+01
 2.13801208e+01
 2.00170532e+01
 1.16688477e+01
 8.51336060e+00
 8.67806396e+00
 5.06316528e+00
 6.58263550e+00
 8.54113159e+00
 9.59166870e+00
 1.59208618e+01
 2.25996338e+01
 2.32693115e+01
 2.26395813e+01
 1.57158447e+01
 9.96239624e+00
 8.52132568e+00
 2.85384521e+00
 3.34792480e+00
 1.20543823e+00
 9.80117188e+00
 1.09244629e+01
 1.36688171e+01
 2.04599548e+01
 2.41555115e+01
 2.03068481e+01
 1.85207764e+01
 1.15364624e+01
 8.31478271e+00
 6.34343872e+00
 5.32808838e+00
 6.88021240e+00
 8.59621582e+00
 8.73641357e+00
 1.45285889e+01
 2.22221008e+01
 2.44382568e+01
 2.35440918e+01
 1.94909302e+01
 1.02299133e+01
 9.12575684e+00
 7.31289063e+00
 1.26647339e+00
 3.28481445e+00
 6.04000244e+00
 1.09957520e+01
 1.68431946e+01
 2.37428833e+01
 2.58112122e+01
 2.58454834e+01
 1.81994568e+01
 8.77324829e+00
 7.20098267e+00
 4.77221069e+00
 3.15108643e+00
 5.22692261e+00
 8.11220703e+00
 9.47197876e+00
 1.41586853e+01
 1.69817139e+01
 2.31533142e+01
 1.96730286e+01
 1.76640869e+01
 1.15854126e+01
 8.21273193e+00
 7.02932129e+00
 2.03942261e+00
 -1.27493896e+00
 7.78798828e+00
 1.25058228e+01
 1.19398438e+01
 2.03767029e+01
 2.37338501e+01
 2.59784180e+01
 1.92467590e+01
 1.21930481e+01
 1.03059937e+01
 3.15627441e+00
 5.58703003e+00
 5.39455566e+00
 9.36809692e+00
 1.02393127e+01
 1.43549438e+01
 1.86311279e+01
 2.54852844e+01
 2.77779785e+01
 1.61508423e+01
 1.28658386e+01
 6.53756104e+00
 3.57467041e+00
 4.90572510e+00
 2.11110840e+00
 7.00756226e+00
 1.19606262e+01
 1.50837646e+01
 2.44850098e+01
 2.95489136e+01
 2.31904236e+01
 1.70625854e+01
 9.50078735e+00
 1.00487000e+01
 5.00899658e+00
 3.15383301e+00
 6.83257446e+00
 5.48439941e+00
 1.14334961e+01
 1.22180420e+01
 2.01033264e+01
 2.12011353e+01
 2.00489136e+01
 1.65154968e+01
 1.22567688e+01
 1.00270630e+01
 2.87935791e+00
 2.76760254e+00
 3.64666138e+00
 6.78676758e+00
 8.73766479e+00
 1.52615295e+01
 1.76853271e+01
 2.73854309e+01
 2.65703674e+01
 2.17037903e+01
 1.10468384e+01
 6.87481079e+00
 1.66744385e+00
 7.08535156e+00
 6.76186523e+00
 4.40331421e+00
 1.04966370e+01
 1.63835999e+01
 1.89031006e+01
 2.46684814e+01
 2.73132263e+01
 1.73144775e+01
 1.14150940e+01
 8.29592285e+00
 2.19082031e+00
 4.37816772e+00
 2.94411621e+00
 7.88976440e+00
 1.04471985e+01
 1.51890198e+01
 1.89328247e+01
 2.68241516e+01
 2.37296692e+01
 1.77181946e+01
 1.39827820e+01
 8.33873901e+00
 6.53634033e+00
 -9.54077148e-01
 3.57937012e+00
 9.48796997e+00
 1.03683716e+01
 1.46678406e+01
 1.89084412e+01
 2.43673035e+01
 2.03210693e+01
 1.63827759e+01
 1.25721680e+01
 8.42125854e+00
 1.62468872e+00
 4.11645508e-01
 1.64769897e+00
 3.42589722e+00
 9.41134033e+00
 1.48151184e+01
 1.98216492e+01
 2.59758545e+01
 2.37249695e+01
 2.14622131e+01
 1.14776855e+01
 9.40709839e+00
 7.03359375e+00
 2.12133179e+00
 6.61541138e+00
 8.80452881e+00
 8.51741943e+00
 1.47088867e+01
 2.38941895e+01
 2.73983398e+01
 2.22222229e+01
 1.90366455e+01
 1.16466309e+01
 1.03746277e+01
 5.98354492e+00
 5.65761719e+00
 5.18239746e+00
 8.48464355e+00
 9.45916138e+00
 1.56292053e+01
 1.91026550e+01
 2.36201111e+01
 2.23535400e+01
 1.74018799e+01
 1.18941895e+01
 9.91369019e+00
 2.21871338e+00
 3.94390259e+00
 6.58648071e+00
 9.47231445e+00
 1.14709106e+01
 1.74919067e+01
 1.90361267e+01
 2.33253113e+01
 2.40887390e+01
 1.86201416e+01
 1.41532532e+01
 1.07554260e+01
 5.35625610e+00
 5.87600098e+00
 4.52330933e+00
 7.50765381e+00
 1.11710754e+01
 1.34454285e+01
 2.12562500e+01
 2.52412354e+01
 2.63903137e+01
 1.72265564e+01
 1.31500793e+01
 6.38231812e+00
 3.15172729e+00
 2.81209717e+00
 2.16494141e+00
 4.19991455e+00
 9.16271362e+00
 1.39139954e+01
 1.87171265e+01
 2.68929382e+01
 2.03620850e+01
 2.05325867e+01
 1.66091248e+01
 8.66048584e+00
 4.56337891e+00
 5.78795776e+00
 2.93825684e+00
 6.36867676e+00
 1.12093445e+01
 1.17950989e+01
 2.07412964e+01
 2.55124756e+01
 2.43104797e+01
 1.87333618e+01
 1.28242432e+01
 7.77462158e+00
 7.34942017e+00
 5.02376709e+00
 6.58278809e+00
 6.14748535e+00
 1.06414734e+01
 1.51982666e+01
 1.81705261e+01
 2.23475891e+01
 2.32609192e+01
 1.80509583e+01
 1.21845337e+01
 8.09935913e+00
 6.40538940e+00
 4.91091309e+00
 1.08391724e+00
 6.16011963e+00
 1.03420044e+01
 1.22598511e+01
 1.84952026e+01
 2.26943604e+01
 2.39480835e+01
 2.04668213e+01
 1.30574585e+01
 8.39989624e+00
 6.04586182e+00
 4.80339966e+00
 3.74120483e+00
 8.12572632e+00
 1.17602173e+01
 1.62024170e+01
 1.94340149e+01
 2.41075684e+01
 2.27888428e+01
 1.54501282e+01
 1.48051086e+01
 9.27648315e+00
 6.11348877e+00
 6.53032837e+00
 5.22106323e+00
 9.23989258e+00
 1.26897217e+01
 1.65586487e+01
 2.37454163e+01
 2.46829163e+01
 2.39558044e+01
 1.74097534e+01
 1.14740234e+01
 6.80935059e+00
 8.60222778e+00
 1.78722534e+00
 1.69777832e+00
 6.52892456e+00
 1.01390930e+01
 1.41421753e+01
 2.34245850e+01
 2.72735229e+01
 2.48005615e+01
 1.85238281e+01
 9.61635742e+00
 9.15657959e+00
 5.70662842e+00
 3.18111572e+00
 8.14241943e+00
 8.59737549e+00
 9.44423828e+00
 1.36884094e+01
 2.35855347e+01
 2.73203369e+01
 2.39564148e+01
 1.60665833e+01
 1.20293213e+01
 9.80123291e+00
 5.86583862e+00
 6.38945923e+00
 7.48232422e+00
 9.95653687e+00
 1.01378723e+01
 1.44871155e+01
 1.87247864e+01
 2.74886108e+01
 2.64753052e+01
 1.93567444e+01
 1.19583679e+01
 9.47057495e+00
 9.11220703e+00
 6.07012329e+00
 6.95452271e+00
 6.86156616e+00
 1.10365540e+01
 1.31241394e+01
 1.93169189e+01
 2.73414246e+01
 2.52177673e+01
 1.68286377e+01
 1.07812134e+01
 7.47634277e+00
 5.43569336e+00
 4.24245605e+00
 6.88106689e+00
 9.06896362e+00
 1.35048157e+01
 1.57064148e+01
 1.82790771e+01
 2.42455688e+01
 2.67527405e+01
 2.30429321e+01
 1.63150879e+01
 5.36275635e+00
 6.67482910e+00
 2.07073364e+00
 2.14998779e+00
 5.40996704e+00
 8.99685059e+00
 1.38572021e+01
 2.03146301e+01
 2.34615417e+01
 2.40342041e+01
 1.81138245e+01
 1.41735779e+01
 1.01407410e+01
 1.28328857e+00
 2.93773804e+00
 -9.62482300e+00
 3.91268311e+00
 1.12460571e+01
 1.56206909e+01
 1.87955261e+01
 2.65273071e+01
 2.32164856e+01
 2.15352417e+01
 1.39452148e+01
 1.12460571e+01
 6.06392822e+00
 4.73269043e+00
 5.42604980e+00
 9.61495361e+00
 1.19302917e+01
 1.64937378e+01
 2.26536194e+01
 2.73045593e+01
 2.61023499e+01
 1.83479248e+01
 1.48832336e+01
 9.19210205e+00
 6.28286133e+00
 6.33583984e+00
 6.58800659e+00
 9.62572632e+00
 1.29975525e+01
 1.39071289e+01
 2.40842529e+01
 3.03827759e+01
 2.58113647e+01
 2.29725891e+01
 1.37424255e+01
 8.59392700e+00
 2.89763794e+00
 4.73967896e+00
 7.93752441e+00
 6.46672974e+00
 1.05577026e+01
 1.62268921e+01
 2.64608398e+01
 2.76919495e+01
 2.78943115e+01
 2.10439087e+01
 1.48283325e+01
 7.87526855e+00
 9.17147217e+00
 5.21746216e+00
 7.48873291e+00
 1.07784668e+01
 1.11827332e+01
 1.48901611e+01
 2.44098450e+01
 2.69004456e+01
 2.43470093e+01
 1.95246521e+01
 1.42198120e+01
 1.04648682e+01
 6.37404785e+00
 6.80111084e+00
 7.02739868e+00
 7.60073242e+00
 1.11157471e+01
 1.48358398e+01
 2.60443665e+01
 2.41383606e+01
 2.39202820e+01
 1.58001038e+01
 1.32273804e+01
 7.54808960e+00
 3.37511597e+00
 6.81109009e+00
 7.35747681e+00
 7.66784058e+00
 1.10837952e+01
 1.55844971e+01
 2.14204956e+01
 1.97720276e+01
 2.40620361e+01
 1.88478333e+01
 1.39565369e+01
 9.61571655e+00
 3.62023315e+00
 4.26961670e+00
 6.80883179e+00
 7.96535645e+00
 1.18906799e+01
 1.41055847e+01
 1.71390320e+01
 2.84455200e+01
 2.82562195e+01
 1.74220825e+01
 1.58367554e+01
 8.68316040e+00
 6.37310181e+00
 6.26516113e+00
 5.83712158e+00
 7.37297974e+00
 9.66716919e+00
 1.65946594e+01
 2.05252625e+01
 2.87860962e+01
 2.65272766e+01
 2.06910645e+01
 1.36699158e+01
 9.90209351e+00
 8.60433350e+00
 7.82360229e+00
 7.84612427e+00
 8.69570313e+00
 1.18298279e+01
 1.65043884e+01
 2.41877075e+01
 2.98781067e+01
 2.82658630e+01
 2.45184265e+01
 1.42589355e+01
 1.06390930e+01
 7.44152222e+00
 -2.49151611e-01
 9.14434204e+00
 1.06684509e+01
 1.30032898e+01
 1.76028992e+01
 2.31755005e+01
 2.37878357e+01
 2.64295288e+01
 2.26538635e+01
 1.31623169e+01
 9.64177856e+00
 8.56121216e+00
 3.85531006e+00
 6.48836670e+00
 8.89180908e+00
 1.15832764e+01
 1.58157898e+01
 2.61013733e+01
 2.63018738e+01
 2.71334167e+01
 1.77676025e+01
 1.21050659e+01
 1.12816101e+01
 7.23458252e+00
 4.63952637e-01
 4.21254883e+00
 8.01629028e+00
 1.27414185e+01
 1.77280518e+01
 1.99788757e+01
 3.05854736e+01
 2.54665771e+01
 2.04353882e+01
 1.37302490e+01
 1.26160522e+01
 4.44490967e+00
 5.75328979e+00
 6.42369995e+00
 8.01342163e+00
 1.41724182e+01
 1.48434082e+01
 2.21372009e+01
 2.64644104e+01
 2.41522461e+01
 1.97301270e+01
 1.16375977e+01
 1.14717957e+01
 5.46703491e+00
 6.18224487e+00
 7.98992310e+00
 9.35137329e+00
 1.33181702e+01
 1.48142639e+01
 2.11709839e+01
 2.31348206e+01
 2.61736694e+01
 2.07480408e+01
 1.56864258e+01
 7.20705566e+00
 6.10302124e+00
 7.41042480e+00
 7.04949341e+00
 9.48565063e+00
 1.20344177e+01
 1.79633118e+01
 2.15453125e+01
 2.38348328e+01
 2.66075989e+01
 2.02863403e+01
 1.11149231e+01
 1.02573792e+01
 6.93718872e+00
 8.20089111e+00
 7.35323486e+00
 7.51903687e+00
 1.04051758e+01
 1.72910095e+01
 2.45455261e+01
 2.67401062e+01
 2.80357300e+01
 2.25937439e+01
 1.30871521e+01
 1.27276550e+01
 6.39324341e+00
 5.59005127e+00
 4.16118774e+00
 5.76702271e+00
 1.24752136e+01
 1.80362793e+01
 2.33735596e+01
 2.96356750e+01
 2.78009888e+01
 2.38451172e+01
 1.46810242e+01
 8.99434814e+00
 7.52059326e+00
 5.99379883e+00
 9.08739624e+00
 1.00536438e+01
 1.21806580e+01
 1.56606995e+01
 2.34275452e+01
 2.58055054e+01
 2.54624268e+01
 2.06488281e+01
 1.28386475e+01
 1.15569702e+01
 6.01833496e+00
 5.69042358e+00
 4.59670410e+00
 8.23903809e+00
 1.12602478e+01
 1.53437134e+01
 2.48321777e+01
 2.68074890e+01
 2.62205750e+01
 2.09381653e+01
 1.35661865e+01
 9.67894897e+00
 6.74035034e+00
 7.53780518e+00
 6.37203369e+00
 1.08939148e+01
 1.32557617e+01
 1.62641846e+01
 2.68066345e+01
 2.92842041e+01
 3.06952148e+01
 2.14434753e+01
 1.47350708e+01
 1.09911438e+01
 7.98043213e+00
 7.08080444e+00
 6.38204346e+00
 1.04724365e+01
 1.20606323e+01
 1.91069580e+01
 2.11842590e+01
 2.50567261e+01
 2.64375244e+01
 2.12576843e+01
 1.07641235e+01
 8.52370605e+00
 7.79555664e+00
 6.01720581e+00
 7.21251831e+00
 9.51741943e+00
 1.30799805e+01
 1.49064880e+01
 2.44432007e+01
 2.87188965e+01
 2.66178833e+01
 2.31075378e+01
 1.57665039e+01
 9.22908936e+00
 6.58565674e+00
