 -2.63486328e+00
 1.93319092e+00
 4.55959473e+00
 9.61260376e+00
 1.55904480e+01
 2.15411316e+01
 2.04012390e+01
 2.22206360e+01
 1.79681335e+01
 9.53124390e+00
 3.71444092e+00
 -1.82745972e+00
 1.54964600e+00
 2.54348145e+00
 4.84069214e+00
 1.16899353e+01
 1.42747742e+01
 1.60757690e+01
 1.99112183e+01
 2.21618591e+01
 1.56555725e+01
 7.14431152e+00
 4.16497192e+00
 -7.26849976e+00
 -5.45694580e+00
 2.03115234e+00
 4.03402100e+00
 8.92781982e+00
 1.36415039e+01
 1.96394592e+01
 2.41285339e+01
 2.36315247e+01
 1.47427917e+01
 7.16436157e+00
 5.41552124e+00
 8.93029785e-01
 -1.13378906e-01
 1.04842529e+00
 4.94082031e+00
 8.14980469e+00
 1.40330444e+01
 1.70760742e+01
 2.13186279e+01
 2.09846436e+01
 1.60695129e+01
 1.12117554e+01
 7.32122192e+00
 1.20952759e+00
 -2.96545410e-01
 2.40209351e+00
 4.81478271e+00
 1.18063904e+01
 1.25253235e+01
 1.85299011e+01
 2.05753723e+01
 1.99253479e+01
 1.54204651e+01
 9.29442749e+00
 6.30013428e+00
 -2.11248779e-01
 -2.68860474e+00
 2.37368164e+00
 8.63060913e+00
 1.04661499e+01
 1.38514038e+01
 1.75936829e+01
 2.13655029e+01
 1.87314087e+01
 1.35351501e+01
 6.76281128e+00
 9.20327148e+00
 1.23940430e+00
 1.94780884e+00
 1.84865723e+00
 5.30181274e+00
 9.94109497e+00
 1.73963257e+01
 2.29537598e+01
 2.52895752e+01
 2.05666138e+01
 1.51239868e+01
 1.04881531e+01
 5.15987549e+00
 2.63411865e+00
 -1.57446899e+00
 3.20001221e-01
 6.64742432e+00
 9.64025269e+00
 1.49146973e+01
 2.00826355e+01
 2.40768066e+01
 2.23752686e+01
 1.81197144e+01
 1.16257263e+01
 5.43819580e+00
 1.01714478e+00
 -8.54406738e-01
 5.14718018e+00
 2.41619263e+00
 7.80141602e+00
 1.19507690e+01
 1.64130188e+01
 2.41446777e+01
 2.09167114e+01
 1.37719055e+01
 1.07057129e+01
 6.65868530e+00
 2.22741089e+00
 3.45034180e+00
 6.80343018e+00
 8.84020386e+00
 1.07044617e+01
 1.44421936e+01
 1.95746094e+01
 2.01404663e+01
 2.06372620e+01
 1.23719421e+01
 9.45998535e+00
 3.50283203e+00
 4.74776611e+00
 2.50255737e+00
 5.66442261e+00
 5.29076538e+00
 9.92308960e+00
 1.21935059e+01
 1.95756165e+01
 2.22838074e+01
 1.83195740e+01
 1.59309021e+01
 9.83300171e+00
 6.41033325e+00
 1.13781128e+00
 2.98822021e-01
 4.23214111e+00
 6.69176636e+00
 9.22902832e+00
 1.33667236e+01
 1.67630554e+01
 2.29849182e+01
 2.23155151e+01
 1.36757141e+01
 1.08148132e+01
 3.99169312e+00
 8.26226807e-01
 -2.40667725e-01
 1.15392456e+00
 5.90883789e+00
 8.80452881e+00
 1.32817932e+01
 2.18207642e+01
 2.49510132e+01
 2.21605469e+01
 1.52592102e+01
 1.07570740e+01
 2.18456421e+00
 -4.24368896e+00
 -1.40722656e-01
 -5.99493408e-01
 7.06640015e+00
 7.53746948e+00
 1.31904541e+01
 1.74936157e+01
 2.40737854e+01
 2.50519958e+01
 1.60016418e+01
 8.83937988e+00
 8.44744263e+00
 1.63527832e+00
 -5.62261963e-01
 4.67147217e+00
 3.98107300e+00
 1.18419128e+01
 1.61850220e+01
 1.78426147e+01
 2.09982849e+01
 2.14918152e+01
 1.63651978e+01
 1.15151917e+01
 5.68563232e+00
 4.14696655e+00
 -5.95800781e-01
 -3.35343018e+00
 3.42760620e+00
 7.88466797e+00
 1.37976013e+01
 1.66935974e+01
 2.43433472e+01
 2.12561279e+01
 1.55032288e+01
 1.16196533e+01
 4.21529541e+00
 2.95510254e+00
 -1.09958496e+00
 -2.64346924e+00
 9.78479004e-01
 6.60537109e+00
 1.48885437e+01
 1.69950195e+01
 2.52083374e+01
 2.43042847e+01
 1.85798889e+01
 9.52959595e+00
 4.81847534e+00
 6.06866455e-01
 -2.55712891e-01
 3.43896484e-01
 4.18038330e+00
 7.43200073e+00
 1.17207275e+01
 1.81124817e+01
 1.87810608e+01
 2.01744934e+01
 1.65409485e+01
 1.15001770e+01
 3.76720581e+00
 5.35363770e-01
 -1.44800415e+00
 3.85045776e+00
 4.02864990e+00
 1.01233765e+01
 1.35773865e+01
 1.93655029e+01
 2.35780273e+01
 2.29685913e+01
 1.64377075e+01
 9.36303101e+00
 3.30346069e+00
 4.29742432e-01
 1.45485840e+00
 5.13405762e+00
 7.76656494e+00
 9.74062500e+00
 1.27003418e+01
 1.60525757e+01
 2.16937500e+01
 1.83766113e+01
 1.51582275e+01
 9.18843994e+00
 3.71611938e+00
 -2.19257202e+00
 -2.00049438e+00
 3.92006836e+00
 3.71999512e+00
 8.53771362e+00
 1.13503357e+01
 1.64916931e+01
 2.26850525e+01
 2.41895996e+01
 1.51760803e+01
 1.04245850e+01
 5.06981812e+00
 -3.77902832e+00
 -4.53680420e-01
 -8.75906982e+00
 6.69048462e+00
 1.11004578e+01
 1.36588989e+01
 1.83172241e+01
 2.26256042e+01
 2.37702271e+01
 1.89749695e+01
 1.08850342e+01
 9.35537109e+00
 2.78753052e+00
 4.78811035e+00
 3.02514038e+00
 7.54754028e+00
 1.15059143e+01
 1.28604370e+01
 1.84920593e+01
 2.35666138e+01
 2.21563354e+01
 1.65495239e+01
 1.17005249e+01
 5.56270752e+00
 2.82683716e+00
 2.50298462e+00
 1.85305176e+00
 2.38646851e+00
 5.80556641e+00
 1.19019714e+01
 1.72268616e+01
 2.40322510e+01
 2.31513611e+01
 1.42244507e+01
 1.10098511e+01
 5.40480957e+00
 3.37832031e+00
 4.14440308e+00
 3.53969727e+00
 2.59835205e+00
 1.14120728e+01
 1.44652649e+01
 1.76358582e+01
 2.13938843e+01
 1.99865356e+01
 1.68499084e+01
 7.85488281e+00
 8.32073364e+00
 1.72356567e+00
 -2.36069336e+00
 2.56615601e+00
 4.34154663e+00
 1.24594971e+01
 1.13989807e+01
 1.64778992e+01
 2.13036743e+01
 1.95452515e+01
 1.46321350e+01
 1.05905396e+01
 6.87392578e+00
 2.20751343e+00
 8.99865723e-01
 1.44826660e+00
 4.31200562e+00
 1.10344482e+01
 1.26481873e+01
 1.69915710e+01
 2.15794312e+01
 2.34275452e+01
 1.64945923e+01
 1.02419373e+01
 3.65044556e+00
 1.40322266e+00
 -5.97875977e-01
 3.41274414e+00
 3.56359253e+00
 9.21709595e+00
 1.27945801e+01
 1.50536133e+01
 1.92517029e+01
 2.25750366e+01
 1.42567688e+01
 7.14315186e+00
 7.60729370e+00
 1.52407227e+00
 4.91906738e-01
 2.27504883e+00
 6.28652344e+00
 1.12109009e+01
 1.61315247e+01
 1.69313599e+01
 2.52709900e+01
 2.13932434e+01
 1.58079468e+01
 9.33004150e+00
 5.50313721e+00
 4.30507813e+00
 3.43538818e+00
 -2.49408569e+00
 4.38509521e+00
 9.95662842e+00
 1.37208801e+01
 1.71104980e+01
 1.76420837e+01
 1.76350037e+01
 1.60976501e+01
 8.82604370e+00
 5.16390381e+00
 4.49874268e+00
 3.10854492e+00
 6.38430176e+00
 8.45452271e+00
 1.01831909e+01
 1.57144104e+01
 2.00653625e+01
 2.10551392e+01
 2.01093689e+01
 1.68649536e+01
 9.17211304e+00
 6.48104248e+00
 3.66918335e+00
 2.64049683e+00
 2.94667969e+00
 5.52974854e+00
 6.04387817e+00
 1.40039307e+01
 2.03617188e+01
 2.69411560e+01
 2.36667725e+01
 1.59674927e+01
 1.16666199e+01
 7.56102905e+00
 2.46373901e+00
 1.60839233e+00
 2.37133179e+00
 3.97994385e+00
 9.74962769e+00
 1.32060486e+01
 1.58160034e+01
 2.13973022e+01
 2.20149475e+01
 2.08705994e+01
 9.38732300e+00
 3.54772339e+00
 -3.84055176e+00
 4.73266602e-02
 2.24206543e-01
 5.22905884e+00
 1.10436951e+01
 1.31177002e+01
 1.72905212e+01
 2.18874451e+01
 2.12276245e+01
 1.50515991e+01
 1.12409607e+01
 8.93087158e+00
 2.14833984e+00
 -1.70126953e+00
 8.77770996e-01
 6.59496460e+00
 1.16001526e+01
 1.53393188e+01
 2.25248657e+01
 2.11903320e+01
 2.17334839e+01
 1.64437500e+01
 1.32033936e+01
 5.04805908e+00
 3.77318726e+00
 3.77636108e+00
 -3.13028564e+00
 5.99532471e+00
 1.05857788e+01
 1.17718140e+01
 1.59748169e+01
 1.99254395e+01
 2.10590149e+01
 1.92435852e+01
 7.39867554e+00
 6.17131958e+00
 3.60686646e+00
 1.88247070e+00
 1.26500854e+00
 6.45220337e+00
 1.24627014e+01
 1.63198486e+01
 1.91740051e+01
 2.22782227e+01
 2.22525269e+01
 1.68005920e+01
 1.18312622e+01
 5.78572998e+00
 2.80785522e+00
 5.67864990e-01
 4.79119873e-01
 8.45952759e+00
 9.62822876e+00
 1.80067078e+01
 1.72921082e+01
 2.34938599e+01
 2.18899170e+01
 2.04987427e+01
 1.14399048e+01
 7.65786133e+00
 4.52410278e+00
 5.81262207e-01
 3.48922119e+00
 8.13955078e+00
 9.11162720e+00
 1.40847412e+01
 1.96452271e+01
 2.20874878e+01
 2.12215820e+01
 1.73399597e+01
 9.05236206e+00
 3.51241455e+00
 -2.38501587e+00
 1.57790527e+00
 6.39476929e+00
 3.36580811e+00
 8.65651855e+00
 1.40146729e+01
 1.76669556e+01
 2.33348938e+01
 1.81466919e+01
 1.37628723e+01
 6.82778320e+00
 7.12542114e+00
 3.17257080e+00
 5.70638428e+00
 4.80159912e+00
 6.12062988e+00
 1.06616760e+01
 1.52784363e+01
 1.78955933e+01
 2.41768433e+01
 2.47640930e+01
 1.75132996e+01
 1.17955261e+01
 2.67287598e+00
 1.40169678e+00
 3.99950562e+00
 -3.34076538e+00
 3.74956665e+00
 1.06807495e+01
 1.46469666e+01
 1.97732483e+01
 2.47632996e+01
 2.35293518e+01
 1.79143005e+01
 1.01259094e+01
 7.26925049e+00
 5.81170044e+00
 3.55370483e+00
 7.18041992e-01
 7.11242065e+00
 9.62450562e+00
 1.41998840e+01
 1.68994385e+01
 1.92849670e+01
 1.70554749e+01
 1.42821289e+01
 1.04052673e+01
 9.44237671e+00
 2.55523071e+00
 4.85650024e+00
 2.12215576e+00
 4.26006470e+00
 8.43926392e+00
 1.44555603e+01
 1.91015869e+01
 2.28626038e+01
 2.15388733e+01
 1.74179016e+01
 1.14079529e+01
 7.23784790e+00
 6.11138306e+00
 2.54158936e+00
 -2.60010376e+00
 3.82488403e+00
 7.36168823e+00
 1.70177856e+01
 2.09264465e+01
 2.46196838e+01
 2.35238892e+01
 1.50356689e+01
 1.09323364e+01
 6.88372192e+00
 4.49151001e+00
 1.35448608e+00
 1.23586426e+00
 8.96056519e+00
 1.06387573e+01
 1.57098328e+01
 2.19681335e+01
 2.27090393e+01
 2.01076294e+01
 1.76016479e+01
 1.06877380e+01
 5.09679565e+00
 2.54726563e+00
 3.26873169e+00
 2.33226929e+00
 4.49956665e+00
 1.04484192e+01
 1.06325012e+01
 1.53669678e+01
 2.03960815e+01
 1.98561951e+01
 1.57366272e+01
 9.86443481e+00
 4.71111450e+00
 6.56610107e-01
 -1.59973145e-02
 5.02858887e+00
 8.17531738e+00
 1.05182129e+01
 1.17271057e+01
 1.99388672e+01
 2.46427246e+01
 1.86318604e+01
 1.41914307e+01
 1.21223389e+01
 5.65581665e+00
 6.44250488e-01
 -9.76324463e-01
 1.29491577e+00
 5.93575439e+00
 1.08712402e+01
 1.37248474e+01
 1.77149902e+01
 1.92453552e+01
 2.13533875e+01
 1.99921814e+01
 1.10106140e+01
 4.29781494e+00
 2.90673218e+00
 4.61071167e+00
 5.37258301e+00
 3.51278076e+00
 1.03841492e+01
 1.42705627e+01
 1.48380066e+01
 2.14270874e+01
 2.42796570e+01
 1.85903870e+01
 1.32340027e+01
 1.98586426e+00
 2.67510986e-01
 4.25073242e-01
 2.96572266e+00
 5.74355469e+00
 8.67559204e+00
 1.63020569e+01
 1.95216614e+01
 2.53810364e+01
 2.26226746e+01
 1.55895630e+01
 8.20336304e+00
 5.26763306e+00
 1.42058716e+00
 2.84032593e+00
 1.39940796e+00
 7.70549927e+00
 1.11008850e+01
 1.33946472e+01
 1.75841309e+01
 2.24225098e+01
 2.27152649e+01
 1.58951965e+01
 9.38091431e+00
 5.61040649e+00
 2.84472046e+00
 7.58813477e-01
 4.95107422e+00
 9.79790649e+00
 1.09258972e+01
 1.25843445e+01
 1.59399963e+01
 2.17896667e+01
 2.13031860e+01
 1.51683594e+01
 1.20163818e+01
 1.68895874e+00
 2.21087036e+00
 1.01775513e+00
 -1.78690186e+00
 6.94552002e+00
 1.02676331e+01
 1.48900391e+01
 1.83812195e+01
 2.01006409e+01
 2.07310730e+01
 1.53562256e+01
 7.85918579e+00
 4.83785400e+00
 1.25789795e+00
 2.11672363e+00
 4.18804321e+00
 7.94457397e+00
 1.05013977e+01
 1.38413635e+01
 1.92953735e+01
 2.73795105e+01
 2.25610291e+01
 1.51125122e+01
 1.40171753e+01
 6.75341187e+00
 4.02337036e+00
 2.17706299e-01
 3.53969727e+00
 9.01513062e+00
 1.31764160e+01
 1.29105164e+01
 1.74927612e+01
 2.20740906e+01
 2.16094910e+01
 1.59079224e+01
 8.14962158e+00
 8.19600830e+00
 1.52355347e+00
 1.24184570e+00
 7.61346436e-01
 8.75621948e+00
 8.27333984e+00
 1.42610107e+01
 1.67479187e+01
 1.97120605e+01
 2.11288086e+01
 1.64828430e+01
 9.98827515e+00
 8.96871338e+00
 2.95412598e+00
 6.18585205e-01
 2.71856079e+00
 7.72579346e+00
 1.02117859e+01
 1.28830200e+01
 1.87411743e+01
 2.56178833e+01
 2.28723999e+01
 1.88446594e+01
 1.31807495e+01
 5.82714233e+00
 3.82366333e+00
 -4.12784424e+00
 1.00731812e+00
 7.49938354e+00
 8.42366943e+00
 1.37022034e+01
 2.07414490e+01
 2.38415466e+01
 2.40624939e+01
 1.71152588e+01
 8.91576538e+00
 5.41213379e+00
 4.31551514e+00
 1.91411743e+00
 4.24846802e+00
 4.27401123e+00
 1.00638672e+01
 1.55821472e+01
 1.82363831e+01
 2.13627563e+01
 2.19467407e+01
 1.72820679e+01
 1.13164001e+01
 6.86538086e+00
 -1.58267822e+00
 4.95965576e-01
 3.49660645e+00
 6.48995361e+00
 8.25682983e+00
 1.38076416e+01
 1.85856262e+01
 2.24030396e+01
 2.22028137e+01
 1.73695923e+01
 1.17819153e+01
 4.30059204e+00
 2.21590576e+00
 3.48964844e+00
 2.27428589e+00
 5.19567261e+00
 1.16995483e+01
 1.63354126e+01
 1.76403442e+01
 2.16778198e+01
 2.09695374e+01
 1.83433777e+01
 9.72429810e+00
 5.26778564e+00
 5.70156250e+00
 3.93120728e+00
 2.41472778e+00
 5.83522949e+00
 1.17252136e+01
 1.70654236e+01
 1.95526978e+01
 2.43736206e+01
 2.31355530e+01
 1.63897034e+01
 9.32463989e+00
 5.81719360e+00
 2.04171143e+00
 1.94304810e+00
 6.07375488e+00
 5.30181274e+00
 9.80767212e+00
 1.30230957e+01
 1.93503052e+01
 2.43305908e+01
 2.23852783e+01
 1.66811462e+01
 1.04574829e+01
 6.48510132e+00
 5.11776123e+00
 2.06258545e+00
 -6.42065430e-01
 6.29680786e+00
 1.03569885e+01
 1.36493774e+01
 1.70757690e+01
 2.22947937e+01
 2.31358582e+01
 1.74124390e+01
 1.28890015e+01
 9.24489746e+00
 5.86211548e+00
 4.30178223e+00
 2.17650757e+00
 5.68267212e+00
 1.22640930e+01
 1.83887573e+01
 2.20330750e+01
 2.29542175e+01
 2.31217285e+01
 1.77749573e+01
 9.24773560e+00
 3.82924805e+00
 3.81200562e+00
 4.78356934e-01
 1.22478638e+00
 6.83818970e+00
 1.21550232e+01
 1.42022644e+01
 1.89531494e+01
 2.32721802e+01
 2.07788635e+01
 1.56173645e+01
 1.13931824e+01
 4.79427490e+00
 3.76403198e+00
 3.69671021e+00
 2.26802979e+00
 7.92275391e+00
 1.22474304e+01
 1.77765442e+01
 2.12243591e+01
 2.47991882e+01
 2.81447693e+01
 2.01372925e+01
 1.35344788e+01
 6.48717651e+00
 4.88100586e+00
 5.48925171e+00
 6.61312256e+00
 9.94078979e+00
 1.19775635e+01
 2.01508118e+01
 1.97149597e+01
 2.60557800e+01
 2.37521912e+01
 1.55990540e+01
 1.15610291e+01
 4.99257813e+00
 4.11361084e+00
 4.94735107e+00
 3.96123657e+00
 4.16896973e+00
 8.73900757e+00
 1.36610657e+01
 2.11918579e+01
 2.32054688e+01
 2.40224243e+01
 1.67025391e+01
 1.07774902e+01
 6.36876831e+00
 4.11007080e+00
 1.95903931e+00
 1.86788330e+00
 4.36626587e+00
 7.11611328e+00
 1.41554199e+01
 2.11816956e+01
 2.28212524e+01
 2.19217468e+01
 1.85110107e+01
 9.87862549e+00
 7.80529175e+00
 2.94869385e+00
 2.82180176e+00
 2.28139648e+00
 5.79000244e+00
 1.22787109e+01
 1.70353333e+01
 2.20125671e+01
 2.58661743e+01
 2.42126099e+01
 1.77588440e+01
 1.02694946e+01
 7.17714844e+00
 5.00951538e+00
 7.85058594e-01
 5.29647217e+00
 7.21468506e+00
 9.34432373e+00
 1.56097351e+01
 1.99253174e+01
 2.21779114e+01
 2.48273254e+01
 1.54942566e+01
 1.25787598e+01
 7.32644043e+00
 2.81005249e+00
 1.74083862e+00
 7.20574341e+00
 6.26934204e+00
 7.75472412e+00
 1.54204651e+01
 1.85925232e+01
 2.47110840e+01
 2.28194824e+01
 1.64089905e+01
 1.35842224e+01
 6.84511719e+00
 -8.67193604e-01
 -8.45129395e-01
 6.04772339e+00
 5.88125000e+00
 1.05095154e+01
 1.35991455e+01
 1.69414612e+01
 2.35205017e+01
 2.26435486e+01
 1.77995239e+01
 1.18981262e+01
 7.04467163e+00
 5.71886597e+00
 -4.20850220e+00
 -5.90307617e-01
 7.21138916e+00
 7.46697388e+00
 1.24694763e+01
 1.85644470e+01
 2.69298340e+01
 2.36285950e+01
 1.69581543e+01
 1.20138794e+01
 9.19518433e+00
 -1.31394043e+00
 2.19094238e+00
 1.98549805e+00
 8.69796143e+00
 8.31347046e+00
 1.31162659e+01
 2.00807434e+01
 2.66549622e+01
 2.31522156e+01
 1.86667114e+01
 1.10824524e+01
 8.18059692e+00
 2.54821167e+00
 2.35421143e+00
 2.83556519e+00
 3.78814087e+00
 1.17002197e+01
 1.66085144e+01
 1.66802917e+01
 2.30337769e+01
 2.27525269e+01
 1.85488220e+01
 1.20902344e+01
 4.65114746e+00
 6.14162598e+00
 1.18013916e+00
 5.66152344e+00
 7.99337158e+00
 1.10695129e+01
 1.46615234e+01
 1.60609375e+01
 1.88400513e+01
 2.00033508e+01
 1.79385620e+01
 1.09432922e+01
 5.70861206e+00
 5.10823975e+00
 8.30682373e-01
 3.07998047e+00
 5.87929688e+00
 1.22164246e+01
 1.44851624e+01
 1.54330383e+01
 2.42949768e+01
 2.24204651e+01
 1.80311218e+01
 1.24477783e+01
 2.25652466e+00
 2.41781006e+00
 2.33449707e+00
 3.17003784e+00
 3.97527466e+00
 1.11958862e+01
 1.35548950e+01
 1.86233459e+01
 2.50237061e+01
 2.46253601e+01
 1.71626526e+01
 1.10801331e+01
 4.02352295e+00
 9.56292725e-01
 1.96535645e+00
 3.93374023e+00
 4.55681763e+00
 1.11487976e+01
 1.73365112e+01
 2.33893372e+01
 2.29980408e+01
 2.30859619e+01
 1.51248718e+01
 8.86828003e+00
 6.47149048e+00
 4.25216064e+00
 1.77416382e+00
 3.34023438e+00
 1.07159363e+01
 1.01547485e+01
 1.66814209e+01
 2.06151672e+01
 2.65727173e+01
 2.55889221e+01
 1.64327942e+01
 9.61864624e+00
 6.75942383e+00
 2.53344116e+00
 5.70415649e+00
 3.50911865e+00
 4.04836426e+00
 1.19105469e+01
 1.42952515e+01
 1.71613403e+01
 2.52864014e+01
 2.47959229e+01
 1.53104492e+01
 1.14687744e+01
 3.82784424e+00
 2.23247681e+00
 2.93132935e+00
 3.21499023e+00
 5.78655396e+00
 9.63851318e+00
 1.61051880e+01
 2.13029114e+01
 2.50283142e+01
 2.45689636e+01
 1.80346008e+01
 1.28363281e+01
 4.47661743e+00
 4.96972656e-01
 4.12740479e+00
 3.44756470e+00
 5.38909302e+00
 1.08472229e+01
 1.45226685e+01
 1.77074524e+01
 2.48111816e+01
 2.49409729e+01
 1.78666931e+01
 9.02092896e+00
 8.77221069e+00
 5.91027222e+00
 1.07113037e+00
 4.29998169e+00
 6.41143188e+00
 8.73113403e+00
 1.48794495e+01
 1.71435181e+01
 1.96223083e+01
 2.12453247e+01
 1.97451721e+01
 1.20685669e+01
 8.19500122e+00
 4.62359009e+00
 7.60366211e+00
 1.89989624e+00
 8.20385132e+00
 1.10000854e+01
 1.48835693e+01
 1.74561096e+01
 2.16368958e+01
 2.53320557e+01
 2.01619812e+01
 1.31849915e+01
 6.45195923e+00
 4.44451904e-01
 4.71154785e-01
 4.28020630e+00
 9.91985474e+00
 1.21486450e+01
 1.82248779e+01
 2.03695618e+01
 2.62492310e+01
 2.77923828e+01
 2.02828003e+01
 1.35260559e+01
 5.22545776e+00
 7.18285522e+00
 3.92025146e+00
 2.99050293e+00
 6.57006226e+00
 1.35933777e+01
 1.63100830e+01
 2.19770752e+01
 2.53554932e+01
 2.32191711e+01
 1.91581055e+01
 9.20766602e+00
 6.64727173e+00
 3.58675537e+00
 5.66600952e+00
 5.80654297e+00
 8.60888062e+00
 1.28456665e+01
 1.51354309e+01
 1.80878845e+01
 2.12942444e+01
 2.62291809e+01
 2.01253296e+01
 1.33376099e+01
 6.14415894e+00
 8.84454346e-01
 5.24514160e+00
 4.27663574e+00
 5.82293091e+00
 9.42666016e+00
 1.62853943e+01
 1.74721313e+01
 2.43659607e+01
 2.19876953e+01
 1.76025024e+01
 1.15611511e+01
 7.35857544e+00
 7.68792725e-01
 5.48580322e+00
 6.03853760e+00
 5.65813599e+00
 1.17227112e+01
 1.73523804e+01
 2.46054016e+01
 2.65808350e+01
 2.57222839e+01
 1.82120300e+01
 1.34614197e+01
 6.17891846e+00
 -1.13348389e-01
 2.41174316e-01
 2.02081299e-01
 6.23870239e+00
 8.97957764e+00
 1.42554565e+01
 2.09800354e+01
 2.40039612e+01
 2.21041809e+01
 1.72488342e+01
 1.04292236e+01
 9.66460571e+00
 2.45300293e-02
 6.30609131e-01
 7.15484009e+00
 8.63741455e+00
 1.11247498e+01
 1.76892334e+01
 1.92027222e+01
 2.40333801e+01
 2.22422729e+01
 1.74655701e+01
 1.30872742e+01
 8.60347900e+00
 -1.41729736e-01
 3.66567383e+00
 5.64232788e+00
 7.58446655e+00
 1.10663696e+01
 1.71850830e+01
 1.91240784e+01
 2.35569092e+01
 2.46662537e+01
 2.39423157e+01
 1.24721924e+01
 8.95928345e+00
 6.40435181e+00
 5.75594482e+00
 7.11663818e-01
 6.29528198e+00
 1.13641296e+01
 1.44238525e+01
 1.97140747e+01
 2.16776062e+01
 2.48794495e+01
 1.71249023e+01
 1.19149414e+01
 1.03670593e+01
 3.78411255e+00
 4.27776489e+00
 7.30709229e+00
 8.02633057e+00
 1.07923828e+01
 1.37980591e+01
 1.56187073e+01
 2.23289429e+01
 2.33560730e+01
 1.71058899e+01
 1.05619751e+01
 8.66518555e+00
 4.08129272e+00
 3.95449219e+00
 -4.18280029e-01
 1.31170044e+00
 7.49166260e+00
 1.59596191e+01
 1.76734863e+01
 2.43555542e+01
 2.42617737e+01
 1.96839844e+01
 1.26388184e+01
 7.43538818e+00
 6.20940552e+00
 3.63580322e-01
 4.89461670e+00
 7.54656372e+00
 1.21623169e+01
 1.37332703e+01
 2.00130554e+01
 2.42845093e+01
 2.23217407e+01
 1.60029846e+01
 1.29126831e+01
 6.62758789e+00
 2.64339600e+00
