 8.38958740e-01
 -1.07440186e+00
 -1.53204346e+00
 1.22434387e+01
 1.23718567e+01
 2.15385132e+01
 2.18591919e+01
 1.96747437e+01
 1.86989441e+01
 1.17267151e+01
 4.38717651e+00
 9.87884521e-01
 -1.75415039e+00
 -4.82513428e-01
 1.28164673e+00
 8.19512939e+00
 1.26849060e+01
 1.73418579e+01
 2.47392578e+01
 2.24586487e+01
 1.71945190e+01
 6.85675049e+00
 5.94494629e+00
 1.48907471e+00
 3.60736084e+00
 1.13183594e+00
 4.84591675e+00
 8.48056030e+00
 1.23426514e+01
 1.61603699e+01
 2.29476013e+01
 2.20404358e+01
 1.64365540e+01
 1.23047791e+01
 6.02624512e+00
 -4.34265137e-02
 1.48675537e+00
 -4.96188354e+00
 1.88739014e+00
 8.78903198e+00
 1.19177551e+01
 2.34573059e+01
 2.29067993e+01
 2.28856812e+01
 1.62870789e+01
 7.03442383e+00
 4.44866943e+00
 5.94024658e-01
 2.55828857e+00
 -8.78509521e-01
 5.17199707e+00
 7.67034912e+00
 1.09257202e+01
 1.95820618e+01
 2.28211975e+01
 2.21127625e+01
 1.59283447e+01
 1.21989746e+01
 2.23324585e+00
 1.35372925e+00
 2.80456543e+00
 -2.60488892e+00
 1.68237305e+00
 9.47860718e+00
 1.45510254e+01
 2.13892822e+01
 2.68852844e+01
 2.36642456e+01
 1.52728577e+01
 1.01851501e+01
 4.66644287e+00
 2.85980225e-01
 -1.06945801e+00
 -2.15911865e-01
 3.20007324e+00
 7.73934937e+00
 1.24128113e+01
 2.12004089e+01
 2.56922607e+01
 2.36221619e+01
 1.55937500e+01
 8.95635986e+00
 1.79687500e+00
 3.01123047e+00
 2.97628784e+00
 1.59481812e+00
 6.03070068e+00
 6.98635864e+00
 1.35924988e+01
 1.54170532e+01
 2.31542664e+01
 2.00664368e+01
 1.58516846e+01
 1.08850403e+01
 6.76312256e+00
 -1.14245605e+00
 -2.99978638e+00
 -2.75848389e+00
 2.87686157e+00
 7.84124756e+00
 1.43608398e+01
 1.77823486e+01
 2.13355408e+01
 2.11309509e+01
 1.37189331e+01
 9.02722168e+00
 7.28533936e+00
 -1.09317017e+00
 -6.06079102e-02
 -1.57943726e+00
 4.74041748e+00
 4.55676270e+00
 1.40610352e+01
 1.75505676e+01
 1.87279663e+01
 2.38465271e+01
 1.93138428e+01
 9.99514771e+00
 5.89724731e+00
 2.57086182e+00
 -4.65167236e+00
 2.28115845e+00
 2.12860107e+00
 8.22473145e+00
 1.41276245e+01
 1.84479675e+01
 2.28332825e+01
 2.22086792e+01
 1.65230408e+01
 1.22497559e+01
 6.20608521e+00
 3.55758667e+00
 -3.44851685e+00
 1.75061035e+00
 4.04003906e+00
 1.14721985e+01
 1.58399963e+01
 1.77659302e+01
 2.29939575e+01
 2.03241272e+01
 1.55173035e+01
 7.82870483e+00
 3.91128540e+00
 2.66439819e+00
 -1.24801636e+00
 -1.60217285e-02
 2.82168579e+00
 9.51272583e+00
 1.15190735e+01
 2.01111755e+01
 2.78526306e+01
 2.11782837e+01
 1.43336182e+01
 8.87911987e+00
 6.55557251e+00
 2.57049561e-01
 6.64916992e-01
 -7.22564697e-01
 6.88803101e+00
 7.45016479e+00
 1.21918640e+01
 1.78968811e+01
 2.54752197e+01
 2.18628540e+01
 1.55738220e+01
 7.27850342e+00
 4.05126953e+00
 3.52169800e+00
 2.71243286e+00
 1.66485596e+00
 2.80508423e+00
 8.04528809e+00
 1.74428406e+01
 2.13803711e+01
 2.12821045e+01
 2.34050293e+01
 1.71840820e+01
 8.23529053e+00
 5.58581543e+00
 3.11727905e+00
 1.71224976e+00
 1.53961182e-01
 1.55578613e+00
 7.63241577e+00
 1.16173706e+01
 1.88249207e+01
 2.64963989e+01
 2.28416138e+01
 1.54959717e+01
 8.42996216e+00
 4.70053101e+00
 3.12750244e+00
 -5.40954590e-01
 -1.39715576e+00
 6.01983643e+00
 7.78463745e+00
 1.34188538e+01
 2.06224670e+01
 2.49214783e+01
 2.47061768e+01
 1.52391357e+01
 1.18838501e+01
 7.69119263e+00
 1.91427612e+00
 1.41302490e+00
 -2.01904297e-01
 2.85839844e+00
 9.10839844e+00
 1.39803772e+01
 1.91019897e+01
 2.65404968e+01
 2.31354065e+01
 1.47605286e+01
 9.80895996e+00
 4.43969727e+00
 1.34106445e+00
 -2.37728882e+00
 2.08383179e+00
 2.51168823e+00
 1.11087952e+01
 1.64934998e+01
 1.81474304e+01
 2.34492493e+01
 2.29556274e+01
 1.47748108e+01
 8.37521362e+00
 6.32839966e+00
 -1.12420654e+00
 -3.74298096e+00
 -1.09588623e-01
 7.39465332e+00
 9.77642822e+00
 1.35010986e+01
 1.99723206e+01
 2.42050476e+01
 2.46451416e+01
 1.84901733e+01
 1.24734802e+01
 5.40429688e+00
 3.77105713e+00
 4.08349609e+00
 1.82858276e+00
 4.96475220e+00
 8.54306030e+00
 1.31303101e+01
 1.68130188e+01
 2.65214233e+01
 2.37604675e+01
 1.44684753e+01
 1.15332031e+01
 4.33093262e+00
 -1.10076904e+00
 -5.40130615e-01
 2.77603149e+00
 3.16464233e+00
 4.56942749e+00
 1.20390930e+01
 1.95532532e+01
 2.43045654e+01
 1.64541626e+01
 1.54243164e+01
 7.89807129e+00
 6.35357666e+00
 4.82891846e+00
 2.01080322e+00
 -5.93414307e-01
 3.95761108e+00
 6.14401245e+00
 1.18139648e+01
 1.91751099e+01
 2.14237366e+01
 1.85469666e+01
 1.09329834e+01
 9.64404297e+00
 5.32318115e+00
 4.70733643e+00
 2.80578613e-01
 3.03189087e+00
 3.04437256e+00
 7.46051025e+00
 1.55963745e+01
 1.79439697e+01
 2.15494385e+01
 2.21684875e+01
 1.54323120e+01
 9.84539795e+00
 3.87417603e+00
 2.88394165e+00
 -2.07733154e-01
 2.72314453e+00
 4.46560669e+00
 8.71676636e+00
 1.20889282e+01
 2.52307739e+01
 2.19046326e+01
 2.09338989e+01
 1.36604309e+01
 9.38442993e+00
 3.06298828e+00
 5.52905273e+00
 -7.27676392e+00
 1.87411499e+00
 2.20663452e+00
 1.08414917e+01
 1.22162781e+01
 1.74239807e+01
 2.35124512e+01
 2.35738525e+01
 1.89381104e+01
 1.18533630e+01
 5.42517090e+00
 -1.94842529e+00
 1.49774170e+00
 5.11291504e-01
 1.41503906e+00
 1.01994934e+01
 1.51301575e+01
 1.74961548e+01
 2.57671204e+01
 2.08634949e+01
 1.65491333e+01
 9.68756104e+00
 4.88934326e+00
 3.77191162e+00
 -3.15917969e-01
 2.45025635e-01
 3.41711426e+00
 6.44079590e+00
 1.17947693e+01
 2.00297546e+01
 2.50340271e+01
 2.08686523e+01
 1.57485657e+01
 7.35223389e+00
 6.30300903e+00
 4.61572266e+00
 2.54885864e+00
 -6.93664551e-02
 5.72143555e+00
 8.42269897e+00
 1.52526550e+01
 2.10106812e+01
 2.32556152e+01
 2.09732666e+01
 1.67684021e+01
 1.18084717e+01
 4.28707886e+00
 2.24600220e+00
 1.19049072e+00
 3.83758545e+00
 3.48519897e+00
 8.76330566e+00
 1.35889282e+01
 1.73505859e+01
 2.43411560e+01
 1.91555786e+01
 1.40401306e+01
 1.02279663e+01
 4.12457275e+00
 1.42584229e+00
 2.03378296e+00
 7.97821045e-01
 3.96023560e+00
 8.60443115e+00
 1.62221375e+01
 2.03690491e+01
 2.46608276e+01
 1.83976440e+01
 1.52100830e+01
 1.02893372e+01
 3.61276245e+00
 2.08731079e+00
 -1.73858643e-01
 3.99203491e+00
 7.72421265e+00
 1.08638000e+01
 1.78530884e+01
 2.16216125e+01
 2.51140442e+01
 2.41694336e+01
 1.58090515e+01
 9.34161377e+00
 6.15429688e+00
 3.04321289e-01
 5.64575195e-03
 1.73233032e+00
 6.68695068e+00
 8.87454224e+00
 1.38489685e+01
 1.43681641e+01
 2.34096985e+01
 2.36770020e+01
 1.85247803e+01
 9.64132690e+00
 6.42459106e+00
 1.34085083e+00
 -1.80926514e+00
 3.22366333e+00
 6.49337769e+00
 1.12322998e+01
 1.85010376e+01
 2.14797668e+01
 2.44963684e+01
 2.20270996e+01
 1.60449829e+01
 8.82580566e+00
 1.30828857e-01
 1.11163330e+00
 -5.88284302e+00
 -6.93115234e-01
 3.57189941e+00
 7.41024780e+00
 1.38682556e+01
 2.10935364e+01
 2.51530151e+01
 2.11648254e+01
 1.45632324e+01
 1.13552246e+01
 7.57528687e+00
 1.62295532e+00
 1.98638916e-01
 2.50106812e+00
 6.19992065e+00
 9.15341187e+00
 1.35499573e+01
 1.80054016e+01
 2.17731018e+01
 1.92255859e+01
 1.73464355e+01
 9.43069458e+00
 6.39990234e+00
 2.37188721e+00
 -1.82830811e-01
 -4.13778687e+00
 -8.07861328e-01
 6.52420044e+00
 1.21198425e+01
 1.62230835e+01
 2.55256653e+01
 2.34128113e+01
 1.24099731e+01
 1.16180725e+01
 6.54098511e+00
 5.80175781e+00
 1.80374146e+00
 2.03854370e+00
 3.69491577e+00
 8.84899902e+00
 1.52784729e+01
 2.12081909e+01
 2.54690552e+01
 2.30005493e+01
 1.38613892e+01
 9.12176514e+00
 6.92706299e+00
 3.93066406e+00
 -1.45010376e+00
 -3.51602173e+00
 1.66394043e+00
 5.50158691e+00
 1.16950989e+01
 1.85170898e+01
 2.36263733e+01
 2.31347656e+01
 1.79081421e+01
 8.67572021e+00
 5.27227783e+00
 1.46710205e+00
 1.38534546e+00
 2.55523682e+00
 4.77258301e+00
 9.83316040e+00
 1.32098694e+01
 2.27006531e+01
 1.83612061e+01
 1.91693726e+01
 1.82546692e+01
 1.09678650e+01
 2.72702026e+00
 2.73156738e+00
 1.51647949e+00
 2.75494385e+00
 5.89135742e+00
 8.83770752e+00
 1.18969421e+01
 1.71419983e+01
 2.39542847e+01
 2.30132446e+01
 1.49005737e+01
 8.48352051e+00
 2.90713501e+00
 2.40155029e+00
 -8.86474609e-01
 2.66510010e-01
 1.27374268e+00
 5.94274902e+00
 1.58585205e+01
 1.91599121e+01
 2.43115845e+01
 2.21407471e+01
 1.78869019e+01
 1.30133057e+01
 5.86138916e+00
 -2.19006348e+00
 -3.88061523e-01
 2.39645386e+00
 2.02639771e+00
 9.47000122e+00
 1.79967957e+01
 2.18148193e+01
 2.49119263e+01
 2.03136292e+01
 1.69564514e+01
 7.80761719e+00
 7.65737915e+00
 4.69943237e+00
 3.22082520e+00
 2.97546387e-01
 3.90826416e+00
 5.67556763e+00
 1.40461731e+01
 2.20654602e+01
 2.30475159e+01
 2.22085571e+01
 1.68792419e+01
 8.94241333e+00
 8.06240845e+00
 3.97915649e+00
 -5.27008057e-01
 -1.10900879e+00
 5.27996826e+00
 1.10172424e+01
 1.23984985e+01
 1.98130798e+01
 2.52885437e+01
 2.35515137e+01
 1.71029358e+01
 8.56884766e+00
 6.18246460e+00
 -3.75909424e+00
 -7.59735107e-01
 1.01373291e+00
 -5.11779785e-02
 9.56433105e+00
 1.26748657e+01
 2.21235046e+01
 2.47034607e+01
 2.28120728e+01
 1.69815979e+01
 1.09151917e+01
 6.35922241e+00
 -4.80743408e-01
 3.31784058e+00
 5.06048584e+00
 4.20941162e+00
 5.98760986e+00
 1.44028015e+01
 2.15731812e+01
 2.60695190e+01
 2.52941284e+01
 1.86965332e+01
 1.27649231e+01
 9.08569336e+00
 5.35162354e+00
 2.34063721e+00
 -4.12902832e-02
 4.74914551e+00
 9.67868042e+00
 1.39714355e+01
 2.54428406e+01
 2.21211548e+01
 2.10957947e+01
 1.52099304e+01
 9.83853149e+00
 6.68914795e+00
 3.34588623e+00
 3.57324219e+00
 2.23931885e+00
 4.72491455e+00
 7.91513062e+00
 1.79965210e+01
 1.85454102e+01
 2.25306396e+01
 2.21963196e+01
 1.51777649e+01
 1.17743835e+01
 6.72213745e+00
 3.61294556e+00
 3.38412476e+00
 5.98736572e+00
 4.33584595e+00
 8.75784302e+00
 1.33883362e+01
 1.60843506e+01
 2.36798096e+01
 2.44989624e+01
 1.78711243e+01
 1.17747803e+01
 4.71325684e+00
 -2.22601318e+00
 -1.85089111e-01
 2.90209961e+00
 3.62695312e+00
 1.07992249e+01
 1.27213135e+01
 1.79527893e+01
 2.42055359e+01
 2.12262268e+01
 1.42646179e+01
 8.18759155e+00
 7.20465088e+00
 3.11334229e+00
 2.99969482e+00
 5.00515747e+00
 3.21307373e+00
 1.18224792e+01
 1.32646484e+01
 1.88148804e+01
 2.30610657e+01
 2.14038696e+01
 1.39920044e+01
 1.16582031e+01
 6.99096680e+00
 4.49279785e+00
 -1.72875977e+00
 9.57733154e-01
 5.38415527e+00
 1.30050659e+01
 1.67647095e+01
 1.85701904e+01
 2.51907349e+01
 2.43933411e+01
 1.87512512e+01
 1.10594788e+01
 6.18258667e+00
 4.48748779e+00
 -5.38330078e-01
 3.50881958e+00
 6.44265747e+00
 9.27935791e+00
 1.55728149e+01
 2.25155640e+01
 2.72577515e+01
 2.52333374e+01
 1.68764648e+01
 1.08341675e+01
 9.15557861e-01
 -2.41607666e+00
 -1.54537964e+00
 3.87854004e+00
 6.13052368e+00
 1.05139465e+01
 1.99317932e+01
 2.57196045e+01
 2.31578064e+01
 2.34856873e+01
 1.89483643e+01
 1.28374939e+01
 7.39569092e+00
 4.66781616e+00
 -1.88439941e+00
 2.31439209e+00
 5.96127319e+00
 9.05471802e+00
 1.07996216e+01
 1.56133423e+01
 2.20252991e+01
 2.30589905e+01
 1.67567444e+01
 7.90820312e+00
 2.86694336e+00
 -1.25576782e+00
 7.68096924e-01
 -1.64434814e+00
 5.42129517e+00
 8.43499756e+00
 1.58036499e+01
 1.93714905e+01
 2.55442505e+01
 2.46282654e+01
 1.63459778e+01
 1.35596008e+01
 5.16677856e+00
 6.13952637e-01
 -5.65368652e-01
 3.33190918e+00
 4.26092529e+00
 8.51672363e+00
 1.29513855e+01
 2.16118774e+01
 2.68470154e+01
 2.39137268e+01
 1.84891357e+01
 1.03890076e+01
 6.98562622e+00
 3.47372437e+00
 3.09490967e+00
 3.86071777e+00
 5.46185303e+00
 1.34854431e+01
 1.48451538e+01
 2.07600708e+01
 2.91307678e+01
 2.38507385e+01
 1.93143311e+01
 1.12214661e+01
 5.66900635e+00
 4.41619873e+00
 1.66076660e-01
 1.94744873e+00
 -2.28332520e-01
 9.27142334e+00
 1.26523438e+01
 1.60037231e+01
 2.34855957e+01
 2.40312500e+01
 1.64824219e+01
 7.46383667e+00
 5.61950684e-01
 2.07183838e+00
 2.39715576e+00
 9.61883545e-01
 4.67248535e+00
 1.17016907e+01
 1.52084961e+01
 1.81357117e+01
 2.48704529e+01
 2.52542114e+01
 1.73994446e+01
 1.24941101e+01
 8.89321899e+00
 1.25732422e+00
 1.95339966e+00
 1.55801392e+00
 6.12228394e+00
 9.32260132e+00
 1.30144958e+01
 1.51922302e+01
 2.43961487e+01
 2.41948547e+01
 1.66510010e+01
 8.78262329e+00
 3.92593384e+00
 4.77886963e+00
 1.64590454e+00
 -1.00582886e+00
 6.17810059e+00
 8.37423706e+00
 1.19924011e+01
 1.98277283e+01
 2.69788513e+01
 2.46669617e+01
 1.86084290e+01
 1.30240479e+01
 4.90106201e+00
 3.09384155e+00
 3.42791748e+00
 2.48150635e+00
 6.06442261e+00
 1.03277283e+01
 1.23041687e+01
 1.96970825e+01
 2.46680298e+01
 2.39037781e+01
 1.95254517e+01
 1.31611938e+01
 3.47076416e+00
 2.99237061e+00
 -1.17996216e+00
 -1.41278076e+00
 6.15045166e+00
 6.54391479e+00
 1.82649231e+01
 2.17684631e+01
 2.75378723e+01
 2.65161743e+01
 1.68780518e+01
 1.10733643e+01
 5.43081665e+00
 3.43157959e+00
 2.07022095e+00
 1.65942383e+00
 2.68594360e+00
 8.84930420e+00
 1.11791992e+01
 2.00169983e+01
 2.82207031e+01
 2.46476135e+01
 1.64247437e+01
 9.52905273e+00
 4.96801758e+00
 4.03906250e+00
 2.44192505e+00
 4.05966187e+00
 6.65338135e+00
 9.24951172e+00
 1.12092590e+01
 1.97975464e+01
 2.27690125e+01
 2.16700439e+01
 1.66031494e+01
 1.09546814e+01
 2.62274170e+00
 -1.15795898e+00
 -4.81744385e+00
 8.10302734e-01
 5.26779175e+00
 7.27957153e+00
 1.92033386e+01
 2.14830017e+01
 2.47261047e+01
 2.59247742e+01
 1.81445618e+01
 1.20384827e+01
 6.79779053e+00
 4.86883545e+00
 2.37124634e+00
 3.50311279e-01
 4.74856567e+00
 7.97821045e+00
 1.43400574e+01
 1.96706543e+01
 2.70894470e+01
 2.27160950e+01
 1.51711121e+01
 8.51440430e+00
 6.37631226e+00
 4.91763306e+00
 1.91641235e+00
 4.36862183e+00
 3.21478271e+00
 1.16545715e+01
 1.30786133e+01
 1.60175171e+01
 2.37305298e+01
 2.66083679e+01
 1.63880615e+01
 9.02267456e+00
 6.16677856e+00
 5.73120117e-01
 1.12240601e+00
 3.14193726e+00
 4.09170532e+00
 7.94317627e+00
 1.14877625e+01
 2.44516907e+01
 2.83302307e+01
 2.62200928e+01
 1.90815125e+01
 1.06551514e+01
 6.10202026e+00
 3.99249268e+00
 -2.64465332e+00
 8.24035645e-01
 5.31375122e+00
 9.40521240e+00
 1.60489807e+01
 2.19060059e+01
 2.59787292e+01
 2.42704468e+01
 1.67044067e+01
 9.41867065e+00
 6.92361450e+00
 4.30743408e+00
 -2.83843994e-01
 -9.21844482e-01
 5.14163208e+00
 9.99487305e+00
 1.27234192e+01
 1.80696411e+01
 2.81704712e+01
 2.65723267e+01
 1.35540466e+01
 1.05584412e+01
 6.50820923e+00
 5.78735352e+00
 4.85845947e+00
 7.82958984e+00
 5.27169800e+00
 8.86602783e+00
 1.17802734e+01
 1.87678223e+01
 2.39937744e+01
 2.47250977e+01
 1.90460205e+01
 1.22995911e+01
 9.90966797e+00
 -1.65020752e+00
 -1.02355957e-01
 -4.74121094e-01
 4.88842773e+00
 1.26958313e+01
 1.20892029e+01
 1.87881775e+01
 2.83563232e+01
 1.96994934e+01
 1.65222778e+01
 1.18073120e+01
 5.64755249e+00
 6.02148438e+00
 1.99206543e+00
 1.60174561e+00
 6.37139893e+00
 1.27947388e+01
 1.27524719e+01
 1.93373718e+01
 2.95914001e+01
 2.35759277e+01
 1.79981384e+01
 1.10473938e+01
 7.74542236e+00
 2.30480957e+00
 -1.62725830e+00
 1.82116699e+00
 7.16390991e+00
 1.31748962e+01
 1.60792542e+01
 2.03233337e+01
 2.41868591e+01
 2.60392151e+01
 2.01464233e+01
 1.39419861e+01
 8.08361816e+00
 4.11798096e+00
 3.30548096e+00
 1.13058472e+00
 4.87280273e+00
 1.14272156e+01
 1.58096924e+01
 2.55752258e+01
 2.20663452e+01
 2.32886353e+01
 1.88292847e+01
 1.08747253e+01
 6.55661011e+00
 3.10220337e+00
 -1.02172852e-01
 2.40771484e+00
 6.35754395e+00
 8.86087036e+00
 1.46445312e+01
 1.95794678e+01
 2.71185303e+01
 2.42301941e+01
 1.73355408e+01
 9.48150635e+00
 8.60137939e+00
 4.17175293e-01
 -1.77917480e-02
 5.75958252e-01
 -1.38366699e+00
 9.78948975e+00
 1.70062866e+01
 1.92632141e+01
 2.57761536e+01
 2.16172485e+01
 1.64911499e+01
 8.65811157e+00
 4.68371582e+00
 1.09576416e+00
 8.05328369e-01
 3.65414429e+00
 5.97961426e+00
 7.78854370e+00
 1.38171692e+01
 2.18228455e+01
 2.93881836e+01
 2.36032410e+01
 1.70809937e+01
 1.04508362e+01
 6.86703491e+00
 2.36434937e+00
 1.23312378e+00
 -3.22280884e+00
 1.59625244e+00
 7.23413086e+00
 1.57529297e+01
 2.14180908e+01
 2.79848328e+01
 2.57161255e+01
 1.71362915e+01
 9.46972656e+00
 6.30950928e+00
 3.59603882e+00
 3.65121460e+00
 4.50970459e+00
 1.64273071e+00
 5.59265137e+00
 1.36845703e+01
 2.14088745e+01
 2.75823975e+01
 2.46357117e+01
 1.76149292e+01
 1.10157776e+01
 6.66421509e+00
 3.10906982e+00
 4.19381714e+00
 2.08889771e+00
 6.65899658e+00
 8.09255981e+00
 1.23385925e+01
 1.67084656e+01
 2.29982605e+01
 2.05317383e+01
 1.41261292e+01
 1.04703064e+01
 2.51953125e+00
 7.00836182e-01
 -3.93243408e+00
 -4.01977539e-01
 4.28564453e+00
 1.04414062e+01
 1.32781677e+01
 2.11691895e+01
 2.57125244e+01
 2.35582275e+01
 1.63666687e+01
 1.23950500e+01
 7.39010620e+00
 4.40136719e+00
 2.76303101e+00
 5.67819214e+00
 7.47689819e+00
 8.89181519e+00
 1.55530090e+01
 2.07047424e+01
 2.47498779e+01
 2.74788513e+01
 1.69761353e+01
 1.03845215e+01
 5.29458618e+00
 4.33648682e+00
 5.94586182e+00
 4.99096680e+00
 7.34729004e+00
 1.02902832e+01
 1.50448914e+01
 1.93702393e+01
 2.73088684e+01
 2.58632812e+01
 2.14098206e+01
 1.12646790e+01
 6.70996094e+00
 -5.41958618e+00
 6.00677490e-01
 6.10809326e-01
 5.83953857e+00
 1.36857300e+01
 1.54024048e+01
 2.22138367e+01
 2.67678528e+01
 1.98669739e+01
 1.46577759e+01
 8.68902588e+00
 6.45181274e+00
 2.13323975e+00
 3.92520142e+00
 2.41253662e+00
 6.03378296e+00
 5.24502563e+00
 1.27175598e+01
 1.93750916e+01
 2.41988220e+01
 2.17742615e+01
 1.83151855e+01
 1.23512878e+01
 6.95468140e+00
 5.67431641e+00
 3.11828613e+00
 8.77929688e-01
 6.72338867e+00
 1.29831543e+01
 1.80187683e+01
 2.27460327e+01
 2.64457092e+01
 2.43442993e+01
 2.03365173e+01
 1.41483154e+01
 7.25686646e+00
 4.89096069e+00
 2.72583008e+00
 1.69659424e+00
 3.86203003e+00
 1.16386719e+01
 1.56429443e+01
 2.06044312e+01
 2.62609863e+01
 2.53652649e+01
 1.81880188e+01
 1.20720215e+01
 9.27182007e+00
 1.93255615e+00
 3.06454468e+00
 3.19146729e+00
 6.30740356e+00
 1.31377563e+01
 1.51139832e+01
 2.25631409e+01
 3.04250183e+01
 2.64146729e+01
 2.00441895e+01
 1.04953613e+01
 5.38671875e+00
 9.00421143e-01
 7.09228516e-02
 1.85940552e+00
 5.01654053e+00
 8.11376953e+00
 1.36067810e+01
 2.16006775e+01
 2.80412903e+01
 2.33197327e+01
 1.67822266e+01
 7.79226685e+00
 3.90768433e+00
 5.85772705e+00
 3.88098145e+00
 5.35705566e-01
 4.37097168e+00
 1.07570496e+01
 1.79557495e+01
 2.25091553e+01
 2.63554993e+01
 2.45200806e+01
 1.59500122e+01
 9.54986572e+00
 7.50070190e+00
 2.76495361e+00
 5.69277954e+00
 3.59341431e+00
 7.03286743e+00
 1.07575378e+01
 1.38916321e+01
 2.02365723e+01
 2.33183594e+01
 2.34064941e+01
 1.64859924e+01
 1.03995972e+01
 7.94372559e+00
 5.28570557e+00
 2.63504028e+00
 -2.02795410e+00
 4.62380981e+00
 8.42126465e+00
 1.55100098e+01
 1.62042847e+01
 2.45044861e+01
 1.98049316e+01
 1.72268677e+01
 1.32856140e+01
 7.32269287e+00
 5.11010742e+00
 2.80725098e+00
 1.98693848e+00
 5.77352905e+00
 8.32208252e+00
 1.38361206e+01
 2.15413818e+01
 2.82708130e+01
 2.65936890e+01
 1.68296814e+01
 1.09869690e+01
 7.71258545e+00
 3.81759644e+00
 -2.52383423e+00
 2.97851562e+00
 6.60800171e+00
 1.07012024e+01
 1.60508728e+01
 2.26549377e+01
 2.57746277e+01
 2.34602356e+01
 1.75522156e+01
 9.98120117e+00
 7.96356201e+00
 5.05200195e+00
 2.69387817e+00
 4.28488159e+00
 2.52548218e+00
 7.96209717e+00
 1.58406677e+01
 1.99575500e+01
 2.37719421e+01
 2.28786316e+01
 1.81589050e+01
 1.30174255e+01
 7.62515259e+00
 2.14361572e+00
 2.53582764e+00
 4.11975098e+00
 5.50415039e+00
 9.69650269e+00
 1.29414673e+01
 1.69075623e+01
 2.43153076e+01
 2.12586365e+01
 1.75573730e+01
 1.11919250e+01
 5.35699463e+00
 -1.82989502e+00
