 1.18229265e+02
 1.40339804e+02
 3.37433882e+01
 5.66833358e+01
 8.75510518e+01
 2.40138389e+02
 1.52226593e+02
 7.41315449e+01
 4.33297948e+01
 1.38436089e+02
 1.33902355e+02
 3.48353088e+01
 9.28997076e+01
 5.94898686e+01
 1.16501504e+02
 1.14371136e+02
 1.28753368e+02
 7.10418927e+01
 2.23721280e+01
 7.80846997e+01
 4.22280449e+01
 1.12977639e+02
 3.45452402e+01
 4.12711522e+01
 4.00163856e+01
 4.78766520e+01
 4.73907455e+01
 5.93788270e+01
 1.54792470e+02
 7.90240320e+01
 3.15364514e+01
 2.34926569e+01
 6.56738951e+01
 3.86158493e+01
 4.83882267e+01
 5.32131917e+01
 9.68634249e+01
 7.33954459e+01
 8.36311336e+01
 8.19086346e+01
 7.60968339e+01
 3.26823250e+01
 1.00984303e+02
 6.05316688e+00
 2.68439415e+01
 2.14618841e+02
 1.15167064e+02
 5.42754931e+01
 2.57202753e+01
 2.56692140e+01
 1.06159720e+02
 7.96148650e+01
 3.31770350e+01
 2.41775290e+01
 7.52882665e+00
 3.45996949e+01
 5.82965022e+01
 1.41966327e+02
 7.01194522e+01
 9.48698199e+01
 7.74850027e+01
 8.41985438e+01
 1.60201339e+01
 3.98750147e+01
 7.87126153e+01
 8.72427563e+01
 2.08772483e+01
 1.36932050e+01
 8.18280678e+01
 6.88249099e+01
 3.91013316e+01
 1.18862856e+02
 7.63499723e+01
 8.66955014e+01
 1.14793436e+02
 1.00677788e+02
 1.78170848e+02
 9.93847299e+01
 6.03060510e+01
 5.32580724e+01
 9.39985000e+01
 8.89763401e+01
 1.76669158e+01
 8.27736162e+01
 6.66216490e+01
 1.66354017e+01
 8.01623902e+01
 1.09511146e+02
 3.68051093e+01
 1.49079570e+02
 1.23193112e+02
 1.09044567e+02
 1.48023648e+02
 8.16499084e+01
 3.10463058e+01
 5.29121666e+01
 1.00388859e+02
 3.91808696e+01
 7.04399132e+01
 1.83463530e+02
 1.09003895e+02
 4.73795097e+01
 5.64603818e+01
 3.84605184e+01
 1.81779823e+01
 4.44718002e+01
 6.05868489e+01
 1.02035052e+02
 6.10036846e+01
 3.91716154e+01
 6.31779475e+01
 9.99388627e+01
 1.44365748e+02
 1.12736489e+02
 6.52066941e+01
 8.11462576e+01
 4.93260375e+01
 1.10918087e+02
 7.02407457e+01
 3.97286196e+01
 2.92271158e+00
 3.30901057e+01
 5.17998154e+01
 3.55010239e+01
 9.81400496e+01
 4.40208885e+01
 5.07325884e+01
 5.67304211e+01
 5.58092128e+01
 1.94870479e+00
 5.02010658e+01
 9.94968964e+01
 9.90275590e+01
 6.04689664e+01
 6.42739874e+01
 5.33953756e+01
 5.33280146e+01
 6.70715517e+01
 4.02140077e+01
 3.15743675e+01
 2.69172970e+01
 7.76863665e+01
 4.41864069e+01
 1.49813286e+02
 2.63192781e+01
 1.03704496e+02
 1.21326295e+02
 1.40671508e+02
 9.24595631e+01
 7.92710980e+01
 3.91893570e+01
 6.18574896e+01
 6.92461543e+01
 2.77757047e+02
 1.06732891e+02
 6.62283972e+01
 7.75854605e+00
 5.94298898e+01
 4.29855536e+01
 1.49064143e+02
 7.11215424e+01
 5.48165168e+01
 1.42892549e+02
 1.52109422e+02
 8.83436386e+01
 3.85082029e+01
 7.85879724e+01
 6.25223981e+01
 1.16255986e+02
 4.39174745e+01
 3.84671905e+01
 9.91378807e+01
 1.49622207e+02
 1.65248672e+01
 4.64763233e+01
 3.33398292e+00
 1.10214267e+02
 3.57105870e+01
 9.75775203e+01
 8.63614017e+01
 9.32319256e+00
 6.75468745e+01
 8.93013500e+01
 5.29965159e+01
 1.17355777e+02
 1.62184621e+02
 5.73220502e+01
 5.69624127e+00
 1.65202729e+02
 5.11788034e+01
 1.57594376e+02
 5.26339473e+01
 6.10014240e+01
 4.27423740e+01
 5.09046716e+01
 5.47610375e+01
 6.02797715e+01
 1.62576630e+02
 6.39267856e+01
 5.18104631e+00
 1.10041469e+02
 1.52049954e+02
 5.03258529e+01
 7.44227335e+01
 5.09687979e+00
 3.81467963e+01
 8.91105730e+01
 1.26965657e+02
 8.79771260e+01
 7.53661092e+01
 2.40030530e+01
 3.18591665e+01
 2.87934019e+01
 5.62880209e+01
 1.21620634e+02
 8.20260594e+01
 7.17309785e+01
 9.20275862e+01
 6.78941179e+01
 5.93434470e+01
 6.91473961e+01
 6.63629331e+01
 4.74275094e+01
 2.88982248e+01
 5.40773508e+01
 1.04586538e+02
 6.50058569e+01
 8.28156419e+01
 1.87944666e+01
 5.85753348e+01
 4.61204835e+01
 1.44602857e+02
 1.15513720e+02
 1.45459927e+02
 5.01453636e+01
 4.60513209e+01
 2.62592071e+01
 5.13938673e+01
 7.50942055e+01
 1.16954257e+02
 6.68161920e+01
 5.13765538e+01
 3.86480287e+01
 1.21382630e+02
 4.28037313e+01
 1.65238467e+02
 1.39845909e+01
 6.13083052e+00
 6.96905497e+01
 4.83768150e+01
 6.06783965e+01
 1.22136038e+01
 7.37903552e+01
 5.06593561e+01
 4.54231715e+01
 2.85450110e+01
 9.07772777e+01
 3.29962047e+01
 6.76187876e+01
 1.89032031e+01
 1.66153237e+02
 1.91521345e+01
 6.22723312e+01
 2.90663350e+01
 4.06744757e+01
 8.44781603e+01
 1.07645041e+02
 7.15341200e+01
 6.19400550e+01
 1.17287526e+02
 1.92241022e+01
 2.69766618e+01
 8.74685196e+00
 8.62021074e+01
 9.19809152e+01
 7.78560869e+01
 1.06244629e+02
 4.44627228e+01
 1.07756697e+02
 2.67798459e+01
 1.01748629e+02
 8.86532231e+01
 6.46698139e+00
 3.42300577e+01
 3.45355583e+01
 7.54434574e+01
 1.57204818e+02
 3.35618168e+01
 2.39615193e+01
 3.60840601e+01
 5.14300174e+01
 1.24509301e+02
 1.21298233e+02
 5.99292493e+01
 2.16632937e+01
 4.05706295e+01
 9.22025058e+00
 5.79459415e+01
 6.16705362e+01
 3.24746293e+01
 8.47150131e+01
 5.15977889e+01
 6.24441638e+01
 1.44195931e+02
 5.86709361e+01
 3.47414734e+01
 3.18962861e+01
 9.35311566e+00
 6.42071333e+01
 1.04649046e+02
 1.12264573e+02
 1.00283371e+02
 1.41979247e+02
 5.81808037e+01
 4.79854828e+01
 6.42057660e+01
 7.79654969e+01
 7.44719671e+01
 1.28778485e+01
 9.85120205e+00
 6.98855358e+01
 4.84110601e+01
 6.25149323e+01
 1.07487998e+02
 1.19951028e+01
 7.68945688e+01
 7.10759991e+01
 1.32471690e+02
 1.23894356e+02
 3.85977934e+01
 2.61735766e+01
 4.24030352e+01
 6.52176843e+01
 1.59349877e+02
 1.22656924e+02
 3.00695441e+01
 3.16729082e+01
 2.14485412e+01
 7.50310978e+01
 1.06730731e+02
 1.67170362e+02
 8.00056010e+01
 4.80040987e+01
 1.21603482e+02
 5.58174732e+01
 8.45450491e+01
 8.47117463e+01
 9.02512207e+01
 7.58010365e+01
 1.76066876e+02
 5.28060354e+01
 6.54396534e+01
 3.13462638e+01
 5.99979536e+01
 2.27650484e+01
 5.84947653e+01
 2.25524199e+01
 5.95707180e+01
 4.76474247e+01
 6.99370760e+01
 2.52415471e+01
 5.42124995e+01
 2.77153467e+01
 4.01930530e+01
 1.43143729e+02
 5.28193141e+01
 1.69167836e+02
 2.11432122e+01
 1.24762525e+02
 1.16253657e+02
 3.59595119e+01
 8.96585052e+01
 1.23756771e+02
 1.11508895e+02
 5.86291881e+01
 7.51092458e+01
 2.44605768e+02
 6.06509374e+01
 5.37761735e+01
 5.16012334e+01
 7.06505909e+01
 1.51758668e+02
 7.65061292e+01
 6.63865271e+01
 4.58462543e+01
 5.53587327e+01
 8.82934930e+01
 6.50010053e+01
 1.40009242e+02
 4.80806082e+01
 5.37893230e+01
 2.67547796e+01
 1.67913373e+02
 9.55514296e+01
 6.48506968e+01
 7.70360009e+01
 6.34410942e+00
 1.13576496e+02
 1.56460656e+02
 5.44207406e+01
 9.18372650e+01
 2.24077428e+02
 6.26059477e+01
 7.17337019e+01
 3.96428564e+00
 1.04059107e+02
 3.26559786e+01
 9.20036626e+01
 1.12613293e+02
 4.81447392e+01
 1.50559493e+01
 7.85314935e+01
 1.83883187e+02
 2.31717719e+02
 1.18125160e+02
 8.90669590e+01
 5.45984987e+01
 1.65293539e+02
 9.96947482e+01
 1.01518038e+02
 8.39660629e+01
 6.07593554e+01
 6.77290844e+01
 6.70007163e+01
 7.97225429e+01
 8.47419966e+01
 2.22611857e+01
 1.72213452e+01
 1.24980189e+02
 1.28950020e+02
 2.15479746e+02
 4.77601196e+01
 9.33986667e+01
 9.02726848e+01
 5.75331872e+01
 1.25040860e+02
 9.87042348e+01
 1.58950896e+02
 5.59951661e+01
 7.15443085e+01
 4.93634779e+01
 3.88156371e+01
 4.20900327e+01
 4.39926068e+01
 4.25549290e+01
 5.29064402e+01
 7.09765668e+01
 4.94192967e+01
 1.17650006e+02
 1.02813253e+02
 4.67028217e+01
 3.74829042e+01
 1.06889432e+02
 7.61161611e+01
 8.82149240e+01
 1.14827248e+02
 5.02348619e+01
 5.36031096e+01
 7.62176493e+01
 4.45639792e+01
 7.66853108e+01
 1.58091497e+02
 7.56333039e+01
 4.98396371e+01
 9.89885906e+01
 8.16192344e+01
 1.45620806e+02
 8.59965098e+01
 6.95078204e+01
 6.82547300e+01
 1.70670296e+02
 4.42714057e+01
 4.12715614e+01
 9.72718773e+01
 7.79537798e+01
 5.42049128e+01
 6.84173030e+01
 7.64012012e+01
 7.33581143e+01
 7.57730957e+01
 5.55829234e+01
 7.10957803e+01
 6.86428245e+01
 6.96001053e+01
 6.21356115e+01
 1.22962152e+02
 5.22770649e+01
 3.97360347e+01
 3.09172647e+00
 1.39051031e+02
 8.63484491e+01
 9.26403331e+01
 7.57500755e+01
 5.10838502e+01
 7.54105033e+01
 9.48093360e+01
 1.78124486e+02
 6.77885298e+01
 1.02257636e+01
 3.29428121e+01
 4.05048770e+01
 1.28762215e+02
 8.00521080e+01
 9.96861631e+01
 2.33732568e+01
 5.17564181e+01
 3.17029781e+01
 7.08937436e+01
 1.06909236e+02
 1.15108157e+02
 6.19396117e+01
 4.43253338e+01
 2.02506893e+01
 8.54056359e+01
 1.81751937e+02
 5.33728466e+01
 1.05787988e+02
 3.39522581e+01
 3.80921625e+01
 8.03181465e+01
 1.76846994e+02
 5.42686027e+01
 1.41585455e+02
 1.75465281e+02
 8.41522857e+01
 1.17355144e+02
 7.92097865e+00
 5.44747377e+01
 9.83150512e+01
 8.00991443e+01
 4.37658940e+01
 6.82146600e+01
 1.73686462e+02
 7.57284997e+01
 7.91251016e+01
 4.18885540e+01
 1.17639864e+02
 4.12595227e+01
 4.09824224e+01
 8.93287403e+01
 3.10265449e+01
 3.17540680e+01
 7.06273578e+01
 1.54487818e+02
 2.03272172e+02
 8.18069077e+01
 3.51038622e+01
 5.94661312e+01
 3.88309460e+01
 1.26247308e+02
 7.79989310e+01
 4.32347214e+01
 1.02682782e+02
 4.84052840e+01
 2.96618202e+01
 1.92989274e+01
 1.42802398e+02
 2.80984303e+01
 1.47916188e+01
 1.34750865e-01
 8.20360974e+00
 7.45708466e+01
 1.31917567e+02
 1.04744235e+02
 3.89976860e+01
 6.15234184e+01
 2.62228323e+01
 1.55287546e+02
 2.25234810e+02
 2.19058294e+02
 1.21312888e+02
 5.53757729e+00
 8.12219870e+01
 9.45939586e+01
 1.03980907e+02
 9.40381143e+01
 5.14271332e+01
 5.62813546e+01
 6.37518328e+01
 1.07320829e+02
 1.64633814e+02
 1.17715518e+02
 1.37200728e+01
 1.21438146e+02
 6.98658609e+01
 7.17050401e+01
 4.44597062e+01
 9.96428512e+01
 4.37899518e+01
 9.64443232e+01
 1.26544187e+02
 3.15007438e+01
 7.73644796e+01
 7.76531366e+01
 2.66270801e+01
 3.10611165e+01
 4.25521511e+01
 6.98804928e+01
 1.05150229e+02
 4.12055704e+01
 3.77893932e+01
 4.97295086e+01
 8.80847676e+01
 1.41017482e+02
 3.68621748e+01
 9.86811938e+01
 4.80805839e+01
 3.26392194e+01
 3.11795867e+01
 6.72286442e+01
 4.92288462e+01
 6.86021921e+01
 2.96319574e+01
 1.66544394e+01
 1.49855809e+02
 8.53445224e+01
 6.40263056e+01
 9.21565422e+01
 1.84078904e+02
 1.73578959e+01
 6.69234451e+01
 8.54371868e+01
 9.97011415e+01
 5.46984006e+01
 4.35580065e+01
 2.30210882e+01
 3.46795418e+01
 1.13563374e+02
 6.16785271e+01
 3.60875281e+00
 4.15368067e+01
 3.76693184e+01
 1.21457066e+01
 6.69211199e+01
 5.52353201e+01
 8.08926710e+01
 4.04674092e+01
 3.06861526e+01
 6.83342039e+01
 1.13292715e+02
 2.12038683e+01
 2.84387160e+00
 1.49255556e+01
 1.18124692e+02
 4.02410640e+01
 7.67504784e+01
 4.99827554e+01
 2.97686822e+01
 7.34078462e+01
 2.65544492e+01
 4.95874438e+01
 1.18012015e+02
 4.82360975e+01
 6.06930314e+01
 5.30181127e+01
 4.43511505e+01
 1.39885920e+01
 2.79337893e+01
 7.58295525e+01
 4.98715973e+01
 9.68550743e+01
 5.77983959e+01
 4.48097647e+01
 1.32292037e+02
 2.45574430e+01
 8.18889644e+01
 4.14331114e+01
 3.30475036e+01
 1.29092484e+02
 1.57777711e+00
 6.84157282e+01
 1.81148227e+01
 5.12777534e+01
 5.34316001e+01
 1.43664631e+02
 3.54532227e+01
 1.23533566e+02
 1.30621887e+02
 6.75761578e+01
 4.22760226e+01
 1.19856905e+02
 4.64202760e+01
 9.05989447e+01
 1.01603463e+02
 6.51131910e+01
 5.10818832e+01
 1.66967072e+01
 1.35140165e+02
 1.73168940e+02
 1.35718485e+02
 4.40762294e+01
 1.42767478e+01
 1.84515103e+01
 5.57572185e+01
 1.05634196e+02
 7.25346751e+01
 3.78710647e+01
 3.17510514e+01
 5.50475073e+01
 8.42184346e+01
 6.32536776e+01
 6.41250907e+01
 4.52505669e+01
 4.76977826e+01
 4.32299490e+01
 2.70984881e+01
 8.08481866e+01
 9.92360408e+01
 1.10050865e+02
 4.23662458e+01
 4.59699150e+01
 1.71599118e+02
 1.98248906e+02
 2.16656164e+01
 1.87644941e+01
 9.83654762e+01
 1.16107623e+02
 4.11052953e+01
 6.63001317e+01
 1.13354692e+02
 7.64603568e+01
 6.69817712e+01
 6.48131598e+01
 6.10784632e+01
 9.62201577e+01
 8.10412868e+01
 4.64245975e+01
 1.91996242e+01
 1.03903687e+02
 3.66930610e+01
 6.81786388e+01
 5.86974007e+01
 9.42255102e+01
 3.84472316e+01
 7.34231345e+01
 8.78839813e+01
 2.89551588e+01
 6.62515172e+01
 1.62615985e+02
 6.21613696e+01
 1.47343387e+01
 1.39493670e+02
 1.87786248e+02
 1.22554629e+02
 5.44123520e+01
 9.78366236e+01
 7.65532606e+01
 7.74334637e+01
 9.69291564e+00
 2.44828631e+01
 4.53478263e+01
 2.93654990e+01
 6.12788431e+01
 1.03843688e+02
 1.03896285e+02
 1.14703714e+02
 7.01279505e+01
 4.48226484e+01
 1.03088180e+02
 9.62381246e+01
 3.07431506e+02
 7.73821948e+01
 3.68602942e+01
 5.38032228e+01
 5.15299662e+01
 1.29756762e+02
 1.37984994e+02
 6.92249726e+01
 5.32559824e+01
 2.48139505e+01
 7.27051750e+01
 7.10242168e+01
 3.36295251e+01
 1.10953108e+02
 9.81373469e+00
 1.83236249e+01
 4.03606743e+01
 7.14818156e+01
 7.86705855e+01
 7.54081794e+01
 1.14499227e+02
 6.22060327e+01
 1.39360061e+02
 3.63362638e+01
 8.08922520e+01
 1.39265803e+01
 2.92451537e+01
 2.02318992e+00
 4.54693568e+01
 7.69342690e+01
 3.59904175e+01
 3.58797081e+01
 1.39456212e+01
 9.89487529e+01
 4.67668834e+01
 1.64584521e+02
 8.92543062e+01
 8.04377144e+01
 2.96019240e+01
 5.92825208e+01
 8.05008458e+01
 7.37746479e+01
 2.08730527e+01
 7.28701451e+01
 7.60544477e+01
 3.95729365e+01
 6.99492267e+01
 2.68385760e+01
 5.02067214e+01
 7.86403258e+01
 1.95911317e+01
 1.08694037e+02
 4.20642332e+01
 2.10923855e+00
 8.45673596e+01
 3.70795626e+01
 6.92685817e+01
 9.26564968e+01
 1.00245866e+02
 7.26696232e+01
 1.30856349e+02
 4.21791051e+01
 6.18761103e+01
 2.53336665e+01
 5.50160763e+01
 1.51850164e+02
 9.87082946e+01
 1.17206762e+02
 7.82624832e+01
 9.89021340e+01
 3.53999057e+01
 6.19784847e+01
 8.10221000e+01
 2.05636756e+01
 2.27143301e+02
 9.89418218e+01
 5.53134164e+01
 1.29388333e+02
 4.50062671e+01
 1.25994413e+02
 5.24646313e+01
 7.72704243e+01
 8.59667030e+01
 4.11625426e+01
 3.41194686e+01
 8.00562477e+01
 4.85310716e+01
 4.88844791e+00
 1.44835020e+01
 1.19448726e+01
 1.63595727e+01
 1.12965245e+02
 7.02765313e+01
 6.13129250e+01
 4.85305308e+01
 3.10362256e+01
 6.35259093e+01
 6.83406518e+00
 4.09438330e+01
 3.39119353e-01
 5.06100953e+01
 1.07330565e+02
 1.00107644e+02
 2.84341540e+01
 5.58210317e+01
 7.06584939e+01
 4.65592931e+01
 1.61994652e+02
 1.51891654e+02
 2.04886557e+01
 3.36153063e+01
 3.17269799e+01
 5.75279912e+01
 8.44149088e+01
 7.80300347e+01
 7.27903908e+01
 4.87873573e+01
 1.02617326e+02
 1.27053514e+02
 1.38585577e+02
 1.53116051e+02
 3.15813484e+01
 3.42968112e+01
 8.80054420e+01
 1.80457738e+02
 6.13196862e+01
 1.09802833e+02
 1.03546702e+02
 5.48082248e+01
 7.67666694e+00
 5.60124129e+01
 9.22561287e+01
 1.32376524e+02
 7.06344426e+01
 1.02357071e+02
 3.61395601e+01
 6.59529794e+01
 1.58096901e+02
 8.93968446e+01
 1.43579274e+02
 7.23607892e+01
 3.92232772e+01
 4.20799157e+01
 1.14597268e+02
 8.95419382e+01
 2.98609245e+01
 9.31342351e+01
 2.54687373e+01
 1.40496301e+01
 7.60334446e+01
 6.44070652e+01
 4.61670694e+01
 5.35557846e+01
 9.92798201e+01
 1.48498553e+02
 1.14882213e+02
 9.59645054e+01
 8.01939676e+01
 6.31718624e+01
 3.87991479e+01
 5.30241117e+01
 9.24113305e+01
 1.94721122e+01
 1.30358413e+02
 7.38767306e+01
 3.35018604e+01
 4.12430457e+01
 8.78105527e+01
 1.52333143e+02
 1.69455139e+02
 8.20298888e+01
 9.72641941e+01
 7.00875612e+01
 1.00611177e+02
 1.58565110e+02
 6.47412688e+01
 7.88057919e+01
 6.76779126e+01
 6.10571789e+01
 3.44445622e+01
 1.25207452e+02
 3.20876140e+01
 1.00380961e+00
 4.58886795e+01
 4.96556695e+01
 9.29219629e+01
 1.77431050e+02
 1.08482057e+02
 1.98019070e+01
 2.64279656e+01
 8.04609160e+01
 1.41299070e+02
 1.59150750e+02
 1.46852025e+02
 8.12113716e+01
 1.79322964e+01
 1.53477663e+01
 3.18750979e+01
 4.16666041e+01
 3.29886038e+01
 1.04628077e+02
 6.00746289e+01
 7.79272178e+01
 8.30747323e+01
 8.58441824e+01
 1.63744904e+01
 1.01564117e+02
 2.19882208e+01
 1.04771693e+01
 8.04298863e+01
 1.17338022e+02
 8.90804057e+01
 6.45222538e+01
 4.49535677e+01
 4.62423464e+01
 5.76490866e+01
 3.73618890e+01
 5.50949080e+01
 4.21343990e+01
 7.28119420e+00
 8.55142936e+01
 1.50704820e+02
 8.43501384e+01
 5.17948167e+01
 3.70594852e+01
 3.69065486e+01
 2.00992757e+01
 5.45991918e+01
 1.31401280e+02
 1.22625259e+02
 7.85072125e+01
 2.93545151e+01
 1.30776495e+02
 7.21628065e+01
 4.90109319e+01
 1.22539126e+02
 5.67508542e+01
 4.76449261e+01
 9.44678230e+01
 7.87019202e+01
 1.47393295e+02
 6.00428105e+01
 2.49474110e+01
 7.45000104e+00
 2.24158787e+01
 1.37193997e+02
 2.83322713e+02
 6.63028021e+01
 4.91011811e+01
 5.90544568e+01
 4.11523343e+01
 6.30623135e+01
 1.38362961e+02
 1.02191745e+02
 4.48281369e+01
 1.81733559e+01
 1.92711135e+01
 1.67097360e+02
 4.82012134e+01
 4.76191488e+01
 5.17113646e+01
 1.12581183e+02
 8.19915658e+01
 2.44896006e+01
 5.79057817e+01
 5.95739876e+01
 1.91287247e+01
 6.67110547e+01
 9.71512628e+01
 1.13756299e+02
 2.80145065e+01
 1.33705366e+02
 1.75727666e+02
 7.51744137e+01
 1.71967685e+02
 7.69825336e+01
 3.62235604e+01
 3.67033691e+01
 7.38986350e+01
 3.59333511e+01
 4.58907533e+01
 9.49011175e+01
 8.56848476e+01
 1.22804084e+02
 1.31434887e+02
 8.08110747e+01
 9.07073746e+01
 4.56388734e+01
 8.31194392e+01
 6.20342846e+01
 4.85813505e+01
 7.35078436e-01
 6.13592826e+01
 1.29681889e+02
 9.63919410e+01
 7.97977224e+01
 1.05871124e+02
 9.50683312e+01
 7.73850978e+01
 1.67974628e+02
 1.03606939e+02
 2.02674482e+02
 8.96191006e+01
 2.09036398e+01
 8.61001761e+01
 8.87572569e+01
 8.72338453e+01
 8.18423273e+01
 1.04984971e+01
 6.22087170e+01
 6.09368800e+01
 1.08881425e+02
 2.55347503e+01
 9.93246348e+01
 1.11818137e+02
 4.39022754e+01
 5.67709749e+01
 1.07029710e+02
 1.06591739e+02
 5.25884089e+01
 1.67977961e+02
 9.56738134e+01
 7.41270968e+01
 5.07286683e+01
 1.09405658e+02
 1.72608295e+01
 6.46232792e+01
 1.00915354e+02
 1.07435984e+02
 1.06484516e+02
 2.83413944e+01
 2.10641009e+01
 3.39207454e+01
 6.57405488e+01
 9.29089644e+01
 8.99889601e+01
 2.35089347e+02
 7.94463950e+01
 2.60516723e+01
 2.79286470e+01
 1.13391309e+00
 8.51934708e+01
 3.54158129e+01
 5.67709073e+01
 6.91407556e+01
 8.90025247e+01
 7.39277743e+01
 8.30222470e+01
 5.70517965e+01
 1.06632739e+02
 1.94094044e+01
 1.98320950e+01
 5.58068318e+01
 6.86020801e+01
 1.86161860e+01
 5.37606222e+01
 1.36518692e+02
 6.41933597e+01
 8.06869662e+01
 9.86896993e+01
 1.89069703e+02
 1.12910824e+02
 6.89298524e+01
 2.01832467e+01
 4.42019517e+01
 1.32374633e+02
 3.81587423e+01
 9.55200540e+01
 9.00900653e+01
 4.53491461e+01
 5.17471298e+01
 1.16865191e+02
 6.39355454e+01
 8.62646385e+01
 6.94415298e+00
 2.43135127e+01
 3.93020179e+01
 9.16127153e+01
 7.88959303e+01
 3.16160522e+01
 9.30418136e+01
 1.02276111e+02
 7.32029843e+01
 2.09621770e+01
 1.02190381e+02
 3.12768134e+01
 1.23171724e+01
 2.88385114e+01
 8.88732473e+00
 4.70438068e+01
 2.03446958e+02
 2.98307220e+01
 8.00474456e+01
 3.53830320e+01
 4.00601019e+01
 1.13962606e+02
 5.89436989e+01
 7.39145574e+01
 1.22296728e+01
 5.11901564e+00
 9.05540030e+01
 2.49309608e+01
 1.05581739e+02
 8.62808191e+01
 1.00309221e+02
 7.22992816e+01
 8.84297721e+01
 2.05826150e+02
 1.16173445e+02
 9.03380360e+01
 6.22195021e+01
 2.32508678e+01
 4.76611307e+01
 2.35187342e+01
 1.04725254e+02
 2.31472675e+01
 1.05893827e+02
 4.13563268e+01
 4.11414844e+01
 5.71140865e+01
 1.49828574e+02
 1.80323856e+02
 2.10906508e+01
 3.08417848e+01
 4.15726707e+01
 1.31781674e+02
 5.45989089e+01
 1.27172351e+02
 1.08937135e+01
 2.17286000e+01
 5.12854219e+01
 1.49052714e+02
 1.92908201e+02
 1.88732041e+02
 6.58026933e+01
 2.02931988e+01
 6.57377384e+01
 1.00601842e+02
 9.50094047e+01
 1.63148590e+02
