 -1.46103516e+00
 3.56328735e+00
 5.60653076e+00
 9.00420532e+00
 1.66641479e+01
 1.95407654e+01
 1.69227539e+01
 1.95175415e+01
 1.59762817e+01
 1.03301941e+01
 2.23616943e+00
 -4.93533936e+00
 1.27041016e+00
 7.19323730e-01
 6.25847778e+00
 1.30569092e+01
 1.46439758e+01
 1.61005188e+01
 1.86675049e+01
 2.04182373e+01
 1.44192749e+01
 7.97915039e+00
 3.71468506e+00
 -7.33411255e+00
 -4.26437988e+00
 3.58953247e+00
 6.77144775e+00
 1.18778320e+01
 1.31595703e+01
 1.88135010e+01
 1.98423401e+01
 1.99373108e+01
 1.42672363e+01
 8.66039429e+00
 4.94951782e+00
 -9.04974365e-01
 -1.79236450e+00
 1.38970337e+00
 5.79042969e+00
 9.85399780e+00
 1.41850525e+01
 1.86661621e+01
 2.04423462e+01
 1.92972046e+01
 1.65235229e+01
 1.12273193e+01
 7.90783081e+00
 -6.14172363e-01
 -2.14749756e+00
 1.37938843e+00
 6.05812988e+00
 1.40092712e+01
 1.14052063e+01
 1.71335693e+01
 1.84440857e+01
 1.75937134e+01
 1.39779602e+01
 9.77495728e+00
 4.45510254e+00
 -3.13788452e+00
 -5.90704956e+00
 2.29601440e+00
 1.07382446e+01
 1.13215576e+01
 1.46686340e+01
 1.61785217e+01
 1.85026184e+01
 1.73920532e+01
 1.41548401e+01
 7.90398560e+00
 7.62362061e+00
 -1.09656372e+00
 1.59237061e+00
 1.18850098e+00
 5.88738403e+00
 1.13822266e+01
 1.76165405e+01
 1.96686035e+01
 2.17777649e+01
 1.84903809e+01
 1.43101440e+01
 1.00857178e+01
 4.48235474e+00
 2.23708496e+00
 -1.29266968e+00
 -1.51862183e+00
 5.92015991e+00
 9.45073853e+00
 1.54023071e+01
 1.53677917e+01
 1.96612488e+01
 1.93231750e+01
 1.48446899e+01
 1.12032410e+01
 4.15282593e+00
 -2.28195801e+00
 -1.89306641e-01
 5.64476929e+00
 2.87645874e+00
 1.16646362e+01
 1.27083374e+01
 1.85806824e+01
 2.00682007e+01
 1.82943970e+01
 1.30390259e+01
 1.06270081e+01
 6.57503662e+00
 8.47924805e-01
 3.09844360e+00
 6.78847656e+00
 1.18151489e+01
 1.08046509e+01
 1.52816711e+01
 1.91745850e+01
 1.98063904e+01
 1.88463684e+01
 1.40572144e+01
 9.57311401e+00
 3.01329956e+00
 4.81505737e+00
 1.58535156e+00
 5.44750366e+00
 6.34716187e+00
 1.33428589e+01
 1.30846191e+01
 1.72115417e+01
 2.10250793e+01
 1.64799744e+01
 1.50369507e+01
 1.05146729e+01
 6.58605347e+00
 5.83428955e-01
 -7.01965332e-02
 5.40169678e+00
 8.47817383e+00
 8.47911987e+00
 1.34874512e+01
 1.70119568e+01
 2.16395813e+01
 1.92390991e+01
 1.36666809e+01
 1.12992798e+01
 6.18999634e+00
 1.61956177e+00
 8.84179688e-01
 2.90072021e+00
 8.15560303e+00
 9.60369263e+00
 1.41884399e+01
 1.79762207e+01
 1.93661438e+01
 1.84241577e+01
 1.55120789e+01
 1.10281006e+01
 5.62066650e-01
 -5.39493408e+00
 4.50073242e-02
 2.92199707e-01
 6.03411255e+00
 8.58138428e+00
 1.79370361e+01
 1.90475098e+01
 2.05043884e+01
 1.99430481e+01
 1.56566406e+01
 8.58895264e+00
 8.23082886e+00
 8.22412109e-01
 -2.95130005e+00
 4.54451904e+00
 5.75188599e+00
 1.44465881e+01
 1.47087036e+01
 1.76327759e+01
 2.11649414e+01
 1.97813354e+01
 1.52794739e+01
 1.16203247e+01
 8.01125488e+00
 2.67144165e+00
 -3.82117310e+00
 -2.54272461e-02
 4.53457031e+00
 1.08538452e+01
 1.46838928e+01
 1.75790344e+01
 2.25888611e+01
 1.84774719e+01
 1.64968506e+01
 1.30127808e+01
 3.59765015e+00
 2.66503296e+00
 -4.28174438e+00
 -4.13818970e+00
 1.72335205e+00
 9.94555054e+00
 1.48927856e+01
 1.66624695e+01
 2.01339966e+01
 2.04701782e+01
 1.69178711e+01
 9.13918457e+00
 3.79931030e+00
 -2.39176025e+00
 -1.11618652e+00
 4.38531494e-01
 6.22182617e+00
 9.01427612e+00
 1.39515625e+01
 1.76078125e+01
 2.08381287e+01
 1.91685120e+01
 1.58559814e+01
 1.02830139e+01
 4.47847900e+00
 -1.70773926e+00
 -1.71848145e+00
 3.65908203e+00
 4.05861816e+00
 9.61940918e+00
 1.46645447e+01
 1.81965881e+01
 2.06848389e+01
 1.88503662e+01
 1.54896484e+01
 9.34102783e+00
 1.24675903e+00
 6.40710449e-01
 2.02752686e-01
 4.72484741e+00
 8.43578491e+00
 1.00536438e+01
 1.48423401e+01
 1.78949219e+01
 1.94273315e+01
 1.75578552e+01
 1.49006592e+01
 1.02920471e+01
 1.75057373e+00
 -2.43094482e+00
 -1.32556763e+00
 2.72023926e+00
 5.72197876e+00
 9.33593140e+00
 1.17919250e+01
 1.56726624e+01
 1.77751099e+01
 2.00566650e+01
 1.44581543e+01
 1.08306213e+01
 4.59142456e+00
 -3.86258545e+00
 -2.03973999e+00
 -8.27738037e+00
 7.92284546e+00
 1.30574890e+01
 1.56050354e+01
 1.84200989e+01
 2.04948364e+01
 2.08611084e+01
 1.67075439e+01
 1.06346680e+01
 9.42592773e+00
 -1.62338867e+00
 4.53737793e+00
 3.60173950e+00
 7.54302368e+00
 1.16953064e+01
 1.47071777e+01
 1.82697998e+01
 2.05543762e+01
 1.95359741e+01
 1.62896667e+01
 1.10596252e+01
 4.56731567e+00
 3.07079468e+00
 2.82656250e+00
 2.38275146e-01
 3.42354736e+00
 7.55013428e+00
 1.37241760e+01
 1.72409912e+01
 2.14086243e+01
 1.86316162e+01
 1.43117310e+01
 1.19876648e+01
 5.35491333e+00
 3.55669556e+00
 3.92308960e+00
 4.08709106e+00
 5.15941772e+00
 1.44393250e+01
 1.39793030e+01
 1.67528015e+01
 2.01787659e+01
 1.78808533e+01
 1.69592224e+01
 8.46935425e+00
 5.05153809e+00
 -2.48425903e+00
 -4.09058228e+00
 1.47014771e+00
 5.74169312e+00
 1.28684021e+01
 1.25318542e+01
 1.78910156e+01
 2.03324219e+01
 1.86735474e+01
 1.51594482e+01
 9.98302612e+00
 4.15920410e+00
 -5.05834961e-01
 -2.10693970e+00
 -8.60693359e-01
 4.07525024e+00
 9.66610107e+00
 1.29334045e+01
 1.81297546e+01
 2.00329834e+01
 1.90233704e+01
 1.54239441e+01
 8.43258057e+00
 7.08489990e-01
 -2.75369873e+00
 -2.78229370e+00
 2.93721924e+00
 4.05916748e+00
 9.70299683e+00
 1.53828979e+01
 1.59089905e+01
 1.85218445e+01
 1.94715210e+01
 1.44521729e+01
 6.46911011e+00
 6.98940430e+00
 -1.43149414e+00
 -1.04572144e+00
 9.06005859e-02
 4.87145386e+00
 1.46555725e+01
 1.77601563e+01
 1.60884949e+01
 2.16518799e+01
 1.83617493e+01
 1.49943787e+01
 1.15640198e+01
 7.23046265e+00
 3.56560669e+00
 3.11525879e+00
 -3.73316040e+00
 4.70629272e+00
 1.06930786e+01
 1.44567810e+01
 1.68622070e+01
 1.83343750e+01
 1.73995605e+01
 1.58937317e+01
 9.37307129e+00
 3.96450195e+00
 3.45989380e+00
 3.63833008e+00
 5.44298706e+00
 6.37777100e+00
 1.17354980e+01
 1.57047668e+01
 1.94631897e+01
 1.88208252e+01
 1.84704224e+01
 1.61946045e+01
 8.68169556e+00
 6.82845459e+00
 3.27764282e+00
 1.52300415e+00
 3.66820679e+00
 4.93770752e+00
 8.03457031e+00
 1.45623413e+01
 1.81672607e+01
 2.17016235e+01
 1.96606995e+01
 1.41191040e+01
 1.20752197e+01
 8.12679443e+00
 2.99120483e+00
 8.38525391e-01
 4.34429321e+00
 5.61892090e+00
 1.19504639e+01
 1.48516785e+01
 1.63411194e+01
 1.96682373e+01
 1.96095825e+01
 1.89785706e+01
 1.01136108e+01
 3.40334473e+00
 -5.81931152e+00
 -7.47564697e-01
 6.42938232e-01
 6.52190552e+00
 1.17032104e+01
 1.57258545e+01
 1.84221436e+01
 2.12375732e+01
 1.90285889e+01
 1.60410095e+01
 1.24512878e+01
 9.60183105e+00
 1.28905640e+00
 -1.73221436e+00
 1.11943970e+00
 7.86409912e+00
 1.27942139e+01
 1.73184448e+01
 1.93055054e+01
 2.08154236e+01
 1.94769226e+01
 1.47594849e+01
 1.38680664e+01
 3.31139526e+00
 2.54308472e+00
 6.47243652e+00
 3.83242188e+00
 8.85564575e+00
 1.08733154e+01
 1.69699646e+01
 1.53424622e+01
 1.94837585e+01
 1.92419983e+01
 1.62048279e+01
 8.18114624e+00
 -1.05039062e+00
 1.00219116e+00
 1.50142822e+00
 6.00310669e+00
 8.27218018e+00
 1.42285706e+01
 1.51683899e+01
 1.74611145e+01
 2.04915710e+01
 2.05929810e+01
 1.81990601e+01
 1.11562134e+01
 4.83831177e+00
 2.07491455e+00
 1.05327759e+00
 9.51654053e-01
 6.83587036e+00
 1.16672607e+01
 1.40718323e+01
 1.78393799e+01
 2.17495056e+01
 2.22729431e+01
 1.55833984e+01
 1.12480103e+01
 6.44976196e+00
 6.94421387e-01
 -7.57757568e-01
 5.93835449e-01
 6.50100098e+00
 1.26608521e+01
 1.31828857e+01
 1.84129578e+01
 2.02385803e+01
 1.80451599e+01
 1.61671997e+01
 1.19056946e+01
 5.95272217e+00
 -2.73694458e+00
 -8.07592773e-01
 3.10918579e+00
 1.02907959e+01
 1.03322693e+01
 1.43110596e+01
 1.83158813e+01
 1.89847961e+01
 1.54385315e+01
 1.70604492e+01
 1.22243896e+01
 7.16341553e+00
 4.18334351e+00
 -3.51843262e-01
 3.91109619e+00
 7.86535034e+00
 1.51739136e+01
 1.74132324e+01
 1.85415283e+01
 2.15697571e+01
 1.92274109e+01
 1.48173767e+01
 1.17863403e+01
 3.87917480e+00
 -2.66373291e+00
 4.40319214e+00
 2.30425415e+00
 6.86959229e+00
 1.07263428e+01
 1.63716675e+01
 1.86094910e+01
 2.03872314e+01
 2.05249573e+01
 1.69724060e+01
 1.38739563e+01
 3.17476807e+00
 -3.60190430e+00
 -9.73974609e-01
 1.39507446e+00
 8.50716553e+00
 1.23323303e+01
 1.59062134e+01
 1.94530884e+01
 1.94829651e+01
 2.00105530e+01
 1.34385010e+01
 6.52199707e+00
 4.92504272e+00
 3.83648071e+00
 -1.19876709e+00
 5.77788696e+00
 5.36126099e+00
 1.00075623e+01
 1.25286194e+01
 1.85704285e+01
 2.19705139e+01
 2.10379883e+01
 1.62204529e+01
 1.03190552e+01
 6.10540161e+00
 1.10646973e+00
 2.06383667e+00
 2.32717285e+00
 4.24273071e+00
 1.05956360e+01
 1.42380615e+01
 1.83549133e+01
 1.99695984e+01
 1.96745544e+01
 1.52028137e+01
 1.10685059e+01
 2.98626099e+00
 3.41875610e+00
 6.85968018e-01
 4.85247192e+00
 8.90395508e+00
 1.40317322e+01
 1.66363770e+01
 1.83526855e+01
 2.25796143e+01
 2.07878967e+01
 1.60028015e+01
 1.28046204e+01
 4.60534058e+00
 -6.18869629e+00
 -2.01508179e+00
 7.89388428e+00
 8.85796509e+00
 1.36951843e+01
 1.62170044e+01
 1.79758545e+01
 2.13157593e+01
 2.11154419e+01
 1.57571045e+01
 1.23469788e+01
 8.04268799e+00
 -9.83032227e-02
 3.26964722e+00
 3.56777344e+00
 8.19915161e+00
 1.20958801e+01
 1.55004211e+01
 1.92564941e+01
 2.11246887e+01
 2.12990356e+01
 1.67159668e+01
 1.02777649e+01
 9.57525024e+00
 1.50100098e+00
 3.75533447e+00
 4.97399292e+00
 6.90914307e+00
 9.84551392e+00
 1.54768311e+01
 1.72891479e+01
 2.16932617e+01
 2.14589783e+01
 1.35045105e+01
 1.07561890e+01
 6.07851563e+00
 -1.08801270e-01
 4.58001709e-01
 3.57216797e+00
 7.61654053e+00
 1.31610352e+01
 1.71016174e+01
 1.98239685e+01
 1.93560120e+01
 1.89832092e+01
 1.58913818e+01
 1.04047485e+01
 5.29381714e+00
 1.86458740e+00
 1.50332031e+00
 -5.72882080e-01
 9.44860229e+00
 1.08733459e+01
 1.42461792e+01
 1.78616882e+01
 2.05528198e+01
 1.88961731e+01
 1.65806519e+01
 1.10876709e+01
 4.88451538e+00
 -3.93326416e+00
 3.06743774e+00
 2.67424927e+00
 7.29058228e+00
 1.01262451e+01
 1.38198486e+01
 1.79158875e+01
 1.81295715e+01
 1.75735718e+01
 1.72085205e+01
 1.25934692e+01
 5.05434570e+00
 -7.90441895e-01
 -3.62711182e+00
 1.01772461e+00
 5.86379395e+00
 1.14010254e+01
 1.52232910e+01
 1.83292480e+01
 2.03848816e+01
 2.07954651e+01
 1.47929932e+01
 1.07712341e+01
 4.97347412e+00
 1.31865845e+00
 7.00036621e-01
 7.03072510e+00
 7.39394531e+00
 1.41485535e+01
 1.55896545e+01
 1.71409241e+01
 2.35409790e+01
 1.91861206e+01
 1.60721069e+01
 9.11525879e+00
 6.03261719e+00
 1.98027954e+00
 -3.64050293e-01
 2.30962524e+00
 8.11770020e+00
 1.14371582e+01
 1.79371582e+01
 1.76678101e+01
 2.03593994e+01
 2.09710327e+01
 1.64912048e+01
 1.38001343e+01
 6.36669312e+00
 3.95421753e+00
 2.56252441e+00
 4.79512939e+00
 7.24749146e+00
 1.10919434e+01
 1.66222778e+01
 1.94489075e+01
 1.93184753e+01
 2.02801453e+01
 1.23853699e+01
 1.13510681e+01
 2.34340820e+00
 2.03487549e+00
 -1.72247314e-01
 1.31963501e+00
 7.94680176e+00
 1.06013428e+01
 1.77871643e+01
 2.06046082e+01
 2.25620972e+01
 1.99315430e+01
 1.60457397e+01
 1.00002991e+01
 5.66625366e+00
 1.22948608e+00
 1.07690430e-01
 2.75267944e+00
 8.59060059e+00
 1.27858215e+01
 1.47037903e+01
 1.88582397e+01
 2.17140747e+01
 1.87089478e+01
 1.84323059e+01
 1.08748108e+01
 1.98607788e+00
 -2.09342041e+00
 -2.59421387e+00
 -1.37863770e+00
 7.02434692e+00
 9.87883911e+00
 1.47453552e+01
 1.82026917e+01
 2.11073547e+01
 2.01629578e+01
 1.55175415e+01
 1.22366272e+01
 5.16719971e+00
 1.64184570e-03
 -2.29431763e+00
 2.57280884e+00
 4.39156494e+00
 8.91106567e+00
 1.35920959e+01
 1.83740479e+01
 1.99735657e+01
 2.00618225e+01
 1.66018311e+01
 1.46846252e+01
 8.24035034e+00
 6.84938965e+00
 2.05028687e+00
 2.28679810e+00
 3.62502441e+00
 1.17485596e+01
 1.56944519e+01
 1.75569397e+01
 2.13942505e+01
 2.00333801e+01
 1.84069458e+01
 1.27498718e+01
 3.81331787e+00
 3.68646240e-01
 4.23974609e-01
 1.97734985e+00
 7.27547607e+00
 1.00053955e+01
 1.27779480e+01
 1.92823425e+01
 2.26120544e+01
 2.12717529e+01
 1.81555115e+01
 1.45902649e+01
 2.13683472e+00
 3.01601563e+00
 1.67230225e-01
 3.33709106e+00
 6.58205566e+00
 1.11009460e+01
 1.62627808e+01
 1.83117920e+01
 2.13195129e+01
 2.15045715e+01
 1.73265625e+01
 1.27679382e+01
 6.84893188e+00
 5.67232666e+00
 6.80397949e+00
 5.90783081e+00
 6.13811646e+00
 1.07037598e+01
 1.43923279e+01
 2.03139587e+01
 2.05921570e+01
 2.05859314e+01
 1.79854370e+01
 1.35718628e+01
 7.06273804e+00
 1.84151611e+00
 3.85402832e+00
 3.07412109e+00
 7.26528320e+00
 1.07278992e+01
 1.53510681e+01
 1.82001282e+01
 2.17813965e+01
 2.15093018e+01
 1.57101685e+01
 1.50028015e+01
 6.49154053e+00
 3.39022217e+00
 -2.38748779e+00
 -8.02221680e-01
 6.40807495e+00
 1.33237244e+01
 1.70129944e+01
 1.75659119e+01
 2.05049683e+01
 2.01329285e+01
 1.84137512e+01
 9.16762695e+00
 8.91372070e+00
 4.36904297e+00
 5.77568970e+00
 5.09154663e+00
 7.09771118e+00
 1.21832214e+01
 1.72160889e+01
 1.93330322e+01
 2.13474976e+01
 1.98842407e+01
 1.53129517e+01
 1.39429871e+01
 3.25765381e+00
 3.95989380e+00
 2.74712524e+00
 4.72249756e+00
 8.70787964e+00
 1.22300964e+01
 1.61173035e+01
 1.55985657e+01
 1.92244507e+01
 2.02871033e+01
 1.66723267e+01
 1.19195801e+01
 6.55086670e+00
 2.48574219e+00
 2.22304688e+00
 8.87746582e+00
 9.58434448e+00
 1.13272034e+01
 1.84432007e+01
 2.22405029e+01
 2.10536133e+01
 2.08075195e+01
 1.63091064e+01
 9.69994507e+00
 5.00667725e+00
 2.68816528e+00
 1.59612427e+00
 4.45311890e+00
 6.00270996e+00
 1.23441711e+01
 1.37587524e+01
 1.74157043e+01
 2.37232910e+01
 2.16414124e+01
 1.67994019e+01
 1.15850769e+01
 8.70812378e+00
 1.67244873e+00
 4.07341919e+00
 5.03353271e+00
 8.60314331e+00
 1.44806763e+01
 2.03026672e+01
 2.12116028e+01
 2.38226868e+01
 2.16374756e+01
 1.74043518e+01
 1.47322937e+01
 6.05068359e+00
 2.32152710e+00
 -1.56192627e+00
 5.41704712e+00
 7.25454102e+00
 1.45240112e+01
 1.65502563e+01
 2.12407166e+01
 2.48841797e+01
 2.07471558e+01
 1.70185486e+01
 1.12582642e+01
 4.65245972e+00
 7.23418579e+00
 4.90053711e+00
 3.50509033e+00
 6.25747070e+00
 1.29160400e+01
 1.51126648e+01
 1.98051086e+01
 2.24463745e+01
 2.04755493e+01
 1.63375488e+01
 1.59129883e+01
 7.31386719e+00
 4.33257446e+00
 2.21257935e+00
 6.18502197e+00
 5.96599731e+00
 9.48015747e+00
 1.42961365e+01
 1.98015381e+01
 2.31033875e+01
 2.31672302e+01
 1.48361755e+01
 1.31577698e+01
 5.34148560e+00
 4.48931274e+00
 3.46141968e+00
 7.97084961e+00
 9.03066406e+00
 1.15704285e+01
 1.55844971e+01
 2.14209229e+01
 2.08649841e+01
 2.10448547e+01
 1.74648376e+01
 1.16167542e+01
 8.48073730e+00
 1.63231812e+00
 1.72655640e+00
 4.70662842e+00
 6.58773193e+00
 1.01696716e+01
 1.67924133e+01
 1.81207520e+01
 2.38510376e+01
 1.87790466e+01
 1.71587158e+01
 1.25501343e+01
 9.94097290e+00
 4.35808716e+00
 2.12478027e+00
 2.59685669e+00
 8.25609741e+00
 1.35350891e+01
 1.54660278e+01
 1.95133606e+01
 2.00440002e+01
 2.07739197e+01
 1.49908081e+01
 1.22838989e+01
 4.35439453e+00
 -2.51752319e+00
 -5.07696533e-01
 9.04748535e-01
 7.11266479e+00
 1.42129761e+01
 1.65904785e+01
 2.17181641e+01
 2.16716553e+01
 1.94885803e+01
 1.60286194e+01
 1.16585327e+01
 8.45964966e+00
 4.81508789e+00
 3.26564941e+00
 3.47051392e+00
 6.61519775e+00
 9.98336182e+00
 1.69255310e+01
 2.05954529e+01
 2.21785217e+01
 2.02411133e+01
 1.58890015e+01
 1.05856567e+01
 5.05776367e+00
 6.44707642e+00
 4.79281006e+00
 6.23012695e+00
 8.01842651e+00
 1.08113037e+01
 1.71364075e+01
 2.16108948e+01
 2.23590942e+01
 2.22947021e+01
 1.72871033e+01
 1.39944397e+01
 7.18938599e+00
 2.96840820e+00
 4.37050781e+00
 8.69747314e+00
 1.03814331e+01
 1.22342468e+01
 1.47173401e+01
 1.84309326e+01
 2.47261292e+01
 2.18968445e+01
 1.73451172e+01
 1.52405029e+01
 5.92748413e+00
 9.03039551e-01
 4.62362061e+00
 8.63860474e+00
 1.25301758e+01
 1.34331604e+01
 1.73939453e+01
 2.17403809e+01
 2.31899658e+01
 2.21155640e+01
 1.74461304e+01
 1.08841797e+01
 6.66365967e+00
 5.05397949e+00
 -3.66644287e-01
 8.56164551e-01
 9.44591675e+00
 1.33050171e+01
 1.49426819e+01
 2.10315796e+01
 2.32271057e+01
 1.94620605e+01
 1.64636169e+01
 1.44703613e+01
 6.59432373e+00
 4.81392822e+00
 -1.46753540e+00
 3.33892212e+00
 1.07317749e+01
 1.18011414e+01
 1.35878540e+01
 1.95526367e+01
 2.22283569e+01
 2.14070374e+01
 1.90321594e+01
 1.29450317e+01
 4.76561890e+00
 -5.26861572e-01
 2.16021118e+00
 1.37548218e+00
 8.64830933e+00
 1.36507813e+01
 1.85147644e+01
 2.01340271e+01
 2.55118958e+01
 2.31353699e+01
 1.75023743e+01
 1.05958496e+01
 5.08266602e+00
 5.79827271e+00
 5.76506958e+00
 7.19970093e+00
 1.20819946e+01
 1.46980530e+01
 1.92443176e+01
 2.24741455e+01
 2.48285767e+01
 2.31782776e+01
 1.84352966e+01
 1.53881165e+01
 8.90706787e+00
 9.82446289e-01
 4.51592407e+00
 4.46267090e+00
 7.84127197e+00
 1.30417114e+01
 1.97234436e+01
 2.28112427e+01
 2.53032471e+01
 2.56766296e+01
 2.11840149e+01
 1.25440918e+01
 7.26735840e+00
 3.98522949e-01
 2.36058960e+00
 3.55272827e+00
 7.55748901e+00
 1.20528198e+01
 1.62452332e+01
 2.25670715e+01
 2.14075256e+01
 2.40802551e+01
 1.97385498e+01
 1.50997253e+01
 1.19002014e+01
 4.65429077e+00
 2.03954468e+00
 2.96041260e+00
 7.87120972e+00
 1.48931213e+01
 1.57485901e+01
 2.08750244e+01
 2.31408325e+01
 2.09855591e+01
 1.89581848e+01
 1.28140808e+01
 1.01849304e+01
 2.24959717e+00
 1.56640015e+00
 6.05239258e+00
 1.04962097e+01
 1.44266296e+01
 1.58984924e+01
 2.00846802e+01
 2.22694336e+01
 2.19522339e+01
 1.79662109e+01
 1.30850464e+01
 7.97756348e+00
 -3.48059082e-01
 -3.22135010e+00
 7.90496216e+00
 1.39757935e+01
 1.55703064e+01
 1.46330811e+01
 2.17512451e+01
 2.07404724e+01
 2.21868835e+01
 1.65429321e+01
 1.28314758e+01
 7.95382080e+00
 4.25213013e+00
 -4.24829712e+00
 4.09774170e+00
 6.43563232e+00
 1.01987854e+01
 1.55622192e+01
 2.04725281e+01
 2.10605103e+01
 2.19427429e+01
 1.99861389e+01
 1.55923401e+01
 6.91259155e+00
 6.88253174e+00
 4.37633667e+00
 6.34087524e+00
 9.03475342e+00
 1.41538940e+01
 1.55120178e+01
 2.02232910e+01
 2.27695251e+01
 2.28474670e+01
 1.90683838e+01
 1.24189087e+01
 4.08117065e+00
 1.80983887e+00
 1.41356812e+00
 9.80371094e-01
 6.49178467e+00
 1.24256226e+01
 1.45335327e+01
 1.87625366e+01
 2.25208984e+01
 1.93958984e+01
 1.64655090e+01
 1.26256042e+01
 4.85604248e+00
 -2.80584717e-01
 2.41448364e+00
 4.15718994e+00
 6.61809692e+00
 1.27910095e+01
 1.74292847e+01
 1.91069275e+01
 2.11545349e+01
 2.05612427e+01
 1.86325012e+01
 1.24856812e+01
 4.70781860e+00
 -8.53338623e-01
 -5.43417969e+00
 2.55663452e+00
 9.48113403e+00
 1.29074646e+01
 1.83810974e+01
 2.16944519e+01
 2.26532532e+01
 2.04186340e+01
 1.79472595e+01
 1.37040649e+01
 9.40261230e+00
 8.53173828e-01
 4.28865967e+00
 6.30385742e+00
 8.69460449e+00
 1.18738647e+01
 1.56679932e+01
 2.10693909e+01
 2.38973328e+01
 2.36822144e+01
 1.98796021e+01
 1.51783691e+01
 1.07236877e+01
 7.99566040e+00
 -6.91595459e-01
 2.92769775e+00
 8.83953247e+00
 1.38646484e+01
 1.80909363e+01
 2.13625732e+01
 2.51841675e+01
 2.31330200e+01
 1.70294128e+01
 1.47051025e+01
 4.41076050e+00
 5.79614258e-01
 4.96416626e+00
 6.24486694e+00
 8.27361450e+00
 1.34459778e+01
 1.74194885e+01
 2.14617249e+01
 2.38734070e+01
 2.46867920e+01
 2.01997314e+01
 1.29409424e+01
 9.30275879e+00
 3.87780151e+00
 6.85347900e+00
 6.33043823e+00
 6.64193115e+00
 1.47863708e+01
 1.68237854e+01
 2.15941406e+01
 2.53207642e+01
 2.29799133e+01
 1.82202087e+01
 1.32508179e+01
 6.87368164e+00
 3.55196533e+00
