 9.99859166e+01
 6.06906944e+01
 1.48633127e+02
 4.07952487e+01
 6.23268562e+01
 1.14546989e+02
 2.31333868e+02
 5.93536322e+01
 1.24613027e+02
 9.53779968e+01
 9.07138920e+01
 3.51925420e+01
 8.63969379e+01
 6.92125030e+01
 6.79359731e+01
 4.02203093e+01
 6.10170338e+01
 1.28181048e+01
 5.42202839e+01
 3.39846268e+01
 6.59075757e+01
 1.30744702e+02
 1.35356529e+02
 6.59155284e+01
 3.55600574e+01
 4.97315240e+01
 3.29941603e+01
 1.47317076e+02
 1.79276515e+02
 5.80197423e+01
 5.53086942e+01
 4.25401376e+01
 6.71456263e+01
 1.00771757e+02
 1.19484774e+02
 4.55859590e+01
 1.43373706e+02
 3.24997172e+01
 7.82142993e+01
 8.54292477e+01
 9.12186890e+01
 1.03046269e+02
 1.70913311e+02
 2.12687899e+01
 3.66429440e+01
 1.19275610e+02
 1.35789491e+02
 5.06109789e+01
 3.08660205e+01
 2.96937103e+01
 1.04949988e+02
 8.50364654e+01
 1.19863405e+02
 5.94020616e+01
 9.96481324e+01
 7.09516320e+01
 2.26221757e+01
 7.71466777e+01
 5.54162466e+01
 1.09736310e+02
 2.87379659e+01
 5.44422584e+01
 1.04239595e+02
 8.97394235e+01
 8.68049468e+01
 1.00118959e+02
 2.37628813e+01
 1.57582064e+01
 9.56154289e+01
 2.82018238e+01
 3.56681218e+01
 6.41757536e+01
 4.85337122e+01
 2.75787952e+01
 6.27696024e+01
 1.24037235e+02
 9.19369554e+01
 8.54448632e+01
 1.77092347e+02
 2.01787893e+02
 7.04866377e+01
 7.63644714e+01
 5.94669140e+01
 1.29538945e+02
 9.35724016e+01
 4.94961721e+01
 1.09955695e+02
 5.59197470e+01
 1.11579351e+02
 3.17786259e+02
 2.01856547e+01
 1.18430838e+02
 5.85317812e+01
 1.61832337e+02
 8.66360532e+01
 9.31349269e+01
 9.36759020e+01
 4.87829964e+01
 7.03644267e+01
 1.59323159e+02
 8.03319400e+01
 9.20395110e+01
 9.76539623e+01
 4.87382088e+01
 1.37099833e+02
 1.12838437e+02
 8.25936792e+01
 9.32939776e+01
 3.67321733e+01
 6.60020353e+01
 6.57317183e+01
 1.22625636e+02
 1.20281587e+02
 1.05727238e+02
 1.00940952e+02
 1.32752962e+02
 1.49156516e+02
 1.45095298e+02
 1.06642659e+02
 1.30354915e+02
 7.60124220e+01
 8.01618779e+01
 8.08527987e+01
 1.06259231e+02
 6.55762485e+01
 8.94942622e+01
 2.00444708e+01
 6.91707085e+01
 1.36119735e+02
 1.98084701e+02
 6.56842630e+01
 1.31025528e+01
 1.28506507e+01
 2.04934943e+01
 6.71631209e+01
 4.45402448e+01
 8.24038913e+01
 4.45476612e+01
 5.96515783e+01
 7.16518478e+01
 1.66561087e+02
 4.54117710e+01
 7.29076038e+01
 9.43335804e+01
 9.67521001e+01
 3.63321273e+01
 6.31511857e+01
 3.25737521e+01
 5.30880793e+01
 1.24554809e+02
 4.64660726e+01
 4.93920871e+01
 5.08088014e+01
 1.44288557e+02
 3.87896654e+01
 7.10312353e+01
 4.40051862e+01
 5.09626781e+01
 5.19874987e+01
 1.91031364e+02
 3.04572856e+01
 6.04122874e+01
 2.84145150e+01
 7.09883765e+01
 4.29065878e+01
 1.69850887e+02
 7.29714141e+01
 1.43503354e+01
 3.33110778e+01
 3.92704462e+01
 4.13459322e+01
 7.07854772e+01
 9.62694524e+01
 9.78195132e+01
 5.51653167e+01
 8.91895088e+01
 9.26952953e+01
 1.23695121e+02
 1.26389515e+02
 8.75772533e+01
 6.86832376e+01
 7.15418413e+01
 5.78568914e+01
 7.14624028e+01
 3.41849505e+01
 1.08284567e+02
 7.19847551e+01
 5.00447329e+01
 1.06424862e+02
 8.43338390e+01
 3.33237056e+01
 4.31280493e+01
 1.26968673e+02
 8.87501737e+01
 1.05766980e+02
 6.82912758e+01
 1.31663217e+02
 8.19851184e+01
 1.55864384e+02
 1.23265295e+02
 5.22265574e+01
 1.79430235e+02
 1.50212900e+02
 5.80854019e+01
 8.28801275e+01
 6.97134823e+01
 6.90342979e+01
 1.05014471e+02
 1.07897985e+02
 2.47673412e+01
 5.87657790e+01
 3.97969077e+01
 8.65088662e+01
 2.54668943e+02
 4.81429099e+01
 8.51473137e+01
 2.45481034e+01
 3.59031842e+01
 2.51443681e+01
 1.53037313e+02
 4.64756022e+01
 9.38367440e+01
 1.68230525e+02
 8.28272129e+00
 1.37725066e+02
 9.69884984e+01
 1.01635425e+02
 1.82543563e+01
 2.55190893e+01
 6.70475367e+01
 7.84123161e+01
 1.49563726e+02
 1.11845907e+02
 6.81550128e+01
 1.02743029e+02
 7.12229819e+01
 4.98740977e+01
 9.09845903e+01
 9.70713466e+01
 7.95269572e+01
 5.96341950e+01
 9.85241224e+01
 7.49410246e+01
 1.58202908e+02
 4.32665354e+01
 3.03884564e+01
 1.32758431e+01
 6.12963494e+01
 6.01428825e+01
 7.85454137e+01
 6.55761427e+01
 7.75809612e+01
 5.10588991e+01
 4.55024727e+01
 1.56792428e+02
 9.02167613e+01
 5.32137666e+01
 5.85539739e+01
 2.08556069e+02
 1.13401199e+02
 3.16237653e+01
 8.91837014e+01
 5.96298535e+01
 8.37184006e+01
 5.91980845e+01
 8.60181150e+01
 8.02154363e+01
 4.89882253e+01
 3.63428387e+01
 8.89666644e+01
 3.38236590e+01
 6.22735129e+01
 6.47871222e+01
 1.58199671e+02
 1.03928318e+02
 3.07750654e+01
 8.07586184e+01
 3.76538788e+01
 1.41413776e+02
 1.17230910e+02
 1.53687544e+02
 8.93427845e+01
 5.09786576e+01
 1.27481303e+02
 7.08316966e+01
 1.12297004e+02
 4.67575165e+01
 6.40715030e+01
 1.11807789e+02
 9.46829706e+01
 4.30615809e+01
 9.72774785e+01
 8.12140950e+01
 1.01296816e+02
 2.49769279e+01
 7.19808429e+01
 7.57838470e+01
 1.35884720e+02
 1.34042734e+02
 1.19182312e+02
 2.59911940e+01
 8.16616472e+01
 8.35208710e+01
 1.37470277e+02
 1.12392660e+02
 9.03897858e+01
 4.96694393e+01
 6.82158976e+01
 1.41912345e+02
 8.40661529e+01
 2.81591878e+01
 5.40345639e+01
 1.18417031e+02
 9.49740373e+01
 9.44824195e+01
 6.69862276e+01
 6.07636275e+01
 1.59242253e+02
 5.89497255e+01
 2.51605577e+01
 1.03992713e+02
 1.33382198e+02
 8.73233703e+01
 1.63341540e+02
 3.27643928e+01
 9.91850069e+01
 5.95882766e+01
 9.22306404e+01
 4.73930645e+01
 1.45529442e+02
 1.28574361e+02
 1.15154343e+02
 1.42870274e+02
 1.40106507e+02
 7.02338715e+01
 7.04361179e+01
 8.23883107e+01
 2.36081104e+01
 8.74062662e+01
 9.81371789e+01
 6.82534850e+01
 6.79360094e+01
 1.07950885e+02
 2.43058709e+01
 1.53836475e+02
 1.57935152e+02
 8.93803899e+01
 4.14788057e+01
 6.51372635e+01
 1.24744153e+02
 1.40683875e+02
 1.39164180e+02
 5.16664498e+01
 1.07250767e+02
 4.75835054e+01
 1.49221068e+02
 1.00622257e+02
 1.08585363e+02
 7.74969535e+01
 4.47113750e+01
 4.89810429e+01
 8.28060762e+01
 7.89496323e+01
 5.29830362e+01
 1.28941680e+02
 1.07090576e+02
 1.44403051e+01
 3.56626419e+01
 7.21906351e+01
 1.52652794e+02
 5.42889425e+01
 8.77049382e+01
 4.44239671e+01
 8.15317004e+01
 8.42462115e+01
 7.51531172e+01
 1.05238000e+02
 1.06844443e+02
 5.94485092e+01
 1.33018875e+02
 1.96030074e+02
 1.56695690e+02
 1.34004573e+02
 9.86922984e+01
 7.13563231e+01
 5.46666750e+01
 4.64490938e+01
 7.86543665e+01
 1.95213486e+02
 1.49454144e+02
 7.19237677e+01
 1.07009940e+02
 1.25393981e+02
 1.10699783e+02
 2.18091681e+02
 1.45563418e+02
 7.00807849e+01
 6.26423554e+01
 8.15496479e+01
 7.43509329e+01
 8.55961401e+01
 1.98008318e+02
 9.37015188e+01
 1.29964123e+02
 1.64736999e+02
 6.10704015e+01
 5.71308524e+01
 1.12923414e+02
 7.64440405e+01
 6.22235995e+01
 6.64501260e+01
 1.32107942e+02
 7.94638504e+01
 5.72180106e+01
 1.66658590e+01
 2.83706867e+01
 9.52867116e+01
 7.97754039e+01
 1.70586085e+01
 1.22157426e+02
 1.00293875e+02
 3.42845706e+01
 2.91510758e+01
 6.89867401e+01
 1.29347389e+02
 7.87804125e+01
 3.67142517e+01
 3.91161531e+01
 1.10138575e+02
 5.68492683e+01
 1.14478275e+02
 9.05991191e+01
 8.51239866e+01
 2.43672449e+01
 9.95578156e+01
 3.48298550e+01
 6.55098093e+01
 2.51726036e+01
 4.98283048e+01
 4.69258513e+01
 7.10117273e+01
 9.57755992e+01
 1.40665341e+02
 5.59935583e+01
 3.59052300e+01
 2.63770408e+01
 3.21212499e+01
 7.09594588e+01
 8.14610071e+01
 1.59423830e+02
 1.67573567e+02
 7.82367774e+00
 1.07085842e+02
 4.66683281e+01
 9.96995101e+01
 2.22126413e+01
 7.89605553e+01
 2.42029786e+01
 9.51015021e+01
 4.37977171e+01
 1.17525497e+02
 3.03658016e+01
 5.71621956e+01
 1.09283528e+02
 8.16846901e+01
 3.94921482e+01
 9.08634650e+01
 8.98800927e+01
 3.68469645e+01
 1.14358403e+02
 5.18596920e+01
 5.19816319e+01
 9.92509490e+01
 8.89969241e+01
 7.21644289e+01
 8.20393599e+01
 3.97892050e+01
 1.06367335e+02
 8.20045058e+01
 8.78913986e+01
 7.45609272e+01
 1.10767763e+02
 9.64604438e+01
 1.27737426e+02
 1.43913005e+02
 4.85798936e+01
 1.33174038e+02
 2.53488842e+01
 1.39663847e+02
 9.29248763e+01
 1.50068164e+02
 5.81090213e+01
 6.15808877e+01
 5.51225976e+01
 1.24532809e+02
 1.50338870e+02
 9.57560041e+01
 9.55238105e+01
 7.30081927e+01
 3.66084518e+01
 8.32904448e+01
 7.27227872e+01
 5.73104494e+01
 1.15170109e+02
 1.13400274e+02
 8.51975979e+01
 8.76813481e+01
 1.33221601e+02
 7.32053569e+01
 8.59037284e+01
 1.09708491e+02
 3.64617905e+01
 5.98447456e+01
 1.40088812e+02
 8.23359954e+01
 5.83293177e+01
 7.86578445e+01
 8.21843209e+01
 1.09243100e+02
 1.77708243e+02
 8.88138791e+01
 2.05795297e+02
 1.24061708e+02
 8.38535981e+01
 2.23768848e+01
 7.18348589e+01
 1.34530492e+02
 1.11149691e+02
 5.64594805e+01
 4.05812757e+01
 8.15905579e+01
 5.25830355e+01
 9.08825028e+01
 8.16353731e+01
 4.60170806e+01
 6.69602809e+01
 1.15435865e+02
 1.14364751e+02
 3.53824367e+01
 1.23831088e+02
 6.94673586e+01
 3.41282803e+01
 1.23589058e+02
 7.29499806e+01
 6.63180514e+01
 4.89043675e+01
 1.44756842e+02
 5.16817393e+00
 1.61028019e+02
 7.81421063e+01
 4.53836743e+01
 5.98668273e+01
 3.61956878e+01
 6.31348416e+01
 1.25375233e+02
 9.68345777e+01
 7.72459346e+01
 1.66403367e+02
 3.16470673e+01
 1.07090678e+02
 1.31076943e+02
 6.39238332e+01
 9.02744425e+01
 3.46119431e+01
 1.24767298e+01
 5.43969288e+01
 1.02666442e+02
 1.22981643e+02
 6.60319687e+01
 5.22866761e+01
 6.44722965e+01
 9.02918628e+01
 4.96503653e+01
 1.59328967e+02
 1.35683134e+02
 9.74236248e+01
 1.45789341e+02
 1.11026345e+02
 1.32052186e+02
 8.20580096e+01
 1.47562499e+02
 7.44450784e+01
 1.18326617e+02
 6.77414105e+01
 6.57011232e+01
 1.53988243e+02
 7.00513466e+01
 7.86872176e+01
 8.99621076e+01
 9.34870030e+01
 9.45585880e+01
 6.84097310e+01
 1.72047488e+02
 1.00971352e+02
 2.18480636e+01
 3.19787396e+01
 8.38217202e+01
 1.03655152e+02
 9.17595732e+01
 3.80543827e+01
 1.76385525e+01
 5.87402347e+01
 1.27057848e+01
 7.11114787e+01
 1.08776345e+02
 2.19581790e+02
 9.17048153e+01
 5.19499845e+01
 8.26844961e+01
 1.14845228e+01
 7.99001399e+01
 9.33212315e+01
 5.76945619e+01
 2.30812298e+01
 7.43025661e+01
 1.30380375e+02
 8.01359597e+01
 1.47539116e+02
 2.79887648e+01
 9.82932929e+01
 2.12635407e+02
 7.01505857e+01
 7.70715824e+01
 8.70556590e+01
 5.53420234e+01
 7.19757877e+01
 5.64215132e+01
 6.43768338e+01
 1.24171610e+02
 9.98995600e+01
 1.42594549e+02
 2.65216821e+01
 7.66777251e+01
 1.28967959e+02
 4.66028373e+01
 6.46073381e+01
 5.90852202e+01
 5.69155941e+01
 1.37472665e+02
 1.21330946e+02
 1.59583323e+02
 1.79292630e+02
 1.87052703e+02
 2.02946821e+02
 6.12313318e+01
 8.60945243e+01
 1.83077530e+01
 5.35866388e+01
 8.61541281e+01
 1.49717413e+01
 2.46433726e+01
 7.24714593e+01
 5.16284483e+01
 4.23142884e+01
 2.37473056e+01
 9.78770503e+01
 1.80046304e+02
 7.34460669e+01
 6.32848295e+01
 9.89674290e+01
 1.24071676e+02
 4.61785038e+01
 9.43814136e+01
 1.08053936e+02
 2.66384757e+01
 7.98146320e+01
 1.94417361e+01
 9.63693280e+01
 1.48759585e+02
 3.69202780e+01
 1.18158730e+01
 5.70304913e+01
 9.30747482e+01
 8.32594860e+01
 1.33529995e+02
 1.25534586e+02
 8.67710573e+01
 5.67744120e+01
 2.73135764e+01
 2.97144327e+01
 1.63406137e+02
 1.37522057e+02
 7.58410519e+01
 5.92570793e+01
 7.29518824e+01
 7.57777133e+01
 1.34016637e+02
 1.19043551e+02
 9.96536280e+01
 1.23854931e+02
 1.88846820e+02
 1.28819091e+02
 2.11270863e+02
 7.05305467e+01
 7.91978674e+01
 8.01747797e+01
 2.95721075e+01
 4.79295196e+01
 7.19531554e+01
 5.52853868e+01
 4.89333950e+01
 1.17511640e+02
 1.35589352e+02
 6.01763881e+01
 7.12091557e+01
 1.09042024e+02
 8.39030603e+01
 4.49628862e+01
 1.00826411e+02
 7.43252054e+01
 1.58563562e+01
 5.61638616e+01
 9.09906023e+01
 2.04695272e+02
 1.73645849e+02
 1.13106747e+02
 4.82283330e+01
 1.06354444e+02
 5.26204995e+01
 8.64329126e+01
 8.13203871e+01
 4.89553860e+01
 9.47150955e+01
 1.00259697e+02
 1.21600656e+02
 1.23979997e+02
 4.06242846e+01
 7.75388088e+01
 6.49766910e+01
 1.10780444e+02
 1.30419206e+02
 6.32926193e+01
 5.42898119e+01
 2.66373282e+01
 5.36692579e+01
 1.42032441e+02
 1.69719928e+02
 8.44662928e+01
 7.80419676e+01
 4.15845959e+01
 7.66841184e+01
 8.31192638e+01
 5.36918906e+01
 1.63341920e+02
 7.59794630e+01
 5.28550071e+01
 3.81427361e+01
 1.01589399e+02
 4.65971972e+01
 1.19477513e+02
 1.15379019e+02
 5.40804775e+01
 8.29798136e+01
 5.20746779e+01
 2.98180032e+01
 3.56519527e+01
 3.30655519e+01
 1.52677313e+00
 7.03387806e+01
 1.16162310e+01
 1.00933644e+02
 1.56399320e+01
 1.78399041e+00
 7.32307302e+01
 1.11505053e+02
 1.79382860e+02
 9.82232244e+01
 1.17457504e+02
 1.06120413e+02
 9.41743521e+01
 1.38045844e+02
 7.65764555e+01
 7.67574697e+01
 8.04485679e+01
 7.75229408e+01
 1.87719755e+02
 6.26156786e+01
 1.29293320e+02
 8.25633535e+01
 1.22482641e+02
 4.60467120e+01
 9.22550832e+01
 1.33130960e+02
 7.18729883e+01
 9.34426900e+01
 1.43141122e+02
 1.55595794e+01
 2.35191093e+01
 3.39113538e+01
 1.07426338e+02
 1.29242132e+02
 1.33708864e+02
 4.32003885e+01
 2.47171946e+01
 7.90803524e+01
 4.74657768e+01
 4.69147821e+01
 6.09513611e+01
 7.46669562e+01
 6.69363497e+01
 1.06820737e+02
 8.19391920e+01
 1.03434327e+02
 1.10729025e+02
 3.70630174e+01
 1.59220216e+02
 7.69590674e+01
 7.23204106e+01
 6.50977371e+01
 1.20371565e+02
 2.04265588e+02
 1.70389397e+02
 2.24791912e+02
 2.40994246e+02
 1.42331974e+02
 1.83609832e+01
 9.11292881e+01
 7.16914318e+01
 2.58104776e+01
 3.11173794e+01
 9.67177721e+01
 4.66743470e+01
 4.99743571e+01
 1.83869789e+01
 9.57562889e+01
 4.46087808e+01
 5.78030585e+01
 9.82472040e+01
 1.15237810e+02
 1.02163978e+02
 1.40518486e+01
 4.20237942e+01
 1.21865916e+02
 1.69170099e+02
 4.09664341e+01
 3.91244671e+01
 1.51338950e+01
 4.28804747e+01
 7.76016225e+01
 1.01380784e+02
 1.11658502e+02
 4.82800326e+01
 7.83074857e+01
 1.52000496e+02
 4.22258900e+01
 4.13431957e+01
 4.55614480e+01
 3.54936134e+01
 4.01904127e+01
 1.95171373e+02
 7.44058983e+01
 3.11861462e+01
 5.43829690e+01
 1.19958778e+02
 3.31695370e+01
 6.65400925e+01
 4.12977191e+01
 1.46295612e+01
 1.85477348e+01
 7.62352664e+01
 9.13112315e+01
 1.91188796e+01
 3.26526900e+01
 4.80329603e+01
 7.89729545e+01
 5.20252226e+01
 1.18741251e+02
 3.67843037e+01
 9.48568507e+01
 6.14551444e+01
 6.23480250e+01
 1.50993441e+01
 2.18579589e+02
 1.60440724e+02
 1.07659947e+02
 7.66650434e+01
 5.67827413e+01
 5.33348816e+01
 4.38844634e+01
 1.67495188e+02
 6.51292344e+01
 1.30687847e+02
 9.76418213e+01
 4.04885098e+01
 1.47846739e+02
 6.66880248e+01
 8.99551737e+01
 6.95035282e+01
 2.99864330e+01
 4.37644076e+01
 5.56812497e+01
 7.16499254e+01
 7.16398578e+01
 2.81737637e+01
 6.77020193e+00
 4.70332687e+01
 9.48309393e+01
 1.46191416e+02
 5.81252034e+01
 7.99680128e+01
 1.11987273e+02
 7.94458550e+01
 9.33303226e+01
 7.30418158e+01
 7.67274242e+01
 6.63427395e+01
 6.73215578e+01
 1.64824698e+02
 5.11772175e+01
 8.18422883e+01
 4.07867667e+01
 9.98851336e+00
 6.75053679e+01
 5.94101843e+01
 3.10887553e+01
 1.04823068e+02
 1.50897721e+02
 1.07910493e+02
 1.11400910e+02
 1.06705470e+02
 1.89991181e+02
 6.01332662e+01
 7.31512327e+01
 8.38222810e+01
 7.36713960e+01
 7.75228545e+01
 8.45892770e+01
 7.85974209e+01
 1.27104085e+02
 6.21454318e+01
 8.49920534e+01
 9.96136790e+00
 1.02841259e+02
 1.03133480e+02
 1.55734502e+02
 5.58844990e+01
 1.50680927e+02
 1.26141778e+02
 7.25395958e+01
 8.25214953e+01
 6.44172382e+01
 3.12802364e+01
 1.67315041e+02
 3.86141709e+01
 9.43647756e+01
 4.71565335e+00
 6.86693997e+01
 2.24776454e+01
 5.32516171e+01
 1.63427003e+01
 6.12302609e+01
 1.12705446e+02
 1.37337555e+02
 2.22516879e+02
 5.93210046e+01
 5.56658835e+01
 2.73021980e+02
 8.11152279e+01
 3.09038287e+01
 1.27903645e+02
 2.24726808e+01
 1.01710612e+02
 1.04265046e+02
 4.03552522e+01
 7.63136274e+01
 1.74387520e+02
 1.05915878e+02
 4.06494411e+01
 1.59938292e+02
 3.71805758e+01
 9.03178565e+01
 9.98179112e+01
 8.41117546e+01
 2.44128230e+01
 7.04252047e+01
 1.13927698e+02
 8.94321627e+01
 1.46387888e+02
 8.39421609e+01
 5.35552438e+01
 3.55355034e+01
 1.02464810e+02
 5.71211588e+01
 7.47119928e+01
 4.62418251e+01
 4.91284576e+01
 9.85034897e+01
 8.38473217e+01
 5.83672120e+01
 3.08731234e+01
 7.52214071e+01
 1.64193835e+02
 5.74041564e+01
 1.61762950e+02
 5.91880654e+01
 4.50074502e+01
 7.30075642e+01
 1.41334748e+02
 4.10238260e+01
 5.07119637e+01
 1.22251641e+02
 1.25402760e+02
 1.01220603e+02
 5.70045334e+01
 9.86424474e+01
 1.56494594e+02
 3.01928196e+01
 7.90881866e+01
 6.18989550e+01
 1.02955064e+02
 1.51567930e+02
 6.37771322e+01
 1.23080287e+02
 5.80365883e+01
 1.36236965e+01
 5.07364421e+01
 2.42265843e+01
 1.94722624e+02
 1.62783799e+02
 5.28309312e+01
 1.08315436e+02
 6.98364322e+01
 1.02291260e+02
 9.89357658e+01
 6.67007553e+01
 4.66256193e+01
 6.72159625e+01
 1.07661021e+02
 8.27635730e+01
 9.93659180e+01
 1.08317900e+02
 5.29123274e+01
 9.56435003e+01
 3.55688343e+01
 3.89190400e+01
 4.33077341e+01
 1.55499765e+02
 7.68740974e+01
 8.65426978e+01
 2.61521594e+01
 1.08820283e+02
 5.73620297e+01
 1.40051047e+02
 9.96417306e+01
 9.53315571e+01
 1.01065666e+02
 7.80016617e+01
 4.78938401e+01
 5.42655153e+01
 8.63180102e+01
 1.22273516e+02
 1.37055233e+02
 8.54497572e+01
 7.31414219e+01
 7.90652442e+01
 6.38664510e+01
 3.67288774e+01
 1.78862469e+01
 8.91852117e+01
 1.11660399e+01
 6.26219814e+01
 1.39207976e+01
 3.69139688e+01
 3.47290874e+01
 5.14629592e+01
 1.33471901e+02
 1.52835349e+02
 3.63207199e+01
 7.52082284e+01
 7.06417852e+01
 7.05487922e+01
 5.68508487e+01
 1.30310317e+02
 1.20539715e+02
 5.87908600e+01
 1.54813817e+01
 1.49949162e+02
 5.67971247e+00
 1.14384856e+02
 8.88793585e+01
 7.44259880e+01
 3.91367414e+01
 2.77931036e+01
 1.02609167e+02
 1.78358867e+02
 1.45627897e+02
 1.81357357e+02
 5.31948633e+01
 1.73766748e+02
 8.33642173e+01
 9.38597994e+01
 7.55786646e+01
 7.59117815e+01
 9.10792523e+01
 1.52256799e+02
 1.22701102e+02
 6.64387597e+01
 8.77505802e+01
 1.11379123e+02
 2.51142374e+01
 7.25936439e+01
 2.38465308e+01
 1.34765394e+02
 1.88479841e+01
 9.07350279e+01
 7.89889600e+01
 6.79238857e+01
 6.12858257e+01
 1.47742597e+02
 5.49977215e+01
 1.04591936e+02
 1.08966099e+02
 1.35086577e+02
 1.02795910e+02
 8.31123095e+01
 6.07058360e+01
 6.13767322e+01
 1.09447165e+02
 3.81437933e+01
 1.97723342e+01
 4.69645640e+01
 1.46743732e+01
 6.12298468e+01
 5.01897571e+01
 1.22607607e+02
 1.38466900e+02
 9.93655217e+01
 7.37046717e+01
 9.43578819e+01
 7.72344634e+01
 7.12084634e+01
 7.20619535e+01
 5.59128491e+01
 1.41206536e+02
 4.17341980e+00
 1.64020470e+02
 3.26935981e+01
 2.04090899e+02
 1.56332322e+02
 5.35799058e+01
 1.19724008e+02
 6.90014507e+01
 9.05799723e+01
 9.07340337e+01
 8.49407417e+01
 8.68307470e+01
 5.75168369e+01
 5.77269703e+01
 9.26850925e+01
 5.35948092e+01
 7.10271070e+01
 6.42721555e+01
 4.53996739e+01
 3.28826772e+01
 8.60402602e+01
 1.22821094e+02
 1.20795737e+02
 5.77119116e+01
 4.63960038e+01
 3.32089684e+01
 7.34791720e+01
 7.94372786e+01
 3.34980997e+01
 1.15712516e+02
 1.30841460e+02
 6.41633703e+01
 5.67668879e+01
 7.29705419e+01
 6.61047756e+01
 1.85424330e+02
 3.01704599e+01
 2.12953593e+01
 2.36578171e+02
 9.65246663e+01
 1.19894312e+02
 9.03630424e+01
 4.29882771e+01
 1.01898751e+02
 7.86391701e+01
 7.26637862e+01
 6.58085153e+01
 1.28318263e+02
 1.57296259e+02
 6.63152452e+01
 7.69262162e+00
 1.31447262e+02
 9.98112420e+01
 8.51196701e+01
 6.79791985e+00
 4.11693980e+01
 1.73441252e+01
 4.89174370e+01
 6.34196952e+01
 1.61931681e+02
 1.57363707e+02
 1.72628365e+02
 8.70796706e+01
 7.72205223e+01
 9.04552935e+01
 1.09335346e+02
