 1.76808408e+02
 1.30745334e+02
 9.68334817e+01
 1.05013971e+02
 3.87413589e+01
 2.50010643e+01
 7.26634379e-01
 3.36117546e+01
 2.50709526e+02
 1.07732357e+02
 2.02627107e+02
 8.88177474e+01
 9.86248702e+01
 2.26485384e+02
 1.79240014e+02
 1.60715049e+02
 1.00215660e+02
 1.33310230e+01
 5.20775134e+01
 6.08574521e+01
 2.79287345e+01
 5.46372085e+01
 2.76567186e+02
 1.66039809e+02
 3.96532768e+01
 5.30766603e+01
 6.93078938e+01
 2.00283290e+01
 7.02274266e+01
 5.82148462e+01
 5.51399507e+00
 1.40102614e+01
 6.00308537e+01
 2.27104598e+02
 1.70297262e+02
 1.26628278e+02
 5.80434055e+01
 5.32260748e+01
 6.94858039e+01
 8.10709336e+01
 6.98754601e+01
 1.99967429e+00
 4.93458959e+01
 6.91549720e-01
 1.30246304e+02
 3.30795169e+02
 6.90040341e+01
 1.89988890e+02
 1.24726500e+02
 4.95769565e+01
 8.41352570e+01
 4.59504476e+01
 9.24281681e+01
 4.22497425e+01
 1.34892834e+01
 2.77181895e+01
 2.15202212e+02
 9.32674350e+01
 6.94687080e+01
 1.84619382e+02
 2.20593493e+01
 4.52635300e+01
 1.13254991e+02
 7.41324293e+01
 7.29245164e+01
 7.43206944e+00
 4.71544872e+00
 6.03462253e+01
 2.61557639e+01
 1.02386878e+02
 1.74192986e+02
 1.76700386e+02
 6.07989055e+01
 7.32515980e+01
 2.06891167e+01
 7.46884575e+01
 8.41955527e+01
 3.12743641e+01
 2.39664766e+01
 1.33860519e+02
 4.18501945e+01
 1.76376926e+02
 1.37337517e+02
 1.28871650e+02
 1.51988265e+02
 3.95589253e+01
 7.58353169e+00
 3.11074146e+01
 1.08083023e+02
 3.53593977e+01
 4.21507250e+01
 4.24316873e+01
 1.53903737e+02
 6.83068867e+01
 1.64956445e+02
 5.37328519e+01
 1.22642705e+02
 3.15209977e+01
 7.80134129e+01
 3.43436439e+01
 1.45745842e+01
 1.01342109e+01
 5.07762949e+01
 2.47929595e+01
 1.07614345e+02
 1.68246661e+02
 8.80730927e+01
 1.17712201e+02
 3.67130727e+01
 4.34870881e+01
 8.02428851e+01
 4.39385865e+01
 1.37592654e+01
 1.97520699e+01
 1.67582254e+00
 8.78238011e+00
 1.02125700e+02
 1.07255741e+02
 3.71427414e+02
 2.15289635e+02
 6.40267148e+01
 6.82679007e+01
 4.37350884e+01
 1.12336568e+02
 8.74645839e+01
 7.49343919e+01
 4.05868044e+01
 1.01809785e+01
 7.05694252e+01
 5.89677226e+01
 2.44695838e+01
 6.51411757e+01
 1.11317063e+02
 3.01844011e+01
 1.29365298e+02
 1.66674828e+02
 1.26638022e+02
 1.66571627e+01
 4.34982273e+01
 2.00909848e+01
 1.99414938e+01
 1.68178356e+02
 4.58349722e+01
 3.44418554e+02
 1.36021672e+02
 1.12733431e+02
 1.08408442e+02
 4.58848692e+01
 4.68037009e+01
 4.82205017e+01
 1.59007984e+01
 1.01229307e+01
 1.07414984e+02
 1.59788853e+02
 1.37414312e+02
 2.02722339e+02
 1.22834135e+02
 6.82242565e+01
 1.88599472e+01
 7.81308281e+01
 9.83893099e+01
 4.22019626e+01
 1.29629231e+01
 1.02073019e+01
 7.70445665e+01
 7.35658446e+01
 1.13621008e+02
 2.44444233e+02
 5.80088047e+01
 1.60251438e+01
 2.08460895e+01
 3.52886896e+01
 1.28944135e+02
 3.16106557e+01
 9.01579491e+00
 3.83823036e+01
 4.75739112e+01
 1.29672896e+02
 6.16418760e+00
 9.28665587e+01
 4.82841742e+01
 1.13321989e+02
 1.80084640e+02
 4.28713822e+01
 1.33969535e+02
 7.24499656e+00
 1.49021117e+01
 1.23550447e+01
 8.08983995e+01
 1.44848766e+02
 1.14904738e+01
 1.57387911e+02
 8.13146089e+01
 5.35079224e+01
 1.15557889e+02
 1.33620206e+01
 5.39311707e+01
 9.40879095e+00
 6.37580933e+01
 9.48289148e+01
 3.05547698e+02
 1.48966146e+02
 1.78505255e+02
 3.09947674e+01
 7.98650142e+01
 8.43093747e+01
 1.67889895e+02
 1.08120397e+02
 8.21520002e+01
 2.21799491e+01
 3.30450092e+01
 2.50479687e+01
 1.16628665e+01
 2.02518788e+02
 1.16749678e+02
 4.97984445e+01
 5.99552878e+01
 8.38776594e+01
 4.83327430e+01
 1.07507423e+02
 6.67851283e+01
 2.55359772e+01
 6.70021604e+01
 3.55576604e+01
 2.29084605e+02
 1.80997747e+02
 2.59738086e+02
 1.24201934e+02
 4.97493446e+01
 4.09223892e+01
 1.72693435e+02
 7.79707552e+01
 9.03571376e+01
 4.45280146e+01
 1.48039583e+01
 1.54556686e+01
 4.53007831e+01
 1.26588610e+02
 1.77701793e+02
 4.84418803e+01
 1.21003566e+02
 1.20194981e+01
 9.05527671e+01
 1.24167043e+02
 1.86719667e+01
 4.98586142e+01
 3.29796540e+01
 1.31991520e+02
 1.44589675e+02
 1.19955174e+02
 1.28690706e+02
 1.12614316e+02
 1.88545186e+02
 7.00172267e+01
 1.20472900e+02
 4.69487307e+01
 3.11503883e+01
 1.46281798e+01
 3.15557103e+01
 1.98057084e+01
 1.21153622e+02
 3.71129820e+01
 1.15891279e+02
 9.98270413e+01
 2.11966378e+02
 1.54608123e+02
 5.80666643e+01
 3.60843014e+01
 2.29471533e+01
 4.79865829e+00
 6.00714005e+00
 3.24735234e+01
 1.10129806e+02
 1.41439909e+02
 1.44020304e+02
 1.23889036e+02
 1.21543829e+02
 4.09276566e+01
 9.71938232e+01
 2.21198257e+02
 7.55068468e+01
 1.10525507e+01
 2.60457182e+00
 2.28041290e+01
 1.51798324e+02
 1.33649397e+02
 1.81830731e+02
 1.43983581e+02
 1.34576028e+02
 9.77446971e+01
 1.28093058e+02
 1.04950736e+02
 4.56715353e+01
 4.01352781e-01
 3.60073613e+01
 4.18357320e+01
 3.00431476e+02
 9.04564286e+01
 2.49678461e+01
 4.44515425e+01
 6.28619849e+01
 1.06188525e+02
 6.92998599e+01
 6.44600457e+01
 4.69416998e+01
 5.29196077e+01
 1.51674142e+01
 6.00696917e+01
 1.47058393e+02
 1.54545344e+02
 1.43435204e+02
 1.20747670e+02
 1.36145459e+02
 6.64876611e+01
 7.09388236e+01
 1.01972431e+02
 7.88550181e-01
 1.04106797e+01
 3.98200399e+01
 4.39492851e+01
 4.88334661e+01
 1.05514271e+02
 4.23158066e+01
 6.97077421e+01
 7.33512289e+01
 1.19522248e+02
 1.78911155e+02
 1.32316129e+02
 1.08844652e+01
 1.51533455e+02
 8.25844859e+01
 1.49564299e+02
 1.82938184e+01
 1.08266833e+02
 1.05529122e+02
 1.05930825e+02
 1.27759337e+02
 1.36751963e+02
 6.97336123e+01
 4.39863524e+01
 4.70846291e+01
 3.50906317e+01
 4.62772657e+00
 6.26624578e+01
 1.22937107e+02
 2.78383399e+01
 1.47265043e+02
 1.00905805e+02
 7.81690288e+01
 8.08159329e+01
 7.36856807e+01
 5.69625663e+01
 3.56353003e+01
 1.59497546e+01
 3.95599321e+01
 8.43601635e+00
 4.54042451e+01
 5.04897445e+01
 3.61216828e+01
 2.17086460e+02
 1.63196287e+02
 7.67976874e+01
 7.99321599e+01
 1.08877785e+02
 8.25746348e+01
 8.86120050e+00
 7.50475724e+00
 4.68850338e+01
 1.72386870e+02
 1.87694596e+02
 1.24292929e+02
 1.25549650e+02
 9.05190627e+01
 1.27651994e+02
 5.47725619e+01
 6.83420497e+01
 1.08626677e+02
 6.58826202e+01
 1.14870647e+01
 4.10439473e+01
 6.41671610e+01
 1.92406484e+02
 1.20485787e+02
 1.85309625e+02
 1.60445869e+02
 1.32553200e+02
 1.20709162e+02
 1.20363343e+02
 2.25810361e+01
 5.23968143e+00
 1.72239912e+02
 3.88292226e+01
 2.51117801e+01
 1.10032078e+02
 1.41607560e+02
 2.73588678e+02
 1.80128760e+02
 1.73738589e+02
 5.04730385e+01
 9.53621393e+01
 5.03336511e+01
 7.46859692e+00
 3.02413862e+00
 1.07155475e+02
 1.11932527e+02
 1.82516518e+02
 1.57139065e+02
 7.97307716e+01
 5.66431640e+01
 7.76309396e+01
 9.75798790e+01
 9.26796139e+01
 1.09332140e+02
 2.31749295e+01
 2.58843277e+00
 2.77745170e+01
 2.91449012e+01
 7.73341954e+01
 3.97463992e+01
 1.05300688e+00
 1.41368096e+02
 1.38189201e+02
 6.45306726e+01
 9.66703700e+01
 8.33286908e+01
 5.64125071e+01
 1.53257840e+01
 1.30194527e+01
 1.32149244e+02
 1.56518282e+02
 2.15716826e+02
 1.31079300e+02
 1.11132357e+02
 4.66821893e+01
 1.09140613e+02
 5.72858946e+01
 1.44267364e+02
 6.17185473e+01
 2.01489096e+00
 3.26939248e-01
 1.03120084e+02
 3.37030331e+02
 2.90449070e+02
 1.83897296e+02
 1.16913908e+02
 1.74852268e+02
 2.44607697e+02
 1.21176932e+02
 4.42601614e+01
 9.20966074e+01
 9.66334455e+00
 5.94629205e+00
 1.05137037e+02
 5.54473216e+01
 6.66403531e+01
 1.46505883e+02
 2.44374135e+02
 1.21662589e+02
 1.76071550e+02
 6.87879303e+01
 6.54288759e+01
 1.03949357e+01
 1.38775596e+01
 3.80996166e+01
 7.72022678e+01
 7.81997613e+01
 1.83780876e+02
 1.27723119e+02
 1.78948650e+02
 1.78991113e+02
 1.75616370e+02
 4.45580904e+01
 5.52328910e+01
 2.64274814e+01
 6.77437150e+01
 1.16994003e+01
 1.07248211e+02
 2.57149561e+02
 4.03648846e+01
 3.54086265e+01
 1.93967954e+02
 7.37511691e+01
 9.53943277e+01
 1.23789263e+02
 5.14667034e+01
 4.65201252e+01
 2.16759316e+01
 1.78131873e-02
 5.25444306e+01
 4.96497613e+01
 1.73348109e+02
 1.66561326e+02
 6.27536467e+01
 4.57285528e+01
 9.22867734e+01
 1.44689610e+02
 8.56351062e+01
 3.34655628e+01
 1.13428505e+01
 1.28130387e+02
 1.18842219e+02
 1.14219575e+02
 1.76784384e+02
 2.78205562e+02
 9.97520518e+01
 4.30780678e+00
 1.33240501e+02
 1.26866749e+02
 9.19258181e+01
 2.29103502e+01
 2.60371051e+01
 6.64907047e+01
 1.39790006e+02
 1.78609891e+02
 7.16542300e+01
 1.74000256e+02
 1.21762494e+02
 1.44065900e+02
 7.08660898e+01
 4.15824021e+01
 1.56718664e+01
 6.37799092e+01
 3.42147183e+00
 1.30829778e+00
 1.75766774e+02
 1.48383155e+02
 1.51780455e+02
 3.03220449e+00
 2.56900973e+02
 2.20008302e+01
 9.77854473e+01
 8.19334723e+01
 6.09086712e+01
 1.08995323e+01
 3.56248694e+01
 9.01083489e-02
 8.42911466e+01
 3.19099491e+02
 1.80628471e+02
 1.65552416e+02
 2.45312576e+02
 8.93347800e+01
 1.65728212e+01
 1.54387541e+01
 9.61615965e+01
 1.10974841e+01
 3.65239643e+00
 4.11817172e+01
 1.02074469e+02
 2.40420210e+02
 9.77453679e+01
 2.31906150e+02
 1.58626106e+02
 1.35248171e+02
 1.23674922e+02
 9.35423789e+01
 3.39463647e+01
 1.85988001e+01
 8.86844062e+00
 1.35771276e+01
 1.63504639e+02
 1.48439621e+02
 1.78676667e+02
 1.28564159e+02
 1.97413965e+02
 3.53021190e+00
 8.25669663e+01
 9.27208308e+01
 1.33985729e+02
 1.31770394e+01
 1.99123146e+01
 1.25923822e+00
 8.33936711e+01
 2.01710663e+02
 6.00606042e+01
 1.19644507e+02
 2.16620582e+02
 1.17495607e+02
 6.09945691e+01
 7.44294912e+01
 1.00593313e+01
 5.01777321e+01
 6.47316515e+00
 4.12741192e+01
 3.70177981e+01
 7.12600820e+01
 2.38668765e+01
 7.83229640e+01
 3.56341627e+01
 8.85267163e+01
 8.41227263e+01
 6.18435701e+01
 3.50289433e+01
 8.60174098e+00
 5.29848298e+00
 5.97529106e+01
 8.25129237e+01
 7.88861796e+01
 1.98849234e+02
 1.81699448e+02
 1.86106253e+02
 1.36448161e+02
 1.00011563e+02
 7.40437482e+01
 1.65763972e+01
 7.36728710e+01
 5.13509938e+01
 2.37907174e+01
 9.82342759e+01
 2.40994071e+02
 7.49120013e+01
 6.41703749e+01
 2.65498539e+02
 9.07809424e+01
 1.40228433e+02
 8.12845716e+01
 6.70865237e+01
 8.73393818e+01
 9.22972969e+00
 4.63700891e+00
 1.41081457e+01
 1.47637459e+02
 1.72565656e+02
 2.16590376e+02
 6.65992086e+01
 2.25284083e+02
 1.79925540e+02
 2.25576439e+01
 6.76072361e+01
 2.97192277e+01
 8.54751530e+00
 9.01605677e+00
 5.87121042e+01
 1.11630283e+02
 1.11022359e+02
 2.16072854e+02
 4.08913795e-01
 8.99132168e+01
 2.61162407e+01
 7.17252729e+01
 4.38198366e+01
 1.28616792e+01
 4.40190421e+01
 4.56759299e+01
 8.23845015e+01
 1.40139558e+02
 1.24432695e+02
 1.46119486e+02
 2.04417146e+02
 1.34837992e+02
 1.00807644e+02
 1.00690490e+02
 9.44852062e+01
 6.49123054e+00
 2.04951510e+01
 2.74587663e+01
 0.00000000e+00
 1.11162777e+02
 1.90104431e+02
 1.66615833e+02
 6.79017864e+01
 5.00036773e+01
 2.12876191e+02
 9.99934886e+01
 8.78941172e+01
 4.05687534e+01
 8.12132473e+00
 9.65169929e+00
 4.31655870e+01
 1.37345077e+02
 2.89316098e+02
 1.37720035e+02
 1.41846008e+02
 1.75509174e+02
 1.69299028e+02
 2.17781464e+02
 6.74096919e+01
 7.70913658e+01
 9.36713174e+00
 3.44887965e+01
 8.35482889e+01
 1.45701314e+02
 1.31928090e+02
 1.42152290e+02
 1.51977225e+02
 1.10071991e+02
 8.82450363e+01
 8.79600691e+01
 1.99671135e+02
 1.72064311e+01
 7.13302678e+01
 5.62221858e+01
 1.36604240e+02
 7.99553602e+01
 8.43001236e+01
 1.69845314e+02
 2.01421482e+02
 8.69373176e+01
 7.69711792e+01
 1.14549582e+02
 4.43155314e+01
 2.02160330e+01
 1.14832317e+01
 2.71234741e+01
 1.98735023e+02
 1.48970385e+02
 4.72482774e+01
 1.62570491e+02
 2.52448586e+02
 7.24930576e+01
 5.94456932e+01
 5.95814511e+01
 8.91368914e+01
 2.88774719e+01
 2.01009529e+01
 2.09008223e+00
 8.58115914e+01
 6.64496047e+01
 1.41102443e+02
 1.35633083e+02
 1.90342869e+02
 9.78869477e+01
 3.59857687e+01
 6.60287702e+01
 1.98803605e+01
 5.36442709e+01
 1.18658406e+01
 4.47359688e+01
 1.27259192e+02
 1.69882599e+01
 4.80452660e+01
 1.95798903e+02
 1.89568360e+02
 7.31885432e+01
 2.91134909e+01
 6.63113011e+01
 5.93804964e+01
 4.34943892e+01
 1.22918472e+00
 2.18236793e+01
 4.92269650e+01
 4.02996353e+01
 3.09989549e+02
 1.56924420e+02
 8.60188527e+01
 1.29424885e+01
 8.61328765e+01
 3.37407928e+01
 3.45060993e+01
 1.57045474e+01
 1.34725323e+01
 9.81678759e+00
 1.90338304e+02
 1.78885255e+02
 2.32628057e+02
 1.75612551e+02
 8.14027723e+01
 7.89302045e+01
 1.52155825e+00
 6.55799638e-01
 1.89919048e+01
 3.61717212e+01
 9.93463777e+00
 3.00935045e+01
 1.57645616e+02
 1.48727078e+02
 1.38730614e+02
 2.37957131e+02
 3.06756015e+01
 9.66528629e+01
 8.59094864e+01
 1.45752057e+02
 7.96997907e+01
 2.13511845e-01
 2.47428852e+01
 1.60923562e+01
 8.82319916e+01
 2.61571956e+02
 1.38990014e+02
 1.49660920e+02
 7.37461371e+01
 3.96698003e+01
 9.08614071e+01
 1.26527763e+02
 7.52780731e+01
 4.08466915e+00
 8.61471210e+00
 4.99107375e+00
 1.27772702e+02
 2.53046398e+02
 3.87103664e+02
 5.37067575e+01
 5.65543039e+01
 1.46763010e+02
 1.04478302e+02
 3.55832056e+01
 6.09197988e+01
 1.54270991e+01
 9.69971705e+01
 7.95314577e+00
 5.20019999e+01
 1.63087165e+02
 1.39407512e+02
 2.21819492e+02
 7.49374681e+01
 1.88331102e+02
 7.81769020e+01
 7.54016684e+01
 1.46515247e+02
 6.50178561e+01
 7.10404531e+00
 4.50184901e+01
 6.85872817e+01
 1.61078174e+02
 1.68274076e+02
 9.16781753e+01
 9.08993696e+01
 2.07595594e+01
 8.81112614e+01
 4.09567690e+01
 3.46442321e+01
 2.15759759e+01
 1.15485370e+01
 1.93442482e+02
 1.79179965e+02
 1.72730696e+02
 6.53653761e+01
 1.26084993e+02
 7.43088655e+01
 8.99396638e+01
 4.90489389e+01
 1.95015388e+02
 3.78036316e+01
 3.09643316e+01
 1.36986029e+00
 2.96615656e+00
 1.09152697e+02
 3.06626908e+02
 1.41727826e+02
 1.49535067e+02
 1.92416696e+02
 2.81308439e+02
 4.94203495e+01
 8.10260297e+00
 2.01428439e+02
 1.05775481e+02
 2.73073748e-01
 6.05999922e+01
 1.05238312e+02
 1.28985771e+02
 1.73273973e+02
 1.79561584e+02
 6.87897586e+01
 1.08780938e+02
 6.44475809e+01
 1.49340314e+01
 3.25761078e+01
 6.68594084e+01
 2.97524073e+01
 9.51843416e+00
 5.09657578e+01
 6.91606966e+01
 1.66088964e+02
 1.23501732e+02
 1.07671730e+02
 1.49622637e+01
 2.91629488e+01
 1.81860659e+01
 8.40114795e+01
 6.37161837e+01
 3.37435222e+01
 8.20014462e+01
 9.04915411e+01
 2.34184444e+02
 5.42893385e+01
 1.94425317e+02
 6.51361478e+01
 1.26021830e+02
 6.46007365e+01
 8.97527758e+01
 2.49671109e+01
 4.22183513e+01
 2.93706974e+01
 2.59484813e+01
 2.72035432e+01
 1.23633685e+02
 2.98857622e+01
 9.61318385e+01
 1.14380019e+02
 2.04141180e+01
 5.05527636e+01
 1.06617387e+02
 6.12266167e+01
 3.93180760e+00
 2.59281299e+00
 3.39316269e+01
 1.16652817e+02
 6.64751582e+01
 2.07161086e+02
 2.06871007e+02
 2.17248074e+02
 1.20114687e+02
 1.58012704e+02
 4.22505016e+01
 7.12333957e+00
 3.75627960e+01
 8.02097532e+00
 1.36561731e+01
 1.00580984e+02
 2.43373293e+02
 1.99765569e+02
 9.78796032e+01
 4.76573890e+01
 2.84857270e+01
 1.77051610e+01
 1.00556627e+02
 4.03122586e+01
 2.67546758e+01
 3.98655490e+01
 8.58772047e+01
 7.95145242e+01
 4.95494482e+02
 1.29796784e+02
 3.00549676e+02
 1.12010463e+02
 1.46496111e+02
 1.51897052e+02
 7.14070885e+01
 9.36442840e+00
 1.81591037e-01
 9.70745531e-01
 1.63744451e+01
 2.57488627e+02
 1.31715786e+02
 1.98099446e+02
 7.75134307e+01
 4.31861623e+01
 1.42917740e+02
 2.28383688e+02
 1.12178471e+02
 1.67815198e+01
 4.17786347e+00
 2.01368690e-01
 1.05037175e+01
 7.12527529e-02
 3.47878533e+01
 1.44612249e+02
 8.60007094e+01
 9.45553043e+01
 1.63988227e+02
 4.51993088e+01
 9.89699577e+01
 5.74399911e+01
 2.66968250e+01
 5.66909642e+00
 1.54899147e+00
 1.15862641e+02
 2.39798994e+02
 1.36849844e+02
 2.46616201e+02
 1.15564223e+02
 1.20316107e+02
 1.83894003e+02
 1.05097235e+02
 6.76616757e+01
 3.05809460e+01
 7.53652560e+00
 2.97294262e+01
 9.47044973e+01
 1.00595207e+02
 2.45327087e+02
 2.06028466e+02
 3.20469453e+02
 1.16165644e+02
 1.87933908e+02
 5.42046509e+01
 1.23510853e+02
 7.38051594e+01
 7.84894444e+00
 1.76575727e+01
 7.50736395e+00
 8.01959143e+01
 2.95194122e+02
 1.49355164e+02
 3.49269362e+01
 1.04432030e+02
 1.49024697e+02
 6.60494211e+01
 9.62631871e+01
 2.80832698e+01
 1.81463700e+00
 4.09207721e+00
 5.53307622e+01
 2.63085661e+02
 8.68847599e+01
 2.83792497e+02
 2.28018660e+02
 1.80618963e+02
 1.50970011e+02
 1.82513645e+02
 7.90112434e+01
 1.87992359e+00
 4.26247444e+01
 1.98930922e+01
 2.99378204e+02
 8.68035924e+01
 1.27735747e+02
 1.21317847e+02
 1.12921670e+02
 9.38138633e+01
 4.63531255e+01
 1.10462965e+02
 8.17680296e+01
 5.58570164e+01
 2.50778626e+00
 1.26169819e+01
 4.23942754e+00
 6.58622435e+01
 1.30671327e+02
 2.22182533e+02
 1.91830811e+02
 8.61419274e+01
 9.39341462e+01
 1.14613874e+02
 1.12224022e+02
 1.27668919e+02
 3.37670228e+00
 2.66780289e+01
 1.01428746e+02
 6.66888628e+01
 2.43999676e+02
 8.36892954e+01
 4.60264738e+01
 1.39207740e+02
 1.03589292e+02
 1.67282398e+02
 4.88161361e+01
 6.48895517e+01
 4.94339685e+00
 5.02671778e+00
 1.10443841e+02
 2.37574739e+02
 7.62113822e+01
 3.78811424e+01
 1.01520094e+02
 9.47260339e+01
 4.52247357e+01
 9.04028459e+01
 6.82067675e+01
 1.46115978e+01
 2.27590072e+01
 3.61984989e+01
 6.24230640e+01
 3.94717906e+01
 2.10844775e+02
 8.05893560e+01
 1.32855303e+02
 1.29259743e+02
 1.35171726e+02
 9.16883323e+01
 1.82908182e+01
 1.73882452e+01
 1.52484798e+02
 8.64893886e+01
 3.69615715e+01
 1.30432077e+02
 1.68518191e+02
 2.02029368e+02
 7.85666312e+01
 1.93472505e+02
 1.78535486e+02
 9.76405292e+01
 1.45622612e+02
 7.92617627e+01
 1.46257473e+01
 5.97744009e+01
 6.50098362e+01
 6.21238018e+00
 1.81797973e+02
 8.77616870e+01
 4.52997392e+00
 1.08144265e+02
 4.64400173e+01
 7.14424780e+01
 1.05352307e+01
 7.57243177e+01
 2.74734285e+01
 1.62351442e+01
 6.73652615e+01
 1.47691597e+02
 8.58124495e+01
 1.25482641e+02
 7.57112994e+01
 1.48015331e+02
 5.75240523e+01
 7.13429481e+01
 8.77374928e+01
 5.04630071e+01
 3.33537880e+01
 6.93524237e+01
 1.05188825e+02
 1.55213975e+02
 1.23705538e+02
 1.14193734e+02
 5.20624200e+01
 5.02361161e+01
 1.40043541e+02
 8.86017561e+01
 2.00653265e+01
 3.74667622e+01
 4.87044928e+00
 6.21705789e+00
 3.12919551e+01
 6.09752176e+01
 2.47995354e+02
 1.63335100e+02
 1.81461949e+02
 2.46810445e+02
 1.74446608e+02
 4.20959498e+01
 7.51153441e+01
 7.56874289e+01
 5.62493678e+00
 9.89524427e+01
 8.57202747e+01
 1.85799279e+02
 1.17122517e+02
 1.87738815e+02
 2.11785628e+02
 6.83465156e+01
 4.75893859e+01
 1.29979851e+02
 6.68893668e+00
 2.28505262e+01
 1.37052839e+01
 7.57845692e+01
 8.15704406e+01
 8.32243232e+01
 7.39345530e+01
 2.37015007e+02
 2.51272217e+02
 1.95936925e+02
 5.86268301e+01
 9.15829089e+01
 8.93277269e+01
 5.53515640e+01
 5.42657528e+00
 2.48964866e+01
 7.77647930e+01
 5.76364196e+01
 2.40654096e+02
 1.74397362e+02
 2.07750828e+02
 2.48374523e+02
 1.61308550e+02
 9.97471958e+01
 7.96744515e+01
 5.06260644e+01
 4.33138082e+01
 1.18695036e+02
 9.72458532e-02
 5.31838332e+01
 2.79362414e+02
 1.89389968e+02
 2.19302510e+02
 9.46240568e+01
 7.21060480e+01
 7.21124823e+01
 1.59992921e+02
 1.04554069e+01
 5.07960801e+01
 5.86834553e-01
 1.88753653e+02
 1.00092564e+02
 5.63724641e+01
 1.60300382e+02
 1.99403078e+02
 1.43902668e+02
 7.54984621e+01
 1.36476723e+02
 7.34244304e+01
 5.70366220e+01
 1.80252112e+01
 2.24466303e+01
 8.22231132e+01
 1.59248550e+02
 1.20742287e+01
 1.32521816e+02
 1.25656054e+02
 2.26192927e+02
 1.73346358e+02
 7.47986664e+01
 1.15877613e+01
 4.40340723e+00
 6.92659009e+00
 2.61457339e+00
 3.60771797e+01
 5.97849439e+01
 1.00450864e+02
 6.11445287e+01
