 -7.28427734e+00
 -7.45877686e+00
 1.83434448e+00
 6.92409668e+00
 1.48178040e+01
 1.69482971e+01
 1.98523804e+01
 1.93856445e+01
 1.54844604e+01
 1.06258484e+01
 3.08284912e+00
 4.15181885e+00
 -1.55289307e+00
 1.23122559e+00
 -2.60290527e-01
 5.81942139e+00
 1.50374084e+01
 2.22379089e+01
 2.08309875e+01
 1.83297668e+01
 1.38474365e+01
 7.68721924e+00
 3.27895508e+00
 1.51537476e+00
 -7.30005493e+00
 -3.08017578e+00
 1.20113525e+00
 9.34017334e+00
 1.42016846e+01
 2.00308472e+01
 2.10020386e+01
 2.10035034e+01
 1.16976563e+01
 1.06932007e+01
 4.59588013e+00
 -5.04821777e-02
 -6.77454224e+00
 -8.35058594e-01
 2.32348022e+00
 8.73699341e+00
 1.38863159e+01
 1.66804138e+01
 1.83028809e+01
 1.80743347e+01
 1.14808594e+01
 6.05172119e+00
 -3.09458008e+00
 1.59761963e+00
 -4.32114258e+00
 -7.07044067e+00
 2.18072510e-01
 8.75686035e+00
 1.41553589e+01
 1.87596985e+01
 1.83991638e+01
 1.95865723e+01
 1.46547180e+01
 8.22954712e+00
 6.49193726e+00
 2.04851685e+00
 -2.42301025e+00
 -5.31601562e+00
 4.20070801e+00
 9.84081421e+00
 1.40502869e+01
 1.92740723e+01
 2.17603088e+01
 1.83465820e+01
 1.67321716e+01
 8.79305420e+00
 5.63494263e+00
 -3.41254272e+00
 -2.54462280e+00
 -1.31872559e-01
 5.01766357e+00
 1.12620178e+01
 1.18224426e+01
 2.03815247e+01
 2.00002686e+01
 1.94916016e+01
 1.48424927e+01
 1.07004333e+01
 7.11284790e+00
 5.63073730e-01
 -1.37653198e+00
 2.36904297e+00
 3.64064941e+00
 1.11573730e+01
 1.61148926e+01
 1.69960266e+01
 2.07538391e+01
 1.78268677e+01
 1.42639404e+01
 8.86879883e+00
 5.09267578e+00
 6.17974854e-01
 -3.94348755e+00
 2.42553711e-02
 6.05428467e+00
 9.88213501e+00
 1.48216492e+01
 1.97065369e+01
 2.07335144e+01
 2.12997070e+01
 1.40272156e+01
 8.85445557e+00
 3.88268433e+00
 -5.03470459e+00
 -4.71063843e+00
 -3.14713135e+00
 -1.62725830e-01
 6.93377075e+00
 1.28422791e+01
 2.01756226e+01
 2.15907532e+01
 1.66137634e+01
 1.50615784e+01
 1.20078369e+01
 1.32061157e+00
 -9.20507812e-01
 -4.05081787e+00
 -3.09183350e+00
 7.49139404e-01
 9.89217529e+00
 1.49907471e+01
 2.01695190e+01
 2.16536194e+01
 1.84731689e+01
 1.66569763e+01
 1.10515686e+01
 4.00383911e+00
 -5.08428955e-01
 1.56793213e-01
 5.31237183e+00
 4.87697754e+00
 1.12732178e+01
 1.77384888e+01
 2.09152161e+01
 2.02611633e+01
 1.94069763e+01
 1.53555542e+01
 7.39064941e+00
 2.63765869e+00
 -4.11596680e-01
 -2.60544434e+00
 2.53686523e-01
 8.21069336e-01
 1.26284729e+01
 1.39440247e+01
 1.82227417e+01
 1.93789917e+01
 1.62514587e+01
 1.42314392e+01
 9.62627563e+00
 4.04345093e+00
 -2.31775513e+00
 -9.31943359e+00
 -3.52838745e+00
 5.93685303e+00
 1.26565186e+01
 1.80147034e+01
 1.91474243e+01
 2.13762756e+01
 2.01370178e+01
 1.49982849e+01
 1.02246643e+01
 5.70208130e+00
 1.16027222e+00
 -1.49118652e+00
 4.74291382e+00
 8.50924072e+00
 9.97081909e+00
 1.72593018e+01
 2.12735840e+01
 1.88908325e+01
 1.99253479e+01
 1.27135864e+01
 1.19876038e+01
 5.53414307e+00
 1.14135132e+00
 1.86724243e+00
 1.86843262e+00
 3.96450195e+00
 1.17278076e+01
 1.49557739e+01
 2.31046082e+01
 2.68131348e+01
 2.31843811e+01
 2.03011108e+01
 5.98565063e+00
 -3.23706665e+00
 -4.95752563e+00
 8.30627441e-02
 -2.55026855e+00
 -6.37640381e-01
 7.20757446e+00
 1.22945801e+01
 1.69467712e+01
 1.95339905e+01
 2.06953979e+01
 1.46879517e+01
 7.94790039e+00
 3.12731323e+00
 -2.11035156e-01
 2.28997803e-01
 2.19963989e+00
 2.73964844e+00
 1.07684570e+01
 1.54276367e+01
 1.88666016e+01
 2.42658630e+01
 2.39461609e+01
 1.72151428e+01
 1.14508911e+01
 4.90166626e+00
 -3.87823486e-01
 3.35772095e+00
 -4.98847046e+00
 5.50316772e+00
 1.05300537e+01
 1.55055786e+01
 1.81133667e+01
 1.83487488e+01
 1.99452454e+01
 1.77221008e+01
 8.87447510e+00
 6.70443115e+00
 2.07979736e+00
 -3.56284180e+00
 1.96688232e+00
 6.04641113e+00
 1.01086060e+01
 1.36540161e+01
 2.12474915e+01
 2.10698486e+01
 2.22325378e+01
 1.65706421e+01
 1.10479980e+01
 7.27968750e+00
 1.20263672e-01
 -2.07250977e-01
 5.06472168e+00
 9.16442261e+00
 9.90075073e+00
 1.68201233e+01
 1.68273560e+01
 2.07416931e+01
 1.88979431e+01
 1.43782593e+01
 9.24614868e+00
 -2.84735107e-01
 -5.18695679e+00
 5.45404053e-01
 -1.07398071e+00
 5.24480591e+00
 8.84505615e+00
 1.31319519e+01
 1.87268616e+01
 2.04028870e+01
 2.05976501e+01
 1.39717957e+01
 9.00426636e+00
 6.05159912e+00
 -6.89041748e+00
 -2.84650269e+00
 -3.14566650e+00
 -1.92941895e+00
 5.53087769e+00
 1.44347168e+01
 2.04759155e+01
 2.36207825e+01
 2.03413025e+01
 1.45771118e+01
 9.17467651e+00
 2.24208984e+00
 -9.32531738e-01
 -5.62839355e+00
 -4.40985107e-01
 -4.06494141e-03
 9.10408936e+00
 1.33888794e+01
 1.88017517e+01
 1.84606873e+01
 1.97394043e+01
 1.59204956e+01
 1.05342041e+01
 7.44002686e+00
 4.62854004e-01
 8.21618652e-01
 2.70778809e+00
 2.65776978e+00
 8.95852051e+00
 1.62349487e+01
 1.84370056e+01
 2.07928406e+01
 2.01643311e+01
 1.69552246e+01
 1.26170288e+01
 7.07241211e+00
 1.45867920e-01
 -1.35321045e-01
 9.85314941e-01
 7.38729248e+00
 1.00323730e+01
 1.45838257e+01
 2.05219971e+01
 1.99069458e+01
 1.70480286e+01
 1.16829468e+01
 8.29717407e+00
 6.48705444e+00
 9.28033447e-01
 1.66835938e+00
 7.50753174e+00
 8.56032715e+00
 1.17340637e+01
 1.45162292e+01
 2.03433167e+01
 2.32686096e+01
 2.56766602e+01
 1.88992859e+01
 9.50856934e+00
 7.27413330e+00
 1.47588501e+00
 -3.09024658e+00
 -5.07733765e+00
 -1.03558960e+00
 1.36992737e+01
 1.46728760e+01
 2.40765015e+01
 2.56882263e+01
 2.46365295e+01
 1.63849426e+01
 1.06057373e+01
 -2.08035889e+00
 -5.07758179e+00
 -3.80484619e+00
 3.46975098e+00
 5.89595947e+00
 6.38015137e+00
 1.74525391e+01
 2.16633545e+01
 2.50306030e+01
 2.16191956e+01
 1.40072266e+01
 7.28179321e+00
 4.19100342e+00
 6.18157959e-01
 7.90002441e-01
 1.32171021e+00
 7.77123413e+00
 1.18566528e+01
 1.49109436e+01
 2.09115845e+01
 2.18983093e+01
 1.95698181e+01
 1.84612366e+01
 1.16677490e+01
 4.42788086e+00
 -5.99561157e+00
 -6.94394531e+00
 -1.22321167e+00
 5.05748901e+00
 9.85982666e+00
 1.52834412e+01
 2.08334900e+01
 2.08804871e+01
 1.96608215e+01
 1.74069458e+01
 1.01698547e+01
 3.12243042e+00
 -3.28388062e+00
 -7.17615356e+00
 1.03649292e+00
 4.32271729e+00
 1.03350464e+01
 1.59933411e+01
 2.15978943e+01
 2.20096680e+01
 2.00179077e+01
 1.31686646e+01
 7.70913086e+00
 7.49764404e+00
 3.84230957e+00
 1.36541138e+00
 -3.41552734e-02
 6.07436523e+00
 9.85842285e+00
 1.41584717e+01
 1.88805786e+01
 2.33814026e+01
 1.93885132e+01
 1.53064514e+01
 1.39243713e+01
 2.04247437e+00
 -2.44974365e+00
 -2.25858154e+00
 3.66677246e+00
 6.56264648e+00
 8.20690308e+00
 1.39630981e+01
 1.64258667e+01
 1.96937500e+01
 1.89838501e+01
 1.58213135e+01
 9.41683350e+00
 3.06398926e+00
 -2.35474243e+00
 2.21410522e+00
 -2.16309204e+00
 4.79857788e+00
 1.00876099e+01
 1.69534546e+01
 2.26210876e+01
 2.39156738e+01
 1.93410278e+01
 1.48508240e+01
 1.11282593e+01
 1.91039429e+00
 -2.12073364e+00
 2.46965942e+00
 2.38436279e+00
 3.91713867e+00
 9.41790161e+00
 1.42610107e+01
 2.06223083e+01
 2.21841980e+01
 2.33943420e+01
 1.55639282e+01
 1.28610474e+01
 7.38933716e+00
 5.07257080e-01
 4.17016602e-01
 1.31780396e+00
 8.62227783e+00
 1.09868103e+01
 1.89209534e+01
 2.05602966e+01
 2.49123169e+01
 2.10274902e+01
 1.72994019e+01
 1.18403870e+01
 6.74324951e+00
 -9.45867920e-01
 1.67122803e+00
 4.53363037e-01
 3.82558594e+00
 9.18065796e+00
 1.22123047e+01
 2.43229919e+01
 2.21556946e+01
 2.11000610e+01
 1.48938843e+01
 1.20081726e+01
 6.50560913e+00
 -1.26315918e+00
 -3.02274170e+00
 -4.96252441e-01
 7.75881348e+00
 1.04263855e+01
 1.44756104e+01
 2.09834229e+01
 2.25152832e+01
 1.81359497e+01
 1.53929077e+01
 1.13422180e+01
 4.40969238e+00
 2.70339355e+00
 3.89425049e+00
 4.17962036e+00
 5.97664795e+00
 1.23218628e+01
 1.71827332e+01
 2.19063965e+01
 2.11824890e+01
 2.18304993e+01
 1.67786804e+01
 9.39669189e+00
 2.07314453e+00
 -7.59076538e+00
 -1.27954712e+00
 1.76232300e+00
 8.55285034e+00
 1.23565002e+01
 1.95665527e+01
 2.00850769e+01
 2.22487122e+01
 2.01787354e+01
 1.72753540e+01
 1.24156128e+01
 5.82915649e+00
 -1.04987183e+00
 -3.69306030e+00
 2.57222900e+00
 3.65538940e+00
 8.68279419e+00
 1.31623474e+01
 1.75339294e+01
 2.25524536e+01
 2.15230957e+01
 1.46289917e+01
 1.17532593e+01
 4.07729492e+00
 9.38073730e-01
 -1.84766235e+00
 1.57037354e-01
 3.42946777e+00
 9.81368408e+00
 1.62092529e+01
 2.10711304e+01
 2.40438171e+01
 2.17519775e+01
 1.53456055e+01
 1.04595886e+01
 7.58886108e+00
 9.25286865e-01
 -1.26117554e+00
 2.33648071e+00
 4.90441284e+00
 9.79625854e+00
 1.37180420e+01
 2.04966980e+01
 2.25650574e+01
 1.92906738e+01
 1.54874512e+01
 1.26096130e+01
 1.80156860e+00
 -6.69006348e-02
 9.42987061e-01
 1.36956177e+00
 3.78093872e+00
 1.06309753e+01
 1.52894226e+01
 1.75968262e+01
 1.86726624e+01
 1.97171875e+01
 1.79031616e+01
 1.10492798e+01
 3.23024902e+00
 2.15935669e+00
 -2.80509033e+00
 3.56054077e+00
 8.78450928e+00
 1.46428162e+01
 1.38266235e+01
 1.82126709e+01
 1.98389221e+01
 1.92022644e+01
 1.55230652e+01
 1.17172485e+01
 3.42449341e+00
 -6.68615723e-01
 1.43880615e+00
 5.85030518e+00
 9.12270508e+00
 1.01850525e+01
 1.23090759e+01
 2.01888367e+01
 2.21433655e+01
 2.31187683e+01
 1.58711487e+01
 1.36382690e+01
 6.15630493e+00
 5.37136230e+00
 1.18895874e+00
 3.37618408e+00
 6.54592285e+00
 9.70873413e+00
 1.36408325e+01
 1.91206604e+01
 2.04435364e+01
 1.93554626e+01
 1.81310974e+01
 1.16089722e+01
 7.14653931e+00
 3.06173096e+00
 2.11647949e+00
 2.58321533e+00
 7.50734863e+00
 9.39534912e+00
 1.46902710e+01
 2.13857666e+01
 2.34413391e+01
 1.86791626e+01
 1.56950928e+01
 9.22271118e+00
 6.89730225e+00
 -1.38571777e+00
 -5.76422119e-01
 4.37111816e+00
 6.63317261e+00
 1.23167358e+01
 1.71501709e+01
 2.22931458e+01
 2.18459717e+01
 2.23387695e+01
 1.60889221e+01
 1.20325562e+01
 5.60601196e+00
 8.41027832e-01
 -5.66625977e-01
 2.62825928e+00
 5.92275391e+00
 1.30071655e+01
 1.62930237e+01
 2.36791321e+01
 2.32141357e+01
 1.96031128e+01
 1.68152710e+01
 1.35281616e+01
 6.45137939e+00
 2.97844849e+00
 -2.63986816e+00
 -3.75360718e+00
 3.16134033e+00
 1.17029968e+01
 1.66097046e+01
 2.16293579e+01
 2.12347656e+01
 2.24110657e+01
 1.71690613e+01
 1.19025818e+01
 5.59902344e+00
 1.17031250e+00
 -5.60614014e-01
 1.40126953e+00
 6.05187378e+00
 1.00492798e+01
 1.84681946e+01
 2.15257813e+01
 2.34850708e+01
 1.78951660e+01
 1.56743408e+01
 1.09002930e+01
 2.98140869e+00
 -4.96221924e-01
 -5.77884521e+00
 2.43871460e+00
 6.01448975e+00
 1.15511414e+01
 1.69793030e+01
 2.18778625e+01
 2.21852966e+01
 1.83956238e+01
 1.70448547e+01
 1.50074707e+01
 8.29635010e+00
 1.55330811e+00
 2.09905396e+00
 -6.53906250e-01
 6.58150635e+00
 1.42583862e+01
 1.70015503e+01
 1.89556519e+01
 2.18935486e+01
 2.08904663e+01
 1.56668945e+01
 1.02087646e+01
 4.84771118e+00
 3.89794922e-01
 4.96492920e+00
 5.64373169e+00
 7.72088013e+00
 1.31541077e+01
 2.22006470e+01
 2.50140320e+01
 2.54707275e+01
 2.46845032e+01
 1.93780457e+01
 1.11190735e+01
 4.59496460e+00
 2.76513672e-01
 9.74633789e-01
 1.43981323e+00
 4.75475464e+00
 1.45550476e+01
 1.98425842e+01
 2.32644287e+01
 2.32658020e+01
 2.52083679e+01
 1.95190674e+01
 1.14548279e+01
 7.48726807e+00
 5.74868164e+00
 2.31340942e+00
 -1.02579346e+00
 4.43242798e+00
 9.91149292e+00
 1.59092041e+01
 2.07995239e+01
 2.06415955e+01
 2.39003235e+01
 1.62187439e+01
 1.20569397e+01
 2.18389282e+00
 3.07735596e+00
 4.30953369e+00
 1.15548096e+00
 1.07427612e+01
 9.77840576e+00
 1.45869080e+01
 1.77329956e+01
 2.00708862e+01
 1.98276611e+01
 1.70668579e+01
 1.26204468e+01
 3.49416504e+00
 -3.50836182e-01
 9.48632813e-01
 4.17400513e+00
 6.83327637e+00
 1.13470398e+01
 1.17134033e+01
 2.03966614e+01
 2.04516235e+01
 1.90322510e+01
 1.59358154e+01
 1.03824707e+01
 6.09118042e+00
 2.67534790e+00
 -2.47702637e+00
 1.21230469e+00
 8.71141968e+00
 1.15598999e+01
 1.80046326e+01
 2.06035706e+01
 2.20337158e+01
 2.11159607e+01
 1.51211792e+01
 9.89098511e+00
 6.76625977e+00
 5.22225342e+00
 -9.89477539e-01
 -3.53629150e+00
 6.90905151e+00
 1.27631775e+01
 1.58046814e+01
 2.10819641e+01
 2.21535889e+01
 2.13722168e+01
 1.65826355e+01
 1.24317566e+01
 4.16930542e+00
 -3.46939697e+00
 -8.84055176e+00
 -2.22516479e+00
 -1.14645996e+00
 7.81499634e+00
 1.56393066e+01
 2.06252686e+01
 2.18471924e+01
 2.06727539e+01
 1.84310242e+01
 1.50398193e+01
 7.63613281e+00
 6.05574951e+00
 4.31026611e+00
 3.65953979e+00
 9.45101318e+00
 1.17223145e+01
 1.41558777e+01
 1.87572876e+01
 2.31631104e+01
 2.17721802e+01
 1.93634583e+01
 1.01063477e+01
 4.58004150e+00
 1.72967529e-01
 -1.09583130e+00
 -1.58908691e+00
 3.00472412e+00
 1.17410217e+01
 1.53265015e+01
 1.86149841e+01
 2.21779419e+01
 2.07982422e+01
 1.58118225e+01
 1.09726807e+01
 7.32271729e+00
 3.52013550e+00
 -2.75030518e-01
 -2.02573242e+00
 8.20873413e+00
 1.27511841e+01
 1.65298401e+01
 2.09161621e+01
 2.23547607e+01
 2.24409729e+01
 1.74489075e+01
 1.23897339e+01
 4.04848633e+00
 3.32650146e+00
 2.20736084e+00
 2.86583862e+00
 6.77797852e+00
 1.04838501e+01
 1.45661255e+01
 1.91822754e+01
 2.15060669e+01
 2.08484436e+01
 1.49467407e+01
 1.13310791e+01
 5.56072388e+00
 4.70781860e+00
 6.83571777e+00
 2.90130005e+00
 9.15743408e+00
 1.33975159e+01
 1.39575439e+01
 2.36128784e+01
 2.05759827e+01
 1.74786011e+01
 1.40613647e+01
 1.14457336e+01
 6.59435425e+00
 1.77291260e+00
 -6.09323730e+00
 -2.77899170e-01
 6.45098267e+00
 8.72612915e+00
 1.78755127e+01
 2.27992188e+01
 2.60053955e+01
 2.27294861e+01
 1.80569397e+01
 9.38668213e+00
 1.49535522e+00
 3.17836914e+00
 -1.18771973e+00
 4.11107788e+00
 2.78637085e+00
 1.04807068e+01
 1.83702637e+01
 2.32405945e+01
 2.56876465e+01
 2.67308899e+01
 1.87779175e+01
 1.21092468e+01
 5.80104980e+00
 3.52777100e-01
 1.13198242e+00
 3.95394287e+00
 7.17565308e+00
 1.17829529e+01
 1.72931152e+01
 2.01709839e+01
 2.09556824e+01
 2.39041687e+01
 2.06136108e+01
 1.52062317e+01
 6.17751465e+00
 1.52794800e+00
 -3.07703247e+00
 3.44805298e+00
 8.84114990e+00
 1.25343262e+01
 1.91023499e+01
 2.00487915e+01
 2.43911072e+01
 2.21358887e+01
 1.68006226e+01
 1.17118774e+01
 3.48531494e+00
 -2.18311157e+00
 -5.26749268e+00
 2.58935547e-01
 7.54543457e+00
 1.22286926e+01
 1.33620239e+01
 1.79566284e+01
 2.18277527e+01
 1.91744324e+01
 1.64078918e+01
 1.41087585e+01
 5.34563599e+00
 3.93435059e+00
 3.29778442e+00
 6.00457153e+00
 3.14046631e+00
 1.23496643e+01
 1.59770142e+01
 2.09619080e+01
 2.67880493e+01
 2.25377136e+01
 1.73803345e+01
 1.18798462e+01
 5.52916870e+00
 3.30770264e+00
 -5.44498291e+00
 1.22725830e+00
 7.40569458e+00
 1.40090881e+01
 1.74384094e+01
 2.17385803e+01
 2.39010864e+01
 2.28865601e+01
 2.08129822e+01
 1.24031616e+01
 9.03374634e+00
 7.35558472e+00
 3.56881104e+00
 1.44039307e+00
 7.87728271e+00
 1.29258667e+01
 1.61031738e+01
 2.56160522e+01
 2.69724060e+01
 2.61750732e+01
 2.28025757e+01
 1.15846497e+01
 7.72353516e+00
 3.89010010e+00
 4.37270508e+00
 5.30089722e+00
 9.22957764e+00
 1.08619934e+01
 1.71178833e+01
 2.09657532e+01
 2.43377625e+01
 2.19214417e+01
 1.53694702e+01
 1.08785339e+01
 4.12200317e+00
 -6.05230713e-01
 2.13433228e+00
 5.11068115e+00
 7.14528809e+00
 1.27985168e+01
 1.82578064e+01
 2.19956604e+01
 2.78368164e+01
 2.25402161e+01
 2.09518066e+01
 1.29922424e+01
 4.19069824e+00
 2.97866211e+00
 1.16866455e+00
 2.33806763e+00
 7.39653931e+00
 1.05838562e+01
 1.36192566e+01
 2.17612549e+01
 2.62214600e+01
 2.60829712e+01
 1.96769653e+01
 1.17539307e+01
 6.03191528e+00
 9.20404053e-01
 2.58034668e+00
 3.64187012e+00
 5.33425293e+00
 1.09906860e+01
 1.36939331e+01
 1.98770386e+01
 2.15036255e+01
 2.07883240e+01
 1.77307678e+01
 1.02623535e+01
 3.36382446e+00
 1.18499146e+00
 -1.02753296e+00
 5.79409180e+00
 7.95885620e+00
 1.34456421e+01
 1.50478149e+01
 2.19684082e+01
 2.39853149e+01
 2.18695923e+01
 1.56285950e+01
 1.46982666e+01
 5.97829590e+00
 -1.48782959e+00
 4.75061035e-01
 3.93670654e-01
 9.04958496e+00
 1.30227600e+01
 1.63846680e+01
 2.14136597e+01
 2.42182556e+01
 2.03393799e+01
 1.57951294e+01
 1.32774597e+01
 7.83040771e+00
 -2.94504395e+00
 1.56701660e-01
 -6.41119385e-01
 8.32433472e+00
 1.19397217e+01
 1.66299683e+01
 2.07002502e+01
 2.52961060e+01
 2.30599609e+01
 1.88403564e+01
 1.14273926e+01
 5.37236938e+00
 -8.19403076e-01
 6.87188721e-01
 9.49731445e-01
 7.83962402e+00
 9.91616211e+00
 1.70191895e+01
 2.08838440e+01
 2.49705444e+01
 2.08576599e+01
 1.87607666e+01
 1.23742920e+01
 5.29717407e+00
 3.80950317e+00
 4.66329346e+00
 5.90749512e+00
 5.60494385e+00
 1.26512695e+01
 1.48453613e+01
 2.23395630e+01
 2.66096436e+01
 2.13120667e+01
 1.64838196e+01
 1.45019775e+01
 7.25811157e+00
 1.04519043e+00
 5.41549072e+00
 4.97222290e+00
 6.86840210e+00
 1.10922180e+01
 1.81852356e+01
 2.20185486e+01
 2.88264404e+01
 2.32819458e+01
 1.63810364e+01
 1.27692810e+01
 2.36477051e+00
 1.45699463e+00
 9.19458008e-01
 5.60146484e+00
 6.74938354e+00
 1.20671936e+01
 1.42088257e+01
 2.24180237e+01
 2.42826172e+01
 2.42457214e+01
 1.86976868e+01
 1.16415649e+01
 9.48656616e+00
 5.38094482e+00
 6.55084229e-01
 7.79644165e+00
 9.25292358e+00
 1.33088013e+01
 1.34402100e+01
 2.12291504e+01
 2.01653381e+01
 2.18718811e+01
 1.60974976e+01
 1.09334656e+01
 5.60305176e+00
 5.56878662e-01
 1.48314819e+00
 3.83590088e+00
 8.49526367e+00
 1.42888733e+01
 1.83005920e+01
 1.92700745e+01
 2.11376282e+01
 2.06357666e+01
 1.65897766e+01
 1.28556763e+01
 5.54546509e+00
 5.34053955e+00
 3.65694580e+00
 1.17434082e+00
 5.52080688e+00
 1.28237854e+01
 1.74589783e+01
 2.22221924e+01
 2.18706909e+01
 2.14484192e+01
 2.18972412e+01
 1.05312744e+01
 6.82109985e+00
 3.03344116e+00
 3.50051270e+00
 2.11681519e+00
 7.63164673e+00
 1.21360107e+01
 1.78322388e+01
 2.24609314e+01
 2.45867249e+01
 2.46136108e+01
 1.98161560e+01
 1.26563354e+01
 7.94652710e+00
 4.65621338e+00
 3.64064941e+00
 6.79595337e+00
 7.22908936e+00
 1.69472595e+01
 1.59360291e+01
 2.22709290e+01
 2.57492004e+01
 2.08244873e+01
 1.71186768e+01
 1.43537231e+01
 6.32598267e+00
 6.75286255e+00
 3.52153931e+00
 8.77034912e+00
 8.32381592e+00
 1.04392029e+01
 1.62338196e+01
 2.41477600e+01
 2.53789917e+01
 2.14603210e+01
 1.68442017e+01
 1.50404907e+01
 5.88451538e+00
 4.42720947e+00
 8.66326904e-01
 1.82247314e+00
 7.01851807e+00
 9.13289795e+00
 1.74601074e+01
 2.26927734e+01
 2.26028381e+01
 2.28473145e+01
 1.93493896e+01
 1.27529541e+01
 9.51711426e+00
 -1.94373169e+00
 8.91564941e-01
 2.42858276e+00
 8.84371338e+00
 9.34111938e+00
 1.62798706e+01
 2.25059753e+01
 2.30496460e+01
 2.55867249e+01
 1.97620178e+01
 1.44989868e+01
 5.59813843e+00
 1.22783813e+00
 -1.54443970e+00
 4.41921387e+00
 6.85775146e+00
 1.12169739e+01
 1.82613159e+01
 2.43684326e+01
 2.66561218e+01
 2.44569641e+01
 1.79530884e+01
 1.59576050e+01
 7.25966797e+00
 4.97179565e+00
 4.30135498e+00
 4.11370239e+00
 7.91723022e+00
 1.62242065e+01
 1.92221008e+01
 2.12888123e+01
 2.72693115e+01
 2.59598022e+01
 2.15915466e+01
 1.49286438e+01
 7.96810303e+00
 4.79232178e+00
 2.49117432e+00
 6.60582886e+00
 1.12914368e+01
 1.14693542e+01
 1.54668518e+01
 2.04345337e+01
 2.13775574e+01
 2.39154297e+01
 1.87758423e+01
 1.08240295e+01
 6.75811157e+00
 7.71315918e+00
 4.43242798e+00
 1.22396240e+00
 5.25032959e+00
 1.21085754e+01
 1.84329163e+01
 2.28388306e+01
 2.67564636e+01
 2.10152527e+01
 2.00384460e+01
 1.16319214e+01
 3.72493896e+00
 2.12487183e+00
 4.01024780e+00
 6.95015869e+00
 5.08327637e+00
 1.38118530e+01
 1.70069519e+01
 1.99400269e+01
 2.32117554e+01
 2.18089233e+01
 2.00508362e+01
 1.57871033e+01
 9.39000854e+00
 2.86022339e+00
