 2.73961792e+00
 6.71123657e+00
 7.14547119e+00
 1.08776794e+01
 1.58437134e+01
 1.97295166e+01
 2.10446411e+01
 2.21629578e+01
 1.89680725e+01
 1.41975952e+01
 8.11986694e+00
 6.54033813e+00
 5.81383667e+00
 5.89830933e+00
 7.32872925e+00
 1.22712341e+01
 1.65119873e+01
 1.80101868e+01
 2.25849854e+01
 2.30110413e+01
 1.87974487e+01
 1.12752930e+01
 7.94063721e+00
 9.69323730e-01
 4.64907227e+00
 5.54552612e+00
 8.11358032e+00
 9.95284424e+00
 1.44611145e+01
 2.12250000e+01
 2.16893555e+01
 2.25957581e+01
 1.68402649e+01
 9.89870605e+00
 7.54253540e+00
 6.31408081e+00
 3.67113647e+00
 3.72548828e+00
 6.86373291e+00
 1.03789001e+01
 1.37592712e+01
 1.77481018e+01
 2.25572754e+01
 2.16099487e+01
 1.78164612e+01
 1.38018738e+01
 1.20766541e+01
 6.28954468e+00
 4.79958496e+00
 6.18932495e+00
 8.65117798e+00
 1.37413269e+01
 1.39586426e+01
 2.03041016e+01
 2.19210754e+01
 2.12365967e+01
 1.67280212e+01
 1.07653442e+01
 7.94677124e+00
 3.08382568e+00
 2.34920654e+00
 6.15435181e+00
 1.05535828e+01
 1.27612244e+01
 1.54684387e+01
 1.88056274e+01
 2.16198059e+01
 2.03310486e+01
 1.67393738e+01
 1.30804688e+01
 1.29747253e+01
 4.69027100e+00
 4.53002319e+00
 5.36977539e+00
 7.16311035e+00
 1.03656555e+01
 1.80190063e+01
 2.15322815e+01
 2.33750244e+01
 2.08132263e+01
 1.59124084e+01
 1.39896179e+01
 7.11800537e+00
 8.20928345e+00
 3.24321899e+00
 5.79140625e+00
 6.48836670e+00
 1.05028015e+01
 1.60778442e+01
 1.99952637e+01
 2.28669067e+01
 2.24187256e+01
 1.87164246e+01
 1.38649231e+01
 1.08133789e+01
 5.63851318e+00
 5.70894775e+00
 7.20339355e+00
 4.98607788e+00
 1.04819275e+01
 1.31613403e+01
 1.97330872e+01
 2.24767090e+01
 2.07967468e+01
 1.67931763e+01
 1.33133789e+01
 1.06242310e+01
 7.12563477e+00
 6.12752686e+00
 8.22939453e+00
 1.07894836e+01
 1.16580139e+01
 1.78514343e+01
 2.16503235e+01
 2.33937012e+01
 2.21923767e+01
 1.70938965e+01
 1.37626282e+01
 7.58275757e+00
 7.17122803e+00
 5.73415527e+00
 6.73763428e+00
 7.17461548e+00
 1.29311768e+01
 1.55638367e+01
 1.99780518e+01
 2.36304260e+01
 2.00304504e+01
 1.77974487e+01
 1.28346802e+01
 1.03562561e+01
 5.88677368e+00
 4.01488647e+00
 8.71538696e+00
 9.39202271e+00
 1.17869507e+01
 1.26738220e+01
 1.76495605e+01
 2.33571106e+01
 2.18287903e+01
 1.74290100e+01
 1.25222412e+01
 9.86937866e+00
 5.58333740e+00
 3.53414307e+00
 5.53572998e+00
 8.22985229e+00
 1.06885010e+01
 1.51055237e+01
 2.03574158e+01
 2.39321838e+01
 2.13951050e+01
 1.60917603e+01
 1.28723083e+01
 7.82991943e+00
 2.67067871e+00
 4.13204346e+00
 4.83516846e+00
 9.77141724e+00
 1.21491028e+01
 1.76574646e+01
 2.00490051e+01
 2.42149292e+01
 2.31789490e+01
 1.74549194e+01
 1.27813660e+01
 1.10552917e+01
 4.85515747e+00
 1.71126709e+00
 6.02730713e+00
 7.35177002e+00
 1.22298218e+01
 1.55404297e+01
 1.87982727e+01
 2.24344116e+01
 2.10331055e+01
 1.86749512e+01
 1.23190247e+01
 1.10580078e+01
 9.32882080e+00
 1.87420044e+00
 5.09703979e+00
 6.86135254e+00
 1.17307678e+01
 1.43027588e+01
 1.93090759e+01
 2.46237427e+01
 2.10376526e+01
 1.75202881e+01
 1.65039917e+01
 9.78991089e+00
 6.40572510e+00
 3.91579590e+00
 2.90047607e+00
 4.99447021e+00
 9.41213379e+00
 1.64648071e+01
 1.81818787e+01
 2.26540466e+01
 2.23836914e+01
 1.87766968e+01
 1.45595032e+01
 8.41826782e+00
 5.61477051e+00
 5.21395264e+00
 4.18853149e+00
 6.55727539e+00
 1.04356018e+01
 1.36082092e+01
 1.89937683e+01
 2.27046448e+01
 2.13007141e+01
 1.83265015e+01
 1.41694885e+01
 7.57720337e+00
 6.51647339e+00
 4.10585938e+00
 7.54784546e+00
 6.36501465e+00
 1.18746582e+01
 1.50224548e+01
 2.11291748e+01
 2.38496338e+01
 2.26516663e+01
 1.83545166e+01
 1.42409607e+01
 7.26238403e+00
 6.80675659e+00
 5.17876587e+00
 6.65776978e+00
 1.02430054e+01
 1.10921265e+01
 1.50440308e+01
 1.84409424e+01
 2.23614136e+01
 2.01997925e+01
 1.77119690e+01
 1.30222717e+01
 8.42208252e+00
 3.08123169e+00
 4.76485596e+00
 7.51024780e+00
 7.01476440e+00
 1.13517700e+01
 1.35610596e+01
 1.71755920e+01
 2.16517883e+01
 2.19622742e+01
 1.68070313e+01
 1.48297058e+01
 1.01651550e+01
 5.16799316e+00
 3.27819214e+00
 -1.51016846e+00
 9.16665039e+00
 1.26151367e+01
 1.58102356e+01
 2.06341797e+01
 2.21856323e+01
 2.22204529e+01
 1.77722107e+01
 1.47395874e+01
 1.29291016e+01
 5.07656250e+00
 7.54995117e+00
 5.01619873e+00
 9.40380249e+00
 1.25587402e+01
 1.40675598e+01
 1.90634399e+01
 2.44281860e+01
 2.32622009e+01
 1.85904480e+01
 1.27340027e+01
 1.09271484e+01
 8.48122559e+00
 5.30294189e+00
 4.11248169e+00
 4.76506958e+00
 9.96465454e+00
 1.40571228e+01
 1.78837219e+01
 2.39299866e+01
 2.16566406e+01
 1.64511963e+01
 1.29549500e+01
 7.84990845e+00
 5.37859497e+00
 7.81173096e+00
 6.88561401e+00
 5.78124390e+00
 1.29967896e+01
 1.52230774e+01
 1.72639709e+01
 2.25826965e+01
 2.22529236e+01
 1.82531677e+01
 1.04496399e+01
 9.99236450e+00
 6.47149048e+00
 2.67434082e+00
 8.20269165e+00
 7.53258667e+00
 1.36688782e+01
 1.43105713e+01
 1.85179993e+01
 2.37667175e+01
 2.11195923e+01
 1.85818115e+01
 1.41993347e+01
 9.56200562e+00
 6.49807129e+00
 6.59349976e+00
 4.02880249e+00
 7.65111694e+00
 1.26343628e+01
 1.59280029e+01
 2.07115112e+01
 2.38473450e+01
 2.35566650e+01
 1.79679504e+01
 1.31395508e+01
 6.80181274e+00
 5.67955933e+00
 4.24535522e+00
 6.70574341e+00
 5.04808960e+00
 1.02236572e+01
 1.56682983e+01
 1.97408691e+01
 2.23911682e+01
 2.38169495e+01
 1.59701172e+01
 1.14310852e+01
 1.19087769e+01
 7.52480469e+00
 5.36599121e+00
 5.53267822e+00
 1.01644836e+01
 1.42808777e+01
 1.71221558e+01
 2.12560059e+01
 2.39317261e+01
 2.25233704e+01
 1.80435425e+01
 1.25905701e+01
 9.90914307e+00
 7.79308472e+00
 6.57860718e+00
 1.75420532e+00
 7.06340942e+00
 1.23575073e+01
 1.45426270e+01
 2.10953918e+01
 2.22202087e+01
 2.11761414e+01
 1.83128601e+01
 1.22268616e+01
 8.93563232e+00
 8.93734131e+00
 8.14306030e+00
 8.46776733e+00
 9.42131958e+00
 1.13796936e+01
 1.58500916e+01
 2.11059204e+01
 2.14473206e+01
 2.20497070e+01
 1.82535950e+01
 1.31046082e+01
 9.65859375e+00
 6.86080322e+00
 5.33703003e+00
 6.47164307e+00
 8.90880737e+00
 8.81255493e+00
 1.53824707e+01
 1.97455078e+01
 2.55232178e+01
 2.23764893e+01
 1.82668396e+01
 1.49933716e+01
 1.16836182e+01
 5.19854126e+00
 5.38265381e+00
 5.65737305e+00
 6.51174316e+00
 1.10176025e+01
 1.50738770e+01
 1.91075989e+01
 2.20684448e+01
 2.24633728e+01
 2.02838074e+01
 1.29970642e+01
 8.58239136e+00
 4.03615723e+00
 5.47884521e+00
 4.31658325e+00
 7.61171875e+00
 1.27370850e+01
 1.54951721e+01
 1.88228088e+01
 2.34918152e+01
 2.33937622e+01
 1.78080078e+01
 1.49431702e+01
 1.20301758e+01
 5.99791870e+00
 3.20946655e+00
 5.62059937e+00
 1.00805603e+01
 1.40712219e+01
 1.68267151e+01
 2.05971924e+01
 2.30051208e+01
 2.27716919e+01
 1.90095154e+01
 1.58358398e+01
 7.84636841e+00
 8.12511597e+00
 8.02749023e+00
 6.39199219e+00
 1.08086792e+01
 1.34699341e+01
 1.58333374e+01
 1.85209900e+01
 2.35314880e+01
 2.20788818e+01
 1.89227234e+01
 1.19214722e+01
 7.42763672e+00
 6.13201294e+00
 5.35381470e+00
 6.70208130e+00
 8.10189209e+00
 1.38899170e+01
 1.63625122e+01
 1.89424072e+01
 2.33845459e+01
 2.28687073e+01
 2.02386719e+01
 1.42658630e+01
 1.07093750e+01
 8.68471680e+00
 6.72115479e+00
 5.24218140e+00
 8.59060059e+00
 1.28576599e+01
 1.42417542e+01
 2.02878662e+01
 2.41727844e+01
 2.42229858e+01
 1.78727051e+01
 1.37730042e+01
 1.01768433e+01
 5.84624634e+00
 3.47435913e+00
 5.33226929e+00
 7.09679565e+00
 1.19627930e+01
 1.39609009e+01
 1.94748169e+01
 2.33007751e+01
 2.23938538e+01
 1.81866699e+01
 1.50450684e+01
 1.00180298e+01
 8.76171265e+00
 5.20617065e+00
 4.62844238e+00
 1.03368469e+01
 1.10238892e+01
 1.48393799e+01
 2.00414978e+01
 2.31798950e+01
 1.90468994e+01
 1.95596863e+01
 1.49844299e+01
 1.02913452e+01
 8.30187378e+00
 3.88210449e+00
 6.56972656e+00
 9.88521729e+00
 1.40535217e+01
 1.77380310e+01
 2.03650146e+01
 2.38624817e+01
 2.23692261e+01
 1.63980347e+01
 1.34203735e+01
 1.00533691e+01
 7.80471191e+00
 8.50719604e+00
 6.58300171e+00
 9.63616333e+00
 1.13596436e+01
 1.70848633e+01
 1.98609863e+01
 2.33635193e+01
 2.35831238e+01
 1.95542542e+01
 1.59795776e+01
 6.26986084e+00
 8.15603027e+00
 7.84655151e+00
 6.30794678e+00
 9.13796387e+00
 1.36185852e+01
 1.49530579e+01
 2.04160400e+01
 2.30938354e+01
 2.38036438e+01
 1.61699768e+01
 1.30816284e+01
 1.07823730e+01
 7.10366211e+00
 7.05458984e+00
 8.47646484e+00
 8.28344116e+00
 1.01331421e+01
 1.38833557e+01
 2.04079224e+01
 2.48705994e+01
 2.29759460e+01
 1.87604919e+01
 1.50598083e+01
 9.76116333e+00
 9.35610352e+00
 7.40532837e+00
 8.32695923e+00
 7.98470459e+00
 1.33189331e+01
 1.57381836e+01
 1.89277283e+01
 2.23563171e+01
 2.33403564e+01
 1.90309082e+01
 1.22495056e+01
 8.92232666e+00
 7.56038818e+00
 4.76812134e+00
 7.16521606e+00
 9.16011963e+00
 1.28511597e+01
 1.62007080e+01
 2.03769165e+01
 2.41392761e+01
 2.29510742e+01
 1.94528442e+01
 1.44585205e+01
 8.09694824e+00
 2.55928955e+00
 4.57476196e+00
 7.96215210e+00
 1.01694885e+01
 1.35578857e+01
 1.69191833e+01
 2.04755493e+01
 2.61098572e+01
 2.43883911e+01
 2.00788208e+01
 1.59751831e+01
 1.17586914e+01
 4.77083740e+00
 7.27013550e+00
 6.30938110e+00
 9.12966309e+00
 1.23621155e+01
 1.82887207e+01
 2.10733887e+01
 2.55089050e+01
 2.55353943e+01
 1.99573303e+01
 1.46637512e+01
 1.25689941e+01
 7.60396729e+00
 9.98504028e+00
 8.69246826e+00
 8.17968140e+00
 1.30605408e+01
 1.56235596e+01
 1.87037598e+01
 2.49302612e+01
 2.51489807e+01
 1.78615356e+01
 1.42144104e+01
 1.11405273e+01
 4.42382202e+00
 6.92302856e+00
 7.13607178e+00
 1.04460388e+01
 1.26919800e+01
 1.88313232e+01
 2.27061707e+01
 2.49333435e+01
 2.21150146e+01
 1.88940674e+01
 1.40377441e+01
 1.14386230e+01
 7.44399414e+00
 5.48320923e+00
 6.64235840e+00
 9.63103638e+00
 1.12000671e+01
 1.79638916e+01
 2.03414551e+01
 2.53843018e+01
 2.35197083e+01
 1.87524658e+01
 1.58849121e+01
 9.92315063e+00
 4.58767090e+00
 6.03356323e+00
 3.88692627e+00
 9.11687622e+00
 1.18325745e+01
 1.52715088e+01
 2.02532288e+01
 2.29485718e+01
 2.19988342e+01
 1.94862305e+01
 1.54990784e+01
 1.02257629e+01
 4.24956665e+00
 3.53719482e+00
 9.34240112e+00
 8.32259521e+00
 1.12395569e+01
 1.48903442e+01
 2.01885315e+01
 2.47411133e+01
 2.46578918e+01
 1.84511353e+01
 1.29954163e+01
 1.07876831e+01
 4.84710083e+00
 5.19133911e+00
 8.90154419e+00
 9.37447510e+00
 1.54258667e+01
 1.86909729e+01
 2.20817810e+01
 2.62275024e+01
 2.34313599e+01
 1.90537354e+01
 1.33152405e+01
 9.77337036e+00
 7.48287354e+00
 6.50722656e+00
 7.66451416e+00
 9.34942017e+00
 1.50901733e+01
 1.69226929e+01
 2.25232483e+01
 2.55938965e+01
 2.51158691e+01
 2.08352905e+01
 1.62316223e+01
 9.47210083e+00
 9.27056274e+00
 7.90715942e+00
 8.44530640e+00
 9.10332642e+00
 1.07127319e+01
 1.62944885e+01
 2.12330872e+01
 2.38220459e+01
 2.30789734e+01
 1.81747681e+01
 1.54067932e+01
 9.96981201e+00
 1.08244568e+01
 5.19640503e+00
 5.88329468e+00
 8.75295410e+00
 1.31332336e+01
 1.50475708e+01
 2.19156738e+01
 2.53269287e+01
 2.31234680e+01
 1.92091003e+01
 1.49902588e+01
 9.43471680e+00
 6.67669067e+00
 5.90569458e+00
 7.27147827e+00
 1.16732117e+01
 1.18147827e+01
 1.56069275e+01
 2.27746521e+01
 2.59546448e+01
 2.24800964e+01
 1.98429199e+01
 1.40255371e+01
 7.36684570e+00
 5.69057617e+00
 4.72985229e+00
 1.41286621e+00
 7.91689453e+00
 9.52749023e+00
 1.43790833e+01
 2.02151733e+01
 2.45021912e+01
 2.32219482e+01
 1.95924316e+01
 1.45589539e+01
 1.15503784e+01
 6.01461182e+00
 6.43755493e+00
 6.68886719e+00
 6.69542847e+00
 1.05244385e+01
 1.44018799e+01
 2.02179810e+01
 2.30512024e+01
 2.53615051e+01
 2.08817078e+01
 1.65125366e+01
 1.32627502e+01
 1.10920959e+01
 6.34578857e+00
 6.20202026e+00
 5.58471069e+00
 1.19598022e+01
 1.65579773e+01
 2.00570007e+01
 2.48335205e+01
 2.33233887e+01
 2.03693481e+01
 1.62914673e+01
 9.37011108e+00
 8.32998047e+00
 7.21676025e+00
 5.20287476e+00
 1.09805847e+01
 1.21688171e+01
 1.45306946e+01
 2.01012207e+01
 2.57152649e+01
 2.53132874e+01
 2.09535767e+01
 1.67755981e+01
 1.14472595e+01
 1.04367920e+01
 4.97240601e+00
 6.92150269e+00
 7.76015625e+00
 1.06606384e+01
 1.76667725e+01
 2.16080566e+01
 2.52282349e+01
 2.40318237e+01
 2.02431885e+01
 1.56812073e+01
 1.17233826e+01
 1.09669128e+01
 9.07451782e+00
 7.97203979e+00
 8.67748413e+00
 1.20672546e+01
 1.57678467e+01
 2.28551270e+01
 2.50146118e+01
 2.38381592e+01
 2.06580750e+01
 1.59162842e+01
 1.12941528e+01
 6.67189941e+00
 8.08956299e+00
 6.08278809e+00
 1.10030151e+01
 1.22976013e+01
 1.62251831e+01
 2.50412537e+01
 2.63591553e+01
 2.50918823e+01
 1.91645447e+01
 1.74565979e+01
 1.33661743e+01
 9.85701904e+00
 3.68862305e+00
 3.37407837e+00
 1.18048950e+01
 1.36499878e+01
 1.97605835e+01
 2.14308105e+01
 2.68035522e+01
 2.40746094e+01
 2.05068298e+01
 1.41450439e+01
 1.32228638e+01
 9.59444580e+00
 7.82296143e+00
 8.41423950e+00
 1.01979614e+01
 1.36153503e+01
 1.86707397e+01
 2.31294189e+01
 2.45907227e+01
 2.40804688e+01
 1.95488220e+01
 1.75075317e+01
 1.08947083e+01
 8.70293579e+00
 6.91469727e+00
 6.89257202e+00
 8.71242676e+00
 1.26509644e+01
 1.73346191e+01
 1.97969299e+01
 2.38713623e+01
 2.54950500e+01
 1.94172913e+01
 1.42473999e+01
 1.05530640e+01
 7.68483887e+00
 5.78545532e+00
 9.06862793e+00
 1.06078125e+01
 1.22352844e+01
 1.75390564e+01
 2.33013855e+01
 2.59584595e+01
 2.53089233e+01
 2.08822266e+01
 1.21220642e+01
 7.82338867e+00
 1.00106140e+01
 5.17043457e+00
 6.71538696e+00
 8.69692383e+00
 1.19795776e+01
 1.62894836e+01
 2.32867981e+01
 2.62502991e+01
 2.48862549e+01
 1.97339417e+01
 1.45056091e+01
 1.13357178e+01
 9.21038208e+00
 5.60256348e+00
 7.30251465e+00
 1.00284973e+01
 1.35862671e+01
 2.02364441e+01
 2.26273743e+01
 2.63080383e+01
 2.44616333e+01
 1.97131592e+01
 1.65734497e+01
 9.96004639e+00
 7.92846069e+00
 5.48333130e+00
 7.80788574e+00
 8.10964355e+00
 1.34432312e+01
 1.71815735e+01
 2.19019104e+01
 2.64618469e+01
 2.48682495e+01
 1.97477051e+01
 1.43684021e+01
 1.03780457e+01
 1.06965881e+01
 8.14589844e+00
 6.49907837e+00
 9.48830566e+00
 1.28558899e+01
 1.51442505e+01
 2.13449646e+01
 2.59866577e+01
 2.39130493e+01
 1.89166809e+01
 1.72375732e+01
 1.07880188e+01
 6.79079590e+00
 6.34020386e+00
 8.16500244e+00
 8.63723145e+00
 1.00689941e+01
 1.52260986e+01
 2.11408020e+01
 2.63997131e+01
 2.51335388e+01
 1.82627808e+01
 1.57528015e+01
 9.74569092e+00
 9.56633911e+00
 8.00698242e+00
 9.79088745e+00
 1.07411438e+01
 1.29707581e+01
 1.45888306e+01
 2.29191528e+01
 2.52441345e+01
 2.48487183e+01
 2.20884949e+01
 1.51539856e+01
 1.30631653e+01
 1.04301392e+01
 8.26925049e+00
 7.54381714e+00
 9.91756592e+00
 1.10149780e+01
 1.87767273e+01
 2.12964111e+01
 2.50177856e+01
 2.47848755e+01
 2.07325684e+01
 1.52496887e+01
 1.37014709e+01
 8.74001465e+00
 5.84209595e+00
 5.03450928e+00
 9.68334351e+00
 1.29088074e+01
 1.58706604e+01
 2.30333496e+01
 2.45016724e+01
 2.44782349e+01
 2.01854187e+01
 1.53771606e+01
 1.08657471e+01
 8.89647827e+00
 3.55001221e+00
 4.78353271e+00
 9.79470215e+00
 1.36107727e+01
 1.82464539e+01
 2.27951904e+01
 2.67894836e+01
 2.50331970e+01
 2.04812561e+01
 1.35101868e+01
 1.34291016e+01
 8.77279053e+00
 7.54097900e+00
 6.68868408e+00
 8.70726929e+00
 1.18515869e+01
 1.80473267e+01
 2.37110229e+01
 2.56049438e+01
 2.40855042e+01
 2.01368042e+01
 1.54294373e+01
 1.09738098e+01
 9.64968262e+00
 7.77480469e+00
 9.35860596e+00
 1.09589783e+01
 1.23756653e+01
 1.77746826e+01
 2.36574341e+01
 2.52561584e+01
 2.63004395e+01
 2.14402100e+01
 1.75511414e+01
 1.27872864e+01
 8.28759155e+00
 8.50985107e+00
 9.27300415e+00
 1.18357178e+01
 1.32431580e+01
 1.82939392e+01
 2.21317383e+01
 2.59225708e+01
 2.64952942e+01
 2.06851440e+01
 1.72815186e+01
 1.37058350e+01
 1.09366089e+01
 9.48916016e+00
 1.07763611e+01
 1.14954773e+01
 1.43819214e+01
 1.91627136e+01
 2.42586914e+01
 2.67441650e+01
 2.51628662e+01
 1.95519043e+01
 1.40529114e+01
 1.18823792e+01
 9.97481689e+00
 6.15560303e+00
 5.59179077e+00
 1.02656189e+01
 1.44897705e+01
 1.55146118e+01
 2.32095581e+01
 2.67381836e+01
 2.34073425e+01
 1.95690552e+01
 1.76746155e+01
 1.00055786e+01
 1.00981689e+01
 3.15920410e+00
 6.38942871e+00
 1.21686646e+01
 1.45926147e+01
 1.93734985e+01
 2.20386902e+01
 2.58321472e+01
 2.50311829e+01
 2.16616150e+01
 1.59121338e+01
 1.25689636e+01
 6.13164673e+00
 6.46154175e+00
 6.56557617e+00
 9.24733887e+00
 1.31408630e+01
 1.73984009e+01
 2.21041504e+01
 2.78501526e+01
 2.49944092e+01
 2.02273193e+01
 1.62768494e+01
 1.01973816e+01
 9.37413940e+00
 9.22908936e+00
 9.63619385e+00
 1.15861450e+01
 1.52562805e+01
 1.99115845e+01
 2.41344849e+01
 2.65000244e+01
 2.66534668e+01
 2.04337097e+01
 1.66735779e+01
 1.25381104e+01
 7.42125854e+00
 7.60756836e+00
 7.74205933e+00
 1.08793884e+01
 1.23383118e+01
 1.68017822e+01
 2.28958069e+01
 2.64275757e+01
 2.73149658e+01
 2.19094177e+01
 1.56055237e+01
 1.05104004e+01
 8.76683960e+00
 6.76897583e+00
 5.60646973e+00
 1.02947632e+01
 1.48916260e+01
 1.63006226e+01
 2.32790771e+01
 2.49094788e+01
 2.59646240e+01
 2.08866821e+01
 1.66363159e+01
 1.37660767e+01
 1.16005798e+01
 6.89479980e+00
 7.06160889e+00
 8.72295532e+00
 1.47995850e+01
 1.88413940e+01
 2.28094116e+01
 2.55509277e+01
 2.49221436e+01
 2.10525146e+01
 1.61455627e+01
 1.35770508e+01
 6.33318481e+00
 7.90358887e+00
 1.07360779e+01
 1.10015503e+01
 1.58731628e+01
 1.96346985e+01
 2.47548462e+01
 2.90555359e+01
 2.51452881e+01
 2.08802734e+01
 1.49004761e+01
 1.20041443e+01
 6.03362427e+00
 3.68325195e+00
 7.80022583e+00
 1.23872009e+01
 1.55715271e+01
 1.57581726e+01
 2.46331421e+01
 2.57871033e+01
 2.64507080e+01
 2.02137085e+01
 1.51290222e+01
 1.27856995e+01
 1.09959656e+01
 2.08077393e+00
 7.98208008e+00
 8.16939697e+00
 1.24313904e+01
 1.58116089e+01
 2.21099182e+01
 2.69196411e+01
 2.62828003e+01
 2.25767151e+01
 1.66199585e+01
 1.12292114e+01
 1.00417114e+01
 8.20577393e+00
 1.04451843e+01
 1.07752625e+01
 1.59698425e+01
 1.73138062e+01
 2.30412231e+01
 2.72862183e+01
 2.86437012e+01
 2.21070496e+01
 1.61321655e+01
 1.28229919e+01
 8.09026489e+00
 7.04577026e+00
 8.38875732e+00
 8.99062500e+00
 1.32928711e+01
 1.80532471e+01
 2.02705933e+01
 2.51295410e+01
 2.30585266e+01
 1.99168030e+01
 1.38643738e+01
 1.09950500e+01
 8.79876099e+00
 8.96056519e+00
 6.22652588e+00
 9.09401855e+00
 1.11221558e+01
 1.80900208e+01
 2.36310974e+01
 2.69678894e+01
 2.38731018e+01
 2.05967346e+01
 1.74745422e+01
 1.02577148e+01
 7.77248535e+00
 3.64348755e+00
 9.00924072e+00
 1.22183167e+01
 1.38079773e+01
 2.20795532e+01
 2.60468384e+01
 2.76054626e+01
 2.54856506e+01
 2.07173706e+01
 1.74078613e+01
 1.38513123e+01
 7.72606812e+00
 8.61242065e+00
 8.70580444e+00
 1.12583557e+01
 1.22588440e+01
 1.62029358e+01
 2.31982666e+01
 2.75341431e+01
 2.54132629e+01
 2.27647949e+01
 1.65464111e+01
 1.49608093e+01
 1.02213379e+01
 7.42867432e+00
 7.16652832e+00
 1.06774231e+01
 1.40343262e+01
 1.94365479e+01
 2.47289978e+01
 2.81308228e+01
 2.61391235e+01
 2.14338623e+01
 1.67902771e+01
 1.03136536e+01
 7.11071167e+00
 9.32250366e+00
 8.16292725e+00
 1.21325928e+01
 1.51920410e+01
 2.09908691e+01
 2.65171143e+01
 2.78232361e+01
 2.75574585e+01
 2.21193787e+01
 1.62542969e+01
 1.33957764e+01
 9.78725586e+00
 1.03131042e+01
 8.63720093e+00
 8.46590576e+00
 1.41664368e+01
 1.85210510e+01
 2.56317383e+01
 2.94327026e+01
 2.71375977e+01
 2.21552063e+01
 1.60476929e+01
 1.06545654e+01
 8.49666748e+00
