 -8.87457275e-01
 3.12761841e+00
 4.28646240e+00
 9.02062378e+00
 1.55137268e+01
 1.99804016e+01
 1.94836365e+01
 2.14481445e+01
 1.69751831e+01
 9.36116943e+00
 2.27706299e+00
 -3.19742432e+00
 1.67473755e+00
 2.59642944e+00
 4.77120361e+00
 1.19903809e+01
 1.47147461e+01
 1.62161499e+01
 2.03507629e+01
 2.16372009e+01
 1.47581116e+01
 7.14421997e+00
 3.62157593e+00
 -6.51502075e+00
 -6.74371948e+00
 2.29760132e+00
 3.93651733e+00
 9.12587891e+00
 1.32155090e+01
 1.90805603e+01
 2.34200073e+01
 2.21864258e+01
 1.37371765e+01
 7.01375732e+00
 5.29717407e+00
 5.56579590e-02
 -1.24710693e+00
 9.16375732e-01
 5.07042847e+00
 7.40825806e+00
 1.37883545e+01
 1.72312866e+01
 2.07071167e+01
 1.96055847e+01
 1.66353699e+01
 1.02024780e+01
 7.19719849e+00
 -4.85723877e-01
 -2.02301636e+00
 7.77032471e-01
 4.63152466e+00
 1.05587402e+01
 1.10241638e+01
 1.73735291e+01
 1.99261108e+01
 1.76318298e+01
 1.42224060e+01
 8.96688232e+00
 6.12551270e+00
 -7.92364502e-01
 -3.94660034e+00
 1.58275757e+00
 8.05599365e+00
 1.00741516e+01
 1.32449280e+01
 1.66198059e+01
 2.00637146e+01
 1.79938904e+01
 1.30053650e+01
 6.59716187e+00
 9.15807495e+00
 9.07495117e-01
 2.04131470e+00
 1.53826294e+00
 4.27214966e+00
 9.55092773e+00
 1.59267212e+01
 2.11926514e+01
 2.38791748e+01
 1.97351013e+01
 1.46174561e+01
 9.43242798e+00
 5.00106201e+00
 4.83941650e-01
 -2.92188110e+00
 -1.10724487e+00
 5.69213257e+00
 8.93651733e+00
 1.44836060e+01
 1.87640320e+01
 2.31340881e+01
 2.24829041e+01
 1.68427063e+01
 1.08069702e+01
 4.82134399e+00
 2.57287598e-01
 -7.34381104e-01
 4.80785522e+00
 2.26903687e+00
 7.57634888e+00
 1.16959167e+01
 1.59468628e+01
 2.29161621e+01
 1.97374512e+01
 1.28911682e+01
 1.09884888e+01
 5.60817871e+00
 1.90007935e+00
 3.51860962e+00
 6.26879272e+00
 8.64437256e+00
 1.00229126e+01
 1.33937927e+01
 1.76503235e+01
 1.96090332e+01
 2.01334473e+01
 1.13962036e+01
 8.83266602e+00
 3.30758057e+00
 4.78463135e+00
 2.39898071e+00
 5.30147705e+00
 4.54714355e+00
 9.13329468e+00
 1.15691162e+01
 1.76935669e+01
 2.04692932e+01
 1.68398987e+01
 1.45419556e+01
 9.26021729e+00
 5.88414917e+00
 7.46667480e-01
 1.10162354e-01
 3.86571655e+00
 6.26775513e+00
 8.42647705e+00
 1.22313782e+01
 1.50309692e+01
 2.16289917e+01
 2.09198547e+01
 1.34820496e+01
 1.04973083e+01
 3.15343628e+00
 6.61157227e-01
 8.61291504e-01
 1.68712769e+00
 5.18676147e+00
 7.79403076e+00
 1.27657104e+01
 2.04653259e+01
 2.37995544e+01
 2.08378540e+01
 1.44551941e+01
 9.62719116e+00
 1.27864990e+00
 -3.61807861e+00
 2.13186035e+00
 -5.30761719e-02
 6.84877930e+00
 6.96184692e+00
 1.23788086e+01
 1.67671753e+01
 2.29681335e+01
 2.35683533e+01
 1.52825867e+01
 8.34114990e+00
 8.35567627e+00
 1.23903809e+00
 -3.23370361e-01
 4.81649170e+00
 3.69170532e+00
 1.20274597e+01
 1.60183960e+01
 1.72098633e+01
 2.14466797e+01
 2.09943787e+01
 1.56444336e+01
 1.10186401e+01
 4.30904541e+00
 2.95232544e+00
 -5.06140137e-01
 -3.83978882e+00
 2.96984253e+00
 7.68627319e+00
 1.35547424e+01
 1.75427490e+01
 2.38977905e+01
 2.06946960e+01
 1.63391663e+01
 1.12465149e+01
 4.21700439e+00
 2.53112183e+00
 -2.65497437e+00
 -4.61514893e+00
 -1.69318237e+00
 4.75551758e+00
 1.42177673e+01
 1.62216736e+01
 2.51101624e+01
 2.37797485e+01
 1.79967896e+01
 8.88161621e+00
 4.56673584e+00
 6.34210205e-01
 -7.16772461e-01
 -2.27551880e+00
 2.84884033e+00
 6.83632813e+00
 1.16679626e+01
 1.78047424e+01
 1.95166260e+01
 2.09566284e+01
 1.58999268e+01
 9.88259277e+00
 3.81786499e+00
 -9.71655273e-01
 -1.07678833e+00
 1.75399170e+00
 3.75036011e+00
 8.94268188e+00
 1.32920471e+01
 1.80843445e+01
 2.27194458e+01
 2.20703674e+01
 1.56106506e+01
 8.54894409e+00
 3.10863647e+00
 3.85583496e-01
 1.86016235e+00
 4.96111450e+00
 6.90847168e+00
 8.62542114e+00
 1.19061523e+01
 1.49955383e+01
 1.99619690e+01
 1.77360474e+01
 1.48228088e+01
 8.59905396e+00
 3.41378174e+00
 -3.71555176e+00
 -2.65756836e+00
 2.49517212e+00
 3.35790405e+00
 8.10598145e+00
 1.11750122e+01
 1.70302063e+01
 2.28628479e+01
 2.33281189e+01
 1.53967224e+01
 9.71242676e+00
 4.44432983e+00
 -3.85022583e+00
 -3.51928711e-02
 -1.00134338e+01
 6.99956665e+00
 1.13253113e+01
 1.37969910e+01
 1.84581238e+01
 2.19919067e+01
 2.27837769e+01
 1.80365540e+01
 9.87947998e+00
 8.65023193e+00
 1.78780518e+00
 4.72133789e+00
 2.86019287e+00
 6.62188110e+00
 1.09942261e+01
 1.25889221e+01
 1.79232727e+01
 2.29055420e+01
 2.13776794e+01
 1.61409241e+01
 1.17864014e+01
 4.31856689e+00
 1.89156494e+00
 2.45305786e+00
 1.07537231e+00
 2.35949097e+00
 5.48250732e+00
 1.19125000e+01
 1.72196289e+01
 2.39507385e+01
 2.22398315e+01
 1.35069519e+01
 1.03474976e+01
 5.03713379e+00
 3.43282471e+00
 4.12337646e+00
 3.30504761e+00
 2.62383423e+00
 1.20001160e+01
 1.35082642e+01
 1.66177307e+01
 2.02784973e+01
 1.82170654e+01
 1.54985291e+01
 7.22884521e+00
 7.48159180e+00
 -1.16308594e-01
 -4.44541016e+00
 8.99658203e-03
 3.64623413e+00
 1.16333557e+01
 1.06685730e+01
 1.62048889e+01
 2.04063354e+01
 1.85997864e+01
 1.34940735e+01
 9.98879395e+00
 6.32280884e+00
 2.37136230e+00
 -8.60046387e-02
 5.73059082e-02
 3.28383789e+00
 1.01566406e+01
 1.25348755e+01
 1.70607544e+01
 2.13666321e+01
 2.18787170e+01
 1.49158264e+01
 9.03121338e+00
 3.19570313e+00
 9.79730225e-01
 -2.33221436e-01
 3.76632080e+00
 4.02138672e+00
 8.57094727e+00
 1.26177002e+01
 1.45389038e+01
 1.81117798e+01
 2.14322754e+01
 1.44451843e+01
 6.93755493e+00
 7.46627197e+00
 2.39940796e+00
 3.15789795e-01
 1.21587524e+00
 5.96968994e+00
 1.02524658e+01
 1.54703308e+01
 1.57669922e+01
 2.42312866e+01
 2.01996094e+01
 1.49724365e+01
 9.26137695e+00
 5.81176147e+00
 4.00145874e+00
 3.34145508e+00
 -1.20218506e+00
 4.87722168e+00
 9.39010010e+00
 1.33457886e+01
 1.68067871e+01
 1.65426575e+01
 1.57461792e+01
 1.52867371e+01
 8.03923950e+00
 5.14101563e+00
 3.55135498e+00
 2.34401855e+00
 5.39464722e+00
 7.45311890e+00
 9.73702393e+00
 1.44967590e+01
 1.80903564e+01
 1.97673889e+01
 1.90189148e+01
 1.61052490e+01
 8.91439209e+00
 6.66756592e+00
 3.33129272e+00
 1.89711914e+00
 3.73986816e-01
 4.83602295e+00
 5.77800903e+00
 1.35603577e+01
 1.80746094e+01
 2.45961548e+01
 2.22438599e+01
 1.53258301e+01
 1.02571655e+01
 6.67754517e+00
 2.15554199e+00
 1.57607422e+00
 2.38775024e+00
 4.27938232e+00
 1.03304382e+01
 1.34268127e+01
 1.48637329e+01
 1.99815308e+01
 2.05334717e+01
 2.08552795e+01
 8.68166504e+00
 2.92556152e+00
 -4.48126831e+00
 -2.53238525e+00
 -2.34537354e+00
 3.50710449e+00
 1.02532898e+01
 1.26050049e+01
 1.69707886e+01
 2.19883972e+01
 2.05755249e+01
 1.46838013e+01
 1.08099304e+01
 8.10570679e+00
 2.48235474e+00
 -1.84430542e+00
 -6.62420654e-01
 6.23177490e+00
 1.05380493e+01
 1.44591919e+01
 2.05515381e+01
 2.08785034e+01
 2.09060913e+01
 1.60868164e+01
 1.30056702e+01
 4.08428345e+00
 4.36589966e+00
 2.93151245e+00
 -7.64114990e+00
 4.68734131e+00
 9.92003784e+00
 1.16497437e+01
 1.55246216e+01
 2.00727173e+01
 2.10604797e+01
 1.78218628e+01
 7.44793091e+00
 6.17107544e+00
 3.43941650e+00
 2.03756104e+00
 3.65472412e-01
 5.99678955e+00
 1.16462646e+01
 1.67746216e+01
 1.86102234e+01
 2.14203125e+01
 2.11731506e+01
 1.67114807e+01
 1.16407715e+01
 5.27214966e+00
 2.88863525e+00
 7.25061035e-01
 5.21203613e-01
 8.06514893e+00
 8.91857300e+00
 1.70468384e+01
 1.67439819e+01
 2.24277283e+01
 2.05127808e+01
 1.95838867e+01
 1.08956848e+01
 7.80614624e+00
 4.91463623e+00
 4.36035156e-02
 3.51516113e+00
 7.49019775e+00
 8.45217285e+00
 1.30273987e+01
 1.86764160e+01
 2.16751648e+01
 2.07794739e+01
 1.67921692e+01
 8.19603882e+00
 2.63045654e+00
 -1.63077393e+00
 2.75921021e+00
 5.09349976e+00
 2.73687134e+00
 7.92681274e+00
 1.39528748e+01
 1.64535461e+01
 2.20854736e+01
 1.76007324e+01
 1.38465820e+01
 6.86513672e+00
 6.88662109e+00
 2.54754028e+00
 5.59417114e+00
 4.70406494e+00
 5.17739258e+00
 1.00685669e+01
 1.48202148e+01
 1.71202942e+01
 2.35385071e+01
 2.35118652e+01
 1.64603821e+01
 1.17925049e+01
 1.90776978e+00
 -1.95471191e-01
 3.59032593e+00
 -4.43555298e+00
 2.25026855e+00
 9.75084839e+00
 1.34561707e+01
 1.88110596e+01
 2.34521729e+01
 2.23683411e+01
 1.68052612e+01
 1.00017639e+01
 6.42211304e+00
 4.96572266e+00
 3.31557617e+00
 7.18164063e-01
 7.00634155e+00
 9.18901978e+00
 1.42766052e+01
 1.71275574e+01
 1.96921936e+01
 1.67156921e+01
 1.50159851e+01
 1.00188538e+01
 8.06200562e+00
 2.79750977e+00
 4.79503784e+00
 2.51400146e+00
 3.55336914e+00
 8.03283081e+00
 1.44570862e+01
 1.97871338e+01
 2.28354126e+01
 2.13775879e+01
 1.70986267e+01
 1.08573853e+01
 6.63857422e+00
 5.15157471e+00
 1.64135132e+00
 -2.63953247e+00
 3.86632690e+00
 7.76604614e+00
 1.69900757e+01
 1.93400208e+01
 2.42591797e+01
 2.33431335e+01
 1.41559082e+01
 9.91243896e+00
 6.75646362e+00
 3.85622559e+00
 1.37014160e+00
 9.88671875e-01
 8.60433350e+00
 9.80114136e+00
 1.46747986e+01
 2.04141174e+01
 2.16335999e+01
 2.03611694e+01
 1.72156921e+01
 1.01962830e+01
 4.43114624e+00
 2.34218750e+00
 2.82296143e+00
 2.15072021e+00
 4.02105103e+00
 1.03537842e+01
 1.04712158e+01
 1.52914063e+01
 2.12365051e+01
 1.97619263e+01
 1.50473877e+01
 8.91643677e+00
 4.65511475e+00
 5.50561523e-01
 -1.54882812e-01
 4.78508911e+00
 7.05318604e+00
 9.53063354e+00
 1.12430359e+01
 1.86068054e+01
 2.30194031e+01
 1.81914307e+01
 1.53491760e+01
 1.24441772e+01
 6.08800659e+00
 1.43731689e-01
 -1.85758057e+00
 1.09179077e+00
 5.94591675e+00
 1.06793152e+01
 1.39824768e+01
 1.71587769e+01
 1.94164978e+01
 2.12082458e+01
 1.85605713e+01
 1.08730408e+01
 4.05199585e+00
 2.74733887e+00
 4.15072021e+00
 5.50515137e+00
 3.75789795e+00
 9.33974609e+00
 1.34278503e+01
 1.41758362e+01
 2.02576233e+01
 2.28875366e+01
 1.75676819e+01
 1.19603210e+01
 1.66564331e+00
 -2.62457275e-01
 -4.19989014e-01
 3.18792114e+00
 5.31585083e+00
 7.86550293e+00
 1.49381958e+01
 1.71683289e+01
 2.37851196e+01
 2.13641602e+01
 1.51387573e+01
 7.68193970e+00
 5.55788574e+00
 1.94116211e-01
 1.61760864e+00
 9.84948730e-01
 6.37923584e+00
 1.08370300e+01
 1.31189514e+01
 1.78008362e+01
 2.34122559e+01
 2.24656006e+01
 1.56239258e+01
 9.44439087e+00
 5.43102417e+00
 2.89360962e+00
 1.39208374e+00
 4.53542480e+00
 9.49495850e+00
 1.07555176e+01
 1.24539429e+01
 1.58116394e+01
 2.14009949e+01
 2.04258972e+01
 1.44444824e+01
 1.12250610e+01
 3.91809082e-01
 -3.28039551e-01
 2.92504883e-01
 -3.20313110e+00
 6.50921021e+00
 1.00902039e+01
 1.47161194e+01
 1.78646484e+01
 2.02827087e+01
 1.99755188e+01
 1.46407715e+01
 7.09954224e+00
 4.30404053e+00
 6.25146484e-01
 1.41512451e+00
 3.58223877e+00
 7.61574707e+00
 9.83568726e+00
 1.33612305e+01
 1.80324341e+01
 2.64997803e+01
 2.15740601e+01
 1.47749573e+01
 1.38407532e+01
 5.98989258e+00
 3.34325562e+00
 -2.06518555e-01
 2.76717529e+00
 8.66457520e+00
 1.17163330e+01
 1.27658630e+01
 1.71061035e+01
 2.16946350e+01
 2.10743042e+01
 1.63795715e+01
 7.41845093e+00
 7.80346069e+00
 1.30376587e+00
 1.55690918e+00
 7.73706055e-01
 7.74263916e+00
 8.18325195e+00
 1.40470215e+01
 1.63897949e+01
 1.95407959e+01
 2.07931458e+01
 1.51439453e+01
 9.58171997e+00
 8.72051392e+00
 2.57613525e+00
 9.04016113e-01
 1.67983398e+00
 6.54622803e+00
 9.96676025e+00
 1.27303101e+01
 1.72729736e+01
 2.50183350e+01
 2.17682129e+01
 1.82610413e+01
 1.26234070e+01
 5.43587646e+00
 2.41488037e+00
 -6.36987915e+00
 -2.49167480e+00
 6.28017578e+00
 8.00148926e+00
 1.31981140e+01
 1.94846130e+01
 2.26098572e+01
 2.24531494e+01
 1.59911133e+01
 8.87490234e+00
 4.81945190e+00
 3.67250977e+00
 1.73049316e+00
 3.85283813e+00
 4.65975342e+00
 8.70412598e+00
 1.39643799e+01
 1.58223511e+01
 1.99920593e+01
 1.96298157e+01
 1.64486328e+01
 1.18019043e+01
 6.57384644e+00
 -1.28912964e+00
 5.92462158e-01
 3.71755371e+00
 6.25676880e+00
 8.39486084e+00
 1.37534119e+01
 1.85316101e+01
 2.13665710e+01
 2.10609985e+01
 1.68859497e+01
 1.10190979e+01
 3.60207520e+00
 1.86800537e+00
 3.38842163e+00
 2.50850830e+00
 5.33303223e+00
 1.14607788e+01
 1.51346069e+01
 1.72526184e+01
 2.15620667e+01
 2.03876892e+01
 1.82734924e+01
 8.92034302e+00
 4.69280396e+00
 5.45241699e+00
 4.29256592e+00
 2.33513794e+00
 5.72893677e+00
 1.10051208e+01
 1.59532715e+01
 1.92065979e+01
 2.38563171e+01
 2.23901306e+01
 1.58996826e+01
 9.88192139e+00
 5.71550903e+00
 1.93047485e+00
 2.09752808e+00
 5.08123169e+00
 5.42537842e+00
 9.50890503e+00
 1.22615906e+01
 1.83503357e+01
 2.23622681e+01
 2.13192993e+01
 1.58540283e+01
 1.02802979e+01
 6.29067383e+00
 4.52385864e+00
 2.45263672e-01
 -1.05109253e+00
 5.55343018e+00
 9.96410522e+00
 1.35900208e+01
 1.62374512e+01
 1.99209839e+01
 2.17045532e+01
 1.57883240e+01
 1.17072693e+01
 8.60982666e+00
 5.51915894e+00
 3.73195801e+00
 2.04113159e+00
 4.98616943e+00
 1.14557129e+01
 1.66309448e+01
 2.09420715e+01
 2.12170349e+01
 2.19665466e+01
 1.66743103e+01
 8.36486206e+00
 3.98958740e+00
 4.07445679e+00
 -1.19083252e+00
 -9.05096436e-01
 5.87807617e+00
 1.16499573e+01
 1.39043213e+01
 1.77050415e+01
 2.17856689e+01
 2.02707458e+01
 1.48555542e+01
 1.07672058e+01
 4.27904663e+00
 2.70641479e+00
 3.41744385e+00
 2.41585693e+00
 7.48250732e+00
 1.19276672e+01
 1.75435425e+01
 2.08725525e+01
 2.39265686e+01
 2.66768127e+01
 1.88895813e+01
 1.35239197e+01
 5.76333008e+00
 3.90624390e+00
 5.12706909e+00
 6.21944580e+00
 9.77434692e+00
 1.23042236e+01
 1.93666016e+01
 1.99168640e+01
 2.53831116e+01
 2.33191162e+01
 1.57224670e+01
 1.05903259e+01
 4.36620483e+00
 3.97423706e+00
 4.62383423e+00
 1.93465576e+00
 3.42446289e+00
 9.01992188e+00
 1.32729736e+01
 2.10535522e+01
 2.18754211e+01
 2.34425903e+01
 1.56311584e+01
 9.77083740e+00
 5.27691040e+00
 4.18825684e+00
 1.21132813e+00
 2.03002319e+00
 4.41692505e+00
 6.88384399e+00
 1.45703674e+01
 2.05213257e+01
 2.25531555e+01
 2.10909058e+01
 1.82121521e+01
 9.90783081e+00
 7.31951294e+00
 2.60814819e+00
 2.66021118e+00
 2.47182617e+00
 5.14443359e+00
 1.15026184e+01
 1.56507813e+01
 1.97596069e+01
 2.53734985e+01
 2.28595520e+01
 1.65854431e+01
 1.00797668e+01
 7.19927368e+00
 4.40401611e+00
 1.58529053e+00
 4.70638428e+00
 6.99370728e+00
 9.05693970e+00
 1.54305054e+01
 1.93131348e+01
 2.12614990e+01
 2.38810669e+01
 1.46794678e+01
 1.19323059e+01
 6.75551758e+00
 1.64821777e+00
 2.34307861e-01
 6.38146362e+00
 5.52019653e+00
 6.78069458e+00
 1.51129089e+01
 1.88918396e+01
 2.41166931e+01
 2.19883972e+01
 1.63261658e+01
 1.26704651e+01
 5.17122803e+00
 -2.42188110e+00
 -2.39599609e-01
 5.87124023e+00
 5.28121338e+00
 1.01767822e+01
 1.35607544e+01
 1.68369385e+01
 2.25906616e+01
 2.15025879e+01
 1.79685913e+01
 1.12932678e+01
 7.07399902e+00
 4.80373535e+00
 -7.07666626e+00
 -2.39124146e+00
 3.51943359e+00
 7.03032837e+00
 1.21889282e+01
 1.82755676e+01
 2.29034973e+01
 2.15788208e+01
 1.61380249e+01
 1.22622620e+01
 8.41329346e+00
 -1.62976685e+00
 2.42141113e+00
 1.32628784e+00
 7.86266479e+00
 8.12832031e+00
 1.28323914e+01
 2.06478821e+01
 2.55965210e+01
 2.25250183e+01
 1.80502563e+01
 1.02161194e+01
 7.83284912e+00
 3.03194580e+00
 1.97570190e+00
 2.62664185e+00
 3.87578735e+00
 1.16623779e+01
 1.72494751e+01
 1.72010132e+01
 2.38109375e+01
 2.25610596e+01
 1.77951599e+01
 1.17134033e+01
 5.03133545e+00
 6.48729858e+00
 1.16466675e+00
 4.32378540e+00
 6.48757324e+00
 1.00071655e+01
 1.42330872e+01
 1.57820068e+01
 1.85901428e+01
 1.97554565e+01
 1.67822205e+01
 1.05385376e+01
 5.01400146e+00
 4.68911133e+00
 4.62030029e-01
 2.98351440e+00
 5.49834595e+00
 1.14526306e+01
 1.39586121e+01
 1.53137756e+01
 2.47458740e+01
 2.27417236e+01
 1.77365967e+01
 1.16908813e+01
 1.75701294e+00
 2.54461060e+00
 2.25679932e+00
 3.18114624e+00
 3.71389160e+00
 1.15566345e+01
 1.36799866e+01
 2.00128113e+01
 2.41092773e+01
 2.42794739e+01
 1.71151978e+01
 1.11078430e+01
 3.77703247e+00
 6.75073242e-01
 9.35418701e-01
 2.40358887e+00
 3.70464478e+00
 1.10761353e+01
 1.71497742e+01
 2.23650146e+01
 2.16609131e+01
 2.23891541e+01
 1.46248108e+01
 8.74819336e+00
 6.44799194e+00
 4.59295044e+00
 1.72515259e+00
 3.51253662e+00
 1.06050049e+01
 1.00466248e+01
 1.61299683e+01
 2.05840698e+01
 2.63203674e+01
 2.45714355e+01
 1.62913757e+01
 9.65187988e+00
 6.47460327e+00
 2.72454224e+00
 5.29641113e+00
 3.17742310e+00
 3.17202148e+00
 1.16274353e+01
 1.39556213e+01
 1.64989258e+01
 2.46259399e+01
 2.34520508e+01
 1.55702148e+01
 1.07699829e+01
 3.76607666e+00
 1.96328125e+00
 3.29989014e+00
 3.02526245e+00
 5.16338501e+00
 9.39809570e+00
 1.58205200e+01
 2.10712524e+01
 2.42024475e+01
 2.38350159e+01
 1.65824524e+01
 1.23441101e+01
 4.09533081e+00
 4.20312500e-01
 2.17055664e+00
 3.40105591e+00
 5.15395508e+00
 1.08925110e+01
 1.40914246e+01
 1.78272949e+01
 2.47835632e+01
 2.36926514e+01
 1.70528503e+01
 9.26094971e+00
 9.24077759e+00
 4.91561279e+00
 5.23950195e-01
 3.38222656e+00
 6.04430542e+00
 7.84261475e+00
 1.45332275e+01
 1.65160767e+01
 1.78595520e+01
 1.96674744e+01
 1.89962097e+01
 1.13531738e+01
 7.56401978e+00
 3.91185913e+00
 6.29970703e+00
 1.15667114e+00
 7.00380859e+00
 1.04879700e+01
 1.41363464e+01
 1.69337402e+01
 1.95160461e+01
 2.41230103e+01
 1.99280640e+01
 1.23315979e+01
 5.99062500e+00
 3.38555908e-01
 -3.80615234e-02
 3.37770996e+00
 8.97304688e+00
 1.19781433e+01
 1.80971924e+01
 2.01129089e+01
 2.53378235e+01
 2.72224060e+01
 1.85578247e+01
 1.28102356e+01
 4.03319702e+00
 7.10042725e+00
 3.38442383e+00
 2.76293335e+00
 6.30056152e+00
 1.31946045e+01
 1.49440247e+01
 2.10633179e+01
 2.51798340e+01
 2.27799927e+01
 1.87463623e+01
 9.11181030e+00
 6.67962036e+00
 3.71456299e+00
 4.61779175e+00
 4.78243408e+00
 8.15981445e+00
 1.25915466e+01
 1.46274353e+01
 1.74769836e+01
 2.01889587e+01
 2.51122681e+01
 1.93389526e+01
 1.26905151e+01
 6.22817383e+00
 1.06304321e+00
 4.17220459e+00
 2.96520386e+00
 5.41198120e+00
 8.78478394e+00
 1.57295166e+01
 1.67884766e+01
 2.28944031e+01
 2.11136414e+01
 1.64709412e+01
 1.08548523e+01
 7.17553101e+00
 6.00549316e-01
 5.46944580e+00
 6.36977539e+00
 5.67952881e+00
 1.03556152e+01
 1.55316101e+01
 2.26163879e+01
 2.48391357e+01
 2.44490906e+01
 1.81891418e+01
 1.22270752e+01
 5.96584473e+00
 1.79772949e-01
 1.34710083e+00
 -1.28064575e+00
 5.67922363e+00
 8.61135254e+00
 1.34749084e+01
 2.01718079e+01
 2.35012451e+01
 2.14161316e+01
 1.68649536e+01
 1.05748840e+01
 8.87392578e+00
 -2.59308472e+00
 -2.79577637e-01
 6.57937012e+00
 8.14037476e+00
 1.03648926e+01
 1.76171814e+01
 2.01260925e+01
 2.42725159e+01
 2.13332153e+01
 1.69239441e+01
 1.23117310e+01
 7.77480469e+00
 -8.46228027e-01
 3.46276245e+00
 5.63384399e+00
 7.39080200e+00
 1.02934509e+01
 1.61610657e+01
 1.80696960e+01
 2.19773804e+01
 2.40609070e+01
 2.25738464e+01
 1.21881958e+01
 8.60390625e+00
 6.26564941e+00
 5.26198730e+00
 2.33270264e-01
 5.87203369e+00
 1.04359070e+01
 1.44371887e+01
 1.98395325e+01
 2.19649902e+01
 2.40945984e+01
 1.71008240e+01
 1.17860657e+01
 9.00625000e+00
 2.61193237e+00
 3.57088623e+00
 6.48839722e+00
 7.09847412e+00
 1.01154724e+01
 1.33467651e+01
 1.50580383e+01
 2.04060913e+01
 2.20903564e+01
 1.71906067e+01
 1.03233582e+01
 8.12691650e+00
 3.73629150e+00
 3.72161255e+00
 -8.96667480e-02
 7.25000000e-01
 7.30056152e+00
 1.54465576e+01
 1.84826599e+01
 2.49607483e+01
 2.42724548e+01
 1.85611511e+01
 1.16243225e+01
 7.09057007e+00
 6.32817993e+00
 -8.04022217e-01
 4.25005493e+00
 6.81264648e+00
 1.11353394e+01
 1.32973877e+01
 1.92411438e+01
 2.36276489e+01
 2.12628113e+01
 1.65624023e+01
 1.21992737e+01
 6.31267700e+00
 2.22661743e+00
