 4.56371460e+00
 4.44463501e+00
 7.42537842e+00
 1.09688965e+01
 1.66189209e+01
 2.19142395e+01
 2.59275452e+01
 2.43117004e+01
 2.05918518e+01
 1.65369507e+01
 8.02913818e+00
 7.81795654e+00
 7.17409668e+00
 4.75283203e+00
 8.45574341e+00
 9.46862183e+00
 1.76829163e+01
 2.34231506e+01
 2.58753906e+01
 2.43143860e+01
 1.81471802e+01
 1.28167358e+01
 9.98232422e+00
 8.30288086e+00
 3.05254517e+00
 4.47274170e+00
 5.23845825e+00
 1.05642029e+01
 1.74384399e+01
 2.27875610e+01
 2.63968750e+01
 2.56493774e+01
 1.65617004e+01
 1.48244873e+01
 8.82399902e+00
 6.13857422e+00
 5.63823853e+00
 7.45562134e+00
 7.77715454e+00
 1.07829224e+01
 1.73700806e+01
 2.07857910e+01
 2.30263916e+01
 2.35171753e+01
 1.92027222e+01
 1.41876770e+01
 7.56231079e+00
 8.90078125e+00
 5.53206787e+00
 6.15691528e+00
 7.58782349e+00
 1.13944031e+01
 1.84759155e+01
 2.20452209e+01
 2.43793274e+01
 2.60689941e+01
 1.94184509e+01
 1.24569641e+01
 9.59072266e+00
 6.47362671e+00
 5.08294067e+00
 4.69341431e+00
 6.91646729e+00
 1.13858276e+01
 1.72750488e+01
 2.24874207e+01
 2.67161194e+01
 2.36101624e+01
 2.01488892e+01
 1.52174011e+01
 1.05641724e+01
 8.35933838e+00
 2.77697144e+00
 7.47597656e+00
 8.14495239e+00
 1.31141907e+01
 1.48734375e+01
 2.23027893e+01
 2.33565613e+01
 2.37501160e+01
 1.91640869e+01
 1.42344299e+01
 1.04985291e+01
 6.60717163e+00
 5.44320068e+00
 5.38192139e+00
 5.12148438e+00
 1.19054810e+01
 1.71919189e+01
 2.14633118e+01
 2.63616272e+01
 2.43575073e+01
 1.83324524e+01
 1.26512695e+01
 1.12317139e+01
 7.90508423e+00
 4.95769653e+00
 4.38738403e+00
 8.06807861e+00
 1.09162537e+01
 1.65550781e+01
 2.15888000e+01
 2.69197937e+01
 2.68402649e+01
 1.99331299e+01
 1.34335876e+01
 9.20992432e+00
 4.31337891e+00
 5.19106445e+00
 5.42077026e+00
 8.08608398e+00
 1.10116821e+01
 1.56498047e+01
 2.24913879e+01
 2.59202820e+01
 2.22784973e+01
 1.98712402e+01
 1.46476990e+01
 6.92409668e+00
 7.68572388e+00
 4.39815674e+00
 7.08037720e+00
 9.26394043e+00
 1.06063782e+01
 1.58297058e+01
 2.43076721e+01
 2.48535095e+01
 2.42955261e+01
 2.04170776e+01
 1.47099548e+01
 8.53225098e+00
 5.36367188e+00
 5.90902100e+00
 8.50447998e+00
 9.77532349e+00
 1.25744568e+01
 2.01158997e+01
 2.50152527e+01
 2.51916748e+01
 2.47756287e+01
 1.91841064e+01
 1.41844421e+01
 8.07546387e+00
 4.10973511e+00
 4.14635620e+00
 4.35781250e+00
 5.10677490e+00
 1.26832520e+01
 1.73316589e+01
 2.23354736e+01
 2.47410828e+01
 2.55559937e+01
 1.94764343e+01
 1.46877991e+01
 1.09210754e+01
 3.75209961e+00
 -3.21966553e-01
 3.45949707e+00
 9.26357422e+00
 1.22134949e+01
 1.89954163e+01
 2.41419006e+01
 2.71198669e+01
 2.77871948e+01
 2.06859985e+01
 1.50698181e+01
 1.05745483e+01
 7.96718750e+00
 3.63204346e+00
 6.79607544e+00
 8.79552612e+00
 1.20813843e+01
 1.91250854e+01
 2.41766296e+01
 2.57995239e+01
 2.71730286e+01
 1.90954834e+01
 1.67278687e+01
 1.12035156e+01
 8.42238770e+00
 5.40987549e+00
 6.26619873e+00
 7.76061401e+00
 1.30963379e+01
 1.74746948e+01
 2.44119507e+01
 2.79757629e+01
 2.52489868e+01
 2.05747925e+01
 1.13943726e+01
 8.85100708e+00
 3.34200439e+00
 7.99297485e+00
 1.80761108e+00
 7.17345581e+00
 1.04413086e+01
 1.61640869e+01
 2.24205566e+01
 2.63717896e+01
 2.61578918e+01
 2.09071289e+01
 1.54267517e+01
 8.41539917e+00
 6.33330688e+00
 5.38256226e+00
 5.83910522e+00
 7.01333008e+00
 1.17867676e+01
 1.80749146e+01
 2.25616699e+01
 2.49349915e+01
 2.55771118e+01
 2.13126160e+01
 1.52836548e+01
 1.04901672e+01
 6.46889648e+00
 8.50789795e+00
 7.32598877e-01
 7.56612549e+00
 1.17604004e+01
 1.78434998e+01
 2.11664368e+01
 2.35338379e+01
 2.45695435e+01
 2.17116638e+01
 1.24318176e+01
 1.14968811e+01
 7.94854126e+00
 4.11553345e+00
 5.55346069e+00
 8.30358276e+00
 1.15661560e+01
 1.64747864e+01
 2.43144165e+01
 2.63622070e+01
 2.51440674e+01
 2.02515503e+01
 1.56895691e+01
 1.12131287e+01
 7.53502808e+00
 5.53139648e+00
 7.31002197e+00
 9.56463013e+00
 1.04065491e+01
 1.83764282e+01
 1.97776733e+01
 2.74041992e+01
 2.49574219e+01
 1.83227783e+01
 1.39396912e+01
 9.35634766e+00
 5.62282715e+00
 7.16347656e+00
 4.85622559e+00
 7.53545532e+00
 9.49666748e+00
 1.53961731e+01
 2.29919983e+01
 2.51614929e+01
 2.58990723e+01
 1.96684814e+01
 1.39633728e+01
 1.04850708e+01
 4.02944336e+00
 5.43813477e+00
 5.75600586e+00
 7.81173096e+00
 1.02166077e+01
 1.68247314e+01
 2.54050842e+01
 2.60735413e+01
 2.68080078e+01
 1.97611023e+01
 1.33583923e+01
 8.80114136e+00
 4.92601929e+00
 2.05632935e+00
 5.03118286e+00
 5.75539551e+00
 1.12219177e+01
 1.57773376e+01
 2.26637207e+01
 2.64480225e+01
 2.68726135e+01
 2.01147400e+01
 1.45858704e+01
 1.15002075e+01
 8.60958252e+00
 7.66378174e+00
 6.69851074e+00
 8.49834595e+00
 1.22183777e+01
 2.02463928e+01
 2.45478455e+01
 2.55757385e+01
 2.62985779e+01
 2.03925110e+01
 1.48342224e+01
 1.16276794e+01
 1.06430908e+01
 7.02639160e+00
 6.27764282e+00
 9.97460327e+00
 1.15070129e+01
 1.91015259e+01
 2.46579834e+01
 2.61344543e+01
 2.38016296e+01
 1.76597229e+01
 1.20610901e+01
 1.03858582e+01
 5.96056519e+00
 4.65731201e+00
 8.51174316e+00
 8.87560425e+00
 1.37073608e+01
 1.78619324e+01
 2.59361816e+01
 2.62343994e+01
 2.85674072e+01
 2.23987671e+01
 1.33749023e+01
 1.04477783e+01
 8.18798218e+00
 3.88604126e+00
 3.59707031e+00
 6.90728149e+00
 1.28159119e+01
 1.70177551e+01
 2.53351685e+01
 2.84529053e+01
 2.84606873e+01
 2.10627380e+01
 1.48038879e+01
 1.05235229e+01
 5.48009644e+00
 4.25704346e+00
 7.15871582e+00
 8.86303101e+00
 1.29198853e+01
 1.81333557e+01
 2.42330261e+01
 2.58645264e+01
 2.74163147e+01
 1.91314026e+01
 1.26609131e+01
 1.02190186e+01
 9.17620239e+00
 4.94634399e+00
 5.45604858e+00
 8.51375732e+00
 1.39948975e+01
 1.63289124e+01
 2.26317993e+01
 2.73504883e+01
 2.58994995e+01
 2.15685974e+01
 1.59654480e+01
 1.04982239e+01
 5.90541992e+00
 4.00414429e+00
 7.00835571e+00
 7.20229492e+00
 1.22446838e+01
 1.89056641e+01
 2.38387390e+01
 2.83157593e+01
 2.59771057e+01
 2.29446655e+01
 1.56212097e+01
 8.92894897e+00
 5.12661133e+00
 2.85628662e+00
 6.32262573e+00
 8.38375244e+00
 1.23005005e+01
 1.76941467e+01
 2.38975769e+01
 2.81972290e+01
 2.54188171e+01
 1.79501587e+01
 1.57642456e+01
 1.20568787e+01
 9.21898804e+00
 4.57808838e+00
 6.39272461e+00
 1.01514526e+01
 1.18088318e+01
 1.62474915e+01
 2.20754639e+01
 2.95805603e+01
 2.79256836e+01
 2.22636353e+01
 1.65924927e+01
 1.19306580e+01
 4.51867065e+00
 8.43486938e+00
 6.43242798e+00
 9.09417114e+00
 9.79601440e+00
 1.56706177e+01
 2.04490295e+01
 2.54776245e+01
 2.71169373e+01
 2.04814392e+01
 1.30166870e+01
 7.48681030e+00
 6.01055298e+00
 9.40572510e+00
 4.59807739e+00
 8.30538330e+00
 1.12563416e+01
 1.72735535e+01
 2.24802795e+01
 2.62128235e+01
 2.43162170e+01
 2.00571838e+01
 1.36634460e+01
 8.43999634e+00
 3.35299072e+00
 5.90645752e+00
 7.13991699e+00
 6.93834839e+00
 9.45614014e+00
 1.94872070e+01
 2.40859009e+01
 2.72969910e+01
 2.56489502e+01
 2.00469910e+01
 1.69369446e+01
 1.10146729e+01
 6.54091797e+00
 4.08739624e+00
 6.22255859e+00
 1.12372375e+01
 1.23225952e+01
 2.07701355e+01
 2.44456726e+01
 2.96062561e+01
 2.79950500e+01
 2.29068848e+01
 1.56777588e+01
 1.21565186e+01
 5.39428101e+00
 5.88533936e+00
 7.37502441e+00
 8.19802246e+00
 1.01712891e+01
 1.72371765e+01
 2.50975281e+01
 2.78897339e+01
 2.67180420e+01
 1.88838440e+01
 1.65745789e+01
 1.16302734e+01
 6.40499268e+00
 4.94838867e+00
 5.77599487e+00
 9.75017700e+00
 1.27524353e+01
 1.64743896e+01
 2.31395203e+01
 2.75016113e+01
 2.54566895e+01
 1.99348083e+01
 1.78635193e+01
 1.24713989e+01
 8.96279297e+00
 8.32872925e+00
 7.36400757e+00
 8.57027588e+00
 1.27011047e+01
 1.76202942e+01
 2.29325195e+01
 2.60288330e+01
 2.84492126e+01
 2.24174744e+01
 1.43047729e+01
 6.04476318e+00
 5.12365112e+00
 6.07970581e+00
 5.25029907e+00
 9.82775269e+00
 1.26758362e+01
 1.84539429e+01
 2.15859009e+01
 2.82181335e+01
 2.51151672e+01
 2.26939331e+01
 1.60454651e+01
 1.09919678e+01
 9.30434570e+00
 6.39272461e+00
 5.73623047e+00
 8.01275024e+00
 1.29519897e+01
 1.47599426e+01
 2.02887817e+01
 2.80792175e+01
 2.82723022e+01
 2.03133484e+01
 1.58954407e+01
 1.04292847e+01
 9.23507080e+00
 6.44082031e+00
 8.10140381e+00
 9.35482178e+00
 1.32209412e+01
 1.73554016e+01
 2.29403625e+01
 2.88556763e+01
 2.63578735e+01
 1.96447998e+01
 1.55082031e+01
 1.12305237e+01
 9.02120361e+00
 8.64586792e+00
 5.82354126e+00
 8.41521606e+00
 1.09764954e+01
 1.67890259e+01
 2.53083130e+01
 2.73006531e+01
 2.53513428e+01
 1.90418335e+01
 1.72446533e+01
 6.90770874e+00
 5.38231812e+00
 6.06652222e+00
 5.17202148e+00
 7.68920288e+00
 1.35079590e+01
 1.62101990e+01
 2.08809753e+01
 2.52584778e+01
 2.48359009e+01
 2.29867798e+01
 1.48595825e+01
 1.01148010e+01
 7.42803345e+00
 4.59606323e+00
 6.97609863e+00
 1.11360413e+01
 1.41522766e+01
 1.58932129e+01
 2.14505249e+01
 2.62904297e+01
 2.56770569e+01
 2.30166260e+01
 1.59861694e+01
 1.05911194e+01
 6.21584473e+00
 4.07732544e+00
 9.14031372e+00
 9.84945068e+00
 1.26982971e+01
 1.38161255e+01
 2.17165771e+01
 2.54719788e+01
 2.82790466e+01
 2.33302551e+01
 1.73448730e+01
 1.09491211e+01
 9.95729980e+00
 7.77492676e+00
 6.92095337e+00
 8.85073242e+00
 1.09512268e+01
 1.67757813e+01
 2.49736267e+01
 2.79412476e+01
 2.54964844e+01
 2.24359680e+01
 1.64390808e+01
 1.19184204e+01
 7.94201050e+00
 6.86351929e+00
 7.10677490e+00
 1.00487305e+01
 1.17379395e+01
 1.59182068e+01
 2.57091614e+01
 2.94617859e+01
 2.79406677e+01
 2.18960815e+01
 1.42979065e+01
 1.12289978e+01
 7.78060303e+00
 6.50438843e+00
 7.73150024e+00
 8.70775757e+00
 1.37387329e+01
 1.91197754e+01
 2.52626587e+01
 2.77989441e+01
 2.96968628e+01
 2.18615662e+01
 1.56592957e+01
 8.24752197e+00
 6.38668213e+00
 8.38741455e+00
 7.79662476e+00
 8.54628906e+00
 1.46156250e+01
 1.91923157e+01
 2.68085266e+01
 2.77819458e+01
 2.46340576e+01
 2.05583435e+01
 1.68209778e+01
 1.07474915e+01
 8.81475220e+00
 7.43035278e+00
 6.32128296e+00
 7.08388672e+00
 1.24318481e+01
 1.64166809e+01
 2.40661255e+01
 2.73442932e+01
 2.77731567e+01
 2.10159851e+01
 1.74951111e+01
 1.19056030e+01
 6.35582886e+00
 7.45922241e+00
 7.42507324e+00
 8.13494263e+00
 1.13427979e+01
 1.94957825e+01
 2.30439392e+01
 2.88665710e+01
 2.67942749e+01
 2.16142517e+01
 1.47287842e+01
 8.16045532e+00
 8.66851196e+00
 4.14357910e+00
 6.82317505e+00
 9.36138306e+00
 1.19469543e+01
 1.87712952e+01
 2.43325134e+01
 2.78313232e+01
 2.47601868e+01
 2.20617310e+01
 1.78091370e+01
 1.29632507e+01
 6.48931274e+00
 9.24263916e+00
 7.23986206e+00
 1.15823914e+01
 1.56473022e+01
 2.00008484e+01
 2.45072266e+01
 2.92175537e+01
 2.94249207e+01
 1.97414185e+01
 1.54114624e+01
 1.07276550e+01
 5.37093506e+00
 8.57290039e+00
 8.64617310e+00
 8.87072144e+00
 1.20077148e+01
 2.02568604e+01
 2.65555664e+01
 2.78331238e+01
 2.75042969e+01
 2.20421997e+01
 1.55548645e+01
 1.12035156e+01
 6.26589355e+00
 5.76699219e+00
 5.72554932e+00
 8.15493164e+00
 1.47566772e+01
 2.08387695e+01
 2.61215759e+01
 2.79929749e+01
 2.84631897e+01
 2.23034912e+01
 1.59045654e+01
 1.21579224e+01
 1.01639954e+01
 6.05648193e+00
 5.39394531e+00
 8.14663086e+00
 1.26224304e+01
 1.76740356e+01
 2.33295227e+01
 2.62867371e+01
 2.73518616e+01
 2.12903076e+01
 1.53539978e+01
 9.84548340e+00
 8.64739380e+00
 8.41729126e+00
 5.76082764e+00
 9.35341797e+00
 1.44427429e+01
 1.81949097e+01
 2.31742493e+01
 2.65636841e+01
 2.67307678e+01
 2.13787781e+01
 1.66648499e+01
 1.08462463e+01
 5.69140015e+00
 5.49620972e+00
 7.26882324e+00
 9.15200195e+00
 1.23100525e+01
 1.53435303e+01
 2.52702576e+01
 2.54061523e+01
 2.51799866e+01
 2.14680115e+01
 1.45030457e+01
 1.00677124e+01
 8.86116943e+00
 5.59588013e+00
 8.06865845e+00
 9.54479370e+00
 1.39302307e+01
 1.99256836e+01
 2.56124207e+01
 2.83716675e+01
 2.75882507e+01
 2.09726807e+01
 1.55192200e+01
 1.15313965e+01
 9.96157227e+00
 5.68877563e+00
 5.69075928e+00
 8.83760986e+00
 1.47036682e+01
 1.77924744e+01
 2.21892944e+01
 2.69361511e+01
 2.65541626e+01
 1.98343140e+01
 1.53455444e+01
 1.05283752e+01
 5.96282349e+00
 1.99608765e+00
 7.67736206e+00
 7.29451904e+00
 1.27064148e+01
 1.86566101e+01
 2.38131348e+01
 2.75923401e+01
 2.61029602e+01
 2.12535950e+01
 1.87000366e+01
 1.04591919e+01
 1.10310608e+01
 9.58348999e+00
 7.02843628e+00
 1.10732056e+01
 1.36224304e+01
 1.97504822e+01
 2.33117615e+01
 2.87026001e+01
 2.67536255e+01
 2.43737732e+01
 1.79356323e+01
 1.20819031e+01
 9.14858398e+00
 3.98796997e+00
 7.06466064e+00
 8.55132446e+00
 1.49313599e+01
 2.02386719e+01
 2.26047913e+01
 2.85651489e+01
 3.06761414e+01
 2.12843872e+01
 1.65916992e+01
 1.27212769e+01
 6.14406738e+00
 5.11699829e+00
 5.15050659e+00
 9.98256836e+00
 1.34796692e+01
 1.89294067e+01
 2.56141296e+01
 2.76860291e+01
 2.84055725e+01
 2.26564270e+01
 1.68945557e+01
 1.10387817e+01
 9.39116821e+00
 8.40984497e+00
 7.30358276e+00
 1.03453308e+01
 1.32465759e+01
 1.76952454e+01
 2.48226563e+01
 2.69547058e+01
 2.78075500e+01
 2.09835449e+01
 1.63472229e+01
 1.22401367e+01
 9.97405396e+00
 1.06544739e+01
 8.00957642e+00
 1.00040527e+01
 1.41613403e+01
 2.05707031e+01
 2.81301819e+01
 3.13394714e+01
 2.59964844e+01
 1.97445923e+01
 1.67323242e+01
 1.24123169e+01
 9.57106934e+00
 8.30849609e+00
 9.83339844e+00
 8.92855225e+00
 1.07781616e+01
 1.83818909e+01
 2.51479431e+01
 2.77900024e+01
 2.88575989e+01
 2.37727905e+01
 1.54984985e+01
 1.14318787e+01
 9.16427002e+00
 5.96956787e+00
 7.08611450e+00
 7.74968872e+00
 1.26781860e+01
 2.15014587e+01
 2.53578735e+01
 3.06935669e+01
 2.85656372e+01
 2.14175354e+01
 1.71436401e+01
 1.09989258e+01
 6.70333252e+00
 7.30367432e+00
 6.30013428e+00
 8.38506470e+00
 1.31667114e+01
 1.89378601e+01
 2.44151855e+01
 2.56788269e+01
 2.70897461e+01
 2.35725647e+01
 1.73070007e+01
 1.16646973e+01
 7.21016846e+00
 7.30217896e+00
 8.13622437e+00
 9.68706665e+00
 1.27846924e+01
 1.94749390e+01
 2.50732971e+01
 3.13830811e+01
 2.89500671e+01
 2.11178833e+01
 1.68183533e+01
 9.76430664e+00
 8.28145752e+00
 7.20195923e+00
 5.82064209e+00
 1.03057495e+01
 1.46107422e+01
 1.99062134e+01
 2.36036926e+01
 2.71808411e+01
 2.70933472e+01
 2.12926575e+01
 1.70484863e+01
 1.22087036e+01
 9.93493042e+00
 8.01378784e+00
 9.68306885e+00
 6.91307983e+00
 1.38597961e+01
 1.88722473e+01
 2.84640747e+01
 2.97319275e+01
 2.97990356e+01
 2.21724792e+01
 1.52315918e+01
 1.18418518e+01
 7.80483398e+00
 5.30416260e+00
 6.13817749e+00
 8.59136353e+00
 1.53332458e+01
 2.07823730e+01
 2.57879272e+01
 3.00993896e+01
 2.97923828e+01
 2.49642273e+01
 1.64127441e+01
 1.37259155e+01
 1.08217712e+01
 6.17022095e+00
 6.29741821e+00
 1.03250366e+01
 1.66109558e+01
 2.00696350e+01
 2.84130493e+01
 2.98512207e+01
 2.91006104e+01
 2.49006897e+01
 1.40525452e+01
 1.07789246e+01
 6.85619507e+00
 8.37212524e+00
 8.16500244e+00
 9.82613525e+00
 1.28726135e+01
 1.97470947e+01
 2.60620056e+01
 3.04766479e+01
 2.98740479e+01
 2.00822388e+01
 1.40368591e+01
 1.16531616e+01
 4.54375610e+00
 8.32866821e+00
 6.63378296e+00
 8.54967651e+00
 1.25540100e+01
 1.97515503e+01
 2.54916931e+01
 3.21213318e+01
 2.99935547e+01
 2.47696472e+01
 1.79277893e+01
 1.09607483e+01
 7.93886719e+00
 5.81133423e+00
 8.16539917e+00
 9.91146240e+00
 1.37623535e+01
 1.65615173e+01
 2.43138062e+01
 2.91986023e+01
 3.11248108e+01
 2.54478394e+01
 1.64552551e+01
 1.07031189e+01
 6.81810913e+00
 6.74407349e+00
 5.60192261e+00
 8.55727539e+00
 1.22336975e+01
 1.56814819e+01
 2.49902893e+01
 2.73012024e+01
 2.70026794e+01
 2.45019470e+01
 1.43147217e+01
 8.28054199e+00
 7.51665649e+00
 4.14174805e+00
 8.21138916e+00
 1.01990906e+01
 1.34135986e+01
 1.89223572e+01
 2.43063293e+01
 2.81259094e+01
 2.79283081e+01
 2.11089417e+01
 1.79452454e+01
 1.08847900e+01
 9.45238647e+00
 6.71233521e+00
 5.30425415e+00
 1.09464966e+01
 1.39072815e+01
 1.91690002e+01
 2.67671143e+01
 3.06544128e+01
 2.68052307e+01
 2.17239624e+01
 1.68395020e+01
 1.26218811e+01
 4.73906860e+00
 6.54683838e+00
 7.00512085e+00
 1.01567322e+01
 1.45647827e+01
 1.79657227e+01
 2.36628967e+01
 2.94008118e+01
 2.67040039e+01
 2.48764282e+01
 1.65708557e+01
 1.07595154e+01
 7.49370728e+00
 9.09331665e+00
 5.86696777e+00
 9.64202271e+00
 1.15077454e+01
 1.85988403e+01
 2.60537659e+01
 3.09526611e+01
 2.78918396e+01
 2.40801941e+01
 1.54485413e+01
 1.14137817e+01
 9.74602661e+00
 8.72612915e+00
 6.97591553e+00
 8.43975220e+00
 1.40430237e+01
 1.99315125e+01
 2.52144714e+01
 2.86307312e+01
 2.80286194e+01
 2.26120850e+01
 1.92069031e+01
 1.25364319e+01
 7.94020996e+00
 9.94280396e+00
 7.67531738e+00
 8.52886353e+00
 1.38853699e+01
 2.17805115e+01
 3.01650635e+01
 3.23403870e+01
 3.10845276e+01
 2.12704712e+01
 1.79819275e+01
 1.03266541e+01
 7.20659790e+00
 7.46279297e+00
 9.46474609e+00
 9.37981567e+00
 1.31624390e+01
 1.73835999e+01
 2.47769104e+01
 2.80589539e+01
 2.74371582e+01
 2.10773560e+01
 1.64704529e+01
 1.43911987e+01
 9.97710571e+00
 7.82540283e+00
 1.07514282e+01
 9.88103638e+00
 1.51579529e+01
 1.83971802e+01
 2.44905945e+01
 2.52757813e+01
 2.93371826e+01
 2.16603027e+01
 1.52320496e+01
 1.08596436e+01
 7.75182495e+00
 6.66985474e+00
 8.16338501e+00
 9.61779175e+00
 1.38589417e+01
 1.89309937e+01
 2.15620361e+01
 2.78191162e+01
 2.52399841e+01
 2.20714966e+01
 1.96397034e+01
 1.14134155e+01
 8.65636597e+00
 7.97347412e+00
 8.64769897e+00
 8.63063965e+00
 1.44517456e+01
 2.02932678e+01
 2.75906921e+01
 2.90778748e+01
 2.77279602e+01
 2.55009705e+01
 1.41778198e+01
 1.13848206e+01
 1.01331421e+01
 6.38131104e+00
 8.18422852e+00
 8.74816284e+00
 1.35222717e+01
 1.98194824e+01
 2.69101196e+01
 2.91343323e+01
 2.94958740e+01
 2.34934631e+01
 1.79262939e+01
 1.37410217e+01
 9.44191895e+00
 7.12853394e+00
 7.99410400e+00
 9.76085815e+00
 1.74576965e+01
 2.16416260e+01
 2.71246887e+01
 3.00245605e+01
 2.80073181e+01
 2.20877625e+01
 1.82540833e+01
 1.09555603e+01
 1.09606262e+01
 7.98006592e+00
 9.30126343e+00
 9.58379517e+00
 1.40328308e+01
 1.77504211e+01
 2.64823853e+01
 3.03183533e+01
 2.70465942e+01
 2.13314453e+01
 1.82304932e+01
 1.05177246e+01
 8.54757080e+00
 3.76247559e+00
 9.45787964e+00
 1.04822327e+01
 1.27772156e+01
 1.76549011e+01
 2.34338623e+01
 2.78378845e+01
 2.74767090e+01
 2.42793213e+01
 1.70925232e+01
 1.36633850e+01
 7.57326660e+00
 7.54137573e+00
 8.43044434e+00
 9.64861450e+00
 1.21525513e+01
 2.07725464e+01
 2.22187134e+01
 2.86520935e+01
 2.84846436e+01
 2.28661743e+01
 1.75742432e+01
 1.07257629e+01
 6.40383301e+00
 5.21184692e+00
 7.55986938e+00
 8.48827515e+00
 1.36655212e+01
 2.05519043e+01
 2.77573486e+01
 3.14389587e+01
 2.91498352e+01
 2.22832275e+01
 1.93944031e+01
 1.36705872e+01
 1.00380493e+01
 8.07283936e+00
 7.61913452e+00
 9.10598145e+00
 1.69068542e+01
 2.12556091e+01
 2.52313171e+01
 3.20152527e+01
 2.89862000e+01
 2.51522156e+01
 1.82038513e+01
 1.08344666e+01
 8.34703979e+00
 7.94295654e+00
 1.01802917e+01
 1.19068237e+01
 1.28196655e+01
 1.92805725e+01
 2.51641174e+01
 2.66040283e+01
 2.79479309e+01
 2.32031189e+01
 1.62043701e+01
 1.09298340e+01
 1.11848694e+01
 8.77001343e+00
 8.91503296e+00
 8.27156982e+00
 1.33680664e+01
 1.93833252e+01
 2.67149902e+01
 3.22934509e+01
 2.77158447e+01
 2.33968750e+01
 1.48832336e+01
 9.13967285e+00
 7.09017334e+00
 9.24288330e+00
 8.81554565e+00
 9.44204102e+00
 1.45322510e+01
 1.75958191e+01
 2.45212036e+01
 2.94694763e+01
 2.90203186e+01
 2.36826416e+01
 1.89198547e+01
 1.35066772e+01
 6.96843872e+00
