 9.77011219e+00
 3.94698042e+00
 3.27566878e+01
 7.48816708e+01
 2.14722122e+01
 4.71714777e+01
 5.47753779e+01
 1.57891935e+01
 6.81018532e+01
 7.35250076e+01
 3.28765426e+01
 2.38967025e+01
 1.73325202e+01
 2.32069653e+01
 4.21781056e+01
 2.11679129e+01
 9.04001767e+01
 1.09637890e+02
 2.26092814e+01
 1.00202988e+01
 1.74805213e+01
 1.31071434e+01
 4.65619174e+01
 2.51304026e+01
 5.00719526e+01
 1.72980982e+01
 3.63356622e+01
 1.12525533e+01
 7.18184452e+01
 3.04649567e+01
 2.94435262e+01
 2.15753837e+01
 8.91973794e+01
 4.10289367e+01
 2.12453868e+01
 4.40955858e+01
 1.86220715e+01
 8.88905452e+00
 3.33772978e+01
 9.23372613e+01
 7.54363882e+01
 1.18211310e+02
 1.89317809e+01
 6.07597835e+01
 4.43272151e+01
 7.50025285e+01
 2.70148891e+01
 2.99848398e+01
 4.40073494e+01
 3.90520978e+01
 2.69231090e+01
 1.07679476e+02
 4.20630342e+01
 4.91281235e+01
 6.58433451e+01
 1.31354996e+02
 5.42214687e+01
 6.01995251e+01
 7.05550403e+01
 1.75767282e+01
 2.44710360e+01
 7.18590996e+01
 6.77305119e+01
 1.52016668e+02
 8.10403115e+01
 4.57808602e+01
 6.23481127e+01
 4.80674977e+01
 7.66465272e+01
 9.10641863e+00
 5.42409645e+01
 4.05327937e+01
 1.28152911e+01
 3.13102336e+01
 1.07110624e+02
 5.54304807e+01
 5.50889581e+01
 3.90862983e+01
 2.41400750e+01
 2.27903316e+01
 6.10021303e+01
 8.98628848e+01
 2.04085557e+01
 1.27863588e+02
 3.34493422e+01
 5.71361692e+01
 2.51490209e+01
 1.90843394e+02
 5.68506080e+01
 2.54516951e+01
 6.24207198e+01
 1.72630250e+01
 7.38301103e+01
 6.74640194e+01
 3.88237418e+01
 4.15072532e+01
 3.39935328e+01
 4.63940094e+01
 8.25625718e+01
 2.30556492e+01
 1.55012440e+02
 6.26930016e+01
 2.90033823e+00
 2.70133332e+01
 6.05786498e+01
 1.16319906e+02
 7.63647553e+01
 4.75386588e+01
 2.63795396e+01
 6.45235599e+01
 2.84740092e+01
 1.35262298e+02
 1.47284484e+02
 4.88240977e+01
 6.77977404e+01
 1.50069708e+02
 1.11085198e+02
 4.03957424e+01
 3.84387154e+01
 4.91456964e+01
 1.76680231e+01
 1.90355649e+01
 2.97215580e+01
 7.28262684e+01
 1.16743885e+02
 1.47423159e+02
 3.88957860e+01
 1.09757094e+02
 1.08776794e+02
 3.16491671e+01
 1.06043490e+02
 7.41325291e+01
 5.64838453e+01
 6.65327311e+01
 6.78676533e+01
 4.68071494e+01
 1.17250532e+02
 8.96845241e+01
 5.83975011e+01
 1.98607252e+01
 2.74452650e+01
 5.46877163e+01
 6.61923273e+01
 4.96373134e+01
 1.97511793e+00
 4.87033331e+00
 3.81582241e+01
 1.03426444e+02
 5.28108587e+01
 4.34887549e+01
 3.00604505e+01
 1.09580826e+02
 5.63374896e+01
 7.95144459e+01
 1.75119232e+01
 5.43347511e+01
 1.99695665e+01
 4.91118457e+01
 9.61013496e+01
 9.62195765e+01
 6.11660141e+01
 6.64065357e+01
 2.69071070e+01
 5.03309490e+00
 2.07834216e+01
 6.15208844e+01
 2.25737451e+01
 1.78102447e+01
 7.03063277e-01
 1.86658283e+01
 3.94628627e+01
 2.92696082e+01
 5.33181927e+01
 9.87478236e+01
 3.75153613e+01
 2.39059324e+01
 3.35385812e+01
 6.38349147e+01
 3.84559881e+01
 6.57037385e+01
 2.93582421e+01
 6.59814013e+01
 1.29140924e+01
 4.93464008e+01
 6.15130210e+01
 5.32798860e+01
 3.64145055e+01
 5.62110582e+01
 2.63049998e+01
 4.85907631e+01
 1.83901693e+01
 9.42669512e+01
 4.56086624e+01
 4.78124223e+01
 3.16209193e+01
 4.92921191e+01
 3.98383561e+01
 7.03748163e+01
 1.46872098e+01
 1.26639503e+01
 2.98354291e+01
 1.36642421e+02
 7.09853007e+01
 2.21948658e+01
 7.02553333e+00
 3.42386294e+01
 5.17436999e+01
 8.98571997e+01
 6.69718762e+01
 1.07389496e+02
 8.02131855e+01
 3.55516825e+01
 8.28378975e+01
 1.53574914e+02
 1.04946283e+01
 8.05188828e+01
 2.22205022e+01
 4.85135759e+01
 7.97370711e+01
 2.13419708e+02
 6.07149856e+01
 2.80952690e+01
 4.21142924e+01
 1.38308750e+01
 7.28289181e+01
 7.80053108e+01
 3.78975318e+01
 3.47196236e+01
 1.22124747e+01
 7.75240778e+01
 1.47372940e+02
 9.38765653e+01
 8.76609832e+01
 9.94103879e+01
 3.28138970e+01
 5.82762862e+01
 8.41193291e+01
 4.39691920e+01
 7.10731048e+01
 4.25232757e+01
 2.36645891e+01
 5.52689758e+01
 3.81899919e+01
 4.10681802e+01
 5.21086015e+01
 6.79818563e+01
 1.23544979e+01
 1.14939891e+01
 1.01902418e+01
 1.40876250e+02
 5.13388604e+01
 3.57719350e+01
 2.11391319e+01
 2.13333735e+01
 3.15377497e+01
 2.99190559e+01
 1.48373080e+02
 7.72345643e+01
 6.20052519e+01
 1.49316480e+01
 3.51440342e+01
 9.62653405e+01
 8.80409660e+01
 4.13852978e+01
 1.05449015e+01
 1.26854785e+01
 1.29285719e+02
 1.33252455e+02
 9.32883846e+01
 1.02736109e+02
 1.90421508e+01
 3.08194248e+01
 2.48560930e+01
 7.31273516e+01
 6.13028227e+01
 4.71040147e+01
 4.20354686e+01
 2.82122646e+01
 4.30553837e+01
 4.28655924e+01
 3.59272952e+01
 6.70967572e+01
 4.02485866e+01
 2.28816958e+01
 9.38107936e+01
 7.18657667e+01
 6.30582435e+00
 2.11488731e+00
 1.09261913e+01
 1.47952659e+01
 4.27812051e+00
 1.67447712e+01
 6.29536805e+01
 8.58009076e+01
 3.28661514e+01
 1.05291416e+02
 3.12781147e+01
 6.38046548e+01
 5.25165849e+01
 8.18355065e+01
 3.23556994e+01
 6.88865889e+01
 2.14564708e+01
 6.21821178e+01
 1.20182559e+02
 7.67926725e+01
 4.63642190e+01
 8.62364061e+01
 1.08946424e+02
 5.50254323e+01
 8.15898468e+01
 3.02663246e+00
 4.25803802e+01
 3.25170089e+01
 5.11748279e+01
 8.19230148e+01
 1.60418595e+02
 3.42719904e+01
 4.89839174e+01
 2.86650493e+01
 8.16532139e+01
 3.95625678e+01
 1.09031203e+01
 2.15345979e+01
 8.74538411e+00
 3.26846745e+01
 7.55423404e+00
 1.60206075e+02
 5.64425358e+01
 8.89687483e+01
 1.45695234e+02
 2.27658572e+01
 1.64893528e+01
 5.82924855e+01
 6.24511078e+01
 1.28131109e+01
 4.05303528e+01
 2.44126712e+01
 9.37600411e+01
 9.60966800e+01
 3.78264860e+01
 6.57859663e+01
 1.83571356e+01
 1.69479784e+01
 5.01108241e+01
 5.93478492e+01
 4.56752530e+01
 5.31241904e+01
 4.42694327e+01
 7.04584769e+00
 5.68048699e+01
 9.76931843e+01
 5.87026868e+01
 1.98006790e+02
 1.94812405e+02
 8.34861922e+01
 1.58011590e+02
 1.96797884e+01
 1.45962628e+01
 1.01478926e+02
 5.86043410e+01
 3.10299592e+01
 1.40961150e+02
 4.59674163e+01
 7.39845719e+01
 4.12893666e+01
 4.51054014e+01
 6.38138190e+01
 4.51986176e+01
 3.27064284e+01
 2.18723542e+01
 3.85581431e+01
 3.86948948e+01
 5.30560439e+01
 7.74074992e+01
 1.98254031e+01
 7.44032163e+01
 1.33682466e+02
 2.41838351e+01
 4.51951682e+00
 4.46580870e+01
 9.42359557e+01
 6.18972295e+01
 4.70023170e+01
 9.65441299e+00
 1.69838827e+01
 4.48993750e+01
 7.92403668e+01
 8.50973077e+01
 1.34555254e+02
 1.03086095e+02
 2.90702447e+01
 2.95150170e+01
 1.44012140e+02
 6.83969821e+01
 4.98929317e+01
 4.55272467e+01
 1.42386093e+01
 8.34923212e+01
 9.98253864e+01
 7.62326696e+01
 7.83296049e+01
 4.47359054e+01
 5.68551439e+01
 1.50280058e+02
 1.11915284e+02
 6.00675585e+01
 7.96940844e+00
 2.91694918e+01
 1.87569187e+01
 1.00547500e+02
 7.26347901e+01
 2.57983123e+01
 6.00358561e+01
 5.51771458e+01
 2.33558273e+01
 3.59161214e+01
 1.85703639e+01
 4.91429328e+01
 2.63315433e+01
 5.54217339e+01
 1.84966467e+01
 9.05184391e+01
 8.07449038e+01
 7.38998920e+01
 1.32170555e+02
 4.55068526e+01
 6.26702286e+01
 8.94261991e+01
 2.95887819e+01
 1.02727736e+01
 2.43948306e+00
 6.57624361e+01
 5.69924797e+01
 4.52190501e+01
 3.68971671e+01
 7.67341061e+00
 7.77645384e+01
 2.44095029e+01
 6.06707188e+01
 3.57026178e+01
 4.20381384e+01
 7.87088510e+01
 4.06694941e+01
 3.14933411e-01
 4.89072753e+01
 4.12744310e+01
 2.43131767e+01
 3.80719779e+01
 4.40199078e+01
 5.95589570e+01
 1.06431121e+01
 5.32799002e+00
 5.95929440e+01
 1.85064203e+01
 5.90145034e+01
 2.46112346e+01
 2.65364555e+01
 8.33951836e+01
 1.15786233e+02
 7.87649598e+01
 5.56657361e+01
 3.30040699e+01
 1.92078590e+01
 8.22051025e+01
 1.33524940e+01
 6.67367571e+01
 1.87002997e+01
 7.04906939e+01
 1.41172423e+02
 2.16599345e+01
 1.23823361e+02
 1.29828292e+02
 4.04474270e+01
 3.97630815e+01
 8.26474709e+01
 3.06326628e+01
 2.59831869e+01
 8.34828095e+01
 7.21972904e+01
 3.06096958e+01
 5.89319425e+01
 1.14453012e+02
 1.16518812e+02
 1.34737135e+02
 5.52617184e+01
 2.41495690e+00
 3.35446723e+01
 3.28311224e+01
 3.59970547e+01
 6.10618435e+01
 8.31649240e+01
 1.93138405e+01
 8.28320744e+01
 3.42116221e+01
 8.40709928e+01
 1.06995908e+02
 4.35988696e+01
 1.45756000e+01
 4.82120007e+01
 5.32030533e+01
 6.58708767e+01
 2.41926447e+01
 1.18053523e+02
 5.38040461e+01
 1.53220892e+01
 5.18423721e+01
 4.72052735e+01
 5.51380969e+01
 6.38605562e+01
 4.24585855e+01
 7.66069986e+01
 4.69229595e+01
 1.16128388e+02
 1.11579575e+02
 1.58872238e+01
 5.63489109e+01
 3.00093515e+01
 1.53080999e+01
 3.58634521e+01
 5.87003191e+01
 1.10411252e+02
 1.01603580e+02
 3.41611801e+01
 5.93403682e+01
 4.72853401e+01
 4.72648406e+01
 2.05274498e+01
 4.96233211e+01
 5.30664280e+00
 1.01310694e+01
 2.79579711e+01
 3.08269740e+01
 4.58159291e+01
 3.26141921e+01
 2.01556482e+01
 2.10300282e+00
 1.27649679e+02
 9.55568142e+01
 5.55673087e+01
 2.18723943e+01
 3.68836242e+01
 7.65708436e+01
 9.85537899e+01
 9.88756701e+01
 5.82545922e+01
 3.21845320e+01
 4.06491634e+01
 5.87974425e+01
 5.44771542e+01
 6.04546925e+01
 3.79004987e+01
 2.45425542e+01
 3.10614624e+00
 7.73031073e+01
 4.97496359e+01
 7.85839121e+01
 9.07193989e+01
 3.92226302e+01
 9.19673274e+01
 7.50454684e+01
 3.35619264e+01
 8.47321898e+01
 2.05645402e+01
 2.52782283e+01
 1.83480991e+01
 1.05357919e+02
 1.11482318e+02
 1.01085318e+02
 4.51728040e+01
 4.47062400e+01
 5.11248121e+01
 4.33731853e+01
 2.68136526e+01
 1.89677749e+01
 3.35065052e+01
 3.36755824e+01
 3.57858185e+01
 5.31625524e+01
 3.72309410e+01
 1.63559932e+02
 9.67744732e+01
 9.41670366e+01
 3.85300123e+01
 3.65106107e+01
 4.65766325e+01
 3.55588724e+01
 1.01291437e+01
 7.62319194e+01
 3.21896646e+01
 9.87539144e+00
 1.43063742e+02
 1.15051291e+02
 1.13304917e+02
 5.00306772e+01
 1.32657898e+01
 4.22944768e+01
 8.12332127e+01
 1.55725041e+01
 9.92398701e+00
 8.98693512e+00
 1.53975303e+01
 8.88178741e+01
 4.43475831e+01
 1.86244734e+02
 8.40250893e+01
 2.45908721e+01
 2.53445822e+01
 3.20178300e+01
 4.43349755e+01
 3.05408818e+01
 5.78853535e+01
 4.06965799e+01
 3.23658540e+01
 9.31163647e+01
 5.92403669e+01
 6.63301729e+01
 1.49315434e+02
 1.53811200e+01
 2.41866048e+01
 8.54946611e+01
 8.18420642e+01
 2.10395872e+01
 2.59665808e+01
 1.29269785e+00
 4.16218265e+01
 6.58750373e+01
 1.26907068e+01
 1.55331272e+02
 1.90566521e+02
 7.78118931e+01
 5.16833994e+01
 8.82729917e+01
 8.16593552e+01
 8.87741583e+01
 8.49432556e+01
 1.33019801e+01
 2.44163522e+01
 7.66579839e+01
 4.11985544e+01
 6.33149574e+01
 1.18777928e+02
 5.88247495e+01
 1.07417481e+02
 4.24149451e+01
 4.48556368e+00
 5.23283315e+01
 4.66842643e+01
 4.90469219e+01
 6.24243326e+01
 2.58812577e+01
 1.53443080e+02
 9.73360168e+01
 5.57488584e+01
 2.58238073e+01
 4.18183097e+01
 1.63998677e+02
 7.07491720e+01
 7.32708712e+01
 4.06570584e+01
 3.27655329e+01
 3.31047220e+01
 3.95651110e+01
 1.30164813e+02
 1.03038349e+02
 8.13704944e+01
 3.09538696e+01
 4.68816234e+01
 3.42981105e+01
 9.20883571e+01
 1.43536931e+02
 1.49759246e+01
 8.28685699e+00
 4.71027670e+01
 6.22209540e+01
 6.98270249e+01
 1.44525374e+02
 8.35032341e+01
 1.08232651e+02
 4.04972647e+01
 5.60356751e+01
 1.24491836e+01
 8.52647382e+01
 1.99323251e+01
 1.33377307e+01
 6.40365479e+01
 6.38732426e+01
 5.32859634e+01
 9.74059687e+01
 9.08729135e+01
 5.59773249e+01
 7.08020330e+01
 2.65901663e+01
 4.08998049e+01
 4.34194990e+01
 6.45199932e+01
 3.16651106e+01
 6.93530594e+01
 3.62841678e+01
 5.22359163e+01
 1.06292570e+02
 6.61414921e+01
 6.76635806e+01
 5.63447502e+01
 9.30981108e+01
 4.53748658e+01
 1.02496973e+02
 5.93231677e+01
 7.87280802e+00
 1.87323617e+01
 4.51703303e+00
 1.32328784e+02
 1.91325197e+02
 7.44309245e+01
 8.09986658e+01
 3.71449909e+01
 6.36349615e+01
 1.22704879e+01
 7.90061392e+01
 6.21569069e+01
 9.87492281e-01
 1.68882797e+01
 1.04315344e+02
 7.85636816e+01
 3.56712117e+01
 7.75997979e+01
 1.33583479e+02
 6.32514267e+01
 7.93823489e+01
 2.91001952e+01
 3.87751414e+01
 2.18738047e+01
 7.09452205e+01
 1.02119392e+01
 2.20452765e+01
 4.65113510e+01
 1.30875944e+02
 7.18631296e+01
 3.69749319e+01
 1.42944501e+01
 5.05951965e+01
 8.11548444e+00
 4.16583956e+01
 5.44861186e+01
 2.63997145e+01
 1.19872920e+01
 4.00390500e+01
 5.67915079e+01
 6.31996717e+01
 5.12501605e+01
 1.21478138e+01
 4.59851204e+01
 3.44627119e+01
 2.17232581e+01
 4.99464183e+01
 4.78791713e+01
 9.28494873e+01
 8.13941232e+01
 6.76784012e+01
 5.40706086e+01
 1.50438975e+02
 4.21215796e+01
 2.40170087e+01
 2.30990032e+01
 1.39173628e+02
 8.48643490e+01
 1.23749140e+02
 4.02705398e+01
 5.19583448e+01
 1.11894023e+01
 1.82713580e+02
 9.82933338e+01
 4.29084789e+01
 1.01397958e+02
 2.93667170e+01
 2.77501083e+01
 7.78887551e+01
 1.46520207e+02
 4.63474119e+01
 1.25001506e+01
 8.64005334e+01
 4.29857876e+01
 4.62892636e+01
 1.91418658e+02
 3.76039437e+01
 4.73071938e+01
 7.01609387e+01
 4.78903038e+01
 2.19659316e+01
 1.44814672e+02
 5.28950388e+01
 7.03230831e+01
 7.53814127e+01
 3.29379365e+01
 4.85828803e+01
 6.76019596e+01
 9.51288534e+01
 7.19119468e+01
 2.42681131e+01
 2.62241039e+01
 1.13848649e+02
 7.75213282e+01
 3.01230568e+01
 3.75238727e+01
 4.49667838e+01
 2.08848526e+01
 2.75128355e+01
 2.40072792e+01
 1.28691318e+02
 2.35112423e+01
 5.38147986e+01
 1.55481376e+01
 2.44668021e+01
 7.46726125e+01
 7.15638328e+01
 9.17678100e+01
 3.50733416e+01
 2.91635689e+01
 1.71502740e+01
 2.48968479e+01
 3.05938497e+01
 4.46440887e+01
 8.06383170e+00
 2.51147855e+01
 4.68860142e+01
 4.48144174e+01
 1.75760506e+01
 6.29341828e+01
 3.71391031e+01
 5.95182078e+01
 2.09019249e+01
 5.71227382e+01
 6.79130796e+01
 1.49534010e+01
 9.48105864e+01
 1.91860508e+01
 2.62945918e+01
 4.98357785e+01
 1.08289140e+02
 1.29213310e+01
 5.85014155e+01
 1.14829640e+01
 4.00054796e+01
 2.53908032e+01
 5.64304289e+01
 5.69767202e+01
 3.43274389e+01
 6.54743997e+01
 2.76968184e+00
 4.84684033e+01
 5.37084915e+01
 2.95867965e+01
 5.60946459e+00
 1.95287816e+01
 5.08196653e+01
 1.27168639e+02
 1.01667003e+02
 4.46715431e+01
 3.17786595e+01
 1.90390571e+01
 7.81852324e+01
 4.58363739e+01
 1.14870261e+01
 4.63735050e+01
 4.69119320e+01
 7.03521179e+01
 8.43129674e+01
 6.98931974e+01
 4.35862933e+01
 2.89860566e+01
 7.07682409e+01
 2.54660285e+01
 7.73921807e+01
 1.03148086e+02
 5.69928308e+01
 7.48763637e+01
 1.67072104e+02
 1.86884623e+01
 1.36785725e+02
 4.95570732e+01
 9.08432444e+01
 2.70774430e+01
 3.22828852e+01
 2.33834685e+01
 6.04161111e+01
 7.14622936e+01
 1.38290920e+02
 2.86470644e+01
 2.34107029e+01
 1.76431325e+01
 5.42590405e+01
 4.54583618e+01
 1.39539739e+02
 7.23058559e+01
 5.19499406e+01
 3.52093795e+01
 1.74726593e+01
 5.30376104e+01
 6.84721929e+01
 5.47957087e+01
 1.01460227e+02
 4.58928806e+01
 8.44236199e+01
 2.42192174e+01
 6.91806717e+01
 1.00515853e+02
 1.41385519e+02
 2.00888850e+01
 3.46728562e+01
 4.63991609e+01
 1.02611459e+02
 2.02353233e+01
 1.56403008e+01
 3.93055182e+01
 8.68324930e+01
 2.51004221e+01
 7.43333960e+01
 3.01964618e+01
 7.96889700e+01
 2.11849456e+01
 2.57367743e+01
 7.86355600e+01
 2.74678679e+01
 6.06957997e+01
 4.48789468e+01
 2.44870947e+01
 7.80043900e+00
 6.44745579e+01
 3.81238109e+01
 7.42323080e+01
 4.07228716e+01
 6.99036640e+01
 1.00652460e+02
 6.21255898e+01
 2.40169563e+01
 5.25769013e+01
 7.65131204e+01
 7.80171010e+01
 1.62827702e+02
 1.00033074e+02
 1.83564930e+02
 1.27392584e+02
 7.61835406e+01
 2.76998879e+01
 8.37545623e+01
 8.81172345e+01
 1.46303026e+01
 6.50047163e+01
 3.09937394e+01
 1.16440893e+01
 4.75657616e+01
 8.05364898e+01
 6.16247842e+01
 1.22900208e+02
 2.70122833e+01
 2.40930604e+01
 3.81945348e+01
 1.00396362e+02
 2.57865463e+01
 3.25544470e+01
 7.66620982e+00
 1.47520442e+01
 4.23841611e+01
 3.66317486e+01
 1.28828221e+02
 4.40028637e+01
 3.13122574e+01
 4.22333343e+01
 3.19393282e+01
 4.84231134e+01
 1.38455632e+01
 1.40110811e+01
 5.09839047e+01
 1.65470265e+01
 4.83622867e+01
 8.23051416e+01
 8.45446301e+01
 1.75624778e+01
 5.44196502e+01
 3.05719964e+01
 1.38326658e+02
 1.70378250e+01
 2.77377748e+01
 5.99322141e+01
 1.25117593e+01
 8.25836068e+00
 8.17921240e+00
 9.64605699e+01
 9.14905455e+01
 6.11114622e+01
 5.55690529e+01
 1.17373725e+01
 6.52082122e+01
 2.08164581e+01
 1.07095055e+02
 3.71113157e+01
 2.82524340e+01
 4.40708715e+01
 9.28610533e+01
 1.22984717e+02
 1.11422961e+02
 7.08666852e+01
 1.45903938e+01
 4.07925458e+01
 1.27548739e+02
 5.20403061e+01
 8.01537313e+01
 4.86702794e+00
 9.63807236e+00
 6.91634155e+01
 4.00006613e+01
 4.56100659e+01
 5.28368312e+01
 3.98987586e+01
 1.78791565e+01
 1.68725382e+01
 2.01838379e+01
 3.18218082e+01
 1.72130248e+01
 3.44782121e+01
 8.32508365e+01
 2.02200296e+01
 1.06827133e+02
 2.77199504e+01
 7.70994584e+01
 8.30247647e+01
 9.19962937e+00
 2.21296325e+01
 5.78070520e+01
 1.31850550e+01
 2.45921432e+01
 1.10637919e+02
 6.25253213e+01
 1.03101733e+02
 5.77721238e+01
 1.52803015e+02
 6.05958998e+01
 1.77129565e+02
 5.75539516e+01
 3.62484611e+01
 5.69927270e+01
 3.90549805e+01
 7.89094430e+01
 4.90922800e+01
 9.47382959e+01
 4.11713474e+01
 7.72185686e+01
 7.24107418e+01
 1.64950122e+02
 9.57010972e+01
 8.16779905e+01
 1.73823520e+01
 7.47804531e+01
 7.69931859e+01
 1.09920788e+02
 3.58673479e+01
 4.58448561e+01
 7.94428275e+01
 3.74723588e+01
 6.08515059e+01
 2.50613252e+01
 3.63070625e+01
 3.55871530e+01
 1.11975022e+01
 4.58821770e+01
 4.51842398e+01
 3.91852341e+01
 9.14751196e+00
 6.28219226e+01
 3.52408959e+01
 1.71730907e+02
 6.15063568e+01
 6.05354921e+01
 3.31343443e+01
 4.28245590e+01
 5.74509920e+01
 1.40338472e+01
 5.38122408e+01
 1.36194628e+01
 3.53509423e+01
 5.99629709e+01
 4.95219547e+01
 6.52284621e+01
 1.09162749e+02
 9.57602719e+01
 1.20986491e+02
 3.86976280e+01
 1.95638169e+01
 4.62459348e+01
 4.73291685e+01
 7.75939468e+01
 5.54111191e+00
 8.35094510e+01
 5.71758969e+01
 2.81670232e+01
 4.25355078e+01
 1.53144036e+02
 5.90103355e+01
 7.80640864e+01
 4.80311723e+01
 1.54177790e+02
 1.28288103e+02
 2.16402035e+01
 9.51826364e+00
 2.03794365e+00
 2.22076537e+01
 1.13190740e+01
 1.06733183e+02
 4.80811393e+01
 4.12012985e+01
 6.50809726e+01
 1.59347342e+01
 3.46901549e+01
 2.69221395e+02
 1.70132620e+02
 2.10219120e+01
 3.05201640e+00
 7.79961194e+01
 4.26281646e+01
 2.87229861e+01
 1.14780730e+02
 5.82464355e+01
 8.72072263e+01
 5.38001973e+01
 6.40666033e+01
 3.87083049e+01
 1.21362545e+02
 4.09008767e+01
 6.45456052e+01
 2.25388111e+01
 5.18573291e+01
 3.40544061e+01
 2.86699676e+01
 7.82943994e+01
 6.21074222e+01
 8.47431341e+01
 3.17025146e+01
 9.61460841e+01
 1.47302318e+02
 7.46318584e+01
 8.97383667e+01
 6.04593205e+01
 4.95143300e+01
 1.19517560e+02
 1.66766319e+02
 1.29278484e+02
 5.15828612e+01
 5.09000189e+01
 8.30773405e-01
 1.23332217e+02
 8.43598227e+01
 7.43884201e+01
 1.57211855e+01
 2.21116678e+01
 2.64411653e+01
 1.37483554e+02
 8.67237309e+01
 1.12025937e+02
 3.64749741e+01
 1.73862460e+01
 2.84472304e+01
 9.46856201e+01
 1.08966688e+02
 5.45284318e+01
 4.45233409e+01
 4.07716633e+01
 8.76754822e+01
 1.32748101e+02
 1.87112921e+02
 4.89669615e+01
 3.07662764e+01
 7.66205622e+01
 3.04504822e+01
 1.36347773e+02
 6.47292572e+01
 2.76834694e+01
 5.29058720e+01
 6.88234329e+00
 2.19532692e+01
 7.32014927e+01
 7.41463557e+01
 8.01801720e+01
 1.58042321e+01
 1.01286565e+01
 7.42133780e+01
 6.72890081e+01
 9.11106536e+01
 4.36087239e+01
 6.98255223e+01
 7.00649721e+01
 8.08865323e+01
 1.89463290e+02
 6.03829162e+01
 9.21056693e+01
 2.82886931e+00
 8.60642400e+01
 1.37711928e+01
 8.55995018e+01
 1.00166315e+02
 1.81456301e+00
