 1.01921155e+02
 1.48410971e+02
 2.51722895e+01
 7.05702692e+01
 4.52762715e+01
 9.04728515e+01
 0.00000000e+00
 1.95034193e+00
 8.17166471e+01
 1.93684132e+02
 1.94185919e+02
 1.42158994e+02
 1.00003524e+02
 3.15063287e+01
 1.12581742e+02
 1.03349703e+01
 4.10417988e+01
 8.80746202e-03
 2.58962092e-01
 3.02028305e+00
 8.00688457e+01
 4.59870546e+01
 1.32566024e+02
 2.30611704e+02
 8.27467034e+01
 7.75639376e+01
 8.10220318e+01
 4.87983171e+01
 3.08262285e+01
 3.32331787e+00
 0.00000000e+00
 2.78851012e+01
 1.39234355e+02
 2.60789515e+02
 1.92103418e+01
 8.62202311e+01
 1.61479586e+02
 1.32448926e+02
 2.11819127e+01
 3.47153320e+01
 7.77683571e+01
 6.58550055e+01
 2.16784553e+01
 1.39811732e+01
 1.34868017e+02
 2.01657071e+02
 1.82757363e+02
 2.02918232e+02
 1.67497935e+02
 7.82052927e+01
 2.53036308e+01
 3.03175950e+01
 5.34642011e+01
 5.85394852e+01
 3.26198095e+01
 2.90004219e+01
 1.11520084e+02
 2.48910690e+02
 4.04247534e+01
 9.09814820e+01
 1.83868454e+02
 9.26308683e+01
 3.26773256e+01
 2.72103302e+01
 6.45507500e+01
 6.95758994e+01
 2.57802396e+01
 5.64990654e+01
 8.94075661e+01
 2.66313134e+02
 2.24170310e+02
 2.16386844e+02
 1.74759489e+01
 9.26046237e+01
 2.03087088e+01
 1.20619631e+02
 1.16891974e+02
 5.96733477e+01
 3.22335296e+01
 5.56534941e+00
 7.18000453e+01
 2.55593197e+02
 1.43951562e+02
 8.43233642e+01
 8.62926385e+01
 1.28942309e+02
 2.03053471e+01
 9.47202919e+01
 5.63018232e+01
 2.13661923e+01
 1.69953425e+01
 1.08727708e+00
 4.68627701e+01
 1.11444271e+02
 2.32475523e+02
 1.83521101e+02
 8.12228792e+01
 3.40194956e+01
 5.51233787e+01
 4.81524150e+01
 1.26246402e+02
 1.93108922e+02
 6.66883220e+01
 3.02397845e+00
 1.36871749e+02
 1.28629347e+02
 1.56807529e+02
 4.27937778e+01
 1.55973565e+02
 9.43225522e+01
 8.10004197e+01
 7.10218170e+01
 9.12738094e+00
 3.24067862e+01
 1.27022873e+00
 5.19692142e+01
 7.13707278e+01
 2.10208217e+02
 1.29598045e+02
 1.87348257e+02
 6.12594977e+01
 1.23491516e+02
 1.16497685e+02
 2.91263366e+01
 1.00071946e+02
 1.94571269e-01
 3.78442084e-04
 1.48671588e+01
 3.84512733e+01
 3.63629088e+02
 4.58147928e+01
 4.47352672e+01
 5.84582936e+01
 7.04511819e+01
 4.90999778e+01
 4.43905115e+01
 7.37995779e+01
 3.02589544e+01
 1.94761758e+00
 7.06904865e+00
 1.04896666e+02
 3.40195560e+02
 2.04339794e+02
 8.83151636e+01
 4.30032535e+01
 8.31851264e+01
 3.41844876e+01
 3.27353113e+00
 4.71923389e+01
 3.18498834e+01
 3.18168254e-02
 1.05969329e+00
 5.25554562e+00
 1.19724446e+02
 2.13051971e+02
 6.26620096e+01
 1.17579284e+02
 1.73698670e+01
 9.82791837e+01
 2.32939339e+01
 3.80346585e+01
 6.74936319e+01
 1.96910271e+00
 4.01619604e+01
 1.74460034e+02
 1.38334284e+02
 4.99462250e+01
 1.36263127e+02
 4.18704302e+01
 7.35691468e+01
 2.93861659e+01
 5.00018882e+01
 9.84007627e+00
 1.40138601e+02
 1.12766146e+01
 5.82308817e+00
 1.30284777e+02
 2.26217644e+02
 1.18106188e+02
 2.16401245e+02
 1.07437758e+02
 4.81043251e+01
 6.75171532e+01
 7.10566265e+01
 5.92304880e+01
 5.28331143e+01
 1.50686262e+01
 6.50853573e-03
 3.13733411e+00
 1.62650479e+02
 1.47840374e+02
 9.06333302e+01
 1.70022089e+02
 1.37600033e+01
 7.84664000e+01
 2.66856013e+01
 3.98735756e+01
 1.44795521e+01
 8.93997835e+00
 7.26039998e-01
 5.45288656e+01
 3.07364194e+02
 2.06784466e+02
 1.33942115e+02
 7.49893011e+01
 9.81916558e+01
 5.58489628e+01
 8.86945061e+01
 2.51140839e+01
 1.20551596e+02
 6.51528282e+00
 5.63099098e-01
 4.44985764e+00
 3.57878396e+02
 2.92673729e+02
 2.45548633e+01
 1.06675634e+02
 1.35556849e+01
 7.19769989e+01
 8.46121787e+01
 4.80999695e+01
 6.04594497e+01
 1.56621419e+01
 1.29724874e+00
 1.45712962e+02
 1.53547056e+02
 2.32534704e+02
 4.32471118e+02
 7.58010072e+01
 4.08326278e+01
 2.19346679e+01
 6.20383111e+01
 8.82578009e+01
 8.71461260e+00
 1.65116730e+01
 2.13510169e-07
 1.47290428e+02
 1.44283509e+02
 2.15229973e+02
 2.47506195e+02
 4.58471215e+01
 3.90399877e+01
 9.18801457e+00
 5.66353389e+01
 1.41576305e+02
 1.87600623e+01
 8.06465522e-01
 3.94012176e+01
 1.23248596e+02
 2.70324100e+02
 6.52088723e+01
 3.14302763e+01
 1.27746271e+02
 5.77023770e+01
 1.25919132e+02
 4.69102436e+01
 7.92946270e+01
 4.91088682e+01
 2.97840721e-02
 4.89395093e+01
 4.96919689e+01
 6.44676243e+01
 7.88697065e+01
 8.48241162e+01
 1.33295750e+02
 9.97421453e+01
 8.86763041e+01
 9.46404606e+01
 8.28264285e+01
 6.76171640e-01
 6.32684959e-01
 4.05143678e+01
 9.85984487e+01
 1.34285824e+02
 1.15976768e+02
 1.34000063e+02
 3.34598754e+01
 3.86770565e+01
 7.26663355e+01
 1.41614595e+02
 1.00202681e+02
 7.60617763e+01
 1.34659414e+00
 1.39017210e+02
 9.82598680e+01
 2.85382439e+02
 7.77963116e+01
 2.50712037e+02
 1.19907955e+02
 8.71531533e+01
 9.88487767e+01
 2.35813163e+01
 7.89990731e+01
 3.96361054e+01
 4.74772682e+00
 3.41034568e+01
 1.05254681e+02
 3.39771239e+01
 1.86331707e+02
 2.40105207e+02
 1.51710952e+02
 1.42510482e+02
 4.53297464e+01
 3.72175061e+01
 2.07312330e+02
 1.15410096e+01
 1.13178621e+01
 3.04075768e+01
 3.35237154e+01
 2.02552463e+02
 1.40651272e+02
 1.24917160e+02
 5.84802273e+01
 5.01028161e+01
 2.34538394e+01
 6.58805551e+01
 1.59088420e+01
 6.75492621e+01
 8.56332819e-02
 2.70559679e+01
 5.24376493e+01
 5.80345726e+01
 1.27927772e+02
 1.01918856e+02
 1.53254941e+02
 6.37878053e+01
 7.26568059e+01
 3.62419367e+01
 8.55073434e+01
 4.48491734e+00
 3.64040405e+01
 1.59123048e+00
 7.12158931e+01
 1.22089228e+02
 2.05595219e+02
 1.49355388e+02
 3.30256918e+01
 1.13106004e+02
 5.18895670e+01
 5.88508284e+01
 5.21887481e+00
 3.26672776e+01
 1.43114473e+01
 3.84736995e+01
 1.60100105e+02
 2.48755527e+02
 2.60096790e+02
 1.76558300e+02
 9.81017875e+00
 3.91472322e+01
 2.81442419e+01
 6.52478780e+01
 4.96448894e+01
 1.33317291e+01
 5.43727948e-01
 3.50261321e+01
 4.95540557e+01
 9.64995171e+01
 2.38843586e+02
 7.45818719e+01
 1.60944721e+02
 8.74532762e+01
 6.67187963e+01
 2.26135169e+01
 1.20755981e+02
 2.64985243e+01
 8.28713652e+00
 6.32271643e+01
 5.37096655e+01
 8.99953443e+01
 1.66551394e+02
 7.85910106e+01
 7.57495250e+01
 3.95960787e+01
 1.11378528e+02
 6.40612378e+01
 6.89811105e+01
 1.09278000e+01
 1.18993172e+01
 1.22593846e+00
 1.74407341e+02
 2.27566930e+02
 2.23972835e+02
 3.03233339e+02
 7.03359744e+01
 9.45055161e+01
 1.18629274e+02
 2.14936787e+02
 1.07913614e+02
 6.65259150e+01
 2.10186310e-02
 8.77187429e+00
 9.40806322e+01
 3.19631322e+01
 1.99684229e+02
 1.28754995e+02
 1.57909691e+02
 4.26736074e+01
 1.07880728e+02
 1.12496099e+02
 6.24826330e+01
 2.90552286e+02
 3.04336741e+00
 2.32224763e+01
 7.38630999e+01
 1.92453938e+02
 4.85590824e+01
 1.61991076e+02
 2.49970463e+02
 4.01347966e+01
 9.49475378e+01
 7.49935394e+01
 5.24123744e+01
 1.36206053e+00
 2.08083804e+01
 2.27674771e+01
 7.94677909e+01
 3.31107346e+01
 1.89478114e+02
 6.88783312e+01
 4.22370176e+01
 1.16871414e+02
 5.69817326e+01
 3.39373430e+00
 7.74706547e+01
 7.42611439e+01
 3.32155553e+01
 2.58170791e+01
 9.52785361e+01
 2.86636564e+02
 1.26652197e+02
 1.42922190e+02
 7.76590688e+01
 8.37762102e+01
 1.68678669e+02
 8.10388162e+01
 3.33388091e+01
 7.43493252e+01
 6.49071268e-02
 3.22387249e+00
 5.29053407e+01
 1.94971777e+02
 8.54038160e+01
 1.18672656e+01
 6.47377561e+01
 1.00699544e+02
 7.87854952e+01
 1.54539615e+02
 8.12575580e+01
 4.02384355e+00
 8.00439231e+00
 2.39839018e+00
 1.87552600e+02
 5.88548632e+01
 1.70189576e+02
 1.42419314e+02
 3.88946460e+01
 1.04997811e+02
 1.63142900e+02
 4.91350119e+01
 1.61270695e+02
 3.20886442e+01
 3.54038288e+00
 2.75199559e+01
 8.51609650e+01
 2.41963186e+02
 2.85494114e+02
 1.79869181e+02
 1.48884725e+02
 1.11219501e+02
 1.08806035e+02
 2.78344239e+01
 5.12137501e+01
 5.45855471e+01
 1.46035481e+01
 2.91436801e+00
 7.75441017e+01
 8.67595107e+01
 4.89565087e+01
 2.17329143e+02
 1.03214793e+02
 4.09650080e+01
 3.09529610e+01
 2.97559019e+01
 5.32619420e+00
 4.54620724e+01
 0.00000000e+00
 3.13374821e+01
 3.31189622e+01
 1.34423750e+02
 1.12867344e+02
 2.11483779e+02
 1.38321101e+02
 3.42434722e+01
 1.44215497e+02
 5.74511396e+01
 1.56498570e+02
 6.19862689e+01
 2.59188353e+01
 1.29275513e+01
 1.24972674e+02
 1.30920172e+02
 1.36092842e+02
 3.10616515e+02
 2.82555247e+02
 8.05676479e+01
 6.03874472e+01
 1.26499870e+02
 1.05202756e+02
 7.83992475e+01
 3.33722416e-01
 5.58456791e+01
 8.48101540e+01
 9.54314619e+01
 9.76100148e+01
 2.93084963e+02
 2.27854045e+02
 1.85295801e+01
 1.40194095e+02
 2.31759398e+02
 6.89587627e+01
 1.10396002e+01
 9.80014978e+00
 2.53479731e+01
 7.63410115e+01
 3.04666130e+02
 6.40666693e+01
 7.61662304e+01
 8.99127934e+01
 4.88255361e+01
 1.12656137e+02
 1.04086632e+02
 1.04299978e+02
 4.38733429e+01
 4.80272875e+00
 2.53267113e-02
 6.76973970e+01
 6.32997665e+01
 1.63448325e+02
 1.20448296e+02
 5.00855747e+01
 1.93776641e+01
 9.01013781e+01
 6.32901902e+01
 7.50766596e-01
 7.87226607e+01
 6.93667266e+00
 1.40346785e+01
 7.11468010e+00
 9.94530875e+01
 2.30788485e+02
 2.37182369e+01
 1.83720694e+01
 7.40397186e+01
 1.28691757e+02
 1.64957256e+02
 1.13428356e+02
 2.14035549e+01
 4.22671319e+00
 2.81452747e+01
 4.76842899e+01
 1.10279419e+02
 1.18511814e+02
 1.56580322e+02
 1.52490147e+02
 1.49207197e+02
 3.60814252e+01
 6.88373322e+01
 1.28435449e+01
 9.76609302e+00
 1.31388308e+01
 8.06998379e+00
 4.35332063e+01
 2.41064715e+02
 9.78427855e+01
 8.74112746e+01
 1.03112394e+02
 4.27663788e+01
 2.11129021e+02
 1.07694799e+02
 1.20757716e+02
 6.94775624e+01
 1.61589403e+01
 2.37993311e+01
 6.43564563e+01
 1.54551931e+02
 1.52984969e+02
 1.38538830e+02
 1.57202094e+02
 7.67664527e+01
 9.89543355e+00
 6.84696233e+01
 2.19690710e+02
 3.42209760e+01
 1.00458882e+00
 1.46731529e+01
 2.53416724e+01
 1.81136968e+02
 4.90843040e+01
 1.64426774e+02
 2.98882504e+02
 9.60584787e+01
 1.05581962e+02
 7.83943771e+01
 6.74397813e+01
 1.64292666e+00
 1.62515506e+01
 2.63877252e+00
 6.23485180e+01
 1.58355272e+02
 9.84844160e+01
 2.00300634e+02
 2.54524830e+02
 1.30093673e+02
 4.77045351e+01
 2.24714264e+01
 1.04733847e+02
 4.53941035e+00
 5.93985194e-02
 1.70744626e+00
 6.14332157e+01
 1.79921078e+02
 1.28020636e+02
 7.72457445e+01
 1.38431802e+02
 5.48973668e+01
 1.06394599e+02
 3.41866851e+01
 2.29935760e+01
 5.53935589e+01
 3.79174819e+00
 5.60046665e+00
 6.24144595e+01
 2.56933849e+02
 1.79852751e+02
 1.54009728e+02
 6.63133061e+01
 8.38260503e+01
 1.02752218e+02
 1.36922245e+02
 7.87809984e+01
 5.00867361e+01
 1.38815449e+01
 1.48284948e+01
 3.14959701e+01
 2.45497224e+02
 1.69501966e+02
 1.54015419e+02
 1.32093598e+02
 1.49660853e+02
 1.07788511e+02
 6.44095216e+01
 1.28878383e+02
 8.08283726e+00
 5.93633616e+01
 5.29972119e+01
 1.09486855e+02
 1.31707045e+02
 1.85284279e+01
 4.30685137e+01
 7.97250519e+01
 4.16623463e+01
 7.04431677e+01
 1.97743934e+00
 4.99729253e+00
 5.32362975e+01
 3.62642725e-01
 8.19938654e+01
 8.13014341e+00
 7.51862265e+01
 1.64622806e+02
 7.69435063e+01
 2.19696186e+02
 8.98138007e+01
 5.68648440e+01
 7.71480992e+01
 1.16379130e+02
 1.60089928e+01
 1.80344130e-01
 6.24538883e+01
 7.83202083e+01
 1.80093175e+02
 4.95715854e+02
 1.71586287e+02
 6.50976737e+01
 1.01682977e+02
 7.79300338e+01
 1.09550354e+02
 4.40254975e+01
 4.08668574e+01
 1.21797387e+01
 9.04482582e+00
 8.89455326e+01
 6.49704127e+01
 1.56318472e+01
 3.81684455e+02
 1.11570611e+02
 7.84743656e+01
 1.45081062e+02
 1.05720166e+02
 5.64345652e+01
 9.41947415e+00
 6.28459951e+01
 0.00000000e+00
 2.25697469e+01
 1.21687377e+02
 1.46569202e+02
 1.38368578e+01
 1.20245349e+02
 4.44892182e+01
 1.91151832e+02
 6.08211896e+01
 6.27796630e+01
 3.48113706e+00
 3.88289912e+01
 3.31205809e-01
 4.42709861e+01
 9.23687884e+01
 6.07246112e+01
 1.96316269e+02
 1.94113081e+02
 1.40398938e+02
 6.02651994e+01
 8.16253776e+01
 3.46795297e+01
 5.66405724e+01
 8.18142367e+00
 1.94349847e+00
 1.28540445e+02
 1.57385212e+02
 2.51628614e+02
 1.78269223e+02
 1.54778946e+02
 1.92648023e+01
 5.85441818e+01
 1.47615109e+02
 5.87392998e+01
 2.76980766e+00
 7.43043687e+01
 1.73863203e+01
 3.61550567e+01
 5.19450871e+02
 1.91093298e+02
 1.38799130e+02
 8.23270797e+01
 1.77311777e+02
 2.54469328e+02
 2.34895353e+01
 6.67591411e+01
 6.15607045e+01
 0.00000000e+00
 2.18825227e-01
 7.01975155e+01
 1.15379126e+02
 1.09972699e+02
 2.19658730e+02
 1.29175759e+02
 1.03110437e+02
 6.77186571e+00
 6.50142822e+01
 5.96977841e+01
 1.81517460e+02
 9.62665712e-02
 7.21884502e+00
 8.66247187e+01
 1.23824092e+02
 3.35038542e+02
 1.07844832e+02
 6.68305352e+01
 1.08776511e+02
 7.42084443e+01
 1.08587277e+02
 6.69122042e+00
 7.09841267e+01
 3.29637786e+01
 9.46189908e+00
 9.73232406e+01
 2.60007036e+02
 2.11838716e+02
 1.04609895e+02
 9.86288458e+01
 1.04722806e+02
 1.45984764e+01
 2.94573925e+01
 5.78806910e+01
 2.95266485e+01
 5.84049406e+01
 2.04430403e+01
 5.42423553e+01
 8.83423980e+01
 1.00238499e+02
 2.24901800e+02
 1.44333018e+02
 1.36629726e+02
 1.75406797e+02
 4.57810583e+01
 1.14398328e+02
 1.60700073e+01
 2.53674889e-01
 1.11960735e-05
 1.56138901e+02
 2.23527297e+02
 1.58110762e+02
 1.50192911e+02
 2.03578347e+02
 9.11815287e+01
 3.33546674e+00
 6.11896434e+01
 1.41780780e+01
 4.19830582e+01
 1.01827097e+02
 5.37401696e+00
 5.38844533e+01
 2.22774284e+02
 1.24181866e+02
 2.70007128e+02
 1.67067505e+02
 2.18270303e+02
 1.82902555e+01
 7.15872230e+01
 1.93398593e+01
 2.06700561e+00
 0.00000000e+00
 1.52782189e+01
 1.56273368e+02
 2.49637570e+02
 2.03930378e+02
 2.57468520e+02
 6.38770281e+01
 2.38614801e+01
 5.20605979e+01
 2.05389049e+02
 3.99404436e+01
 1.14989043e+00
 4.00899835e+00
 4.72432365e+01
 9.08938284e+01
 1.42141523e+02
 1.07298000e+02
 6.88851471e+01
 1.44994458e+02
 2.99706909e+01
 6.15376001e+01
 6.26026327e+01
 4.61081233e+01
 4.31559546e+01
 1.73665558e+01
 6.13010034e-04
 1.03105381e+01
 2.98460941e+02
 1.67132165e+02
 1.91612449e+02
 8.82817418e+01
 4.37814375e+01
 4.04805563e+01
 5.95851570e+01
 3.90918126e+01
 5.58415895e+01
 0.00000000e+00
 2.11657938e+01
 9.83667718e+01
 2.67861410e+02
 2.36964277e+02
 2.14222924e+02
 1.24606727e+02
 5.57612376e+01
 1.02459197e+02
 1.44913055e+02
 2.41280290e+01
 5.32571417e+01
 1.49068545e+01
 9.33007058e+00
 7.65769647e+01
 2.71467592e+02
 2.15621096e+02
 1.42479610e+02
 2.52548812e+02
 1.06592138e+02
 9.40131405e+01
 1.26421425e+02
 6.57036605e+01
 1.76936194e+01
 9.05162422e-01
 1.35750753e+00
 2.17417725e+01
 1.89005710e+01
 3.25974507e+02
 1.76582601e+02
 1.08922982e+02
 1.60508141e+01
 2.23976694e+01
 5.52714875e+00
 2.75894864e+01
 4.93488101e+01
 0.00000000e+00
 1.06328018e+01
 1.94176819e+01
 1.98548642e+01
 1.08084762e+02
 4.57240163e+01
 3.93527754e+01
 7.64308530e+01
 6.71083696e+01
 9.80981025e+01
 4.37235613e+01
 1.46464886e+01
 1.41744371e+00
 1.06046192e+00
 9.11647679e+00
 1.05415165e+02
 9.36808531e+01
 2.29336570e+02
 2.50662713e+02
 6.29726656e+01
 2.28352269e+01
 8.23204931e+01
 8.72816605e+01
 1.01594931e+00
 3.22500766e+00
 8.77665957e-08
 3.22504474e+02
 1.35553533e+02
 1.19598438e+02
 1.82875783e+01
 1.44864208e+01
 4.65310146e+01
 6.64686834e+01
 2.37957393e+01
 8.48186401e+01
 9.96245068e+01
 0.00000000e+00
 0.00000000e+00
 3.86620058e+00
 8.28138685e+01
 3.33248343e+02
 1.12629117e+02
 6.57481027e+01
 8.99905776e+01
 1.32597692e+02
 1.02723021e+02
 2.18864889e+02
 5.38704114e-02
 4.75287841e-02
 0.00000000e+00
 3.03420390e+01
 7.67168764e+01
 1.00336143e+02
 8.13456921e+01
 7.84814739e+01
 5.64218691e+00
 1.29804166e+02
 1.60992564e+02
 7.34641371e+01
 3.82445685e+01
 2.63082893e+01
 6.92396075e-01
 5.91951234e+01
 2.82748431e+02
 1.19427064e+01
 6.57718098e+01
 1.88195962e+02
 7.51156582e+01
 7.94677383e+01
 3.05363980e+01
 2.84099159e+01
 4.40552683e-01
 0.00000000e+00
 7.41411768e+00
 2.30381289e+01
 4.75379426e+01
 1.61464876e+02
 1.29645983e+02
 9.40724520e+01
 1.11149920e+01
 4.15187365e+01
 7.69096236e+01
 3.04696799e+01
 5.23560900e+00
 0.00000000e+00
 1.42043989e+01
 3.30397555e+01
 8.29936057e+01
 1.32157636e+02
 7.55384757e+01
 1.00742194e+02
 1.31764824e+02
 1.03532212e+02
 1.73117201e+01
 2.82020455e+01
 4.27954830e+01
 2.31753367e-02
 2.50191413e-02
 2.78029124e+01
 6.37741465e+01
 2.22968653e+02
 2.34189180e+02
 1.33398899e+02
 8.88312837e+01
 5.84735040e+01
 1.07111953e+02
 5.24433505e+01
 9.61630199e+00
 0.00000000e+00
 1.31228321e+00
 4.32224666e+01
 7.04642293e+01
 2.39600918e+02
 9.13495017e+01
 5.25198601e+01
 2.03109902e+01
 2.84908565e+01
 4.80760490e+01
 2.08817792e+01
 2.39928707e+01
 2.26360347e+00
 2.63250952e+01
 4.38650259e+01
 1.80264241e+02
 1.03913522e+02
 1.04576570e+02
 1.95190822e+02
 9.77388797e+01
 4.41120093e+01
 8.48473257e+01
 8.58719637e+00
 4.69110404e+01
 0.00000000e+00
 3.20556170e+01
 7.00397152e+01
 2.72027130e+02
 2.54039943e+02
 1.34139090e+02
 1.08259418e+02
 1.50532346e+02
 1.31539020e+02
 8.34969634e+01
 1.52890615e+02
 6.19133966e+01
 1.24975415e+00
 1.10354906e+01
 5.92839931e+01
 1.53934203e+02
 2.74158139e+02
 8.92449227e+01
 1.60773763e+02
 1.23257753e+02
 3.18372134e+01
 7.52595825e+01
 9.29029426e+01
 1.08638782e+02
 4.17357394e+01
 5.12081461e+00
 1.00170888e+02
 1.13759232e+02
 2.85443477e+02
 1.99952297e+01
 7.57164150e+01
 8.79131811e+01
 1.39860891e+02
 3.12647836e+01
 1.08712083e+02
 7.31489177e+01
 2.06515215e+00
 8.40516210e+00
 2.56879500e+01
 1.67070253e+02
 1.91155666e+02
 1.06547939e+02
 8.14432487e+01
 8.38185783e+01
 1.48679088e+00
 8.90375753e+01
 2.27827601e-01
 2.50253197e+01
 0.00000000e+00
 2.04090734e+00
 1.32973317e-01
 6.09234041e+01
 1.09509053e+02
 1.05390035e+02
 1.09582073e+02
 1.19444483e+02
 4.42134537e+01
 7.50233370e+01
 9.59233268e-01
 2.45481115e+01
 2.26656156e-07
 7.27930996e+01
 8.93123209e+00
 2.26529061e+02
 1.28779731e+02
 1.83931010e+02
 2.94175366e+01
 9.41307168e+01
 2.40262070e+01
 1.46241604e+01
 8.66251707e+01
 1.74233158e+00
 5.27183766e-02
 3.45179358e+01
 4.32394494e+01
 1.25303469e+02
 1.99062722e+02
 1.86709755e+02
 4.05104069e+01
 4.12313966e+01
 7.28302144e+01
 1.01776917e+02
 1.40016969e+02
 6.23789144e+00
 9.31192580e-01
 0.00000000e+00
 8.09988440e+01
 6.97272471e+00
 1.35181307e+02
 1.35974248e+02
 5.66055474e+01
 1.24020544e+02
 6.40011369e+01
 1.25075014e+02
 8.48197704e+01
 1.64126922e+01
 1.01644654e+00
 1.81724047e+01
 4.94770344e+01
 9.98904745e+01
 9.54197638e+01
 1.17033047e+02
 1.34268840e+02
 4.60984895e+01
 2.93792355e+01
 6.89149947e+01
 1.31678593e+01
 3.62748721e+01
 6.37079057e-02
 3.85032904e-01
 1.34833910e+02
 1.65137869e+02
 3.73164278e+01
 1.19534790e+01
 9.84833294e+01
 4.22200216e+01
 8.67578932e+01
 3.78334503e+01
 3.06772263e+01
 4.85705064e+01
 0.00000000e+00
 1.61140754e+01
 5.86659886e+01
 2.06017865e+02
 2.43550863e+02
 1.02222029e+02
 3.91445250e+01
 1.16703588e+02
 5.05740639e+01
 1.58100721e+00
 4.18813483e+01
 1.60427438e+01
 0.00000000e+00
 1.42672286e+00
 1.22544091e+01
 9.14233061e-01
 1.34603939e+02
 2.28185730e+02
 3.93750209e+01
 1.05335620e+02
 7.73324609e+01
 1.41579224e+02
 6.38046694e+01
 9.37284148e-01
 1.44894366e+01
 7.68995099e+00
 1.27297590e+02
 2.26436689e+02
 2.12390539e+02
 1.11783663e+02
 1.46882604e+02
 9.92950018e+01
 1.65560153e+02
 1.52067352e+02
 7.08326777e+01
 1.63534682e+01
 1.41905344e+01
 1.30251017e+01
 2.94695591e+01
 7.17083676e+01
 7.09330416e+01
 1.89037997e+02
 2.30404898e+02
 2.17320565e+01
 1.20651701e+02
 4.89420578e+01
 8.07137767e+01
 2.13497654e+02
 0.00000000e+00
 1.29367922e+01
 7.02095100e+01
 1.03962837e+02
 8.62541904e+01
 1.35756207e+02
