 5.09829102e+00
 4.85314331e+00
 6.61614380e+00
 9.62227783e+00
 1.47639709e+01
 2.02410828e+01
 2.34929443e+01
 2.45701233e+01
 1.93399292e+01
 1.47609802e+01
 1.06622864e+01
 3.93926392e+00
 5.35244141e+00
 8.97350464e+00
 6.90838013e+00
 1.12784668e+01
 1.61791321e+01
 2.39143005e+01
 2.83641907e+01
 2.52599426e+01
 1.90252930e+01
 1.36346375e+01
 1.05787903e+01
 1.00074707e+01
 8.56749878e+00
 8.72896729e+00
 8.27938232e+00
 1.20714966e+01
 1.38599182e+01
 2.26854797e+01
 2.51102539e+01
 2.39399048e+01
 2.00802551e+01
 1.30309998e+01
 5.84606323e+00
 6.32982788e+00
 7.79152832e+00
 7.33171997e+00
 6.53035889e+00
 1.01835571e+01
 1.35998474e+01
 2.02747131e+01
 2.60528198e+01
 2.50910278e+01
 1.86403442e+01
 1.27907043e+01
 9.35695801e+00
 4.15325317e+00
 6.19674072e+00
 5.42510376e+00
 9.17421875e+00
 1.02413269e+01
 1.55031067e+01
 2.01010071e+01
 2.51415649e+01
 2.40980469e+01
 1.97651001e+01
 1.35841919e+01
 8.97915039e+00
 7.25020752e+00
 6.55880127e+00
 5.78768311e+00
 7.77556763e+00
 1.09074646e+01
 1.39921204e+01
 1.97397705e+01
 2.52498108e+01
 2.36884399e+01
 1.83935486e+01
 1.36665283e+01
 5.76567993e+00
 6.16683350e+00
 7.06792603e+00
 2.54177246e+00
 6.93160400e+00
 1.13806702e+01
 1.55511414e+01
 1.85508362e+01
 2.15880066e+01
 2.17555786e+01
 1.76595398e+01
 1.15666443e+01
 1.03692261e+01
 7.74019775e+00
 4.78008423e+00
 5.17650757e+00
 8.99401245e+00
 1.02351013e+01
 1.41809937e+01
 2.24122559e+01
 2.55059143e+01
 2.70347534e+01
 1.94426819e+01
 1.50012451e+01
 9.04546509e+00
 2.88314209e+00
 4.10845337e+00
 3.88585815e+00
 5.01104126e+00
 9.66475830e+00
 1.31407104e+01
 1.97374512e+01
 2.64912659e+01
 2.46269470e+01
 1.88211304e+01
 1.45575195e+01
 6.20684204e+00
 4.32427368e+00
 5.53371582e+00
 3.04747925e+00
 7.96358643e+00
 9.01595459e+00
 1.24121033e+01
 1.83654724e+01
 2.65118652e+01
 2.67032410e+01
 2.05707642e+01
 1.43182617e+01
 1.22156616e+01
 6.85781250e+00
 5.76534424e+00
 3.03478394e+00
 9.13402710e+00
 1.01782471e+01
 1.38082214e+01
 2.29908081e+01
 2.81411072e+01
 2.68890930e+01
 1.85953613e+01
 1.35911804e+01
 9.82146606e+00
 8.38219604e+00
 4.49840698e+00
 5.88265381e+00
 6.42812500e+00
 1.14172302e+01
 1.38037048e+01
 2.00346619e+01
 2.59861694e+01
 2.53483826e+01
 2.03391052e+01
 1.13636719e+01
 1.06844421e+01
 7.31170044e+00
 8.22289429e+00
 7.41069946e+00
 8.39486084e+00
 1.25197083e+01
 1.39233948e+01
 2.09594055e+01
 2.49831482e+01
 2.50864807e+01
 1.80355164e+01
 1.29067017e+01
 1.02265259e+01
 5.43416748e+00
 9.05629883e+00
 7.88564453e+00
 7.45241699e+00
 1.07041260e+01
 1.47456604e+01
 1.94094788e+01
 2.47971130e+01
 2.57356201e+01
 1.78948914e+01
 1.46260925e+01
 9.76506958e+00
 8.63515625e+00
 7.19918213e+00
 6.85201416e+00
 9.16732178e+00
 1.15195862e+01
 1.51645447e+01
 2.31784607e+01
 2.40595642e+01
 2.47189270e+01
 2.17101685e+01
 1.47987610e+01
 8.66237793e+00
 6.51510010e+00
 9.00750122e+00
 2.36605225e+00
 5.55242310e+00
 9.26354370e+00
 1.50225464e+01
 2.01875549e+01
 2.30624329e+01
 2.27011353e+01
 1.66089111e+01
 1.52048279e+01
 1.07153870e+01
 7.97362671e+00
 2.58336792e+00
 4.47579346e+00
 7.95406494e+00
 1.12093750e+01
 1.56142517e+01
 1.98731323e+01
 2.64481140e+01
 2.49491821e+01
 2.11425720e+01
 1.37092224e+01
 1.09481445e+01
 1.16760803e+01
 8.59502563e+00
 7.63924561e+00
 7.81261597e+00
 1.23341309e+01
 1.35518127e+01
 1.91571594e+01
 2.65991760e+01
 2.47931152e+01
 2.14876038e+01
 1.39679810e+01
 9.07198486e+00
 8.34798584e+00
 5.64855347e+00
 7.51363525e+00
 6.33971558e+00
 1.01562439e+01
 1.45005432e+01
 1.88794495e+01
 2.49084717e+01
 2.58045593e+01
 2.07972656e+01
 1.66729370e+01
 1.18207336e+01
 2.34313354e+00
 5.33297119e+00
 4.35140381e+00
 6.11153564e+00
 9.98101196e+00
 1.59787842e+01
 2.24394775e+01
 2.63726746e+01
 2.41068970e+01
 1.97822205e+01
 1.42138000e+01
 9.85146484e+00
 9.01439819e+00
 3.49086914e+00
 6.90322266e+00
 1.08221069e+01
 1.09072205e+01
 1.70080200e+01
 2.00815369e+01
 2.35570007e+01
 2.52609192e+01
 1.87218262e+01
 1.52790466e+01
 7.68419800e+00
 8.04436646e+00
 6.89751587e+00
 6.30303345e+00
 7.88854370e+00
 1.04717346e+01
 1.60765015e+01
 1.76411987e+01
 2.34792114e+01
 2.54170471e+01
 1.78226868e+01
 1.28828979e+01
 1.02571960e+01
 8.40712891e+00
 5.24968872e+00
 3.93059692e+00
 6.10091553e+00
 1.03897949e+01
 1.33214050e+01
 2.01853882e+01
 2.42081848e+01
 2.20755249e+01
 1.88676697e+01
 1.24204041e+01
 7.71105347e+00
 6.21392212e+00
 7.67629395e+00
 8.07525024e+00
 8.21672974e+00
 8.67696533e+00
 1.64780212e+01
 2.45931946e+01
 2.85742432e+01
 2.55436035e+01
 1.92479187e+01
 1.44673706e+01
 1.20349976e+01
 9.21248779e+00
 4.01192627e+00
 4.32088623e+00
 5.09078369e+00
 9.66463623e+00
 1.57901245e+01
 2.23472534e+01
 2.73183838e+01
 2.66710754e+01
 1.80924316e+01
 1.39602295e+01
 1.01390320e+01
 9.86779175e+00
 5.29772339e+00
 7.44375000e+00
 8.51827393e+00
 9.21352539e+00
 1.54871765e+01
 2.09741760e+01
 2.65817505e+01
 2.29694763e+01
 2.00717407e+01
 1.74086243e+01
 1.22816101e+01
 1.00382935e+01
 2.76348267e+00
 1.93724976e+00
 8.01781616e+00
 1.08993164e+01
 1.50159546e+01
 1.90304504e+01
 2.30428101e+01
 2.31974731e+01
 1.93284851e+01
 1.45946899e+01
 1.25611511e+01
 6.05693970e+00
 7.56817017e+00
 3.83898315e+00
 6.68047485e+00
 1.03589111e+01
 1.48742920e+01
 1.92273499e+01
 2.79648376e+01
 2.54437500e+01
 1.87322937e+01
 1.42387939e+01
 1.02411133e+01
 5.85796509e+00
 5.99163208e+00
 4.52007446e+00
 8.64196167e+00
 1.11178528e+01
 1.66477295e+01
 2.38132263e+01
 2.40103699e+01
 2.60383545e+01
 2.03941895e+01
 1.72383972e+01
 1.24344727e+01
 7.55861816e+00
 6.92382202e+00
 9.19289551e+00
 8.51320801e+00
 1.05113464e+01
 1.81724487e+01
 2.34845825e+01
 2.75518433e+01
 2.65299316e+01
 2.04711243e+01
 1.66600891e+01
 1.27329041e+01
 7.42687378e+00
 7.96636353e+00
 8.05538330e+00
 6.33446655e+00
 1.13769165e+01
 1.40660950e+01
 2.31825500e+01
 2.55706726e+01
 2.82854248e+01
 2.19510742e+01
 1.38322693e+01
 1.25055176e+01
 1.00179382e+01
 6.86516724e+00
 5.00927124e+00
 6.41826782e+00
 1.03615051e+01
 1.51360718e+01
 2.21081177e+01
 2.79183899e+01
 2.72041870e+01
 1.97206970e+01
 1.42198425e+01
 1.23568665e+01
 7.13131104e+00
 5.84053955e+00
 5.42614136e+00
 8.52178345e+00
 1.07567383e+01
 1.25308167e+01
 2.02246948e+01
 2.14569031e+01
 2.22423645e+01
 2.01498962e+01
 1.53666931e+01
 1.16886230e+01
 7.77056274e+00
 8.69893799e+00
 9.09044800e+00
 1.00262390e+01
 1.05915161e+01
 1.35379883e+01
 2.19409729e+01
 2.60652100e+01
 2.54568115e+01
 2.20100647e+01
 1.60279175e+01
 1.25638367e+01
 7.97322998e+00
 4.48568115e+00
 7.31536255e+00
 6.60210571e+00
 1.12144104e+01
 1.39295288e+01
 2.14926086e+01
 2.86779114e+01
 2.50575500e+01
 2.23181396e+01
 1.69229980e+01
 1.32855774e+01
 9.40142212e+00
 5.47249756e+00
 6.43410645e+00
 1.08300415e+01
 1.26155945e+01
 1.54444214e+01
 2.33192383e+01
 2.76277100e+01
 2.38322693e+01
 1.93598572e+01
 1.38744446e+01
 1.05263306e+01
 8.48833618e+00
 4.79003296e+00
 5.42507324e+00
 9.05669556e+00
 8.78972778e+00
 1.36290527e+01
 2.25341736e+01
 2.36361938e+01
 2.35046631e+01
 1.97843262e+01
 1.64166809e+01
 1.31869446e+01
 1.02097412e+01
 4.34230957e+00
 6.21209106e+00
 9.44216309e+00
 1.10444885e+01
 1.63809753e+01
 2.58452087e+01
 3.05720764e+01
 2.55533386e+01
 2.21964355e+01
 1.30625244e+01
 1.09100891e+01
 9.53643188e+00
 8.29302368e+00
 7.47896729e+00
 9.55623779e+00
 9.66115723e+00
 1.34303528e+01
 2.25663696e+01
 2.42884460e+01
 2.48189331e+01
 2.03489014e+01
 1.40495544e+01
 9.95824585e+00
 1.01936584e+01
 7.86724243e+00
 9.01262817e+00
 1.06885315e+01
 1.38431335e+01
 1.65954529e+01
 2.04714600e+01
 2.74020630e+01
 2.66117798e+01
 2.16950012e+01
 1.36240784e+01
 7.28096924e+00
 6.81636963e+00
 9.20522461e+00
 8.15224609e+00
 1.10938354e+01
 1.26612793e+01
 1.65417114e+01
 2.27063843e+01
 2.50377747e+01
 2.36157471e+01
 1.93646179e+01
 1.60774170e+01
 8.71126709e+00
 1.03074280e+01
 4.44317017e+00
 6.81908569e+00
 8.35250244e+00
 1.06051270e+01
 1.66077515e+01
 2.45741211e+01
 2.73453613e+01
 2.44123779e+01
 1.93950134e+01
 1.42148071e+01
 1.26002747e+01
 9.97066650e+00
 7.98876343e+00
 3.16344604e+00
 9.55758057e+00
 1.08713318e+01
 1.45743042e+01
 2.08950745e+01
 2.52364746e+01
 2.43660217e+01
 2.14947144e+01
 1.39143005e+01
 9.26094971e+00
 7.12206421e+00
 4.17687378e+00
 8.41326294e+00
 7.33510742e+00
 1.17213684e+01
 1.48337341e+01
 2.13050476e+01
 2.73864685e+01
 2.55347839e+01
 2.47666870e+01
 1.64191528e+01
 1.02566467e+01
 8.37767944e+00
 5.95247803e+00
 8.87929688e+00
 8.31228027e+00
 1.24734436e+01
 1.51072327e+01
 2.26880432e+01
 2.97339111e+01
 2.67595459e+01
 2.10052124e+01
 1.60165039e+01
 1.08905884e+01
 4.49862061e+00
 7.80208740e+00
 8.98488770e+00
 9.40041504e+00
 1.03940063e+01
 1.76311890e+01
 2.54702698e+01
 2.47011658e+01
 2.60399109e+01
 1.98134094e+01
 1.43123718e+01
 1.23012634e+01
 4.23528442e+00
 8.87456665e+00
 3.73665771e+00
 7.54326782e+00
 1.06820618e+01
 1.66680847e+01
 2.04534241e+01
 2.53429504e+01
 2.40476624e+01
 2.17711731e+01
 1.59249207e+01
 1.21329895e+01
 1.17933594e+01
 7.66259155e+00
 7.24852905e+00
 9.82814941e+00
 1.13225952e+01
 1.73765808e+01
 2.41074158e+01
 2.52661987e+01
 2.48135010e+01
 1.88687988e+01
 1.38600098e+01
 1.21725708e+01
 7.46352539e+00
 8.00542603e+00
 4.05077515e+00
 1.07100464e+01
 1.17947937e+01
 1.52224670e+01
 2.16468140e+01
 2.67484375e+01
 2.39335876e+01
 2.12410217e+01
 1.50897461e+01
 1.10463196e+01
 9.74413452e+00
 8.72313843e+00
 8.76390991e+00
 1.04280029e+01
 1.05451294e+01
 1.55845276e+01
 2.47537476e+01
 2.74995056e+01
 2.67795959e+01
 2.14471375e+01
 1.32898499e+01
 1.22653137e+01
 1.02977539e+01
 4.87142334e+00
 5.21785889e+00
 7.07406006e+00
 1.21997620e+01
 1.90216919e+01
 2.57551514e+01
 2.84931885e+01
 2.80471741e+01
 2.07453857e+01
 1.33329407e+01
 1.05523926e+01
 8.30953369e+00
 6.08913574e+00
 6.88671265e+00
 9.58962402e+00
 1.12067505e+01
 1.65868164e+01
 1.89797607e+01
 2.54424072e+01
 2.20491272e+01
 2.09664246e+01
 1.61930176e+01
 1.24346863e+01
 9.96477661e+00
 6.07851563e+00
 4.23076782e+00
 8.83007202e+00
 1.33067566e+01
 1.35383850e+01
 2.17562195e+01
 2.57596375e+01
 2.85548645e+01
 2.26329895e+01
 1.54495789e+01
 1.36434265e+01
 7.47243652e+00
 8.94500122e+00
 7.06908569e+00
 1.05241638e+01
 1.17623840e+01
 1.53971497e+01
 2.10429626e+01
 2.76428162e+01
 2.88528992e+01
 1.99047180e+01
 1.59652954e+01
 9.88524780e+00
 8.35930786e+00
 8.19606934e+00
 5.75551758e+00
 7.17580566e+00
 1.30050293e+01
 1.68008972e+01
 2.62059570e+01
 3.14522034e+01
 2.47919250e+01
 2.15434509e+01
 1.35089966e+01
 1.25960022e+01
 7.74025879e+00
 5.55141602e+00
 9.29149780e+00
 7.29290161e+00
 1.21231628e+01
 1.39307800e+01
 2.22659546e+01
 2.48091064e+01
 2.45072266e+01
 2.05206543e+01
 1.51934448e+01
 1.37001587e+01
 5.67986450e+00
 5.26061401e+00
 5.31383667e+00
 8.23552856e+00
 9.76543579e+00
 1.68914124e+01
 2.02903687e+01
 2.91239563e+01
 2.89078918e+01
 2.40692383e+01
 1.46785217e+01
 1.07219788e+01
 7.20003662e+00
 9.92128906e+00
 9.51256714e+00
 6.96596680e+00
 1.09788147e+01
 1.88570190e+01
 2.15189453e+01
 2.79913269e+01
 2.95303284e+01
 2.09266602e+01
 1.57816711e+01
 1.19924866e+01
 5.88155518e+00
 7.37017212e+00
 7.56401978e+00
 8.97588501e+00
 1.14708191e+01
 1.63814941e+01
 2.12911316e+01
 2.93339478e+01
 2.61963745e+01
 2.08381897e+01
 1.72132202e+01
 1.16072021e+01
 1.02206665e+01
 4.13347778e+00
 6.63137207e+00
 1.06331726e+01
 1.18432861e+01
 1.68721863e+01
 2.12697998e+01
 2.70607239e+01
 2.41053711e+01
 1.88855530e+01
 1.64382263e+01
 1.27214600e+01
 5.73681030e+00
 4.50930176e+00
 3.84566650e+00
 5.42565308e+00
 1.07992798e+01
 1.61298157e+01
 2.27879883e+01
 2.75169006e+01
 2.66442200e+01
 2.44643799e+01
 1.53001648e+01
 1.32188354e+01
 9.76876221e+00
 5.46828613e+00
 8.29750977e+00
 9.80169067e+00
 1.02812744e+01
 1.67192017e+01
 2.58817078e+01
 2.98571411e+01
 2.54442383e+01
 2.19406677e+01
 1.61005493e+01
 1.43216492e+01
 1.04531189e+01
 7.38790283e+00
 7.44814453e+00
 9.69487915e+00
 1.11634155e+01
 1.60764099e+01
 2.23264404e+01
 2.59130188e+01
 2.55817200e+01
 2.19371887e+01
 1.56935364e+01
 1.35318237e+01
 7.93975220e+00
 7.93325195e+00
 8.44451294e+00
 1.01657349e+01
 1.25308777e+01
 1.90071960e+01
 2.10960327e+01
 2.60948120e+01
 2.76142212e+01
 2.27499329e+01
 1.73231750e+01
 1.36173340e+01
 1.12178589e+01
 9.00512085e+00
 7.30825195e+00
 8.70162354e+00
 1.20485779e+01
 1.52922302e+01
 2.49737183e+01
 2.83513733e+01
 2.82788025e+01
 2.08562256e+01
 1.71360718e+01
 1.12233215e+01
 7.59511719e+00
 5.47835693e+00
 4.15871582e+00
 6.48479614e+00
 1.07788635e+01
 1.58427063e+01
 2.22174927e+01
 2.87528015e+01
 2.30523621e+01
 2.28651672e+01
 1.80753113e+01
 1.28543030e+01
 8.55214844e+00
 8.08828125e+00
 5.06499634e+00
 7.95128784e+00
 1.19811646e+01
 1.42260071e+01
 2.33106323e+01
 2.80817200e+01
 2.73061462e+01
 2.18443542e+01
 1.73138672e+01
 1.21788879e+01
 1.08040100e+01
 7.15905151e+00
 8.94649658e+00
 8.92742310e+00
 1.15741211e+01
 1.73055969e+01
 2.23991943e+01
 2.66466614e+01
 2.67174316e+01
 2.21043030e+01
 1.54350220e+01
 1.20692993e+01
 1.00803162e+01
 8.36821899e+00
 6.23073730e+00
 8.59295044e+00
 1.19608398e+01
 1.41788879e+01
 2.07879272e+01
 2.58237244e+01
 2.70632568e+01
 2.33005615e+01
 1.53880859e+01
 1.21440674e+01
 9.58272705e+00
 8.88347778e+00
 6.46999512e+00
 9.53566895e+00
 1.26118103e+01
 1.68462463e+01
 2.15782410e+01
 2.84153687e+01
 2.62323242e+01
 1.99499146e+01
 1.77505432e+01
 1.25253845e+01
 9.67955933e+00
 9.68676147e+00
 8.04451904e+00
 1.07820374e+01
 1.36769653e+01
 1.79821106e+01
 2.51469666e+01
 2.69445129e+01
 2.70689331e+01
 2.10283447e+01
 1.48437744e+01
 1.04575439e+01
 1.08351990e+01
 5.07985840e+00
 4.07817993e+00
 7.71190796e+00
 1.18778625e+01
 1.50340210e+01
 2.64645935e+01
 2.98073059e+01
 2.76495300e+01
 2.17588440e+01
 1.34082275e+01
 1.24578186e+01
 8.97380981e+00
 6.88652954e+00
 1.01388794e+01
 9.97118530e+00
 1.06221863e+01
 1.52826477e+01
 2.49306580e+01
 2.92920471e+01
 2.62965942e+01
 2.00758606e+01
 1.47199646e+01
 1.29599854e+01
 9.29088745e+00
 9.14534912e+00
 9.44783936e+00
 1.15984131e+01
 1.15106445e+01
 1.74675537e+01
 2.19066711e+01
 3.09972473e+01
 2.94805542e+01
 2.29726196e+01
 1.57043396e+01
 1.32479187e+01
 1.24722534e+01
 9.37941895e+00
 9.65468750e+00
 9.27251587e+00
 1.16221558e+01
 1.68485352e+01
 2.26551453e+01
 2.99389282e+01
 2.85531250e+01
 2.00619141e+01
 1.46572815e+01
 1.04905334e+01
 8.66179810e+00
 6.55205688e+00
 8.57720337e+00
 1.07403198e+01
 1.51730896e+01
 1.74095703e+01
 2.13081909e+01
 2.61266724e+01
 2.87787720e+01
 2.60390259e+01
 1.92328430e+01
 9.73980103e+00
 1.05478149e+01
 5.12807617e+00
 4.14138184e+00
 7.03362427e+00
 1.14231201e+01
 1.54594971e+01
 2.38612305e+01
 2.60427490e+01
 2.78174988e+01
 2.14230896e+01
 1.69988037e+01
 1.31218811e+01
 5.54943237e+00
 7.08550415e+00
 8.49084473e-01
 9.10814819e+00
 1.21207520e+01
 1.77795654e+01
 2.13075806e+01
 2.93402649e+01
 2.75656067e+01
 2.42577148e+01
 1.77028137e+01
 1.43674561e+01
 9.88314209e+00
 7.02633057e+00
 8.56054077e+00
 1.07965332e+01
 1.21000305e+01
 1.83018738e+01
 2.47748962e+01
 2.80488831e+01
 2.84212891e+01
 2.15370117e+01
 1.77551819e+01
 1.34329773e+01
 9.75829468e+00
 9.62719116e+00
 9.03435669e+00
 1.13017517e+01
 1.37868591e+01
 1.59392639e+01
 2.58937317e+01
 3.21034790e+01
 2.80049988e+01
 2.63243958e+01
 1.75913330e+01
 1.20748535e+01
 1.02060486e+01
 9.15923462e+00
 1.04534851e+01
 8.62377319e+00
 1.21340576e+01
 1.79774719e+01
 2.79234863e+01
 2.99195801e+01
 3.15889526e+01
 2.41932617e+01
 1.82858826e+01
 1.24728638e+01
 1.27364746e+01
 9.46273193e+00
 1.08495422e+01
 1.23751770e+01
 1.23294922e+01
 1.61254517e+01
 2.61455933e+01
 3.03075806e+01
 2.81432739e+01
 2.22798096e+01
 1.72880798e+01
 1.36079651e+01
 9.69274292e+00
 1.00136353e+01
 9.37517700e+00
 9.01189575e+00
 1.25512634e+01
 1.52619873e+01
 2.72088867e+01
 2.63643127e+01
 2.73191162e+01
 2.17365356e+01
 1.76445557e+01
 1.11575256e+01
 6.50298462e+00
 9.49523315e+00
 9.67498169e+00
 9.09453735e+00
 1.17411438e+01
 1.74982544e+01
 2.54944397e+01
 2.28887878e+01
 2.71890808e+01
 2.15127197e+01
 1.71370483e+01
 1.31574646e+01
 8.52016602e+00
 8.77715454e+00
 9.99593506e+00
 9.58968506e+00
 1.25360352e+01
 1.65993591e+01
 1.98895508e+01
 3.07512146e+01
 3.07066284e+01
 2.14076172e+01
 1.80935608e+01
 1.26265198e+01
 1.02388855e+01
 9.47854004e+00
 8.14635620e+00
 9.12954102e+00
 1.15815674e+01
 1.75344788e+01
 2.28224426e+01
 3.01395813e+01
 2.87554871e+01
 2.36087280e+01
 1.78448425e+01
 1.27037903e+01
 1.08492676e+01
 1.08974548e+01
 9.90285645e+00
 1.03315979e+01
 1.29397217e+01
 1.85565430e+01
 2.54856812e+01
 3.17824646e+01
 3.05843750e+01
 2.65629822e+01
 1.77851196e+01
 1.36595703e+01
 1.16650330e+01
 6.41701660e+00
 1.14763123e+01
 1.21077820e+01
 1.36993042e+01
 1.87897278e+01
 2.56596924e+01
 2.69432312e+01
 2.90912109e+01
 2.56325623e+01
 1.74634033e+01
 1.41575867e+01
 1.23962036e+01
 7.04769287e+00
 9.44082031e+00
 1.04918152e+01
 1.29631592e+01
 1.81715332e+01
 2.83342834e+01
 3.00099426e+01
 2.96071106e+01
 2.16267029e+01
 1.61549622e+01
 1.61249939e+01
 1.10385986e+01
 5.68984375e+00
 7.05233154e+00
 9.72408447e+00
 1.40259338e+01
 2.06075378e+01
 2.28839050e+01
 3.19651428e+01
 2.75870605e+01
 2.31639954e+01
 1.71319824e+01
 1.58609253e+01
 7.93297729e+00
 9.24123535e+00
 8.53521118e+00
 9.45696411e+00
 1.52781006e+01
 1.65157410e+01
 2.37329956e+01
 2.83843018e+01
 2.72848450e+01
 2.28336731e+01
 1.48564392e+01
 1.51216675e+01
 9.55391846e+00
 8.94762573e+00
 9.79607544e+00
 1.12948853e+01
 1.43702637e+01
 1.73773132e+01
 2.42140137e+01
 2.78901306e+01
 2.92980591e+01
 2.41522461e+01
 1.83786865e+01
 1.20763794e+01
 9.44841919e+00
 1.01460510e+01
 9.06188354e+00
 1.11641174e+01
 1.28052002e+01
 1.88039490e+01
 2.39053284e+01
 2.69878174e+01
 2.95064026e+01
 2.33875366e+01
 1.51466919e+01
 1.34626709e+01
 9.53560791e+00
 1.04824463e+01
 9.62044678e+00
 9.33422241e+00
 1.25122620e+01
 1.87474609e+01
 2.63644348e+01
 2.90208374e+01
 2.97927185e+01
 2.54070984e+01
 1.71947571e+01
 1.59361206e+01
 1.06782776e+01
 9.14296875e+00
 6.80932007e+00
 8.07369385e+00
 1.35152527e+01
 1.94623047e+01
 2.55471436e+01
 3.21735779e+01
 3.02372986e+01
 2.56857849e+01
 1.87550598e+01
 1.39717957e+01
 1.10399719e+01
 9.01195679e+00
 1.16846863e+01
 1.17297913e+01
 1.35853821e+01
 1.79678589e+01
 2.60133301e+01
 2.86364075e+01
 2.85943848e+01
 2.38041016e+01
 1.63138977e+01
 1.48890625e+01
 1.01988770e+01
 1.02038208e+01
 8.02510986e+00
 1.03790222e+01
 1.30273376e+01
 1.83658386e+01
 2.64948669e+01
 2.96078430e+01
 2.97553955e+01
 2.45684753e+01
 1.66599365e+01
 1.30476929e+01
 1.05411316e+01
 1.01878906e+01
 8.67400513e+00
 1.23054138e+01
 1.46335083e+01
 1.89567200e+01
 2.84879395e+01
 3.16993347e+01
 3.24156433e+01
 2.58059021e+01
 1.96628967e+01
 1.63186890e+01
 1.16590820e+01
 1.02673889e+01
 8.83376465e+00
 1.20182739e+01
 1.39667908e+01
 2.05915771e+01
 2.49234253e+01
 2.85138489e+01
 2.96015564e+01
 2.45788208e+01
 1.58020569e+01
 1.23912903e+01
 1.08645569e+01
 8.83748779e+00
 9.42751465e+00
 1.11873108e+01
 1.40097900e+01
 1.67774597e+01
 2.55031067e+01
 3.14192749e+01
 2.97687927e+01
 2.54410339e+01
 1.94162537e+01
 1.32028442e+01
 1.06270996e+01
