 1.42495792e+01
 4.62773984e+00
 2.18585773e+01
 4.85555604e+01
 8.20735320e+01
 2.56204385e+02
 5.92596079e+01
 8.22652250e+01
 3.29518477e+01
 3.75062532e+01
 3.92050081e+01
 3.34340077e+01
 3.92278773e+01
 8.48732899e+01
 3.88102097e+01
 5.51377233e+01
 4.57534382e+01
 5.36798395e+01
 2.61531898e+01
 4.00525990e+01
 1.59260638e+01
 3.92502617e+01
 2.99204191e+00
 1.51518226e+01
 5.08845504e+01
 4.05309956e+01
 1.66352045e+01
 4.06978877e+01
 8.87100669e+01
 1.30276357e+02
 7.52159066e+01
 9.41595338e+01
 1.05121865e+02
 2.83419761e+01
 2.17903375e+01
 5.57297454e+01
 6.92449721e+01
 5.87982817e+01
 5.02512659e+01
 1.20497753e+02
 8.20278133e+01
 1.03350177e+02
 7.14178660e+01
 3.04288649e+01
 5.66157300e+01
 3.98559415e+01
 7.30376526e+01
 6.28962252e+01
 2.91102510e+01
 1.48440432e+01
 4.01543674e+01
 7.62378889e+01
 9.75439920e+01
 5.84334772e+01
 3.51794339e+01
 6.89121232e+01
 8.05528314e+01
 1.01450288e+02
 4.36770460e+01
 5.72371413e+01
 1.58315164e+01
 1.73729441e+01
 2.64174436e+01
 1.21426419e+01
 5.88755155e+01
 9.47419424e+01
 5.34677771e+01
 3.69437220e+01
 4.05664526e+01
 5.20746292e+01
 8.29475253e+00
 7.09536393e+01
 5.22918806e+01
 2.96240306e+01
 2.56836356e+01
 1.18768809e+02
 7.92183561e+01
 7.52114301e+01
 4.61745771e+01
 5.42946108e+01
 3.13569512e+01
 1.12628386e+02
 3.60632780e+01
 8.11935158e+01
 9.26022342e+01
 6.38637403e+00
 4.62385365e+01
 3.62047486e+01
 6.57830446e+01
 1.21297707e+02
 1.37635574e+02
 5.45041157e+01
 4.58793057e+01
 6.34553727e+01
 2.44056980e+01
 3.43871255e+01
 7.35329295e+01
 3.15684901e+01
 5.07521981e+01
 9.78640777e+01
 1.02471377e+02
 1.04720181e+02
 2.08348776e+02
 9.12169253e+01
 4.19781129e+00
 5.14233135e+01
 1.11145708e+02
 1.07682673e+02
 2.77703003e+01
 2.38602326e+01
 6.69040095e+01
 1.56909944e+02
 8.44855038e+01
 8.35551348e+01
 8.06524287e+01
 7.84563003e+01
 4.34893396e+01
 7.86520419e+01
 8.41974631e+01
 6.82456703e+01
 3.78817173e+01
 1.98442204e+01
 8.32642345e+01
 5.34569181e+01
 1.01899426e+02
 7.72151817e+01
 5.22055540e+01
 3.78540639e+01
 3.99509375e+01
 3.02792195e+01
 3.24432836e+01
 1.09581751e+02
 4.27797952e+01
 3.05745824e+01
 4.82340513e+01
 4.85553058e+01
 8.36665627e+01
 7.89759738e+01
 9.59788680e+01
 2.98573303e+01
 1.76389334e+01
 4.17803473e+01
 6.96816198e+01
 9.37282465e+01
 1.64801841e+01
 6.64776544e+01
 9.74179733e+01
 7.82185379e+01
 1.17588278e+02
 1.57116849e+02
 2.09002513e+01
 2.05576366e+01
 9.46969441e+01
 8.93850701e+01
 6.99146262e+01
 7.30815112e+01
 3.91299432e+01
 1.25880186e+02
 1.12830320e+02
 1.06354178e+02
 3.68847077e+01
 9.83426697e+01
 1.25134684e+02
 6.52780004e+01
 2.60144396e+01
 5.16048679e+01
 7.12651666e+00
 8.92511978e+01
 5.08888718e+01
 3.77046782e+01
 1.57794154e+01
 2.08565108e+01
 3.83570058e+01
 4.41091546e+01
 7.26714609e+01
 1.29395132e+01
 1.24540098e+02
 4.23209033e+01
 5.16170065e+01
 6.51415118e+01
 1.40072456e+01
 3.86555380e+01
 4.92075755e+01
 1.15824272e+02
 1.20794382e+02
 7.32365332e+01
 1.05512634e+02
 1.00730804e+02
 8.78674040e+01
 5.57289903e+01
 7.93470821e+01
 5.86308836e+01
 2.78149349e+01
 2.15970008e+01
 3.26844265e+01
 1.43234107e+02
 7.89338519e+01
 1.18698153e+02
 4.85137858e+01
 6.33851480e+01
 1.90520693e+02
 2.22395185e+02
 2.72229636e+01
 9.19858994e+01
 1.71343316e+01
 8.23248728e+01
 2.24781764e+01
 1.42453597e+02
 8.48837493e+01
 1.51787659e+02
 1.01321161e+02
 6.54997778e+01
 2.27919917e+01
 3.43635963e+01
 1.35096129e+02
 6.29749028e+01
 8.95250422e+01
 4.49495676e+01
 6.21715034e+01
 1.04416518e+02
 9.97745993e+01
 1.62728391e+02
 5.87446687e+01
 8.53201131e+01
 5.93172326e+01
 4.37016082e+01
 7.11197297e+01
 7.35202964e+01
 5.32615218e+01
 3.08729472e+01
 2.11779470e+01
 6.34046378e+01
 1.80541924e+02
 1.09387542e+02
 1.60574703e+02
 4.61423733e+01
 2.54226023e+01
 5.06261113e+01
 3.51774764e+01
 3.35454323e+01
 6.37039851e+01
 3.97268748e+01
 5.03864293e+01
 1.04869952e+02
 6.62099276e+01
 1.32208697e+02
 6.97635994e+01
 4.69656895e+01
 8.79610780e+01
 2.69987343e+01
 6.98755875e+01
 1.33567363e+01
 3.22191645e+01
 5.72166147e+01
 5.00959617e+01
 2.19518272e+01
 5.03895285e+00
 4.56000846e+01
 4.40770285e+01
 3.43026624e+01
 1.16609761e+02
 2.15734008e+01
 8.41757467e+01
 3.37568081e+01
 5.04812867e+01
 6.66627878e+01
 6.72852225e+01
 2.63693595e+01
 6.98615701e+01
 8.50805773e+01
 6.86542541e+01
 7.81308715e+01
 6.68041366e+01
 5.21462035e+01
 8.65401726e+01
 1.00517391e+02
 1.48110982e+01
 3.80039517e+01
 7.25129948e+01
 3.50588774e+01
 5.35381967e+01
 8.01095063e+01
 6.99527784e+01
 2.32342519e+01
 1.04481215e+02
 1.08915150e+01
 8.46120090e+01
 4.26072784e+01
 1.78231689e+01
 4.33075785e+01
 4.50025831e+01
 5.25621300e+01
 1.05485760e+02
 5.49594890e+01
 6.50293150e+01
 7.47476995e+01
 1.88948802e+01
 3.62716712e+01
 7.51330320e+01
 2.32084450e+01
 9.17547044e+01
 3.96193354e+01
 3.88414318e+01
 1.19240518e+02
 8.34181111e+01
 1.12817225e+02
 9.76875595e+01
 5.75070832e+01
 4.73304567e+01
 4.87503254e+01
 7.02069923e+01
 5.91376086e+01
 4.95375401e+01
 4.35997805e+01
 6.51828798e+01
 7.60332705e+01
 9.28742662e+01
 6.91091369e+01
 6.75586966e+01
 3.82289604e+01
 6.93361649e+01
 1.49191136e+01
 6.96895124e+01
 9.46502982e+01
 1.45152471e+01
 3.52289508e+01
 1.35071916e+01
 7.82824944e+01
 6.10349578e+01
 3.09398169e+01
 2.76140022e+01
 3.52005466e+01
 1.41267728e+01
 5.64683865e+01
 7.97453901e+01
 3.22980931e+01
 7.78047423e+00
 2.03071617e+01
 5.43458251e+01
 9.17357634e+01
 6.58738924e+01
 8.74429853e+01
 8.13788898e+01
 6.74927884e+01
 3.10087452e+01
 3.43164794e+01
 7.30204436e+01
 7.58868856e+01
 5.00820766e+01
 8.25881723e+01
 3.02569181e+01
 9.78653789e+01
 1.31490564e+02
 8.08375123e+01
 1.07562140e+02
 3.48637368e+01
 3.95876842e+01
 4.33550983e+01
 6.67198120e+01
 4.19583305e+01
 1.19213678e+01
 5.95941120e+01
 2.76690410e+01
 3.76138104e+01
 1.31223189e+02
 1.47587905e+02
 9.32530822e+01
 6.89872979e+01
 8.28040262e+01
 1.35369703e+02
 1.98836806e+01
 5.38800490e+01
 8.96120265e+01
 5.88424759e+01
 3.98067442e+01
 8.01375972e+01
 1.85521498e+02
 8.16470281e+01
 9.46284815e+01
 1.19932675e+02
 1.00156895e+02
 1.05000433e+02
 2.24517137e+01
 6.49006752e+01
 3.17660581e+01
 2.31671737e+01
 7.83462082e+01
 3.43261330e+01
 9.72935819e+01
 4.51388431e+01
 7.32648487e+01
 4.77505608e+01
 1.05278529e+02
 6.18007894e+01
 3.98736286e+01
 1.94707609e+01
 9.77017430e+00
 4.95631477e+01
 3.38739500e+01
 9.37691523e+01
 6.87879267e+01
 1.10783940e+02
 2.23291644e+01
 4.60399643e+01
 3.46216521e+00
 1.12198220e+02
 1.61276966e+01
 7.02532091e+01
 6.68845849e+01
 6.96346517e+01
 3.26260359e+01
 7.55758574e+01
 1.08987272e+02
 1.72279844e+02
 1.41812860e+02
 6.41639244e+01
 5.07801495e+01
 3.25479502e+01
 7.29094755e+01
 1.19444278e+02
 6.14585230e+01
 8.67184918e+00
 6.31248819e+01
 4.64964521e+01
 5.84316244e+01
 8.74639568e+01
 4.05702689e+01
 7.43462483e+01
 4.22062012e+01
 3.40109184e+01
 1.73303997e+02
 3.65228900e+01
 5.19790994e+01
 7.31121198e+01
 6.68852037e+01
 5.88165233e+01
 1.12878377e+02
 1.16554937e+02
 6.21358112e+01
 8.08150213e+01
 2.44533507e+01
 3.69487840e+01
 2.44536619e+01
 7.61551613e+01
 2.56880545e+01
 2.43330464e+01
 3.61263643e+01
 4.55278488e+01
 1.29077540e+02
 6.79083522e+01
 3.98292601e+01
 2.74685395e+01
 3.10560443e+01
 9.47277140e+01
 8.53983468e+01
 7.98043239e+01
 2.58871894e+01
 2.93779392e+01
 6.59694758e+01
 9.73899930e+01
 7.79518505e+01
 8.03462091e+01
 2.20268994e+01
 1.09968635e+02
 1.08611813e+02
 4.44965840e+01
 7.52702380e+01
 7.38973537e+01
 6.90025277e+01
 4.67590397e+01
 5.67489590e+01
 2.99312602e+01
 3.38409448e+01
 1.13799049e+02
 9.74781325e+01
 3.44533236e+01
 4.31579867e+01
 5.99290278e+01
 4.87921784e+01
 7.67861657e+01
 4.50733096e+01
 1.01081490e+01
 8.85043499e+00
 7.67833984e+01
 9.34202399e+01
 1.04151404e+02
 7.04600247e+01
 7.85056243e+01
 3.77323339e+01
 1.05522650e+02
 4.55633514e+01
 5.09876658e+01
 3.75797421e+01
 2.73517800e+01
 4.17972043e+01
 7.12496890e+01
 7.96059369e+01
 6.85068893e+01
 1.93032183e+01
 2.94966088e+01
 2.53369222e+01
 5.53144042e+01
 9.36220405e+01
 9.42673020e+01
 2.28326959e+01
 1.81020683e+01
 5.38619886e+01
 2.88261251e+01
 1.06034871e+02
 1.21162571e+02
 1.55486757e+02
 4.41353022e+01
 4.49476996e+01
 9.50547896e+01
 1.52615205e+02
 5.12174626e+01
 6.22696835e+01
 8.34736495e+01
 5.85082997e+01
 3.43485614e+01
 1.55479332e+02
 7.50089615e+01
 8.94411759e+01
 4.28151122e+01
 7.99470524e+01
 9.61352488e+01
 1.25828117e+01
 2.12569778e+01
 5.25994683e+01
 4.60580225e+01
 2.09500211e+01
 4.24127763e+01
 6.67397848e+01
 4.52072457e+01
 6.13182879e+01
 5.33842762e+01
 3.82284273e+01
 5.63325411e+01
 3.12724192e+01
 7.96830798e+01
 3.47345002e+01
 1.27797262e+01
 6.04825385e+01
 8.10715654e+01
 1.85819040e+02
 6.06216443e+01
 4.60592232e+01
 7.96748072e+01
 3.74935424e+01
 4.13228439e+01
 7.53029400e+01
 4.98873971e+01
 5.39904043e+01
 6.60292479e+01
 2.55360243e+01
 3.58055989e+01
 7.45143755e+01
 8.69000737e+01
 1.34533028e+02
 1.66761815e+01
 2.04996036e+01
 8.75813165e+01
 6.81066340e+01
 8.03167589e+01
 3.64055727e+01
 2.04152270e+01
 5.56993491e+01
 8.22125897e+01
 1.96848250e+02
 7.40600709e+01
 8.05160424e+01
 7.58044420e+01
 2.15730362e+01
 9.88437976e+01
 6.44727945e+01
 9.19846911e+01
 3.42212297e+01
 2.17772849e+01
 5.98129431e+01
 6.62513238e+01
 4.13583801e+01
 5.67832051e+01
 6.01398774e+01
 5.54839442e+01
 3.86181143e+01
 7.89200935e+01
 3.41778826e+01
 8.61247111e+01
 2.25516313e+01
 4.11270476e+01
 4.82284144e+01
 2.00215090e+01
 6.72431871e+01
 4.14450217e+01
 3.40208646e+01
 6.60042959e+01
 9.12736732e+01
 9.33712570e+01
 6.96903894e+01
 1.85811590e+01
 3.14789498e+01
 7.52644391e+01
 8.04484827e+01
 1.03508717e+02
 3.55793627e+01
 8.00968894e+01
 8.86518759e+01
 5.23133758e+01
 3.05127532e+01
 5.11497908e+01
 4.20719467e+01
 6.55589481e+01
 5.20529830e+01
 3.54643907e+01
 1.25237697e+02
 1.18803541e+01
 1.48617293e+02
 8.45196551e+01
 1.98509479e+02
 1.41036987e+02
 2.69936913e+01
 4.25195827e+01
 1.08340635e+02
 2.90150890e+01
 2.82474207e+01
 1.47306655e+01
 4.54693432e+01
 5.08139783e+01
 8.78423475e+01
 1.02433333e+02
 1.63345000e+02
 3.89086115e+01
 2.45778055e+01
 5.57763947e+01
 7.64361660e+01
 4.28716808e+01
 2.16046424e+00
 9.32346079e+00
 4.00632638e+01
 4.62675429e+01
 6.33007653e+01
 3.90543130e+01
 5.45525578e+01
 1.32974335e+02
 3.52269207e+01
 8.42828683e+01
 4.97267171e+01
 4.16055942e+01
 3.05271425e+01
 2.26406782e+01
 4.16242246e+01
 5.11654823e+01
 6.99461671e+01
 3.09005590e+01
 9.83353673e+01
 2.00909897e+01
 2.36619704e+01
 1.24548634e+02
 2.17059564e+01
 8.93077323e+01
 7.89471914e+01
 7.07645415e+01
 3.60366249e+01
 1.07447582e+02
 1.00712329e+02
 1.53141652e+02
 3.75679738e+01
 5.80292670e+01
 1.62349930e+01
 7.00629485e+01
 5.28674571e+01
 6.25781676e+01
 3.72357388e+01
 6.28371391e+01
 6.61079424e+01
 4.18591810e+01
 7.20426196e+01
 6.70812218e+01
 7.94437925e+01
 4.54755404e+01
 8.38423051e+01
 6.45600701e+01
 8.58796074e+01
 3.82812733e+01
 3.45638737e+01
 3.72891566e+01
 5.94871038e+00
 4.79460803e+01
 5.12527211e+01
 1.50780074e+02
 4.17782474e+01
 2.02413999e+01
 3.18855769e+01
 4.67767930e+01
 9.61732204e+01
 1.05390288e+02
 1.05303063e+01
 4.50271880e+01
 2.75038833e+01
 5.44199815e+01
 8.20046714e+01
 3.57970745e+01
 2.13869623e+01
 2.89933429e+01
 1.98146910e+01
 1.82726457e+01
 8.84041580e+01
 7.76288723e+01
 2.19169339e+01
 1.31144127e+01
 3.69244485e+01
 3.05614761e+01
 5.96754071e+01
 1.19883657e+02
 6.89266612e+01
 1.10116013e+02
 1.44519443e+02
 7.74431475e+01
 3.48012031e+01
 7.64193006e+01
 3.71161025e+01
 8.50637875e+01
 5.70364741e+01
 5.90187892e+01
 1.10155934e+02
 5.07942609e+01
 9.03569914e+01
 3.93441959e+01
 6.30823751e+01
 3.01023983e+01
 2.75282788e+01
 6.64254932e+01
 5.94969172e+01
 1.44334337e+01
 5.67715943e+01
 1.20757502e+02
 2.70061958e+01
 5.79474499e+01
 4.62032634e+01
 6.30476951e+01
 1.28986622e+01
 1.09600616e+02
 5.44411510e+01
 5.54905263e+01
 6.60719872e+01
 6.34691475e+01
 5.96701746e+01
 5.17959576e+01
 6.72423589e+01
 2.60560172e+01
 3.45492480e+01
 3.05943101e+01
 1.05059186e+02
 4.90270296e+01
 6.46743437e+01
 4.08397431e+01
 1.28019209e+02
 7.09668775e+00
 7.23888226e+01
 4.78728685e+01
 1.42001639e+02
 1.35981120e+02
 9.92569318e+01
 6.74455838e+01
 5.66725530e+01
 1.03792230e+02
 9.23356960e+01
 4.73071569e+01
 6.02162506e+00
 2.68300216e+01
 1.34305312e+02
 1.09100193e+02
 9.33414404e+01
 1.44998846e+02
 6.52882705e+01
 4.74639372e+01
 9.75937770e+01
 9.18222008e+01
 3.91687063e+01
 1.00684676e+02
 8.75206896e+01
 4.91747553e+01
 1.27016117e+02
 6.48632901e+01
 1.41440601e+02
 7.50079243e+01
 2.99229900e+01
 3.24242969e+01
 9.11826395e+01
 2.92607100e+01
 4.33977401e+01
 3.03735167e+01
 2.79751062e+01
 6.78040617e+01
 3.15907788e+01
 1.01906244e+02
 8.73831633e+01
 9.07632845e+01
 4.64297179e+01
 2.89170112e+01
 7.46266933e+01
 1.08945880e+02
 1.68423467e+01
 4.06379529e+01
 4.71987894e+01
 1.46341834e+01
 6.95794093e+01
 3.38426470e+01
 1.27466785e+02
 7.52134810e+01
 7.06147150e+01
 2.22250721e+01
 5.76207694e+01
 1.62964410e+01
 5.54270059e+01
 5.02098102e+01
 1.17491579e+02
 4.49550726e+01
 7.61395953e+01
 3.93273035e+01
 8.51313628e+01
 7.93446115e+01
 2.93543373e+01
 3.11595476e+01
 6.44516156e+01
 9.58397437e+01
 4.89491725e+01
 1.12749611e+02
 5.58185568e+01
 5.52024666e+01
 1.54125150e+01
 8.19424965e+01
 4.94128272e+01
 1.44378583e+02
 3.12912689e+01
 6.44381244e+01
 5.64523709e+01
 1.50145526e+02
 8.23156627e+00
 5.98263460e+01
 5.95940158e+01
 4.14148050e+01
 6.04738274e+01
 4.80263737e+01
 7.51469438e+01
 1.55892778e+02
 5.86612165e+01
 2.90919859e+01
 3.48104983e+01
 4.38352430e+00
 1.41033825e+01
 1.63970192e+02
 2.59730483e+01
 3.71584926e+01
 6.35436823e+01
 3.18612626e+01
 6.29156400e+01
 6.03734184e+01
 2.51040087e+01
 5.80961934e+01
 6.39945420e+01
 1.48230321e+02
 4.74662860e+01
 6.75785353e+01
 9.26199098e+01
 8.19838429e+01
 1.14394168e+01
 7.29910797e+01
 8.56198861e+01
 9.35142974e+01
 1.00188464e+02
 3.52700649e+01
 3.84776150e+01
 5.21561131e+01
 1.25717917e+02
 3.42427760e+01
 2.86764985e+01
 1.18298795e+02
 3.35352474e+01
 1.46773193e+02
 1.20987449e+02
 8.20833187e+01
 5.12185149e+01
 1.03541138e+02
 5.39348783e+01
 5.32422970e+01
 1.29885102e+02
 5.91377840e+01
 1.39644319e+01
 9.34366349e+00
 3.62982259e+01
 5.58313819e+01
 7.35757201e+01
 7.85812585e+01
 9.48932834e+01
 5.43094850e+01
 4.76959213e+01
 6.33948043e+01
 4.34720362e+01
 8.36987860e+01
 4.82159080e+01
 5.16152677e+01
 7.70391969e+01
 1.60956844e+02
 7.77236956e+01
 4.25493317e+01
 6.38569701e+01
 8.16547901e+01
 1.02043643e+02
 3.43476552e+01
 5.64878688e+01
 1.02811588e+02
 3.24659450e+01
 5.48077286e+01
 9.89028850e+01
 1.04720530e+02
 7.30225943e+01
 6.40079934e+01
 4.75425223e+01
 2.55082881e+01
 6.66554924e+01
 9.91238196e+01
 1.64639164e+01
 5.65523697e+01
 8.64098681e+01
 4.47378552e+01
 4.81933508e+01
 4.66327859e+01
 1.12513291e+02
 9.77366643e+01
 1.30965851e+02
 5.80286482e+01
 5.02281807e+01
 1.42586192e+01
 4.78137918e+01
 1.41289063e+02
 1.05166294e+02
 4.47951761e+01
 4.86983414e+01
 4.04757725e+01
 1.29480550e+02
 5.02686669e+01
 6.78088582e+01
 4.44747867e+01
 5.56048206e+01
 6.95137544e+01
 8.88039465e+01
 7.70857633e+01
 8.61969613e+00
 1.99823543e+01
 4.98590324e+01
 9.69592376e+01
 8.71903498e+01
 4.98667756e+01
 7.24104006e+01
 2.76124359e+01
 1.02995783e+02
 4.78888130e+01
 8.78816145e+01
 3.59295485e+01
 1.11543727e+02
 9.72466751e+01
 1.07336333e+02
 5.69093219e+01
 1.22095075e+02
 5.38536561e+01
 5.50372274e+01
 6.95333788e+01
 1.79911293e+01
 3.72977933e+01
 1.05599401e+02
 1.63293064e+02
 7.68636692e+01
 3.94071917e+01
 2.68442925e+01
 7.01764544e+01
 9.51237573e+01
 6.99616849e+01
 5.03173300e+01
 4.93775004e+01
 1.71556289e+02
 1.33826045e+02
 5.40057138e+01
 4.71437652e+01
 2.33313724e+01
 2.59990666e+01
 2.75323722e+01
 1.06947877e+02
 1.20982831e+02
 1.50921217e+02
 1.42395773e+02
 5.29822598e+01
 4.08815158e+01
 1.66092819e+01
 1.95807463e+01
 7.62315150e+01
 9.31636034e+01
 1.83637825e+01
 8.69266392e+01
 2.33506579e+01
 1.08444845e+02
 1.12553176e+02
 5.08907086e+01
 4.46577004e+01
 2.86820096e+01
 2.26449512e+02
 1.10301557e+02
 4.23665635e+01
 2.49729938e+01
 3.44656116e+01
 2.34272311e+01
 8.20760768e+01
 7.00522594e+01
 1.09152301e+02
 5.86999780e+01
 2.32209562e+01
 1.90910816e+01
 8.97571628e+01
 5.03504690e+01
 7.73667889e+01
 1.04064184e+02
 1.05641930e+02
 3.30130977e+01
 6.21252100e+01
 1.16802651e+02
 9.02222965e+01
 4.38825682e+01
 3.62279111e+01
 7.36405037e+01
 8.60109406e+01
 1.44716996e+01
 7.94510566e+01
 6.83845364e+01
 3.83209241e+01
 1.07670200e+02
 1.04498490e+02
 1.14279803e+02
 4.84898405e+01
 8.85162595e+01
 9.45040608e+01
 4.14273694e+01
 6.27225975e+01
 1.12828022e+02
 4.89399283e+01
 6.15252448e+01
 8.10712586e+01
 5.87114564e+01
 6.40469519e+01
 1.38914596e+02
 7.73059372e+01
 6.49580817e+01
 1.56597559e+01
 1.84318778e+01
 4.29773541e+01
 1.18568330e+01
 6.08556641e+01
 6.08357571e+01
 7.03785561e+01
 2.33722410e+01
 5.30239844e+01
 8.38841064e+01
 5.05635930e+01
 7.04641221e+01
 4.81991777e+01
 3.61753964e+01
 1.08388155e+02
 1.51390615e+02
 6.89759267e+01
 1.28872307e+01
 1.16160742e+02
 3.96533864e+01
 7.30728158e+01
 8.79698181e+01
 9.09660029e+01
 1.18653341e+02
 2.39824688e+01
 6.43367107e+01
 4.08442253e+01
 4.41270379e+01
 5.26314382e+01
 6.01618209e+01
 3.53128111e+01
 4.10411946e+01
 2.26866320e+01
 7.54903405e+01
 6.53712413e+01
 7.73494300e+01
 5.36850870e+01
 4.83288247e+01
 1.50532069e+02
 2.71720671e+01
 1.90805615e+01
 3.58603176e+01
 7.56193834e+01
 4.16528914e+01
 2.83972745e+01
 1.93542455e+02
 1.01347180e+02
 5.06579155e+01
 5.25995267e+01
 8.87178763e+00
 9.95872034e+01
 7.17656554e+01
 5.37896494e+01
 7.13555387e+01
 4.46911835e+01
 8.02046108e+01
 3.92641909e+01
 1.04916128e+02
 1.13286991e+02
 5.62030730e+01
 1.20654576e+02
 4.21333053e+01
 1.06493237e+02
 1.65593962e+01
 2.71183512e+01
 1.08993840e+02
 2.26447047e+01
 5.06323035e+01
 7.00268154e+01
 1.07881186e+02
 1.16732610e+02
 6.10725306e+01
 8.11499359e+01
 4.42881763e+01
 3.94920605e+01
 3.81583745e+01
 1.08417923e+02
 1.03093724e+02
 3.95901073e+01
 4.45104545e+01
 1.14045389e+02
 6.98195346e+01
 1.62667475e+02
 8.12652703e+01
 2.57803176e+01
 6.25041024e+01
 7.85242158e+01
 2.57123115e+01
 2.54379903e+01
 9.22327529e+01
 8.48970086e+01
 4.16121567e+01
 2.96466807e+01
 7.50590678e+01
 5.80073140e+01
 5.42935926e+01
 7.28951433e+01
 4.99378986e+01
 7.80381625e+01
 1.25421393e+02
 2.74183849e+01
 5.64133429e+01
 2.53474143e+01
 2.67128854e+01
 5.36332288e+01
 1.70137983e+02
 5.02866822e+01
 4.22394146e+01
 5.57963357e+01
 4.51267166e+01
 1.82650393e+01
 6.44865854e+01
 8.27224312e+01
 7.42544504e+01
 7.34694227e+01
 5.46346118e+01
 2.29432955e+02
 8.75585839e+01
 1.21433748e+02
 4.49922545e+01
 4.23612823e+01
 8.66719895e+01
 3.72518968e+01
 6.11217170e+01
 3.67722618e+00
 3.64004450e+01
 1.03222770e+00
 5.22218946e+01
 1.89170964e+01
 1.56870575e+02
 1.00159092e+02
 6.15124753e+01
 3.60743340e+01
 1.10739960e+02
 4.77946668e+01
 3.53847187e+01
 9.18654932e+01
 8.72440719e+00
 2.67685797e+01
 6.00972281e+01
 7.19104098e+01
 2.50324295e+01
 3.99494005e+01
 4.31693296e+01
 1.99706201e+01
 5.84591541e+01
 1.08098457e+02
 7.06626891e+01
 8.61849385e+01
