 6.07503662e+00
 3.17730103e+00
 1.03284241e+01
 1.18368164e+01
 1.58648315e+01
 2.15396057e+01
 2.28003784e+01
 2.31712891e+01
 1.83481995e+01
 1.31372314e+01
 1.07139832e+01
 5.88118896e+00
 7.81017456e+00
 6.08107910e+00
 7.08312378e+00
 1.16073853e+01
 1.76549011e+01
 2.20413452e+01
 2.37475830e+01
 2.12439514e+01
 1.94927307e+01
 1.29849792e+01
 1.01753174e+01
 5.55852661e+00
 5.02697144e+00
 6.65993652e+00
 7.38796387e+00
 1.32695557e+01
 1.67435852e+01
 2.12518860e+01
 2.24365173e+01
 2.41147705e+01
 1.79783569e+01
 1.21213928e+01
 1.13157593e+01
 6.36544189e+00
 7.02819214e+00
 5.75618896e+00
 9.89074097e+00
 1.15974060e+01
 1.59839111e+01
 2.09575134e+01
 2.40916992e+01
 2.52985779e+01
 2.06310669e+01
 1.52031494e+01
 1.00459839e+01
 8.12682495e+00
 2.48421631e+00
 5.33559570e+00
 7.18255005e+00
 1.15285278e+01
 1.52549683e+01
 2.00540710e+01
 2.60380798e+01
 2.36315247e+01
 1.96731812e+01
 1.30700012e+01
 9.98488770e+00
 7.66607056e+00
 3.19088135e+00
 8.88201294e+00
 8.63619385e+00
 1.28014160e+01
 1.56512390e+01
 1.81482178e+01
 2.28457886e+01
 2.43640686e+01
 1.81366211e+01
 1.34684998e+01
 1.02212158e+01
 9.91521606e+00
 9.28759155e+00
 7.64885864e+00
 1.06595703e+01
 1.07240540e+01
 1.68431335e+01
 2.22291809e+01
 2.45346619e+01
 2.29116455e+01
 1.94495789e+01
 1.42414185e+01
 8.92528687e+00
 8.78484497e+00
 6.14876709e+00
 6.75408325e+00
 8.91124878e+00
 1.33631531e+01
 1.80654541e+01
 2.28759399e+01
 2.48758789e+01
 2.42542664e+01
 1.79933105e+01
 1.37350098e+01
 1.17057129e+01
 8.12273560e+00
 7.90078125e+00
 5.98854980e+00
 8.13521729e+00
 1.18585754e+01
 1.51470276e+01
 2.07765747e+01
 2.52512146e+01
 2.43755432e+01
 1.93884827e+01
 1.55283142e+01
 9.37770996e+00
 7.70623169e+00
 6.78829346e+00
 4.54915771e+00
 8.28243408e+00
 1.20122925e+01
 1.60992371e+01
 2.23021484e+01
 2.68888794e+01
 2.32137085e+01
 1.92815186e+01
 1.53603455e+01
 7.31383667e+00
 5.65804443e+00
 3.40752563e+00
 7.07970581e+00
 8.47295532e+00
 1.24600464e+01
 1.52888428e+01
 2.19704529e+01
 2.61221252e+01
 2.40796143e+01
 1.63058716e+01
 1.25524841e+01
 7.44161377e+00
 8.90340576e+00
 7.53649292e+00
 6.21840820e+00
 8.98699341e+00
 1.28305908e+01
 1.76751953e+01
 1.93392883e+01
 2.30687500e+01
 2.42569824e+01
 1.78833557e+01
 1.36487366e+01
 9.01192627e+00
 6.20903931e+00
 4.04567871e+00
 7.28142700e+00
 9.61446533e+00
 1.20654541e+01
 1.65048157e+01
 1.90219055e+01
 2.56239563e+01
 2.29585815e+01
 1.81385742e+01
 1.34052063e+01
 9.23745117e+00
 6.89483032e+00
 3.08114014e+00
 6.80187378e+00
 8.67119751e+00
 1.05391174e+01
 1.63860107e+01
 2.24720093e+01
 2.49731384e+01
 2.30506226e+01
 1.75997864e+01
 1.28197266e+01
 9.65364990e+00
 7.50597534e+00
 5.12664185e+00
 6.40575562e+00
 8.57457886e+00
 1.10274292e+01
 1.78199402e+01
 2.28057495e+01
 2.59745117e+01
 2.42414490e+01
 1.86985413e+01
 1.50619141e+01
 1.11037231e+01
 7.17122803e+00
 6.13152466e+00
 6.73909912e+00
 8.28566895e+00
 1.17412659e+01
 1.56827332e+01
 2.18782288e+01
 2.62664124e+01
 2.55383545e+01
 1.69665771e+01
 1.59389587e+01
 1.17914368e+01
 6.71700439e+00
 5.27364502e+00
 7.03554688e+00
 8.33837280e+00
 1.12644592e+01
 1.50492493e+01
 2.17435547e+01
 2.53884827e+01
 2.61436096e+01
 1.87832581e+01
 1.30147339e+01
 7.62023315e+00
 7.24434814e+00
 9.19603882e+00
 9.24025879e+00
 1.09288574e+01
 1.43802429e+01
 1.54574829e+01
 2.18591553e+01
 2.46368958e+01
 2.42766357e+01
 1.94177185e+01
 1.34529968e+01
 9.20937500e+00
 4.72252808e+00
 3.99855957e+00
 6.59081421e+00
 7.20702515e+00
 1.12032104e+01
 1.81325317e+01
 2.08721863e+01
 2.46097961e+01
 2.51200806e+01
 1.88234497e+01
 1.46335388e+01
 9.63009033e+00
 7.47847900e+00
 3.21596680e+00
 6.05446777e+00
 6.04088745e+00
 1.13868347e+01
 1.62076965e+01
 2.34733826e+01
 2.45891357e+01
 2.29535156e+01
 1.72485596e+01
 1.43446594e+01
 1.16515442e+01
 7.92089233e+00
 4.99361572e+00
 5.25533447e+00
 7.42015991e+00
 1.11374451e+01
 2.01372925e+01
 2.35026489e+01
 2.66462341e+01
 2.50810181e+01
 1.94046875e+01
 1.56994263e+01
 1.15357300e+01
 1.11985413e+01
 7.04174194e+00
 4.84981689e+00
 8.69069824e+00
 1.46463257e+01
 2.05422913e+01
 2.37879272e+01
 2.80685974e+01
 2.47837769e+01
 1.86514526e+01
 1.36213623e+01
 9.69997559e+00
 8.85881958e+00
 6.57808838e+00
 6.76995239e+00
 9.88518677e+00
 1.26836182e+01
 1.57893005e+01
 2.11320435e+01
 2.41505676e+01
 2.42253052e+01
 1.87604004e+01
 1.35740906e+01
 1.00163513e+01
 7.20015869e+00
 4.63970337e+00
 5.88839111e+00
 9.33400879e+00
 1.06715637e+01
 1.52778870e+01
 1.90885254e+01
 2.56510864e+01
 2.39282471e+01
 2.02838074e+01
 1.51710449e+01
 1.21951233e+01
 6.63356934e+00
 4.30178223e+00
 8.12416992e+00
 8.76186523e+00
 1.13165527e+01
 1.50170532e+01
 2.36306396e+01
 2.52918030e+01
 2.37190491e+01
 1.84323669e+01
 1.32025696e+01
 1.10228821e+01
 6.93920288e+00
 7.60506592e+00
 8.59264526e+00
 8.95614014e+00
 1.21927124e+01
 1.73170410e+01
 2.38323608e+01
 2.66020447e+01
 2.48411804e+01
 2.05405518e+01
 1.28238770e+01
 9.65755615e+00
 8.39318237e+00
 6.76076660e+00
 8.65255127e+00
 9.49236450e+00
 1.22657410e+01
 1.57524658e+01
 2.29123169e+01
 2.71966492e+01
 2.86155945e+01
 2.08919922e+01
 1.58401123e+01
 1.06834656e+01
 6.65438232e+00
 2.64623413e+00
 6.88826904e+00
 9.66625366e+00
 1.30325867e+01
 1.65270935e+01
 2.20844055e+01
 2.42210022e+01
 2.15831238e+01
 1.74877563e+01
 1.44024597e+01
 9.03948364e+00
 7.90798340e+00
 7.21715698e+00
 5.91924438e+00
 8.71071777e+00
 1.21464478e+01
 1.58365112e+01
 2.18589417e+01
 2.41034180e+01
 2.37176453e+01
 1.82391296e+01
 1.32680603e+01
 1.17517944e+01
 7.34340820e+00
 5.62450562e+00
 5.64718018e+00
 8.82692871e+00
 1.12861267e+01
 1.55342346e+01
 2.35441223e+01
 2.60401245e+01
 2.52333313e+01
 1.94936157e+01
 1.31871582e+01
 9.68535767e+00
 6.28524170e+00
 6.07793579e+00
 9.28438721e+00
 9.67382202e+00
 1.27709900e+01
 1.70751587e+01
 2.12444702e+01
 2.20648438e+01
 2.30579163e+01
 1.82786499e+01
 1.34641357e+01
 8.34136353e+00
 7.16158447e+00
 8.42800293e+00
 7.99315796e+00
 1.03118530e+01
 1.19923340e+01
 1.22473999e+01
 2.13787781e+01
 2.46810852e+01
 2.31781555e+01
 1.90037170e+01
 1.50718628e+01
 1.10406738e+01
 7.33510742e+00
 4.59441528e+00
 1.02128540e+01
 9.26690063e+00
 1.05508057e+01
 1.57654358e+01
 2.28224731e+01
 2.41397034e+01
 2.43850037e+01
 1.87680603e+01
 1.48161865e+01
 1.10127502e+01
 5.77590332e+00
 3.18666992e+00
 4.78936157e+00
 1.12774902e+01
 1.19041077e+01
 1.62549377e+01
 1.91442505e+01
 2.56303955e+01
 2.41923462e+01
 2.18114563e+01
 1.47509399e+01
 1.09322449e+01
 9.00243530e+00
 9.62581787e+00
 1.11090942e+01
 8.35460815e+00
 1.24831787e+01
 1.80546509e+01
 2.03152710e+01
 2.45369507e+01
 2.27665955e+01
 1.96439758e+01
 1.59467102e+01
 9.89974365e+00
 9.02343140e+00
 7.64150391e+00
 8.02431641e+00
 1.04025513e+01
 1.13689514e+01
 1.80402771e+01
 2.27847229e+01
 2.73274475e+01
 2.57492615e+01
 1.84828735e+01
 1.33017822e+01
 1.14401184e+01
 1.00385376e+01
 5.21700439e+00
 4.78209839e+00
 8.15239868e+00
 1.29247986e+01
 1.54580017e+01
 2.20422607e+01
 2.54614807e+01
 2.42992493e+01
 2.00818726e+01
 1.39159485e+01
 1.22905212e+01
 5.26796875e+00
 6.44066772e+00
 8.84737549e+00
 1.03680359e+01
 1.36346985e+01
 1.67399536e+01
 2.41806580e+01
 2.67597290e+01
 2.59669434e+01
 2.17148682e+01
 1.53559204e+01
 1.17379395e+01
 8.27111206e+00
 7.47191772e+00
 7.49523315e+00
 8.90853271e+00
 1.27947632e+01
 1.64545837e+01
 2.12022339e+01
 2.38971191e+01
 2.37340027e+01
 1.75644165e+01
 1.32257935e+01
 1.23932129e+01
 9.16109619e+00
 3.82671509e+00
 8.25878296e+00
 7.21828613e+00
 1.14521423e+01
 1.81327454e+01
 2.09959961e+01
 2.37420593e+01
 2.42560059e+01
 2.01555725e+01
 1.38726746e+01
 7.50817261e+00
 6.64977417e+00
 4.90499268e+00
 6.58556519e+00
 7.15957031e+00
 1.21767212e+01
 1.59817749e+01
 2.14963318e+01
 2.55122620e+01
 2.41227356e+01
 1.91618286e+01
 1.31254517e+01
 9.03414307e+00
 7.08944092e+00
 6.90020142e+00
 5.81810913e+00
 9.11467896e+00
 1.21553284e+01
 1.74480225e+01
 2.42224670e+01
 2.53202454e+01
 2.47311035e+01
 1.79732605e+01
 1.54379822e+01
 1.11157471e+01
 1.03234497e+01
 7.89437256e+00
 6.64891968e+00
 9.57714233e+00
 1.35616699e+01
 1.54980103e+01
 2.27436157e+01
 2.59619690e+01
 2.62046448e+01
 1.87250000e+01
 1.29739624e+01
 1.31719299e+01
 7.16607056e+00
 4.42690430e+00
 6.20580444e+00
 9.06475220e+00
 1.24868103e+01
 1.63867737e+01
 2.20232178e+01
 2.59671570e+01
 2.39411865e+01
 1.70437561e+01
 1.30615784e+01
 1.10879761e+01
 8.60881958e+00
 7.68441162e+00
 7.83110962e+00
 1.12164856e+01
 1.30034424e+01
 1.55095764e+01
 1.96260315e+01
 2.63063904e+01
 2.67247559e+01
 1.83621155e+01
 1.40860535e+01
 1.05436340e+01
 7.12780151e+00
 8.93038330e+00
 6.07213745e+00
 8.12786255e+00
 1.27544495e+01
 1.66227356e+01
 2.26542603e+01
 2.46880737e+01
 2.29117676e+01
 1.81062866e+01
 1.34797302e+01
 1.20503479e+01
 8.82451782e+00
 7.18184814e+00
 7.59935913e+00
 9.68666992e+00
 1.43838135e+01
 1.83858276e+01
 2.28659302e+01
 2.68388306e+01
 2.81093994e+01
 2.03277527e+01
 1.46440674e+01
 1.02464539e+01
 7.51751099e+00
 7.52019653e+00
 7.98397217e+00
 1.11469055e+01
 1.27829529e+01
 1.51544128e+01
 2.14574524e+01
 2.28318420e+01
 2.42423645e+01
 2.07253357e+01
 1.36506287e+01
 9.54705200e+00
 5.94234619e+00
 5.24266968e+00
 8.79454956e+00
 1.03316589e+01
 1.40293823e+01
 1.93316284e+01
 2.31971680e+01
 2.71381165e+01
 2.42275330e+01
 1.82144714e+01
 1.46231018e+01
 9.13396606e+00
 7.69942627e+00
 7.20995483e+00
 7.83281860e+00
 8.63115845e+00
 1.31586853e+01
 1.85648132e+01
 2.27127014e+01
 2.76007019e+01
 2.57669006e+01
 1.93400818e+01
 1.48325134e+01
 1.01704041e+01
 7.37752686e+00
 9.11116943e+00
 7.13314209e+00
 8.69060669e+00
 1.09682861e+01
 1.60705811e+01
 2.18156982e+01
 2.50712524e+01
 2.52050415e+01
 2.07663818e+01
 1.41028381e+01
 1.18669373e+01
 6.92437134e+00
 5.95644531e+00
 5.92528687e+00
 1.07445007e+01
 1.35462585e+01
 1.61261536e+01
 2.29125610e+01
 2.37851196e+01
 2.53766113e+01
 1.95602051e+01
 1.38503357e+01
 9.48964844e+00
 4.82302246e+00
 9.66549072e+00
 8.56047974e+00
 9.07238159e+00
 1.31877380e+01
 1.83051697e+01
 2.58986755e+01
 2.60651489e+01
 2.50061890e+01
 2.05848022e+01
 1.33702026e+01
 1.00268494e+01
 5.96325073e+00
 7.99208984e+00
 6.76040039e+00
 9.01793823e+00
 1.22506042e+01
 1.93303467e+01
 2.47334229e+01
 2.86639648e+01
 2.46357056e+01
 1.89958435e+01
 1.37641541e+01
 1.20699707e+01
 7.44252930e+00
 6.77694092e+00
 6.05004272e+00
 8.95433960e+00
 1.41461121e+01
 1.67441956e+01
 2.31847168e+01
 2.63920227e+01
 2.39899841e+01
 2.14262329e+01
 1.56166321e+01
 6.46041260e+00
 6.37404785e+00
 9.56237183e+00
 7.07933960e+00
 9.45949707e+00
 1.05728699e+01
 1.71343323e+01
 2.12206360e+01
 2.44763123e+01
 2.43633362e+01
 2.14665161e+01
 1.39823547e+01
 1.15936523e+01
 8.67067871e+00
 8.39559326e+00
 1.02991882e+01
 1.06598755e+01
 1.49386841e+01
 1.75805908e+01
 2.16393066e+01
 2.39031616e+01
 2.58574463e+01
 2.09283081e+01
 1.37492004e+01
 1.19506775e+01
 8.74251709e+00
 8.27367554e+00
 6.66045532e+00
 8.92827759e+00
 1.29333130e+01
 1.79418884e+01
 2.29264160e+01
 2.52939087e+01
 2.64798828e+01
 1.91194397e+01
 1.66871887e+01
 1.07384583e+01
 1.10065552e+01
 9.51510010e+00
 8.63912354e+00
 1.23457275e+01
 1.46545654e+01
 1.85595337e+01
 2.34814392e+01
 2.68185669e+01
 2.74207397e+01
 1.97940308e+01
 1.46218506e+01
 1.26715027e+01
 1.18707825e+01
 1.11500488e+01
 1.13147827e+01
 1.17400757e+01
 1.43602539e+01
 1.84608704e+01
 2.64497620e+01
 2.82677856e+01
 2.50871521e+01
 1.87804199e+01
 1.30399109e+01
 1.30531555e+01
 9.62310181e+00
 7.02486572e+00
 5.75740967e+00
 8.47625122e+00
 1.07316223e+01
 1.65304199e+01
 2.20822083e+01
 2.54765869e+01
 2.52619263e+01
 1.91415039e+01
 1.31191956e+01
 9.42388306e+00
 9.06978760e+00
 7.76708374e+00
 7.35976563e+00
 8.54311523e+00
 1.18027588e+01
 1.88992554e+01
 2.59544312e+01
 2.73995300e+01
 2.51685425e+01
 2.11536194e+01
 1.40816589e+01
 9.93547974e+00
 7.55510864e+00
 7.97994385e+00
 7.62337646e+00
 8.02773438e+00
 1.33324524e+01
 1.88726135e+01
 2.81657349e+01
 2.95135437e+01
 2.77944885e+01
 2.02049805e+01
 1.34534241e+01
 1.05933472e+01
 9.39406738e+00
 6.15416870e+00
 6.47542725e+00
 9.23113403e+00
 1.41395508e+01
 1.71943298e+01
 2.22328125e+01
 2.83163391e+01
 2.47349487e+01
 1.93152100e+01
 1.43119141e+01
 1.09257446e+01
 7.16167603e+00
 5.60521851e+00
 6.96886597e+00
 6.52251587e+00
 1.12822510e+01
 1.70951172e+01
 2.43695618e+01
 2.76245667e+01
 2.76231628e+01
 2.10957886e+01
 1.51864258e+01
 1.17557617e+01
 1.11918274e+01
 9.73162231e+00
 7.11702881e+00
 9.24666748e+00
 1.13802124e+01
 1.74748474e+01
 2.52803284e+01
 2.65254761e+01
 2.63002563e+01
 2.05991150e+01
 1.40776917e+01
 1.10566345e+01
 8.09642944e+00
 7.63149414e+00
 8.69381104e+00
 1.05205017e+01
 1.40001770e+01
 1.64299866e+01
 2.17214294e+01
 2.78388306e+01
 2.58977295e+01
 1.95485779e+01
 1.30106445e+01
 9.25762329e+00
 1.23184753e+01
 6.71126709e+00
 8.91558228e+00
 1.15352112e+01
 1.32558533e+01
 1.64079529e+01
 2.44826599e+01
 2.58354431e+01
 2.85907532e+01
 2.25480286e+01
 1.70689941e+01
 1.07005859e+01
 1.04152161e+01
 6.37395630e+00
 9.03225098e+00
 1.10287109e+01
 1.36281372e+01
 1.62965637e+01
 2.22419678e+01
 2.69139648e+01
 2.60899597e+01
 2.09088074e+01
 1.53316589e+01
 1.26263367e+01
 1.09122864e+01
 9.26345215e+00
 9.71370850e+00
 1.01519409e+01
 1.27591492e+01
 1.60190979e+01
 2.34041687e+01
 2.83313843e+01
 2.54975220e+01
 2.06139771e+01
 1.44793640e+01
 1.10975586e+01
 1.00025574e+01
 8.05803833e+00
 7.99938354e+00
 9.55669556e+00
 1.43227478e+01
 1.85005127e+01
 2.50472656e+01
 2.63491760e+01
 2.71201416e+01
 2.26838623e+01
 1.56380554e+01
 1.14544312e+01
 6.89541016e+00
 8.76018677e+00
 7.80068359e+00
 1.15943237e+01
 1.17498718e+01
 1.88323914e+01
 2.50250793e+01
 2.91262451e+01
 2.65866028e+01
 2.03597656e+01
 1.45393311e+01
 8.02410278e+00
 6.87206421e+00
 5.20702515e+00
 8.40776978e+00
 8.63305054e+00
 1.30535828e+01
 2.02596680e+01
 2.70064026e+01
 2.72244812e+01
 2.74708801e+01
 2.07790466e+01
 1.31233459e+01
 1.21170593e+01
 9.17864380e+00
 8.34868774e+00
 9.00130615e+00
 1.10325562e+01
 1.26346069e+01
 1.54810120e+01
 2.59439636e+01
 2.74980713e+01
 2.46029907e+01
 2.07330872e+01
 1.48934570e+01
 9.99233398e+00
 8.88793335e+00
 7.61391602e+00
 6.41948853e+00
 1.13934265e+01
 1.32532593e+01
 1.71246887e+01
 2.33220764e+01
 2.62916809e+01
 2.48069092e+01
 2.08588196e+01
 1.34758850e+01
 1.16978088e+01
 7.46172485e+00
 6.64846191e+00
 6.83046875e+00
 1.08401428e+01
 1.32304016e+01
 1.78504578e+01
 2.36167847e+01
 2.68107849e+01
 2.69983765e+01
 2.00658813e+01
 1.56712585e+01
 9.46883545e+00
 7.05651245e+00
 6.55697021e+00
 7.13506470e+00
 1.00812317e+01
 1.19107300e+01
 1.68445984e+01
 2.31450439e+01
 2.61933228e+01
 2.75128113e+01
 1.97976013e+01
 1.46535583e+01
 1.08418213e+01
 6.75164185e+00
 9.18407593e+00
 8.28899536e+00
 9.69689331e+00
 1.38709351e+01
 1.85826355e+01
 2.18307129e+01
 2.64580627e+01
 2.60977112e+01
 2.28318115e+01
 1.70101868e+01
 1.08103271e+01
 9.35738525e+00
 6.15551147e+00
 7.58275757e+00
 9.87227783e+00
 1.27806030e+01
 1.80185486e+01
 2.57681824e+01
 2.77892090e+01
 2.58402039e+01
 1.88672729e+01
 1.52567383e+01
 1.17296387e+01
 9.30565796e+00
 7.85259399e+00
 8.51195679e+00
 8.71889648e+00
 1.17457214e+01
 1.66935059e+01
 2.16159607e+01
 2.58164917e+01
 2.70328308e+01
 2.13356262e+01
 1.28541809e+01
 1.04705750e+01
 6.48436890e+00
 8.18370972e+00
 6.23992310e+00
 9.32000122e+00
 1.17209717e+01
 1.86578308e+01
 2.38841492e+01
 2.47250916e+01
 2.55466858e+01
 2.30345703e+01
 1.70231262e+01
 1.38624207e+01
 9.26204834e+00
 7.69982300e+00
 9.73854980e+00
 1.23550964e+01
 1.61857849e+01
 2.02777039e+01
 2.73412415e+01
 2.97263123e+01
 2.80519958e+01
 2.24303223e+01
 1.60118958e+01
 1.11410767e+01
 7.29305420e+00
 7.25008545e+00
 7.40325317e+00
 1.12236267e+01
 1.28747192e+01
 1.64895874e+01
 2.54746948e+01
 3.11502319e+01
 2.67623840e+01
 1.91785217e+01
 1.48219849e+01
 1.09658752e+01
 7.85762939e+00
 7.65731201e+00
 8.33464966e+00
 1.00194946e+01
 1.47810913e+01
 1.59809814e+01
 2.26927429e+01
 2.68335510e+01
 2.76455322e+01
 2.19847961e+01
 1.68793579e+01
 1.14149109e+01
 9.38543091e+00
 7.54494629e+00
 8.17406616e+00
 8.20406494e+00
 1.37894531e+01
 1.82708069e+01
 2.06380554e+01
 2.53846680e+01
 2.65955444e+01
 2.28447205e+01
 1.54683472e+01
 1.41675354e+01
 1.19878479e+01
 8.46535645e+00
 8.30220947e+00
 1.04292542e+01
 1.34503113e+01
 1.95488220e+01
 2.30379272e+01
 2.96092163e+01
 2.89769531e+01
 2.22932983e+01
 1.59827515e+01
 1.25937134e+01
 9.77089844e+00
 6.79088745e+00
 8.38903198e+00
 9.73793945e+00
 1.25859619e+01
 1.76367737e+01
 2.51798950e+01
 2.60916687e+01
 2.70054260e+01
 2.28131042e+01
 1.72717224e+01
 1.34357544e+01
 9.22194824e+00
 9.61983643e+00
 7.62127075e+00
 9.02404175e+00
 1.34805847e+01
 1.71767517e+01
 2.46067444e+01
 2.80482422e+01
 2.86297241e+01
 2.23718811e+01
 1.52689453e+01
 1.27886902e+01
 9.35402832e+00
 9.40230713e+00
 7.07915649e+00
 6.47625122e+00
 1.17914368e+01
 1.76781555e+01
 2.34206177e+01
 2.81942383e+01
 2.63657776e+01
 2.02218872e+01
 1.57247253e+01
 1.11944214e+01
 1.17150208e+01
 6.19448242e+00
 1.07932983e+01
 1.14126221e+01
 1.40944458e+01
 2.12988831e+01
 2.07353760e+01
 2.50090271e+01
 2.75620667e+01
 2.03566833e+01
 1.59825378e+01
 1.38722168e+01
 8.45577393e+00
 8.47927246e+00
 7.97796021e+00
 9.70549927e+00
 1.44474121e+01
 1.83925110e+01
 2.25761658e+01
 2.55821167e+01
 2.53583008e+01
 2.18550659e+01
 1.61202026e+01
 1.18025757e+01
 7.50606689e+00
 7.01317749e+00
 8.81447754e+00
 1.04756714e+01
 1.25330750e+01
 2.01590820e+01
 2.51184631e+01
 2.93464294e+01
 2.87741943e+01
 2.23014771e+01
 1.54527832e+01
 1.03742310e+01
 9.79839478e+00
 8.22982178e+00
 9.18627319e+00
 1.00565735e+01
 1.54266296e+01
 2.01923462e+01
 2.64461914e+01
 3.00100952e+01
 2.96615845e+01
 2.10870605e+01
 1.65445496e+01
 1.25041748e+01
 1.18083740e+01
 7.65514526e+00
 8.82882080e+00
 1.03367554e+01
 1.42622620e+01
 1.79753967e+01
 2.47576538e+01
 2.60946594e+01
 2.79237305e+01
 2.39729553e+01
 1.71941772e+01
 1.18291870e+01
 1.04543701e+01
 1.03853394e+01
 1.13717896e+01
 1.19933105e+01
 1.45162903e+01
 1.85859009e+01
 2.30662170e+01
 2.88862549e+01
 2.91969543e+01
 2.29549805e+01
 1.55498596e+01
 1.16877686e+01
 1.12128540e+01
 9.37548218e+00
 1.06996094e+01
 1.25069519e+01
 1.51165710e+01
 2.26817566e+01
 2.56042114e+01
 2.91992432e+01
 2.75214172e+01
 2.38557373e+01
 1.64943481e+01
 1.26579224e+01
 1.19235474e+01
 8.22017822e+00
 7.40996704e+00
 1.03116394e+01
 1.40664917e+01
 1.75754639e+01
 2.36568237e+01
 2.80760742e+01
 2.77606445e+01
 2.25122620e+01
 1.65272766e+01
 1.21742493e+01
 1.06803528e+01
 9.11770020e+00
 9.55932007e+00
 1.15661255e+01
 1.37463928e+01
 1.68636414e+01
 2.28714539e+01
 2.86335083e+01
 2.69241882e+01
 2.17897278e+01
 1.60203796e+01
 1.39544922e+01
 1.25205933e+01
 7.99776611e+00
 1.09371582e+01
 1.31270691e+01
 1.23356567e+01
 1.76354614e+01
 2.24433838e+01
 2.83133484e+01
 2.70417725e+01
 2.15377136e+01
 1.56192566e+01
 1.18173157e+01
 8.18483887e+00
 6.96373901e+00
 6.46914063e+00
 1.08323303e+01
 1.49135071e+01
 2.04430176e+01
 2.50476318e+01
 2.89057251e+01
 2.73229919e+01
 2.19158569e+01
 1.56668945e+01
 1.34511963e+01
 1.11950317e+01
