 1.21978819e+02
 1.12998843e+02
 9.67925765e+01
 8.87522721e+01
 6.64574437e+01
 2.81622926e+01
 7.57657938e+00
 7.08529062e+01
 5.74688202e+01
 9.98240889e+01
 2.31040181e+02
 1.16196567e+02
 8.56741503e+01
 1.38516202e+02
 1.00835356e+02
 1.64690680e+02
 5.50406573e+01
 3.66575387e+01
 1.51438355e+02
 2.21672437e+02
 1.29911401e+02
 3.43367151e+01
 8.30565237e+01
 7.93390059e+01
 6.71983941e+01
 7.90067996e+01
 1.24499076e+02
 7.32211676e+01
 1.13259659e+02
 6.71552257e+01
 1.54385826e+01
 1.34256188e+01
 3.87661243e+01
 1.30785101e+02
 1.41665911e+02
 1.46363923e+02
 4.51457609e+01
 3.65959350e+01
 8.67415624e+01
 1.09306872e+02
 4.54134178e+01
 1.33098476e+01
 1.46887876e+02
 9.89027717e+00
 5.97356446e+01
 2.27761965e+02
 6.40520015e+01
 6.94880937e+01
 1.25354264e+02
 4.05733372e+01
 3.74307374e+01
 2.15842457e+01
 9.06605548e+01
 9.30140832e+01
 1.36596870e+01
 4.06212542e+01
 1.61250615e+02
 3.14126373e+01
 5.38706012e+01
 1.96099933e+02
 3.90539549e+01
 7.04556837e+01
 1.39110450e+02
 5.73666972e+01
 1.16280307e+02
 9.98364285e+01
 7.47945728e+01
 2.44078620e+02
 1.72038445e+02
 1.01129614e+02
 1.88985019e+02
 1.23747534e+02
 4.37997737e+01
 6.20231655e+01
 3.26630312e+01
 1.03425312e+02
 9.10232251e+01
 3.75504126e+01
 3.55446522e+01
 2.15955985e+02
 5.72682706e+01
 2.19010542e+02
 1.42087340e+02
 1.31303791e+02
 1.35169484e+02
 6.56691683e+01
 3.82720945e+01
 2.53163797e+01
 2.01210681e+01
 1.31383972e+02
 2.72825182e-01
 2.66728231e+01
 8.83013089e+01
 1.81586555e+02
 1.72711118e+02
 5.28628135e+01
 9.88739551e+01
 4.35980731e+01
 1.11092640e+02
 3.41867158e+01
 4.01853334e-02
 1.56865981e+01
 3.58626075e+01
 4.05181534e+01
 4.67023436e+01
 1.91365308e+01
 9.44187791e+01
 1.55634037e+02
 1.22034126e+02
 6.56821234e+01
 7.32729264e+01
 7.85647708e+01
 1.01056671e+02
 4.15101239e+01
 5.55559765e+01
 3.33303514e+01
 7.32194420e+01
 1.34987516e+02
 1.77319176e+02
 1.77343878e+02
 2.40320510e+01
 3.58973470e+01
 3.56058979e+01
 4.42019281e+01
 4.16933434e+01
 9.15869825e+01
 7.69239258e+01
 3.98334208e+01
 4.05740246e+01
 4.92604170e+01
 5.74839878e+01
 1.34554913e+02
 1.34908083e+02
 1.51533488e+01
 9.89030019e+01
 6.25249654e+01
 5.94601289e+01
 3.95358023e+01
 6.74317181e+01
 6.53457745e+01
 6.81775308e+00
 1.69303140e+02
 7.26174396e+01
 1.40207980e+02
 1.51126431e+02
 1.06530391e+02
 5.72545391e+01
 5.75768084e+01
 2.25679013e+01
 1.50970317e+02
 2.96189662e+01
 1.86885923e+01
 6.54580364e+01
 2.53470182e+02
 6.96796490e+01
 1.28487319e+02
 1.48626618e+02
 9.03322587e+01
 3.26934641e+01
 1.31911984e+02
 7.50892839e+01
 8.23070653e+01
 3.70830461e+01
 3.38201000e+00
 2.02697584e+02
 2.45219248e+02
 1.66103712e+02
 1.51577733e+02
 4.12017069e+01
 3.05702655e+01
 4.10505683e+01
 4.92209536e+01
 1.14385944e+02
 7.06611379e+01
 4.14358690e+01
 4.07110010e+01
 2.22699951e+01
 8.99311315e+01
 1.35420419e+01
 7.30624033e+01
 1.00315847e+02
 1.35484487e+02
 1.51301871e+02
 1.37863889e+02
 8.99966987e+01
 9.87834759e+00
 4.34164755e+01
 4.71517358e+01
 5.26950031e+01
 8.66715422e+01
 1.75465335e+01
 1.02579662e+02
 6.32582913e+01
 3.66422393e+01
 3.85711245e+01
 3.49925611e+01
 7.40950733e+01
 5.09764687e+00
 5.77358275e+01
 6.35283063e+01
 2.34221968e+02
 1.17227809e+02
 1.11589835e+02
 5.96868660e+01
 1.31282403e+02
 1.19012776e+02
 1.11579819e+02
 1.39619047e+02
 1.36390442e+02
 8.94677649e+01
 5.26973951e+01
 2.24485577e+02
 8.96996276e-03
 1.07647214e+02
 1.48696538e+02
 7.44093843e+01
 1.08477000e+02
 1.45172705e+02
 3.26485736e+01
 1.00374682e+02
 1.06856277e+02
 3.16456515e+01
 9.14981653e+01
 7.84439304e+01
 8.74404958e+01
 1.64013377e+02
 1.53482703e+02
 5.58068738e+01
 7.90189947e+01
 8.68515871e+01
 2.06546280e+02
 1.25820483e+02
 1.02138085e+02
 2.18066296e+01
 8.04840335e+01
 4.12258038e+01
 9.69887712e+01
 7.06576323e+01
 1.20660952e+02
 7.97977370e+01
 1.51446267e+02
 6.77319155e+01
 1.20632291e+02
 7.36857990e+01
 1.22504535e+02
 2.20641248e+01
 4.18994331e+01
 1.10578822e+02
 9.47149924e+01
 9.13095807e+01
 1.19928382e+02
 9.90500578e+01
 1.51417649e+02
 1.03064698e+02
 1.21060899e+02
 1.15980342e+02
 5.15223560e+01
 2.61699226e+01
 5.17006316e+01
 5.94054458e+01
 1.32254384e+02
 6.14796577e+01
 5.89534936e+01
 1.02178503e+02
 1.95774290e+02
 1.18125125e+02
 6.57458324e+01
 5.95905932e+01
 4.61185981e+01
 1.15098029e+02
 2.64202030e+00
 4.90959048e+01
 4.85673097e+01
 5.93936263e+01
 1.22226074e+02
 1.13583324e+02
 8.70057796e+01
 8.65141392e+01
 6.56092123e+01
 2.02926234e+02
 6.53851986e+01
 3.60943605e+01
 1.58218187e+01
 7.03423859e+01
 7.23848245e+01
 1.73493025e+02
 1.49132253e+02
 1.17249519e+02
 1.03443698e+02
 1.36568911e+02
 7.03126571e+01
 4.84629425e+01
 1.87298387e+02
 2.26416243e+01
 3.35066513e+01
 3.07183556e+01
 1.08362239e+02
 9.82678027e+01
 8.91720797e+01
 4.91397623e+01
 2.18123140e+02
 1.15439245e+02
 4.24026844e+01
 8.86520256e+01
 1.17207006e+02
 1.34147281e+02
 7.90358006e+00
 9.25975474e+01
 1.68565226e+02
 5.36868068e+01
 1.56246663e+02
 1.07421749e+02
 6.62017767e+01
 9.19330283e+01
 8.56277105e+01
 1.73609876e+02
 5.74235092e+01
 1.03670994e+01
 1.20570622e+02
 6.19124894e+01
 5.10372675e+01
 3.92807042e+01
 5.97060072e+01
 1.07690760e+02
 5.84711118e+01
 9.27097868e+01
 1.03462826e+02
 9.86270959e+01
 8.09441581e+01
 6.16515827e+01
 2.18654790e+02
 1.08444290e+02
 3.11982103e+01
 5.50678770e+01
 2.37517830e+01
 1.48406151e+02
 9.61790869e+01
 1.73630513e+02
 2.87373349e+01
 4.43832743e+01
 3.75245767e+01
 2.52698869e+01
 7.46405123e+00
 1.35317417e+02
 5.90891343e+01
 2.42252177e+01
 4.28392413e+01
 2.63692865e+01
 6.02595966e+01
 5.04424731e+01
 8.13379213e+01
 3.68744723e+01
 2.04272441e+01
 4.22760336e+00
 3.08744465e+01
 2.63232561e+01
 2.10470814e+01
 4.31723356e+01
 8.90298901e+01
 9.36405411e+01
 1.32912666e+02
 1.05266567e+02
 2.61901974e+01
 8.50684413e+01
 7.34929354e+01
 9.17627887e+01
 1.51519493e+01
 1.05985625e+02
 2.31589382e+02
 1.87785985e+01
 1.04100295e+02
 1.33875808e+02
 1.25439709e+02
 1.10849436e+02
 6.02705830e+01
 1.29384647e+01
 7.44642623e+01
 3.32437022e+01
 6.75263174e+01
 8.85263347e+01
 1.26455834e+02
 1.26247942e+02
 1.20757568e+02
 1.37267866e+02
 8.49126011e+01
 7.28819033e+01
 1.21720838e+02
 1.00356530e+02
 7.21172827e+01
 3.74426235e+00
 8.45460917e+01
 1.06966150e+02
 1.10057000e+02
 3.80028566e+01
 3.41332309e+01
 2.09749861e+02
 1.27443662e+02
 1.52090774e+02
 1.35641462e+02
 5.21493286e+01
 7.31115956e+01
 4.05894244e+00
 1.10978105e+01
 8.01074343e+01
 1.16349823e+02
 7.90061619e+01
 1.30507524e+02
 1.23263454e+02
 5.07596279e+01
 1.06681160e+02
 6.54288369e+01
 1.06512633e+02
 1.20913025e+02
 5.05366148e+01
 1.91575936e+01
 2.52201689e+01
 6.45834985e+01
 5.26433989e+01
 7.37910574e+01
 2.95447318e+01
 9.32650673e+01
 1.64778381e+02
 6.27181932e+01
 1.54980036e+02
 4.20770558e+01
 1.04045929e+01
 2.58130865e+01
 6.45213232e+01
 9.98716105e+01
 1.06777605e+02
 9.24995077e+01
 1.86758728e+02
 1.39837866e+02
 4.82754253e+01
 2.81442419e+01
 6.13585000e+01
 3.79667041e+01
 1.00538296e+02
 1.28732331e+02
 1.43785332e+01
 5.60124027e+01
 2.00319361e+02
 5.86577942e+01
 7.32728741e+00
 4.77526947e+01
 5.36106741e+01
 1.04690721e+02
 7.74681931e+01
 2.52063544e+01
 7.85649817e+00
 4.55997028e+01
 4.88428833e+01
 6.79046181e+01
 1.54122982e+01
 1.09530977e+02
 3.83848151e+01
 4.55030963e+01
 5.47005281e+01
 1.85375300e+02
 1.40847361e+02
 1.80329759e+02
 1.85897403e+00
 4.71428152e+01
 2.57238928e+01
 4.92151685e+01
 8.60055132e+01
 1.41276401e+02
 1.64747896e+02
 2.49809492e+02
 1.66572729e+02
 8.61225382e+01
 8.37937330e+01
 4.18264167e+01
 9.63646704e+01
 7.30951819e+01
 9.78296265e+01
 1.28518719e+02
 1.70292757e+02
 7.93474875e+01
 7.96259315e+01
 8.80197948e+01
 1.14690456e+02
 2.19483655e+01
 7.78190512e+01
 9.96141065e+01
 1.56691143e+01
 5.16932164e+01
 2.95179091e+01
 1.51306634e+02
 3.05380070e+01
 7.96170621e+01
 4.70347693e+01
 1.25415476e+02
 3.81349018e+01
 2.13570702e+01
 5.35252641e+01
 1.58441336e+01
 5.26529752e+01
 8.66811595e+01
 4.95953949e+01
 2.30001699e+01
 1.06720583e+02
 8.96992815e+01
 6.46473127e+01
 8.89871754e+01
 5.83275768e+00
 1.04459954e+02
 7.55344142e+01
 5.04977004e+01
 8.13246098e+01
 3.63704920e+01
 2.90658624e+01
 5.98030713e+01
 2.35977158e+02
 1.38730954e+02
 8.28190718e+01
 7.09471352e+01
 3.85149641e+01
 7.45379802e+01
 8.82212324e+01
 6.03267618e+01
 6.79145381e+01
 1.27291082e+02
 1.36931807e+02
 5.64804476e+01
 7.70322397e+01
 7.92142561e+01
 9.89347477e+01
 1.33360771e+02
 1.16579177e+02
 8.43562111e+01
 2.44687894e+01
 1.11443784e+02
 2.12344885e+01
 2.13471205e-01
 6.22451531e+01
 4.95063936e+01
 1.27389447e+02
 3.21622143e+01
 1.24163835e+02
 4.48370916e+01
 8.34604128e+01
 1.09871634e+02
 5.17381303e+01
 5.15261172e+01
 6.83809328e+01
 1.09222131e+02
 1.04099428e+02
 1.37255771e+02
 1.81732246e+02
 1.51265993e+02
 1.27591800e+02
 5.02820617e+01
 3.18626877e+01
 9.11872842e+01
 6.15011657e+01
 3.89986190e+01
 9.18146895e+01
 6.26270531e+01
 4.07725706e+01
 1.44510673e+02
 3.87762690e+01
 1.53948301e+02
 1.16107069e+02
 2.59516545e+02
 6.88250083e+01
 7.31997542e+01
 8.40056925e+01
 9.61471657e+01
 6.92657161e+01
 5.02944511e+01
 2.00177492e+01
 2.77124916e+01
 5.94486700e+01
 2.20645491e+02
 6.54232926e+01
 7.14414366e+01
 1.16585320e+02
 1.40664231e+02
 2.33984624e+02
 7.62433393e+01
 9.44416932e+01
 1.12473730e+02
 1.15801897e+02
 9.61215554e+01
 5.84655042e+01
 1.36585494e+02
 8.47276120e+01
 1.82579250e+02
 5.00751062e+01
 1.09990257e+02
 1.60141652e+02
 5.74577300e+01
 3.66811269e+01
 1.70926153e+01
 2.00033415e+01
 1.07612007e+02
 1.53860733e+02
 1.67323644e+02
 1.23254684e+02
 9.27114738e+01
 2.28748631e+02
 1.91816351e+02
 2.32872285e+02
 9.96606827e+01
 4.51444208e+01
 1.64066391e+01
 3.05397561e+01
 3.31637365e+01
 2.16113077e+02
 3.07268136e+02
 7.73023180e+01
 1.19818300e+02
 5.48495906e+01
 5.00898279e+01
 1.22575810e+02
 4.60617810e+01
 8.73172681e+00
 8.16973110e-02
 1.22547940e+01
 6.45015691e+01
 8.17432896e+01
 7.34533442e+01
 1.16947914e+02
 3.90300810e+00
 5.83169199e+01
 9.07461458e+01
 1.21276528e+02
 7.59123466e+01
 1.24391374e+02
 1.66312789e+01
 1.82566559e+01
 5.00314407e+01
 2.84500064e+02
 1.14958442e+02
 1.19662991e+02
 8.47848188e+01
 1.16389867e+02
 8.18401934e+01
 1.00463368e+02
 7.99117073e+01
 1.31148768e+01
 1.72260004e+02
 2.07214072e+02
 7.58237108e+01
 1.19138308e+02
 1.74321116e+02
 1.07794387e+02
 7.45827391e+01
 1.69301549e+01
 8.01682756e+01
 1.41259229e+02
 6.28797335e+01
 2.25602512e+01
 5.83680402e+01
 8.20012708e+01
 2.26200135e+02
 2.74955541e+02
 6.21128807e+01
 8.23252186e+01
 1.15852293e+02
 7.15409480e+01
 1.25976241e+02
 1.03868411e+02
 3.60380158e+01
 1.27323858e+01
 1.14429451e+02
 4.40263647e+01
 7.96059729e+01
 2.09459861e+02
 1.61625613e+02
 1.18895362e+02
 8.84042721e+01
 6.06898407e+01
 1.25673769e+02
 8.40998569e+01
 5.33299147e+01
 6.87427717e+01
 4.85461032e-01
 3.36444578e+01
 1.18379356e+02
 1.17956541e+02
 1.42513268e+02
 8.40529985e+01
 1.46302799e+02
 5.36481443e+01
 4.66724741e+01
 5.32488154e+01
 1.20065777e+02
 3.59376988e+01
 3.61950447e+01
 1.77174079e+02
 5.46171694e+01
 6.49359386e+01
 1.35515852e+02
 1.36076540e+02
 1.01638775e+02
 9.12645485e+01
 1.03258124e+02
 1.15689569e+02
 1.01958819e+01
 4.35750975e+01
 8.71484020e+01
 5.20477700e+01
 3.24665371e+01
 7.07465849e+01
 1.68094969e+02
 2.08178588e+02
 7.86014756e+01
 5.89005009e+01
 6.74362004e+01
 3.44104623e+01
 7.89765634e+00
 1.75620888e+01
 3.76252099e+01
 2.27696183e+01
 8.41169069e+00
 4.94882600e+02
 2.89250392e+02
 1.88706156e+02
 1.26310858e+02
 1.30556711e+02
 6.01085409e+01
 2.17476547e+02
 6.58037895e+01
 5.07964451e+00
 9.59464657e+00
 3.91369723e+00
 1.60502781e+01
 1.03098509e+02
 1.73644200e+02
 1.36770875e+02
 7.05467460e+01
 1.35052129e+02
 1.21783521e+02
 5.23454746e+01
 1.10156197e+02
 7.26129605e+01
 2.82550356e+01
 7.55385633e+01
 4.78462675e+01
 4.01299709e+01
 1.58774090e+02
 1.00288252e+02
 1.82561048e+02
 1.28810311e+02
 1.51585752e+02
 9.24485876e+01
 1.50500917e+02
 3.50891442e+00
 6.66914791e+01
 6.09447044e+01
 2.86889168e+01
 1.63298750e+01
 2.89735977e+01
 2.37449354e+02
 1.21643783e+02
 4.79434472e+01
 5.09125448e+01
 1.29957597e+02
 6.73233068e+01
 2.91649369e+01
 5.91336672e+01
 1.18068141e+01
 5.84166500e+01
 6.87476744e+01
 2.94656175e+01
 3.57434997e+01
 8.23510790e+01
 5.03319809e+01
 4.56124412e+00
 8.45295468e+01
 6.57176821e+01
 1.04290736e+02
 9.52248997e+01
 2.30425857e+01
 2.00507852e+02
 1.06957283e+02
 9.42483101e+01
 8.16822047e+01
 1.40616467e+02
 1.64855073e+02
 8.52494109e+01
 1.58853072e+02
 1.95908016e+02
 8.23351279e+01
 8.29173385e+00
 7.15653725e+00
 1.40024012e+02
 9.45320455e+01
 1.42844682e+02
 4.07183382e+01
 3.48734028e+01
 1.70555075e+02
 1.16910731e+02
 7.95560335e+01
 3.47017776e+01
 4.60247626e+01
 3.72415316e+01
 3.85766061e+00
 8.21499957e+01
 5.74110174e+01
 1.08902095e+02
 6.41545897e+01
 1.42001853e+02
 5.15731989e+01
 4.06348568e+01
 3.19380269e+01
 1.41270686e+02
 3.54561576e+01
 5.67936254e+01
 8.62444351e+01
 1.75685941e+01
 1.58421434e+02
 7.68051243e+01
 6.38622562e+01
 1.35865418e+02
 8.57974651e+01
 4.00546306e+01
 1.57430885e+02
 4.95752493e+01
 5.79302785e+01
 3.89679644e+01
 5.05642225e+00
 5.51154505e+01
 1.93092849e+02
 1.53493830e+02
 1.43838610e+02
 1.27553672e+02
 8.77022740e+01
 1.10672676e+02
 7.87903419e+01
 2.80577082e+01
 2.78025470e+01
 5.10076580e+00
 2.58219073e+01
 4.00577989e+01
 1.21615993e+02
 2.53362140e+02
 2.25867446e+02
 2.66764299e+02
 1.21042348e+02
 4.77819509e+01
 5.12453231e+01
 4.92623463e+01
 1.17638379e+01
 2.51786498e+01
 3.29802873e+01
 1.31405971e+02
 1.36265339e+02
 1.69940595e+02
 1.92954485e+02
 1.58645048e+02
 1.01604252e+02
 1.41370308e+02
 1.19753396e+02
 7.17610825e+01
 1.60336239e+00
 1.16457403e+01
 2.89323944e+01
 9.94996583e+01
 9.16380302e+01
 8.14875634e+01
 4.19595339e+01
 9.30104380e+01
 7.38860972e+01
 4.18436879e+01
 9.66678523e+01
 2.27143262e+01
 2.99720081e+01
 3.32170924e+01
 5.89923018e+01
 1.73774197e+02
 1.80412953e+02
 8.36125519e+01
 1.37731309e+02
 1.33595377e+02
 1.25049442e+02
 1.23587168e+02
 9.79241763e+00
 1.37126783e+02
 3.71341316e+01
 4.58422404e+00
 4.64978185e+01
 1.65995582e+01
 1.77482495e+02
 1.44990255e+01
 1.73434483e+02
 9.07110285e+01
 6.13367977e+01
 7.08672006e+01
 8.19101528e+01
 5.11548040e+01
 6.49302689e+01
 4.69345136e+01
 1.42248541e+02
 9.19594451e+00
 7.56135188e+01
 1.01584297e+02
 2.06669287e+02
 1.31293385e+02
 3.56297966e+01
 1.78995148e+02
 9.99376840e+01
 1.51893973e+02
 5.76566398e+01
 7.93419340e+01
 8.43324248e-02
 4.72610499e+01
 9.33983159e+01
 2.26275506e+01
 4.18745129e+01
 5.65428547e+01
 9.30025344e+01
 1.12109101e+02
 1.99825221e+02
 3.17676098e+01
 4.45151855e+01
 6.92696243e+01
 6.57119368e+00
 5.17301481e+01
 4.09873388e+02
 9.52389693e+01
 1.64771827e+02
 2.50801262e+01
 4.22854570e+01
 1.50606279e+02
 4.00605571e+01
 4.32979645e+01
 3.36581043e+01
 5.49890094e+01
 4.29749619e+01
 3.20744196e+01
 8.00483566e+01
 2.38421760e+02
 1.02782619e+02
 1.44838301e+02
 3.55290120e+01
 1.07285616e+02
 1.62333930e+02
 8.33024990e+01
 2.08615430e-02
 6.27185927e+01
 6.37629896e+01
 7.20427171e+01
 5.04858713e+01
 2.22852518e+02
 1.06924563e+02
 1.21312849e+02
 1.83103116e+02
 5.18071575e+01
 5.26864410e+01
 9.74689440e+01
 4.36892904e+01
 1.83429106e+01
 3.56875718e+01
 7.85156989e+01
 1.16820872e+02
 1.10448320e+02
 1.63293240e+02
 1.26431420e+02
 1.30029848e+02
 1.42539866e+02
 9.10575647e+01
 8.25347625e+01
 6.40017415e+01
 1.88977794e+01
 7.14363454e+01
 8.65597768e+01
 2.01628093e+02
 1.40726191e+02
 1.17995858e+02
 1.73780900e+02
 1.49190440e+02
 4.20983756e+01
 1.07931823e+02
 8.47850527e+01
 1.41895183e+02
 6.31978690e+01
 5.08778270e+01
 1.38972419e+02
 5.89134439e+01
 7.31091576e+01
 1.52890634e+02
 8.83891008e+01
 8.18806776e+01
 9.77194515e+01
 6.76909377e+01
 1.34366806e+02
 4.79906589e+01
 1.08132522e+02
 1.02211852e+01
 9.52893047e+01
 1.90345792e+02
 2.76117972e+01
 9.04222078e+01
 1.01093805e+02
 7.34650926e+01
 1.35584675e+02
 1.60621130e+02
 3.95822238e+01
 3.66526188e+01
 1.30977162e+01
 2.84211068e+01
 7.91621197e+01
 8.36144325e+01
 1.23231783e+02
 1.18547386e+02
 8.31632481e+01
 2.45435971e+01
 7.03493041e+01
 4.24804387e+01
 5.93806133e+01
 2.81009622e+01
 2.95608898e+01
 2.52990438e+01
 3.31504642e+01
 1.25803900e+02
 3.31707922e+01
 1.00590266e+02
 1.13790325e+02
 1.18325528e+01
 5.89293655e+01
 3.50797947e+01
 5.36584177e+01
 8.54909176e+01
 2.43072838e+01
 2.39978661e+00
 3.06181907e+01
 9.37702527e+01
 1.41749665e+02
 8.53630060e+01
 7.33033909e+01
 6.74437224e+01
 1.46116222e+02
 1.21724096e+02
 4.62542925e+01
 1.15198554e+01
 5.13089681e+01
 8.38684771e+01
 1.81529568e+02
 1.51507995e+02
 1.12632187e+02
 1.44191663e+02
 1.12903614e+02
 2.09242085e+01
 5.44860261e+01
 6.91291654e+01
 7.55438141e+00
 9.30549763e-01
 1.49949594e+01
 3.59422546e+01
 8.57141454e+01
 2.93614844e+01
 3.43848806e+02
 1.65373907e+02
 9.63317261e+01
 6.92369170e+01
 1.31679441e+02
 1.33632083e+02
 2.94638959e+01
 9.59736197e+00
 2.84492620e+01
 3.92919171e+01
 4.06120355e+01
 1.75560031e+02
 1.20580639e+02
 7.04769305e+01
 1.01743825e+02
 4.61274096e+01
 6.52493580e+01
 6.00470066e+01
 6.50204139e+01
 1.02899756e+01
 6.61559217e+01
 2.37621335e+01
 1.50157623e+02
 1.97596431e+02
 1.20065932e+02
 4.22017054e+01
 1.88064848e+02
 8.30446273e+01
 8.69218159e+01
 2.00643903e+01
 1.22319205e+02
 7.15673029e+01
 1.20077818e+00
 3.31563364e+01
 7.16262334e+01
 1.30154754e+02
 4.82115978e+00
 2.15438230e+02
 1.23026042e+02
 6.93135253e+01
 5.51582145e+00
 5.78147843e+01
 1.14151304e+00
 2.00426883e-02
 1.40602869e+01
 2.51770981e+01
 1.62380003e+02
 1.29967202e+02
 6.06263685e+00
 4.13746623e+01
 1.08805119e+02
 1.61043044e+02
 1.21618799e+02
 8.65714224e+01
 6.04734571e+01
 3.71940375e+00
 0.00000000e+00
 1.54612870e+02
 1.98815156e+02
 6.35164333e+01
 9.98355327e+01
 1.09168481e+02
 1.17853762e+02
 1.57676715e+02
 1.59681679e+02
 1.28950624e+02
 2.73572050e+01
 6.61910920e+01
 9.48048569e+01
 9.87443604e+01
 4.51317520e+01
 1.10764522e+02
 1.14716826e+02
 9.62703294e+01
 3.59098998e+01
 8.14333317e+01
 9.72166728e+01
 1.48736284e+02
 3.42391829e+01
 1.54675286e+01
 2.45729045e+00
 1.90235447e+01
 8.60094818e+01
 8.12860250e+01
 6.15673571e+01
 2.19863451e+02
 7.10509912e+01
 1.16099126e+02
 3.11345056e+01
 1.10596224e+02
 1.14309629e+02
 1.61472551e+02
 9.79354946e+01
 2.10513290e+01
 4.34830029e+01
 6.63396830e+01
 1.32852582e+02
 3.98901647e+01
 7.62308962e+01
 1.36851053e+02
 1.14501994e+02
 8.95982995e+01
 1.20066401e+02
 1.51543066e+01
 1.35222570e+01
 4.50627764e+01
 2.98718008e-01
 9.65302496e+01
 1.12770096e+02
 2.92227338e+02
 1.88671312e+02
 1.10253644e+02
 7.93398439e+01
 9.09254460e+01
 1.87223671e+02
 2.14877451e+01
 2.27193273e+00
 2.39623768e+00
 7.25632898e+01
 2.12837820e+02
 1.67980286e+02
 1.18364998e+02
 1.38728525e+02
 8.07598089e+01
 7.65199996e+01
 5.46333978e+01
 1.76768613e+02
 6.95376056e+01
 3.91252564e+01
 1.13117592e+02
 3.25479502e+00
 4.30903597e+01
 2.27475249e+02
 3.03055818e+01
 3.28656375e+01
 1.32219510e+02
 8.46336802e+01
 8.65774668e+01
 8.67993343e+01
 1.53365116e+02
 7.40215746e+01
 4.56428637e+01
 2.69843724e+01
 8.87751858e+01
 1.25625120e+02
 1.14305673e+02
