 8.33232117e+01
 6.57512360e+01
 9.07012711e+01
 5.49283524e+01
 1.51527710e+01
 1.08270798e+02
 3.07990036e+01
 3.07711735e+01
 9.68206635e+01
 2.90743141e+01
 1.85345993e+01
 5.34171028e+01
 6.85549011e+01
 6.07887878e+01
 9.06011581e+01
 1.22673767e+02
 1.56317520e+02
 1.50907425e+02
 1.31114075e+02
 2.83870964e+01
 4.85155630e+00
 1.08547821e+02
 3.46141129e+01
 6.40569077e+01
 7.81536713e+01
 9.53146210e+01
 1.13345299e+02
 6.75661469e+01
 6.16641617e+01
 1.28134399e+02
 9.16299362e+01
 8.44068680e+01
 3.15443974e+01
 1.70842575e+02
 4.58950081e+01
 2.00431580e+02
 8.45473938e+01
 1.14853416e+02
 1.35021957e+02
 7.39785538e+01
 7.83116150e+01
 7.68076782e+01
 1.95455799e+01
 4.89005890e+01
 7.50936050e+01
 1.09081543e+02
 9.69069290e+01
 8.06134262e+01
 1.37322571e+02
 7.81601715e+01
 8.64144287e+01
 9.89961929e+01
 1.94331543e+02
 8.19988098e+01
 1.81365395e+01
 4.84749651e+00
 1.98339081e+01
 8.70364990e+01
 6.20463829e+01
 5.12261391e+01
 1.58476089e+02
 8.33883667e+01
 1.53866119e+02
 1.31180267e+02
 5.65281334e+01
 4.03193054e+01
 1.42534271e+02
 6.93386078e+01
 1.71350937e+02
 1.08634048e+02
 3.32374649e+01
 1.47145681e+01
 3.05871868e+01
 2.79195423e+01
 1.36418488e+02
 1.03183609e+02
 5.50340309e+01
 3.37648659e+01
 4.14964676e+01
 8.35232086e+01
 1.04432259e+02
 1.15177025e+02
 6.57857437e+01
 4.91238708e+01
 2.80694561e+01
 2.68394051e+01
 7.27405243e+01
 1.09949280e+02
 8.17865524e+01
 7.29683304e+01
 8.24616241e+00
 1.12641479e+02
 1.38324032e+01
 6.19697456e+01
 4.93295937e+01
 2.70498161e+01
 1.46465897e+02
 1.61459656e+01
 1.04405146e+01
 2.97441425e+01
 6.78095703e+01
 3.57784462e+01
 1.14789185e+02
 3.73128433e+01
 3.76364441e+01
 9.73351822e+01
 6.50856628e+01
 1.51076904e+02
 8.12937622e+01
 3.41745110e+01
 6.13385429e+01
 8.59480896e+01
 6.59234390e+01
 1.35913437e+02
 1.08384758e+02
 3.48090286e+01
 3.54628563e+01
 7.67964096e+01
 1.51773710e+01
 1.27996895e+02
 6.71447144e+01
 1.11097923e+02
 1.37630051e+02
 5.05272560e+01
 1.14932419e+02
 9.87495270e+01
 4.75187004e-01
 5.43118401e+01
 9.94232483e+01
 9.09768295e+01
 5.80979576e+01
 8.96457214e+01
 2.74834690e+01
 7.17290802e+01
 7.26737289e+01
 4.70364647e+01
 1.66776352e+01
 1.24677231e+02
 9.48869705e+01
 3.98975830e+01
 5.93138466e+01
 1.06731911e+02
 7.15540466e+01
 1.32307831e+02
 1.38351852e+02
 3.08039494e+01
 1.11477135e+02
 8.00852585e+01
 8.38396759e+01
 4.24373741e+01
 2.45864887e+01
 5.34514732e+01
 8.29655552e+00
 5.59050598e+01
 4.58495445e+01
 6.41386261e+01
 1.50045883e+02
 1.53485153e+02
 6.45385513e+01
 9.91917725e+01
 5.98012047e+01
 6.16025887e+01
 1.54121542e+01
 7.86657944e+01
 8.20820465e+01
 1.72734528e+02
 2.04484436e+02
 1.39884079e+02
 7.63126144e+01
 4.77933426e+01
 1.51091919e+02
 1.70744278e+02
 5.77087479e+01
 3.73056488e+01
 5.20194283e+01
 2.57509022e+01
 7.93692093e+01
 5.19215775e+01
 2.09502777e+02
 1.20548874e+02
 1.25365456e+02
 3.29492950e+01
 1.25844421e+02
 1.20835449e+02
 3.76479034e+01
 2.72695065e+01
 6.24632721e+01
 1.60134087e+01
 4.54542580e+01
 6.22454910e+01
 3.97098274e+01
 1.07979301e+02
 4.28634109e+01
 5.12808762e+01
 1.12111435e+02
 3.16757846e+00
 5.86880684e-01
 7.05769196e+01
 7.07140732e+01
 9.85983505e+01
 8.89612579e+01
 3.25324745e+01
 7.53472519e+01
 6.08027267e+01
 1.18672943e+02
 5.53949699e+01
 3.24254379e+01
 8.18477345e+00
 2.02696762e+02
 1.48354778e+01
 6.16614418e+01
 9.67082977e+01
 1.85416718e+02
 1.68487396e+02
 1.39913620e+02
 1.34168060e+02
 1.94463715e+02
 1.44064377e+02
 1.10993622e+02
 1.23291908e+02
 1.08375252e+02
 3.00761490e+01
 1.70285740e+01
 9.51982956e+01
 1.39462112e+02
 1.89295441e+02
 1.73714462e+02
 6.85976334e+01
 6.84460678e+01
 1.25685829e+02
 5.07942505e+01
 1.41994598e+02
 1.47870789e+02
 8.02552414e+01
 6.53491058e+01
 8.01026230e+01
 4.48258514e+01
 4.78791046e+01
 1.79096497e+02
 1.61215897e+02
 1.37258179e+02
 6.37384033e+01
 1.35604233e+02
 6.96794434e+01
 1.20481621e+02
 4.31889420e+01
 1.66103137e+00
 2.08366799e+00
 4.48679657e+01
 2.42703304e+01
 6.37473526e+01
 7.84787064e+01
 9.25865250e+01
 1.00314926e+02
 7.68763275e+01
 6.80985413e+01
 5.50272293e+01
 1.90625744e+01
 8.06009521e+01
 2.04823875e+01
 8.85412598e+00
 3.94326515e+01
 3.53117867e+01
 8.53455200e+01
 7.42534256e+01
 8.37603149e+01
 1.40532990e+02
 6.81418839e+01
 4.00483780e+01
 3.31360504e+02
 3.96836433e+01
 1.36263474e+02
 6.07122803e+01
 1.64034103e+02
 1.51269455e+02
 5.56490822e+01
 9.97567902e+01
 1.36853912e+02
 6.21127548e+01
 1.50856033e+02
 1.15713577e+02
 9.51382637e+00
 3.66478081e+01
 2.28481827e+01
 1.10072662e+02
 1.13461327e+02
 9.21093979e+01
 1.09628700e+02
 7.08523636e+01
 9.89519958e+01
 9.58042374e+01
 1.14136009e+02
 9.65398941e+01
 1.85784424e+02
 1.10934799e+02
 5.30326958e+01
 1.46340805e+02
 9.41766891e+01
 1.35995972e+02
 1.46423431e+02
 2.32368908e+01
 1.04187218e+02
 1.89630402e+02
 5.67233276e+01
 1.69308258e+02
 1.13543854e+02
 3.20637474e+01
 7.41592941e+01
 1.11782150e+02
 8.37293015e+01
 4.27945404e+01
 8.45145035e+01
 8.71562576e+01
 5.08250198e+01
 2.05388748e+02
 6.27042084e+01
 4.83626366e+01
 2.46377182e+01
 6.71489906e+00
 3.73831291e+01
 2.99246712e+01
 6.91121826e+01
 6.30506096e+01
 8.16019287e+01
 8.83129578e+01
 1.23427803e+02
 6.49319153e+01
 1.37629852e+02
 5.42804642e+01
 6.60684204e+00
 3.47740479e+01
 5.49811516e+01
 1.12037804e+02
 7.54346619e+01
 1.43655731e+02
 1.99812790e+02
 9.93334732e+01
 1.75587326e+02
 6.35595703e+01
 1.78121582e+02
 1.33886215e+02
 8.49813690e+01
 2.40139713e+01
 1.97966022e+01
 3.96281672e+00
 1.35173706e+02
 1.47324081e+02
 7.26008606e+01
 1.18350746e+02
 8.15195923e+01
 1.13797287e+02
 1.17140678e+02
 1.64567551e+02
 8.28907318e+01
 1.37201324e+02
 1.52867996e+02
 1.93580036e+01
 1.60586426e+02
 1.31757492e+02
 1.82044357e+02
 1.75941868e+01
 2.90410557e+01
 3.17987061e+01
 1.00506104e+02
 5.09719810e+01
 5.10567856e+01
 6.89396906e+00
 2.39146256e+00
 1.98817947e+02
 5.57993202e+01
 1.31656754e+02
 9.44592819e+01
 1.44713806e+02
 3.71445541e+01
 1.14568451e+02
 9.41582260e+01
 1.08696281e+02
 5.03706055e+01
 8.73864365e+00
 3.91280403e+01
 1.41110647e+00
 1.89368423e+02
 1.44392990e+02
 7.39713211e+01
 4.21672058e+01
 7.35100098e+01
 1.81317139e+02
 5.36613121e+01
 1.68845581e+02
 1.90100555e+02
 1.68149094e+02
 1.06409636e+01
 2.08073502e+02
 7.36491728e+00
 1.16773788e+02
 8.99216843e+01
 1.12719658e+02
 5.21244335e+00
 1.46138031e+02
 8.13703842e+01
 7.80301514e+01
 4.26150818e+01
 2.81076374e+01
 1.52390985e+01
 5.54763489e+01
 2.11977753e+02
 8.92314529e+01
 1.17498512e+02
 8.29042435e+01
 1.44204140e+01
 1.12380333e+02
 1.23696526e+02
 6.27015877e+01
 5.62255325e+01
 3.16927776e+01
 2.96516342e+01
 1.18081863e+02
 3.35524521e+01
 1.41523346e+02
 1.87182884e+01
 1.32539001e+02
 4.70403214e+01
 6.92732468e+01
 1.58762314e+02
 6.34531631e+01
 5.92343025e+01
 1.19289757e+02
 3.41821175e+01
 5.08666611e+01
 1.86844406e+02
 7.88086777e+01
 1.21510902e+02
 1.22400047e+02
 1.49239063e+01
 1.91922958e+02
 1.00844009e+02
 9.76635132e+01
 6.30353966e+01
 1.13496689e+02
 1.18077970e+00
 6.36506996e+01
 8.30471725e+01
 8.07197876e+01
 5.47133102e+01
 1.27300468e+02
 3.99076080e+01
 6.35210190e+01
 1.16718040e+02
 9.68917618e+01
 2.55266023e+00
 8.12824059e+00
 4.78331375e+01
 1.50507488e+01
 1.36940140e+02
 1.00760414e+02
 9.78977966e+01
 5.22806206e+01
 2.01144981e+01
 6.88363342e+01
 8.82670593e+01
 1.31754379e+02
 6.86691513e+01
 2.08965073e+01
 1.46183691e+01
 5.11510773e+01
 9.34728012e+01
 6.43846970e+01
 8.10556259e+01
 9.39890099e+00
 4.70540085e+01
 8.79781036e+01
 1.83186737e+02
 6.15528946e+01
 1.94780025e+01
 7.02724040e-01
 4.87038956e+01
 3.27330589e-01
 1.17678062e+02
 9.52394333e+01
 1.46235153e+02
 3.78625031e+01
 1.16890076e+02
 1.72088272e+02
 7.33355103e+01
 1.36555405e+02
 5.09252701e+01
 7.82652740e+01
 1.37546600e+02
 4.40101700e+01
 1.17390106e+02
 1.04809464e+02
 1.32935257e+02
 1.10937355e+02
 9.45361099e+01
 1.18113098e+02
 6.07267990e+01
 1.34857712e+02
 5.48722267e+01
 2.87040424e+01
 7.22296143e+01
 1.06197433e+02
 1.23833504e+02
 1.42229721e+02
 1.75930084e+02
 7.24415054e+01
 9.71203308e+01
 5.55548782e+01
 1.05085594e+02
 1.35539261e+02
 1.51853085e+01
 1.34218369e+02
 8.28985901e+01
 1.27776688e+02
 4.47590599e+01
 6.58895645e+01
 7.30445709e+01
 1.46586121e+02
 5.37546463e+01
 1.49510670e+01
 1.70137375e+02
 5.47975655e+01
 5.85652351e+01
 2.69412441e+01
 2.64332142e+01
 6.56604614e+01
 1.45014954e+02
 8.18829346e+01
 1.30725616e+02
 9.66890640e+01
 1.46520576e+01
 1.58695221e+02
 3.38940697e+01
 8.71646729e+01
 4.37391815e+01
 8.86509171e+01
 1.11883717e+01
 5.68676186e+01
 1.30983017e+02
 6.17108688e+01
 3.94383507e+01
 1.25746145e+01
 3.32196655e+01
 9.96418610e+01
 6.40970688e+01
 1.57851810e+01
 5.25140810e+00
 7.44132996e+01
 1.60373592e+01
 7.27397461e+01
 7.83637466e+01
 5.77452469e+01
 1.83162785e+01
 4.42979240e+01
 9.36134872e+01
 1.42712006e+02
 1.38234894e+02
 8.91373367e+01
 7.70459442e+01
 2.03742352e+01
 5.89514656e+01
 4.21316910e+01
 1.25547241e+02
 9.96420898e+01
 7.55225143e+01
 9.30688934e+01
 1.24295406e+01
 7.47913284e+01
 3.46134758e+01
 1.46293655e+02
 3.71444435e+01
 4.13830566e+01
 7.57007523e+01
 1.45840881e+02
 2.67637768e+01
 1.59532135e+02
 1.07742943e+02
 1.10459274e+02
 3.69136353e+01
 1.88082611e+02
 4.78559380e+01
 1.19292542e+02
 7.31077728e+01
 6.50809479e+01
 1.77421701e+00
 3.79403114e+01
 9.63227081e+01
 1.63101440e+02
 1.21592506e+02
 3.72062225e+01
 3.72605743e+01
 5.37165451e+01
 1.54899948e+02
 9.87318115e+01
 5.95494118e+01
 7.63882980e+01
 9.65334396e+01
 3.21561127e+01
 1.04961601e+02
 6.81848755e+01
 1.99194508e+01
 7.79058762e+01
 1.25647804e+02
 3.36125908e+01
 2.81250076e+01
 2.90819225e+01
 4.79766350e+01
 3.60051193e+01
 2.82668400e+01
 6.33560638e+01
 6.00197563e+01
 5.62427788e+01
 3.27898979e+01
 5.19330711e+01
 8.10166779e+01
 2.80512028e+01
 2.85634651e+01
 1.63761559e+01
 4.96799545e+01
 3.26394272e+01
 4.48069992e+01
 8.69003391e+00
 1.66793533e+02
 7.74725800e+01
 1.41512329e+02
 4.58696899e+01
 1.83233734e+02
 1.26724045e+02
 1.17861038e+02
 9.11678772e+01
 8.65533295e+01
 1.45812874e+01
 1.53886993e+02
 1.70683563e+02
 8.49469223e+01
 2.66278931e+02
 9.52806778e+01
 6.05824127e+01
 1.90533203e+02
 7.51184921e+01
 1.88945862e+02
 2.46916523e+01
 1.52288284e+02
 5.32313042e+01
 1.17848372e+00
 1.07062500e+02
 1.27716171e+02
 2.79742184e+01
 8.92292709e+01
 1.37644547e+02
 5.55215721e+01
 1.22115944e+02
 6.84042206e+01
 8.80432129e+01
 6.27717686e+00
 2.36332703e+00
 1.22521296e+01
 9.36184227e-02
 8.41913521e-01
 1.67640244e+02
 6.28851357e+01
 1.06602547e+02
 1.01302048e+02
 1.35236069e+02
 1.32536194e+02
 6.19401016e+01
 1.48215818e+01
 2.11689758e+01
 1.00385872e+02
 1.35205444e+02
 1.38063431e+02
 6.35328217e+01
 2.44265442e+01
 1.35139923e+02
 9.08269882e+01
 5.14653091e+01
 1.43980026e+02
 6.80502090e+01
 4.06922455e+01
 5.11634903e+01
 7.68234158e+00
 2.18420181e+02
 1.27528069e+02
 6.97729645e+01
 1.04294556e+02
 9.85625839e+01
 2.98281956e+01
 1.29111832e+02
 8.26563721e+01
 1.34244141e+02
 1.27367462e+02
 9.45567017e+01
 7.09312592e+01
 2.42854385e+02
 5.67715263e+01
 1.28883133e+02
 1.39529922e+02
 6.77121735e+01
 1.27882523e+02
 1.01793091e+02
 8.92295456e+01
 5.64680252e+01
 2.31517353e+01
 7.46788883e+00
 2.37599754e+01
 6.23759918e+01
 7.15104218e+01
 1.58900284e+02
 7.02171555e+01
 3.35628395e+01
 9.74789200e+01
 1.68014572e+02
 1.94293503e+02
 9.63362274e+01
 9.09072037e+01
 3.19193630e+01
 1.83135376e+01
 3.57405701e+01
 1.42575104e+02
 1.57654648e+02
 4.16913948e+01
 1.06118217e+02
 1.22304588e+02
 1.18776482e+02
 1.15627197e+02
 1.25733849e+02
 5.76162491e+01
 2.95292044e+00
 3.22620125e+01
 1.85250740e+01
 5.77780151e+01
 5.08036232e+01
 6.42989807e+01
 1.69650864e+02
 1.10231323e+02
 8.81964111e+01
 8.42412643e+01
 5.35066261e+01
 9.85606995e+01
 1.00070362e+01
 4.27793808e+01
 5.77560921e+01
 1.67967194e+02
 1.70537811e+02
 6.10186310e+01
 1.28700729e+02
 1.12738373e+02
 6.48082504e+01
 4.77509232e+01
 5.07582817e+01
 1.63074203e+02
 4.03734970e+01
 1.63404732e+01
 5.79080544e+01
 1.11251266e+02
 1.09376770e+02
 1.03189020e+01
 1.13012909e+02
 5.95369949e+01
 3.69305916e+01
 1.47618805e+02
 1.72175980e+02
 5.47565918e+01
 1.07030869e+01
 3.72672081e+00
 2.31118011e+01
 6.81698380e+01
 1.22722122e+02
 9.39388504e+01
 8.16597519e+01
 1.67495453e+02
 9.71416569e+00
 1.09155388e+02
 1.91390091e+02
 6.60161896e+01
 5.26495647e+00
 1.13204832e+01
 1.36534290e+01
 7.79197617e+01
 1.16245651e+02
 1.52529831e+02
 5.46878662e+01
 6.46258469e+01
 5.21766434e+01
 1.71975708e+02
 1.06996605e+02
 5.96037598e+01
 5.79139252e+01
 2.35383186e+01
 1.05406189e+02
 3.19808235e+01
 1.16607872e+02
 5.79010162e+01
 1.06029572e+02
 1.64863480e+02
 2.65327644e+01
 1.78378506e+01
 7.97961044e+01
 7.24027061e+00
 5.82579269e+01
 3.39534988e+01
 6.35486679e+01
 3.04854797e+02
 1.59299362e+02
 4.84054680e+01
 8.67174683e+01
 3.79942856e+01
 1.09743988e+02
 1.02523216e+02
 1.56562103e+02
 6.10997047e+01
 6.35920858e+00
 9.69229162e-01
 5.03976402e+01
 5.54167328e+01
 1.28288635e+02
 1.03921494e+02
 5.50681152e+01
 1.02093391e+02
 7.89942017e+01
 9.47093811e+01
 8.55041809e+01
 1.05423546e+02
 8.14653969e+00
 5.29392090e+01
 1.03719200e+02
 1.02128887e+01
 8.07004013e+01
 5.33929329e+01
 1.51824905e+02
 2.84557514e+01
 6.84308548e+01
 8.10664520e+01
 8.37186584e+01
 7.54421387e+01
 2.26461220e+01
 5.00182838e+01
 1.04895309e+02
 1.49445404e+02
 2.66304169e+01
 9.94393158e+01
 1.29291336e+02
 9.36988602e+01
 1.00352425e+02
 7.74663620e+01
 7.57732086e+01
 1.39268234e+02
 6.66058207e+00
 2.09428864e+01
 3.74946136e+01
 1.32167038e+02
 6.85053101e+01
 2.48652077e+01
 1.52701553e+02
 1.42736847e+02
 1.49076309e+02
 7.73256454e+01
 5.57685928e+01
 1.14175949e+02
 1.12096581e+02
 3.67837834e+00
 2.01675377e+01
 1.69275879e+02
 5.49286194e+01
 1.07714539e+02
 8.82505722e+01
 1.11714890e+02
 4.01191559e+01
 2.14719086e+02
 4.52608337e+01
 8.01241837e+01
 2.46662788e+01
 8.44458008e+01
 9.65783920e+01
 1.26828690e+02
 5.56806984e+01
 1.01247238e+02
 6.42507248e+01
 5.00320702e+01
 5.88089180e+01
 5.13410225e+01
 6.62552414e+01
 1.03176910e+02
 1.19239759e+00
 3.41215935e+01
 1.97789993e+01
 2.32847443e+01
 1.01741867e+02
 7.61496277e+01
 4.82367630e+01
 6.46164017e+01
 2.81230145e+01
 8.84035492e+01
 5.96585274e+01
 1.00139130e+02
 1.83209839e+01
 4.03162270e+01
 5.78354530e+01
 8.47242355e+01
 6.58903351e+01
 5.74153900e+01
 2.87591362e+01
 1.35784561e+02
 4.83400841e+01
 6.51236420e+01
 1.72271896e+02
 5.86271477e+01
 1.25643372e+02
 1.06219223e+02
 1.56347382e+02
 9.22607269e+01
 1.70902405e+02
 1.42357681e+02
 8.25801544e+01
 1.26647278e+02
 3.70101547e+01
 1.34533844e+02
 7.31925049e+01
 2.39604950e+01
 3.95942421e+01
 9.87804127e+00
 6.14246979e+01
 1.31894775e+02
 1.55782562e+02
 7.71845703e+01
 8.83730545e+01
 1.27410194e+02
 6.11407967e+01
 1.30601685e+02
 1.08762123e+02
 1.76061964e+00
 8.72132111e+00
 1.31280506e+00
 1.03719658e+02
 1.33161478e+01
 9.54844437e+01
 5.39206009e+01
 5.89365349e+01
 5.84489555e+01
 7.26702347e+01
 4.11720314e+01
 5.67575798e+01
 6.41033173e+01
 1.04301147e+01
 4.58828392e+01
 6.36182861e+01
 2.78988285e+01
 9.28787994e+01
 1.16306168e+02
 1.94636505e+02
 1.23249268e+02
 1.18457062e+02
 1.29257660e+02
 1.57670532e+02
 9.30839157e+00
 2.09377422e+01
 1.21417747e+02
 1.22059738e+02
 8.34502792e+01
 1.80153198e+02
 6.28508644e+01
 1.28428436e+02
 6.68656158e+01
 7.83882370e+01
 4.34260139e+01
 1.58208923e+02
 4.75210152e+01
 3.62797813e+01
 1.07800608e+01
 3.32221947e+01
 1.20590797e+02
 5.56513329e+01
 1.75529419e+02
 9.83096008e+01
 9.19101639e+01
 4.74582520e+01
 7.33922272e+01
 1.19619476e+02
 1.71121658e+02
 7.25837784e+01
 1.36950597e-01
 1.64851471e+02
 1.67471710e+02
 6.94479904e+01
 4.68978348e+01
 5.58998833e+01
 4.61651077e+01
 2.42016048e+01
 6.38087006e+01
 5.68757553e+01
 5.72630548e+00
 6.58163643e+00
 1.13148216e+02
 8.77594147e+01
 1.03728352e+01
 5.86892090e+01
 8.01368256e+01
 1.08763008e+02
 1.02325806e+02
 8.82652130e+01
 2.41430389e+02
 5.08840485e+01
 1.87600479e+01
 5.18706083e-01
 1.86926794e+00
 1.15858322e+02
 3.95952034e+01
 1.32777740e+02
 9.71578903e+01
 5.56919937e+01
 9.82843170e+01
 1.08153252e+02
 4.45972595e+01
 4.09148979e+01
 2.20702667e+01
 6.50400352e+00
 4.81608772e+01
 7.26500397e+01
 1.23163658e+02
 9.94522476e+01
 1.21591331e+02
 1.30667603e+02
 3.97627831e+01
 8.78894348e+01
 7.93915939e+01
 2.76188538e+02
 8.20906677e+01
 1.17921478e+02
 3.53039235e-01
 1.51248642e+02
 9.17965698e+01
 1.50408066e+02
 1.48444397e+02
 1.28554825e+02
 1.43547699e+02
 1.49184769e+02
 4.63835831e+01
 1.20143013e+02
 8.99957085e+00
 3.41876717e+01
 8.03126221e+01
 1.09378952e+02
 4.52315292e+01
 1.11832092e+02
 1.09653496e+02
 1.22147461e+02
 3.58986130e+01
 1.29740570e+02
 6.21442642e+01
 3.72953148e+01
 7.39029617e+01
 6.56038208e+01
 5.36938858e+01
 2.16277905e+01
 2.02749451e+02
 1.25924232e+02
 2.25720882e+01
 8.90586472e+01
 8.76434250e+01
 1.37499725e+02
 8.59082108e+01
 7.15356674e+01
 1.31268188e+02
 6.07485237e+01
 4.96809155e-01
 1.52473846e+02
 1.60335953e+02
 1.04725739e+02
 1.78303051e+01
 9.93082809e+01
 1.44719742e+02
 4.93192406e+01
 1.10347763e+02
 9.33318558e+01
 3.34272385e+01
 4.34493141e+01
 8.35646820e+01
 1.46239033e+01
 2.01596008e+02
 1.94188881e+01
 8.55814743e+01
 5.16986275e+01
 2.36406841e+01
 5.35638885e+01
 4.59121399e+01
 3.99460297e+01
 2.14213943e+01
 9.25908661e+01
 1.80972519e+01
 4.60680275e+01
 7.61526413e+01
 6.50746536e+01
 8.29500885e+01
 8.08793106e+01
 6.73261032e+01
 8.18004303e+01
 1.43832275e+02
 1.78936066e+02
 4.81564255e+01
 8.91636848e-01
 5.09960136e+01
 1.23857559e+02
 1.48834534e+01
 1.18535812e+02
 1.73943573e+02
 5.98848190e+01
 5.64779625e+01
 2.91296329e+01
 3.12158566e+01
 3.21927986e+01
 1.94857330e+01
 7.11665344e+00
 4.32906532e+01
 1.35763672e+02
 6.59017792e+01
 4.80057869e+01
 5.01970558e+01
 1.03818359e+02
 1.10840935e+02
 1.64546967e+01
 4.06016006e+01
 9.48975601e+01
 6.81832457e+00
 8.76704865e+01
 3.41720047e+01
 2.32577591e+02
 1.15782928e+01
 7.68239899e+01
 7.03948898e+01
 1.21683434e+02
 1.08628922e+02
 1.26885277e+02
 1.27310814e+02
 1.08598770e+02
 4.52894058e+01
 9.25088120e+01
 2.30206242e+01
 1.17152451e+02
 4.61165504e+01
 9.41613693e+01
 5.19213257e+01
 4.96508751e+01
 1.07159828e+02
 4.56860504e+01
 9.70612717e+01
 6.28462982e+01
 4.99874954e+01
 8.63743896e+01
 1.92859516e+01
 4.35325241e+01
 9.05802155e+01
 1.30932526e+02
 9.34251862e+01
 1.22797386e+02
 8.06248169e+01
 4.37789116e+01
 1.36209747e+02
 6.36467018e+01
 6.60052490e+01
 8.90833359e+01
 1.01547646e+02
 1.49611160e+02
 1.34729904e+02
 1.32535334e+01
 1.26349045e+02
 5.01587791e+01
 1.10731461e+02
 1.34773163e+02
 1.02858917e+02
 2.18918629e+01
 1.34640152e+02
 6.67198324e+00
 4.03266191e+00
 8.34375458e+01
 1.12617027e+02
 9.12507629e+01
 1.16075127e+02
 8.28090820e+01
 6.82899704e+01
 5.17158661e+01
 6.31998920e+00
 5.00466652e+01
 1.88893127e+01
 6.12066698e+00
 3.48650322e+01
 1.67170288e+02
 4.92847176e+01
 1.73397247e+02
 8.55475616e+01
 8.42665405e+01
 2.44096088e+01
 1.24070778e+02
 8.94178162e+01
 5.95602226e+01
 7.80469775e-01
 4.20501366e+01
 5.92313499e+01
 3.43432312e+01
 1.33910843e+02
 1.38252243e+02
 1.23364403e+02
