 -3.33959961e-01
 4.74511108e+00
 5.53984985e+00
 9.28231201e+00
 1.60099426e+01
 1.80473267e+01
 1.60566650e+01
 1.90442444e+01
 1.60899902e+01
 1.15075012e+01
 3.94222412e+00
 1.28356323e+00
 2.93029175e+00
 4.39498291e+00
 6.48430786e+00
 1.16908508e+01
 1.32644897e+01
 1.52596069e+01
 1.76343933e+01
 1.93538147e+01
 1.40136963e+01
 8.73415527e+00
 5.42723999e+00
 -2.13779297e+00
 1.13216553e+00
 4.43609009e+00
 6.35323486e+00
 1.05656372e+01
 1.14250122e+01
 1.75101563e+01
 1.92234741e+01
 1.84832397e+01
 1.41775452e+01
 9.41552124e+00
 5.80559692e+00
 2.84694824e+00
 7.85821533e-01
 2.59401855e+00
 5.56804810e+00
 9.28411255e+00
 1.27922913e+01
 1.68312622e+01
 1.88813110e+01
 1.77241455e+01
 1.55381409e+01
 1.08644043e+01
 8.64934692e+00
 1.56502686e+00
 1.88097534e+00
 4.48940430e+00
 6.18883667e+00
 1.20803467e+01
 1.05441833e+01
 1.64948975e+01
 1.74987732e+01
 1.68551575e+01
 1.35601746e+01
 9.59444580e+00
 5.55242310e+00
 -1.56408691e-01
 -2.36328735e+00
 3.33678589e+00
 9.41372070e+00
 1.06264282e+01
 1.30520874e+01
 1.56164490e+01
 1.76112305e+01
 1.73693481e+01
 1.43012024e+01
 9.58590088e+00
 8.61809692e+00
 2.00365601e+00
 2.85616455e+00
 3.25747070e+00
 5.24978027e+00
 1.06219116e+01
 1.62443176e+01
 1.81172424e+01
 2.00547119e+01
 1.71385742e+01
 1.37066284e+01
 1.04578796e+01
 5.24804077e+00
 4.41716919e+00
 -2.63220215e-01
 2.45009766e+00
 5.82348022e+00
 9.02706299e+00
 1.42659241e+01
 1.50467773e+01
 1.87833191e+01
 1.87612854e+01
 1.43553406e+01
 1.16878906e+01
 6.89904175e+00
 1.30874023e+00
 3.38250122e+00
 5.43328247e+00
 2.27361450e+00
 1.14131409e+01
 1.19030090e+01
 1.79614197e+01
 1.86153809e+01
 1.72640015e+01
 1.26545959e+01
 1.14558655e+01
 6.88277588e+00
 3.31026611e+00
 4.00289307e+00
 6.38598022e+00
 9.98739014e+00
 9.86739502e+00
 1.39247070e+01
 1.77717834e+01
 1.91874023e+01
 1.80236450e+01
 1.38361755e+01
 1.01570984e+01
 4.19066772e+00
 4.88631592e+00
 2.75686035e+00
 5.29833374e+00
 5.92302856e+00
 1.25552612e+01
 1.21703430e+01
 1.55173584e+01
 1.98828979e+01
 1.59836060e+01
 1.49337708e+01
 1.03021179e+01
 6.92702637e+00
 3.02755127e+00
 2.69793091e+00
 5.74746094e+00
 7.45787964e+00
 7.76885376e+00
 1.20979858e+01
 1.61978394e+01
 2.05738464e+01
 1.81927734e+01
 1.32643982e+01
 1.11544434e+01
 7.42745361e+00
 3.57549438e+00
 2.88784180e+00
 3.86425171e+00
 7.99370728e+00
 8.66243896e+00
 1.32488953e+01
 1.62495972e+01
 1.81824280e+01
 1.76109558e+01
 1.47076660e+01
 1.08130432e+01
 3.69848022e+00
 -9.12145996e-01
 1.39428101e+00
 1.42495117e+00
 5.86156616e+00
 8.30770264e+00
 1.69316345e+01
 1.76770569e+01
 1.88381287e+01
 1.82963806e+01
 1.43789612e+01
 9.07125244e+00
 9.23229370e+00
 2.07055054e+00
 -2.54675293e-01
 4.82973633e+00
 5.49300537e+00
 1.26202637e+01
 1.29353882e+01
 1.60992676e+01
 1.97007385e+01
 1.92865540e+01
 1.50993591e+01
 1.15384766e+01
 8.54998169e+00
 5.49978027e+00
 -4.73913574e-01
 3.37282715e+00
 5.12398682e+00
 9.65429077e+00
 1.30712524e+01
 1.62942749e+01
 2.06129700e+01
 1.66804749e+01
 1.51193787e+01
 1.25884949e+01
 6.06826172e+00
 4.03023682e+00
 -6.77282715e-01
 -4.21636963e-01
 3.33535156e+00
 8.70919189e+00
 1.29175659e+01
 1.51890503e+01
 1.86314941e+01
 1.92778870e+01
 1.63092896e+01
 9.75466309e+00
 4.96773682e+00
 1.27767334e+00
 8.11425781e-01
 1.65001831e+00
 5.26067505e+00
 8.19817505e+00
 1.30461975e+01
 1.65930725e+01
 1.99240662e+01
 1.84438110e+01
 1.51939026e+01
 1.05938965e+01
 5.74575195e+00
 1.71465454e+00
 1.66219482e+00
 4.42122803e+00
 4.44063721e+00
 8.93932495e+00
 1.31664978e+01
 1.71043335e+01
 2.01765381e+01
 1.79804016e+01
 1.50753418e+01
 9.83242188e+00
 4.59368286e+00
 2.62944946e+00
 1.82161865e+00
 5.66677246e+00
 7.61293945e+00
 8.31664429e+00
 1.32242981e+01
 1.66465088e+01
 1.80385071e+01
 1.67121826e+01
 1.47346436e+01
 1.10026794e+01
 5.33236084e+00
 2.81301270e+00
 1.59743652e+00
 4.17293701e+00
 6.13741455e+00
 8.52907715e+00
 1.10489746e+01
 1.55137878e+01
 1.66196228e+01
 1.89861084e+01
 1.47271973e+01
 1.09687744e+01
 7.40355835e+00
 7.81945801e-01
 8.24853516e-01
 -2.52506104e+00
 8.06096802e+00
 1.12162109e+01
 1.51578613e+01
 1.69415527e+01
 1.88817688e+01
 1.96818787e+01
 1.54411865e+01
 1.02971130e+01
 8.78869019e+00
 7.73004150e-01
 5.16469727e+00
 3.53029785e+00
 7.34740601e+00
 1.04054504e+01
 1.36531616e+01
 1.68848816e+01
 1.94363647e+01
 1.80175720e+01
 1.55627686e+01
 1.10458008e+01
 5.62554321e+00
 4.78310547e+00
 4.69381104e+00
 1.03798828e+00
 3.24065552e+00
 7.33754883e+00
 1.24440857e+01
 1.59097839e+01
 2.01388489e+01
 1.73727356e+01
 1.33939758e+01
 1.18301941e+01
 5.20583496e+00
 4.43715820e+00
 4.04598389e+00
 5.24892578e+00
 5.08641968e+00
 1.27790771e+01
 1.26151062e+01
 1.56331116e+01
 1.87197205e+01
 1.72621094e+01
 1.58658386e+01
 9.07344971e+00
 6.14724121e+00
 1.07833252e+00
 -2.99743652e-02
 3.42385254e+00
 5.58291016e+00
 1.20335022e+01
 1.18495117e+01
 1.69042297e+01
 1.91276794e+01
 1.77379700e+01
 1.46350037e+01
 1.11202637e+01
 5.72344360e+00
 3.53804932e+00
 6.78186035e-01
 6.07141113e-01
 4.79094849e+00
 8.93779907e+00
 1.22273193e+01
 1.73847290e+01
 1.94262329e+01
 1.88180481e+01
 1.52950378e+01
 8.87502441e+00
 4.47615967e+00
 2.14318237e+00
 1.40566406e+00
 4.88335571e+00
 4.25582275e+00
 9.07879028e+00
 1.48631226e+01
 1.49563232e+01
 1.75577942e+01
 1.83201538e+01
 1.42622620e+01
 8.12301025e+00
 8.17040405e+00
 3.33583984e+00
 1.73854980e+00
 2.68880615e+00
 6.22936401e+00
 1.32671143e+01
 1.63864685e+01
 1.52124573e+01
 2.09915405e+01
 1.76234375e+01
 1.47890869e+01
 1.16200500e+01
 8.97081909e+00
 5.23198853e+00
 3.83660278e+00
 -7.02520752e-01
 4.87490234e+00
 9.47710571e+00
 1.28927551e+01
 1.50513245e+01
 1.71459900e+01
 1.65862366e+01
 1.50544373e+01
 9.40145264e+00
 5.93819580e+00
 4.77028809e+00
 5.88738403e+00
 5.80849609e+00
 6.41356812e+00
 1.10566345e+01
 1.39424988e+01
 1.79944092e+01
 1.78337646e+01
 1.72605530e+01
 1.53359009e+01
 9.24111328e+00
 7.13201294e+00
 3.83071289e+00
 2.71419678e+00
 3.93514404e+00
 5.15566406e+00
 7.54778442e+00
 1.29219910e+01
 1.63541504e+01
 2.01331726e+01
 1.79557129e+01
 1.38462463e+01
 1.27177673e+01
 9.14299927e+00
 4.25682983e+00
 2.42806396e+00
 4.12520752e+00
 5.05837402e+00
 1.09359985e+01
 1.29912659e+01
 1.48936096e+01
 1.80305115e+01
 1.83722778e+01
 1.75772644e+01
 1.02123962e+01
 7.02462158e+00
 -2.49884033e-01
 1.75713501e+00
 1.56508789e+00
 5.85497437e+00
 1.12970520e+01
 1.46113220e+01
 1.69207703e+01
 1.99409729e+01
 1.83932129e+01
 1.56492249e+01
 1.21273743e+01
 9.60573730e+00
 3.94170532e+00
 4.51043701e-01
 3.14583740e+00
 7.91039429e+00
 1.20537354e+01
 1.59204346e+01
 1.80373779e+01
 1.87953430e+01
 1.81111389e+01
 1.45251099e+01
 1.39571472e+01
 7.08501587e+00
 6.43273315e+00
 6.22625122e+00
 4.89690552e+00
 8.01720581e+00
 9.13945923e+00
 1.55071655e+01
 1.45495850e+01
 1.85030457e+01
 1.81406494e+01
 1.58508240e+01
 9.62047729e+00
 3.52474365e+00
 3.23757324e+00
 3.36937866e+00
 5.86782227e+00
 7.96648560e+00
 1.18793884e+01
 1.39676453e+01
 1.57550598e+01
 1.95472961e+01
 1.99372192e+01
 1.73253723e+01
 1.13594299e+01
 6.62011108e+00
 3.54631958e+00
 3.40746460e+00
 2.27648315e+00
 6.35732422e+00
 1.06786438e+01
 1.27338196e+01
 1.70742432e+01
 2.06526428e+01
 2.06198669e+01
 1.48846985e+01
 1.12614075e+01
 8.94829712e+00
 3.41472778e+00
 1.92012939e+00
 2.94039307e+00
 6.01238403e+00
 1.08977905e+01
 1.16916748e+01
 1.69217163e+01
 1.94533630e+01
 1.71249329e+01
 1.60260559e+01
 1.24267517e+01
 7.46123657e+00
 2.12566528e+00
 2.02718506e+00
 4.13811646e+00
 8.82146606e+00
 1.00960938e+01
 1.30369202e+01
 1.70891052e+01
 1.79505859e+01
 1.53774353e+01
 1.65221497e+01
 1.25940491e+01
 8.07476196e+00
 4.95537720e+00
 1.66008911e+00
 5.36602173e+00
 7.24364624e+00
 1.31797119e+01
 1.60088135e+01
 1.68811279e+01
 1.94366089e+01
 1.72915283e+01
 1.38005615e+01
 1.19780518e+01
 6.59987793e+00
 2.05526123e+00
 5.53997192e+00
 4.42479858e+00
 6.82970581e+00
 1.03686462e+01
 1.50150085e+01
 1.66414734e+01
 1.84721313e+01
 1.84976746e+01
 1.60941406e+01
 1.35835815e+01
 4.34960327e+00
 7.27014160e-01
 3.07113037e+00
 3.70827637e+00
 7.74575195e+00
 1.10203491e+01
 1.43726135e+01
 1.81677185e+01
 1.82556091e+01
 1.93772522e+01
 1.36875854e+01
 7.79653320e+00
 6.44512329e+00
 4.78096924e+00
 2.54088745e+00
 6.44158325e+00
 5.21856079e+00
 1.01312195e+01
 1.16374451e+01
 1.74665771e+01
 2.07564636e+01
 1.93516785e+01
 1.57770935e+01
 1.21046997e+01
 7.14220581e+00
 4.79107056e+00
 3.73302612e+00
 4.57741699e+00
 4.67510376e+00
 1.09405457e+01
 1.29786011e+01
 1.70151917e+01
 1.91753174e+01
 1.84905029e+01
 1.49062134e+01
 1.13289734e+01
 4.19201050e+00
 5.08117065e+00
 1.48781738e+00
 5.26235352e+00
 8.03109131e+00
 1.26390320e+01
 1.52381531e+01
 1.68245789e+01
 2.11102844e+01
 1.95824524e+01
 1.56780945e+01
 1.29217468e+01
 6.26485596e+00
 -1.00653076e-01
 1.93160400e+00
 7.36245117e+00
 8.00679932e+00
 1.29798828e+01
 1.49652954e+01
 1.70067688e+01
 1.98958374e+01
 1.95953918e+01
 1.56100098e+01
 1.30841309e+01
 8.02297363e+00
 3.13259277e+00
 5.43325195e+00
 4.45354614e+00
 7.52269897e+00
 1.11752563e+01
 1.44163452e+01
 1.78052307e+01
 2.09914795e+01
 2.02708679e+01
 1.63549744e+01
 1.09833923e+01
 9.71740112e+00
 3.76830444e+00
 4.80541382e+00
 5.40810547e+00
 6.42235718e+00
 9.44075928e+00
 1.39154907e+01
 1.61319519e+01
 2.09195496e+01
 2.02455383e+01
 1.37892395e+01
 1.15124756e+01
 7.44838867e+00
 2.16814575e+00
 2.31878052e+00
 5.12783203e+00
 7.20052490e+00
 1.15436340e+01
 1.53911987e+01
 1.85831238e+01
 1.84531799e+01
 1.82447754e+01
 1.57569519e+01
 1.11292358e+01
 7.28878174e+00
 3.33941040e+00
 3.56121216e+00
 2.32698975e+00
 8.56478271e+00
 9.37941895e+00
 1.30436035e+01
 1.69172913e+01
 1.97230469e+01
 1.83493591e+01
 1.62398621e+01
 1.14424377e+01
 5.92922363e+00
 -1.07763672e-01
 3.86440430e+00
 3.23882446e+00
 7.21703491e+00
 9.25393066e+00
 1.28040405e+01
 1.68597046e+01
 1.71800171e+01
 1.70533386e+01
 1.67462402e+01
 1.30550781e+01
 7.66674194e+00
 1.80266724e+00
 -5.86248779e-01
 3.98784790e+00
 5.41469727e+00
 1.07233215e+01
 1.40302063e+01
 1.71128174e+01
 1.88065125e+01
 1.91085754e+01
 1.50186401e+01
 1.08519836e+01
 6.32808838e+00
 2.82576904e+00
 2.18483887e+00
 6.85625610e+00
 6.60839233e+00
 1.25797363e+01
 1.40043884e+01
 1.72893311e+01
 2.22193237e+01
 1.86063171e+01
 1.56122070e+01
 9.86153564e+00
 7.11687622e+00
 4.03783569e+00
 2.46074829e+00
 5.07427368e+00
 7.43532715e+00
 1.10355774e+01
 1.67493225e+01
 1.64315125e+01
 1.93156372e+01
 2.02440430e+01
 1.65851990e+01
 1.39225098e+01
 6.31240234e+00
 5.88579712e+00
 4.68248901e+00
 6.53820190e+00
 7.44857178e+00
 9.91109619e+00
 1.57349182e+01
 1.84780823e+01
 1.83709045e+01
 1.91931702e+01
 1.32308289e+01
 1.22186829e+01
 5.19429932e+00
 5.28222046e+00
 2.32290039e+00
 3.44515381e+00
 8.05724487e+00
 1.04921204e+01
 1.67170349e+01
 1.94509827e+01
 2.12825867e+01
 1.88344666e+01
 1.55309998e+01
 9.65892944e+00
 6.61324463e+00
 2.47634277e+00
 2.49251709e+00
 4.52300415e+00
 8.49611816e+00
 1.18554626e+01
 1.32280212e+01
 1.80415283e+01
 2.02755676e+01
 1.80890137e+01
 1.75250488e+01
 1.14385925e+01
 4.35650024e+00
 2.05278931e+00
 1.67009888e+00
 8.27575684e-02
 6.45772705e+00
 9.26040039e+00
 1.29334961e+01
 1.64736267e+01
 1.99524780e+01
 1.88256470e+01
 1.51849304e+01
 1.21758667e+01
 6.56777344e+00
 2.63109741e+00
 1.02019653e+00
 4.00982056e+00
 4.46514282e+00
 8.50490723e+00
 1.25583435e+01
 1.74136597e+01
 1.92817322e+01
 1.98884827e+01
 1.60918213e+01
 1.45010010e+01
 1.01895996e+01
 7.32824097e+00
 3.15999756e+00
 4.56350098e+00
 4.49099121e+00
 1.04333435e+01
 1.43084656e+01
 1.63888184e+01
 2.06231323e+01
 1.92871643e+01
 1.78205505e+01
 1.31155945e+01
 5.46593628e+00
 2.91445313e+00
 4.19683228e+00
 3.52333984e+00
 7.45531616e+00
 8.92232666e+00
 1.15454651e+01
 1.90072266e+01
 2.18864075e+01
 2.06401917e+01
 1.76577698e+01
 1.41171204e+01
 5.05916748e+00
 5.86480103e+00
 3.64248047e+00
 5.50054321e+00
 7.31453857e+00
 1.01634460e+01
 1.51228882e+01
 1.65049988e+01
 2.04324280e+01
 2.03983093e+01
 1.66365601e+01
 1.28175903e+01
 7.74926147e+00
 7.91167603e+00
 6.60924683e+00
 6.16378174e+00
 5.91857300e+00
 9.60024414e+00
 1.30808960e+01
 1.88866516e+01
 1.99099365e+01
 1.92365662e+01
 1.69127441e+01
 1.40466553e+01
 7.99129639e+00
 3.91756592e+00
 5.16277466e+00
 4.45687256e+00
 7.26531372e+00
 9.99657593e+00
 1.39073120e+01
 1.66690918e+01
 2.06748596e+01
 2.04611755e+01
 1.56447083e+01
 1.48683105e+01
 9.55599365e+00
 5.97799072e+00
 7.51550293e-01
 1.62319336e+00
 7.30025635e+00
 1.25019165e+01
 1.51514832e+01
 1.66641479e+01
 1.93602844e+01
 1.91654602e+01
 1.71163574e+01
 1.04273621e+01
 9.57198486e+00
 5.40432129e+00
 6.29604492e+00
 6.10515747e+00
 6.91460571e+00
 1.13142944e+01
 1.61999756e+01
 1.81734558e+01
 2.01422363e+01
 1.88688599e+01
 1.50978943e+01
 1.37065369e+01
 6.03572998e+00
 5.22759399e+00
 3.37340698e+00
 5.65593872e+00
 8.55742798e+00
 1.07285400e+01
 1.44467407e+01
 1.50288330e+01
 1.85334412e+01
 1.94720398e+01
 1.61532532e+01
 1.19526001e+01
 8.51748047e+00
 3.85717163e+00
 3.21090088e+00
 8.30626831e+00
 8.71593628e+00
 9.99410400e+00
 1.68095032e+01
 2.15603882e+01
 1.95325562e+01
 1.93971802e+01
 1.55502258e+01
 1.03916565e+01
 6.06289063e+00
 4.98500977e+00
 2.49395142e+00
 4.85405884e+00
 5.61394653e+00
 1.08773743e+01
 1.31057983e+01
 1.66240479e+01
 2.26095520e+01
 1.99601685e+01
 1.67582642e+01
 1.15213562e+01
 9.16259155e+00
 3.78539429e+00
 4.44957886e+00
 4.98131714e+00
 8.28026733e+00
 1.28170715e+01
 1.83243958e+01
 1.94454895e+01
 2.10501953e+01
 1.96760803e+01
 1.61604553e+01
 1.39233643e+01
 7.75075684e+00
 4.74187622e+00
 1.82039795e+00
 5.94426880e+00
 6.80590210e+00
 1.40518127e+01
 1.46227661e+01
 1.93229919e+01
 2.29871155e+01
 1.89953247e+01
 1.63498779e+01
 1.14591003e+01
 6.06575928e+00
 7.77370605e+00
 4.80639038e+00
 4.18352661e+00
 7.25982056e+00
 1.15201355e+01
 1.34899536e+01
 1.82495667e+01
 2.09820496e+01
 1.93724304e+01
 1.53388611e+01
 1.48442322e+01
 7.98302612e+00
 5.57085571e+00
 3.98024902e+00
 6.30077515e+00
 6.03685913e+00
 8.88073120e+00
 1.36497742e+01
 1.85768372e+01
 2.17400452e+01
 2.13327576e+01
 1.45514771e+01
 1.33326660e+01
 6.31896362e+00
 5.88140259e+00
 4.75835571e+00
 7.41704712e+00
 8.67440186e+00
 1.08727051e+01
 1.49470764e+01
 2.02472473e+01
 1.94501892e+01
 2.00175415e+01
 1.70947205e+01
 1.09778992e+01
 8.80425415e+00
 4.98784790e+00
 5.10723267e+00
 6.02831421e+00
 6.45006714e+00
 1.00403687e+01
 1.56049133e+01
 1.75084778e+01
 2.21511475e+01
 1.82318054e+01
 1.59455811e+01
 1.23925720e+01
 1.11874634e+01
 5.79781494e+00
 3.20253906e+00
 3.20113525e+00
 7.99974976e+00
 1.21129089e+01
 1.37389771e+01
 1.77548157e+01
 1.90430847e+01
 1.97601257e+01
 1.47246033e+01
 1.25890442e+01
 6.97689209e+00
 1.33037720e+00
 1.66143188e+00
 2.26201782e+00
 6.34307251e+00
 1.38573547e+01
 1.47428528e+01
 2.07006775e+01
 2.07943054e+01
 1.90861755e+01
 1.56502930e+01
 1.18443542e+01
 9.09484253e+00
 6.67424927e+00
 4.04815063e+00
 5.41436157e+00
 7.34688721e+00
 9.80922852e+00
 1.58297363e+01
 1.95823608e+01
 2.12734314e+01
 1.93324829e+01
 1.56436401e+01
 1.19974609e+01
 6.57412109e+00
 7.20192871e+00
 5.43151245e+00
 7.55486450e+00
 6.88323364e+00
 9.82167969e+00
 1.65461670e+01
 2.11093994e+01
 2.15627380e+01
 2.12144714e+01
 1.65346924e+01
 1.41546570e+01
 8.78875122e+00
 5.18862305e+00
 5.64602051e+00
 7.58666382e+00
 9.61870728e+00
 1.11417175e+01
 1.35563293e+01
 1.74881531e+01
 2.29562317e+01
 2.12706543e+01
 1.72076965e+01
 1.46425415e+01
 7.78359375e+00
 5.30944214e+00
 6.74865112e+00
 8.26174316e+00
 1.11084534e+01
 1.21701904e+01
 1.55284363e+01
 1.91038147e+01
 2.05362793e+01
 1.97168213e+01
 1.57925354e+01
 1.11038757e+01
 8.01580200e+00
 5.66454468e+00
 2.11895142e+00
 4.08660278e+00
 8.31548462e+00
 1.20058228e+01
 1.32544495e+01
 2.00406128e+01
 2.15530029e+01
 1.83483826e+01
 1.58756042e+01
 1.40034729e+01
 8.72863159e+00
 6.34520874e+00
 1.52633057e+00
 4.59581909e+00
 9.38176880e+00
 1.13162476e+01
 1.27628723e+01
 1.80987793e+01
 2.11202332e+01
 2.04119507e+01
 1.77608887e+01
 1.27911011e+01
 6.96639404e+00
 1.18734131e+00
 4.05590210e+00
 3.79042969e+00
 7.86248169e+00
 1.28055969e+01
 1.68142334e+01
 1.79465576e+01
 2.29635254e+01
 2.00988098e+01
 1.63298889e+01
 1.21242004e+01
 6.40401611e+00
 7.18166504e+00
 5.65862427e+00
 7.15209351e+00
 1.08990723e+01
 1.47209717e+01
 1.81757446e+01
 2.11751038e+01
 2.29711548e+01
 2.18319641e+01
 1.78377625e+01
 1.51193787e+01
 9.83138428e+00
 2.69759521e+00
 5.30498657e+00
 5.37062988e+00
 7.55379639e+00
 1.15227600e+01
 1.80222107e+01
 2.08867737e+01
 2.28178345e+01
 2.32353760e+01
 1.94071594e+01
 1.33124329e+01
 7.74968872e+00
 2.40441284e+00
 3.70131836e+00
 3.78170166e+00
 7.14974365e+00
 1.08596436e+01
 1.48264709e+01
 2.13965698e+01
 2.02907654e+01
 2.26782776e+01
 1.83816467e+01
 1.46286255e+01
 1.18060852e+01
 6.17913208e+00
 3.75206909e+00
 4.34743652e+00
 7.71254883e+00
 1.33449951e+01
 1.45071350e+01
 2.02332397e+01
 2.19243103e+01
 2.00974365e+01
 1.87024780e+01
 1.32402893e+01
 1.11184021e+01
 4.33214722e+00
 4.79747925e+00
 7.62572632e+00
 9.66591797e+00
 1.28691956e+01
 1.43143250e+01
 1.86019226e+01
 2.16308533e+01
 2.09285522e+01
 1.72640320e+01
 1.25367676e+01
 7.90502319e+00
 2.08001099e+00
 -2.79547119e-01
 7.12890015e+00
 1.27075439e+01
 1.36493469e+01
 1.36446777e+01
 2.07103210e+01
 2.02306458e+01
 2.16626831e+01
 1.66880432e+01
 1.32538391e+01
 9.30706177e+00
 5.73116455e+00
 -1.84720459e+00
 5.23885498e+00
 6.40990601e+00
 1.01163574e+01
 1.43967529e+01
 1.97196289e+01
 2.03987061e+01
 2.10987793e+01
 1.93336731e+01
 1.53052612e+01
 8.14736328e+00
 7.41994629e+00
 5.07964478e+00
 7.12084351e+00
 9.38045654e+00
 1.28520447e+01
 1.49656006e+01
 1.87799622e+01
 2.21412292e+01
 2.23046509e+01
 1.83839966e+01
 1.31471802e+01
 8.79830322e+00
 4.19869385e+00
 3.97640381e+00
 3.04003296e+00
 7.57061157e+00
 1.12842346e+01
 1.43400513e+01
 1.79691101e+01
 2.15397583e+01
 1.89030090e+01
 1.66341492e+01
 1.18982483e+01
 7.25399170e+00
 2.84139404e+00
 5.59343872e+00
 5.51369629e+00
 7.42089233e+00
 1.18780457e+01
 1.53341003e+01
 1.75389038e+01
 2.01939026e+01
 1.96036926e+01
 1.81519104e+01
 1.21316162e+01
 7.31664429e+00
 2.51793823e+00
 1.56081543e+00
 5.15545044e+00
 9.42891846e+00
 1.16475464e+01
 1.70893799e+01
 2.05600525e+01
 2.20722290e+01
 1.97367493e+01
 1.74010254e+01
 1.42837158e+01
 1.12791687e+01
 4.29042969e+00
 6.11757813e+00
 7.13890991e+00
 8.75588379e+00
 1.12287231e+01
 1.49870850e+01
 1.98416992e+01
 2.17437378e+01
 2.19123169e+01
 1.89196106e+01
 1.48225342e+01
 1.11062256e+01
 8.63671265e+00
 3.36931763e+00
 5.22326050e+00
 8.85454712e+00
 1.19977051e+01
 1.65758301e+01
 1.98011719e+01
 2.41298462e+01
 2.15909973e+01
 1.69387146e+01
 1.40918213e+01
 6.18862305e+00
 3.53740845e+00
 7.20763550e+00
 6.25109253e+00
 8.71572266e+00
 1.22112976e+01
 1.62665039e+01
 2.03902527e+01
 2.23542725e+01
 2.31404968e+01
 1.88734375e+01
 1.35741821e+01
 9.90178833e+00
 5.57076416e+00
 7.18294678e+00
 6.48986206e+00
 6.75698242e+00
 1.38579956e+01
 1.53165833e+01
 2.07594849e+01
 2.36256958e+01
 2.17467285e+01
 1.76796204e+01
 1.37823120e+01
 7.59224854e+00
 5.55562744e+00
