 5.48256836e+00
 5.49108276e+00
 9.61266479e+00
 1.15298401e+01
 1.70585266e+01
 2.06659790e+01
 2.42186829e+01
 2.27021729e+01
 2.00053345e+01
 1.86483093e+01
 1.15665222e+01
 9.81240234e+00
 7.59389648e+00
 6.80736694e+00
 9.63842163e+00
 1.20469604e+01
 1.84983154e+01
 2.22295471e+01
 2.41163879e+01
 2.31949402e+01
 1.96973816e+01
 1.46226135e+01
 1.23347412e+01
 9.30712280e+00
 3.77706299e+00
 6.67113647e+00
 7.39733276e+00
 1.24203735e+01
 1.73503662e+01
 2.23039185e+01
 2.49405151e+01
 2.35815979e+01
 1.78690125e+01
 1.73510681e+01
 1.21855408e+01
 8.54262695e+00
 7.80532227e+00
 8.73784790e+00
 1.06620422e+01
 1.43343445e+01
 1.78738953e+01
 2.03575989e+01
 2.27212158e+01
 2.30725342e+01
 1.87041870e+01
 1.43828064e+01
 9.11748657e+00
 1.06348816e+01
 7.13442383e+00
 7.02483521e+00
 1.05757080e+01
 1.23611084e+01
 1.74493347e+01
 2.09428040e+01
 2.31329590e+01
 2.43432251e+01
 2.06394287e+01
 1.56196838e+01
 1.22442566e+01
 8.98226318e+00
 7.15798340e+00
 8.18889771e+00
 9.70952759e+00
 1.32130676e+01
 1.70451904e+01
 2.21830688e+01
 2.47931152e+01
 2.19093262e+01
 2.06299683e+01
 1.82843567e+01
 1.19724365e+01
 7.37746582e+00
 4.83126221e+00
 9.48000488e+00
 1.04300476e+01
 1.38109375e+01
 1.59677063e+01
 2.26531311e+01
 2.27947632e+01
 2.28524719e+01
 1.97880493e+01
 1.70586182e+01
 1.24793945e+01
 9.10531006e+00
 7.32732544e+00
 7.29665527e+00
 9.09258423e+00
 1.25627686e+01
 1.74327942e+01
 2.10519653e+01
 2.40521484e+01
 2.26859680e+01
 1.86550537e+01
 1.45794922e+01
 1.15553833e+01
 9.39660034e+00
 7.69277344e+00
 7.72582397e+00
 1.07239319e+01
 1.27183472e+01
 1.73557373e+01
 2.10749146e+01
 2.42995850e+01
 2.53796326e+01
 2.12312561e+01
 1.61177612e+01
 1.16004272e+01
 6.35531006e+00
 6.97866211e+00
 7.94680176e+00
 9.25698242e+00
 1.25764709e+01
 1.56141296e+01
 2.19671265e+01
 2.42466980e+01
 2.23465820e+01
 2.06759277e+01
 1.68912903e+01
 9.83025513e+00
 9.37914429e+00
 6.87737427e+00
 8.82854614e+00
 1.01690002e+01
 1.37425171e+01
 1.73035217e+01
 2.19373718e+01
 2.39712463e+01
 2.32310120e+01
 2.07886292e+01
 1.66969238e+01
 1.12296082e+01
 7.91890869e+00
 7.99663696e+00
 1.03641602e+01
 1.17395569e+01
 1.34520813e+01
 1.85069824e+01
 2.28303467e+01
 2.48490540e+01
 2.38660217e+01
 2.07074524e+01
 1.60450378e+01
 1.09641052e+01
 6.69939575e+00
 6.16008911e+00
 6.84987793e+00
 8.64623413e+00
 1.41504150e+01
 1.72396790e+01
 2.16080261e+01
 2.37777649e+01
 2.28926331e+01
 2.16225220e+01
 1.58422180e+01
 1.32058350e+01
 7.25237427e+00
 2.32616577e+00
 6.26809082e+00
 1.09607788e+01
 1.42817322e+01
 1.92637573e+01
 2.24656616e+01
 2.42011658e+01
 2.48004089e+01
 2.19309937e+01
 1.70524536e+01
 1.24156738e+01
 1.01140076e+01
 6.10332642e+00
 9.47725830e+00
 1.16446472e+01
 1.30544373e+01
 1.97074524e+01
 2.22397705e+01
 2.43445068e+01
 2.49637390e+01
 1.90701233e+01
 1.82839294e+01
 1.27620178e+01
 1.05564514e+01
 8.00359497e+00
 9.01802979e+00
 1.00421997e+01
 1.50381409e+01
 1.81343323e+01
 2.27355896e+01
 2.63391968e+01
 2.52555786e+01
 2.25186401e+01
 1.34522034e+01
 9.19133911e+00
 4.78872070e+00
 8.92876587e+00
 4.55159912e+00
 1.06648193e+01
 1.23608337e+01
 1.67960449e+01
 2.11072632e+01
 2.44004150e+01
 2.49067322e+01
 2.09764954e+01
 1.46453796e+01
 1.10732971e+01
 8.70162354e+00
 7.94292603e+00
 7.61864624e+00
 8.82225952e+00
 1.39893127e+01
 1.73440491e+01
 2.20379578e+01
 2.51626526e+01
 2.49213196e+01
 2.12294250e+01
 1.83687378e+01
 1.24540344e+01
 8.30996094e+00
 9.94570313e+00
 4.66427002e+00
 1.01869446e+01
 1.20801331e+01
 1.80699707e+01
 2.14340149e+01
 2.28747803e+01
 2.40273682e+01
 2.17962585e+01
 1.75579773e+01
 1.31104065e+01
 9.94811401e+00
 6.53713379e+00
 8.41878662e+00
 1.04288879e+01
 1.39634644e+01
 1.75456177e+01
 2.32636658e+01
 2.46617065e+01
 2.55012146e+01
 2.19360596e+01
 1.86533447e+01
 1.33389221e+01
 9.29583130e+00
 8.40636597e+00
 1.01795288e+01
 1.27853638e+01
 1.28887878e+01
 1.89177490e+01
 2.06900879e+01
 2.57528931e+01
 2.45740295e+01
 1.82444702e+01
 1.50060974e+01
 1.12558228e+01
 7.74953613e+00
 8.94841919e+00
 6.82821045e+00
 1.06929565e+01
 1.26534058e+01
 1.67100159e+01
 2.22812744e+01
 2.35282837e+01
 2.48542114e+01
 2.07286316e+01
 1.56140991e+01
 1.17910400e+01
 6.82085571e+00
 7.69320068e+00
 7.49703369e+00
 9.08626709e+00
 1.07770630e+01
 1.72937256e+01
 2.27820984e+01
 2.52985168e+01
 2.45212646e+01
 1.98661438e+01
 1.52088867e+01
 1.16831909e+01
 7.99984131e+00
 5.17321167e+00
 7.96746216e+00
 7.74630127e+00
 1.33471619e+01
 1.62374207e+01
 2.15873962e+01
 2.34994446e+01
 2.43406921e+01
 2.10021301e+01
 1.63872925e+01
 1.37527710e+01
 1.07489563e+01
 9.25069580e+00
 8.64931641e+00
 8.40807495e+00
 1.33295837e+01
 1.96156555e+01
 2.31668640e+01
 2.47076660e+01
 2.43525024e+01
 2.14710327e+01
 1.76668335e+01
 1.34392029e+01
 1.14807678e+01
 9.09121094e+00
 8.61010132e+00
 1.15691467e+01
 1.38416687e+01
 1.88978516e+01
 2.32416626e+01
 2.45587097e+01
 2.44241272e+01
 1.85653931e+01
 1.39415833e+01
 1.33783813e+01
 8.49068604e+00
 7.66002808e+00
 1.08619934e+01
 1.15048462e+01
 1.51384521e+01
 1.79429871e+01
 2.36547180e+01
 2.44328857e+01
 2.66346069e+01
 2.25828491e+01
 1.52978760e+01
 1.22795654e+01
 9.53365479e+00
 6.64913330e+00
 5.33330688e+00
 1.04408813e+01
 1.54395691e+01
 1.68120361e+01
 2.42633606e+01
 2.67862183e+01
 2.50394836e+01
 2.13208557e+01
 1.65461365e+01
 1.05137573e+01
 8.16790161e+00
 7.60332642e+00
 8.91750488e+00
 1.03409668e+01
 1.20581909e+01
 1.87249390e+01
 2.18931824e+01
 2.48081604e+01
 2.54455200e+01
 1.82618958e+01
 1.47626282e+01
 1.34657227e+01
 9.29195557e+00
 8.36376343e+00
 8.51470337e+00
 1.05277954e+01
 1.53047729e+01
 1.80025879e+01
 2.19360291e+01
 2.50532776e+01
 2.40613342e+01
 2.27271973e+01
 1.82349792e+01
 1.15044189e+01
 6.92257080e+00
 4.64959106e+00
 9.20919189e+00
 1.00104919e+01
 1.35195557e+01
 1.86913391e+01
 2.17170349e+01
 2.58764893e+01
 2.45743347e+01
 2.29638611e+01
 1.66874329e+01
 1.06760498e+01
 7.75551758e+00
 6.46184692e+00
 9.19136963e+00
 9.79909668e+00
 1.43185974e+01
 1.81150146e+01
 2.35238892e+01
 2.60173889e+01
 2.50307861e+01
 1.86862732e+01
 1.65125061e+01
 1.38096252e+01
 1.09894043e+01
 7.84020386e+00
 8.18966064e+00
 1.06223999e+01
 1.30143372e+01
 1.67683655e+01
 2.17759644e+01
 2.59382874e+01
 2.52925354e+01
 2.13521057e+01
 1.85330139e+01
 1.23302246e+01
 7.55565796e+00
 8.84090576e+00
 9.46892700e+00
 1.13846680e+01
 1.15320068e+01
 1.70069214e+01
 2.05588318e+01
 2.52732483e+01
 2.47504822e+01
 2.17107178e+01
 1.56085754e+01
 9.10234985e+00
 7.68743286e+00
 9.61004028e+00
 7.56676636e+00
 1.03961731e+01
 1.27518555e+01
 1.87409912e+01
 2.28093201e+01
 2.54487854e+01
 2.36821533e+01
 2.02042480e+01
 1.63876282e+01
 1.02856995e+01
 7.09090576e+00
 6.29241333e+00
 9.62661133e+00
 1.07796265e+01
 1.56729065e+01
 1.85676208e+01
 2.15872131e+01
 2.56661926e+01
 2.55568787e+01
 2.22850891e+01
 1.71394897e+01
 1.36698853e+01
 9.47652588e+00
 7.64501343e+00
 8.52742920e+00
 9.65493164e+00
 1.34796692e+01
 1.74034973e+01
 2.11917358e+01
 2.45324036e+01
 2.51172729e+01
 2.21673523e+01
 1.58977905e+01
 1.26715332e+01
 9.93135986e+00
 5.65825806e+00
 7.23375854e+00
 1.02187134e+01
 1.34577881e+01
 1.79554688e+01
 2.11876770e+01
 2.44659668e+01
 2.52661377e+01
 2.27743774e+01
 1.70016418e+01
 1.32568909e+01
 8.65679321e+00
 9.67180786e+00
 8.61443481e+00
 1.13741089e+01
 1.53159424e+01
 1.96366516e+01
 2.38997742e+01
 2.74771057e+01
 2.68610779e+01
 2.36993042e+01
 1.86481567e+01
 1.33267151e+01
 1.20620361e+01
 1.01640259e+01
 1.00302368e+01
 1.13670898e+01
 1.41684509e+01
 1.90564819e+01
 2.36531616e+01
 2.53491150e+01
 2.56153198e+01
 2.12632996e+01
 1.70290466e+01
 1.32073303e+01
 9.01253662e+00
 9.91344604e+00
 9.51778564e+00
 1.14089905e+01
 1.42768799e+01
 1.82300354e+01
 2.33300415e+01
 2.40595947e+01
 2.57940613e+01
 2.29670044e+01
 1.68725830e+01
 1.29271484e+01
 9.76812134e+00
 7.34468994e+00
 9.11922607e+00
 1.12660767e+01
 1.26408630e+01
 1.76136108e+01
 2.41791321e+01
 2.49440552e+01
 2.69288879e+01
 2.30607849e+01
 1.69045959e+01
 1.42965637e+01
 9.87288818e+00
 5.64574585e+00
 8.65746460e+00
 9.84160767e+00
 1.24997498e+01
 1.74389282e+01
 2.29482971e+01
 2.48444458e+01
 2.62487427e+01
 2.21328064e+01
 1.76906067e+01
 1.27844482e+01
 1.04397217e+01
 1.02528625e+01
 1.01219727e+01
 1.01792236e+01
 1.34548584e+01
 1.87140442e+01
 2.38899170e+01
 2.67954651e+01
 2.62157532e+01
 2.38201233e+01
 1.85200134e+01
 1.32517944e+01
 8.51333008e+00
 7.92348633e+00
 9.27489624e+00
 1.20149780e+01
 1.46237427e+01
 2.04877258e+01
 2.20409180e+01
 2.75420166e+01
 2.82907349e+01
 2.40688416e+01
 1.56762329e+01
 1.24608093e+01
 8.89110718e+00
 6.45083008e+00
 7.80846558e+00
 9.89345703e+00
 1.61021667e+01
 1.76159302e+01
 2.43305908e+01
 2.62124573e+01
 2.45019775e+01
 2.26066223e+01
 1.89537292e+01
 1.24469238e+01
 8.83745728e+00
 1.04788757e+01
 8.60271606e+00
 1.23769470e+01
 1.32682434e+01
 1.81661011e+01
 2.40100342e+01
 2.56466309e+01
 2.56853271e+01
 2.19247375e+01
 1.95200745e+01
 1.06967712e+01
 1.03402039e+01
 1.03063904e+01
 9.94973145e+00
 1.27348877e+01
 1.28757568e+01
 2.05825134e+01
 2.37632385e+01
 2.58205200e+01
 2.74816833e+01
 2.40643555e+01
 1.94965759e+01
 1.50004822e+01
 1.22863708e+01
 6.80785522e+00
 1.02743774e+01
 1.23250671e+01
 1.50687195e+01
 2.07263428e+01
 2.43959595e+01
 2.78420654e+01
 2.77890869e+01
 2.11972900e+01
 1.86361328e+01
 1.32455383e+01
 6.71706543e+00
 1.02039124e+01
 1.06589600e+01
 1.13001953e+01
 1.49162842e+01
 1.95583435e+01
 2.31990906e+01
 2.67631470e+01
 2.78756042e+01
 2.38962646e+01
 1.68109070e+01
 1.32942749e+01
 1.07715088e+01
 1.00542542e+01
 1.11693665e+01
 1.18834473e+01
 1.62229858e+01
 2.01278625e+01
 2.22048279e+01
 2.58600708e+01
 2.62954041e+01
 2.45936523e+01
 2.03027283e+01
 1.48623291e+01
 6.41289673e+00
 8.02626953e+00
 9.68322144e+00
 1.13237854e+01
 1.51089722e+01
 1.76001221e+01
 2.32647644e+01
 2.54480530e+01
 2.50960632e+01
 2.13576599e+01
 1.84242798e+01
 1.43534180e+01
 1.08206421e+01
 9.90496216e+00
 8.17870483e+00
 9.35650024e+00
 1.37226807e+01
 1.71498047e+01
 2.24464966e+01
 2.64003540e+01
 2.50593811e+01
 2.19982544e+01
 1.76464478e+01
 1.24682861e+01
 9.97078857e+00
 9.06444702e+00
 1.08024536e+01
 1.38959595e+01
 1.52806946e+01
 1.72224670e+01
 2.44995667e+01
 2.73713623e+01
 2.71597534e+01
 2.44988953e+01
 1.78772217e+01
 1.33318726e+01
 9.85964355e+00
 9.63302002e+00
 1.13590027e+01
 1.14681641e+01
 1.44410339e+01
 1.84137512e+01
 2.47761780e+01
 2.70801331e+01
 2.60646606e+01
 2.21294495e+01
 1.71055847e+01
 1.24654785e+01
 1.00620056e+01
 8.25957642e+00
 9.58678589e+00
 1.12920776e+01
 1.32864319e+01
 1.87906433e+01
 2.43332153e+01
 2.69581238e+01
 2.80273987e+01
 2.23103271e+01
 1.87393127e+01
 1.34637085e+01
 1.06409241e+01
 8.52633057e+00
 8.59636841e+00
 1.18873230e+01
 1.45598389e+01
 1.84137512e+01
 2.38308350e+01
 2.54980713e+01
 2.51175171e+01
 1.96728455e+01
 1.84602905e+01
 1.39664856e+01
 9.51793823e+00
 1.04896790e+01
 7.14324341e+00
 1.28617798e+01
 1.57103821e+01
 1.95753418e+01
 2.21675964e+01
 2.54824463e+01
 2.40754028e+01
 2.25136353e+01
 1.71065002e+01
 1.51966492e+01
 7.41542969e+00
 9.55996094e+00
 1.15265747e+01
 1.07406250e+01
 1.54318176e+01
 1.99635864e+01
 2.39645630e+01
 2.63434082e+01
 2.57013489e+01
 2.20468689e+01
 1.67717834e+01
 1.32407776e+01
 8.40072021e+00
 5.20064697e+00
 8.43404541e+00
 1.16204468e+01
 1.39088379e+01
 1.69770447e+01
 2.34814087e+01
 2.69288574e+01
 2.62512756e+01
 2.22909485e+01
 1.71276489e+01
 1.42205444e+01
 1.11531921e+01
 1.12161499e+01
 1.26853271e+01
 1.18643127e+01
 1.61722351e+01
 2.00421387e+01
 2.22693115e+01
 2.52111145e+01
 2.66472412e+01
 2.28941895e+01
 1.63347107e+01
 1.28864380e+01
 8.54384766e+00
 1.08471924e+01
 8.10125122e+00
 1.05944763e+01
 1.36743408e+01
 1.71964661e+01
 2.30093018e+01
 2.65447021e+01
 2.53019958e+01
 2.35957886e+01
 1.83373352e+01
 1.52275940e+01
 1.18600708e+01
 1.03042542e+01
 8.17202148e+00
 1.02341248e+01
 1.48241211e+01
 2.02604919e+01
 2.49699646e+01
 2.60501343e+01
 2.57296997e+01
 2.30130859e+01
 1.78651062e+01
 1.27734314e+01
 1.06456238e+01
 6.23876343e+00
 1.18009277e+01
 1.14703613e+01
 1.43157593e+01
 2.04442993e+01
 2.51075378e+01
 2.75248657e+01
 2.70558716e+01
 2.40155884e+01
 2.01206909e+01
 1.37565857e+01
 1.32993408e+01
 1.02860962e+01
 1.01553894e+01
 1.06118713e+01
 1.45666443e+01
 1.91791931e+01
 2.40813538e+01
 2.74557129e+01
 2.72010132e+01
 2.02951904e+01
 1.54782043e+01
 1.28379150e+01
 6.50908813e+00
 7.03453979e+00
 8.88338623e+00
 1.08065430e+01
 1.35301758e+01
 1.93285767e+01
 2.36040588e+01
 2.63742004e+01
 2.76701904e+01
 2.53289429e+01
 1.90180908e+01
 1.17013184e+01
 7.66274414e+00
 7.76741943e+00
 9.05678711e+00
 1.34358765e+01
 1.52906433e+01
 1.77416016e+01
 2.26107422e+01
 2.57283264e+01
 2.55601440e+01
 2.25393311e+01
 1.49408203e+01
 1.49166199e+01
 1.28640381e+01
 8.44182739e+00
 1.09058167e+01
 1.30460449e+01
 1.57055908e+01
 1.85143372e+01
 2.44734741e+01
 2.70980469e+01
 2.76000916e+01
 2.48772827e+01
 2.17240845e+01
 1.43369080e+01
 1.22898499e+01
 1.12973267e+01
 1.10294739e+01
 1.24689270e+01
 1.32202087e+01
 1.84849182e+01
 2.40217529e+01
 2.73574463e+01
 2.67797791e+01
 2.24789978e+01
 1.98210693e+01
 1.37330872e+01
 1.05866333e+01
 6.70812378e+00
 8.51195679e+00
 9.49819336e+00
 1.39585510e+01
 2.03769165e+01
 2.61427551e+01
 2.74395996e+01
 2.60240112e+01
 2.56472412e+01
 2.05884033e+01
 1.33524414e+01
 1.00602661e+01
 1.01017395e+01
 1.10727783e+01
 1.31880127e+01
 1.73758789e+01
 2.15860229e+01
 2.46488892e+01
 2.83077637e+01
 2.93319946e+01
 2.42317444e+01
 1.66580444e+01
 1.49561707e+01
 1.25077759e+01
 9.21538696e+00
 1.17365051e+01
 1.24750916e+01
 1.69937073e+01
 2.17065063e+01
 2.52607971e+01
 2.62039429e+01
 2.64405151e+01
 2.60276733e+01
 1.86672913e+01
 1.31727234e+01
 1.23000732e+01
 1.04480530e+01
 1.04588257e+01
 1.34749695e+01
 1.53579651e+01
 2.04896790e+01
 2.66630493e+01
 2.83379761e+01
 2.97428528e+01
 2.16026550e+01
 1.99268738e+01
 1.76292358e+01
 1.06697937e+01
 1.14056641e+01
 1.17478882e+01
 1.14392944e+01
 1.24769226e+01
 1.96075073e+01
 2.29378906e+01
 2.71940552e+01
 2.53811890e+01
 2.56311279e+01
 2.13939758e+01
 1.49923950e+01
 9.16878662e+00
 8.09530029e+00
 8.63344727e+00
 9.97463379e+00
 1.44605042e+01
 1.86082092e+01
 2.25886169e+01
 2.64268127e+01
 2.61679016e+01
 2.17360168e+01
 1.62339722e+01
 1.46634766e+01
 1.01936584e+01
 9.50353394e+00
 9.36235962e+00
 1.10688721e+01
 1.35891968e+01
 2.08888489e+01
 2.41234070e+01
 2.65361267e+01
 2.73880859e+01
 2.10459534e+01
 1.86680237e+01
 1.42752625e+01
 9.71276245e+00
 7.23388062e+00
 9.32445679e+00
 1.37926270e+01
 1.59380737e+01
 2.15415894e+01
 2.41191345e+01
 2.83689514e+01
 2.88026672e+01
 2.57442871e+01
 1.88009888e+01
 1.26929871e+01
 1.06865479e+01
 6.46471558e+00
 1.02599731e+01
 1.06763855e+01
 1.64480225e+01
 1.86025940e+01
 2.49219299e+01
 2.79686523e+01
 2.67230164e+01
 2.17795044e+01
 1.81868225e+01
 1.52661987e+01
 1.04307495e+01
 1.06929565e+01
 9.17015991e+00
 1.22127319e+01
 1.60671631e+01
 2.12557007e+01
 2.49214417e+01
 2.83398987e+01
 2.80371033e+01
 2.52674805e+01
 1.93885742e+01
 1.49718262e+01
 9.04607544e+00
 9.66475830e+00
 9.44466553e+00
 1.24877258e+01
 1.55595947e+01
 2.05493103e+01
 2.51693665e+01
 2.79493347e+01
 2.77250916e+01
 2.48060852e+01
 2.01961914e+01
 1.25555359e+01
 8.17519531e+00
 1.00938965e+01
 9.37267456e+00
 1.13139893e+01
 1.52665344e+01
 1.83266846e+01
 2.36435181e+01
 2.83680359e+01
 2.68548523e+01
 2.40877625e+01
 1.91958252e+01
 1.54905029e+01
 9.70217285e+00
 1.06390625e+01
 1.08789307e+01
 1.23213745e+01
 1.55439087e+01
 1.85252014e+01
 2.65818726e+01
 2.72696777e+01
 2.59008423e+01
 2.41896606e+01
 1.82185913e+01
 1.30543457e+01
 1.12218567e+01
 1.00678955e+01
 1.31476990e+01
 1.27972656e+01
 1.58940674e+01
 2.05809570e+01
 2.45900513e+01
 3.03531433e+01
 2.73660828e+01
 2.36549011e+01
 1.89156433e+01
 1.38396240e+01
 1.17480408e+01
 1.05873352e+01
 1.00040833e+01
 1.30285278e+01
 1.66304565e+01
 2.11663757e+01
 2.66141907e+01
 2.70176636e+01
 2.74211975e+01
 2.27851196e+01
 1.93942505e+01
 1.48056580e+01
 1.01231934e+01
 8.72182617e+00
 8.63729248e+00
 1.19026733e+01
 1.51680237e+01
 2.05870300e+01
 2.53675171e+01
 2.87880493e+01
 2.86618896e+01
 2.42420898e+01
 2.03769470e+01
 1.24114929e+01
 1.06118103e+01
 9.74532471e+00
 7.06646118e+00
 1.24757324e+01
 1.41046387e+01
 2.02698608e+01
 2.49016357e+01
 2.69954773e+01
 2.70782104e+01
 2.50405518e+01
 1.93044373e+01
 1.69047485e+01
 1.23622986e+01
 1.00602356e+01
 1.06162354e+01
 1.29521423e+01
 1.39651123e+01
 1.88480164e+01
 2.54628540e+01
 2.72249084e+01
 2.74738708e+01
 2.21844727e+01
 1.87152344e+01
 1.54918762e+01
 1.18952881e+01
 1.16037842e+01
 1.22741638e+01
 1.23133484e+01
 1.71321655e+01
 2.30466858e+01
 2.72511841e+01
 2.92618652e+01
 2.88425537e+01
 2.57607666e+01
 2.07201172e+01
 1.28283020e+01
 9.16970215e+00
 9.31347046e+00
 1.30302368e+01
 1.18095642e+01
 1.58437744e+01
 2.02857910e+01
 2.59638611e+01
 2.74573303e+01
 2.97383362e+01
 2.42091309e+01
 2.06891113e+01
 1.66050659e+01
 1.22380615e+01
 1.13440491e+01
 1.07642456e+01
 1.34969727e+01
 1.70826660e+01
 2.31777893e+01
 2.58068176e+01
 3.01063171e+01
 2.89821716e+01
 2.35672241e+01
 1.94229370e+01
 1.50420776e+01
 1.34017578e+01
 1.00240417e+01
 9.36766968e+00
 1.40785767e+01
 1.69793030e+01
 1.91679016e+01
 2.57246338e+01
 2.94808594e+01
 2.92499023e+01
 2.66701599e+01
 1.89742371e+01
 1.45401855e+01
 1.17971436e+01
 9.59917603e+00
 1.22018066e+01
 1.33523193e+01
 1.78533875e+01
 2.19230286e+01
 2.54517761e+01
 2.88691345e+01
 2.87290588e+01
 2.63503662e+01
 2.15816895e+01
 1.25951477e+01
 1.24208313e+01
 9.86281738e+00
 1.02856079e+01
 1.48115173e+01
 1.64932190e+01
 2.15525146e+01
 2.75362793e+01
 2.88769775e+01
 2.86513611e+01
 2.46955505e+01
 2.10994507e+01
 1.63261658e+01
 1.14878784e+01
 1.07287231e+01
 1.01723877e+01
 1.26848083e+01
 1.57917725e+01
 2.21337219e+01
 2.51757751e+01
 2.82409912e+01
 2.69901062e+01
 2.41899353e+01
 1.96717163e+01
 1.58058716e+01
 1.27479187e+01
 1.02224365e+01
 1.03828064e+01
 1.16747070e+01
 1.49828430e+01
 1.99238220e+01
 2.38725525e+01
 2.79585205e+01
 2.92737976e+01
 2.41440674e+01
 1.87210632e+01
 1.58562561e+01
 1.34725281e+01
 1.00640503e+01
 1.07990356e+01
 1.28920837e+01
 1.61377808e+01
 1.97535034e+01
 2.45666748e+01
 2.82513062e+01
 2.72295166e+01
 2.43113342e+01
 1.72944275e+01
 1.60963379e+01
 1.42074829e+01
 1.23639465e+01
 1.16274658e+01
 1.32663208e+01
 1.62014404e+01
 1.95089661e+01
 2.44496399e+01
 2.83639771e+01
 2.85473572e+01
 2.49065186e+01
 2.01978699e+01
 1.50662476e+01
 1.04509827e+01
 1.15552612e+01
 1.12425476e+01
 1.47127930e+01
 1.50884644e+01
 2.10273987e+01
 2.72567078e+01
 2.87545715e+01
 2.98162781e+01
 2.54609924e+01
 2.15804382e+01
 1.52726379e+01
 1.18595215e+01
 1.08709045e+01
 1.03770386e+01
 1.07532288e+01
 1.57042480e+01
 2.17853333e+01
 2.47863098e+01
 2.80785461e+01
 2.76531616e+01
 2.45526062e+01
 1.92554871e+01
 1.44034668e+01
 1.08367249e+01
 1.12268921e+01
 1.00627686e+01
 1.26819092e+01
 1.52908875e+01
 1.95190674e+01
 2.76466309e+01
 2.96300293e+01
 2.96410461e+01
 2.72466980e+01
 2.17815186e+01
 1.78312317e+01
 1.18576599e+01
