 4.30017090e-01
 2.32341919e+00
 4.82802734e+00
 9.22472534e+00
 1.42363220e+01
 1.78547302e+01
 2.28012329e+01
 2.17119690e+01
 1.64590393e+01
 1.13774963e+01
 7.75368652e+00
 4.28338623e-01
 7.97875977e-01
 6.35457764e+00
 5.87621460e+00
 1.10467163e+01
 1.60981689e+01
 2.34169861e+01
 2.74647461e+01
 2.46146484e+01
 1.64381653e+01
 1.06409546e+01
 7.08706055e+00
 7.24202881e+00
 5.31237183e+00
 7.53121338e+00
 7.24477539e+00
 1.05941406e+01
 1.30165344e+01
 2.17239014e+01
 2.35851379e+01
 2.27632080e+01
 1.86623779e+01
 1.16779114e+01
 2.84716187e+00
 4.90661011e+00
 6.24859009e+00
 5.24361572e+00
 5.81841431e+00
 1.00507446e+01
 1.42254883e+01
 1.94255005e+01
 2.47061096e+01
 2.33186279e+01
 1.63449951e+01
 9.24739990e+00
 5.38274536e+00
 2.28417969e-01
 2.75084839e+00
 3.17778931e+00
 9.44329224e+00
 1.02994934e+01
 1.51968628e+01
 1.93774048e+01
 2.34956299e+01
 2.07882019e+01
 1.80942322e+01
 1.25410706e+01
 5.73751221e+00
 3.28057251e+00
 3.64556274e+00
 4.62044678e+00
 7.50844727e+00
 1.00406738e+01
 1.40316711e+01
 1.80953918e+01
 2.27286316e+01
 2.22525269e+01
 1.73439880e+01
 1.07591797e+01
 1.68618164e+00
 4.03572998e+00
 5.10695801e+00
 4.91937256e-01
 6.22564087e+00
 1.28045593e+01
 1.57735840e+01
 1.73552795e+01
 1.94031921e+01
 1.98962341e+01
 1.35009705e+01
 7.92183838e+00
 8.01070557e+00
 4.40288696e+00
 2.39888916e+00
 3.62838135e+00
 7.93505249e+00
 9.48476563e+00
 1.33898254e+01
 2.16880737e+01
 2.33655640e+01
 2.49429871e+01
 1.82492920e+01
 1.24794250e+01
 5.72100220e+00
 -6.89855957e-01
 -1.86895752e-01
 -9.54229736e-01
 1.17293701e+00
 9.63698730e+00
 1.12481018e+01
 1.95765015e+01
 2.58911987e+01
 2.25706726e+01
 1.64513184e+01
 1.22955872e+01
 2.70409546e+00
 8.63946533e-01
 3.40368042e+00
 9.69262695e-01
 7.83211670e+00
 7.87154541e+00
 1.14755798e+01
 1.58672119e+01
 2.32314697e+01
 2.48225952e+01
 1.86693665e+01
 1.21177002e+01
 9.16317139e+00
 3.91213379e+00
 4.16390381e+00
 1.09240112e+00
 9.50362549e+00
 1.08313843e+01
 1.37151123e+01
 2.23397766e+01
 2.65051819e+01
 2.59646851e+01
 1.62912842e+01
 1.13847595e+01
 6.82692871e+00
 6.93349609e+00
 2.09960327e+00
 4.76915894e+00
 5.75115356e+00
 1.12588745e+01
 1.45575195e+01
 1.74724976e+01
 2.31285034e+01
 2.35537048e+01
 2.01054932e+01
 8.65377197e+00
 8.42757568e+00
 3.34996948e+00
 6.51323853e+00
 5.25731812e+00
 7.71422729e+00
 1.21444946e+01
 1.35519348e+01
 1.96106506e+01
 2.32527405e+01
 2.19752441e+01
 1.46982361e+01
 9.73565063e+00
 7.97399292e+00
 2.63323364e+00
 5.90130005e+00
 5.14653931e+00
 6.64638672e+00
 1.03302856e+01
 1.47313782e+01
 1.82095581e+01
 2.32133728e+01
 2.43090454e+01
 1.47213989e+01
 1.17755066e+01
 6.19341431e+00
 4.79116211e+00
 4.04894409e+00
 4.35320435e+00
 8.41631470e+00
 1.15052429e+01
 1.50529114e+01
 2.31554504e+01
 2.21973511e+01
 2.19210144e+01
 2.06444641e+01
 1.18805481e+01
 5.87941895e+00
 3.25496826e+00
 5.33483276e+00
 -2.73477783e+00
 2.86745605e+00
 8.08965454e+00
 1.50049072e+01
 1.79293762e+01
 2.00464417e+01
 2.02664734e+01
 1.40575806e+01
 1.30777832e+01
 8.57702026e+00
 5.01674805e+00
 -1.35532227e+00
 8.83203125e-01
 6.14168701e+00
 9.87859497e+00
 1.50612122e+01
 1.83601929e+01
 2.50274292e+01
 2.29481445e+01
 1.95518433e+01
 1.06160522e+01
 8.44799194e+00
 8.77779541e+00
 6.68590698e+00
 6.82381592e+00
 6.97615967e+00
 9.91271362e+00
 1.23235718e+01
 1.70064026e+01
 2.56170898e+01
 2.31668945e+01
 1.94481445e+01
 1.07163940e+01
 5.79390869e+00
 5.17669067e+00
 1.20305786e+00
 5.46877441e+00
 5.06432495e+00
 9.42943726e+00
 1.33056274e+01
 1.66050659e+01
 2.11962219e+01
 2.21502319e+01
 1.78203369e+01
 1.49638000e+01
 9.29104004e+00
 -2.02088013e+00
 2.33519897e+00
 1.52346191e+00
 4.45040283e+00
 8.45418701e+00
 1.35365540e+01
 1.99533630e+01
 2.29993835e+01
 2.26985107e+01
 1.65760742e+01
 1.06594482e+01
 5.79638062e+00
 7.01821289e+00
 2.30416260e+00
 2.54204712e+00
 1.12678162e+01
 1.04124390e+01
 1.73796631e+01
 1.82581726e+01
 2.05184265e+01
 2.25879150e+01
 1.65365540e+01
 1.27305237e+01
 3.89760742e+00
 4.12673340e+00
 4.59606323e+00
 3.97225342e+00
 6.24730835e+00
 9.69939575e+00
 1.50025879e+01
 1.56154724e+01
 2.20580688e+01
 2.32382751e+01
 1.53724304e+01
 9.12316284e+00
 7.96773682e+00
 4.51931152e+00
 2.60323486e+00
 1.91317139e+00
 4.61284790e+00
 9.41863403e+00
 1.23602539e+01
 1.91618286e+01
 2.18330933e+01
 2.07428223e+01
 1.74095093e+01
 9.64327393e+00
 2.64412842e+00
 1.86571655e+00
 4.71709595e+00
 6.83040771e+00
 8.05809937e+00
 8.19692383e+00
 1.55102173e+01
 2.34475342e+01
 2.69104858e+01
 2.36694275e+01
 1.77726990e+01
 1.24492126e+01
 1.00825745e+01
 6.55703125e+00
 9.52294922e-01
 1.08907471e+00
 3.04601440e+00
 8.47161255e+00
 1.39068848e+01
 2.15941101e+01
 2.64416443e+01
 2.45871826e+01
 1.51967712e+01
 1.07622620e+01
 6.36959229e+00
 7.06688843e+00
 3.76601563e+00
 5.83785400e+00
 6.70266113e+00
 7.74254761e+00
 1.54198242e+01
 2.02071167e+01
 2.52537170e+01
 2.12020203e+01
 1.72096802e+01
 1.33601624e+01
 8.73107300e+00
 6.48415527e+00
 -3.53894653e+00
 -5.83331909e+00
 5.90343628e+00
 1.03554016e+01
 1.45187012e+01
 1.72372681e+01
 2.07682129e+01
 2.06755310e+01
 1.72996765e+01
 1.16132751e+01
 9.97884521e+00
 2.98671875e+00
 4.86208496e+00
 9.81103516e-01
 5.37847290e+00
 9.25908813e+00
 1.33785339e+01
 1.82301880e+01
 2.60042358e+01
 2.37621704e+01
 1.59965759e+01
 1.05022522e+01
 7.12383423e+00
 3.84011230e+00
 4.02373657e+00
 2.65517578e+00
 8.57357178e+00
 1.09262329e+01
 1.68120667e+01
 2.26333557e+01
 2.19761292e+01
 2.40710388e+01
 1.79947754e+01
 1.53619019e+01
 8.94484863e+00
 4.50896606e+00
 4.06557617e+00
 7.70140991e+00
 7.71380005e+00
 8.90718994e+00
 1.68987976e+01
 2.27339111e+01
 2.64802490e+01
 2.51588074e+01
 1.77810913e+01
 1.51986328e+01
 9.25274048e+00
 4.19130859e+00
 5.52117310e+00
 4.99834595e+00
 3.75316772e+00
 9.54299316e+00
 1.33361145e+01
 2.07026306e+01
 2.39160400e+01
 2.76763855e+01
 1.88526245e+01
 1.00502258e+01
 9.75017700e+00
 7.46849976e+00
 4.13759766e+00
 3.65310059e+00
 4.18459473e+00
 9.53508911e+00
 1.32959229e+01
 1.79995667e+01
 2.68925720e+01
 2.68114868e+01
 1.75966431e+01
 1.05594727e+01
 1.00075928e+01
 3.31554565e+00
 3.04079590e+00
 2.55587158e+00
 6.27712402e+00
 8.90343628e+00
 1.10160156e+01
 1.94629456e+01
 2.02861572e+01
 2.17826172e+01
 1.76994568e+01
 1.26815735e+01
 7.72393188e+00
 3.90587769e+00
 5.56188354e+00
 7.70488892e+00
 9.45708618e+00
 9.55898438e+00
 1.34666077e+01
 2.27313171e+01
 2.64536072e+01
 2.33441101e+01
 1.98524414e+01
 1.30490662e+01
 9.05263672e+00
 5.07857666e+00
 1.92485962e+00
 3.12615356e+00
 4.89196167e+00
 1.12799011e+01
 1.19546143e+01
 1.94558044e+01
 2.81680847e+01
 2.22556396e+01
 1.99054199e+01
 1.49960266e+01
 1.12760254e+01
 6.97976074e+00
 1.79186401e+00
 4.79830322e+00
 1.09531799e+01
 1.18088318e+01
 1.38269592e+01
 2.21760498e+01
 2.64976440e+01
 2.14148193e+01
 1.67043091e+01
 1.06330505e+01
 7.33507690e+00
 4.51397095e+00
 1.92852173e+00
 2.12886963e+00
 7.88347778e+00
 6.79091797e+00
 1.23503052e+01
 1.88029724e+01
 2.10104309e+01
 2.06362549e+01
 1.65408264e+01
 1.36347900e+01
 9.35552368e+00
 7.25509033e+00
 1.34932861e+00
 3.71383057e+00
 9.35558472e+00
 9.24788818e+00
 1.51240173e+01
 2.35652710e+01
 2.80480896e+01
 2.40782104e+01
 1.97242981e+01
 1.02718140e+01
 8.70867310e+00
 6.87175903e+00
 5.38833008e+00
 5.76723633e+00
 8.60231934e+00
 8.98897705e+00
 1.27285095e+01
 2.15537659e+01
 2.17227722e+01
 2.21008850e+01
 1.86788269e+01
 1.17694336e+01
 5.80520020e+00
 6.88115845e+00
 6.11721191e+00
 8.22335205e+00
 1.00483643e+01
 1.46069275e+01
 1.67648560e+01
 2.20040222e+01
 2.65639282e+01
 2.53956543e+01
 1.97360474e+01
 1.13786560e+01
 2.90734253e+00
 3.01564941e+00
 7.48354492e+00
 5.11007080e+00
 1.11668335e+01
 1.20002075e+01
 1.65993591e+01
 2.00761353e+01
 2.14708801e+01
 1.96989685e+01
 1.50732971e+01
 1.36100708e+01
 4.88414917e+00
 7.02181396e+00
 2.49444580e-01
 4.42916260e+00
 7.08886108e+00
 1.02972351e+01
 1.62267090e+01
 2.35599304e+01
 2.59289795e+01
 2.34838806e+01
 1.68111511e+01
 1.14268738e+01
 1.00269409e+01
 5.55196533e+00
 5.12957153e+00
 -4.17846680e-02
 8.89742432e+00
 1.07514587e+01
 1.50083557e+01
 2.10278259e+01
 2.24823547e+01
 2.02834412e+01
 1.89312073e+01
 1.10199829e+01
 6.08724365e+00
 3.28533325e+00
 9.82537842e-01
 7.08703003e+00
 6.19942627e+00
 1.10890747e+01
 1.38499390e+01
 2.01977173e+01
 2.45880371e+01
 2.26240173e+01
 2.24204651e+01
 1.33187195e+01
 7.35973511e+00
 5.04561768e+00
 3.08599243e+00
 8.17763672e+00
 7.36312256e+00
 1.08842712e+01
 1.19094177e+01
 2.00902954e+01
 2.85336548e+01
 2.54377380e+01
 1.89253479e+01
 1.39977356e+01
 8.34835205e+00
 1.26281128e+00
 5.56478271e+00
 7.20848999e+00
 8.63115845e+00
 9.37124023e+00
 1.90877930e+01
 2.44386536e+01
 2.37878357e+01
 2.49913879e+01
 1.73439270e+01
 1.07799927e+01
 9.12581787e+00
 7.89056396e-01
 6.67168579e+00
 2.31936035e+00
 7.18950806e+00
 1.00004822e+01
 1.66881958e+01
 1.67564331e+01
 2.20428406e+01
 2.23662964e+01
 2.04882751e+01
 1.22215820e+01
 7.91726074e+00
 8.98955688e+00
 5.70369873e+00
 6.57143555e+00
 9.31563721e+00
 9.78856812e+00
 1.69087769e+01
 2.31993042e+01
 2.44755493e+01
 2.28720032e+01
 1.58036438e+01
 1.03123413e+01
 8.60912476e+00
 3.65419922e+00
 3.61702881e+00
 1.26546631e+00
 1.09797607e+01
 1.13209778e+01
 1.39481750e+01
 2.07748047e+01
 2.40119263e+01
 2.11747681e+01
 1.85582520e+01
 1.18427979e+01
 8.62053833e+00
 6.88753662e+00
 5.63350830e+00
 7.41298828e+00
 9.38796387e+00
 9.23256836e+00
 1.52296387e+01
 2.20391785e+01
 2.52773071e+01
 2.38810059e+01
 2.01310059e+01
 1.04289185e+01
 9.02117310e+00
 7.45839844e+00
 1.59780273e+00
 3.28850708e+00
 5.84053955e+00
 1.13789612e+01
 1.71214539e+01
 2.43655334e+01
 2.61975952e+01
 2.67858521e+01
 1.94498230e+01
 9.14788208e+00
 7.92641602e+00
 4.93450317e+00
 3.51510010e+00
 5.57845459e+00
 8.59148560e+00
 9.76052246e+00
 1.44838501e+01
 1.76885315e+01
 2.39026428e+01
 1.95811096e+01
 1.68067871e+01
 1.19302612e+01
 7.69030151e+00
 7.75466309e+00
 2.31981812e+00
 -1.42178955e+00
 8.14409790e+00
 1.36059509e+01
 1.28650757e+01
 2.13223206e+01
 2.46165710e+01
 2.67676025e+01
 2.02365662e+01
 1.28181396e+01
 1.14601685e+01
 3.69002686e+00
 6.54473267e+00
 6.27669678e+00
 9.92431030e+00
 1.06827637e+01
 1.47415405e+01
 1.88893372e+01
 2.57986694e+01
 2.87148682e+01
 1.73845154e+01
 1.34008118e+01
 6.49678955e+00
 3.83953247e+00
 5.22292480e+00
 2.70388184e+00
 6.93636475e+00
 1.29382568e+01
 1.62073914e+01
 2.48604065e+01
 2.95944458e+01
 2.39993530e+01
 1.82393433e+01
 9.20778809e+00
 1.08065125e+01
 5.47396240e+00
 3.82753906e+00
 7.65709839e+00
 5.78276978e+00
 1.17851807e+01
 1.23897949e+01
 2.09245850e+01
 2.20673157e+01
 2.12418457e+01
 1.80791260e+01
 1.30674683e+01
 1.07234131e+01
 3.70037231e+00
 3.17000732e+00
 3.64901123e+00
 7.43953857e+00
 8.69552002e+00
 1.54646851e+01
 1.78943420e+01
 2.83403564e+01
 2.71964661e+01
 2.13475891e+01
 1.16155640e+01
 7.14605103e+00
 3.12038574e+00
 7.21764526e+00
 7.45171509e+00
 4.78115234e+00
 1.06452271e+01
 1.70024048e+01
 1.91529480e+01
 2.53074280e+01
 2.75923401e+01
 1.84325500e+01
 1.11863647e+01
 8.81142578e+00
 2.49025879e+00
 5.05144653e+00
 4.14843140e+00
 8.04192505e+00
 1.06370483e+01
 1.51686340e+01
 1.95549255e+01
 2.69217773e+01
 2.44648987e+01
 1.86088501e+01
 1.45840088e+01
 8.87545166e+00
 6.36855469e+00
 -1.08856812e+00
 3.89403687e+00
 1.07980591e+01
 1.09856201e+01
 1.57020813e+01
 1.91519104e+01
 2.37353760e+01
 2.05810791e+01
 1.67430969e+01
 1.25458313e+01
 8.81267700e+00
 2.14486084e+00
 1.70342407e+00
 1.26748047e+00
 3.59191284e+00
 1.02719055e+01
 1.54706055e+01
 2.12305542e+01
 2.70907837e+01
 2.45316711e+01
 2.21752563e+01
 1.21548401e+01
 9.57946167e+00
 7.21059570e+00
 2.70012817e+00
 7.17022095e+00
 9.48723755e+00
 8.55935059e+00
 1.46639343e+01
 2.30260864e+01
 2.81968323e+01
 2.28001953e+01
 1.98108765e+01
 1.24776550e+01
 1.10383850e+01
 6.29525146e+00
 6.26934204e+00
 5.70644531e+00
 9.34090576e+00
 1.09699646e+01
 1.65782104e+01
 2.00541016e+01
 2.44964233e+01
 2.34863220e+01
 1.80043579e+01
 1.20000244e+01
 1.07513672e+01
 3.22182617e+00
 4.27556763e+00
 7.13854370e+00
 1.07968079e+01
 1.27647034e+01
 1.85855957e+01
 1.89312988e+01
 2.46062256e+01
 2.58612000e+01
 1.92413269e+01
 1.54266907e+01
 1.11159302e+01
 4.90288696e+00
 6.03591309e+00
 4.74642334e+00
 7.92623291e+00
 1.23210693e+01
 1.37750183e+01
 2.15438782e+01
 2.50500427e+01
 2.65521179e+01
 1.82695862e+01
 1.40766235e+01
 6.59160767e+00
 3.51156006e+00
 3.10213623e+00
 1.66777954e+00
 4.13540039e+00
 9.18148193e+00
 1.44039856e+01
 2.03403564e+01
 2.71757446e+01
 2.12545715e+01
 2.13303772e+01
 1.80160461e+01
 9.55748901e+00
 5.39605103e+00
 6.36867676e+00
 3.50295410e+00
 6.61818848e+00
 1.21111389e+01
 1.22451111e+01
 2.14318481e+01
 2.57122131e+01
 2.49824158e+01
 2.00725952e+01
 1.44117371e+01
 8.09676514e+00
 7.56932983e+00
 5.20244751e+00
 6.83828125e+00
 6.29338989e+00
 1.10417114e+01
 1.49142700e+01
 1.93891846e+01
 2.33868042e+01
 2.40862366e+01
 1.93566528e+01
 1.33573547e+01
 8.58641968e+00
 6.80202637e+00
 5.58925781e+00
 2.25670776e+00
 7.07012329e+00
 1.09254395e+01
 1.28991028e+01
 1.94313293e+01
 2.28877502e+01
 2.47774902e+01
 2.07788025e+01
 1.26453796e+01
 8.96511230e+00
 6.46880493e+00
 4.68380127e+00
 2.90804443e+00
 8.25103149e+00
 1.24277588e+01
 1.74737183e+01
 1.99506165e+01
 2.38121582e+01
 2.36917664e+01
 1.60425659e+01
 1.50278259e+01
 9.96138916e+00
 6.29149780e+00
 6.79937134e+00
 5.34221802e+00
 1.00351196e+01
 1.39398132e+01
 1.77800537e+01
 2.43564087e+01
 2.55658203e+01
 2.40454041e+01
 1.79245544e+01
 1.21357666e+01
 7.41347656e+00
 9.20833740e+00
 1.83297119e+00
 2.08559570e+00
 6.75844727e+00
 1.12454468e+01
 1.51558167e+01
 2.42604309e+01
 2.75692993e+01
 2.59758545e+01
 1.88877197e+01
 9.25072632e+00
 9.49175415e+00
 5.84865723e+00
 3.69887695e+00
 9.67534790e+00
 9.39196167e+00
 9.72133789e+00
 1.34850098e+01
 2.23066956e+01
 2.75984131e+01
 2.44669739e+01
 1.74122253e+01
 1.21713501e+01
 1.08521667e+01
 6.98208008e+00
 6.62587891e+00
 7.53350220e+00
 1.10054871e+01
 1.08772827e+01
 1.64558655e+01
 2.08109985e+01
 2.92684265e+01
 2.80968567e+01
 2.03949524e+01
 1.23268372e+01
 9.93609009e+00
 9.11040649e+00
 6.49059448e+00
 7.52208862e+00
 7.24401245e+00
 1.14641357e+01
 1.35260559e+01
 1.97891785e+01
 2.79340759e+01
 2.54926086e+01
 1.80925842e+01
 1.16874634e+01
 7.47377930e+00
 5.65303955e+00
 4.50930176e+00
 8.03319702e+00
 1.10150391e+01
 1.60873962e+01
 1.72428223e+01
 1.90772339e+01
 2.47961365e+01
 2.74775940e+01
 2.35312134e+01
 1.74129272e+01
 5.18877563e+00
 6.70455322e+00
 1.98699341e+00
 2.08132324e+00
 5.89919434e+00
 1.00475403e+01
 1.47433105e+01
 2.10400635e+01
 2.40810181e+01
 2.55263000e+01
 1.89973694e+01
 1.45623718e+01
 1.07118469e+01
 1.36132202e+00
 3.43627319e+00
 -7.88461914e+00
 4.43666992e+00
 1.20668884e+01
 1.55907532e+01
 1.79100891e+01
 2.66883484e+01
 2.44622437e+01
 2.28409668e+01
 1.45328308e+01
 1.08273865e+01
 6.18264160e+00
 4.93197021e+00
 5.96361694e+00
 1.02701050e+01
 1.23092285e+01
 1.64086853e+01
 2.21114441e+01
 2.84233337e+01
 2.73366943e+01
 1.86406799e+01
 1.55505615e+01
 8.83196411e+00
 6.38341675e+00
 6.21492920e+00
 6.65783081e+00
 1.00828796e+01
 1.37727905e+01
 1.43069397e+01
 2.44589478e+01
 3.00750671e+01
 2.64091431e+01
 2.28093811e+01
 1.45955444e+01
 9.02669678e+00
 3.07912598e+00
 4.78618774e+00
 8.16927490e+00
 6.55834351e+00
 1.08042236e+01
 1.66224304e+01
 2.60946594e+01
 2.76570984e+01
 2.85368896e+01
 2.19270264e+01
 1.47211243e+01
 7.96862183e+00
 9.27156982e+00
 5.63662109e+00
 7.03475342e+00
 1.17608582e+01
 1.16747986e+01
 1.57397400e+01
 2.45831543e+01
 2.74872681e+01
 2.55408569e+01
 2.05366760e+01
 1.39998413e+01
 1.06691223e+01
 6.50939331e+00
 6.91423950e+00
 7.97442017e+00
 8.34768066e+00
 1.25513245e+01
 1.54254395e+01
 2.66003052e+01
 2.48213440e+01
 2.43525940e+01
 1.77881409e+01
 1.43743530e+01
 8.30391846e+00
 3.57753906e+00
 7.48409424e+00
 7.67189941e+00
 8.42626343e+00
 1.16672913e+01
 1.56916138e+01
 2.25168396e+01
 2.10688416e+01
 2.45901428e+01
 1.91411682e+01
 1.47596069e+01
 1.05830627e+01
 3.73790894e+00
 4.24718628e+00
 7.17223511e+00
 8.93163452e+00
 1.24839111e+01
 1.58817993e+01
 1.72885681e+01
 2.87942444e+01
 2.84373108e+01
 1.80237671e+01
 1.59948669e+01
 8.30941162e+00
 6.56197510e+00
 6.14782104e+00
 6.15007935e+00
 8.09914551e+00
 9.14113770e+00
 1.71028687e+01
 1.99863220e+01
 2.90032593e+01
 2.67487732e+01
 2.12830750e+01
 1.37067200e+01
 1.03176819e+01
 9.10112915e+00
 7.88582764e+00
 8.34887085e+00
 9.11037598e+00
 1.21766602e+01
 1.65438477e+01
 2.47792603e+01
 3.10266663e+01
 2.84266907e+01
 2.58311096e+01
 1.47635132e+01
 1.07284790e+01
 8.36358032e+00
 2.31231079e+00
 9.58361206e+00
 1.18659912e+01
 1.40818420e+01
 1.88380676e+01
 2.45005127e+01
 2.30952698e+01
 2.61621338e+01
 2.29513489e+01
 1.36673828e+01
 1.00351196e+01
 9.32689819e+00
 4.08529053e+00
 7.02938232e+00
 9.79174194e+00
 1.23383118e+01
 1.73457581e+01
 2.70471741e+01
 2.51906372e+01
 2.71424500e+01
 1.80066772e+01
 1.20183044e+01
 1.15282227e+01
 6.93050537e+00
 5.99664307e-01
 4.23964844e+00
 8.46837769e+00
 1.26338745e+01
 1.87324158e+01
 2.09153992e+01
 3.10071350e+01
 2.63386780e+01
 2.12075134e+01
 1.36653381e+01
 1.23324219e+01
 4.88320313e+00
 6.15364990e+00
 6.48754272e+00
 8.53933105e+00
 1.50483948e+01
 1.49848267e+01
 2.17896667e+01
 2.69243713e+01
 2.51607605e+01
 1.97524353e+01
 1.18673035e+01
 1.17002197e+01
 6.55831299e+00
 6.41210327e+00
 8.67128906e+00
 1.02372681e+01
 1.41237427e+01
 1.57347351e+01
 2.19921814e+01
 2.39819580e+01
 2.72284180e+01
 2.24155212e+01
 1.62545715e+01
 7.31524048e+00
 6.91768799e+00
 7.40731201e+00
 7.84349976e+00
 1.00238892e+01
 1.27448059e+01
 1.88325439e+01
 2.15738770e+01
 2.35382324e+01
 2.71653381e+01
 2.02071777e+01
 1.15887085e+01
 1.05634399e+01
 7.35619507e+00
 8.44301758e+00
 7.55236206e+00
 8.16796265e+00
 1.08609863e+01
 1.73716370e+01
 2.45767761e+01
 2.63793274e+01
 2.77977234e+01
 2.32993408e+01
 1.37412659e+01
 1.31169983e+01
 6.92119751e+00
 5.89943848e+00
 3.90761719e+00
 6.21785889e+00
 1.34383789e+01
 1.83163696e+01
 2.41998230e+01
 2.98727356e+01
 2.78426147e+01
 2.40788818e+01
 1.59761292e+01
 8.98610840e+00
 8.05861816e+00
 6.31365356e+00
 1.02347046e+01
 1.16690613e+01
 1.32445618e+01
 1.70754333e+01
 2.35709778e+01
 2.57452026e+01
 2.62906128e+01
 2.13881775e+01
 1.33868958e+01
 1.16811157e+01
 6.36119995e+00
 5.47878418e+00
 5.03768311e+00
 8.55675659e+00
 1.20850769e+01
 1.49242798e+01
 2.47752319e+01
 2.64862305e+01
 2.64173523e+01
 2.09047485e+01
 1.31125427e+01
 8.81804810e+00
 7.28585205e+00
 7.68798218e+00
 6.80880127e+00
 1.14850098e+01
 1.42619568e+01
 1.65484253e+01
 2.68892761e+01
 2.89934937e+01
 3.08944946e+01
 2.21357361e+01
 1.53563477e+01
 1.16756226e+01
 8.15538940e+00
 7.38616333e+00
 6.40258179e+00
 1.09355713e+01
 1.14594360e+01
 1.95526672e+01
 2.13396545e+01
 2.53013245e+01
 2.70008484e+01
 2.15135742e+01
 1.10552002e+01
 8.93868408e+00
 7.88701782e+00
 5.90465698e+00
 7.63433228e+00
 9.82216797e+00
 1.33645569e+01
 1.55766541e+01
 2.56688782e+01
 2.89399048e+01
 2.72174011e+01
 2.30130554e+01
 1.62166077e+01
 9.23018799e+00
 6.75286255e+00
