 3.30773315e+00
 4.50322876e+00
 9.41338501e+00
 1.18986755e+01
 1.79817749e+01
 2.15576111e+01
 2.44977051e+01
 2.27036072e+01
 2.00304810e+01
 1.84610229e+01
 1.04817444e+01
 9.12404785e+00
 6.24999390e+00
 5.47213135e+00
 9.44094238e+00
 1.18379761e+01
 1.97203308e+01
 2.30064941e+01
 2.45203491e+01
 2.31247498e+01
 1.91638428e+01
 1.38800293e+01
 1.15268494e+01
 8.33144531e+00
 2.06801758e+00
 5.18505249e+00
 6.63134155e+00
 1.27920471e+01
 1.84140869e+01
 2.34399658e+01
 2.52005554e+01
 2.35245300e+01
 1.73250671e+01
 1.67775513e+01
 1.04644409e+01
 6.54546509e+00
 6.78707275e+00
 8.19146118e+00
 1.02925354e+01
 1.46478821e+01
 1.86606689e+01
 2.06568237e+01
 2.27410828e+01
 2.29956909e+01
 1.85358521e+01
 1.33759705e+01
 7.37224731e+00
 9.72542725e+00
 5.80129395e+00
 5.58013306e+00
 9.91332397e+00
 1.23072449e+01
 1.79084717e+01
 2.14934937e+01
 2.32957092e+01
 2.45810486e+01
 2.05590149e+01
 1.47170044e+01
 1.13756348e+01
 7.63408813e+00
 5.95800171e+00
 7.30492554e+00
 9.56551514e+00
 1.36238647e+01
 1.79318787e+01
 2.32677551e+01
 2.55511719e+01
 2.16893250e+01
 2.04446655e+01
 1.76655212e+01
 1.06295105e+01
 5.47802124e+00
 2.93602905e+00
 8.77941284e+00
 1.01620117e+01
 1.46102844e+01
 1.63563171e+01
 2.38923584e+01
 2.29893738e+01
 2.27832886e+01
 1.95869690e+01
 1.63975464e+01
 1.14445740e+01
 7.96178589e+00
 6.25991211e+00
 5.91280518e+00
 8.50216064e+00
 1.30377441e+01
 1.84029785e+01
 2.18218018e+01
 2.46900879e+01
 2.25294739e+01
 1.79533936e+01
 1.40175110e+01
 1.07365662e+01
 8.20266113e+00
 6.59505615e+00
 6.60866699e+00
 1.07831055e+01
 1.27905518e+01
 1.81154114e+01
 2.23112732e+01
 2.47987000e+01
 2.59611145e+01
 2.10177551e+01
 1.53510681e+01
 1.07931458e+01
 4.42147217e+00
 6.08272705e+00
 6.96056519e+00
 9.09948120e+00
 1.30130859e+01
 1.61952454e+01
 2.29648071e+01
 2.45384155e+01
 2.23582397e+01
 2.05131165e+01
 1.60953308e+01
 8.22145996e+00
 7.86596069e+00
 4.96825562e+00
 7.81072388e+00
 9.88314209e+00
 1.40529114e+01
 1.81361633e+01
 2.25072571e+01
 2.43900696e+01
 2.30683838e+01
 2.04776855e+01
 1.57859741e+01
 9.51055298e+00
 5.98943481e+00
 6.52828369e+00
 9.89895020e+00
 1.18150574e+01
 1.32726685e+01
 1.92470337e+01
 2.35754028e+01
 2.49584900e+01
 2.38731628e+01
 2.02645813e+01
 1.55875793e+01
 9.57958374e+00
 5.24230347e+00
 4.20659790e+00
 6.04900513e+00
 8.06279907e+00
 1.41708923e+01
 1.78058716e+01
 2.23450256e+01
 2.40996338e+01
 2.29726196e+01
 2.15959717e+01
 1.49060913e+01
 1.25489136e+01
 5.01986084e+00
 5.51629639e-01
 5.42354736e+00
 1.12042175e+01
 1.48916870e+01
 2.07957397e+01
 2.37390076e+01
 2.46904236e+01
 2.52409912e+01
 2.18564697e+01
 1.67523743e+01
 1.07794434e+01
 9.03936157e+00
 3.86016235e+00
 8.65511475e+00
 1.16126038e+01
 1.30941101e+01
 2.08986450e+01
 2.30533386e+01
 2.46554810e+01
 2.53961731e+01
 1.86054932e+01
 1.80008789e+01
 1.20917297e+01
 9.93255005e+00
 6.73388062e+00
 8.22878418e+00
 9.67461548e+00
 1.54659668e+01
 1.88604370e+01
 2.35974976e+01
 2.69937683e+01
 2.55025879e+01
 2.22590881e+01
 1.25577332e+01
 7.84365234e+00
 2.98076782e+00
 8.08684692e+00
 2.90737305e+00
 1.04634949e+01
 1.27922607e+01
 1.82351929e+01
 2.24174438e+01
 2.52028137e+01
 2.53778320e+01
 2.08681274e+01
 1.37466064e+01
 9.92775879e+00
 7.26555786e+00
 6.64061890e+00
 6.38585815e+00
 8.38298950e+00
 1.44040161e+01
 1.77357727e+01
 2.26436707e+01
 2.56792847e+01
 2.53224426e+01
 2.11469666e+01
 1.81719910e+01
 1.15110718e+01
 6.33507690e+00
 9.06783447e+00
 3.00368652e+00
 1.00814453e+01
 1.21095215e+01
 1.92951904e+01
 2.23769470e+01
 2.31179749e+01
 2.42556702e+01
 2.18147217e+01
 1.71521851e+01
 1.24293457e+01
 8.90453491e+00
 4.77211914e+00
 7.17128906e+00
 1.02576538e+01
 1.42734009e+01
 1.83406616e+01
 2.46329895e+01
 2.52474915e+01
 2.59737793e+01
 2.17941528e+01
 1.82669312e+01
 1.27340942e+01
 7.68151245e+00
 6.20168457e+00
 9.37636719e+00
 1.23593689e+01
 1.28836304e+01
 2.00123230e+01
 2.11398865e+01
 2.65662781e+01
 2.50078674e+01
 1.76048523e+01
 1.44084106e+01
 9.83699951e+00
 5.59865723e+00
 7.75530396e+00
 5.67568359e+00
 1.03270813e+01
 1.27534424e+01
 1.71829163e+01
 2.31084534e+01
 2.38270203e+01
 2.52824341e+01
 2.07271667e+01
 1.50176025e+01
 1.07663208e+01
 4.27092896e+00
 6.67827759e+00
 6.63173828e+00
 8.52922974e+00
 1.08679749e+01
 1.80090881e+01
 2.40840698e+01
 2.60635010e+01
 2.48232666e+01
 1.92650696e+01
 1.42986084e+01
 1.02013184e+01
 6.45052490e+00
 2.76406250e+00
 6.81145630e+00
 7.13686523e+00
 1.38924500e+01
 1.68806702e+01
 2.23266541e+01
 2.36420837e+01
 2.45389648e+01
 2.09442383e+01
 1.58490845e+01
 1.33548218e+01
 9.75222168e+00
 8.34182129e+00
 7.52941284e+00
 7.79473267e+00
 1.36726318e+01
 2.07450500e+01
 2.43170715e+01
 2.51155640e+01
 2.45382019e+01
 2.11985718e+01
 1.70887390e+01
 1.23139893e+01
 1.04381958e+01
 7.87645874e+00
 7.69185791e+00
 1.14213501e+01
 1.42533813e+01
 1.99259277e+01
 2.43945862e+01
 2.51620117e+01
 2.48016296e+01
 1.82229553e+01
 1.34801575e+01
 1.26024414e+01
 6.51894531e+00
 5.88109741e+00
 1.07928101e+01
 1.17595154e+01
 1.56533142e+01
 1.85984436e+01
 2.47316528e+01
 2.45413452e+01
 2.67789246e+01
 2.22015930e+01
 1.42536255e+01
 1.13742920e+01
 8.06392822e+00
 4.75109253e+00
 3.98238525e+00
 1.00254456e+01
 1.61729980e+01
 1.69921814e+01
 2.51770264e+01
 2.72231995e+01
 2.52711426e+01
 2.11739746e+01
 1.61073853e+01
 8.67952881e+00
 6.56893311e+00
 5.93505249e+00
 8.51995239e+00
 1.01296326e+01
 1.20795837e+01
 1.96606995e+01
 2.27684875e+01
 2.52679688e+01
 2.57110535e+01
 1.79761292e+01
 1.38252502e+01
 1.25824219e+01
 8.22435913e+00
 5.87160645e+00
 6.90444336e+00
 1.01967102e+01
 1.59149109e+01
 1.87687927e+01
 2.24514404e+01
 2.56439453e+01
 2.42262512e+01
 2.24735657e+01
 1.77979370e+01
 1.05026184e+01
 4.90874634e+00
 2.71331177e+00
 8.66579590e+00
 9.58312378e+00
 1.38909546e+01
 1.98858276e+01
 2.20339600e+01
 2.63398376e+01
 2.44485107e+01
 2.27169128e+01
 1.60860535e+01
 9.15801392e+00
 5.89113770e+00
 4.65133057e+00
 8.61556396e+00
 9.82875977e+00
 1.49201599e+01
 1.90210815e+01
 2.48669983e+01
 2.67372070e+01
 2.53089539e+01
 1.79227844e+01
 1.58075195e+01
 1.27110535e+01
 9.90661011e+00
 5.51751099e+00
 6.53008423e+00
 1.03747498e+01
 1.32357422e+01
 1.70696350e+01
 2.23311707e+01
 2.61630493e+01
 2.49070679e+01
 2.07538696e+01
 1.76962830e+01
 1.03903442e+01
 5.15511475e+00
 7.68862305e+00
 8.28383789e+00
 1.12262207e+01
 1.13666321e+01
 1.70514465e+01
 2.10126892e+01
 2.57787415e+01
 2.47744080e+01
 2.13721252e+01
 1.46263367e+01
 7.80135498e+00
 6.22420654e+00
 9.19091187e+00
 5.91375122e+00
 1.01984497e+01
 1.30234619e+01
 1.94995972e+01
 2.36994873e+01
 2.60085999e+01
 2.37068420e+01
 1.99642273e+01
 1.57333618e+01
 8.57125244e+00
 4.16408691e+00
 3.85436401e+00
 8.36794434e+00
 1.07712036e+01
 1.62337585e+01
 1.92455078e+01
 2.17694336e+01
 2.61219116e+01
 2.56153198e+01
 2.21072632e+01
 1.64251343e+01
 1.24103027e+01
 8.48821411e+00
 5.96169434e+00
 7.80135498e+00
 9.36358032e+00
 1.36987549e+01
 1.80631042e+01
 2.14557434e+01
 2.43771912e+01
 2.49871765e+01
 2.17806030e+01
 1.51019226e+01
 1.12704712e+01
 8.97533569e+00
 3.60808716e+00
 5.87432251e+00
 9.91466675e+00
 1.38642517e+01
 1.88941284e+01
 2.15861145e+01
 2.47904297e+01
 2.53270813e+01
 2.26469055e+01
 1.58153931e+01
 1.20023132e+01
 7.27141724e+00
 8.09865723e+00
 7.50975952e+00
 1.13852173e+01
 1.63050171e+01
 2.06144348e+01
 2.50490051e+01
 2.86179749e+01
 2.72656189e+01
 2.36276794e+01
 1.80541016e+01
 1.21488281e+01
 1.11553894e+01
 8.95348511e+00
 9.76918945e+00
 1.15310913e+01
 1.42093140e+01
 1.97412354e+01
 2.45624634e+01
 2.56950928e+01
 2.57966858e+01
 2.10313049e+01
 1.61782471e+01
 1.19318176e+01
 7.46242676e+00
 8.81749878e+00
 8.94732056e+00
 1.09213196e+01
 1.44524475e+01
 1.84082886e+01
 2.38432861e+01
 2.42148987e+01
 2.59408508e+01
 2.25997559e+01
 1.60032288e+01
 1.18454834e+01
 7.68093262e+00
 5.49102173e+00
 8.13201294e+00
 1.14806458e+01
 1.26230408e+01
 1.81017700e+01
 2.53980347e+01
 2.53074585e+01
 2.73158508e+01
 2.30396667e+01
 1.64612671e+01
 1.37940918e+01
 7.73403320e+00
 3.18474731e+00
 7.84816895e+00
 9.61834106e+00
 1.28411499e+01
 1.80695740e+01
 2.34823242e+01
 2.48156372e+01
 2.62519775e+01
 2.18152710e+01
 1.64740234e+01
 1.10723206e+01
 8.50194702e+00
 9.42791138e+00
 9.34124146e+00
 9.53551636e+00
 1.34077393e+01
 1.91379333e+01
 2.48509155e+01
 2.73488098e+01
 2.65649963e+01
 2.38246399e+01
 1.80260254e+01
 1.24120422e+01
 6.29555664e+00
 6.46770630e+00
 8.45614014e+00
 1.21878906e+01
 1.50928894e+01
 2.17279907e+01
 2.22855469e+01
 2.76755005e+01
 2.86375366e+01
 2.39799133e+01
 1.46129395e+01
 1.15719543e+01
 7.05935059e+00
 4.12334595e+00
 6.07583008e+00
 9.52822266e+00
 1.69228760e+01
 1.80089966e+01
 2.54749390e+01
 2.67782532e+01
 2.46213623e+01
 2.24239136e+01
 1.88889099e+01
 1.15320984e+01
 7.72292480e+00
 9.10991821e+00
 7.62478027e+00
 1.23155762e+01
 1.33877808e+01
 1.86686340e+01
 2.51697021e+01
 2.60391479e+01
 2.59493958e+01
 2.18668457e+01
 1.90700012e+01
 9.00490723e+00
 9.45903931e+00
 8.95687256e+00
 8.93078003e+00
 1.25862366e+01
 1.31799561e+01
 2.20085693e+01
 2.49020935e+01
 2.67228333e+01
 2.81237427e+01
 2.41847473e+01
 1.90089966e+01
 1.40119873e+01
 1.04339539e+01
 4.33422241e+00
 9.84780273e+00
 1.20607849e+01
 1.56739441e+01
 2.19725586e+01
 2.53980347e+01
 2.85624329e+01
 2.78724304e+01
 2.07606445e+01
 1.80725647e+01
 1.15646301e+01
 3.81072388e+00
 9.34584961e+00
 9.73583374e+00
 1.09927307e+01
 1.55495544e+01
 2.04995056e+01
 2.36259399e+01
 2.70731140e+01
 2.81892029e+01
 2.37659241e+01
 1.59765259e+01
 1.24204041e+01
 1.00951477e+01
 9.26531372e+00
 1.07356506e+01
 1.12531677e+01
 1.67026917e+01
 2.08808838e+01
 2.23507019e+01
 2.61703125e+01
 2.64125916e+01
 2.45773865e+01
 1.95876404e+01
 1.39803711e+01
 3.43425903e+00
 6.28029785e+00
 8.78408203e+00
 1.12111755e+01
 1.54257751e+01
 1.80783630e+01
 2.42720886e+01
 2.59138428e+01
 2.52486206e+01
 2.09983765e+01
 1.77408997e+01
 1.34292542e+01
 8.83626709e+00
 8.96669922e+00
 7.17940674e+00
 8.84200439e+00
 1.41166321e+01
 1.74240356e+01
 2.28179871e+01
 2.66270081e+01
 2.50977722e+01
 2.17723938e+01
 1.72319580e+01
 1.12735840e+01
 8.38002930e+00
 7.51748047e+00
 9.63683472e+00
 1.35744873e+01
 1.52264343e+01
 1.78641602e+01
 2.57282959e+01
 2.84413696e+01
 2.76567932e+01
 2.46579834e+01
 1.72684875e+01
 1.21673218e+01
 8.05550537e+00
 8.20107422e+00
 1.10001770e+01
 1.08637024e+01
 1.47427917e+01
 1.91556946e+01
 2.59263245e+01
 2.77964417e+01
 2.63089233e+01
 2.20067688e+01
 1.64898315e+01
 1.07546936e+01
 8.80349121e+00
 6.80544434e+00
 9.06823120e+00
 1.08989197e+01
 1.31441895e+01
 1.92551514e+01
 2.47295776e+01
 2.72141052e+01
 2.83989502e+01
 2.24764038e+01
 1.83524719e+01
 1.16234985e+01
 9.33159790e+00
 7.42742310e+00
 7.81148682e+00
 1.18583313e+01
 1.44986511e+01
 1.88741394e+01
 2.48075195e+01
 2.58843933e+01
 2.48161865e+01
 1.92413574e+01
 1.79566895e+01
 1.31347900e+01
 8.27187500e+00
 9.79616699e+00
 5.18493042e+00
 1.25942627e+01
 1.58904358e+01
 1.99854065e+01
 2.21848999e+01
 2.51661316e+01
 2.35573669e+01
 2.17289978e+01
 1.58774353e+01
 1.46566101e+01
 5.46535645e+00
 8.16185913e+00
 1.08530823e+01
 1.00744263e+01
 1.57449890e+01
 2.05378357e+01
 2.42354675e+01
 2.63522888e+01
 2.52177979e+01
 2.13601318e+01
 1.58502441e+01
 1.22336670e+01
 5.86440430e+00
 3.42357788e+00
 7.62639771e+00
 1.10472656e+01
 1.39564758e+01
 1.73597961e+01
 2.45068604e+01
 2.76571899e+01
 2.64157349e+01
 2.19350220e+01
 1.62897888e+01
 1.30808655e+01
 1.02741943e+01
 1.06291748e+01
 1.23425232e+01
 1.12528931e+01
 1.67666870e+01
 2.06507202e+01
 2.25696350e+01
 2.53973022e+01
 2.68332764e+01
 2.27145630e+01
 1.55752502e+01
 1.16139160e+01
 6.96120605e+00
 1.02200867e+01
 6.99468384e+00
 1.02740723e+01
 1.37665649e+01
 1.76660095e+01
 2.38559814e+01
 2.73310181e+01
 2.58381897e+01
 2.36156555e+01
 1.77362610e+01
 1.45253540e+01
 1.02105652e+01
 9.33977661e+00
 7.38482056e+00
 9.84118042e+00
 1.53452698e+01
 2.08713928e+01
 2.59317871e+01
 2.63408752e+01
 2.58376099e+01
 2.29389282e+01
 1.66752258e+01
 1.11848999e+01
 9.42476807e+00
 3.86165771e+00
 1.16857239e+01
 1.11868225e+01
 1.44269348e+01
 2.14199463e+01
 2.60928589e+01
 2.78411804e+01
 2.70016113e+01
 2.37481018e+01
 1.97585083e+01
 1.25508667e+01
 1.23921143e+01
 9.01342163e+00
 9.51012573e+00
 1.00461365e+01
 1.45243469e+01
 1.98258301e+01
 2.48837219e+01
 2.80531250e+01
 2.75204712e+01
 1.96862732e+01
 1.49571777e+01
 1.16591125e+01
 3.12297974e+00
 5.58168945e+00
 8.02413330e+00
 1.03783508e+01
 1.39563538e+01
 1.99626709e+01
 2.39798218e+01
 2.66477295e+01
 2.80090271e+01
 2.53896729e+01
 1.85570313e+01
 9.64681396e+00
 5.44173584e+00
 5.68773804e+00
 8.04000244e+00
 1.35493713e+01
 1.56853577e+01
 1.82125793e+01
 2.29552856e+01
 2.59289185e+01
 2.59804626e+01
 2.22363525e+01
 1.37212769e+01
 1.39178406e+01
 1.23192383e+01
 7.24334106e+00
 1.02117554e+01
 1.32632385e+01
 1.58784119e+01
 1.88050171e+01
 2.46721741e+01
 2.73290344e+01
 2.79235779e+01
 2.45452515e+01
 2.10617920e+01
 1.28725830e+01
 1.08667847e+01
 1.04543701e+01
 1.02953125e+01
 1.22716614e+01
 1.30978027e+01
 1.88890320e+01
 2.47111755e+01
 2.75363708e+01
 2.65512024e+01
 2.17066895e+01
 1.90494629e+01
 1.24824158e+01
 8.61116943e+00
 4.60881958e+00
 7.01723633e+00
 9.12212524e+00
 1.42425781e+01
 2.16849304e+01
 2.77863708e+01
 2.80494934e+01
 2.63002563e+01
 2.55165039e+01
 1.96656433e+01
 1.14158875e+01
 8.30202637e+00
 8.69063721e+00
 1.02895142e+01
 1.31380554e+01
 1.81365295e+01
 2.27026001e+01
 2.53670898e+01
 2.89989563e+01
 2.94222351e+01
 2.40021301e+01
 1.59580933e+01
 1.38718201e+01
 1.15691162e+01
 7.58818970e+00
 1.14851929e+01
 1.25438171e+01
 1.74778687e+01
 2.23695007e+01
 2.59934631e+01
 2.61521545e+01
 2.64183289e+01
 2.61995178e+01
 1.81394287e+01
 1.17974792e+01
 1.12651001e+01
 8.95733032e+00
 9.18395386e+00
 1.30783325e+01
 1.55577332e+01
 2.11152283e+01
 2.77492004e+01
 2.87060791e+01
 2.99170776e+01
 2.11196228e+01
 1.97542664e+01
 1.73247314e+01
 9.21416626e+00
 1.04295898e+01
 1.09579407e+01
 1.13502441e+01
 1.22921387e+01
 2.04012390e+01
 2.36274658e+01
 2.79397827e+01
 2.54290405e+01
 2.57227112e+01
 2.10418030e+01
 1.39426819e+01
 6.77849731e+00
 6.89550171e+00
 7.69756470e+00
 9.30339966e+00
 1.45420776e+01
 1.91338135e+01
 2.29446960e+01
 2.67066589e+01
 2.63954407e+01
 2.12994324e+01
 1.50252930e+01
 1.29697205e+01
 8.75002441e+00
 7.92287598e+00
 8.34197388e+00
 1.08550354e+01
 1.38416077e+01
 2.21797119e+01
 2.51572205e+01
 2.72852112e+01
 2.79605042e+01
 2.05142456e+01
 1.78706909e+01
 1.31290222e+01
 8.14721069e+00
 5.68145142e+00
 8.25658569e+00
 1.31328064e+01
 1.62162720e+01
 2.30891663e+01
 2.47255493e+01
 2.89945618e+01
 2.92108093e+01
 2.58622986e+01
 1.80288940e+01
 1.14251038e+01
 9.15899048e+00
 4.22585449e+00
 9.64327393e+00
 1.03529907e+01
 1.71195007e+01
 1.87108398e+01
 2.57139832e+01
 2.82593933e+01
 2.65253235e+01
 2.12323242e+01
 1.68718201e+01
 1.39224792e+01
 9.08040771e+00
 9.87340698e+00
 7.85646973e+00
 1.19470459e+01
 1.60676208e+01
 2.22666565e+01
 2.54821106e+01
 2.86791016e+01
 2.81854492e+01
 2.52825867e+01
 1.87632996e+01
 1.35224548e+01
 7.34511719e+00
 8.34081421e+00
 8.19664917e+00
 1.24631287e+01
 1.59073730e+01
 2.12287842e+01
 2.60038696e+01
 2.86046692e+01
 2.81038147e+01
 2.46038147e+01
 1.93114563e+01
 1.13237854e+01
 6.28743896e+00
 8.78698120e+00
 8.37148438e+00
 1.10090576e+01
 1.53885742e+01
 1.89259583e+01
 2.42284180e+01
 2.90998779e+01
 2.72510925e+01
 2.42533203e+01
 1.90059753e+01
 1.46018616e+01
 7.72127686e+00
 9.57125244e+00
 9.53093872e+00
 1.22860962e+01
 1.61906982e+01
 1.90308777e+01
 2.84239746e+01
 2.77852112e+01
 2.60248962e+01
 2.40092407e+01
 1.75042358e+01
 1.12488953e+01
 9.75634155e+00
 8.17052612e+00
 1.22693726e+01
 1.25094849e+01
 1.60640503e+01
 2.15543762e+01
 2.53446594e+01
 3.12275330e+01
 2.74751831e+01
 2.32095581e+01
 1.84725586e+01
 1.30071655e+01
 1.06812988e+01
 9.70461426e+00
 8.69158325e+00
 1.28785034e+01
 1.68998962e+01
 2.19481750e+01
 2.76847778e+01
 2.71909119e+01
 2.76403137e+01
 2.20792786e+01
 1.82251221e+01
 1.31630188e+01
 8.43068848e+00
 6.64925537e+00
 7.58092651e+00
 1.14802490e+01
 1.56452881e+01
 2.14952332e+01
 2.63359314e+01
 2.94484497e+01
 2.87408386e+01
 2.40676208e+01
 1.97073914e+01
 1.06505981e+01
 8.64943848e+00
 7.88393555e+00
 5.72539673e+00
 1.22743469e+01
 1.42730042e+01
 2.08793579e+01
 2.52871338e+01
 2.71036926e+01
 2.73113342e+01
 2.49576355e+01
 1.84014221e+01
 1.57929626e+01
 9.96914063e+00
 8.24309692e+00
 9.31893311e+00
 1.26323792e+01
 1.37992493e+01
 1.95366150e+01
 2.69356628e+01
 2.76482788e+01
 2.74169861e+01
 2.17776733e+01
 1.82074524e+01
 1.42688843e+01
 9.76156006e+00
 1.05448242e+01
 1.13289429e+01
 1.17445923e+01
 1.77075439e+01
 2.42322937e+01
 2.81312500e+01
 2.98571411e+01
 2.90430542e+01
 2.54834229e+01
 2.02036987e+01
 1.07177368e+01
 7.13323364e+00
 7.54647217e+00
 1.26233765e+01
 1.15509583e+01
 1.61226746e+01
 2.08027283e+01
 2.68163086e+01
 2.76007935e+01
 3.03491455e+01
 2.39811340e+01
 2.03517700e+01
 1.55755859e+01
 1.06332642e+01
 1.02093445e+01
 9.84108887e+00
 1.33454529e+01
 1.74930664e+01
 2.46099182e+01
 2.69550415e+01
 3.09239136e+01
 2.93343140e+01
 2.31222168e+01
 1.84028259e+01
 1.34988953e+01
 1.17227722e+01
 8.65117798e+00
 8.33260498e+00
 1.39212280e+01
 1.76406189e+01
 1.94952942e+01
 2.65912720e+01
 3.02706848e+01
 2.95796143e+01
 2.67375427e+01
 1.80622803e+01
 1.30851685e+01
 1.07850891e+01
 8.37636719e+00
 1.11617065e+01
 1.30101257e+01
 1.87051025e+01
 2.24755798e+01
 2.61657654e+01
 2.94012390e+01
 2.89654785e+01
 2.64947144e+01
 2.05938049e+01
 1.06081177e+01
 1.04646545e+01
 8.49111328e+00
 9.35726318e+00
 1.51457764e+01
 1.66923462e+01
 2.20954529e+01
 2.86936279e+01
 2.90044495e+01
 2.86315247e+01
 2.46857849e+01
 2.05249573e+01
 1.56787964e+01
 9.29360352e+00
 9.18764648e+00
 9.22161255e+00
 1.19981018e+01
 1.60182434e+01
 2.32239014e+01
 2.55243164e+01
 2.87113892e+01
 2.68396240e+01
 2.40276123e+01
 1.89100891e+01
 1.52918945e+01
 1.11079346e+01
 8.65081177e+00
 9.51186523e+00
 1.13098999e+01
 1.53940369e+01
 2.09312988e+01
 2.43910461e+01
 2.84251953e+01
 2.95726868e+01
 2.39293457e+01
 1.80882202e+01
 1.50217834e+01
 1.28302246e+01
 8.59780273e+00
 1.02964722e+01
 1.26561218e+01
 1.60750671e+01
 2.01642700e+01
 2.49117065e+01
 2.86445557e+01
 2.72484375e+01
 2.41530701e+01
 1.67086731e+01
 1.57038818e+01
 1.37317444e+01
 1.15860229e+01
 1.08651672e+01
 1.31498657e+01
 1.64342590e+01
 1.96065002e+01
 2.49870239e+01
 2.87823425e+01
 2.89147278e+01
 2.49392334e+01
 1.97820068e+01
 1.30096375e+01
 8.33016357e+00
 1.04890686e+01
 1.06969849e+01
 1.48523499e+01
 1.52526489e+01
 2.18666626e+01
 2.86014954e+01
 2.97280823e+01
 3.04446045e+01
 2.53767334e+01
 2.11001221e+01
 1.38508850e+01
 9.83352051e+00
 9.47094116e+00
 9.20449219e+00
 9.88137207e+00
 1.60366150e+01
 2.32872559e+01
 2.49411560e+01
 2.83005920e+01
 2.74707275e+01
 2.39519897e+01
 1.85485779e+01
 1.29638000e+01
 8.24309692e+00
 1.01796814e+01
 9.22420654e+00
 1.21049133e+01
 1.53279053e+01
 1.93415466e+01
 2.84084412e+01
 2.96288086e+01
 2.95328003e+01
 2.70613953e+01
 2.12018677e+01
 1.74538513e+01
 1.03767944e+01
