 -9.65332031e-01
 -1.92358398e+00
 1.44723511e+00
 4.70379639e+00
 9.31774902e+00
 1.86639099e+01
 1.95100403e+01
 1.70882263e+01
 1.57398376e+01
 1.05500793e+01
 5.16409302e+00
 5.35162354e+00
 3.13607788e+00
 1.80056763e+00
 4.41271973e+00
 7.38638306e+00
 1.24923401e+01
 2.07590942e+01
 2.08390503e+01
 1.71914673e+01
 1.45491333e+01
 7.13806152e+00
 8.49133301e+00
 3.09655762e+00
 1.31781006e+00
 -1.76519775e+00
 -2.59869385e+00
 4.54650879e+00
 1.45300903e+01
 1.79109192e+01
 2.05753784e+01
 2.01267090e+01
 1.02377930e+01
 1.13642273e+01
 6.18908691e+00
 1.03619385e+00
 6.14013672e-02
 2.64395142e+00
 3.47930908e+00
 3.73541260e+00
 9.97293091e+00
 1.64770813e+01
 2.02207031e+01
 1.82425537e+01
 8.21249390e+00
 8.38961792e+00
 -1.92861938e+00
 6.40737915e+00
 1.58435059e+00
 -3.63739014e-01
 4.79537964e+00
 4.66064453e+00
 9.96197510e+00
 1.60129089e+01
 1.79739685e+01
 1.90623474e+01
 1.12762146e+01
 9.21527100e+00
 2.09082031e+00
 5.78161621e+00
 -1.60656738e+00
 1.61486816e+00
 1.39666748e+00
 5.39132690e+00
 1.20101929e+01
 1.79242859e+01
 2.44918213e+01
 2.05625610e+01
 1.42647095e+01
 1.14959717e+01
 5.57940674e+00
 1.20083618e+00
 5.52032471e-01
 -4.13180542e+00
 2.42831421e+00
 7.45001221e+00
 1.10503540e+01
 1.90107727e+01
 1.77110596e+01
 1.77636719e+01
 1.27212830e+01
 7.92117310e+00
 5.78558350e+00
 6.78955078e+00
 2.19393921e+00
 2.50640869e+00
 2.75634766e-01
 6.20312500e+00
 9.92376709e+00
 1.84416199e+01
 1.91335449e+01
 1.67011414e+01
 1.55973511e+01
 7.30374146e+00
 1.00664062e+01
 3.17935181e+00
 2.81533813e+00
 9.36126709e-01
 2.26113892e+00
 4.09289551e+00
 8.65359497e+00
 1.51372986e+01
 2.21769409e+01
 2.10761108e+01
 1.42685547e+01
 7.27645874e+00
 4.40478516e+00
 3.08340454e+00
 4.79827881e-01
 1.10131836e+00
 1.64218140e+00
 5.24243164e+00
 8.92691040e+00
 1.84785461e+01
 2.07254944e+01
 1.77154541e+01
 1.47962952e+01
 1.14428101e+01
 3.32531738e+00
 4.09338379e+00
 1.59817505e+00
 2.99575806e+00
 3.04003906e+00
 4.82189941e+00
 1.09068909e+01
 1.74347839e+01
 2.19322815e+01
 1.70375671e+01
 1.54759521e+01
 7.95709229e+00
 4.01019287e+00
 2.77993774e+00
 4.67398071e+00
 3.16000366e+00
 4.51779175e+00
 1.04318848e+01
 1.06170044e+01
 1.47226257e+01
 1.90608215e+01
 2.05454102e+01
 1.55940857e+01
 8.09335327e+00
 4.98425293e+00
 1.44839478e+00
 1.16619873e+00
 -6.10656738e-02
 1.06530762e+00
 4.37884521e+00
 1.15602722e+01
 1.83334656e+01
 2.14520264e+01
 1.82720337e+01
 1.35153198e+01
 7.57659912e+00
 7.49026489e+00
 2.53869629e+00
 -5.63131714e+00
 1.41540527e-01
 4.25616455e+00
 8.07009888e+00
 1.35348206e+01
 1.64953308e+01
 1.88076172e+01
 1.77442322e+01
 1.32150574e+01
 8.49133301e+00
 7.47250366e+00
 6.96075439e+00
 -1.33959961e+00
 3.89901733e+00
 5.82696533e+00
 6.42376709e+00
 1.25460510e+01
 1.81152649e+01
 1.87709961e+01
 1.78540344e+01
 1.52217102e+01
 1.15265808e+01
 6.22143555e+00
 -4.09362793e-01
 1.22506714e+00
 3.70468140e+00
 2.06289673e+00
 8.05685425e+00
 9.97525024e+00
 1.88598633e+01
 2.23356628e+01
 1.64721375e+01
 1.38258362e+01
 8.30740356e+00
 2.58471680e+00
 -1.24328613e+00
 8.65753174e-01
 -1.56307983e+00
 8.48419189e-01
 7.81130981e+00
 7.95068359e+00
 1.69905090e+01
 2.12701721e+01
 2.05634155e+01
 1.29981995e+01
 9.31106567e+00
 5.36517334e+00
 3.76940918e+00
 1.89038086e+00
 -6.02600098e-01
 -3.48846436e-01
 5.05383301e+00
 8.66110229e+00
 1.83129578e+01
 2.27416077e+01
 2.02720947e+01
 1.38718262e+01
 9.20117188e+00
 8.49377441e+00
 2.19616699e+00
 3.39544678e+00
 1.86032104e+00
 4.32196045e+00
 4.20883179e+00
 1.07098083e+01
 1.89268188e+01
 2.04441223e+01
 1.85160522e+01
 1.22126160e+01
 9.49334717e+00
 9.79785156e+00
 6.50268555e-01
 -4.61355591e+00
 9.36645508e-01
 1.07080078e+00
 4.74005127e+00
 1.03382568e+01
 1.80394287e+01
 2.17601013e+01
 1.89353638e+01
 1.24014893e+01
 1.01535950e+01
 7.08947754e+00
 -4.06231689e+00
 4.54641724e+00
 4.03359985e+00
 5.64160156e+00
 6.85443115e+00
 1.19886475e+01
 1.98733826e+01
 2.11147766e+01
 1.90281982e+01
 1.40881042e+01
 8.33163452e+00
 4.36389160e+00
 4.63342285e+00
 5.65515137e+00
 2.01043701e+00
 1.76391602e+00
 3.93774414e+00
 6.60791016e+00
 1.58630676e+01
 2.09007568e+01
 2.13672485e+01
 1.34129639e+01
 6.69808960e+00
 6.85308838e+00
 6.71447754e-01
 5.20629883e-02
 -5.28472900e-01
 2.16693115e+00
 4.94473267e+00
 1.52860413e+01
 1.97465515e+01
 2.12873840e+01
 1.70366211e+01
 1.25191956e+01
 1.00999146e+01
 5.90002441e+00
 4.17526245e+00
 2.77536011e+00
 3.80895996e+00
 3.68515015e+00
 7.44680786e+00
 9.89431763e+00
 1.92035217e+01
 2.03508301e+01
 1.51675415e+01
 1.47071228e+01
 1.02005920e+01
 8.84661865e+00
 5.20333862e+00
 9.59411621e-01
 2.99987793e-01
 -7.80853271e-01
 7.93862915e+00
 1.50692139e+01
 1.64209290e+01
 2.28214722e+01
 2.22499084e+01
 1.14533081e+01
 9.65481567e+00
 5.47302246e+00
 4.25534058e+00
 4.38839722e+00
 2.15499878e+00
 4.29385376e+00
 1.08328857e+01
 1.28742371e+01
 1.92701721e+01
 2.09564514e+01
 1.79269409e+01
 1.26194153e+01
 9.26351929e+00
 7.21087646e+00
 2.72439575e+00
 2.78329468e+00
 4.62698364e+00
 4.70101929e+00
 6.47891235e+00
 1.19667053e+01
 1.89327087e+01
 2.08418884e+01
 2.09001770e+01
 1.54754639e+01
 7.31283569e+00
 1.00669250e+01
 7.28488159e+00
 -1.02435303e+00
 1.50939941e-01
 2.38049316e+00
 8.54904175e+00
 1.45882568e+01
 1.84321594e+01
 2.46883850e+01
 1.96164856e+01
 1.30636902e+01
 8.22167969e+00
 2.36312866e+00
 2.89456177e+00
 2.26473999e+00
 2.07858276e+00
 2.50769043e+00
 7.45574951e+00
 1.49866028e+01
 2.03066406e+01
 2.19259644e+01
 1.95255127e+01
 1.38732910e+01
 6.01431274e+00
 6.43362427e+00
 4.04809570e+00
 7.85003662e-01
 3.17098999e+00
 4.53918457e+00
 6.59591675e+00
 1.15741882e+01
 1.90762634e+01
 2.36071777e+01
 1.81007996e+01
 1.35126343e+01
 9.61785889e+00
 3.94613647e+00
 6.35131836e-01
 2.88964844e+00
 4.47296143e+00
 4.59143066e+00
 5.23083496e+00
 1.24595947e+01
 1.76908569e+01
 2.18142395e+01
 1.99854431e+01
 1.62716370e+01
 5.67315674e+00
 4.13693237e+00
 1.69641113e+00
 -1.05465698e+00
 3.30670166e+00
 4.34451294e+00
 7.04666138e+00
 1.17040100e+01
 1.97111511e+01
 2.28653564e+01
 2.18634033e+01
 1.11872864e+01
 9.86105347e+00
 8.62658691e+00
 6.59973145e-01
 2.69314575e+00
 1.86367798e+00
 2.18783569e+00
 5.51242065e+00
 1.00917053e+01
 1.57307739e+01
 2.30996704e+01
 2.04435425e+01
 1.65602722e+01
 9.86843872e+00
 8.94537354e+00
 -1.00704956e+00
 7.03091431e+00
 1.80526733e+00
 3.87457275e+00
 6.92941284e+00
 1.15895386e+01
 1.45517273e+01
 2.18278198e+01
 2.01817932e+01
 1.28752747e+01
 1.13362732e+01
 3.09436035e+00
 5.17395020e-01
 1.99749756e+00
 3.52081299e-01
 3.43792725e+00
 6.15472412e+00
 1.07649841e+01
 1.83047791e+01
 2.07345581e+01
 1.69573059e+01
 1.49888611e+01
 1.03738403e+01
 5.66799927e+00
 3.11563110e+00
 3.76550293e+00
 3.76351929e+00
 4.52691650e+00
 6.17669678e+00
 1.15011902e+01
 1.97362976e+01
 2.27721252e+01
 2.21850586e+01
 1.54804382e+01
 1.19338379e+01
 6.46389771e+00
 2.90164185e+00
 3.20587158e+00
 2.12570190e+00
 5.53323364e+00
 6.61715698e+00
 1.40778809e+01
 1.68511963e+01
 2.38557739e+01
 2.18564453e+01
 1.51338806e+01
 9.06033325e+00
 9.32797241e+00
 6.50320435e+00
 5.88378906e-01
 -4.53399658e-01
 1.00619507e+00
 7.42868042e+00
 1.05887146e+01
 1.82916260e+01
 2.26127930e+01
 2.34227600e+01
 1.64810791e+01
 1.20657349e+01
 6.85586548e+00
 3.39511108e+00
 3.83956909e+00
 7.55920410e-01
 2.14736938e+00
 5.84887695e+00
 1.06421509e+01
 1.70534058e+01
 1.96001892e+01
 1.75359192e+01
 1.42851257e+01
 9.98281860e+00
 7.23550415e+00
 5.76406860e+00
 4.16842651e+00
 1.80685425e+00
 3.65133667e+00
 6.35192871e+00
 1.09908752e+01
 2.07667236e+01
 2.24886780e+01
 1.97604980e+01
 1.53442383e+01
 9.07049561e+00
 7.63107300e+00
 2.30822754e+00
 3.94131470e+00
 2.40118408e+00
 5.76480103e+00
 9.46020508e+00
 1.52618408e+01
 1.69189758e+01
 2.19549561e+01
 1.70060425e+01
 1.85892944e+01
 1.17850647e+01
 7.56826782e+00
 5.75360107e+00
 -5.59448242e-01
 9.84283447e-01
 1.27966309e+00
 6.58416748e+00
 8.23507690e+00
 1.79158325e+01
 2.26366882e+01
 2.11567383e+01
 1.46504822e+01
 1.18507385e+01
 8.80233765e+00
 7.10107422e+00
 1.38061523e+00
 4.26635742e-01
 3.60574341e+00
 5.24020386e+00
 9.12194824e+00
 1.94825745e+01
 2.36133118e+01
 2.16841736e+01
 1.39940186e+01
 9.91271973e+00
 7.99926758e+00
 5.25918579e+00
 -1.06842041e-01
 2.80776978e+00
 3.55731201e+00
 5.28076172e+00
 1.26846313e+01
 2.16521606e+01
 2.29885559e+01
 2.20385437e+01
 1.49965820e+01
 1.21434631e+01
 8.52911377e+00
 3.32641602e+00
 2.23870850e+00
 2.11373901e+00
 3.39077759e+00
 6.36026001e+00
 1.20168152e+01
 1.76974487e+01
 2.22382202e+01
 2.21977234e+01
 1.94089661e+01
 9.39138794e+00
 7.87701416e+00
 5.85494995e+00
 -1.57196045e-01
 4.90570068e-01
 3.27136230e+00
 4.91824341e+00
 9.00677490e+00
 2.10278320e+01
 2.20919189e+01
 2.13719482e+01
 1.69764404e+01
 1.23457031e+01
 8.07788086e+00
 2.71688843e+00
 3.38714600e-01
 4.24829102e+00
 7.11752319e+00
 6.57702637e+00
 1.02559814e+01
 1.78747559e+01
 2.35909424e+01
 2.01110840e+01
 1.56898193e+01
 9.11093140e+00
 9.35360718e+00
 7.99951172e+00
 3.33074951e+00
 3.17062378e+00
 7.22363281e+00
 4.91958618e+00
 1.09146118e+01
 2.14472351e+01
 2.38320007e+01
 1.90760193e+01
 1.96764221e+01
 1.10967712e+01
 8.63162231e+00
 4.04116821e+00
 1.55023193e+00
 1.60736084e-01
 5.44546509e+00
 6.66113281e+00
 1.18648987e+01
 2.12842102e+01
 2.51910095e+01
 2.12985840e+01
 1.52023926e+01
 1.17072754e+01
 8.84960938e+00
 3.91680908e+00
 5.28390503e+00
 4.23504639e+00
 3.64880371e+00
 7.36093140e+00
 1.20990295e+01
 1.79671631e+01
 2.20964355e+01
 2.04135742e+01
 1.62808838e+01
 1.33778076e+01
 6.12002563e+00
 2.89901733e+00
 3.90194702e+00
 3.89767456e+00
 3.40298462e+00
 7.79592896e+00
 1.20137939e+01
 2.04223633e+01
 2.39048767e+01
 2.03059082e+01
 1.35998840e+01
 9.63137817e+00
 7.76867676e+00
 5.43258667e+00
 1.22866821e+00
 2.24884033e-01
 1.58575439e+00
 7.36874390e+00
 1.23034668e+01
 1.73030396e+01
 2.26581116e+01
 2.51710815e+01
 1.64364624e+01
 1.23887634e+01
 8.54122925e+00
 2.67846680e+00
 5.77362061e+00
 2.30899048e+00
 3.98208618e+00
 7.12185669e+00
 1.46662903e+01
 1.93406982e+01
 2.40199890e+01
 2.23631897e+01
 1.52137756e+01
 7.62951660e+00
 3.24026489e+00
 1.48721313e+00
 -3.33410645e+00
 4.37722778e+00
 3.11389160e+00
 7.66577148e+00
 1.31581116e+01
 2.00295715e+01
 2.39546204e+01
 1.99781189e+01
 1.64879761e+01
 1.01550903e+01
 6.59530640e+00
 5.90243530e+00
 6.41989136e+00
 1.07394409e+00
 6.72161865e+00
 8.27041626e+00
 1.59119873e+01
 2.37341919e+01
 2.29256592e+01
 2.14544373e+01
 1.39411926e+01
 9.26406860e+00
 7.06420898e+00
 5.64431763e+00
 3.23590088e+00
 5.38772583e+00
 4.50384521e+00
 8.90606689e+00
 1.54881287e+01
 2.31083374e+01
 2.33431702e+01
 2.25227356e+01
 1.49461365e+01
 1.02791443e+01
 9.41806030e+00
 7.98120117e+00
 2.71936035e+00
 1.02633667e+00
 2.87066650e+00
 9.43557739e+00
 1.54659424e+01
 2.14538269e+01
 2.61926270e+01
 2.29088745e+01
 1.79188538e+01
 1.07351379e+01
 9.20452881e+00
 5.23822021e+00
 3.99075317e+00
 4.28100586e-01
 3.44543457e+00
 5.52755737e+00
 1.18144836e+01
 2.24859314e+01
 2.62583923e+01
 2.05417786e+01
 1.23877869e+01
 9.31790161e+00
 9.86276245e+00
 4.41604614e+00
 3.40621948e+00
 5.14767456e+00
 7.12857056e+00
 1.10679016e+01
 1.55722961e+01
 1.99781494e+01
 2.45516968e+01
 2.00046997e+01
 1.67743530e+01
 1.20135193e+01
 3.90280151e+00
 5.63870239e+00
 3.25567627e+00
 1.86315918e+00
 3.52349854e+00
 8.47302246e+00
 1.17088623e+01
 1.93414001e+01
 2.28400879e+01
 1.90882568e+01
 1.60277405e+01
 1.40852356e+01
 8.72631836e+00
 6.75985718e+00
 3.56835938e+00
 3.25924683e+00
 5.50033569e+00
 7.59719849e+00
 1.46145325e+01
 1.80701294e+01
 2.50171204e+01
 1.99584961e+01
 1.37073059e+01
 7.15234375e+00
 1.13201294e+01
 1.46847534e+00
 4.37219238e+00
 3.54565430e+00
 6.73416138e+00
 7.63088989e+00
 1.30277405e+01
 1.79710999e+01
 2.47601013e+01
 2.15250244e+01
 1.47530823e+01
 1.07690125e+01
 7.22866821e+00
 -3.16400146e+00
 -3.46679688e+00
 2.21282959e-01
 2.52108765e+00
 6.43478394e+00
 1.06782227e+01
 2.01409912e+01
 2.49446716e+01
 2.36297607e+01
 1.47843018e+01
 1.28730774e+01
 5.52493286e+00
 7.05383301e+00
 2.40899658e+00
 -2.72399902e-01
 4.49615479e+00
 7.01754761e+00
 1.24075317e+01
 2.25313416e+01
 2.25578613e+01
 1.91342163e+01
 1.35437317e+01
 9.08877563e+00
 7.69360352e+00
 2.44598389e+00
 1.30590820e+00
 2.07977295e+00
 7.52133179e+00
 6.99176025e+00
 1.55232544e+01
 2.16850586e+01
 2.40059814e+01
 2.17920227e+01
 1.55915833e+01
 8.36383057e+00
 7.74401855e+00
 2.59307861e+00
 1.90463257e+00
 1.17752075e+00
 5.35177612e+00
 9.55844116e+00
 1.25863037e+01
 2.00036316e+01
 2.16369019e+01
 2.38544617e+01
 1.56020508e+01
 1.27279968e+01
 8.56085205e+00
 2.40170288e+00
 4.98339844e+00
 4.33148193e+00
 4.86868286e+00
 9.65075684e+00
 1.10410156e+01
 2.10368347e+01
 2.04664612e+01
 2.40713196e+01
 1.65747375e+01
 1.11596680e+01
 7.03982544e+00
 5.21560669e+00
 7.21588135e+00
 2.51416016e+00
 6.01657104e+00
 9.68322754e+00
 1.62319336e+01
 2.30476074e+01
 2.66076355e+01
 2.46386719e+01
 1.59297485e+01
 1.14117126e+01
 7.27493286e+00
 5.79641724e+00
 6.05133057e-01
 4.76745605e-01
 3.28228760e+00
 4.69830322e+00
 1.38845520e+01
 2.13117981e+01
 2.29619751e+01
 2.28548889e+01
 1.37713928e+01
 9.42907715e+00
 6.17916870e+00
 9.27481079e+00
 5.46975708e+00
 3.62423706e+00
 1.34509277e+00
 1.11743164e+01
 1.77322693e+01
 2.21942444e+01
 2.78532410e+01
 2.27146606e+01
 1.93220520e+01
 1.15344543e+01
 9.07003784e+00
 5.50305176e+00
 2.80035400e+00
 3.34164429e+00
 3.18106079e+00
 8.64901733e+00
 1.37339478e+01
 2.11579285e+01
 2.32348633e+01
 2.53236389e+01
 1.70941162e+01
 1.38699341e+01
 7.94281006e+00
 1.73229980e+00
 3.43719482e+00
 4.23937988e+00
 6.32009888e+00
 9.74035645e+00
 1.37006226e+01
 2.07115479e+01
 2.17509460e+01
 2.04285278e+01
 1.58841858e+01
 1.27987671e+01
 4.63180542e+00
 -2.10476685e+00
 5.59014893e+00
 3.50057983e+00
 7.09860229e+00
 8.30319214e+00
 1.25975037e+01
 1.96311340e+01
 2.39646912e+01
 2.37330322e+01
 1.52885132e+01
 1.37318420e+01
 7.48361206e+00
 2.85983276e+00
 4.17349243e+00
 3.25195312e+00
 2.96582031e+00
 6.94595337e+00
 1.66280518e+01
 2.25252686e+01
 2.29300537e+01
 2.04104614e+01
 1.66074219e+01
 9.55880737e+00
 7.54360962e+00
 8.45205688e+00
 -3.85620117e-01
 -1.00296021e+00
 4.43820190e+00
 1.08882446e+01
 1.53448792e+01
 2.39482422e+01
 2.67366333e+01
 2.47348938e+01
 1.84987488e+01
 1.04616699e+01
 1.06194763e+01
 6.44976807e+00
 3.36517334e+00
 1.79339600e+00
 5.79016113e+00
 7.81860352e+00
 1.29556885e+01
 2.20309143e+01
 2.67984009e+01
 2.09311829e+01
 1.86719971e+01
 1.14669189e+01
 7.54516602e+00
 7.85324097e+00
 4.26675415e+00
 4.98034668e+00
 7.07946777e+00
 6.59753418e+00
 1.16343079e+01
 2.35206604e+01
 2.79225769e+01
 2.46927490e+01
 1.64113159e+01
 1.00630493e+01
 3.74996948e+00
 1.81259155e+00
 6.28247070e+00
 4.50549316e+00
 3.57015991e+00
 5.70825195e+00
 1.53254395e+01
 1.80925598e+01
 2.66782837e+01
 2.17134705e+01
 1.86624756e+01
 1.29144592e+01
 4.45956421e+00
 9.84008789e-01
 3.07263184e+00
 2.79418945e+00
 3.99505615e+00
 7.12747192e+00
 1.26604004e+01
 2.22843628e+01
 2.63880615e+01
 2.50890808e+01
 1.91597900e+01
 1.02093811e+01
 7.28366089e+00
 7.32046509e+00
 4.29882812e+00
 2.69577026e+00
 3.07165527e+00
 5.01364136e+00
 1.45677490e+01
 1.91110229e+01
 2.45462646e+01
 1.88597107e+01
 1.64800415e+01
 1.15816956e+01
 3.06552124e+00
 1.25912476e+00
 -1.00280762e+00
 4.73019409e+00
 5.97442627e+00
 9.44195557e+00
 1.27563477e+01
 2.18756714e+01
 2.76631470e+01
 2.21999207e+01
 1.50922241e+01
 1.16931458e+01
 8.05114746e+00
 6.66461182e+00
 4.67813110e+00
 1.64508057e+00
 6.20791626e+00
 5.59664917e+00
 1.36321716e+01
 1.88638000e+01
 2.46466064e+01
 2.17974854e+01
 1.85916443e+01
 1.10928345e+01
 7.56430054e+00
 1.90249634e+00
 3.78936768e+00
 4.15051270e+00
 5.01593018e+00
 8.40493774e+00
 1.38188171e+01
 2.13467407e+01
 2.30260315e+01
 2.26853638e+01
 1.49869995e+01
 1.10217285e+01
 7.62301636e+00
 4.34555054e+00
 6.66125488e+00
 3.40829468e+00
 5.53485107e+00
 1.13886108e+01
 1.27309875e+01
 2.15404053e+01
 2.84540405e+01
 2.14933777e+01
 1.66180115e+01
 1.06213074e+01
 6.21264648e+00
 7.30102539e-01
 5.59237671e+00
 4.78424072e+00
 5.13421631e+00
 1.00398254e+01
 1.36019287e+01
 2.13821411e+01
 2.02500916e+01
 1.84930420e+01
 1.86097717e+01
 1.39980469e+01
 7.56539917e+00
 3.30929565e+00
 7.57983398e+00
 4.56729126e+00
 1.01507568e+00
 6.98764038e+00
 1.49253845e+01
 2.28709412e+01
 2.75264282e+01
 2.18795776e+01
 1.38368225e+01
 1.16707153e+01
 1.06616211e+01
 6.89999390e+00
 5.36221313e+00
 -9.21234131e-01
 2.79409790e+00
 7.69671631e+00
 8.64068604e+00
 1.85708008e+01
 2.40498657e+01
 2.17455139e+01
 1.70960693e+01
 1.10729065e+01
 7.62591553e+00
 9.02838135e+00
 2.57415771e+00
 6.53808594e+00
 5.46240234e+00
 7.25231934e+00
 1.25379639e+01
 2.13980713e+01
 2.17139587e+01
 2.35285034e+01
 1.44754639e+01
 1.06681824e+01
 7.12573242e+00
 4.44830322e+00
 2.84075928e+00
 3.08798218e+00
 5.28768921e+00
 1.01221008e+01
 1.40316467e+01
 2.01404114e+01
 2.41820068e+01
 2.12511292e+01
 1.61440430e+01
 1.34818726e+01
 9.16064453e+00
 8.28256226e+00
 6.02096558e+00
 2.51531982e+00
 3.08850098e+00
 8.36282349e+00
 1.46730042e+01
 2.08156738e+01
 2.69824219e+01
 2.23887634e+01
 1.85906067e+01
 9.59268188e+00
 9.29263306e+00
 5.75015259e+00
 5.58831787e+00
 2.35263062e+00
 4.43539429e+00
 8.18539429e+00
 1.39245300e+01
 2.37175598e+01
 2.52407532e+01
 2.38963928e+01
 1.49159851e+01
 9.74722290e+00
 9.66348267e+00
 1.01643677e+01
 5.39141846e+00
 5.53625488e+00
 6.95721436e+00
 1.32802734e+01
 1.69329834e+01
 2.38895264e+01
 2.55265808e+01
 2.56480713e+01
 1.82158203e+01
 1.53437195e+01
 7.84011841e+00
 6.12133789e+00
 5.07379150e+00
 6.99856567e+00
 5.53018188e+00
 9.50347900e+00
 1.09898071e+01
 2.00209045e+01
 2.46130981e+01
 2.27034607e+01
 1.50615234e+01
 1.19314575e+01
 8.00299072e+00
 6.47222900e+00
 -3.11798096e-01
 4.39456177e+00
 5.99337769e+00
 7.45367432e+00
 1.61497803e+01
 2.63700867e+01
 2.76342773e+01
 2.33026428e+01
 1.76663513e+01
 1.18617249e+01
 9.91403198e+00
 4.58251953e+00
 6.29498291e+00
 4.66503906e+00
 1.69873047e+00
 6.02026367e+00
 1.52868347e+01
 2.37893066e+01
 2.48193054e+01
 2.35836487e+01
 1.70153809e+01
 1.40699158e+01
 9.75692749e+00
 2.45031738e+00
 1.21029663e+00
 4.30123901e+00
 5.59637451e+00
 9.69854736e+00
 1.75431824e+01
 2.16320190e+01
 2.53757629e+01
 2.48469543e+01
 1.69700623e+01
 1.39912109e+01
 5.35504150e+00
 7.73049927e+00
 7.82504272e+00
 4.62774658e+00
 5.91952515e+00
 1.11794434e+01
 1.70574951e+01
 2.27520447e+01
 2.90540771e+01
 2.64215698e+01
 2.10437012e+01
 1.13503723e+01
 6.79870605e+00
 6.68328857e+00
 5.30474854e+00
 6.11755371e+00
 6.41430664e+00
 8.13128662e+00
 1.18648071e+01
 2.17247314e+01
 2.33909607e+01
 1.96297302e+01
 1.76690369e+01
 1.08200073e+01
 6.65191650e+00
 8.47152710e+00
 6.28277588e+00
 3.20556641e+00
 2.34170532e+00
 6.33047485e+00
 1.51990967e+01
 2.27108154e+01
 2.42460327e+01
 2.34808960e+01
 1.90121155e+01
 1.20880127e+01
 1.53356934e+00
 1.49194336e+00
 5.75506592e+00
 5.31985474e+00
 5.96472168e+00
 1.02792358e+01
 1.42431641e+01
 1.88403320e+01
 2.64707031e+01
 2.68519287e+01
 1.95292969e+01
 1.35311584e+01
 1.11283875e+01
 1.34936523e+00
