 2.63293363e+02
 3.14530870e+01
 2.60711427e+02
 2.38763000e+02
 9.97557058e+01
 1.50980494e+01
 2.16676834e+01
 9.41028824e+01
 4.02344208e+01
 3.79671703e+02
 1.55290846e+02
 2.57637051e+02
 3.11155141e+02
 4.22325832e+02
 1.34006309e+02
 2.15012054e+02
 2.13722260e+02
 9.77267349e+01
 4.22273905e+01
 8.87284635e+01
 3.31201809e+02
 1.86628919e+02
 4.47919983e+02
 1.87845784e+02
 1.31755590e+02
 2.32439330e+02
 9.41570004e+01
 6.42693453e+01
 1.35727638e+02
 4.51463208e+01
 1.19630485e+02
 1.89376249e+02
 1.70662529e+02
 4.97209498e+02
 2.13904713e+02
 5.50851765e+02
 2.33191320e+02
 1.74645937e+02
 2.39686412e+02
 1.17381049e+02
 1.47333467e+02
 1.97184224e+02
 8.64011863e+01
 1.30548050e+02
 2.17078824e+02
 1.64382556e+02
 6.43786113e+01
 2.49406579e+02
 1.63428457e+02
 5.07025294e+01
 2.05939270e+02
 2.17732355e+02
 1.46349239e+02
 9.62288930e+01
 1.58411531e+01
 2.27648155e+02
 3.26535684e+02
 2.02196360e+02
 5.52188579e+02
 3.77327423e+02
 1.99334461e+02
 3.07699553e+02
 9.46890499e+01
 8.52815135e+01
 1.80015867e+02
 1.32032722e+02
 6.37507658e+01
 3.59067501e+01
 4.45861983e+02
 1.20473192e+02
 4.51358898e+02
 3.31652014e+02
 8.36280546e+01
 2.96370838e+02
 1.85358618e+02
 9.00717806e+01
 4.99208481e+01
 1.51057258e+02
 8.97369441e+01
 5.69526078e+01
 2.50286418e+02
 4.64587335e+02
 2.28774785e+02
 3.62816870e+02
 2.54743854e+02
 7.24029045e+01
 2.18593364e+02
 1.36358447e+02
 1.60991511e+02
 1.15585070e+02
 6.53465686e+01
 7.49753039e+01
 7.78776092e+01
 1.87644396e+02
 2.70691765e+02
 2.62942113e+02
 3.54993521e+02
 2.56876463e+02
 2.38643399e+02
 9.21947228e+01
 5.40618714e+01
 1.09594754e+01
 5.91574047e+00
 4.00312061e+01
 2.51426480e+02
 2.41940541e+02
 3.30780757e+02
 1.52287405e+02
 1.84617687e+02
 5.60361896e+01
 1.99441918e+02
 2.76944645e+01
 2.18923022e+02
 8.34293434e+01
 5.27307682e+01
 7.87872297e+01
 6.37427564e+01
 2.50127555e+02
 1.61526998e+02
 2.77915289e+02
 1.64353870e+02
 3.55213432e+02
 1.30352293e+02
 3.33379114e+02
 1.41927117e+02
 1.69833079e+02
 6.13271988e+01
 1.38054048e+02
 2.19268575e+02
 4.12338065e+02
 3.70167463e+02
 8.69332066e+01
 5.17782744e+02
 1.46980492e+02
 3.81230490e+00
 2.04337248e+02
 9.99143083e+01
 2.15495540e+01
 7.77060152e+01
 2.88825468e+01
 2.04648332e+02
 2.53410062e+02
 1.54528960e+02
 3.89290592e+02
 1.81112842e+02
 2.98886374e+02
 2.72460424e+02
 1.61049556e+02
 3.79461370e+01
 2.00870271e+02
 6.52674184e+01
 1.04613607e+02
 4.82177039e+02
 2.18115929e+02
 2.45496066e+02
 3.60449126e+02
 2.27851531e+02
 3.40643028e+02
 2.65326226e+02
 1.76670813e+02
 4.55535506e+01
 1.29708758e+02
 8.13086894e+00
 1.10706955e+02
 5.11213610e+01
 3.39462346e+02
 1.74518479e+02
 3.85306715e+02
 2.86577380e+02
 2.17901167e+01
 9.78969767e+01
 5.10455090e+01
 2.47445685e+02
 9.15523663e+01
 7.38890810e+01
 1.07469757e+02
 1.86133029e+01
 1.39352080e+02
 2.23333599e+02
 3.03598913e+02
 3.26493054e+02
 2.20578893e+02
 4.16453447e+02
 4.10919241e+01
 1.34417436e+02
 7.15718810e+01
 4.33185389e+01
 4.04647623e+02
 1.88252204e+02
 1.95176342e+02
 3.97715103e+02
 2.37714526e+02
 1.90247943e+02
 2.44869895e+02
 8.25163367e+01
 1.14946410e+02
 9.34455924e+00
 1.13818974e+02
 7.25651347e+01
 1.25580441e+02
 3.41644797e+02
 2.88704798e+02
 2.90949067e+02
 3.31937513e+02
 3.10583482e+02
 1.82047929e+02
 2.96257928e+02
 1.39302362e+02
 2.85960499e+01
 1.00420142e+02
 7.02268201e+00
 4.37068845e+01
 9.26887983e+01
 2.72789614e+02
 7.78513383e+01
 3.07334397e+02
 2.63830898e+02
 1.58721921e+02
 1.28230331e+02
 5.85037893e+01
 9.15606241e+01
 1.16152914e+02
 1.36178099e+01
 7.52099044e+01
 1.31109635e+02
 5.51579405e+02
 1.82105832e+02
 1.47530227e+02
 1.54841999e+02
 1.98269489e+02
 3.42443258e+02
 2.78121681e+02
 1.15082705e+02
 7.58286048e+01
 6.02646002e+01
 1.11000628e+02
 3.65886406e+02
 2.80453884e+02
 5.39138634e+02
 3.44274382e+02
 2.68215111e+01
 2.04246546e+02
 1.22944972e+02
 3.49905842e+02
 1.30923572e+02
 1.16755175e+02
 1.08666874e+01
 6.35174174e+01
 6.74831037e+01
 1.01019439e+02
 1.24780941e+02
 4.68463834e+02
 5.18747513e+02
 1.68163245e+02
 9.70170969e+01
 1.35905051e+02
 7.86896487e+01
 7.55791625e+01
 4.39309470e+00
 2.56306089e+01
 1.61507384e+02
 5.47434226e+01
 9.82214611e+01
 1.73559478e+02
 3.40165042e+02
 3.27344085e+02
 1.84805843e+02
 1.18224655e+01
 8.29378410e+01
 1.86470987e+01
 6.87873323e+01
 1.00949098e+02
 2.19383919e+02
 3.21971115e+02
 1.40872246e+02
 2.16993210e+02
 1.19750443e+02
 1.83261991e+02
 8.46510342e+01
 1.24611632e+02
 1.92156669e+02
 9.59591487e+01
 2.58875767e+01
 2.24812312e+01
 9.05604812e+01
 1.42887336e+02
 3.19908117e+02
 2.14717138e+02
 6.16153497e+00
 1.14990350e+02
 1.36721893e+02
 2.58818546e+02
 2.84278058e+02
 6.62834836e+01
 1.16806773e+02
 1.17736376e+02
 1.57629680e+02
 1.01663466e+02
 4.50150169e+02
 1.38041342e+02
 3.00344819e+02
 2.61127803e+02
 1.64679650e+02
 7.70311434e+01
 1.40259097e+02
 4.42147100e+01
 3.65291700e+01
 4.37677697e+01
 2.91326554e+02
 1.89545754e+02
 8.36280448e+01
 8.47950889e+01
 2.65962410e+02
 1.12616624e+02
 2.91734995e+02
 5.02309059e+01
 1.92018753e+02
 1.51613032e+02
 5.50912187e+01
 8.26563964e+01
 6.14018198e+01
 5.28653693e+02
 3.87403338e+02
 3.75155962e+02
 1.83385543e+02
 2.60844376e+02
 4.57690383e+01
 1.62157520e+02
 1.34556726e+02
 5.35593240e+01
 2.75170693e+01
 1.60003337e+02
 7.00917573e+01
 4.06418296e+02
 3.74097812e+02
 2.22805971e+02
 5.61584544e+02
 2.68347720e+02
 1.95175504e+02
 1.55602157e+02
 5.47321878e+01
 1.28886211e+02
 1.08491675e+02
 9.40316004e+00
 2.57363081e+02
 2.13083095e+02
 4.05765640e+02
 4.87322377e+02
 1.31829546e+02
 1.92767175e+02
 4.00727198e+02
 9.23581102e+01
 1.93846954e+02
 2.48736652e+01
 5.20810261e+01
 6.16510052e+01
 3.79194015e+01
 3.26994322e+02
 3.92647312e+02
 2.42632031e+02
 5.49742629e+02
 5.20062125e+01
 1.96407433e+02
 7.75940976e+01
 1.22314316e+01
 2.93490954e+01
 3.71359004e+00
 1.63692547e+02
 1.19616996e+02
 8.72940548e+01
 2.58184761e+02
 1.36767153e+02
 2.25287466e+02
 1.08734891e+02
 1.97811129e+02
 1.40296491e+02
 3.54136714e+01
 2.25500983e+02
 1.32908992e+02
 1.41344838e+02
 2.47019387e+02
 3.10904410e+02
 7.43966016e+02
 2.00356856e+02
 2.90841065e+02
 1.11802989e+02
 2.32411238e+01
 3.66471355e+01
 1.57477809e+02
 1.38512771e+02
 3.98280104e+01
 2.14753444e+02
 3.24644399e+02
 3.64990241e+02
 9.99315642e+01
 1.97678338e+02
 5.46113120e+02
 2.71906808e+02
 2.19577407e+02
 1.02271039e+02
 6.11197011e+01
 4.12185359e+01
 1.31500656e+01
 1.36408108e+02
 3.15366689e+02
 2.17942331e+02
 4.06027633e+02
 5.51986079e+02
 1.95137366e+02
 1.16211189e+02
 2.54162315e+02
 2.69639266e+01
 4.24505662e+01
 1.08336250e+02
 6.36687558e+01
 3.44603197e+01
 4.49493828e+01
 4.94750901e+02
 4.47682959e+02
 3.45824335e+02
 3.71347358e+02
 3.19193833e+02
 2.26495172e+02
 1.38174699e+02
 3.57182239e+01
 6.21304434e+01
 4.89460085e+01
 2.95222769e+01
 9.20100716e+01
 4.02937713e+02
 1.36122791e+02
 1.76329648e+02
 1.82274206e+02
 1.93151145e+02
 1.09067894e+02
 1.30691497e+02
 7.69878901e+01
 7.58400901e+01
 9.02715466e+01
 1.98037930e+02
 1.49074893e+02
 2.36467689e+02
 1.90827703e+02
 3.25138507e+02
 2.02961515e+02
 4.88585970e+01
 5.90613718e+01
 1.79192450e+02
 1.60048539e+02
 4.85400062e+01
 6.15653022e+00
 9.55280148e+01
 8.11817319e+01
 3.78671037e+01
 9.99995142e+01
 3.69496239e+02
 1.16104136e+02
 1.83588174e+02
 1.50001130e+02
 5.19363649e+01
 1.04758548e+02
 4.09692067e+01
 1.73299393e+02
 6.05665899e+01
 2.23404265e+02
 1.73473615e+02
 4.32608509e+02
 3.18994023e+02
 4.17852992e+02
 2.15880251e+02
 2.99009584e+02
 1.28976565e+02
 9.26777012e+01
 8.24680858e+01
 6.07957289e+01
 2.22641532e+02
 1.79385324e+02
 5.09203926e+02
 5.44384004e+02
 2.81643895e+02
 3.43623953e+02
 5.65006843e+01
 1.79156605e+02
 8.59008948e+00
 1.39677938e+02
 1.81465107e+02
 1.20421286e+02
 6.00818765e+01
 3.40666265e+02
 3.97161609e+02
 9.01623052e+01
 1.21745393e+02
 2.20315453e+02
 1.33216426e+02
 1.83389616e+02
 6.74816327e+01
 1.52763709e+02
 1.30026377e+02
 2.48994269e+01
 6.61750101e+01
 1.22634104e+02
 1.32165479e+02
 4.19410783e+02
 1.31837010e+02
 5.71302354e+01
 2.91267390e+01
 1.53926330e+02
 2.93534901e+02
 4.40692333e+01
 3.43653198e+02
 1.85813283e+01
 2.61249372e+02
 1.16302345e+02
 9.18560513e+01
 1.30610685e+02
 3.64406578e+02
 6.24096848e+01
 4.02146094e+02
 9.95134514e+01
 9.21599652e+01
 3.17043593e+02
 1.53886179e+02
 5.81174255e+01
 1.92314794e+02
 1.01873146e+02
 3.02416678e+02
 2.82794879e+02
 4.19236439e+02
 1.66192010e+02
 8.23871751e+01
 9.43774575e+01
 7.26543660e+01
 1.95185852e+02
 1.92136858e+02
 5.03126723e+01
 1.06025127e+02
 6.85819492e+01
 2.14374072e+02
 2.39685842e+02
 3.06368654e+02
 2.85557206e+02
 6.49005463e+01
 2.51698593e+02
 2.27550723e+02
 2.33644337e+02
 1.08504268e+02
 2.20370648e+01
 1.58454047e+02
 2.47343314e+02
 1.22753328e+02
 2.52593229e+02
 3.84889011e+02
 4.58362619e+02
 3.73676765e+02
 2.93592428e+02
 1.67611531e+02
 9.53331453e+01
 8.53323204e+01
 3.04633731e+01
 7.25008343e+01
 6.33994326e+01
 2.32553071e+02
 1.51827198e+02
 2.43697358e+02
 1.13895287e+02
 2.04336879e+02
 3.48204122e+02
 8.12407332e+01
 3.74245257e+01
 5.79220842e+01
 7.94037594e+01
 5.61698656e+01
 8.31569117e+01
 3.84444413e+02
 3.80312285e+02
 2.11342316e+02
 1.11247131e+02
 1.37885514e+02
 1.03660998e+02
 1.93782255e+02
 1.73225436e+02
 2.81158728e+01
 8.22062545e+01
 1.21952871e+02
 4.06317500e+02
 4.27263555e+02
 3.32891488e+02
 5.28467155e+02
 1.41549928e+02
 2.55631632e+02
 1.31222848e+02
 1.98003811e+02
 9.93106893e+01
 1.23707471e+02
 2.03269424e+02
 1.25892397e+01
 3.11373537e+02
 3.19812106e+02
 2.25249853e+02
 7.60809026e+01
 2.26476366e+02
 1.65175447e+02
 1.60779161e+02
 1.48956881e+02
 1.57373159e+02
 1.04685584e+02
 4.63296913e+01
 4.61741240e+01
 2.22169812e+02
 2.40003207e+02
 5.53092994e+02
 1.53354836e+02
 1.43613329e+02
 3.80017110e+02
 1.27031356e+02
 1.21240478e+02
 2.21594446e+02
 4.74704256e+01
 7.90676207e+00
 5.79714609e+01
 1.18517632e+02
 1.00202661e+02
 2.36494832e+02
 6.67983392e+02
 2.33433653e+02
 8.85374183e+01
 1.25025825e+02
 1.49184220e+02
 1.33685128e+02
 1.37028206e+02
 1.40777554e+01
 1.36188898e+02
 1.66263016e+02
 1.84014321e+02
 5.52006058e+02
 6.22328367e+02
 1.26963811e+02
 1.75095316e+02
 1.50212866e+02
 4.32966081e+02
 1.36307920e+02
 9.76099866e+01
 5.55937733e+01
 2.33633930e+02
 2.08451099e+02
 4.22919638e+01
 2.32060996e+02
 4.32603324e+02
 2.98542400e+02
 3.87352249e+02
 1.01903236e+02
 9.34177850e+01
 2.64765890e+02
 7.99862231e+01
 3.32710935e+01
 2.55812947e+01
 3.73650612e+01
 4.67193065e+02
 2.40381561e+02
 2.77902759e+02
 3.09810280e+02
 3.52587672e+02
 8.66604829e+01
 3.87124767e+01
 1.06484233e+02
 2.68241180e+01
 7.36413846e+00
 8.78474826e+01
 1.20304238e+02
 3.59967735e+02
 5.82164653e+02
 2.80961895e+02
 3.04789995e+02
 1.00582236e+02
 1.01398216e+02
 5.94812706e+01
 1.84249365e+02
 1.21829492e+02
 6.77417613e+01
 3.15707337e+00
 1.60281701e+02
 3.15416644e+02
 2.84767579e+02
 1.03325095e+02
 7.14368472e+01
 4.65320751e+01
 4.89718641e+01
 2.52095249e+02
 3.86828683e+02
 2.34109770e+01
 6.68386494e+00
 4.70196339e+00
 2.67880544e+01
 1.19204138e+02
 3.77815128e+02
 1.45838051e+02
 1.99841069e+02
 1.31693474e+02
 1.07911324e+02
 1.72290104e+02
 1.34883528e+02
 1.75030621e+02
 7.32296438e+01
 5.71665609e+01
 2.27255613e+02
 3.50529889e+02
 3.44087037e+02
 3.55967956e+02
 2.18291340e+02
 2.68269936e+02
 3.38099828e+02
 5.55568426e+01
 3.60831479e+02
 6.46899686e+01
 4.05809264e+01
 9.96391680e+01
 1.16068782e+02
 2.45494651e+02
 3.11231659e+02
 4.11817464e+02
 2.79938039e+02
 2.21858805e+02
 1.08360200e+02
 2.18449573e+02
 1.90622969e+02
 8.83701264e+01
 4.46402782e+01
 3.18489573e+01
 3.43974046e+01
 1.97272795e+02
 3.68422640e+02
 4.13018895e+02
 2.76185327e+02
 4.81256789e+02
 4.49363534e+01
 1.40643134e+02
 2.42336165e+02
 5.92203713e+01
 6.81740668e+01
 6.69227228e+01
 2.71321326e+02
 2.14128466e+02
 2.89632274e+02
 2.64219546e+02
 1.69084914e+02
 2.37811441e+02
 1.05449356e+02
 1.61977131e+02
 1.55714493e+02
 9.98778079e-01
 4.13423805e+01
 6.92430964e+01
 1.72397111e+02
 4.15017498e+02
 1.63684274e+02
 4.37288494e+02
 2.29010303e+02
 3.36654134e+02
 2.29350679e+02
 6.62333981e+01
 3.54474908e+02
 2.07292347e+02
 5.43535581e+00
 2.10912915e+01
 2.30196077e+02
 7.17018928e+01
 1.50118160e+02
 2.95477495e+02
 2.59296721e+02
 3.01096129e+02
 8.18179674e+01
 4.42183310e+01
 2.73626640e+02
 1.22808875e+01
 7.06073096e+00
 4.45794807e+01
 1.73866343e+02
 3.32508782e+02
 2.95946003e+02
 2.01271600e+02
 2.75445585e+02
 5.56467797e+02
 2.33516769e+02
 4.49432205e+01
 2.65256187e+02
 3.74892731e+01
 3.27158533e+00
 2.68250623e+02
 8.78196806e+01
 2.15744268e+02
 2.38874270e+02
 4.42659717e+02
 2.19678354e+02
 3.58248756e+02
 2.35425591e+02
 5.40556355e+00
 7.56857703e+01
 2.11445028e+02
 2.90846926e+01
 6.71369438e+01
 3.67071033e+02
 3.67474055e+02
 3.90836331e+02
 3.62784052e+02
 2.57780209e+02
 3.13440832e+02
 1.29826714e+02
 1.79606392e+02
 7.84994856e+01
 8.66558837e+01
 1.18551459e+02
 1.59611001e+01
 2.81735478e+02
 1.82729638e+02
 2.24067697e+02
 4.61756363e+02
 3.85081590e+02
 2.50508360e+02
 1.34363308e+02
 2.71678728e+02
 1.21522704e+02
 1.98645460e+02
 6.67216415e+01
 3.46165008e+01
 1.54788859e+02
 2.20453623e+02
 5.90581362e+02
 4.43172483e+02
 1.15928062e+02
 6.07474168e+01
 3.89985459e+01
 5.14915169e+01
 1.87308170e+02
 1.47272719e+02
 6.11636366e+01
 1.18153778e+02
 1.52890361e+02
 7.25122923e+02
 1.79256213e+02
 2.05150165e+02
 1.79064895e+02
 3.33376431e+02
 1.44115748e+02
 2.77512239e+01
 1.93206639e+02
 8.12495499e+01
 3.62763775e+01
 1.89645708e+02
 1.56584678e+02
 1.17410509e+02
 3.97819772e+02
 2.88216412e+02
 2.43728129e+02
 1.58584186e+02
 1.04464205e+01
 1.36412799e+02
 4.74643465e+01
 1.23800485e+02
 2.56494123e+01
 1.16047650e+02
 9.82477509e+01
 2.70695344e+02
 1.78107777e+02
 3.36676976e+02
 5.42920140e+02
 3.08777640e+02
 2.09724331e+02
 2.52662933e+02
 1.36089772e+02
 9.25906546e+01
 1.13358940e+02
 4.96565821e+01
 2.36465412e+02
 3.64923242e+02
 1.12614978e+02
 7.29827931e+02
 1.89577754e+02
 4.13452138e+02
 2.39036119e+02
 1.26834038e+02
 1.48122494e+02
 1.68278904e+02
 7.84541226e+01
 9.56740671e+01
 1.99906128e+02
 6.46467008e+02
 1.61261516e+02
 4.87459104e+02
 3.39227283e+02
 3.43272801e+02
 1.27497351e+02
 2.72863147e+02
 1.32554546e+02
 1.02548158e+02
 7.59204292e+01
 4.73995589e+01
 1.59076593e+02
 3.69453249e+02
 8.80546578e+01
 2.25831744e+02
 2.59933489e+02
 6.48484840e+01
 2.91587433e+02
 8.55255055e+01
 1.50821270e+02
 2.71552705e+01
 3.47897436e+01
 4.79242859e+01
 2.72359736e+02
 2.81596714e+02
 1.78515892e+02
 3.75855617e+02
 4.22396523e+02
 1.29936408e+02
 1.43115783e+02
 2.35874946e+02
 1.95319384e+01
 7.82565488e+01
 8.09632319e+01
 8.27697966e+01
 2.22879807e+02
 2.60168591e+02
 2.01539794e+02
 2.91279446e+02
 2.46419470e+02
 1.90071024e+02
 2.57834288e+02
 4.02568303e+01
 2.30335969e+02
 1.08321012e+02
 3.80148545e+00
 3.53870899e+01
 2.14393375e+02
 3.08869656e+02
 2.04630095e+02
 4.47169067e+02
 2.09085205e+02
 1.60412153e+02
 2.37810368e+02
 1.12134472e+02
 2.58280991e+02
 1.22926149e+02
 6.02066674e+01
 2.32985279e+01
 1.31106014e+02
 3.01061039e+02
 2.70940274e+02
 2.06276411e+02
 1.85922852e+02
 2.90740276e+02
 9.40751413e+01
 8.93622001e+01
 5.80188945e+01
 7.46275656e+01
 8.00764436e+01
 1.16385164e+01
 1.87994303e+02
 2.81132044e+02
 1.69339210e+02
 1.99242315e+01
 6.74630888e+01
 1.61240573e+02
 3.17867406e+02
 1.28426799e+02
 9.50618832e+01
 1.38908203e+02
 5.20657086e+01
 4.75295579e+01
 5.30428154e+01
 4.06559427e+02
 2.16543824e+02
 2.93711441e+02
 4.09378356e+02
 2.45028014e+02
 9.76293198e+01
 2.32532704e+02
 1.65126371e+02
 6.26990979e+01
 9.91272056e+00
 3.21699599e+01
 2.21395695e+02
 4.62371792e+02
 3.11419931e+02
 4.35976723e+02
 3.07139109e+02
 2.06084230e+02
 1.92901263e+02
 1.86439789e+02
 2.22352253e+02
 4.71649618e+01
 2.37641675e+01
 2.04391928e+02
 2.14232543e+02
 1.26785419e+02
 1.59934445e+02
 2.76796429e+02
 5.25092041e+02
 1.04043334e+02
 2.12921267e+01
 2.60366676e+01
 2.63070786e+01
 1.08355327e+02
 1.48285959e+02
 1.40658950e+02
 1.87613779e+02
 3.42552157e+02
 4.48591487e+02
 2.62589829e+02
 6.14097798e+02
 2.14220841e+02
 1.23320485e+02
 5.91431190e+01
 1.20055079e+02
 2.04372713e+01
 6.37792231e+01
 8.32320307e+01
 1.14963685e+02
 4.42681387e+02
 4.90924879e+02
 3.25696485e+02
 2.57227512e+02
 2.41094284e+01
 1.77507693e+02
 2.36194046e+02
 3.42958947e+02
 5.63464194e+01
 2.21905142e+02
 1.53597705e+02
 2.56531575e+02
 2.23867342e+02
 1.78551310e+02
 3.66298154e+02
 1.63688026e+02
 1.95554011e+02
 6.02412000e+01
 4.09729367e+00
 1.16262105e+02
 1.61705765e+02
 3.43816177e+01
 2.38350305e+01
 1.20253346e+02
 7.35812205e+01
 2.89780074e+02
 2.00812796e+02
 2.33092166e+02
 6.47285924e+01
 2.86547719e+02
 8.86559577e+01
 2.36415266e+02
 1.95257069e+02
 1.41776193e+02
 2.44249880e+02
 4.38756899e+02
 4.14573018e+02
 1.40017317e+02
 3.70539506e+02
 1.32987119e+02
 2.33016499e+02
 9.11366741e+01
 2.01204702e+02
 2.38074273e+02
 8.55877883e+01
 1.42569166e+02
 7.70273482e+01
 1.22344171e+02
 3.19539977e+02
 3.09305334e+02
 5.51444354e+01
 2.52773801e+02
 1.95534090e+01
 3.03844422e+01
 2.33527098e+02
 1.81423519e+02
 2.47750759e+01
 3.94533794e+01
 1.47572720e+02
 7.35188944e+01
 2.13429726e+02
 3.29776802e+02
 6.06936073e+01
 2.04212035e+02
 2.97948505e+02
 2.27436302e+02
 7.71394145e+01
 1.39505226e+02
 9.29071605e+01
 1.09512686e+02
 2.80068155e+01
 2.24619274e+02
 5.77724132e+02
 2.91265111e+02
 2.86574417e+02
 8.85958189e+01
 2.60903976e+02
 2.06579429e+02
 2.61534207e+02
 2.31109990e+02
 1.30601076e+02
 1.05911025e+01
 8.49626656e+01
 1.85900225e+02
 2.94388452e+02
 1.42249370e+02
 1.64436284e+02
 3.36536078e+02
 2.66775492e+02
 2.31269382e+02
 1.59113840e+02
 1.85197160e+02
 5.01166894e+01
 7.28324214e+01
 5.03739570e+01
 6.98364498e+01
 9.61813183e+01
 2.52049270e+02
 1.15211306e+02
 3.95837444e+02
 2.22286850e+02
 2.82264156e+02
 2.09252222e+02
 1.93199000e+02
 1.21916857e+02
 3.69847124e+01
 8.25400340e+01
 2.53598730e+02
 2.08797037e+02
 4.50242843e+02
 6.16789860e+02
 4.73348794e+02
 3.04517323e+02
 1.06989789e+02
 7.77630580e+01
 1.42241438e+02
 1.08890270e+02
 1.68258756e+01
 4.45446802e+01
 2.34736336e+02
 4.08615208e+02
 4.61684958e+02
 5.03118821e+02
 5.21848334e+01
 8.20372914e+01
 8.11519286e+01
 1.37422846e+02
 7.58185561e+01
 5.42682963e+01
 4.30633153e+01
 5.83439044e+01
 1.65757512e+02
 4.42289875e+02
 2.10295914e+02
 5.14430470e+02
 5.13690631e+02
 2.46081440e+02
 3.15662796e+02
 1.64577713e+02
 2.20280395e+01
 2.09259294e+02
 7.91317713e+01
 1.88740065e+02
 1.77215582e+02
 1.36695808e+02
 3.71618345e+02
 4.41968402e+02
 3.58049383e+02
 1.49489199e+02
 2.11565706e+02
 5.54665019e+01
 2.28594314e+02
 4.35379164e+01
 8.59570467e+00
 8.88516954e+01
 1.57118056e+02
 1.37009914e+02
 9.21830395e+01
 3.81591420e+02
 5.21782368e+02
 1.32470479e+02
 2.52358805e+02
 4.21385275e+02
 1.70604115e+02
 6.01611666e+01
 7.21147103e+01
 6.19455945e+01
 2.40711711e+02
 1.74031963e+02
 1.69323595e+02
 1.58806350e+02
 2.71580174e+02
 1.17826868e+02
 1.91911316e+02
 1.17278238e+02
 2.70138243e+02
 2.25369232e+02
 7.67708433e+01
 1.14995419e+02
 4.20226183e+02
 2.39499815e+02
 5.37308303e+02
 3.30383896e+02
