 -3.71099854e-01
 2.28511963e+00
 8.09716797e-01
 1.00824829e+01
 1.64367920e+01
 2.20283752e+01
 2.21220032e+01
 1.80992065e+01
 1.74199158e+01
 1.28213135e+01
 4.97057495e+00
 3.41716919e+00
 -2.04419556e+00
 -2.34000244e+00
 2.90426025e+00
 9.39205322e+00
 1.24800354e+01
 1.66151672e+01
 1.94392639e+01
 2.15250488e+01
 1.76968933e+01
 1.11375366e+01
 9.03161011e+00
 8.98004150e-01
 2.85378418e+00
 -1.79312744e+00
 1.46138916e+00
 1.06654297e+01
 1.41662842e+01
 1.63846985e+01
 1.96244446e+01
 1.84739014e+01
 1.54962708e+01
 7.09249268e+00
 1.15120850e+00
 -7.04715576e+00
 -4.23801270e+00
 -4.63513794e+00
 2.34655151e+00
 7.97298584e+00
 1.32788635e+01
 1.90893799e+01
 2.07720886e+01
 2.11721741e+01
 1.39863220e+01
 1.19487244e+01
 7.62114868e+00
 7.86553955e-01
 -8.10678711e+00
 -3.85458984e+00
 1.99916992e+00
 8.92211304e+00
 1.30042664e+01
 1.69132019e+01
 2.03908936e+01
 2.16458069e+01
 1.34762817e+01
 7.25225220e+00
 -5.12418213e+00
 -6.25488892e+00
 -6.01651611e+00
 -9.63553467e+00
 1.39611816e-01
 4.38768921e+00
 1.57295776e+01
 1.65584351e+01
 1.99583069e+01
 1.89999939e+01
 1.90319763e+01
 1.32980286e+01
 2.48529053e-01
 -4.04099121e+00
 -8.72281494e+00
 -6.64145508e+00
 7.67510986e-01
 8.88585815e+00
 1.52115112e+01
 2.05619446e+01
 2.14110657e+01
 2.14317261e+01
 1.59821716e+01
 1.08523499e+01
 6.55614624e+00
 -1.41187134e+00
 -6.04849854e+00
 -3.79834595e+00
 -1.21686401e+00
 5.81105957e+00
 1.37247559e+01
 1.49820801e+01
 1.90541931e+01
 2.04698425e+01
 1.72744080e+01
 1.18817688e+01
 1.72091064e+00
 -2.79224243e+00
 3.38598022e+00
 1.09826660e-01
 5.31734619e+00
 8.46920166e+00
 1.18565308e+01
 2.01389404e+01
 2.04960876e+01
 2.27497498e+01
 1.72442261e+01
 1.35515076e+01
 2.19045410e+00
 1.18245850e+00
 -6.35858765e+00
 -3.94229736e+00
 3.02297363e+00
 7.55681763e+00
 1.44429565e+01
 1.85629822e+01
 2.05494324e+01
 1.85656372e+01
 1.58970276e+01
 8.85296021e+00
 4.46239624e+00
 -9.08880615e-01
 8.38037109e-01
 2.19118652e+00
 4.88063965e+00
 6.82427368e+00
 1.21126953e+01
 1.61161438e+01
 1.93990417e+01
 1.94787537e+01
 1.58022400e+01
 8.56298218e+00
 4.01708374e+00
 2.15395508e+00
 -1.04764465e+01
 -9.33957520e+00
 -4.25177612e+00
 1.04880005e+01
 1.15000244e+01
 1.75393311e+01
 2.32325684e+01
 2.17944580e+01
 1.83132874e+01
 9.59273682e+00
 1.67525635e+00
 3.88970947e-01
 -5.19513550e+00
 -6.38183594e-02
 8.05666504e+00
 1.16252075e+01
 1.38302246e+01
 1.75021912e+01
 2.10207458e+01
 2.01059509e+01
 1.65924927e+01
 8.01424561e+00
 7.17687378e+00
 1.21593628e+00
 2.26397095e+00
 -2.43735352e+00
 -1.02338257e+00
 8.84093628e+00
 1.27880188e+01
 1.77383362e+01
 1.86322876e+01
 2.00113159e+01
 1.46892029e+01
 9.58977661e+00
 6.36300049e+00
 7.81488037e-01
 -3.96829834e+00
 -1.00956787e+01
 -4.38995972e+00
 8.63543091e+00
 1.48096863e+01
 2.10487000e+01
 2.03877808e+01
 2.17430054e+01
 1.53670898e+01
 1.25220276e+01
 5.26345215e+00
 2.08916626e+00
 -9.22125244e-01
 -1.82104492e-01
 5.54094849e+00
 9.41237793e+00
 1.44793335e+01
 1.94281250e+01
 2.24078918e+01
 2.39956299e+01
 1.78715454e+01
 1.12152954e+01
 -2.64429321e+00
 -4.52982178e+00
 -3.20279541e+00
 -1.03076782e+00
 2.34102783e+00
 1.12594238e+01
 1.28583313e+01
 1.80051208e+01
 2.28942810e+01
 2.42023865e+01
 1.60395142e+01
 1.44340149e+01
 5.85341797e+00
 2.52346191e+00
 -6.44135132e+00
 -5.79602661e+00
 1.63610229e+00
 7.35973511e+00
 1.37490173e+01
 1.46237427e+01
 1.89083191e+01
 1.93129822e+01
 1.73644958e+01
 1.21851440e+01
 1.38631592e+00
 -2.74432983e+00
 2.79870605e-01
 -3.18302002e+00
 9.33785400e+00
 5.38155518e+00
 1.61568237e+01
 1.91491943e+01
 2.51052490e+01
 2.00132690e+01
 1.66252686e+01
 1.17584778e+01
 7.85347900e+00
 1.50585327e+00
 -4.74320068e+00
 -4.98630371e+00
 7.81640625e-01
 8.97771606e+00
 1.33553711e+01
 1.74057861e+01
 1.83822266e+01
 1.86130615e+01
 1.62170654e+01
 1.06690613e+01
 2.90816650e+00
 7.87866211e-01
 3.01778564e+00
 6.19042969e-01
 5.78753052e+00
 1.06092468e+01
 1.57795044e+01
 1.77222229e+01
 1.88533264e+01
 1.98379456e+01
 1.55046021e+01
 1.03975159e+01
 2.63216553e+00
 -2.20410767e+00
 -7.36289062e+00
 -8.48062744e+00
 -6.52487793e+00
 6.60119019e+00
 1.47458435e+01
 2.08213135e+01
 2.26531616e+01
 1.74932495e+01
 1.63129211e+01
 9.75713501e+00
 3.89663086e+00
 -6.29217529e-01
 -1.15112305e-02
 3.40923462e+00
 2.37084961e-01
 9.06234131e+00
 1.27094360e+01
 1.90410095e+01
 2.02065063e+01
 1.92545410e+01
 1.44225098e+01
 1.07946716e+01
 4.60198364e+00
 8.22167969e-01
 -2.85648193e+00
 5.24303589e+00
 4.46416626e+00
 8.54299316e+00
 1.44524780e+01
 1.91361328e+01
 2.15770508e+01
 1.94141174e+01
 1.72197510e+01
 1.25268188e+01
 4.02453003e+00
 8.79266357e-01
 -2.70523682e+00
 -2.13724365e+00
 6.73076782e+00
 7.57750854e+00
 1.30145203e+01
 1.53969360e+01
 2.05384766e+01
 2.05224548e+01
 1.56343628e+01
 9.85222778e+00
 8.02227173e+00
 -1.57486572e+00
 1.33699951e+00
 1.83117065e+00
 6.57024536e+00
 9.45580444e+00
 1.34164368e+01
 2.06039673e+01
 2.03441711e+01
 2.04350830e+01
 1.56653687e+01
 1.26987854e+01
 4.19698486e+00
 -6.25982666e-01
 -3.27579346e+00
 -7.37720337e+00
 2.15795288e+00
 1.07478882e+01
 1.41010681e+01
 1.68767944e+01
 2.17853943e+01
 2.21694885e+01
 1.87287537e+01
 1.07919556e+01
 5.72094116e+00
 1.83489380e+00
 -6.12692871e+00
 -4.17539062e+00
 3.91912231e+00
 9.11440430e+00
 1.15394226e+01
 1.88274475e+01
 2.03471619e+01
 1.79407288e+01
 1.75476318e+01
 1.10651489e+01
 5.26897583e+00
 -8.06433105e-01
 -4.40985718e+00
 -2.78177490e+00
 1.19365845e+00
 8.51687012e+00
 1.15919128e+01
 1.92191101e+01
 1.96429688e+01
 2.01969543e+01
 1.67650085e+01
 1.12136780e+01
 -1.52869263e+00
 2.60817871e+00
 -4.11270752e+00
 -1.17227783e+00
 3.95324097e+00
 1.14146057e+01
 1.25537964e+01
 1.87542664e+01
 2.00228821e+01
 2.05288635e+01
 1.73538147e+01
 1.12455994e+01
 7.53362427e+00
 1.32534180e+00
 1.29094849e+00
 5.17257080e+00
 4.41179810e+00
 1.08899475e+01
 1.33196045e+01
 1.74098450e+01
 1.98163086e+01
 2.38679138e+01
 1.81579834e+01
 9.28536377e+00
 5.38475952e+00
 1.50548706e+00
 -3.14121094e+00
 3.66805420e+00
 4.63796387e+00
 9.96050415e+00
 1.33555847e+01
 1.77616211e+01
 2.06606689e+01
 2.04952026e+01
 1.69727112e+01
 1.38365723e+01
 5.53963623e+00
 3.53914795e+00
 -4.15280762e+00
 -3.13767090e+00
 4.93541870e+00
 9.57399902e+00
 1.26191345e+01
 1.97542664e+01
 1.95938660e+01
 2.21495300e+01
 1.51285645e+01
 1.06022583e+01
 2.94448242e+00
 1.14187012e+00
 1.06951294e+00
 2.38262329e+00
 8.00206909e+00
 8.89989624e+00
 1.54834229e+01
 1.55388428e+01
 2.04174438e+01
 2.00906616e+01
 1.69276062e+01
 1.00692078e+01
 5.42333374e+00
 -2.99444580e-01
 -1.83695068e+00
 -7.63677979e-01
 4.27813110e+00
 8.95354614e+00
 1.30362183e+01
 1.83262268e+01
 2.05193115e+01
 2.01606689e+01
 1.52341248e+01
 1.00949036e+01
 4.43505249e+00
 2.87337646e+00
 1.54443359e-01
 4.60320435e+00
 4.09343872e+00
 1.19718567e+01
 1.63810974e+01
 2.02736145e+01
 2.27302795e+01
 2.40490356e+01
 1.86486450e+01
 1.45775085e+01
 5.98232422e+00
 4.83696899e+00
 -5.59146729e+00
 -2.61096802e+00
 1.72316895e+00
 9.97225342e+00
 1.20276733e+01
 2.14987732e+01
 1.92863098e+01
 2.26071106e+01
 1.70952698e+01
 1.26306396e+01
 5.01409302e+00
 -1.49625244e+00
 -4.68054810e+00
 -1.99988403e+00
 3.51500854e+00
 1.02665344e+01
 1.46266724e+01
 1.78376099e+01
 2.13669067e+01
 2.28361145e+01
 2.00161072e+01
 1.41390930e+01
 5.16549072e+00
 -7.87573242e-01
 2.54458008e+00
 -4.33341064e+00
 4.26647339e+00
 1.14716736e+01
 1.58501221e+01
 1.93906799e+01
 2.54102417e+01
 2.14535461e+01
 1.81889893e+01
 1.35054871e+01
 3.06463013e+00
 -1.45422974e+00
 -2.94675293e+00
 -2.69354248e-01
 8.73241577e+00
 1.40412842e+01
 1.38506409e+01
 1.67789246e+01
 2.12176147e+01
 1.92786194e+01
 1.97517944e+01
 1.30388428e+01
 3.87279663e+00
 -1.61179199e+00
 1.50802002e+00
 8.69653320e-01
 3.93004761e+00
 1.23631531e+01
 1.60313660e+01
 1.77924744e+01
 1.99770752e+01
 2.24914490e+01
 1.73911987e+01
 1.48796021e+01
 4.06530151e+00
 2.53545532e+00
 1.27849731e+00
 3.53960571e+00
 -3.96692505e+00
 6.25515137e+00
 1.43416992e+01
 1.77091003e+01
 2.07897583e+01
 2.02633606e+01
 1.75924316e+01
 9.99056396e+00
 4.16417847e+00
 2.57760010e+00
 3.36391602e+00
 1.19793091e+00
 3.74907837e+00
 1.02769409e+01
 1.54322754e+01
 1.83557678e+01
 2.02657410e+01
 2.18710266e+01
 1.54786316e+01
 1.18032166e+01
 4.19313965e+00
 -3.53149414e-02
 -7.32730713e+00
 -4.75858154e+00
 7.05438232e-01
 7.43212280e+00
 1.32760254e+01
 1.78061157e+01
 2.12034241e+01
 2.03102661e+01
 1.71965271e+01
 1.15772339e+01
 4.60686646e+00
 1.14986572e+00
 -3.64310303e+00
 3.40993652e+00
 8.58004150e+00
 1.23000122e+01
 1.41329895e+01
 1.93616882e+01
 2.18253113e+01
 2.22093140e+01
 1.69731689e+01
 1.34760376e+01
 5.16790161e+00
 -3.46332397e+00
 -2.54956665e+00
 -7.25470581e+00
 1.74111328e+00
 9.51677856e+00
 1.30272461e+01
 1.90174805e+01
 2.04619080e+01
 2.24485413e+01
 1.70718323e+01
 9.29119263e+00
 6.08620605e+00
 1.17822266e-01
 -9.60516357e-01
 3.23705444e+00
 6.82280884e+00
 8.36910400e+00
 1.51619507e+01
 1.99483582e+01
 2.29207397e+01
 2.05059448e+01
 1.94148804e+01
 1.14630371e+01
 6.20394287e+00
 3.42162476e+00
 -2.29999390e+00
 4.85112915e+00
 9.89418945e+00
 9.54772339e+00
 1.63906799e+01
 1.94539734e+01
 2.19274231e+01
 2.09247070e+01
 2.03936401e+01
 1.03286987e+01
 4.99080811e+00
 -1.76224365e+00
 2.90953979e+00
 4.31661377e+00
 6.77935181e+00
 1.09233337e+01
 1.45087524e+01
 1.92841736e+01
 2.30495850e+01
 2.21651550e+01
 1.78480774e+01
 1.26487976e+01
 5.35747681e+00
 7.68701172e-01
 -4.06052246e+00
 -4.02045288e+00
 4.84563599e+00
 1.28461853e+01
 1.30778137e+01
 2.04483276e+01
 2.39199158e+01
 2.55577637e+01
 1.93472534e+01
 1.31078735e+01
 6.56542358e+00
 -5.59149170e-01
 -1.54657593e+00
 3.10366211e+00
 1.08656860e+01
 1.07887512e+01
 1.70256287e+01
 1.69829651e+01
 2.11855103e+01
 2.10493713e+01
 1.73762146e+01
 1.36258789e+01
 5.76186523e+00
 -1.38461914e+00
 2.30181274e+00
 2.67449951e-01
 6.47841797e+00
 1.06312805e+01
 1.38679749e+01
 1.71644226e+01
 2.23566833e+01
 2.22763611e+01
 1.68929382e+01
 1.15775085e+01
 2.80449829e+00
 2.17617188e+00
 2.10723267e+00
 3.93670654e-01
 4.10869751e+00
 9.58626709e+00
 1.23200317e+01
 1.74210449e+01
 2.08507019e+01
 2.11567017e+01
 1.33520752e+01
 1.38727356e+01
 4.03035889e+00
 -6.39957275e+00
 -1.29994873e+01
 -6.29251709e+00
 -3.77274170e+00
 4.99376831e+00
 1.45039612e+01
 1.85003601e+01
 2.03330017e+01
 2.06021667e+01
 1.55791870e+01
 1.15746399e+01
 6.75255737e+00
 -2.00231934e-01
 -6.53052368e+00
 -3.37970581e+00
 7.64367065e+00
 1.13718201e+01
 1.85071350e+01
 1.90868469e+01
 2.39858032e+01
 2.00419556e+01
 1.75147339e+01
 1.31584717e+01
 4.97762451e+00
 -2.60285034e+00
 -1.46457520e+00
 -2.05328369e-01
 6.45696411e+00
 1.29892822e+01
 1.56513916e+01
 1.70750366e+01
 2.53425232e+01
 2.40457092e+01
 2.05084167e+01
 1.09006592e+01
 3.45424805e+00
 2.15032349e+00
 -1.77179565e+00
 -3.15906372e+00
 -3.93677368e+00
 7.29314575e+00
 1.39736877e+01
 2.08302856e+01
 2.43855530e+01
 1.90972229e+01
 1.68719116e+01
 1.36691833e+01
 7.09026489e+00
 2.16002808e+00
 1.22109375e+00
 5.21416626e+00
 6.85009155e+00
 1.04608398e+01
 1.57640625e+01
 1.77885071e+01
 2.05086914e+01
 2.15397888e+01
 1.72573181e+01
 9.44991455e+00
 4.37243042e+00
 2.11126099e+00
 3.52684937e+00
 4.07610474e+00
 4.58269653e+00
 1.18533875e+01
 1.61449219e+01
 1.92378784e+01
 2.20059753e+01
 2.40127197e+01
 1.76690918e+01
 1.18612305e+01
 3.00985107e+00
 5.41393433e+00
 -5.28403320e+00
 1.69356689e+00
 6.74944458e+00
 8.65157471e+00
 1.53564697e+01
 1.67382446e+01
 1.90705200e+01
 1.97077271e+01
 1.89467712e+01
 9.37557373e+00
 8.42562256e+00
 5.32546387e+00
 2.37603760e-01
 3.09151611e+00
 6.20061646e+00
 9.80324707e+00
 1.55291687e+01
 2.07081543e+01
 2.03008667e+01
 1.89050537e+01
 1.75852905e+01
 1.54917847e+01
 9.72951660e+00
 -9.30395508e-01
 -3.39313354e+00
 2.43193970e+00
 5.19826660e+00
 6.51592407e+00
 1.29643494e+01
 1.95776306e+01
 2.10992676e+01
 2.10434509e+01
 1.85881592e+01
 1.41278320e+01
 6.97030029e+00
 2.38515625e+00
 5.15435791e-01
 -2.22751465e+00
 4.58840332e+00
 1.10288940e+01
 1.42300049e+01
 1.66413818e+01
 1.95881592e+01
 2.16694580e+01
 1.93666016e+01
 9.45345459e+00
 5.44335938e-01
 -1.93424072e+00
 -2.05457153e+00
 -2.52280273e+00
 9.35686646e+00
 1.14829346e+01
 1.43049255e+01
 2.29430786e+01
 2.57819458e+01
 2.42601563e+01
 1.97019897e+01
 1.36996094e+01
 5.20696411e+00
 1.57085571e+00
 3.50579834e-01
 2.58553467e+00
 8.08040771e+00
 1.14191528e+01
 1.43518005e+01
 1.99616638e+01
 2.02445313e+01
 2.05105835e+01
 1.70915466e+01
 1.13497864e+01
 4.78835449e+00
 -1.41251221e+00
 -5.51410522e+00
 -3.00711670e+00
 3.82003174e+00
 6.96981201e+00
 1.56493164e+01
 2.11343628e+01
 2.43713318e+01
 2.25475403e+01
 1.95700623e+01
 1.21140381e+01
 4.76787720e+00
 2.58760986e+00
 4.96596680e+00
 -9.37078857e-01
 6.17403564e+00
 1.35262085e+01
 1.77234741e+01
 2.20205627e+01
 2.21841370e+01
 2.05415588e+01
 1.58146606e+01
 1.20272156e+01
 5.23540649e+00
 -2.36181641e-01
 -3.62546387e+00
 -8.90905762e-01
 3.94411621e+00
 8.85238037e+00
 1.65539185e+01
 1.87983643e+01
 2.15241638e+01
 2.16978088e+01
 1.41879822e+01
 1.05570313e+01
 6.56868896e+00
 2.44097290e+00
 4.87542114e+00
 -1.47797241e+00
 1.90581665e+00
 1.04371582e+01
 1.39979797e+01
 1.89363647e+01
 2.19525696e+01
 2.46549927e+01
 1.80745789e+01
 1.25749756e+01
 5.00148926e+00
 -9.80285645e-02
 -6.93884277e-01
 3.47026978e+00
 4.48809204e+00
 1.20903564e+01
 1.32397705e+01
 1.69945313e+01
 2.30562073e+01
 2.37594238e+01
 1.91736694e+01
 9.91027222e+00
 5.77480469e+00
 -2.41995850e+00
 3.01281128e+00
 -4.71979370e+00
 2.69487915e+00
 1.04247070e+01
 1.60525146e+01
 2.23992859e+01
 2.68385254e+01
 2.60102478e+01
 2.08933960e+01
 1.34222656e+01
 5.27364502e+00
 5.17299805e+00
 1.47799072e+00
 3.34615479e+00
 2.90740356e+00
 6.45086060e+00
 1.59919983e+01
 2.13065125e+01
 2.21453796e+01
 2.08583313e+01
 1.67866760e+01
 1.30793701e+01
 4.65059814e+00
 -3.33173218e+00
 1.08358154e+00
 -6.24118652e+00
 -2.48193970e+00
 7.57195435e+00
 1.42832886e+01
 2.05985657e+01
 2.16407410e+01
 2.52037598e+01
 1.70218445e+01
 1.20253540e+01
 5.50997314e+00
 -6.02863159e+00
 3.00567017e+00
 2.66887817e+00
 -4.44647827e+00
 1.09312683e+01
 1.30901733e+01
 1.74326416e+01
 2.26262451e+01
 2.33320862e+01
 1.59902283e+01
 1.21101318e+01
 4.44429932e+00
 -3.80795898e+00
 -4.29739990e+00
 7.14318848e-01
 6.25380859e+00
 9.69774780e+00
 1.54912048e+01
 2.07358643e+01
 2.30992371e+01
 2.20010925e+01
 1.58680359e+01
 1.24290710e+01
 6.26683960e+00
 -1.42337646e+00
 -4.78241577e+00
 -3.85889282e+00
 -4.13999023e+00
 9.16307983e+00
 1.44393250e+01
 1.97448059e+01
 2.30804688e+01
 2.23404785e+01
 2.10673462e+01
 1.44522034e+01
 4.77248535e+00
 -1.64862671e+00
 -1.92514648e+00
 -3.09192505e+00
 1.99321899e+00
 8.55028687e+00
 1.45992981e+01
 1.64160400e+01
 2.04952637e+01
 2.28527771e+01
 1.71496521e+01
 1.24179626e+01
 6.02279053e+00
 3.85095215e-01
 1.49773560e+00
 5.14705811e+00
 5.89785156e+00
 1.06711365e+01
 1.35804382e+01
 2.08952576e+01
 2.32901245e+01
 2.28396240e+01
 1.93757263e+01
 1.02446533e+01
 8.26973877e+00
 5.13628540e+00
 3.08071289e+00
 1.09191284e+00
 6.91188965e+00
 1.31401001e+01
 1.48876587e+01
 1.89607483e+01
 1.91562439e+01
 2.13007141e+01
 1.60942322e+01
 9.54314575e+00
 4.91637573e+00
 2.27987061e+00
 2.53017578e+00
 6.28137207e-01
 7.94384155e+00
 1.11387573e+01
 1.56697327e+01
 1.88132874e+01
 2.16255432e+01
 2.17958923e+01
 1.57206360e+01
 1.16069580e+01
 6.39983521e+00
 -6.28244629e+00
 -2.97135010e+00
 3.52480469e+00
 6.87444458e+00
 1.28529297e+01
 1.29149719e+01
 1.56326843e+01
 2.23117310e+01
 2.11818787e+01
 1.88106934e+01
 1.43767944e+01
 6.64641724e+00
 9.47747803e-01
 1.85061035e+00
 2.44680176e+00
 6.51070557e+00
 9.07152710e+00
 1.40844971e+01
 1.78737122e+01
 2.03254028e+01
 2.37121826e+01
 1.91601807e+01
 1.19502197e+01
 7.49190674e+00
 3.19655762e+00
 1.33983765e+00
 3.19146118e+00
 4.18322144e+00
 9.73629150e+00
 1.45383545e+01
 1.93179871e+01
 2.35296570e+01
 2.12483459e+01
 1.57143494e+01
 1.09838196e+01
 8.61229858e+00
 7.54632568e-01
 2.77734375e-01
 3.61651001e+00
 7.46550903e+00
 9.68285522e+00
 1.51175781e+01
 1.69926086e+01
 2.17527710e+01
 2.13139893e+01
 1.75567566e+01
 1.30504700e+01
 -2.68005371e-02
 -1.11987915e+00
 4.16271362e+00
 1.46215210e+00
 9.85488281e+00
 1.28761841e+01
 1.29804626e+01
 1.94619385e+01
 2.03749939e+01
 2.25242859e+01
 1.79547974e+01
 1.22257324e+01
 7.25887451e+00
 1.13613281e+00
 8.15118408e-01
 3.31201172e-01
 4.25014648e+00
 7.93639526e+00
 1.91813599e+01
 2.04397217e+01
 2.78117615e+01
 2.18778931e+01
 1.78449646e+01
 1.23153320e+01
 6.27956543e+00
 1.44527588e+00
 2.09960938e-03
 1.14882813e+00
 9.30196533e+00
 1.06891418e+01
 1.46625305e+01
 2.09358154e+01
 2.42025696e+01
 2.26339050e+01
 1.79034668e+01
 1.24146667e+01
 6.29088745e+00
 4.22573242e+00
 7.13769531e-01
 2.68139038e+00
 8.81401978e+00
 1.24384399e+01
 1.46339966e+01
 2.15088135e+01
 2.27547241e+01
 2.09581848e+01
 1.68743225e+01
 1.22327515e+01
 6.89431152e+00
 7.10748291e-01
 -1.55408325e+00
 -5.59598389e+00
 7.09499512e+00
 1.10008789e+01
 1.40328003e+01
 1.96942383e+01
 2.47543884e+01
 2.18565002e+01
 1.83043457e+01
 1.53805176e+01
 7.70812378e+00
 3.83706055e+00
 2.82756958e+00
 2.56179199e+00
 1.02556091e+01
 1.28987671e+01
 1.54036194e+01
 1.74131409e+01
 2.18146301e+01
 2.19825684e+01
 2.19497925e+01
 1.40181519e+01
 5.37243042e+00
 4.82250366e+00
 -9.59326172e-01
 1.04915771e+00
 5.46907959e+00
 1.04426514e+01
 1.58356567e+01
 1.82541138e+01
 2.20491577e+01
 2.04275146e+01
 1.60078674e+01
 1.29549194e+01
 8.53798828e+00
 5.56829224e+00
 1.13298950e+00
 1.98967896e+00
 4.96846924e+00
 1.20414063e+01
 1.47177063e+01
 1.72356812e+01
 2.01845642e+01
 2.30519958e+01
 1.81277100e+01
 1.47746826e+01
 4.55028687e+00
 2.53188477e+00
 5.52285156e+00
 2.23413086e-01
 6.97863159e+00
 1.12130981e+01
 1.40611511e+01
 1.90690857e+01
 2.22346741e+01
 2.13201538e+01
 2.22894836e+01
 1.36414429e+01
 3.21752319e+00
 1.74676514e-01
 -2.50403442e+00
 -2.50089111e+00
 -2.65264893e-01
 1.11789185e+01
 1.41922241e+01
 2.09952026e+01
 2.40958191e+01
 2.48927551e+01
 1.90859924e+01
 1.21871277e+01
 8.39180908e+00
 2.39699707e+00
 -1.44293823e+00
 -1.74942627e+00
 6.84163818e+00
 8.88402710e+00
 1.39646545e+01
 2.06514832e+01
 2.41705261e+01
 2.06652161e+01
 1.68833862e+01
 1.09963623e+01
 7.21260986e+00
 3.91689453e+00
 4.29503784e+00
 4.54586182e+00
 1.03682190e+01
 1.25523621e+01
 1.53982788e+01
 2.09897095e+01
 2.31330811e+01
 2.18488403e+01
 1.99653870e+01
 1.20660950e+01
 7.46660767e+00
 -3.67801514e+00
 1.79931030e+00
 2.63915405e+00
 1.07458740e+01
 1.05661560e+01
 1.39234558e+01
 1.89822327e+01
 2.19066711e+01
 2.49431396e+01
 1.69197021e+01
 1.32689758e+01
 8.60952148e+00
 2.69475708e+00
 -1.04941406e+00
 1.37249146e+00
 4.56005249e+00
 1.16890808e+01
 1.50091492e+01
 2.10629517e+01
 2.70167175e+01
 2.85894104e+01
 1.90864197e+01
 1.44501282e+01
 6.05880127e+00
 2.13976440e+00
 -3.21417236e-01
 5.04784546e+00
 3.97145996e+00
 1.18973022e+01
 1.37406860e+01
 1.73413635e+01
 2.00949036e+01
 2.24078613e+01
 1.68061768e+01
 1.45084778e+01
 7.00930176e+00
 2.88134155e+00
 -5.00852051e+00
 2.40548096e+00
 4.94323120e+00
 9.94011841e+00
 1.36399170e+01
 1.84679810e+01
 2.10447021e+01
 2.22386414e+01
 1.87665344e+01
 1.17850586e+01
 6.76925049e+00
 2.80404053e+00
