 2.03936055e+01
 1.58307528e+01
 2.70564649e+01
 5.81766185e+01
 1.15863012e+02
 6.59769496e+01
 1.37280007e+01
 1.61545105e+01
 3.26408346e+01
 1.67722667e+01
 1.21737091e+01
 3.62524805e+01
 3.61388829e+01
 1.12236612e+01
 1.75665154e+01
 2.55580214e+01
 1.05491324e+02
 7.76375824e+01
 2.99934876e+01
 3.78253885e-01
 1.78036998e+01
 4.39777326e+01
 2.71251806e+01
 4.23914009e+01
 4.39849188e+01
 2.22576698e+01
 4.25914883e+01
 3.99990316e+00
 6.24628381e+01
 3.32358614e+01
 2.03914813e+01
 6.11786813e+01
 7.23294842e+00
 1.22004617e+01
 2.00583836e+01
 5.99685542e+01
 3.87953818e+01
 1.41890608e+01
 5.97512785e+01
 6.41185135e+01
 1.94322515e+01
 4.00868469e+01
 3.26656932e+00
 1.50900057e+01
 2.03129933e+01
 5.44693103e+01
 7.94206898e+01
 4.05933329e+01
 3.73740203e+01
 1.57957667e+01
 8.93821470e+01
 3.46521464e+01
 4.33016916e+01
 2.50322316e+01
 3.10870842e+01
 7.44906538e+01
 1.17967695e+02
 8.68352993e+01
 7.94230496e+00
 3.21772630e+01
 2.26117150e+01
 6.08355643e+00
 2.30715691e+01
 3.63236705e+01
 3.89577162e+01
 3.38114986e+01
 1.03886559e+01
 5.51492099e+01
 1.44326255e+01
 6.75952681e+00
 4.22889133e+01
 1.82177275e+01
 1.59934428e+01
 3.61424218e+01
 2.89581891e+01
 4.33832608e+01
 9.46743463e+01
 3.37471507e+01
 5.52964558e+01
 7.57594249e+01
 4.31999250e+01
 7.22782481e+01
 5.48320709e+01
 5.83167187e+01
 2.19424071e+01
 2.99260324e+01
 2.25592559e+01
 1.11106226e+02
 2.09457995e+01
 3.63111503e+01
 3.88264578e+01
 4.94527384e+01
 5.74074097e+01
 3.19647886e+01
 4.42237247e+01
 2.36324754e+01
 2.47136631e+01
 1.08169539e+01
 1.48561555e+01
 6.41662086e+01
 6.58433256e+01
 3.32806286e+01
 6.44543201e+00
 4.08053299e+01
 2.23030719e+01
 4.62994411e+01
 1.77319450e+01
 3.43797786e+01
 6.10923059e+01
 3.25899582e+01
 3.04360291e+01
 4.62551146e+01
 5.61020622e+01
 7.80972256e+01
 7.20785408e+01
 4.21631827e+01
 4.27274152e+01
 1.00145468e+01
 2.98214049e+01
 2.12722441e+01
 3.70474806e+01
 4.97971531e+01
 1.87810479e+01
 3.85048007e+01
 1.76391067e+01
 1.32527782e+01
 2.64964623e+01
 5.96490838e+01
 9.07452173e+01
 4.13548284e+01
 3.45786517e+01
 3.80257428e+01
 1.35759852e+01
 3.62973435e+01
 3.28096560e+01
 1.48586049e+01
 1.99952650e+01
 2.86430557e+01
 4.67501627e+01
 6.33526032e+01
 1.71930292e+01
 1.03757317e+02
 3.10302212e+01
 3.57380967e+01
 1.64040265e+01
 2.01493378e+01
 8.64304571e+01
 4.37851757e+01
 6.61601700e+01
 9.20991629e+01
 3.81106395e+01
 1.46329067e+01
 1.43914864e+01
 9.76459625e+01
 5.58062755e+01
 3.66582580e+01
 4.56007552e+01
 1.23299346e+01
 2.35135866e+00
 4.45172695e+01
 2.52187487e+01
 9.03805825e+01
 3.53979715e+01
 4.05181576e+00
 1.38082866e+01
 8.90518948e+01
 3.13826800e+01
 5.76879408e+01
 1.15030156e+01
 4.37953739e+01
 7.73393524e-01
 1.50990454e+01
 5.16857964e+01
 2.89040541e+01
 1.41574386e+02
 1.27747021e+02
 2.36112814e+01
 2.57702448e+01
 2.11256586e+01
 2.00556727e+01
 1.54530085e+01
 2.86163757e+01
 4.60446219e+01
 3.80225311e+01
 2.28468977e+01
 1.70498036e+01
 2.52574079e+01
 2.30228810e+01
 7.44477140e+01
 2.18286390e+01
 7.89835270e+01
 1.44342041e+01
 4.50925052e+01
 1.46111292e+01
 3.85995696e+01
 2.38943616e+01
 4.97391476e+01
 1.35429401e+01
 2.25407692e+01
 5.83094985e+01
 4.68874145e+01
 1.24124713e+02
 4.38543610e+01
 3.72791555e+01
 1.57971384e+01
 4.63664183e+01
 4.09640517e+01
 3.24184978e+01
 4.93419301e+01
 6.20292398e+01
 1.08845800e+02
 1.21989431e+02
 9.58851166e+01
 1.09363886e+02
 5.99367741e+01
 1.67781496e+01
 2.96429144e+01
 4.07531372e+01
 3.18508135e+01
 5.61730461e+01
 7.72544605e+01
 2.29142612e+01
 8.05782820e+00
 3.78509068e+01
 1.33442033e+01
 5.77799628e+01
 8.96288150e+00
 1.25780816e+01
 9.77491048e+00
 1.71895698e+01
 1.83781338e+01
 1.14555358e+01
 1.74647153e+01
 7.02202857e+00
 1.52723956e+01
 1.88057208e+01
 2.82408438e+01
 3.53616972e+01
 4.49209147e+01
 1.68896547e+01
 3.55801470e+01
 3.87069007e+01
 3.88959834e+01
 9.55819478e+00
 1.05144487e+02
 1.09649304e+01
 3.38938472e+01
 2.18203420e+01
 9.12848379e+01
 4.59172878e+01
 1.11444901e+02
 1.73664365e+01
 2.10218121e+01
 1.24451386e+01
 1.74456098e+01
 4.21864036e+01
 4.22504009e+01
 5.58173034e+01
 5.03301043e+01
 1.46932815e+01
 8.59751202e+01
 6.43979160e+01
 6.35692322e+01
 1.40289052e+01
 8.32547110e+00
 2.92372025e+01
 3.36503017e+01
 2.35035360e+01
 3.17793196e+01
 7.59360650e+01
 8.19314650e+01
 7.48148793e+01
 4.80678452e+01
 2.88498777e+01
 5.27608974e+01
 4.11992515e+01
 1.43809802e+01
 4.47290674e+01
 2.87282048e+01
 5.46935967e+01
 2.95357528e+01
 8.50960513e+01
 1.48967130e+02
 1.32622335e+02
 2.93718397e+01
 3.06222655e+01
 3.95571227e+01
 2.28361891e+01
 4.70433050e+01
 2.15476734e+01
 2.34257987e+01
 1.83163281e+01
 7.73041206e+01
 3.35656042e+01
 2.23227943e+01
 2.89859838e+01
 3.89316310e+01
 3.90072253e+01
 2.88409202e+01
 1.11941003e+01
 5.25000945e+01
 1.39434393e+01
 2.96394505e+01
 1.68587508e+01
 3.78122452e+01
 9.64132708e+00
 3.31241691e+01
 8.82471032e+00
 7.41766743e+00
 5.26672229e+01
 3.01487313e+01
 1.65668189e+01
 4.44978361e+01
 3.15978063e+01
 1.32102358e+01
 8.60232114e+01
 2.89120685e+01
 2.70317352e+01
 6.01897763e+01
 1.62904887e+01
 9.24953964e+01
 6.61941959e+01
 1.00672055e+02
 7.43095817e+01
 2.63783971e+01
 4.71530603e+01
 1.87374169e+01
 5.04038361e+00
 6.76383048e+01
 2.92749855e+01
 3.64155773e+01
 1.36798412e+01
 1.31163280e+02
 2.00668831e+01
 5.87945476e+01
 5.87750991e+01
 1.42868681e+01
 2.06138105e+01
 1.00447787e+01
 2.71119932e+01
 9.52302881e+01
 3.04397159e+01
 3.20481604e+01
 2.66193879e+00
 7.34752964e+01
 4.53091379e+01
 9.53393408e+00
 3.30052489e+01
 2.86401024e+01
 3.07802529e+01
 4.02078642e+01
 3.75803847e+01
 1.63800917e+01
 5.64054160e+01
 3.19736897e+01
 2.68107258e+00
 2.60917720e+01
 3.13169296e+01
 8.16876133e+00
 8.52850056e+01
 1.30891780e+01
 2.61056335e+01
 3.98292601e+01
 7.08863885e+01
 4.58783120e+01
 1.19071060e+01
 4.84182707e+01
 1.00766713e+01
 9.02196374e+01
 6.12747762e+01
 1.92345265e+01
 2.89701791e+01
 1.66935623e+01
 7.55868681e+00
 1.58161976e+01
 5.62393694e+01
 5.21452973e+01
 2.63658658e+01
 6.87609067e+01
 8.10875843e+01
 2.79938980e+01
 4.37319655e+01
 2.63954065e+01
 2.22410303e+01
 1.27399203e+01
 1.69062238e+01
 1.07432652e+00
 7.50517108e+01
 2.80316333e+01
 2.39246708e+01
 1.65070714e+02
 2.14338867e+01
 4.55284617e+01
 1.14491890e+02
 3.38956487e+01
 7.46174495e+00
 6.60894045e+01
 3.10958809e+01
 5.41013344e+01
 2.64501432e+01
 5.99781520e+01
 4.13330447e+01
 5.29533739e+01
 7.93990433e+01
 8.68154332e+01
 6.17135956e+01
 6.53876394e+01
 6.96491517e+01
 3.92193221e+01
 2.08387508e+01
 3.03645206e+01
 4.82814549e+01
 4.63562826e+01
 6.75217652e+01
 1.23909391e+01
 1.00726838e+02
 4.06345063e+01
 7.68581882e+01
 4.18360200e+00
 4.43255921e+01
 1.73314715e+01
 8.58318077e+00
 5.56484175e+01
 2.74764158e+01
 4.18463626e+01
 2.06110713e+01
 1.02577579e+01
 1.21697989e+02
 6.16395316e+01
 5.08145741e+01
 6.42156954e+01
 5.22772939e+01
 3.46726675e+01
 2.52747510e+01
 2.85338055e+01
 1.94383422e+01
 3.88817620e+01
 2.53658759e+01
 2.72384212e+01
 7.43433933e+01
 2.02329734e+01
 6.83327082e+01
 1.25531731e+01
 2.54329234e+01
 1.76904671e+01
 2.52566672e+01
 2.03294939e+01
 5.25939881e+01
 3.36566694e+01
 4.48684600e+00
 1.22475481e+01
 2.01094606e+01
 4.88480537e+01
 1.24862094e+01
 5.14663067e+01
 7.10333839e+01
 2.78140604e+01
 4.50816222e+01
 3.42598085e+01
 2.28141915e+01
 3.07892502e+01
 6.08919921e+01
 2.21865080e+01
 3.72959175e+01
 6.20988352e+01
 6.28071995e+01
 5.28840627e+01
 2.32955487e+01
 9.67408909e+00
 9.37223043e+00
 6.25971148e+01
 5.78522058e+01
 5.58802166e+01
 9.23997987e+01
 4.19679478e+01
 8.38276073e+00
 9.62676771e+01
 6.51562350e+01
 2.75572396e+01
 7.03277505e+01
 3.55860933e+01
 9.69781566e+00
 1.06446444e+01
 7.30209245e+01
 4.35148798e+01
 1.49663527e+01
 9.71588911e+01
 1.63518647e+01
 4.43202466e+01
 3.11001459e+01
 2.68884966e+01
 1.81110250e+01
 1.40143417e+01
 3.87424567e+01
 2.82252191e+01
 1.73804987e+01
 3.87807269e+00
 3.06183274e+01
 7.32906568e+00
 2.58123314e+01
 4.13873453e+01
 6.18400673e+01
 2.52975252e+01
 3.16271457e+01
 7.61476779e+00
 1.94267649e+01
 3.57223115e+01
 5.08896795e+01
 8.95359310e+00
 6.02862225e+01
 3.60008694e+01
 2.86119959e+01
 1.67903800e+01
 8.39444410e+01
 3.32125278e+01
 2.77320528e+01
 2.28310686e+01
 9.16606814e+01
 5.87521131e+01
 4.76959025e+01
 1.53425534e+01
 3.63034368e+01
 6.62092211e+01
 1.05477516e+01
 5.42939355e+01
 2.59813136e+01
 3.38422298e+01
 4.78676491e+01
 3.63843504e+01
 3.58047852e+00
 1.35034353e+01
 2.68545051e+01
 9.10602814e+01
 1.48445936e+01
 4.16428453e+01
 1.29740382e+02
 1.73320327e+01
 2.50145347e+01
 2.28674147e+01
 1.28102461e+01
 2.66640706e+01
 9.08106095e+00
 2.24130843e+01
 4.01783710e+01
 4.63167805e+01
 3.01995005e+01
 3.18064492e+01
 5.70478210e+01
 7.60445436e+01
 2.41514389e+01
 5.66921525e+01
 5.13660775e+01
 4.28630574e+01
 3.89476168e+01
 6.89969444e+01
 7.68623858e+01
 7.75421315e+01
 6.87963745e+01
 5.02070819e+01
 5.05123943e+01
 6.69991651e+01
 5.03116054e+01
 1.02769358e+02
 5.04433145e+01
 2.25911893e+01
 1.48296148e+00
 3.60376042e+01
 5.78807069e+01
 2.76746024e+01
 3.64733283e+01
 2.67152654e+01
 4.70722104e+01
 2.80130190e+01
 1.95002278e+01
 4.40499223e+01
 2.63750160e+01
 5.39223671e+01
 2.79532204e+01
 3.21664058e+01
 3.64339336e+01
 4.41397114e+01
 2.16686127e+01
 3.40660400e+01
 3.20763375e+01
 2.17194431e+01
 1.62680529e+02
 2.17163196e+01
 1.95319469e+01
 1.27542768e+01
 8.26887622e+00
 8.93561403e+01
 2.37493078e+01
 5.57874687e+01
 2.05998736e+01
 1.12768582e+01
 2.42755989e+01
 5.57572932e+01
 1.23404812e+01
 9.09675494e+01
 5.25054293e+01
 3.25934667e+01
 1.68366541e+01
 4.52597506e+01
 6.28583174e+01
 3.70848609e+01
 2.66336369e+01
 2.45073274e+01
 3.80218793e+01
 5.06317929e+01
 2.11574091e+01
 2.61030970e+01
 3.46632913e+01
 2.13274936e+00
 6.72124410e+01
 3.12604853e+01
 4.79202902e+01
 5.79271990e+01
 7.45397143e+01
 2.31099262e+01
 4.23444447e+01
 1.37160176e+01
 6.46285312e+01
 1.87668080e+01
 5.81116765e+01
 2.13202819e+01
 2.86598152e+01
 1.68406486e+01
 4.02218134e+01
 1.99233424e+01
 2.91599816e+01
 6.42420966e+00
 4.42048010e+01
 7.59679183e+01
 2.31116680e+01
 3.48997004e+01
 1.45329141e+01
 3.78435039e+01
 3.46461640e+01
 4.64802988e+01
 5.18390510e+01
 1.43993427e+01
 1.22566828e+01
 1.14630909e+01
 4.61187442e+01
 4.51955388e+00
 2.72709368e+01
 3.76723920e+01
 3.99718459e+01
 2.30793278e+01
 3.34666410e+01
 3.17197938e+01
 6.71034334e+01
 4.77704141e+01
 3.29836350e+01
 1.46115296e+01
 7.19517404e-01
 2.18015400e+01
 4.65983957e+01
 3.78625572e+01
 7.52933212e+00
 3.91817665e+01
 4.26120004e+01
 1.73345920e+01
 3.46302319e+01
 2.26873087e+01
 9.64818538e+00
 3.02164051e+01
 4.09545026e+01
 2.89639747e+01
 5.41498253e+01
 4.78521846e+01
 5.19577065e+01
 1.47232795e+01
 7.72675023e+01
 1.33213559e+01
 4.34345817e+01
 3.69939546e+01
 5.48595018e+01
 3.34957137e+01
 7.26401620e+00
 5.14085502e+01
 6.71913139e+00
 9.38230191e+00
 9.90731412e+01
 2.02625504e+01
 3.91303871e+01
 4.02418341e+01
 8.58013319e+01
 2.65732983e+01
 6.76803765e+01
 3.16951099e+01
 3.98036676e+01
 7.36394193e+01
 1.11579673e+01
 2.24796302e+01
 2.59510148e+01
 4.05687976e+01
 4.87778567e+01
 4.46523948e+01
 1.04597294e+02
 5.60703700e+01
 1.04395113e+02
 7.86854735e+01
 4.61372870e+01
 5.54537684e+00
 2.09520746e+01
 3.11435066e+01
 2.62006039e+01
 1.20253419e+01
 2.14748496e+01
 2.01928555e+01
 5.92722626e+01
 1.20382388e+02
 5.37522403e+01
 1.65080129e+01
 4.18390157e+01
 4.82710729e+01
 4.14500416e+01
 2.66186132e+01
 3.06660890e+01
 1.24787541e+01
 2.07622393e+01
 5.82902590e+01
 9.34294778e+01
 4.19849364e+01
 8.68308978e+01
 4.72364157e+01
 6.28734341e+01
 1.59375889e+02
 7.36344031e+01
 3.53268443e+01
 1.56362571e+01
 2.83028078e+01
 1.56230812e+01
 5.16996377e+00
 6.91902978e+01
 3.48423391e+01
 4.26566740e+01
 2.64120723e+01
 1.23581448e+02
 6.32241450e+01
 8.98516111e+01
 3.53187678e+01
 4.93326879e+01
 2.91937732e+00
 4.72685602e+01
 3.38106995e+01
 5.28038447e+01
 1.15941304e+02
 3.16000686e+01
 1.10722604e+02
 2.25741398e+01
 9.05005440e+00
 4.73155951e+01
 1.13690330e+01
 4.44767014e+01
 2.15294068e+01
 1.32807758e+01
 3.48733785e+01
 2.41103970e+01
 1.02129413e+02
 1.31757442e+02
 2.63743607e+01
 6.56777318e+01
 1.03043299e+02
 3.84130701e+01
 9.81199298e+00
 5.09544499e+00
 1.23963762e+01
 5.94037992e+01
 2.81592646e+01
 9.12079486e+01
 2.51913608e+01
 1.77637049e+02
 6.51664125e+01
 8.61006179e+00
 4.33070175e+01
 2.99093637e+00
 3.47411268e+01
 2.31536644e+01
 7.56242712e+01
 6.92760902e+00
 1.93628538e+01
 7.00587395e+01
 6.10236792e+01
 6.03504148e+01
 3.61092661e+01
 3.20458535e+01
 1.95634255e+02
 2.31782144e+01
 1.79952135e+01
 2.76877591e+01
 2.66822821e+01
 2.94072246e+01
 9.05799333e+01
 2.94597664e+01
 7.15491172e+01
 4.23676225e+01
 5.43423513e+01
 3.02718336e+01
 1.73125063e+01
 4.34887318e+01
 5.28232274e+01
 4.35382312e+01
 9.73558263e+00
 4.73886730e+00
 1.57996037e+00
 2.22414044e+01
 2.75087163e+01
 7.32100689e+01
 1.50843408e+01
 6.41217964e+01
 3.24237689e+01
 1.67260718e+01
 2.99193341e+01
 2.11008186e+01
 1.72416663e+01
 4.40143691e+01
 9.56641283e+01
 7.11211205e+01
 4.33553224e+01
 2.34437803e+01
 5.02699548e+00
 2.60596332e+01
 6.24128788e-01
 5.46220774e+00
 1.09927502e+01
 3.94776784e+01
 4.62140987e+01
 5.42311488e+01
 2.28101410e+01
 5.04653362e+01
 4.86320142e+01
 5.63594512e+01
 3.30572452e+01
 7.35544396e-01
 2.11018582e+01
 3.41294513e+01
 2.16179731e+01
 5.36495848e+01
 2.72293764e+01
 5.96022045e+01
 6.07014366e+01
 2.16436925e+01
 7.96006215e+01
 2.79052382e+01
 9.06268712e+00
 1.52420261e+01
 1.30800484e+02
 4.93663143e+01
 4.57890074e+01
 5.13988416e+01
 1.94904205e+01
 5.00298471e+01
 8.70181740e+01
 2.37387961e+01
 4.83707152e+01
 2.13668924e+01
 9.89043490e+00
 4.89963994e+01
 6.91231446e+01
 3.99224294e+01
 1.94324004e+01
 2.32351094e+01
 1.67798609e+01
 1.43838269e+01
 2.80208784e+01
 8.45233798e+01
 6.42352697e+01
 6.68178661e+01
 3.34398102e+01
 1.08372411e+01
 6.32725898e+01
 9.18420103e+01
 1.64798089e+01
 5.29744062e+01
 5.84933573e+01
 5.43464287e+01
 8.77911908e-01
 1.44448119e+00
 4.09730064e+01
 6.43679464e+01
 2.54948463e+00
 1.81891960e+01
 7.06374177e+01
 5.38622517e+01
 2.21275132e+01
 4.45312530e+01
 1.66387220e+01
 4.35277355e+01
 2.01563729e+01
 6.80405511e+01
 3.17124858e+01
 2.44149155e+01
 3.22861323e+01
 1.77179438e+02
 3.09187511e+01
 3.12669163e+01
 1.08246810e+02
 2.40501431e+01
 2.71447379e+01
 4.58796978e+00
 2.76107745e+01
 2.50020096e+01
 3.36720746e+01
 4.63618487e+01
 5.75277209e+01
 3.17974093e+01
 6.25959235e+01
 3.20169797e+01
 4.13431627e+01
 3.70366697e+01
 4.04754821e+01
 3.44595477e+01
 2.98340691e+01
 3.63953640e+01
 3.59795813e+01
 1.15911175e+02
 1.59807659e+01
 1.59958471e+01
 3.91363910e+01
 4.73544492e+01
 6.18399869e+01
 3.54735530e+01
 6.38262815e+01
 5.69990276e+01
 3.46009202e+01
 2.74276952e+01
 5.41437158e+01
 5.93015039e+01
 2.79874201e+01
 6.29911411e+01
 2.87596933e+01
 1.43380410e+02
 5.20603223e+01
 4.94445584e+01
 6.98243384e+01
 4.10838875e+01
 1.92188855e+01
 3.29200769e+01
 7.65084481e+01
 3.73558437e+01
 4.13918652e+01
 3.63891785e+01
 2.30921561e+01
 6.67113957e+01
 3.83601429e+01
 2.58922660e+01
 1.70558038e+01
 1.55827352e+01
 6.26776291e+01
 5.07772121e+01
 1.22145480e+02
 1.78836514e+01
 3.36959059e+01
 1.37095785e+01
 4.00783414e+01
 8.21324050e+01
 3.84503091e+01
 2.77603712e+01
 1.97686253e+01
 1.24122229e+01
 2.54045654e+00
 8.81450032e+01
 3.23376511e+01
 3.42435765e+01
 3.92926016e+01
 8.36507604e+00
 8.80559626e-01
 2.37559607e+01
 5.64081459e+01
 1.03964328e+02
 2.75100634e+01
 4.60787654e+00
 2.94616682e+00
 1.41102438e+01
 1.02720082e+02
 1.67979355e+01
 1.28166489e+02
 5.92976629e+01
 6.13521303e+01
 6.78597168e+01
 4.41983119e+01
 7.70799023e+01
 6.64295857e+01
 3.79565980e+01
 8.12491234e+00
 7.27936183e+01
 8.69253335e+01
 3.99150200e+01
 6.50088186e+01
 7.89706695e+01
 3.03651204e+01
 6.04265107e+01
 7.73515578e+00
 2.15625460e+01
 7.00418370e+00
 2.13986593e+01
 3.79625848e+01
 1.06782552e+01
 6.09169341e+01
 5.30207501e+01
 1.21232870e+01
 4.18815578e+01
 4.30103421e+01
 8.25778600e+01
 1.02224485e+02
 1.27243054e+02
 2.74442770e+01
 2.32164285e+00
 1.63481717e+01
 6.73958795e+01
 4.59680246e+01
 3.14844070e+01
 4.47704429e+01
 1.72984261e+01
 4.66709901e+01
 1.05707445e+02
 3.93555028e+01
 7.76059447e+01
 5.32043832e+01
 6.65081048e+00
 4.51443382e+01
 3.81823706e+01
 1.04240374e+02
 1.14263192e+01
 9.39781402e+01
 1.78800432e+01
 9.57339123e+01
 2.64074951e+01
 4.43779607e+01
 4.08029353e+01
 1.41943492e+01
 2.37117179e+01
 7.61299975e+01
 1.04284211e+02
 2.89918107e+01
 4.37328601e+01
 1.74557314e+01
 7.80481891e+01
 1.29977477e+01
 7.63267817e+01
 4.60839100e+01
 3.52672416e+01
 4.57507148e+01
 4.10030459e+01
 4.59819439e+01
 4.92280730e+01
 1.10558944e+02
 1.01943906e+02
 2.60951767e+01
 9.33769828e+00
 9.26325093e+00
 2.57515656e+01
 2.18301000e+01
 3.02442022e+01
 1.60621085e+01
 1.16353851e+01
 1.99305431e+01
 2.39044230e+01
 2.19436153e+01
 1.27252959e+01
 4.03169016e+01
 1.44010856e+01
 1.19987751e+01
 9.79925747e+01
 4.62088764e+01
 2.21114356e+01
 1.60954304e+01
 1.70761326e+01
 2.09314856e+01
 3.48810721e+01
 1.93950588e+01
 1.58495647e+01
 8.02186811e+00
 1.18344163e+01
 5.42074138e+01
 1.04670073e+02
 2.29311567e+01
 2.45231443e+01
 3.11210467e+01
 6.58026442e+01
 1.22873520e+02
 7.01432007e+01
 1.30043351e+02
 2.18379572e+01
 1.16615450e+02
 3.43422838e+01
 3.84234771e+01
 2.14717518e+01
 7.90030416e+01
 4.38845462e+01
 6.85181407e+01
 2.43799623e+01
 7.89217645e+01
 3.98593757e+01
 5.83580234e+01
 8.97075324e+01
 3.49822088e+01
 3.68122272e+00
 1.32811836e+02
 8.54057723e+01
 6.91070294e+01
 9.69504287e+01
 4.46687257e+01
 6.66830169e+01
 5.65103172e+00
 1.63721400e+01
 3.91093445e+01
 1.00292201e+02
 6.26385705e+01
 1.23029706e+01
 1.88067237e+01
 1.11262081e+01
 3.63189344e+01
 4.00401779e+01
 4.39835790e+01
 5.16821289e+01
 3.36497341e+01
 6.53849190e+01
 3.51542384e+01
 2.37142036e+01
 5.11413635e+00
 1.89117729e+01
 1.72635172e+00
 9.37881719e+01
 2.87371848e+01
 4.58355896e+01
 2.87575220e+01
 2.00765624e+01
 3.64660535e+01
 3.80229248e+01
 7.35930205e+01
 4.38625365e+01
 9.66304553e+00
 2.60862025e+01
 1.18542507e+02
 4.66464090e+01
 6.44766737e+00
 8.85841067e+01
 1.09950641e+01
 3.72207113e+01
 4.53877765e+01
 4.78293225e+01
 4.04193082e+01
 2.67482990e+01
 9.61420026e+00
 2.35776062e+02
 1.81955580e+01
 3.99791027e+01
 5.76332213e+01
 2.79862849e+01
 4.96962595e+01
 1.17268275e+01
 1.16807026e+02
 5.79469360e+01
 3.55643862e+01
 2.42792343e+02
 2.65528141e+01
 3.65206611e+01
 8.23870569e+01
 9.17031783e+01
 5.07919955e+00
 1.77500417e+01
 5.03607491e+01
 1.96301361e+01
 5.47048560e+01
 6.62316961e+01
 6.82673360e+01
 5.01613859e+01
 2.97351191e+01
 7.37636567e+01
 4.46579031e+01
 4.23149059e+01
 9.71754027e+01
 4.40351586e+01
 4.77458008e+01
 5.86042945e+01
 7.92793046e+01
 7.71240383e+00
 4.59696811e+01
 8.36468004e+01
 4.05613532e+01
 2.94784315e+01
 6.82697055e+01
 3.39360824e+01
 6.37112803e+01
 3.94671233e+01
 4.84771096e+01
 2.78084484e+01
 5.24961677e+01
 3.73702569e+01
 9.82875147e+01
 2.11586978e+01
 1.97486843e+01
 2.84911489e+01
 8.01815299e+01
 6.98997761e+01
 2.02873565e+01
 3.01936310e+01
