 4.89624661e+01
 2.11411597e+01
 3.33766742e+01
 9.95522946e+01
 1.01834785e+02
 5.32474763e+01
 1.27142613e+02
 4.09578204e+01
 4.49136586e+01
 4.74646583e+01
 1.66869533e+01
 6.15315540e+01
 4.14750300e+01
 2.35047800e+01
 8.50553112e+01
 2.64619185e+01
 4.47876995e+01
 8.11482095e+01
 5.62987734e+01
 4.60829839e+01
 1.71066325e+02
 1.72845178e+01
 5.63649063e+01
 1.37778391e+02
 3.90988356e+01
 6.81435690e+01
 6.22821266e+01
 2.74116625e+01
 5.40804824e+01
 1.12177848e+02
 1.37454707e+02
 6.96427937e+01
 7.31341037e+01
 5.33845393e+01
 1.58177703e+01
 2.71550251e+01
 5.05724366e+01
 2.86531286e+01
 1.93088844e+01
 1.72415860e+01
 7.71594277e+01
 7.56735768e+01
 5.83676407e+01
 9.19889102e+01
 6.92415715e+01
 5.67888703e+01
 3.23808971e+01
 1.28852576e+01
 3.89483840e+01
 2.46074307e+01
 4.74802145e+01
 5.98343588e+01
 4.95812223e+01
 7.27652963e+01
 1.79884596e+02
 5.07347272e+01
 3.49992538e+01
 4.43506194e+01
 6.63460965e+01
 7.32950257e+01
 1.29465617e+01
 3.90200842e+01
 5.61228071e+01
 3.49494064e+01
 5.11191801e+01
 5.86705572e+01
 9.36492425e+01
 5.30296740e+01
 7.53425068e+01
 4.04118248e+01
 7.54649696e+01
 3.75859807e+01
 1.80882765e+01
 2.39629490e+01
 9.42061684e+01
 5.04846009e+01
 7.23163373e+01
 1.02304694e+02
 9.48261377e+01
 3.77523930e+01
 5.98501063e+01
 3.12896855e+01
 4.61221095e+01
 4.33448963e+01
 1.70097928e+01
 1.76854477e+01
 2.70499998e+01
 5.82888925e+01
 4.53315831e+01
 3.37571084e+01
 3.83831586e+01
 5.49142732e+01
 1.02937196e+02
 5.90520274e+01
 2.00152618e+01
 3.55001101e+01
 3.06295637e+01
 6.84215925e+01
 3.09346886e+01
 5.16985918e+01
 8.92921420e+01
 8.21047617e+01
 5.10220864e+01
 4.80021791e+01
 1.12875774e+02
 1.41171807e+01
 4.25465169e+01
 4.66155012e+01
 4.21986166e+01
 4.37830002e+00
 2.81541466e+01
 2.35702742e+01
 1.44637595e+02
 9.05491750e+01
 4.39559743e+01
 8.44509712e+01
 3.88891269e+01
 1.71801709e+01
 8.45461807e+01
 9.95126816e+01
 5.78956480e+01
 1.77534134e+01
 2.85441097e+01
 1.02100514e+02
 1.58977120e+01
 6.77352476e+01
 9.32250196e+01
 6.80591270e+01
 6.67875074e+01
 5.41812934e+01
 6.05262021e+01
 1.10646079e+01
 5.36700423e+01
 2.21522778e+01
 7.68049935e+00
 4.33575745e+01
 1.39853407e+02
 7.28539962e+01
 5.40257944e+01
 1.88011801e+01
 3.56625065e+01
 3.66330358e+01
 1.19345769e+01
 5.07390681e+01
 2.55328161e+01
 4.58369635e+01
 3.37011847e+01
 6.58539352e+01
 4.74310806e+01
 1.11953216e+02
 1.34372107e+02
 8.67546290e+01
 1.13305124e+02
 3.37655679e+01
 6.58370184e+01
 6.58755927e+01
 4.14677768e+00
 7.34650266e+01
 3.53437780e+01
 1.12334381e+02
 1.39903667e+02
 3.21855526e+01
 3.01339249e+01
 1.10102157e+02
 3.66028704e+01
 1.00400688e+02
 3.18566350e+01
 5.04487565e+01
 5.19350275e+01
 1.19640991e+01
 3.26672090e+01
 2.92124387e+01
 5.14812609e+01
 3.35526149e+01
 4.34822911e+01
 7.07693663e+01
 3.10340897e+01
 2.67644359e+01
 3.26417186e+01
 3.60811670e+01
 5.06205816e+01
 3.03906195e+01
 4.56897955e+01
 4.59337996e+01
 4.86528176e+01
 5.16893083e+01
 8.32910791e+01
 9.28885118e+01
 1.05960971e+02
 1.09883035e+02
 1.78009841e+01
 8.50620150e+01
 1.41812070e+01
 2.88138547e+01
 2.71165876e+01
 4.98961395e+01
 1.04999936e+02
 1.61954934e+02
 3.07137784e+01
 8.47610435e+01
 9.49712524e+01
 1.09667547e+02
 1.32470509e+01
 1.19813302e+02
 1.64585440e+01
 3.15834980e+01
 8.13757815e+01
 5.80705350e+01
 1.55238773e+02
 3.51715334e+01
 5.55175317e+01
 4.16725449e+01
 7.12049595e+01
 1.31105190e+02
 1.74055167e+01
 4.52132670e+01
 2.71837064e+01
 7.55631439e+00
 3.68635511e+01
 3.57556737e+01
 5.65403895e+01
 6.01449618e+01
 2.69182102e+01
 7.39653519e+01
 1.33223676e+02
 8.18909399e+01
 3.87420693e+01
 1.49659577e+01
 2.67943547e+01
 3.78454017e+01
 3.26984676e+01
 7.60222943e+01
 6.99603787e+01
 1.14035676e+02
 5.95685451e+01
 1.15392846e+02
 5.53186074e+01
 1.43568444e+01
 7.95313373e+01
 6.64438070e+01
 2.41769193e+01
 6.62554116e+01
 1.37843281e+01
 8.31108101e+01
 3.74471633e+01
 5.59820015e+01
 4.81642797e+01
 2.27612653e+01
 5.40288683e+01
 5.91264420e+01
 5.67532519e+01
 6.39236140e+01
 2.54112382e+01
 3.94586775e+01
 4.31635417e+01
 3.14103749e+01
 2.62893471e+01
 4.90729884e+01
 5.45132166e+01
 4.84873797e+01
 3.78693159e+01
 6.98168209e+01
 8.42646281e+00
 8.15640592e+01
 3.21127337e+01
 2.36359545e+01
 3.47219256e+01
 2.28914795e-01
 1.06124584e+02
 9.50968929e+01
 8.04303492e+01
 9.23572406e+00
 9.79112919e+01
 1.57978044e+02
 3.74198167e+01
 5.42723507e+01
 1.02993050e+01
 2.74646000e+01
 4.37454755e+01
 4.44023976e+01
 3.15197502e+01
 4.03597973e+01
 3.40066311e+01
 2.98265954e+01
 3.41213967e+01
 4.24140848e+01
 2.14169733e+01
 2.30291439e+01
 5.50066046e+00
 3.66726863e+01
 1.84969493e+01
 5.11935402e+01
 1.10245023e+02
 1.14252634e+02
 1.03751763e+02
 1.27148167e+02
 4.33862500e+01
 1.86908919e+01
 6.88737070e+01
 1.12046543e+01
 6.19525419e+01
 1.47297931e+01
 2.03689167e+01
 2.56665117e+01
 5.92258451e+01
 5.90634809e+01
 6.56600124e+01
 8.39047246e+01
 1.48561921e+02
 3.70144437e+01
 1.82788677e+01
 4.66776969e+01
 4.97729250e+01
 5.90873340e+00
 3.73040684e+01
 4.17876053e+01
 5.07775081e+01
 1.98056409e+01
 1.00919184e+02
 9.75478603e+01
 5.65783698e+01
 8.76270157e+01
 1.39509925e+01
 3.62399156e+01
 1.97939389e+01
 9.05704962e+00
 1.13929856e+01
 8.68068888e+00
 1.11148454e+02
 3.36135162e+01
 3.68858697e+01
 6.01715502e+01
 6.07097973e+01
 3.74395289e+01
 4.55162975e+01
 4.76931688e+01
 3.58369930e+01
 6.25252735e+00
 5.83838693e+01
 6.87995570e+01
 9.05879331e+01
 1.08420353e+02
 5.16791900e+01
 2.35652884e+01
 2.59170337e+01
 9.68939332e+01
 6.05019302e+01
 3.13513575e+01
 5.43218500e+01
 1.55210512e+01
 5.13131921e+01
 7.94239431e+01
 7.59112991e+01
 2.31602192e+01
 1.06812410e+02
 1.43049407e+02
 1.11235629e+01
 9.20373475e+01
 8.62918335e+01
 3.14444318e+01
 4.16016333e+01
 2.97679467e+00
 3.08526298e+01
 5.81753973e+01
 1.72196157e+01
 5.38656082e+01
 4.46419639e+01
 1.47757524e+02
 4.25558617e+01
 4.34345846e+01
 1.36292519e+01
 1.33792217e+01
 2.93537331e+01
 2.46593390e+01
 7.98449611e+01
 4.48251331e+01
 1.52801421e+01
 8.63714197e+01
 1.18664274e+02
 5.49713728e+01
 7.57372457e+01
 6.54227128e+01
 5.54774167e+01
 3.78943357e+01
 3.47814564e+01
 1.23586039e+01
 2.49974170e+01
 8.71016063e+00
 7.82554285e+01
 2.30632401e+01
 6.62015575e+01
 5.08241622e+01
 1.04286851e+02
 2.83458834e+01
 3.36821027e+01
 4.41411096e+01
 4.82690224e+01
 6.10241818e+01
 8.63369833e+01
 2.63944022e+01
 5.44493254e+01
 4.13152321e+01
 5.72535647e+01
 4.82361755e+01
 1.83635961e+02
 2.49139795e+01
 3.62026269e+01
 1.21675129e+02
 1.11957860e+01
 2.29685748e+01
 6.79001250e+01
 2.13732952e+01
 7.36937682e+01
 6.28437439e+01
 2.92547515e+01
 6.04071397e+01
 4.10453982e+01
 7.46111330e+01
 8.74134045e+01
 2.03059074e+01
 6.85171663e+01
 3.16294855e+01
 3.72600841e+01
 3.35781150e+01
 7.44405357e+01
 4.62497067e+01
 8.47443229e+01
 2.64402128e+01
 5.85923242e+01
 1.43108105e+02
 2.47433475e+01
 1.34266614e+01
 2.02582813e+01
 2.98643858e+01
 2.56461384e+01
 2.75106383e+01
 9.21134965e+01
 7.79026779e+01
 6.74494132e+01
 5.25734665e+01
 7.99197442e+01
 6.31573293e+01
 2.68444908e+01
 4.98437100e+01
 3.04031451e+00
 1.23545752e+01
 1.83727771e+01
 8.62242890e+01
 4.95691106e+01
 9.00599747e+01
 3.63659806e+01
 1.15901335e+02
 1.70237271e+02
 3.26254926e+01
 1.68271414e+01
 1.48434591e+01
 2.31895636e+01
 7.51174096e+01
 2.62477257e+01
 2.06624582e+01
 7.62701108e+01
 1.76708220e+01
 5.42205762e+01
 5.10424562e+01
 8.28242056e+01
 3.43861024e+01
 7.56819456e+01
 7.03155559e+01
 3.07930601e+01
 1.69994418e+01
 8.20010759e+01
 6.48010262e+01
 4.29075240e+01
 1.85219485e+01
 3.91119485e+01
 4.85108480e+01
 3.50946087e+01
 7.69525438e+01
 5.92725266e+01
 2.00394100e+01
 3.43723707e+01
 1.27438654e+01
 8.23271467e+00
 1.42002662e+01
 1.41093453e+02
 8.14018763e+01
 9.03028052e+01
 7.89263588e+01
 1.01407539e+02
 4.16501436e+01
 2.54931549e+01
 2.75742712e+01
 2.79667946e+01
 8.45237098e+00
 1.04922832e+02
 5.05343894e+01
 2.16661146e+01
 8.71527598e+01
 5.02512708e+01
 4.68619309e+01
 7.71803156e+01
 1.34930436e+02
 9.78350532e+01
 2.10775963e+01
 1.12020928e+01
 1.05664511e+00
 6.84601483e+00
 5.34072569e+01
 3.42480572e+01
 7.47509053e+01
 4.17652880e+01
 9.75889798e+01
 4.25985025e+01
 4.86222702e+01
 7.41391856e+00
 1.53213371e+01
 8.83720756e+00
 3.35382416e+01
 2.32047423e+01
 3.50381558e+01
 1.52293095e+02
 3.97667389e+01
 7.86810253e+01
 3.50405410e+01
 5.84288519e+01
 2.86327091e+01
 4.60433202e+01
 2.72913626e+01
 3.54705250e+01
 1.87567303e+00
 2.95398696e+01
 2.46503312e+01
 1.17129922e+02
 5.79098681e+01
 6.16403454e+01
 7.40940502e+01
 7.02306795e+01
 3.18354473e+01
 8.12919632e+00
 2.96263595e+01
 1.30918661e+01
 4.28922286e+01
 2.11352879e+01
 9.99663596e+01
 2.00861530e+01
 7.93676481e+01
 3.63297866e+01
 8.52351263e+01
 1.91895942e+01
 2.41121439e+01
 5.82010224e+01
 5.69426105e+01
 7.05980187e+01
 7.36460411e+01
 6.94214255e+01
 5.79273931e+01
 1.36628419e+02
 5.52258669e+01
 4.71114543e+01
 8.30372197e+01
 9.61678738e+01
 5.03808167e+01
 1.48704886e+01
 1.44917958e+01
 2.87183001e+01
 1.05240094e+01
 3.93267445e+01
 1.62821659e+01
 2.88175984e+01
 2.54433263e+01
 7.16666732e+01
 5.27469967e+01
 2.26375884e+01
 5.42481516e+01
 4.99713974e+01
 1.44256355e+01
 4.01355737e+01
 2.75573207e+01
 6.53784704e+01
 2.23935328e+01
 1.33423210e+02
 1.72670837e+01
 5.47032921e+01
 6.66839275e+01
 1.53781463e+02
 7.36356747e+01
 2.19841190e+01
 5.13671055e+01
 2.15225641e+01
 4.08748726e+01
 9.76204431e+01
 3.54813536e+01
 8.59545620e+01
 9.23442109e+01
 2.48184545e+01
 4.65193575e+01
 6.75880981e+01
 6.07084669e+01
 4.20680145e+01
 1.70924168e+01
 4.87424572e+01
 6.72674604e+01
 1.17056328e+01
 3.58122610e+01
 6.46806419e+01
 2.14579356e+01
 6.95287407e+01
 2.05066172e+02
 1.21941223e+02
 8.58366016e+01
 3.66940668e+01
 3.87274493e+01
 3.31634154e+01
 4.90572355e+01
 2.85062593e+01
 7.61078495e+01
 8.02778562e+01
 8.49702411e+01
 1.04521907e+02
 7.43772341e+01
 4.76773166e+01
 4.08494797e+01
 2.41184452e+01
 6.75542728e+01
 5.03225576e+01
 5.31451761e+01
 2.26785829e+01
 7.11275751e+01
 5.79567086e+01
 1.01243812e+02
 4.03065632e+01
 5.30339028e+01
 3.41468520e+01
 1.88621225e+01
 7.52879186e+01
 7.16732845e+01
 2.02335036e+01
 1.60710454e+01
 6.18706390e+01
 7.64369062e+01
 8.36130976e+01
 1.07935189e+02
 1.12327503e+02
 6.14077472e+01
 5.39728279e+01
 1.05493326e+01
 2.76288413e+01
 4.70634019e+01
 1.20079585e+02
 7.68820626e+01
 4.58403933e+01
 2.93884736e+01
 6.51366545e+01
 1.05970137e+02
 6.67931183e+01
 4.61530917e+01
 3.51341543e+01
 3.45347758e+01
 4.29524677e+01
 5.56901314e+01
 1.89175584e+01
 1.93092957e+01
 4.35585522e+01
 9.09316224e+01
 3.03200078e+01
 1.09481490e+02
 3.06271326e+01
 6.23445464e+01
 5.16470871e+01
 8.79970524e+01
 9.64691980e+01
 2.68132093e+01
 5.36124068e+01
 2.31041916e+01
 1.03786671e+01
 7.41769655e+01
 9.66810471e+01
 4.81603642e+01
 1.09465379e+02
 6.65774747e+01
 9.56783246e+01
 3.69962810e+01
 8.50889225e+01
 2.78716959e+01
 3.67900719e+01
 2.82107310e+00
 2.59121997e+01
 7.01548369e+01
 1.19807660e+02
 1.27691579e+02
 4.94761044e+01
 3.22284992e+01
 1.97153533e+01
 3.88866633e+01
 1.95983538e+01
 2.34955119e+01
 5.92583801e+01
 9.24446633e+00
 1.44131876e+01
 8.57501667e+01
 5.55636937e+01
 4.37142224e+01
 5.21852378e+01
 4.61110027e+01
 4.73141387e+01
 5.31182320e+01
 1.06855354e+02
 1.05386342e+02
 7.23210241e+01
 9.86951346e+01
 1.11887933e+02
 2.96245022e+01
 6.48544985e+01
 9.54463554e+01
 9.17921407e+01
 7.96596261e+01
 1.77135506e+02
 4.64816143e+01
 2.99627623e+01
 2.02033022e+01
 2.23176398e+01
 1.45727733e+01
 6.97114741e+01
 4.12117371e+01
 1.57302788e+02
 4.22244994e+01
 7.23406533e+01
 3.43306812e+01
 5.11556319e+00
 1.91074192e+02
 7.15080281e+01
 3.48725649e+01
 2.39644717e+01
 5.88435892e+01
 2.33355818e+01
 1.46523883e+02
 8.99422104e+01
 3.01188629e+01
 1.13604819e+02
 5.65854212e+01
 5.48766779e+01
 6.62583112e+01
 1.63428480e+01
 1.88344558e+01
 5.24560274e+01
 1.68199994e+01
 1.33874054e+01
 2.40470322e+01
 1.11614283e+02
 7.40012535e+01
 1.50424486e+02
 2.21085197e+01
 1.48700008e+02
 6.13762060e+01
 5.68525366e+01
 3.54118493e+01
 3.40971147e+00
 1.28713016e+01
 6.03730748e+01
 8.26215532e+01
 4.78769302e+01
 7.89228142e+01
 9.38442874e+01
 5.47657168e+01
 9.12427157e+01
 9.65299889e+00
 2.03448726e+01
 2.71223706e+01
 2.69008440e+01
 3.08552836e+01
 7.48876959e+01
 5.86145829e+01
 1.26756898e+02
 5.62024147e+01
 2.42871625e+01
 1.07775455e+02
 2.73980932e+01
 7.39630231e+01
 5.97453100e+01
 5.26771812e+01
 6.69327493e+01
 6.07850103e+01
 3.70504306e+01
 2.56450805e+01
 6.92330504e+01
 2.99413570e+01
 2.16210317e+01
 9.73673924e+01
 1.90251884e+01
 1.82391788e+01
 5.34356637e+01
 5.47104052e+01
 3.25387494e+01
 5.14379672e+01
 5.57057412e+01
 2.58455570e+01
 2.62567316e+01
 8.43984842e+01
 2.55377806e+01
 1.47540071e+01
 2.90067405e+01
 7.27708347e+01
 5.94802239e+01
 5.80918378e+01
 1.70389285e+01
 5.55201959e+01
 4.37736453e+01
 4.71703509e+01
 1.69276452e+01
 6.48281836e+01
 9.20268045e+01
 6.15640647e+01
 1.40551629e+02
 2.29865019e+01
 5.03061968e+01
 7.25088877e+01
 3.72012355e+01
 9.24848685e+01
 8.19701388e+01
 1.10327347e+02
 8.47518063e+01
 9.45019863e+01
 7.62767318e+01
 9.66595325e+01
 3.14038378e+01
 4.80615734e+01
 7.94287428e+01
 4.51575023e+01
 8.13248035e+00
 1.26688248e+01
 7.16349749e+00
 1.66675129e+01
 5.33968313e+01
 1.14423093e+02
 2.99373746e+01
 3.41374608e+01
 1.89653149e+01
 1.36836686e+02
 6.20146286e+01
 2.73031844e+01
 1.99865027e+01
 7.28157022e+01
 7.88606991e+01
 5.19020646e+01
 9.07737602e+01
 1.61341743e+02
 7.35389512e+01
 1.49973487e+02
 6.77263507e+01
 3.95653205e+01
 6.08510438e+01
 7.97507565e+01
 3.00286633e+01
 1.76994699e+01
 1.10614512e+00
 1.64621410e+02
 4.86610902e+01
 2.12376781e+01
 4.42963163e+01
 3.12642318e+01
 3.02870241e+01
 3.03513200e+01
 4.44323603e+01
 8.46353074e+01
 5.07959729e+01
 4.12679736e+01
 1.86928236e+01
 1.41115069e+02
 3.97690765e+01
 4.41088057e+01
 4.64612932e+01
 7.92019522e+01
 6.06568215e+01
 4.71072692e+01
 7.09402694e+01
 8.14415873e+01
 4.56040974e+01
 4.65993675e+01
 8.80976004e+01
 1.09879282e+01
 2.89110625e+01
 7.23675635e+01
 8.11294736e+01
 5.59108565e+01
 1.17694179e+02
 6.88682072e+01
 7.54457425e+01
 7.38965985e+01
 4.19003296e+01
 4.16905491e+01
 6.16391030e+01
 9.89118617e+01
 3.43862607e+01
 1.46800869e+02
 1.03109422e+02
 4.21684980e+01
 4.87976994e+01
 8.24800014e+01
 3.85187825e+01
 1.33057023e+01
 1.77505581e+01
 3.02771477e+00
 5.55510363e+01
 5.14022417e+01
 1.57844387e+02
 4.23144063e+01
 9.90832847e+01
 4.50429980e+00
 8.38892459e+01
 5.58663850e+01
 9.71319509e+01
 8.29574945e+01
 5.98573805e+01
 5.47554276e+00
 2.59782808e+01
 3.81391711e+01
 7.98540766e+01
 8.16573818e+01
 6.64915330e+01
 5.76315038e+01
 6.00163132e+01
 6.57086202e+01
 5.37451162e+01
 5.79221321e+01
 3.79655324e+01
 5.31489913e+01
 1.24401607e+02
 4.61065978e+01
 9.01479444e+01
 5.22034265e+01
 5.76514351e+01
 4.10926671e+01
 3.71616520e+01
 9.16897024e+01
 6.69847519e+01
 6.13160614e+01
 8.36502318e+01
 2.67321963e+01
 6.58484119e+01
 2.11646243e+01
 1.19474017e+02
 2.76606946e+01
 3.70950092e+01
 2.19068587e+01
 8.46816752e+01
 1.75040950e+02
 4.66579017e+01
 1.81489973e+01
 1.90931373e+01
 7.28426200e+01
 7.89834584e+01
 4.91080148e+01
 6.58433402e+01
 7.07456652e+01
 1.10024371e+02
 3.95184910e+01
 1.11651797e+02
 2.42932671e+01
 5.00913943e+01
 4.87432647e+00
 4.40388711e+01
 1.51691741e+01
 8.04764381e+01
 1.17422737e+02
 4.83501409e+01
 1.11709921e+02
 1.06170936e+02
 7.37866915e+01
 1.36061215e+02
 8.77186479e+01
 4.54001621e+01
 8.53978164e+00
 1.33866697e+01
 4.41243464e+01
 7.92432130e+01
 7.15823667e+01
 7.97037370e+01
 1.34030054e+01
 7.05694933e+01
 5.83984803e+01
 2.25049322e+01
 1.05889374e+02
 4.22601387e+01
 5.35047701e+01
 2.98695225e+01
 6.79309732e+00
 6.62994795e+01
 3.20167078e+01
 6.60152383e+01
 1.05163893e+02
 4.86638331e+01
 5.96939060e+01
 6.94551198e+01
 2.61891231e+01
 1.34481745e+01
 4.87103021e+01
 5.55754400e+01
 2.12490952e+01
 2.84438029e+01
 1.85208276e+01
 7.87144179e+01
 4.57752355e+01
 5.93596248e+01
 1.26610612e+02
 7.80743163e+01
 8.11371860e+01
 5.21506724e+01
 4.02379657e+01
 8.67972004e+01
 6.28892982e+01
 3.96988615e+01
 5.96189999e+00
 1.25524087e+01
 2.29983901e+01
 7.24972145e+01
 7.33422840e+01
 5.60189563e+01
 5.06688142e+01
 7.92300131e+01
 5.71127937e+01
 3.72417314e+01
 5.75587227e+01
 1.71385946e+01
 7.71148739e+01
 7.13417121e+01
 3.07003559e+01
 1.14143748e+02
 8.09191794e+01
 1.40145749e+02
 7.02066281e+01
 5.20476064e+01
 4.19835917e+01
 5.74515572e+01
 1.43761139e+01
 7.95477849e+01
 2.47004556e+00
 9.35682994e+01
 1.03621779e+02
 4.15646111e+01
 3.43255900e+01
 4.22310925e+00
 2.76643980e+01
 6.31636115e+01
 1.66254288e+01
 2.53352451e+01
 2.80604738e+01
 1.33041700e+01
 8.00185668e+00
 1.17782134e+02
 1.11658832e+02
 6.80804176e+01
 8.96023702e+01
 1.51683547e+02
 9.97551893e+01
 2.20033531e+01
 6.92835095e+01
 6.59313769e+00
 8.96172106e+00
 6.58750130e+01
 2.40661484e+01
 3.26042435e+01
 8.77439511e+01
 2.19910197e+01
 1.67263748e+02
 6.82922612e+01
 8.98451800e+01
 1.12467244e+02
 3.35532981e+00
 1.05536955e+01
 9.52370221e+00
 2.32845259e+01
 1.22104535e+02
 7.41976626e+01
 8.53724907e+01
 6.39022357e+01
 7.58461656e+01
 5.79674832e+01
 5.33407353e+01
 3.81719980e+01
 3.53406015e+01
 5.17199977e+01
 2.13187023e+01
 3.06250888e+01
 5.47066237e+01
 1.09948836e+02
 7.05024795e+01
 1.67024203e+02
 3.82942157e+01
 7.63444863e+01
 1.53573559e+02
 9.59381583e+01
 6.73040430e+01
 2.13816104e+01
 2.01815825e+01
 4.77919677e+01
 2.94199026e+01
 5.48607984e+01
 5.19835131e+01
 3.92235461e+01
 4.53009919e+01
 5.52101053e+01
 1.62779070e+02
 6.93941666e+01
 3.31273310e+01
 7.35082967e+01
 5.16859485e+01
 3.69209479e+01
 3.80357703e+01
 1.12663143e+02
 6.44861941e+01
 1.26445783e+02
 1.53532413e+01
 1.61608666e+01
 6.87827234e+01
 2.76895092e+01
 1.70030537e+01
 5.08268223e+01
 4.01148184e+01
 5.61072363e+01
 9.72815144e+01
 4.43505269e+01
 4.37499419e+01
 1.08944138e+01
 4.70602838e+01
 1.34357515e+02
 4.68253374e+01
 6.00423908e+01
 6.64000079e+01
 1.84667259e+01
 3.32447745e+01
 2.78397747e+01
 6.59483448e+01
 3.71758500e+01
 9.96396131e+01
 7.80242628e+01
 1.37154242e+02
 1.05224669e+01
 5.88388928e+01
 1.32892431e+02
 4.72207036e+01
 2.47320231e+01
 8.42771807e+01
 1.08927037e+01
 2.82199666e+01
 4.79724356e+01
 8.24212299e+01
 7.54926985e+01
 8.27269134e+01
 8.42708823e+01
 4.05058248e+01
 2.55764775e+01
 3.78281450e+01
 7.19858172e+01
 6.26699399e+00
 1.06977736e+02
 4.64134996e+01
 3.24803149e+01
 1.00244591e+02
 2.60327593e+01
 2.58433951e+01
 4.05462402e+01
 3.42145405e+01
 9.22459069e+01
 4.13374549e+01
 7.86403199e+01
 3.59997576e+01
 4.58667702e+01
 5.47855545e+01
 9.59636479e+01
 1.80580022e+02
 5.32357198e+01
 1.51281097e+02
 1.14857008e+02
 3.60613989e+01
 2.62549944e+01
 2.40664520e+01
 8.99320572e+01
 1.14624686e+01
 5.53976225e+01
 5.37346116e+01
 4.03815527e+01
 3.51668020e+01
 7.99657424e+01
 1.39073081e+02
 5.91200022e+01
 1.32537163e+02
 2.73143651e+01
 3.62301424e+01
 4.54415242e+01
 4.49390636e+01
 4.46575201e+01
 2.75931100e+01
 3.35534150e+01
 1.61985618e+02
 8.48948574e+01
 1.13648813e+02
 8.50751270e+01
 2.52017844e+01
 2.95658522e+01
 2.66515886e+01
