 1.83361206e+00
 3.71318970e+00
 5.15917358e+00
 8.72503052e+00
 1.46398560e+01
 1.74874512e+01
 2.02090088e+01
 1.85778748e+01
 1.54267212e+01
 1.14998413e+01
 7.89470825e+00
 5.52706299e+00
 3.40978394e+00
 5.83831177e+00
 5.34484253e+00
 1.15134216e+01
 1.49777466e+01
 2.23121277e+01
 2.09061218e+01
 2.16396423e+01
 1.74132324e+01
 1.29222656e+01
 4.09441528e+00
 2.55751953e+00
 6.39000854e+00
 6.01223145e+00
 6.92086182e+00
 8.84218750e+00
 1.28635193e+01
 1.69898010e+01
 2.18453918e+01
 2.25058533e+01
 1.60211121e+01
 1.25095154e+01
 4.69124756e+00
 6.82964478e+00
 3.53423462e+00
 3.85613403e+00
 4.54195557e+00
 9.75628052e+00
 1.24867798e+01
 2.03181396e+01
 1.98800903e+01
 2.08373962e+01
 1.70249573e+01
 1.02412354e+01
 8.75856934e+00
 -8.86968994e-01
 3.68218994e-01
 5.12801514e+00
 7.08254395e+00
 8.73491821e+00
 1.36558167e+01
 1.95121094e+01
 2.13197571e+01
 2.19770752e+01
 1.85465637e+01
 1.29778687e+01
 2.49013672e+00
 2.45736084e+00
 1.23803711e-01
 -1.85932007e+00
 5.29039917e+00
 7.36861572e+00
 1.17511841e+01
 1.60115295e+01
 2.22072998e+01
 2.17148071e+01
 1.71877380e+01
 1.58755432e+01
 3.06008301e+00
 3.69609985e+00
 2.01473389e+00
 6.01345215e+00
 5.30339966e+00
 1.01022278e+01
 1.41946350e+01
 1.97840820e+01
 1.86428467e+01
 1.83494812e+01
 1.80236755e+01
 1.20882202e+01
 3.65700684e+00
 1.98900757e+00
 2.27172241e+00
 4.11693726e+00
 7.97084961e+00
 9.35405884e+00
 1.18001343e+01
 1.50274292e+01
 2.15380493e+01
 2.19641663e+01
 1.51806885e+01
 1.02906738e+01
 2.70577393e+00
 1.26238403e+00
 1.43261108e+00
 4.34686279e-01
 1.76732788e+00
 8.11428223e+00
 1.42687622e+01
 1.84139648e+01
 2.02630249e+01
 2.04799438e+01
 1.51169678e+01
 1.30802246e+01
 9.35939941e+00
 5.46755371e+00
 1.22771606e+00
 3.35320435e+00
 4.55230103e+00
 7.52193604e+00
 1.46715942e+01
 1.63289734e+01
 1.78322998e+01
 1.72931152e+01
 1.33247620e+01
 1.13655029e+01
 4.72570190e+00
 2.53820190e+00
 2.01879272e+00
 1.25490723e+00
 4.89244995e+00
 7.97875366e+00
 1.38023621e+01
 1.96568848e+01
 2.35821472e+01
 1.98939453e+01
 1.36149536e+01
 1.00384155e+01
 7.06875000e+00
 1.31484375e+00
 -1.34527588e-01
 2.01793823e+00
 4.32436523e+00
 1.08283020e+01
 1.38145691e+01
 1.79742371e+01
 1.88380981e+01
 1.89518982e+01
 1.54804016e+01
 1.42930237e+01
 8.06130371e+00
 4.87966309e+00
 7.50939941e-01
 1.97619019e+00
 6.61690674e+00
 9.76021729e+00
 1.51375977e+01
 1.66650024e+01
 2.15013672e+01
 1.75266663e+01
 1.75842224e+01
 1.24514099e+01
 5.71328125e+00
 2.14724121e+00
 9.07342529e-01
 2.08873901e+00
 4.04104004e+00
 7.93218384e+00
 1.38420654e+01
 1.80952087e+01
 2.29768921e+01
 2.09105774e+01
 1.68094727e+01
 1.20606323e+01
 7.41063843e+00
 4.66945801e+00
 4.77929688e-01
 1.86098633e+00
 5.70549927e+00
 7.39528809e+00
 1.29468018e+01
 1.65560852e+01
 2.11121765e+01
 1.82537476e+01
 1.61940247e+01
 1.10506531e+01
 6.40261230e+00
 1.35753784e+00
 3.76815186e+00
 5.19464111e-01
 5.12954102e+00
 9.99379883e+00
 1.54689270e+01
 1.97873779e+01
 1.98098083e+01
 2.21545959e+01
 1.41594177e+01
 1.36697021e+01
 6.50640259e+00
 4.04055176e+00
 -1.36170044e+00
 1.80526123e+00
 5.51412354e+00
 1.15230957e+01
 1.29854675e+01
 1.72744690e+01
 2.05581909e+01
 1.89914490e+01
 1.85848328e+01
 1.13943420e+01
 8.47567139e+00
 4.25499878e+00
 5.25197754e+00
 5.30883179e+00
 4.40453491e+00
 9.28893433e+00
 1.29908691e+01
 1.85501648e+01
 2.31714111e+01
 2.38526550e+01
 1.73749939e+01
 1.06430603e+01
 5.10695801e+00
 3.44500122e+00
 2.37758789e+00
 2.82994995e+00
 2.00335083e+00
 8.66152344e+00
 1.71456238e+01
 1.78856445e+01
 1.93336426e+01
 2.19300476e+01
 1.55093628e+01
 9.75115356e+00
 5.13201294e+00
 2.95290527e+00
 7.96533203e-01
 -1.79453125e+00
 6.29415283e+00
 9.24941406e+00
 1.40918213e+01
 1.87821594e+01
 2.14824158e+01
 2.33925110e+01
 1.86856018e+01
 8.71389160e+00
 7.53383789e+00
 5.72412109e-01
 4.28423462e+00
 4.83657227e+00
 5.63701782e+00
 8.39711914e+00
 1.51544739e+01
 1.86609436e+01
 2.10344177e+01
 2.21277405e+01
 1.92908875e+01
 1.45566956e+01
 8.65032349e+00
 3.92974243e+00
 1.86147461e+00
 4.61986694e+00
 5.36522827e+00
 9.10787354e+00
 1.37502380e+01
 1.75847717e+01
 1.97054993e+01
 2.09683167e+01
 1.82283264e+01
 9.79570923e+00
 7.21157227e+00
 4.39690552e+00
 3.51556396e-01
 4.39968262e+00
 5.56597290e+00
 8.41719971e+00
 1.63603760e+01
 1.90776306e+01
 2.18649536e+01
 2.17870422e+01
 1.82220703e+01
 1.13673645e+01
 6.95507202e+00
 4.54738770e+00
 9.90899658e-01
 2.27364502e+00
 5.85723267e+00
 7.74923096e+00
 1.17939392e+01
 1.84221436e+01
 1.97011047e+01
 1.90425049e+01
 1.53499390e+01
 1.21504456e+01
 3.84978638e+00
 2.94817505e+00
 3.36663818e-01
 -9.62164307e-01
 5.19240723e+00
 6.04259644e+00
 1.44529663e+01
 1.79561401e+01
 2.43531128e+01
 2.07748352e+01
 1.47942139e+01
 1.00767151e+01
 4.20507202e+00
 2.38619385e+00
 -2.31689453e-02
 3.28630981e+00
 4.92138062e+00
 9.34026489e+00
 1.24118591e+01
 1.69664551e+01
 2.24097534e+01
 2.24664856e+01
 1.40380493e+01
 1.26849915e+01
 5.72548828e+00
 -1.47229614e+00
 -5.40563965e-01
 2.16005859e+00
 4.66448364e+00
 1.03756958e+01
 1.44669739e+01
 1.57675720e+01
 2.27250000e+01
 2.42248779e+01
 1.63399597e+01
 1.43055969e+01
 1.01274963e+01
 5.76680908e+00
 3.50899658e+00
 5.70703125e-01
 3.73812256e+00
 9.12966309e+00
 1.30459839e+01
 1.62455383e+01
 1.99255920e+01
 1.81590820e+01
 1.40688110e+01
 1.17229553e+01
 6.44426880e+00
 3.81145630e+00
 3.84542236e+00
 4.42046509e+00
 4.56456909e+00
 8.07067261e+00
 1.45693298e+01
 1.84291016e+01
 2.11992432e+01
 2.26686646e+01
 1.59876038e+01
 1.29773193e+01
 7.29549561e+00
 1.10808716e+00
 5.25371704e+00
 3.40526733e+00
 4.80532227e+00
 8.94686279e+00
 1.50408569e+01
 1.72676331e+01
 1.97391296e+01
 2.12580200e+01
 1.64685913e+01
 1.08694702e+01
 7.38775024e+00
 3.05422363e+00
 3.89327393e+00
 3.70214233e+00
 4.51421509e+00
 8.66399536e+00
 1.08320862e+01
 2.01243225e+01
 2.25512329e+01
 2.39680725e+01
 2.02561279e+01
 1.37689453e+01
 6.26815186e+00
 3.06899414e+00
 3.31606445e+00
 3.38762817e+00
 2.11718140e+00
 8.76976929e+00
 1.30815674e+01
 1.55128113e+01
 2.14568115e+01
 2.02585388e+01
 1.57972046e+01
 1.01590210e+01
 5.37066040e+00
 4.90529785e+00
 -3.27825928e-01
 4.23381958e+00
 6.76009521e+00
 1.10741821e+01
 1.19073730e+01
 1.72198120e+01
 2.09293457e+01
 1.92220093e+01
 1.56917664e+01
 8.50225220e+00
 7.20900879e+00
 4.24373779e+00
 2.39635620e+00
 1.69060669e+00
 5.03908691e+00
 1.09249512e+01
 1.22122742e+01
 1.68669067e+01
 2.19526001e+01
 2.10753418e+01
 1.70820557e+01
 1.16587769e+01
 6.12096558e+00
 5.49129639e+00
 3.79021606e+00
 3.57476196e+00
 4.30376587e+00
 8.88979492e+00
 1.51634766e+01
 1.82439209e+01
 2.42872864e+01
 2.10700928e+01
 1.57197510e+01
 1.64385620e+01
 8.61406860e+00
 3.94487915e+00
 4.81231079e+00
 2.47451172e+00
 3.52068481e+00
 7.99733887e+00
 1.40625549e+01
 1.79791504e+01
 2.30934692e+01
 2.47689758e+01
 1.71243530e+01
 1.31378113e+01
 3.96938477e+00
 3.64067993e+00
 2.06685791e+00
 -3.29992676e-01
 3.61885986e+00
 8.89190063e+00
 1.27336060e+01
 1.71049133e+01
 2.02967468e+01
 2.05706421e+01
 1.79082886e+01
 9.46575317e+00
 8.03048096e+00
 7.21129761e+00
 -1.98761597e+00
 2.14644775e+00
 4.04540405e+00
 7.97249756e+00
 1.49110352e+01
 1.91963135e+01
 1.91890198e+01
 2.12777649e+01
 1.51227051e+01
 1.24795776e+01
 8.41286621e+00
 3.68001709e+00
 1.04583130e+00
 4.58980713e+00
 6.36376343e+00
 9.50777588e+00
 1.20607849e+01
 1.56411377e+01
 2.19660583e+01
 2.47843872e+01
 1.85463501e+01
 1.09316345e+01
 5.49074707e+00
 7.62511597e+00
 -2.54193726e+00
 6.83953857e-01
 6.91970215e+00
 1.12417542e+01
 1.38415771e+01
 1.61342102e+01
 2.13594910e+01
 2.28282104e+01
 1.54001099e+01
 1.29189697e+01
 4.01140747e+00
 3.49309692e+00
 -2.67614746e-01
 7.93511963e-01
 6.82747803e+00
 8.48449097e+00
 1.32271667e+01
 1.83655640e+01
 2.17859131e+01
 2.46166931e+01
 1.75360352e+01
 9.10799561e+00
 6.85045776e+00
 1.92958984e+00
 2.34209595e+00
 4.87780151e+00
 6.15084229e+00
 7.38881836e+00
 1.20898987e+01
 1.77448364e+01
 2.21648193e+01
 2.29192444e+01
 1.64828735e+01
 1.41790710e+01
 5.53444824e+00
 3.50490723e+00
 4.86385498e+00
 4.09902344e+00
 5.59865723e+00
 1.07251831e+01
 1.31223999e+01
 1.86567627e+01
 2.30329834e+01
 1.83304993e+01
 1.50257202e+01
 1.11309448e+01
 9.43831787e+00
 4.02791748e+00
 3.83135376e+00
 3.99773560e+00
 4.09157715e+00
 9.18047485e+00
 1.26408020e+01
 1.80648438e+01
 2.27392517e+01
 2.42523438e+01
 2.26563965e+01
 1.40067688e+01
 5.87285767e+00
 4.80108032e+00
 1.93999634e+00
 4.07741699e+00
 8.36473999e+00
 9.07430420e+00
 1.48413025e+01
 2.12914063e+01
 1.95750977e+01
 2.02713562e+01
 1.96261841e+01
 1.36611572e+01
 5.71114502e+00
 6.23320923e+00
 4.07244263e+00
 4.14989624e+00
 2.63466797e+00
 9.34667358e+00
 1.35428406e+01
 1.76228577e+01
 2.20291992e+01
 1.95960022e+01
 1.49129578e+01
 1.20419250e+01
 4.95440063e+00
 3.90282593e+00
 -4.37628174e-01
 1.71358643e+00
 3.84017334e+00
 7.44686279e+00
 1.45087524e+01
 1.81656128e+01
 2.31647278e+01
 1.89687134e+01
 1.74571777e+01
 1.22108398e+01
 6.03637085e+00
 2.23397217e+00
 -1.98126221e-01
 1.41076050e+00
 9.75701904e-01
 1.51514221e+01
 1.30133606e+01
 1.81670166e+01
 2.04943481e+01
 2.11808716e+01
 1.69553467e+01
 1.07991882e+01
 3.50393066e+00
 5.99337158e+00
 5.00783691e+00
 3.87166748e+00
 6.92516479e+00
 9.35347900e+00
 1.43883911e+01
 1.85770203e+01
 2.05621582e+01
 2.12088867e+01
 1.54804321e+01
 1.37110840e+01
 8.05925903e+00
 5.58321533e+00
 4.02993164e+00
 5.67369995e+00
 5.57277832e+00
 9.37841187e+00
 1.46657959e+01
 1.93402344e+01
 2.16651855e+01
 2.48330017e+01
 1.73427979e+01
 9.72777710e+00
 5.30639038e+00
 4.18175659e+00
 9.15246582e-01
 7.71752930e-01
 4.94536743e+00
 7.77276001e+00
 1.44609314e+01
 1.70700012e+01
 2.15368896e+01
 2.36475769e+01
 1.72906128e+01
 1.15550781e+01
 2.05913696e+00
 4.75814209e+00
 4.02773438e+00
 2.82872925e+00
 3.84456787e+00
 9.92717896e+00
 1.38658691e+01
 1.86472412e+01
 2.42398926e+01
 2.33294006e+01
 1.50667969e+01
 1.36224304e+01
 1.01010986e+01
 -1.36474609e-02
 4.45897827e+00
 3.18123779e+00
 3.41991577e+00
 8.45324097e+00
 1.61723877e+01
 1.68427368e+01
 2.04526611e+01
 2.35365540e+01
 1.74011475e+01
 9.21169434e+00
 9.60448608e+00
 4.08623657e+00
 3.95900879e+00
 5.71090088e+00
 6.06151733e+00
 7.91619263e+00
 1.54584595e+01
 2.03665100e+01
 2.32658020e+01
 2.18527161e+01
 1.70811707e+01
 1.22275635e+01
 6.40789185e+00
 4.74816284e+00
 -5.65710449e-01
 5.38323975e-01
 2.09942017e+00
 7.96065674e+00
 1.43287598e+01
 1.89737793e+01
 2.24808289e+01
 2.41671692e+01
 1.86989380e+01
 1.06209656e+01
 8.39672241e+00
 1.86046753e+00
 1.24401245e+00
 1.56551514e+00
 4.44390259e+00
 1.07054382e+01
 1.44126831e+01
 2.05866333e+01
 2.51795288e+01
 2.19327332e+01
 1.78207031e+01
 1.11901489e+01
 4.71422729e+00
 9.06091309e-01
 1.71224365e+00
 5.65786133e+00
 6.74901733e+00
 8.34905396e+00
 1.27618958e+01
 1.80025879e+01
 2.32986389e+01
 2.07899109e+01
 1.52384888e+01
 1.28755127e+01
 7.73436890e+00
 7.61275635e+00
 5.18624268e+00
 2.61724243e+00
 4.42540894e+00
 1.16213013e+01
 1.65389954e+01
 2.19621521e+01
 2.25060974e+01
 2.07086121e+01
 1.83177429e+01
 1.41390930e+01
 2.75762329e+00
 3.28447876e+00
 2.67415771e+00
 7.06362305e+00
 6.85518799e+00
 1.20942017e+01
 1.42407471e+01
 1.81022583e+01
 2.61109558e+01
 2.13955933e+01
 1.65044800e+01
 1.21335083e+01
 3.85585938e+00
 3.15554199e+00
 3.57988892e+00
 4.48272095e+00
 7.50942383e+00
 8.21422729e+00
 1.34186340e+01
 1.68431641e+01
 2.01134888e+01
 1.92925049e+01
 1.86711670e+01
 1.08184753e+01
 7.11721191e+00
 3.53737793e+00
 1.23327026e+00
 7.82979736e+00
 4.05568848e+00
 1.06689087e+01
 1.34058167e+01
 1.77746216e+01
 2.33243347e+01
 2.14442993e+01
 1.79821716e+01
 1.15549255e+01
 4.78087769e+00
 2.08852539e+00
 1.98510742e-01
 3.97045288e+00
 7.11782227e+00
 8.85631714e+00
 1.21366821e+01
 2.00851074e+01
 2.17013794e+01
 2.05498291e+01
 1.81479736e+01
 1.05345398e+01
 1.05261169e+01
 6.50829468e+00
 -1.95145264e+00
 4.05080566e+00
 6.49227295e+00
 1.15066162e+01
 1.66404968e+01
 1.90966736e+01
 2.51289307e+01
 2.40011536e+01
 1.77307678e+01
 1.49569946e+01
 7.85323486e+00
 2.09581909e+00
 2.33028564e+00
 1.83593140e+00
 4.06023560e+00
 1.07680298e+01
 1.33961121e+01
 1.78746582e+01
 1.96156860e+01
 1.90455872e+01
 1.71416565e+01
 1.40130859e+01
 8.60924683e+00
 3.90316162e+00
 3.22078857e+00
 5.22258911e+00
 5.45156250e+00
 9.48717651e+00
 1.68813110e+01
 1.97357117e+01
 2.32952820e+01
 2.48841797e+01
 1.86911560e+01
 1.01183105e+01
 8.48000488e+00
 5.98400269e+00
 3.07946777e-01
 3.42305908e+00
 5.18975220e+00
 9.44622192e+00
 1.28695618e+01
 1.98043762e+01
 2.35800110e+01
 2.21556641e+01
 1.65708252e+01
 1.20367676e+01
 5.79198608e+00
 4.93532715e+00
 3.32155762e+00
 5.80037842e+00
 6.50231323e+00
 1.13754822e+01
 1.39211365e+01
 2.09658447e+01
 1.97372375e+01
 2.23632446e+01
 1.83561035e+01
 1.10472351e+01
 1.07058350e+01
 4.61586914e+00
 -7.39807129e-02
 3.60149536e+00
 5.59926758e+00
 9.47847900e+00
 1.20888000e+01
 1.75436035e+01
 2.35517517e+01
 2.35930420e+01
 2.02065369e+01
 1.52033630e+01
 1.12874390e+01
 3.73824463e+00
 6.00988159e+00
 2.76397095e+00
 6.02309570e+00
 1.11648499e+01
 1.52215210e+01
 1.85959412e+01
 2.53440491e+01
 2.36609741e+01
 1.82365662e+01
 1.11331421e+01
 5.04284058e+00
 2.97234497e+00
 4.89766846e+00
 5.59642944e+00
 1.22866455e+01
 1.01703125e+01
 1.51369263e+01
 2.13440796e+01
 2.44670959e+01
 2.10447327e+01
 1.90324646e+01
 1.58898865e+01
 8.09795532e+00
 6.70675049e+00
 5.05529175e+00
 3.41204224e+00
 7.21691284e+00
 1.03368774e+01
 1.38729187e+01
 1.80655151e+01
 2.02418762e+01
 2.01363159e+01
 1.71804443e+01
 1.45339600e+01
 7.38311157e+00
 2.90621338e+00
 3.21160278e+00
 2.63927612e+00
 3.96022949e+00
 1.13770386e+01
 1.57878967e+01
 1.94109741e+01
 1.84587341e+01
 2.06223083e+01
 1.55042664e+01
 9.82033691e+00
 9.32769165e+00
 2.70748291e+00
 -3.30908203e-01
 3.30071411e+00
 6.77697144e+00
 1.13769165e+01
 1.65544373e+01
 1.69898315e+01
 2.12876831e+01
 2.62208801e+01
 1.87598816e+01
 1.34875732e+01
 5.97826538e+00
 3.92369995e+00
 2.40780029e+00
 4.46828613e+00
 6.25917969e+00
 9.24691162e+00
 1.17636047e+01
 1.77998596e+01
 2.50905090e+01
 2.43081299e+01
 1.79786926e+01
 1.45143677e+01
 9.18413696e+00
 4.30544434e+00
 3.40288696e+00
 2.87001953e+00
 3.19802246e+00
 7.92125854e+00
 1.33861633e+01
 1.81147400e+01
 2.18118225e+01
 2.07575012e+01
 1.82500244e+01
 1.66193176e+01
 9.51384888e+00
 4.33388672e+00
 5.17946777e+00
 2.32454834e+00
 3.55812988e+00
 1.11606689e+01
 1.59564453e+01
 1.70067078e+01
 2.33325745e+01
 2.34475647e+01
 1.81942688e+01
 1.21459290e+01
 8.63082275e+00
 3.92778931e+00
 2.63668213e+00
 6.79824219e+00
 6.91982422e+00
 1.02724548e+01
 1.33543640e+01
 1.75111328e+01
 2.16356445e+01
 1.95821777e+01
 1.76097961e+01
 1.41665588e+01
 8.10216675e+00
 6.63677368e+00
 4.27071533e+00
 1.05223999e+00
 8.09911499e+00
 8.46242676e+00
 1.50776917e+01
 1.86036926e+01
 2.35335632e+01
 2.02676025e+01
 1.64309937e+01
 1.32156616e+01
 8.29491577e+00
 1.67482910e+00
 3.51979980e+00
 4.54299316e+00
 6.07222900e+00
 9.77391968e+00
 1.46870361e+01
 1.95794312e+01
 2.14743896e+01
 2.16530701e+01
 1.72371155e+01
 1.41829163e+01
 6.41616211e+00
 3.78551636e+00
 4.19909058e+00
 4.75869141e+00
 6.97585449e+00
 8.34026489e+00
 1.49810120e+01
 2.15427185e+01
 2.33522278e+01
 2.59946838e+01
 2.14411865e+01
 1.41267029e+01
 9.65178833e+00
 6.95827637e+00
 2.20516357e+00
 4.21791992e+00
 5.38088379e+00
 8.42904053e+00
 1.50336243e+01
 2.16726318e+01
 2.81837402e+01
 2.37604614e+01
 1.73099609e+01
 1.28106934e+01
 7.48186646e+00
 5.40694580e+00
 4.13814697e+00
 6.10976563e+00
 8.42809448e+00
 9.77648315e+00
 1.53114563e+01
 2.04601990e+01
 2.29070068e+01
 2.24105774e+01
 1.77215515e+01
 1.16003662e+01
 6.25026855e+00
 6.44909058e+00
 1.17330322e+00
 5.00396118e+00
 6.83947144e+00
 7.50243530e+00
 1.41599365e+01
 1.85770508e+01
 2.25967651e+01
 2.55627991e+01
 2.01935669e+01
 1.25861755e+01
 8.73861084e+00
 6.41289673e+00
 4.04030762e+00
 4.28948364e+00
 6.84353027e+00
 8.92403564e+00
 1.29835754e+01
 2.03396545e+01
 2.52964417e+01
 2.59503113e+01
 1.77924438e+01
 1.23765198e+01
 7.13198242e+00
 6.77404175e+00
 6.69860229e+00
 5.92873535e+00
 6.96468506e+00
 9.80101929e+00
 1.28339478e+01
 1.91962830e+01
 2.30669189e+01
 2.33892151e+01
 1.75591370e+01
 1.30398499e+01
 9.27886353e+00
 5.26992188e+00
 4.20287476e+00
 4.64290771e+00
 7.44298706e+00
 1.19408203e+01
 1.38027893e+01
 1.97362000e+01
 2.09865662e+01
 2.20007568e+01
 1.55942017e+01
 1.36077820e+01
 9.82640991e+00
 1.74990234e+00
 2.79058228e+00
 5.94146118e+00
 8.17492065e+00
 8.71148071e+00
 1.44081360e+01
 1.68796936e+01
 2.25400330e+01
 2.27217957e+01
 1.58379761e+01
 1.31430603e+01
 9.78511963e+00
 6.31362305e+00
 5.83400879e+00
 5.09777222e+00
 1.06242615e+01
 9.54580078e+00
 1.27470947e+01
 1.58263184e+01
 2.35742432e+01
 2.16982666e+01
 1.79410645e+01
 1.23002563e+01
 8.32018433e+00
 4.64129028e+00
 5.32042847e+00
 5.05309448e+00
 6.32613525e+00
 1.08218323e+01
 1.62752319e+01
 1.87837158e+01
 2.01154419e+01
 2.18698669e+01
 1.65928284e+01
 1.67363831e+01
 9.77086792e+00
 5.52700195e+00
 3.62661133e+00
 4.63851318e+00
 5.68901978e+00
 9.20644531e+00
 1.29441772e+01
 1.93409363e+01
 2.45437561e+01
 2.41834656e+01
 1.81903931e+01
 1.54323975e+01
 8.31411133e+00
 6.55153809e+00
 5.90093384e+00
 1.04668579e+00
 6.71715698e+00
 9.01751099e+00
 1.42645508e+01
 1.79770447e+01
 2.21207214e+01
 2.26882568e+01
 1.85475098e+01
 1.35640808e+01
 1.13296143e+01
 5.70540771e+00
 4.92092285e+00
 6.37371216e+00
 5.24245605e+00
 1.03164612e+01
 1.57578979e+01
 1.99758240e+01
 2.45520569e+01
 2.53221680e+01
 1.86509949e+01
 1.56733032e+01
 9.29607544e+00
 6.57048950e+00
 7.95922241e+00
 4.21154175e+00
 8.26970825e+00
 9.36419067e+00
 1.60864502e+01
 1.71428162e+01
 2.20941711e+01
 2.10999695e+01
 1.84445740e+01
 1.58041321e+01
 1.03472839e+01
 7.97292480e+00
 4.88060913e+00
 5.99852905e+00
 7.04296265e+00
 1.30995422e+01
 1.68453613e+01
 2.13274475e+01
 2.52837158e+01
 2.33299805e+01
 2.01057678e+01
 1.41799561e+01
 7.85170898e+00
 6.64119873e+00
 4.08242188e+00
 5.33171997e+00
 8.93929443e+00
 9.33898315e+00
 1.50613953e+01
 1.94903503e+01
 2.76531921e+01
 2.88149963e+01
 2.22304321e+01
 1.31919189e+01
 7.64107666e+00
 5.94164429e+00
 1.33910522e+00
 4.81438599e+00
 9.32213745e+00
 9.90157471e+00
 1.26305481e+01
 1.87276550e+01
 2.32815796e+01
 2.39212280e+01
 1.90939880e+01
 1.48734070e+01
 7.44515381e+00
 3.64040527e+00
 3.98485718e+00
 9.28377686e+00
 8.44216309e+00
 1.19964233e+01
 1.61744019e+01
 1.69167725e+01
 2.20030762e+01
 2.33278442e+01
 1.84659973e+01
 1.34992920e+01
 7.96138916e+00
 3.44997559e+00
 2.17473755e+00
 5.69039307e+00
 9.40462646e+00
 1.29871155e+01
 1.61824585e+01
 1.65263916e+01
 2.35254761e+01
 2.34858948e+01
 1.96647583e+01
 1.19393250e+01
 9.65535889e+00
 5.71257935e+00
 5.18453369e+00
 4.24715576e+00
 5.10054932e+00
 1.21575867e+01
 1.87481323e+01
 2.11020447e+01
 2.47443787e+01
 2.62315918e+01
 2.13017212e+01
 1.33922974e+01
 1.11928955e+01
 7.47023926e+00
 3.50853882e+00
 4.25496826e+00
 1.05776611e+01
 1.02161499e+01
 1.38155151e+01
 2.30806519e+01
 2.34121948e+01
 2.44021851e+01
 1.86157471e+01
 1.36474548e+01
 9.72640381e+00
 5.16945801e+00
