 8.89484406e+01
 9.27618179e+01
 1.20743164e+02
 8.45215912e+01
 1.00638199e+02
 7.73162031e+00
 6.07485352e+01
 2.61071587e+01
 5.26859512e+01
 6.03658371e+01
 1.21519760e+02
 3.27134590e+01
 9.64121475e+01
 6.22579727e+01
 7.93760529e+01
 1.27175705e+02
 1.40983139e+02
 1.97777348e+01
 2.93995361e+01
 1.25123779e+02
 1.59078430e+02
 1.09889549e+02
 8.51365585e+01
 9.99599380e+01
 8.99492874e+01
 4.31997108e+01
 2.19541168e+01
 8.76859818e+01
 1.18548737e+02
 1.36247864e+02
 1.36975296e+02
 7.88464203e+01
 6.50989199e+00
 1.07048470e+02
 1.62515549e+02
 2.52172184e+01
 9.62239151e+01
 4.98831749e+01
 4.84176979e+01
 3.42535515e+01
 2.77324467e+01
 2.49686127e+01
 9.08935013e+01
 3.64080162e+01
 7.20611954e+01
 8.67257690e+01
 1.24263954e+02
 8.92485657e+01
 3.07753696e+01
 2.36934738e+01
 1.08428871e+02
 7.58479919e+01
 7.36574783e+01
 6.55156555e+01
 3.88885155e+01
 7.90891418e+01
 7.82716675e+01
 1.94358856e+02
 1.53284912e+02
 4.66996880e+01
 4.24841118e+01
 4.21778069e+01
 5.80839615e+01
 1.59357117e+02
 1.48798019e+02
 1.20965137e+01
 2.21514702e+01
 2.10034576e+02
 9.77903061e+01
 8.57368546e+01
 6.72630157e+01
 8.46551590e+01
 2.50441113e+01
 4.53055038e+01
 5.93349342e+01
 3.09961109e+01
 8.86090240e+01
 1.60557068e+02
 1.98483398e+02
 1.00180237e+02
 4.29228821e+01
 8.36039810e+01
 4.65748138e+01
 7.06301498e+01
 5.19485397e+01
 1.74824677e+02
 8.24211025e+00
 5.03955269e+01
 6.37563248e+01
 1.36156082e+02
 1.52023220e+01
 4.44368631e-01
 1.43123306e+02
 9.86562042e+01
 6.10262489e+01
 6.04399490e+01
 1.00949036e+02
 9.83867264e+01
 1.13189423e+02
 1.10611099e+02
 1.24035063e+01
 7.84720612e+01
 1.46671371e+02
 5.04175282e+00
 9.11636448e+00
 7.53678360e+01
 2.02292297e+02
 4.32558403e+01
 6.87199554e+01
 6.20903664e+01
 1.73402893e+02
 1.18012062e+02
 1.37495926e+02
 1.77182587e+02
 5.10952377e+01
 3.12827530e+01
 7.00685806e+01
 1.64715286e+02
 1.04644424e+02
 7.61109390e+01
 1.02084663e+02
 3.03913460e+01
 2.48417892e+01
 5.97771568e+01
 1.40729919e+02
 1.22307503e+02
 8.86159744e+01
 5.01792603e+01
 2.50368042e+01
 7.90767593e+01
 6.31655922e+01
 2.50928650e+01
 2.35100574e+01
 9.33875732e+01
 6.06993637e+01
 5.28298492e+01
 6.62366714e+01
 1.68655273e+02
 1.51273590e+02
 4.25965042e+01
 4.56090431e+01
 6.59794006e+01
 1.64844437e+02
 1.08920883e+02
 5.49628220e+01
 5.92028236e+01
 9.20152283e+01
 1.64107609e+01
 4.34681931e+01
 1.10876831e+02
 6.37585640e+01
 9.24342041e+01
 8.23503647e+01
 7.60652008e+01
 9.84970932e+01
 1.12336563e+02
 1.10634575e+02
 2.62898693e+01
 3.67123604e+01
 8.34116669e+01
 5.80550613e+01
 4.42008286e+01
 6.49940109e+01
 3.11058159e+01
 2.71752968e+01
 1.25953377e+02
 1.36160110e+02
 3.11246109e+01
 9.79750347e+00
 3.37971497e+01
 5.15230331e+01
 6.99920578e+01
 7.46338501e+01
 5.99993858e+01
 1.73785152e+01
 4.11984539e+00
 8.99939041e+01
 1.20099838e+02
 1.15014824e+02
 4.64967499e+01
 8.49285583e+01
 6.45517349e+01
 9.87628326e+01
 1.38669235e+02
 4.03422966e+01
 1.06528969e+02
 1.60149704e+02
 1.66527756e+02
 8.30587158e+01
 4.88394356e+01
 7.25744781e+01
 6.15527840e+01
 1.15903717e+02
 6.23186035e+01
 9.94624176e+01
 1.55412521e+02
 3.29022980e+01
 1.68932907e+02
 1.18015244e+02
 1.10265457e+02
 1.15492546e+02
 7.25307770e+01
 1.18905609e+02
 3.79861832e+01
 4.93114891e+01
 7.11823120e+01
 2.51885471e+01
 1.18193352e+02
 1.19768967e+02
 6.34703293e+01
 5.01942177e+01
 5.64064484e+01
 5.74080009e+01
 1.46224487e+02
 5.12817955e+01
 6.38165321e+01
 4.33224068e+01
 7.38931122e+01
 8.20963287e+01
 1.09098328e+02
 4.59015579e+01
 1.78244324e+01
 1.50668518e+02
 5.69128380e+01
 1.74819168e+02
 1.17580627e+02
 1.18915398e+02
 5.04952927e+01
 1.01403221e+02
 1.17124565e+02
 2.85891438e+01
 8.38645859e+01
 1.48692490e+02
 2.28414536e+02
 1.01365105e+02
 1.41508770e+01
 1.68511490e+02
 5.75982704e+01
 1.36240067e+02
 4.28624153e+01
 9.54674454e+01
 1.17546967e+02
 1.22835121e+02
 1.16266205e+02
 1.47849213e+02
 1.61374985e+02
 1.18214241e+02
 6.45875092e+01
 4.29662628e+01
 4.64868660e+01
 1.79840637e+02
 6.43273544e+01
 4.82706833e+01
 9.65597153e+01
 4.68443413e+01
 1.35951294e+02
 1.68370117e+02
 8.15982285e+01
 6.50267105e+01
 1.08588860e+02
 3.49115028e+01
 9.46683426e+01
 1.61599777e+02
 8.75468445e+01
 5.04736061e+01
 1.26709618e+02
 2.61954479e+01
 1.28761810e+02
 5.37658653e+01
 1.74563828e+02
 3.60466728e+01
 6.95902939e+01
 1.01197113e+02
 6.45724869e+01
 1.70246765e+02
 4.38931122e+01
 1.82712955e+01
 6.35807266e+01
 1.09192009e+02
 1.01142838e+02
 7.88782806e+01
 2.50907001e+01
 2.97369137e+01
 1.26218979e+02
 5.75427094e+01
 1.45562286e+02
 7.36891556e+01
 6.37720604e+01
 6.30446472e+01
 1.29790680e+02
 6.22398453e+01
 5.38033676e+01
 1.15856163e+02
 1.51207336e+02
 6.62762833e+01
 6.04417458e+01
 1.02103569e+02
 1.82464264e+02
 1.13528908e+02
 5.67482643e+01
 9.51709747e+01
 5.82004967e+01
 4.68758698e+01
 7.26490936e+01
 2.31806274e+02
 6.60405884e+01
 1.08752914e+02
 5.67588882e+01
 4.32920914e+01
 1.36190964e+02
 1.10136292e+02
 1.80566750e+01
 1.46749847e+02
 7.43994370e+01
 8.07474060e+01
 1.02314934e+02
 1.59129181e+02
 9.74474182e+01
 1.67234741e+02
 1.39945847e+02
 1.38028900e+02
 1.18759834e+02
 1.13445694e+02
 6.17850304e+01
 7.62883606e+01
 3.75473213e+01
 7.52599487e+01
 5.02045517e+01
 1.13235886e+02
 6.76796646e+01
 1.31586533e+02
 7.69404831e+01
 4.70299377e+01
 7.02209778e+01
 1.04523743e+02
 6.02773552e+01
 6.67014771e+01
 9.21347351e+01
 6.05206108e+01
 6.86566620e+01
 8.51417160e+01
 8.78170242e+01
 7.96633377e+01
 1.20543831e+02
 1.07956100e+02
 1.31995346e+02
 8.99953003e+01
 3.45338135e+01
 3.04426718e+00
 6.68874893e+01
 7.67170334e+01
 1.11130936e+02
 1.00489151e+02
 1.85263657e+02
 1.39242523e+02
 5.32328262e+01
 2.83546814e+02
 6.35541458e+01
 1.46802170e+02
 1.07045250e+02
 5.13733253e+01
 1.69259033e+01
 7.70830841e+01
 8.05257645e+01
 1.86680374e+02
 1.18370514e+02
 3.48816757e+01
 3.41703491e+01
 1.38948257e+02
 1.18644073e+02
 4.15317307e+01
 1.13625549e+02
 9.37774734e+01
 1.33089493e+02
 4.98259239e+01
 8.22239609e+01
 9.02045135e+01
 1.01343498e+02
 4.18513451e+01
 4.49707336e+01
 7.34198227e+01
 9.41352158e+01
 5.74946060e+01
 1.17046974e+02
 8.81628647e+01
 2.34512577e+01
 7.50234756e+01
 4.05218086e+01
 1.69577560e+02
 9.12413406e+01
 8.28992081e+01
 2.55807476e+01
 1.41657227e+02
 4.47370529e+01
 7.86473846e+01
 8.74154510e+01
 9.43773117e+01
 9.58835678e+01
 3.20974808e+01
 3.62782097e+01
 1.16710800e+02
 1.74769577e+02
 9.69823380e+01
 5.13880692e+01
 1.73577133e+02
 3.31129608e+01
 2.69073429e+01
 1.12211723e+02
 1.45484360e+02
 5.68919983e+01
 3.46713982e+01
 1.73022644e+02
 1.01273560e+02
 8.50891113e+01
 9.90709305e+00
 5.52954330e+01
 1.20965065e+02
 6.77764282e+01
 5.24767685e+01
 9.08376541e+01
 9.37253265e+01
 1.20134521e+02
 5.32516594e+01
 1.23986374e+02
 1.55296936e+02
 1.06799934e+02
 4.56969357e+00
 9.41316910e+01
 1.89526348e+01
 1.53184555e+02
 7.31546402e+01
 1.26089737e+02
 7.41829071e+01
 4.47811584e+01
 8.80737534e+01
 4.44890938e+01
 1.14067184e+02
 1.03488407e+01
 1.14404053e+02
 6.13259125e+01
 1.32160004e+02
 1.30084518e+02
 3.92629051e+01
 1.03388206e+02
 3.97954826e+01
 2.74420071e+01
 7.34677429e+01
 9.26713791e+01
 7.93922501e+01
 1.21644531e+02
 1.42107971e+02
 5.42437897e+01
 6.39697189e+01
 1.27791496e+02
 3.54686012e+01
 5.75813599e+01
 9.66011276e+01
 5.57584763e+01
 6.76680527e+01
 1.46301861e+01
 1.28684645e+01
 6.26686821e+01
 7.75768852e+00
 1.24780083e+01
 1.06633446e+02
 1.28673843e+02
 1.00831390e+02
 7.09011993e+01
 8.63681793e+01
 7.70997086e+01
 9.38346634e+01
 2.00498260e+02
 1.09173981e+02
 8.00348129e+01
 8.67249146e+01
 1.11061621e+01
 1.61421089e+01
 8.68976440e+01
 4.20372963e+01
 9.48148880e+01
 7.46562653e+01
 6.35382767e+01
 7.22294846e+01
 1.37662003e+02
 1.94041382e+02
 1.06605400e+02
 6.15145922e+00
 7.64034195e+01
 1.83254299e+01
 9.60601349e+01
 9.47034836e+01
 9.88489380e+01
 1.07655235e+02
 6.56887360e+01
 6.76980896e+01
 7.53298798e+01
 9.46504745e+01
 1.33787506e+02
 3.89387970e+01
 7.91796570e+01
 7.32673416e+01
 8.33996887e+01
 4.20436554e+01
 1.16353088e+02
 1.11339684e+02
 6.03876915e+01
 4.39009933e+01
 9.63150177e+01
 6.88717804e+01
 1.63064255e+02
 1.84555454e+01
 2.07096653e+01
 6.90237350e+01
 1.44448761e+02
 1.17324760e+02
 2.87031517e+01
 7.84808884e+01
 7.32641449e+01
 1.24468185e+02
 8.00614624e+01
 9.43355637e+01
 1.29338120e+02
 1.24223213e+01
 1.44688654e+01
 1.48855728e+02
 9.74385529e+01
 1.24469543e+02
 1.09332451e+02
 1.58405190e+01
 5.81211166e+01
 4.60941162e+01
 7.88118515e+01
 1.26836006e+02
 6.91761627e+01
 3.39500885e+01
 8.38072586e+01
 4.80819359e+01
 5.44636078e+01
 7.50513306e+01
 7.92292023e+01
 2.85571308e+01
 1.24264458e+02
 6.08834229e+01
 4.21521492e+01
 1.16323898e+02
 1.54199783e+02
 8.92216644e+01
 3.30516243e+00
 2.79665985e+01
 1.01358582e+02
 5.13062172e+01
 7.54286728e+01
 5.98481407e+01
 4.93537979e+01
 1.98136642e+02
 1.12778259e+02
 6.81078415e+01
 1.13694855e+02
 1.97355515e+02
 1.14189171e+02
 1.60289764e+02
 1.26706490e+02
 8.46014023e+01
 7.60124207e+01
 2.26675606e+01
 4.70672951e+01
 1.53257263e+02
 7.67156830e+01
 1.10213310e+02
 1.20977715e+02
 5.94412956e+01
 6.42790375e+01
 9.68507004e+01
 8.97215652e+01
 7.97311783e+01
 7.76015167e+01
 1.04072258e+02
 5.30828857e+01
 2.94458141e+01
 1.05947472e+02
 1.23427422e+02
 1.75080200e+02
 7.65186234e+01
 4.14376602e+01
 4.15507050e+01
 1.94416000e+02
 8.71026688e+01
 3.36009369e+01
 4.89880371e+01
 5.89610443e+01
 6.64976196e+01
 5.40948601e+01
 2.66674713e+02
 1.40822372e+02
 3.49732552e+01
 4.80162144e+00
 1.77843567e+02
 5.68946190e+01
 1.32324432e+02
 6.35796890e+01
 1.81235218e+01
 8.73193054e+01
 6.86904068e+01
 4.75484238e+01
 1.42344940e+02
 2.44412155e+01
 1.13263683e+01
 3.41743088e+01
 5.10092010e+01
 7.76631470e+01
 1.10150627e+02
 5.21170883e+01
 7.82656250e+01
 5.00417480e+01
 6.65139008e+01
 2.18872406e+02
 1.14502808e+02
 1.82648972e+02
 1.95746937e+01
 6.95271759e+01
 7.10468216e+01
 1.14352936e+02
 8.27104111e+01
 1.05977531e+02
 6.75061188e+01
 4.55410194e+01
 4.61604576e+01
 8.24179077e+00
 9.49421082e+01
 1.37064133e+02
 5.91305962e+01
 5.00949812e+00
 1.02421516e+02
 8.10907211e+01
 5.81110458e+01
 9.82773209e+01
 4.47763557e+01
 2.11182594e+01
 5.66466408e+01
 9.69837570e+01
 1.29267548e+02
 2.34864273e+02
 1.45539688e+02
 7.52262497e+01
 9.66263885e+01
 4.01197891e+01
 3.62960548e+01
 5.10256386e+01
 1.03315674e+02
 3.76271286e+01
 7.27925644e+01
 7.32442627e+01
 2.07238129e+02
 1.31004044e+02
 4.42087746e+01
 6.38117790e+01
 1.30310837e+02
 5.15604553e+01
 1.01145592e+02
 6.56021957e+01
 1.45205261e+02
 3.15417500e+01
 5.29514122e+01
 1.40192719e+02
 8.80095291e+01
 1.58750122e+02
 3.21566963e+01
 9.61967468e+01
 9.22708893e+01
 8.47130890e+01
 5.66990623e+01
 3.25236549e+01
 8.01070099e+01
 4.59288445e+01
 1.11196693e+02
 2.43290920e+01
 1.59435959e+02
 1.34894094e+01
 6.11521873e+01
 1.06146729e+02
 1.17483086e+02
 1.94321411e+02
 1.66385620e+02
 8.88515930e+01
 1.36472992e+02
 1.03331429e+02
 8.13081055e+01
 1.08146622e+02
 9.14402542e+01
 7.66585999e+01
 5.37062035e+01
 1.46523504e+01
 6.40367279e+01
 6.50338440e+01
 7.19352722e+01
 3.65093079e+01
 6.53325577e+01
 5.85847855e+01
 7.91439667e+01
 2.81091709e+01
 9.56361465e+01
 6.37044764e+00
 1.61665592e+01
 1.73902588e+01
 9.66994247e+01
 3.91442947e+01
 9.37778091e+01
 5.53474426e+01
 1.31356003e+02
 7.39617615e+01
 9.03783703e+00
 9.75175171e+01
 7.22521830e+00
 3.95583725e+01
 2.68861866e+01
 2.94654579e+01
 5.76469712e-02
 1.04909477e+02
 1.62497650e+02
 1.27639008e+01
 1.01793091e+02
 1.24158943e+02
 1.39405991e+02
 6.59197769e+01
 1.88601700e+02
 2.55867828e+02
 7.68914413e+01
 2.11850796e+01
 1.68972702e+01
 1.19267975e+02
 1.90047577e+02
 8.55372009e+01
 8.53497696e+01
 4.45731773e+01
 5.09107475e+01
 6.03121223e+01
 1.51522018e+02
 6.37606773e+01
 4.88081284e+01
 9.22734680e+01
 3.79515533e+01
 1.70510635e+02
 7.82872772e+01
 1.21979347e+02
 4.14991760e+01
 4.77818375e+01
 4.88807449e+01
 6.25805779e+01
 6.62581329e+01
 1.29306793e+02
 1.62933090e+02
 5.19065714e+00
 2.78228593e+00
 1.76422485e+02
 1.21101067e+02
 3.49986229e+01
 7.61200638e+01
 1.26374168e+01
 7.05825348e+01
 9.20926213e-01
 1.39408783e+02
 5.57727089e+01
 2.53123684e+01
 2.64299255e+02
 1.22004303e+02
 1.10904884e+02
 1.12907684e+02
 5.88857994e+01
 7.13647690e+01
 8.24348526e+01
 1.09905937e+02
 8.24289856e+01
 1.48067963e+02
 9.65440750e+01
 1.37220734e+02
 1.74297775e+02
 1.02462029e+02
 4.98176346e+01
 7.43419418e+01
 4.84052467e+01
 7.28761978e+01
 5.97018738e+01
 5.69256096e+01
 4.37012100e+01
 1.58671188e+02
 5.88753014e+01
 4.26459198e+01
 2.33432465e+01
 9.41167068e+01
 1.33477631e+02
 7.05994415e+01
 1.02730125e+02
 6.63526230e+01
 4.17479744e+01
 9.59907990e+01
 7.01465454e+01
 4.41066399e+01
 2.26261177e+01
 5.88863373e+01
 5.79894409e+01
 1.16494743e+02
 1.81453888e+02
 8.60700378e+01
 5.22278328e+01
 3.05960350e+01
 4.27543564e+01
 9.24935150e+01
 2.79671097e+01
 9.23968506e+01
 1.28125168e+02
 1.49453629e+02
 8.53996582e+01
 1.30065964e+02
 2.34612732e+01
 1.80074509e+02
 1.38126129e+02
 1.01759781e+02
 1.08078804e+02
 5.26435051e+01
 3.39726219e+01
 1.31750549e+02
 4.13073845e+01
 7.37878513e+00
 1.38307867e+01
 8.54646606e+01
 1.10860855e+02
 8.94402161e+01
 8.49975662e+01
 1.20524467e+02
 6.78191757e+01
 3.67287827e+01
 1.62371887e+02
 1.33278198e+02
 1.30800232e+02
 1.40239229e+01
 7.81872635e+01
 1.27422539e+02
 2.21292915e+01
 1.28233444e+02
 3.66102943e+01
 9.95077744e+01
 6.98814697e+01
 1.08574814e+02
 8.54491119e+01
 8.94734039e+01
 1.02550095e+02
 1.04834145e+02
 1.44559509e+02
 4.09382477e+01
 1.07954231e+02
 1.63872269e+02
 8.57248459e+01
 5.56785622e+01
 1.04374245e+02
 1.96799713e+02
 1.08960052e+02
 1.10472160e+02
 1.23741379e+01
 2.19767933e+01
 1.85291809e+02
 7.22218933e+01
 1.09669161e+01
 2.01890450e+01
 2.34536629e+01
 1.18894356e+02
 4.38214035e+01
 5.68412170e+01
 1.12202057e+02
 7.41439896e+01
 2.81693306e+01
 1.99430599e+01
 4.58265419e+01
 1.04245193e+02
 1.03158714e+02
 6.99911118e+01
 1.46364307e+01
 3.72763977e+01
 2.70931225e+01
 2.00749054e+01
 1.23494965e+02
 6.03488655e+01
 7.35850067e+01
 2.53895140e+00
 8.39781647e+01
 2.69251007e+02
 8.60311584e+01
 6.04729271e+01
 2.90166492e+01
 4.90090370e+01
 2.89050369e+01
 6.16932182e+01
 6.47981873e+01
 1.21188507e+02
 1.78511200e+01
 5.59645844e+01
 1.48398911e+02
 1.60432266e+02
 1.03052589e+02
 9.72602386e+01
 1.42775055e+02
 1.04200508e+02
 5.46677551e+01
 3.27017927e+00
 3.85562897e+01
 6.22897644e+01
 1.42649109e+02
 1.09169449e+02
 4.52448997e+01
 7.48270111e+01
 9.52539368e+01
 1.50444061e+02
 9.40560760e+01
 9.10769196e+01
 3.59545135e+01
 6.83117447e+01
 1.25668175e+02
 1.01977890e+02
 3.57921486e+01
 8.71579514e+01
 1.39765137e+02
 3.41393638e+00
 1.65039459e+02
 1.13903221e+02
 3.77082253e+01
 3.63461266e+01
 9.94221802e+01
 6.91571655e+01
 9.36779633e+01
 1.22596306e+02
 1.22570862e+02
 3.86731186e+01
 2.02855392e+02
 1.59034027e+02
 8.84168396e+01
 1.02051247e+02
 1.23147141e+02
 1.44349182e+02
 5.09576988e+01
 1.27053726e+02
 6.50877838e+01
 3.98896828e+01
 6.08766098e+01
 1.94726288e+02
 4.04710464e+01
 6.87655563e+01
 4.16342163e+01
 6.09801941e+01
 1.00077766e+02
 9.95724792e+01
 1.04544083e+02
 7.97091446e+01
 1.28033386e+02
 1.00215897e+02
 1.03845963e+02
 8.28223877e+01
 1.45887966e+01
 9.43716431e+01
 7.98749161e+01
 1.27330696e+02
 1.63772568e+02
 4.88094635e+01
 8.83846741e+01
 7.81286774e+01
 6.57037201e+01
 9.06741180e+01
 1.24576180e+02
 4.36799698e+01
 8.22656860e+01
 1.67726410e+02
 8.90896835e+01
 1.17822128e+02
 8.56641235e+01
 4.24283829e+01
 5.12279053e+01
 5.03506317e+01
 1.20191162e+02
 1.38547745e+02
 1.98696213e+01
 4.56085243e+01
 5.74034157e+01
 7.72332840e+01
 1.34696075e+02
 1.09035965e+02
 7.73799896e+01
 7.63945007e+01
 6.97521210e+01
 1.14546028e+02
 1.21966339e+02
 1.39095886e+02
 2.38174561e+02
 2.65807686e+01
 1.22378532e+02
 9.12869186e+01
 1.72995316e+02
 4.67372742e+01
 5.37302971e+01
 1.07331886e+02
 1.00785278e+02
 5.96560249e+01
 7.73499680e+01
 2.14094330e+02
 1.03926376e+02
 8.37200699e+01
 7.93037338e+01
 1.26658875e+02
 8.73079224e+01
 4.96098251e+01
 5.29604149e+01
 7.08439178e+01
 4.23016968e+01
 5.87308464e+01
 3.67026215e+01
 2.29634075e+01
 7.73748627e+01
 3.27984314e+01
 9.00429459e+01
 2.36632099e+01
 1.99340057e+02
 1.05579163e+02
 6.97033386e+01
 1.27773003e+02
 5.21102638e+01
 1.40956467e+02
 1.02015282e+02
 7.01442795e+01
 1.88202057e+01
 8.63878860e+01
 1.03553688e+02
 6.54242554e+01
 1.24772636e+02
 1.53270157e+02
 7.58801193e+01
 1.20093636e+02
 2.68178959e+01
 5.77426605e+01
 4.98820953e+01
 1.81428467e+02
 8.14915085e+01
 1.73299744e+02
 1.56402283e+02
 1.34477203e+02
 7.60748138e+01
 2.20198624e+02
 2.11036194e+02
 6.75822906e+01
 9.17252502e+01
 7.20255127e+01
 4.38115425e+01
 9.24988708e+01
 9.38857193e+01
 1.35595474e+02
 1.35283997e+02
 8.17379074e+01
 1.02833839e+02
 1.38920563e+02
 1.28134872e+02
 6.04896545e+01
 2.85836487e+01
 4.85311623e+01
 8.68004150e+01
 1.39247803e+02
 6.15123138e+01
 6.27821426e+01
 1.08123367e+02
 2.70747375e+02
 1.09276077e+02
 1.42358032e+02
 7.76526642e+01
 1.36077890e+01
 7.92884827e+00
 4.79655838e+01
 1.33179031e+02
 1.02648102e+02
 3.70359955e+01
 7.54962540e+01
 7.25934982e+01
 1.05362366e+02
 2.15287971e+01
 1.50119308e+02
 1.88502960e+02
 6.07390556e+01
 7.40464096e+01
 3.58215370e+01
 7.08309784e+01
 8.98916245e+01
 1.17096909e+02
 1.15536201e+02
 3.67319107e+01
 1.35314484e+02
 1.14622711e+02
 1.47917999e+02
 1.22136971e+02
 7.50546722e+01
 7.50819016e+01
 5.87591057e+01
 1.05870377e+02
 4.56877327e+01
 2.66299652e+02
 1.43421803e+01
 3.99050064e+01
 5.13293991e+01
 4.82136917e+01
 9.63948975e+01
 5.16079750e+01
 1.27129562e+02
 3.07694817e+01
 6.38518295e+01
 8.63304062e+01
 1.65517380e+02
 1.66316185e+01
 1.09103622e+01
 7.15171957e+00
 1.37460632e+01
 8.14387817e+01
 8.87503662e+01
 1.10466782e+02
 4.51901321e+01
 5.55103340e+01
 2.23669071e+01
 5.14888668e+00
 1.69499527e+02
 7.69662476e+00
 5.02568359e+01
 3.21541710e+01
 2.42315617e+01
 1.13978447e+02
 1.11666237e+02
 4.36253586e+01
 8.72238464e+01
 5.66115303e+01
 3.08618736e+01
 9.07038040e+01
 1.15791161e+02
 1.39377518e+02
 8.27485943e+00
 1.11853008e+01
 6.78562546e+01
 8.80389938e+01
 9.41138611e+01
 7.27008133e+01
 7.75272064e+01
 5.19892349e+01
 1.38583527e+02
 1.75432419e+02
 1.60403931e+02
 5.62440186e+01
 9.60491943e+01
 1.24437782e+02
 1.02051476e+02
 3.57692451e+01
 8.44152222e+01
 3.90752831e+01
 2.66445274e+01
 3.39133606e+01
 1.24175255e+02
 2.76206703e+01
 1.81630692e+02
 6.97410583e+01
 1.28105637e+02
 2.08149605e+01
 1.47037689e+02
 1.05579086e+02
 1.77423187e+02
 1.13985863e+02
 1.18355057e+02
 1.32839249e+02
 1.24039246e+02
 6.09060364e+01
 1.70091034e+02
 7.29957275e+01
 1.01538712e+02
 6.92185059e+01
 2.35070572e+02
 6.59909973e+01
 1.49590698e+02
 8.19809113e+01
 6.11675453e+01
 1.79179306e+02
 1.95540161e+02
 8.92861080e+00
 1.13034355e+02
 2.00814285e+01
 1.22417557e+02
 1.02405434e+02
 9.06938858e+01
 1.15139069e+02
 1.36254318e+02
 6.52625427e+01
 2.81892948e+01
 1.19056149e+01
 1.86979542e+01
 8.52556686e+01
 1.20713081e+02
 1.97905254e+01
 1.61758209e+02
 1.67948181e+02
 1.16472404e+02
 3.21032181e+01
 1.06250381e+02
 9.76434250e+01
