 3.16567576e+01
 4.40175947e+01
 4.25949620e+01
 8.45080566e+01
 5.25651598e+01
 4.73122952e+01
 3.96519315e+00
 1.45584214e+01
 1.15476646e+01
 5.72687215e+01
 3.29951651e+01
 3.83402072e+01
 1.46187772e+02
 4.01660138e+01
 5.39241551e+01
 4.78299354e+01
 8.71229216e+01
 4.28717500e+01
 1.36260058e+01
 2.63062717e+00
 6.22568289e+01
 5.04883170e+01
 7.03071351e+01
 6.71713351e+01
 4.49472715e+01
 3.03307683e+01
 4.78894317e+01
 3.52051972e+01
 6.18241019e+01
 2.72973823e+01
 1.60660889e+01
 4.52419728e+00
 1.31700968e+02
 5.81471689e+01
 1.36983429e+01
 8.16680516e+01
 4.55935300e+01
 2.85542340e+01
 4.75730355e+01
 6.75838170e+01
 3.04896526e+01
 8.02503097e+01
 2.27008552e+01
 1.31164270e+01
 5.53148261e+01
 9.30429926e+01
 9.75084293e+01
 3.06392127e+01
 5.39237605e+01
 6.57656844e+01
 6.50880309e+00
 4.52222719e+01
 6.13410498e+01
 4.70388687e+01
 5.48964759e+01
 4.94922356e+01
 3.09869368e+01
 1.12011291e+02
 1.20164085e+01
 5.62480560e+01
 5.69041316e+01
 3.01113088e+01
 3.69792022e+01
 2.71054184e+01
 7.12656458e+01
 3.75646584e+01
 3.80185444e+01
 1.55701370e+01
 3.16066858e+01
 1.10671204e+02
 3.56815378e+01
 1.60711226e+02
 2.23956304e+01
 2.50649044e+01
 6.25356121e+00
 5.12872001e+01
 8.10549323e+01
 5.79871911e+01
 2.43477992e+01
 1.14551143e+01
 1.62313084e+01
 3.35456320e+01
 5.14354907e+01
 5.72203963e+01
 3.26938611e+01
 4.33261442e+01
 2.50937872e+01
 2.88086944e+01
 1.04621314e+02
 5.48377429e+01
 1.31532811e+01
 5.89395114e+00
 1.21003217e+01
 1.75517776e+01
 7.23713778e+01
 5.33305529e+01
 2.98057702e+01
 1.78200304e+01
 3.92563029e+01
 3.99360387e+01
 8.22779896e+01
 6.46379924e+01
 1.51453453e+01
 6.97220889e+00
 5.17524492e+01
 2.50396425e+01
 3.25426602e+01
 4.97538122e+01
 4.86289010e+01
 3.27892590e+01
 3.05564596e+01
 6.21640695e+01
 1.05311967e+02
 2.87802664e+01
 2.03284013e+01
 5.17220245e+01
 2.96163361e+01
 5.83465012e+01
 5.31562257e+01
 7.57120108e+01
 1.81644560e+01
 6.55914071e+01
 6.75271944e+01
 6.37660099e+01
 9.15392361e+01
 3.10831946e+01
 2.19655490e+01
 3.16110706e+01
 1.73673114e+01
 6.15829485e+01
 3.76609091e+01
 3.07392320e+01
 2.22929193e+01
 3.95906309e+01
 6.08830105e+01
 1.48764988e+01
 2.73693776e+01
 3.60388387e+01
 5.13367482e+01
 3.24991159e+01
 1.79838917e+00
 1.17143027e+02
 4.11623776e+01
 5.51126505e+01
 1.41053917e+01
 2.34863155e+01
 7.29233886e+00
 3.22989653e+01
 9.18541512e+01
 4.01546177e+01
 1.39260017e+01
 8.59889156e+00
 4.70262141e+01
 1.84813492e+01
 6.24046102e+01
 2.06827247e+01
 4.01974625e+01
 1.14736800e+01
 4.15170216e+01
 2.43653226e+01
 4.56515748e+01
 5.51201418e+01
 3.78345808e+01
 4.30101273e+00
 9.34492423e+01
 6.69588047e+01
 7.62628527e+00
 2.16208344e+01
 4.64781558e+00
 4.22343892e+01
 1.91477181e+01
 4.54312374e+01
 2.50830640e+01
 6.72118837e+01
 4.07538086e+01
 4.05659743e+01
 2.70113742e+01
 6.73843917e+01
 6.15982062e+01
 6.87266225e+01
 3.20022956e+01
 2.26183479e+01
 6.65362626e+01
 2.92263993e+01
 9.18327438e+01
 6.87194287e+01
 2.00014000e+01
 1.25703601e+00
 7.13297419e+00
 5.22059681e+01
 7.03130899e+01
 3.73563813e+01
 4.76878194e+01
 1.75732240e+01
 6.51013277e+01
 3.14209431e+01
 8.10887244e+01
 4.55479575e+01
 6.79642172e+00
 1.20982694e+01
 1.94629878e+01
 4.72397481e+01
 4.80733050e+01
 5.80333058e+01
 1.51525595e+01
 3.26588238e+01
 2.08003587e+01
 3.13720316e+01
 1.09619273e+01
 6.65172020e+01
 1.33727943e+01
 2.29162114e+01
 8.29726022e+00
 5.78825132e+01
 5.56352595e+01
 1.60460796e+01
 2.30953420e+01
 3.76447659e+00
 4.91387538e+01
 5.99172359e+01
 5.06489998e+01
 2.32751524e+01
 3.93268979e+01
 1.74122404e+01
 3.76261726e+01
 6.52373023e+00
 6.68074558e+01
 8.26545645e+01
 2.61368029e+01
 1.37531771e+01
 6.03639691e+01
 5.94435285e+01
 1.33277831e+02
 2.06332711e+01
 5.95187973e+01
 7.79199342e+00
 6.55703387e+01
 2.93001754e+01
 3.92315808e+01
 2.10924607e+01
 1.47852389e+01
 1.55821752e+01
 9.63010424e+00
 6.10731779e+01
 8.44673995e+01
 7.33846587e+01
 6.90004998e+00
 3.60529850e+01
 3.93453212e+01
 9.76165163e+01
 9.47706273e+01
 4.14329458e+01
 2.01756099e+01
 3.38291542e+01
 3.00993363e+01
 3.68458086e+01
 5.53556114e+01
 5.65626458e+01
 8.84890093e+00
 1.30253782e+01
 8.36789083e+01
 4.06716061e+01
 1.03375609e+02
 5.00830364e+01
 4.67303533e+01
 5.32352719e+01
 3.74025993e+01
 8.75990553e+01
 4.16254037e+01
 9.70659139e+00
 1.74731341e+01
 8.83318879e+00
 8.24428804e+01
 1.02030044e+02
 3.18353924e+01
 2.57819546e+01
 3.09806028e+00
 1.38322474e+01
 4.97831026e+01
 2.83607441e+01
 9.42089649e+01
 3.77662735e+01
 1.85111730e+01
 1.57589653e+01
 9.50110549e+01
 8.49349343e+01
 1.69360067e+01
 5.15631784e+01
 4.12390848e+01
 4.66562220e+01
 9.08085948e+01
 2.63145285e+01
 4.76936658e+01
 5.16145407e+01
 7.65565005e+01
 2.15639906e+01
 1.51137839e+01
 3.09588000e+01
 8.91971060e+01
 5.18906340e+01
 2.48079335e+01
 2.62926195e+01
 6.83667731e+01
 5.31425622e+01
 4.92877342e+01
 2.57629086e+01
 1.56938464e+01
 5.00084804e+01
 2.76301850e+01
 7.10795313e+01
 3.53004483e+01
 2.17460370e+01
 1.30047295e+01
 3.55060656e+01
 4.44788646e+01
 5.34339711e+01
 7.85040847e+01
 2.42047311e+01
 1.77212227e+01
 1.84377377e+01
 1.08790665e+01
 4.06423986e+01
 1.19962508e+02
 1.86558514e+01
 4.66924834e+01
 4.52647049e+01
 3.42246401e+01
 2.91635012e+01
 9.21253257e+01
 1.55111478e+01
 1.76971807e+01
 9.00966534e+00
 4.99303455e+01
 1.32403485e+02
 6.27776044e+01
 3.21380119e+01
 1.01470397e+01
 2.46439989e+01
 5.06160311e+01
 1.48189733e+02
 1.61872879e+01
 1.91908542e+01
 6.92153310e+01
 1.53069441e+01
 3.79920922e+01
 9.53421682e+01
 5.71841110e+01
 4.07869990e+01
 6.07833553e+00
 7.65615732e+00
 1.37898703e+00
 7.99605839e+01
 4.80251505e+01
 5.81459250e+01
 3.98720580e+01
 3.77809379e+01
 3.49357534e+00
 6.36705876e+01
 4.52983691e+01
 1.10399562e+02
 9.18306391e+01
 4.70007459e+01
 1.70353537e+01
 1.09790584e+02
 1.73185291e+01
 6.36145039e+01
 1.47468903e+01
 3.83716291e+01
 6.96277565e+00
 2.97420325e+01
 9.43972701e+01
 3.51985174e+01
 2.74061659e+01
 1.04358707e+01
 4.05641497e+01
 4.62129547e+01
 6.86755106e+01
 7.44947868e+01
 4.81093803e+00
 3.48835682e+01
 4.66358741e+01
 1.14246118e+02
 8.08966833e+01
 2.81234044e+01
 6.62389025e+00
 5.38378102e+01
 1.06394141e+02
 6.90247369e+01
 5.44807692e+01
 3.73833971e+01
 2.69944787e+01
 4.73938099e+01
 4.66997599e+01
 2.82410886e-03
 6.45574444e+01
 3.60470997e+01
 2.45819442e+01
 3.25885852e+01
 1.24868645e+02
 8.55941910e+01
 1.60669200e+02
 4.50352302e+01
 4.22947310e+01
 4.15927401e+00
 6.60114833e+00
 4.80811831e+01
 9.97882148e+01
 1.32627898e+02
 3.24919078e+01
 1.15011611e+01
 6.63133792e+01
 4.42857435e+01
 1.18648547e+02
 1.03524323e+02
 3.13743654e+01
 5.14636438e+01
 1.18207847e+01
 4.02057887e+01
 6.18300056e+01
 2.59898981e+01
 1.57089072e+00
 2.80829461e+00
 3.33611861e+01
 3.27370947e+01
 5.51842248e+01
 8.96574610e+01
 2.01626565e+01
 5.88414457e+01
 1.45588501e+00
 6.39294944e+01
 7.44893506e+01
 9.84832125e+01
 3.15915535e+01
 3.65613647e+01
 1.37844095e+02
 8.54239765e+01
 2.40887682e+01
 9.85058685e+01
 8.39860319e+00
 1.42224423e+01
 6.01055836e+01
 1.93766664e+02
 4.24026065e+01
 4.53311008e+01
 3.69925588e+01
 3.87240142e+01
 6.89598589e+01
 9.91926481e+01
 2.96911324e+01
 9.63580885e+01
 1.19682557e+01
 8.01476537e+00
 6.25620428e+01
 4.94257330e+01
 9.42306861e+01
 6.29151139e+01
 9.58659805e+00
 3.18222779e+01
 3.35474225e+01
 4.44103562e+01
 8.84138602e+01
 9.61832642e+00
 2.05029949e+01
 1.69532949e+01
 5.49360422e+01
 2.08719987e+01
 4.17020831e+01
 4.79802113e+01
 3.19068145e+01
 4.55174476e+01
 1.76065277e+01
 7.87128350e+01
 3.51170993e+01
 1.07670282e+02
 3.50430939e+01
 2.55828002e+01
 5.38034103e+01
 8.31445786e+01
 5.87043483e+01
 9.16415964e+01
 6.63906635e+01
 3.22013017e+01
 9.52745841e+01
 7.58850459e+01
 1.01592881e+02
 5.15134455e+00
 2.04684379e+01
 5.22247739e+01
 6.53612742e+00
 1.10287107e+02
 2.57498509e+01
 1.70593506e+01
 4.54899274e+01
 1.96400790e+01
 3.85340780e+01
 6.35353185e+01
 3.00067881e+01
 4.94981238e+01
 4.77566848e+01
 2.37861061e+01
 7.40513202e+01
 5.71334801e+01
 2.86572568e+01
 9.73086229e+00
 6.81687904e+01
 3.65684341e+01
 2.01600244e+01
 6.58966090e+01
 4.42673670e+01
 3.07697722e+01
 3.70238296e+01
 1.05832282e+01
 5.09783935e+01
 4.14073338e+01
 8.36595457e+00
 1.61337534e+01
 3.08802539e+01
 2.28692115e+01
 8.20422636e+01
 2.70210537e+01
 8.22956749e+01
 3.89799815e+01
 2.84365047e+01
 5.25470409e+01
 2.43954503e+01
 6.45212696e+01
 8.41090319e+01
 7.83816031e+00
 4.26794276e+01
 4.12588733e+01
 4.19901786e+01
 1.14663879e+02
 5.43438860e+01
 4.27882222e+01
 1.41640138e+01
 1.18114607e+01
 6.41346311e+00
 8.25560141e+01
 1.34446332e+02
 5.86658352e+01
 5.14731149e+01
 7.69826734e+00
 3.07109916e+01
 7.39961615e+00
 1.15246950e+02
 3.86442957e+01
 4.15953046e+01
 4.97984493e+01
 1.64971182e+01
 9.35131388e+01
 1.01740735e+02
 5.74665288e+01
 1.24739759e+01
 1.19700046e+01
 3.18902449e+01
 3.49478528e+01
 4.76816612e+01
 1.65265233e+01
 1.32913323e+01
 6.63717979e+00
 4.87281040e+01
 2.09086360e+01
 3.53212761e+01
 7.33353024e+01
 5.53103239e+00
 5.21730717e+00
 1.66257821e+01
 3.98109639e+01
 2.65108931e+01
 2.24429559e+01
 4.33206388e+01
 1.97919137e+00
 1.06883767e+01
 7.10487647e+01
 7.04840446e+00
 2.07497899e+01
 2.33545606e+01
 4.66831178e+01
 2.62903458e+01
 4.13011584e+01
 5.78831611e+01
 3.74508426e+01
 2.40932580e+00
 4.95959071e+00
 1.12331061e+02
 6.57223835e+01
 5.50420832e+01
 4.22945508e+01
 2.90780472e+01
 1.54506388e+01
 1.93027177e+01
 4.34173867e+01
 3.42205135e+01
 3.95532282e+01
 2.88761913e+01
 6.94437465e+00
 1.78731008e+01
 2.40576601e+02
 8.56556817e+01
 4.72722053e+01
 3.88576677e+01
 2.14015439e+01
 4.82106079e+00
 4.02533225e+01
 2.87233962e+01
 1.10363755e+02
 1.94688206e+01
 1.90583111e+01
 2.63341633e+01
 4.73861609e+01
 7.97708879e+01
 2.26816206e+01
 3.60222038e+01
 4.51620897e+01
 2.22477829e+01
 1.10039866e+02
 6.22369243e+01
 6.79633459e+01
 2.39544233e+01
 1.78066675e+01
 8.11600249e+01
 6.13390572e+01
 5.17101337e+01
 1.06884934e+01
 5.41942675e+01
 3.44825623e+01
 6.63147093e+01
 3.82160556e+01
 3.26701297e+01
 6.00624571e+01
 6.41798205e+00
 3.47301081e+01
 7.08663363e+01
 6.64072233e+01
 4.36570505e+01
 8.68790789e+01
 3.10196024e+01
 1.13539072e+01
 8.38669120e+00
 4.15432173e+01
 1.00163315e+02
 4.77477938e+01
 2.01130524e+01
 3.13070127e+01
 4.29348107e+01
 1.72067390e+01
 4.03650025e+01
 4.17539509e+01
 1.56466783e+01
 2.55596019e+01
 1.24488250e+02
 4.03003859e+01
 3.27665998e+01
 4.76075043e+01
 1.49414931e+01
 1.42302679e+01
 0.00000000e+00
 9.77437724e+01
 3.32716941e+01
 3.26169058e+01
 9.21142079e+01
 4.95064077e+01
 4.76407560e+01
 5.29886940e+01
 3.42568025e+01
 5.00150803e+01
 2.99848885e+01
 1.05985031e+01
 3.85878216e+01
 4.70194907e+01
 2.36258549e+01
 9.81431579e+01
 5.08942213e+01
 6.27056213e+01
 7.94302922e+01
 2.95637635e+01
 7.28665447e+01
 1.17819386e+02
 3.72001612e+01
 3.93365737e+01
 1.05751161e+02
 5.38095758e+01
 8.43405956e+01
 7.76234449e+01
 7.06140086e+01
 1.15419537e+01
 9.78711540e+00
 2.08155673e+01
 5.52651046e+01
 5.54051574e+01
 3.19831901e+01
 3.22118712e+01
 8.14229586e+00
 4.63211805e+00
 5.45886825e+01
 2.25230522e+01
 4.33836822e+01
 1.00618459e+01
 5.96462288e+01
 1.35453258e+01
 6.68099218e+01
 3.57910254e+01
 4.29291117e+01
 5.69106796e+01
 2.46205382e+01
 1.05810409e+02
 6.14168930e+01
 1.10487874e+01
 4.44587092e+01
 4.76864669e+01
 4.51871630e+01
 1.41099934e+02
 5.41719100e+01
 1.12216680e+02
 1.02843375e+00
 7.45565924e+00
 7.88813226e+00
 5.34583450e+01
 4.42157426e+01
 4.93956291e+01
 6.79847903e+01
 1.20741006e+00
 6.22347222e+01
 4.62255810e+01
 7.80791457e+01
 7.69980123e+01
 2.56321168e+01
 1.99238527e+01
 1.20488795e+01
 1.49979499e+02
 6.98078969e+01
 3.34369723e+01
 2.04953653e+01
 5.66538745e+01
 4.65975723e+01
 5.92408572e+01
 6.83237633e+01
 4.65622380e+01
 1.85446277e+01
 6.11590618e+01
 3.84254738e+01
 9.17637955e+01
 9.37083594e+01
 7.90715439e+01
 3.76388928e+01
 1.82691497e+01
 7.17456967e+01
 3.89518529e+01
 7.28011481e+01
 3.79180978e+01
 2.76884802e+01
 2.50783528e+01
 3.19738124e+01
 9.61549256e+00
 8.23164195e+01
 6.65555946e+01
 4.18232646e+01
 2.34487045e+01
 4.00518219e+01
 7.69466113e+01
 4.93443466e+01
 4.48559209e+01
 2.71877014e+01
 5.51290192e+00
 7.14425322e+00
 2.77635930e+02
 1.34783122e+02
 2.87248895e+01
 7.05393016e+01
 1.60550617e+01
 3.51399538e+01
 6.93260375e+01
 1.00055352e+02
 2.23271835e+01
 2.14000119e+01
 3.59146329e+01
 1.14849407e+02
 1.96989754e+01
 3.44867929e+01
 4.07123554e+01
 2.57583864e+01
 5.21184692e+01
 4.75237846e+01
 3.46921398e+01
 8.21732322e+01
 3.46217051e+01
 1.74133123e+01
 1.44124361e+01
 7.11738582e+00
 1.12508682e+02
 6.53450882e+01
 4.95646089e+01
 2.03057612e+01
 3.56296690e+01
 8.02397159e+00
 2.42571835e+01
 7.81214978e+01
 1.18757513e+02
 9.75872064e+01
 3.05307867e+01
 2.40213930e+01
 1.31248105e+02
 4.07152476e+01
 2.10147405e+01
 5.21415849e+01
 7.01980256e+01
 4.07537356e+01
 6.52421071e+01
 8.35696882e+01
 3.71091242e+01
 2.31883724e+01
 9.92128307e+00
 5.14973302e+01
 6.91653128e+00
 4.70532583e+01
 6.23556301e+01
 5.19232324e+01
 2.03567971e+01
 6.16330081e+01
 5.97471959e+01
 1.02936349e+02
 3.98163529e+01
 4.79079148e+00
 1.92497739e+01
 4.96303368e+01
 1.06047636e+02
 6.46853056e+01
 1.18130417e+01
 3.71486985e+01
 2.12162344e+01
 3.41929113e+01
 3.98703094e+01
 6.78827710e+01
 3.83283886e+01
 5.00784616e+01
 3.46534938e+01
 3.02804893e+01
 3.16394134e+00
 1.90189366e+01
 2.17056775e+01
 1.06466675e+01
 1.40075655e+01
 3.77651575e+01
 4.61500590e+01
 9.41211231e+01
 4.07750787e+01
 3.51877065e+01
 1.60595336e+01
 2.68635811e+01
 1.36116412e+02
 1.36478156e+02
 3.85716751e+01
 4.50657434e+01
 4.14368647e+01
 5.02012160e+01
 6.35521740e+01
 2.40673241e+01
 6.08777769e+01
 1.15617854e+00
 1.95833624e+00
 3.65888556e+01
 1.05617518e+02
 2.68028613e+01
 7.77998398e+01
 1.92733981e+01
 1.68776162e+01
 1.21711019e+01
 4.40531614e+01
 1.36466318e+02
 2.05528740e+01
 9.68180205e+00
 2.04147353e+01
 1.05073944e+02
 3.57838421e+01
 4.93930728e+00
 7.00182432e+01
 6.63126971e+01
 4.30573178e+01
 1.29216489e+02
 5.46603996e+01
 7.68324105e+01
 1.05063599e+02
 4.32528354e+01
 8.66406222e+00
 5.33363719e+00
 2.66331878e-01
 2.77313886e+01
 7.60587643e+01
 5.65959545e+01
 3.50279073e+01
 8.00573844e+01
 3.73773810e+01
 4.50162198e+01
 4.29640284e+01
 5.84885486e+00
 2.45438088e+01
 3.73330216e+01
 3.27386249e+01
 1.58408529e+01
 4.24634867e+01
 4.97120545e+01
 4.01968217e+01
 2.75623909e+01
 6.06678636e+01
 5.39747652e+01
 8.48704755e+01
 1.46530426e+01
 5.82302654e+01
 5.58743952e+01
 2.14346419e+01
 5.41821989e+01
 1.91416403e+01
 3.39121512e+01
 6.46710295e+01
 4.23179801e+01
 3.42499274e+01
 3.44839342e+01
 1.02992171e+02
 6.05500983e+01
 2.38510398e+01
 7.56714374e+00
 1.53027897e+02
 1.21727727e+02
 9.61832573e+01
 5.45614833e+01
 9.25556021e+01
 7.75781111e+01
 5.02104200e+01
 4.51552223e+01
 4.57571164e+01
 1.40186997e+01
 2.55659334e+01
 6.07914014e+01
 1.28099538e+02
 3.28228219e+01
 1.53239984e+01
 8.35623413e+01
 6.21395939e+01
 1.46990463e+01
 6.26157587e+01
 1.46398395e+01
 2.86764272e+01
 2.01091366e+01
 1.07707069e+01
 2.71996788e+00
 3.34500340e+01
 6.64558622e+01
 8.66722146e+01
 6.27193723e+01
 6.96161520e+01
 7.07063278e+01
 4.90246709e+01
 8.80114248e+01
 3.16037815e+01
 3.06450298e+01
 5.38929793e+00
 5.87708839e+01
 2.78603613e+01
 1.20977410e+02
 6.77502142e+01
 9.33372310e+01
 2.06863857e+01
 9.21219446e+01
 1.12821893e+02
 3.46204276e+01
 2.87809477e+01
 3.61068545e+01
 4.12696607e+00
 3.55882245e+01
 9.97516523e+01
 5.46291121e+01
 4.41824289e+01
 3.22309255e+01
 2.03051265e+01
 5.47524065e+01
 6.98568225e+01
 1.08325004e+02
 1.78406027e+01
 3.02370647e+01
 1.32367856e+01
 4.66227339e+01
 1.00254256e+02
 2.48759330e+01
 2.72903346e+01
 3.75328493e+01
 1.70259691e+01
 7.83786994e+01
 5.81402955e+01
 1.03459357e+02
 5.96591891e+01
 1.14706559e+01
 3.17403827e+01
 4.14929573e+01
 1.39127677e+02
 1.35671620e+02
 9.51422319e+01
 7.96965216e+01
 1.69595414e+01
 1.64527561e+01
 8.76167453e+01
 4.81467795e+01
 4.08703699e+01
 2.00015145e+01
 4.17961940e+00
 5.16712034e+01
 5.63337542e+01
 1.37657377e+01
 1.89984613e+01
 4.27381544e+01
 4.18024626e+01
 3.58540060e+01
 5.25710080e+01
 9.28912401e+01
 5.67005638e+01
 7.27351657e+00
 1.58715275e+01
 5.19770821e+01
 2.29599496e+01
 3.91637911e+01
 7.67089667e+00
 7.27032213e+01
 5.20305208e+01
 4.58241209e+01
 5.66164749e+01
 7.55402539e+01
 5.34910345e+01
 1.36147272e+01
 4.64158815e+01
 3.49362850e+01
 2.97859461e+01
 3.13022970e+01
 2.21527573e+01
 4.52204971e+01
 1.14265958e+01
 3.61128032e+01
 1.54535230e+02
 1.43939245e+02
 2.42023195e+01
 8.87147525e+00
 3.52707543e+01
 5.64079537e+00
 7.23369458e+01
 1.48581817e+01
 4.55135613e+01
 8.13712895e+01
 1.18738086e+01
 8.33030057e+01
 5.47450495e+01
 2.04713635e+01
 2.82689724e+01
 1.14842743e+01
 1.16594695e+01
 1.18409106e+02
 2.73021638e+01
 3.15826497e+01
 2.94309662e+01
 3.65072388e+01
 1.02869776e+01
 6.51318897e+01
 6.47282577e+01
 7.13841275e+01
 2.76942594e+01
 3.65655783e+01
 1.40079326e+01
 4.19031608e+01
 2.96876733e+01
 3.34924160e+01
 5.99107104e+00
 4.01096572e+01
 8.58455450e+01
 4.63248339e+01
 2.60009882e+01
 3.89462013e+01
 7.02622264e+01
 1.45823976e+01
 6.33328229e+01
 7.88741573e+01
 5.71513554e+01
 2.01821231e+02
 4.84848170e+01
 7.23948395e+01
 7.07904648e+01
 5.66715579e+01
 2.87210176e+01
 4.60960213e+01
 5.83550273e+01
 8.99197640e+00
 1.29481256e+01
 1.78399210e+02
 1.01372180e+02
 7.81538789e+01
 1.36672841e+02
 7.39677781e+01
 2.05408238e+01
 3.78017339e+01
 3.42656348e+01
 4.53719572e+01
 6.90345626e+01
 3.59462058e+01
 6.15593462e+00
 3.47311066e+00
 1.50646263e+01
 4.01078467e+01
 1.90259307e+01
 3.80439786e+01
 7.02201645e+01
 5.32206605e+01
 6.97042227e+01
 6.91829956e+01
 1.59084009e+01
 2.51729886e+01
 2.00935030e+00
 4.01844861e+01
 1.08677921e+02
 1.35097041e+01
 2.90863917e+00
 2.94607827e+01
 8.11577460e+01
 2.43590754e+01
 3.14912977e+01
 3.82900867e+01
 7.49256460e+01
 4.59857586e+01
 5.90650015e+01
 2.18771987e+01
 8.10967777e+01
 1.78204881e+01
 3.77848939e+01
 3.91170617e+01
 5.71559846e+01
 2.13280113e+01
 5.68546535e+01
 1.10674995e+02
 1.37886746e+02
 3.43962045e+01
 1.73995672e+01
 3.14899186e+01
 5.69427470e+01
 5.63891121e+01
 6.75620388e+01
 3.43351634e+01
 6.15603914e+01
 7.12431909e+01
 7.91845905e+01
 3.59377675e+01
 1.33445838e+02
 1.09370528e+00
 3.13424734e+01
 3.26073381e+01
 4.31771589e+01
 3.57179693e+01
 6.22410460e+01
 9.11687707e+01
 3.65321080e+01
 5.01133645e+01
 1.34635840e+02
 7.48741761e+01
 6.45491558e+01
 2.92656355e+01
 1.67400325e+01
 9.47166332e+01
 9.89030311e+01
 4.47543825e+01
 2.47513479e+01
 3.35282098e+01
 4.70357298e+01
 3.11378892e+01
 1.37948567e+02
 3.12842313e+01
 4.84678412e+01
 4.24636524e+01
 1.48979108e+01
 1.86638399e+01
 9.41857840e+01
 3.36771097e+01
 7.08175015e+01
 9.87806957e+01
 8.88699376e+01
 9.33854929e+01
 9.17910399e+01
 4.18319708e+01
 3.98574803e+01
 3.60540641e+01
 4.31543191e+01
 3.68555022e+01
 5.33380070e+01
 6.30558071e+01
 1.00241129e+01
 1.38158776e+02
 3.94443143e+01
 1.03169961e+02
 6.75056311e+01
 5.43764455e+01
 3.76040554e+01
 1.33804686e+00
 3.16342186e+00
 1.92951585e+00
 3.30246955e+01
 6.41993679e+01
 7.95589710e+01
