 6.29137302e+01
 6.06054083e+01
 5.13598170e+01
 7.74435110e+01
 6.52469464e+01
 6.28545644e+01
 1.40352449e+01
 4.68559578e+01
 5.34564938e+01
 8.02644290e+01
 8.67108774e+01
 3.41658889e+01
 2.41356366e+01
 9.96393585e+01
 5.82281071e+01
 9.55708550e+01
 5.56846796e+01
 1.76897391e+01
 3.39707270e+01
 9.62783974e+01
 4.85892714e+01
 3.83431645e+01
 8.39229380e+01
 5.34707977e+01
 4.39662786e+01
 3.81279226e+01
 3.96955534e+01
 7.42600500e+01
 1.04498044e+02
 6.82780743e+01
 1.61755720e+01
 3.35728713e+01
 7.18939975e+01
 4.53672752e+01
 1.18503459e+02
 5.21814377e+01
 1.23274888e+01
 2.12363777e+01
 1.31515440e+02
 4.91909391e+01
 1.13271225e+02
 3.62499330e+01
 6.05623805e+01
 5.54296752e+00
 5.87075073e+01
 1.82685440e+02
 6.45005460e+01
 5.57605656e+01
 5.36632118e+01
 6.09349397e+01
 4.81997087e+01
 9.42322608e+01
 1.01193466e+02
 4.57850894e+01
 3.41990037e+01
 8.91994184e+01
 1.03106062e+02
 3.72002976e+01
 3.05640976e+01
 4.99800476e+01
 1.13151338e+01
 2.78956927e+01
 8.05994849e+01
 6.05805357e+01
 3.30610575e+01
 6.69733232e+01
 3.73090012e+01
 3.65021865e+01
 5.51323826e+00
 5.61328824e+01
 6.34819703e+01
 5.45422682e+01
 4.64356520e+01
 1.30009866e+01
 2.27242602e+01
 8.77191134e+01
 1.14714744e+02
 4.41388721e+01
 3.77592868e+01
 6.84656208e+01
 3.41416091e+01
 8.78777668e+01
 4.64253856e+01
 5.53133226e+01
 6.88368316e+01
 8.02077311e+01
 3.69905369e+01
 5.67862415e+01
 1.14027103e+02
 8.35664504e+01
 5.29743672e+01
 9.88862033e+01
 3.14300616e+01
 1.96024469e+01
 2.49477986e+01
 1.25397342e+01
 4.52364138e+01
 8.21941131e+00
 3.99140423e+01
 2.74503452e+01
 3.04636046e+01
 5.79929951e+01
 7.11850194e+01
 4.67425137e+01
 7.12966580e+01
 2.88343970e+01
 3.29639436e+01
 5.29160106e+01
 3.70466012e+01
 2.91879873e+01
 2.92259118e+01
 7.57287921e+01
 4.19450007e+01
 1.05832021e+02
 4.26839488e+01
 1.75531600e+01
 2.80163665e+01
 4.95004936e+01
 6.35918633e+01
 4.42378720e+01
 1.76082902e+01
 4.37456482e+01
 3.11605488e+01
 1.22459288e+02
 1.17248574e+02
 1.00429977e+02
 5.31945710e+01
 3.84272452e+01
 1.38392265e+01
 4.12708939e+01
 2.87146715e+00
 4.70323820e+01
 2.97004866e+01
 2.65791228e+01
 5.14091848e+01
 7.04269151e+01
 7.33511851e+01
 4.66292356e+01
 5.65538995e+01
 2.79099215e+01
 2.75943759e+01
 1.91736614e+01
 2.56068881e+01
 1.02363570e+02
 2.63037462e+01
 2.65958249e+01
 7.62949628e+01
 4.22096336e+01
 9.98099602e+01
 6.69169103e+01
 2.64478545e+01
 1.98196983e+01
 8.70113812e+01
 3.75642882e+01
 1.25172243e+02
 4.78310849e+01
 5.39562955e+01
 3.39363569e+01
 1.63731869e+01
 2.49386637e+01
 8.98301256e+01
 6.53069359e+01
 3.32109976e+01
 4.93936851e+01
 1.05674345e+01
 3.50124760e+01
 4.25702702e+01
 6.14356101e+01
 1.95765767e+01
 2.58450425e+01
 4.60381227e+01
 1.85473602e+01
 1.22994442e+02
 7.22962471e+01
 4.46124494e+01
 4.29420468e+01
 2.12412849e+01
 3.34013776e+01
 2.28063154e+01
 2.92058563e+01
 2.54313108e+01
 7.48213353e+01
 7.41591983e+01
 5.64820978e+01
 6.75407385e+01
 4.52940833e+01
 6.42250288e+01
 1.59400982e+01
 3.14268626e+01
 3.43774425e+01
 3.93037989e+00
 2.08966850e+01
 4.35530128e+01
 7.43264111e+00
 5.95630933e+01
 2.08056048e+01
 6.46358002e+01
 2.21109548e+01
 1.23646138e+02
 6.18148597e+01
 1.34748779e+02
 7.14227964e+01
 6.95726745e+01
 2.09148259e+01
 5.26560466e+01
 2.77622806e+01
 1.21574279e+02
 9.35098372e+01
 7.18291684e+01
 5.63162587e+01
 4.03886683e+01
 6.43343561e+01
 5.27145401e+00
 5.44595663e+01
 7.33012394e+01
 2.64045402e+01
 2.29270613e+01
 2.05000884e+01
 5.27894122e+01
 5.83944762e+01
 9.16727966e+01
 6.88642444e+01
 7.08492522e+01
 1.08724663e+02
 1.43688079e+02
 6.60058062e+01
 4.07359834e+01
 4.00831999e+01
 5.05863461e+01
 3.34307154e+01
 6.27162591e+01
 1.15241143e+02
 7.60852240e+01
 7.21155563e+01
 7.04130442e+01
 2.92655454e+01
 8.26424410e+00
 3.56138709e+01
 9.72694162e+01
 2.07448035e+01
 7.17732868e+01
 4.22374784e+01
 7.51057463e+01
 7.79576056e+01
 9.66335746e+01
 5.25437941e+01
 7.54465901e+01
 1.24330515e+02
 5.02619671e+01
 4.03614071e+01
 5.00383715e+01
 6.48438874e+01
 6.68043872e+01
 3.03457432e+01
 3.82278350e+01
 8.65228975e+01
 4.81639240e+01
 2.01251101e+01
 5.78339980e+01
 3.38098445e+01
 1.06059445e+02
 1.08520398e+01
 5.51763047e+01
 3.30985133e+01
 4.05886095e+01
 1.80581920e+01
 4.34639286e+01
 4.34037137e+01
 4.48708739e+01
 3.04333532e+01
 1.81606181e+01
 2.32949957e+01
 1.30717730e+02
 7.45792800e+01
 2.71089262e+01
 4.77178649e+01
 3.91350052e+01
 9.18951125e+00
 3.58046017e+01
 1.00093396e+02
 8.12931673e+01
 3.96781097e+01
 1.36061890e+01
 1.75917011e+01
 1.48210110e+02
 3.80145128e+01
 6.52251809e+01
 2.82729133e+01
 5.49145314e+01
 4.35234670e+01
 4.79879285e+01
 1.47420604e+02
 1.26212279e+02
 3.08881448e+01
 3.45542686e+01
 6.14947462e+01
 4.75279464e+01
 5.59591963e+01
 1.97379502e+01
 1.11455718e+01
 3.92614453e+01
 3.11081539e+01
 6.28231747e+01
 4.87130166e+01
 1.00219548e+02
 1.46106319e+02
 7.35632673e+01
 4.65431669e+01
 2.79362051e+01
 1.43416326e+02
 1.20319580e+02
 7.63370518e+01
 3.31549601e+01
 4.62469360e+01
 1.72242489e+01
 5.51564412e+01
 1.22924459e+01
 4.16515073e+01
 2.44459769e+01
 3.96430018e+01
 9.46109081e+01
 3.78154047e+01
 1.85910489e+01
 6.49789825e+01
 3.05151842e+01
 4.84790892e+01
 5.40642051e+01
 3.41420334e+01
 5.44995312e+01
 5.83022732e+01
 4.10530677e+01
 9.50416839e+01
 1.66376481e+01
 2.70191674e+01
 2.69217313e+01
 1.80700590e+01
 3.30356964e+01
 3.42571225e+01
 2.18048150e+01
 4.18074735e+01
 2.98309145e+01
 4.33464145e+01
 2.10452926e+01
 3.56956179e+01
 5.22231533e+01
 5.01382457e+01
 2.30732685e+01
 3.80618417e+01
 2.38236081e+01
 1.96846913e+01
 4.27814761e+01
 6.97888207e+01
 7.45670123e+01
 3.49503493e+01
 7.60278369e+01
 4.17562346e+00
 2.13064154e+01
 4.25670066e+01
 3.27662865e+01
 5.31038840e+01
 5.02700279e+01
 3.61017128e+01
 9.17250925e+01
 7.53912863e+01
 1.59772230e+02
 3.57528472e+01
 2.48005403e+01
 6.12848759e+01
 1.08847252e+02
 1.13926760e+02
 1.88333883e+01
 2.50863453e+01
 6.56406025e+01
 2.52313005e+01
 3.46494939e+01
 6.09242509e+01
 1.30643122e+02
 1.63907341e+02
 3.96514449e+01
 3.29663876e+01
 6.80799434e+01
 4.24026844e+01
 5.17273522e+01
 3.48580951e+01
 6.47567958e+01
 8.09579986e+01
 6.26163396e+01
 6.43938590e+01
 4.42143550e+01
 2.70022864e+01
 7.16586880e+01
 4.37634580e+01
 4.44228416e+00
 3.52528376e+01
 6.51473015e+01
 6.74370871e+01
 7.78840569e+01
 5.70061872e+01
 4.80607013e+01
 6.39844193e+01
 7.68342132e+01
 2.40489652e+01
 1.35723202e+01
 4.41762610e+01
 6.83073816e+01
 9.39257761e+01
 2.20981941e+01
 7.70552062e+01
 3.67850952e+01
 9.14699286e+01
 5.20020123e+01
 6.80682648e+01
 8.02172049e+01
 6.27305222e+01
 2.24075571e+01
 1.70669984e+01
 4.89477250e+01
 4.19262193e+01
 1.04432662e+01
 1.20031184e+01
 1.99698247e+01
 3.86622620e+01
 7.43070921e+01
 5.33472042e+01
 1.15820031e+02
 7.51333527e+01
 6.89717733e+00
 3.09526370e+01
 6.57876212e+01
 6.01564032e+01
 5.18131101e+01
 8.56138644e+01
 4.37921540e+01
 1.96438789e+01
 5.62671298e+01
 7.73067576e+01
 7.00852330e+01
 1.00329806e+02
 1.48132930e+01
 2.25969234e+00
 6.95417971e+01
 6.39771570e+01
 5.78589103e+01
 5.99940152e+01
 2.33087567e+01
 1.70848412e+01
 8.66771840e+01
 3.50238935e+01
 2.00663996e+01
 9.56613795e+01
 8.98465345e+01
 3.31977580e+01
 3.67514933e+01
 3.38029457e+01
 4.86584991e+01
 3.93132832e+01
 8.62380236e+01
 6.66541980e+01
 4.90526854e+01
 1.06407125e+02
 1.78882664e+02
 7.03972211e+01
 3.72811676e+01
 2.44877785e+01
 3.50896298e+01
 2.98733811e+01
 7.33535268e+01
 5.43613423e+01
 3.96363053e+01
 5.00648310e+01
 6.99999830e+01
 3.61642883e+01
 7.23439322e+01
 6.56705805e+01
 6.69322329e+01
 4.82561457e+01
 7.65156485e+01
 1.04220438e+02
 5.11454160e+01
 2.07405088e+01
 6.51996394e+01
 2.57813695e+01
 5.57722194e+01
 1.00256038e+02
 1.24999886e+02
 5.55300483e+01
 5.15027756e+01
 6.93846128e+00
 6.11894642e+01
 1.94564214e+01
 9.77370698e+01
 6.39718271e+01
 4.16725742e+01
 2.92072483e+01
 2.63526731e+01
 7.14514079e+01
 9.07874017e+01
 4.75608794e+01
 1.39626670e+01
 3.82134919e+01
 7.84433405e+01
 7.06309582e+01
 5.66139997e+01
 1.34797148e+02
 3.44234681e+01
 5.01279617e+00
 6.18025823e+01
 8.62818476e+01
 1.27352342e+02
 4.36779701e+01
 6.90134556e+01
 9.62282452e+01
 1.12695564e+02
 2.40096959e+01
 1.30709689e+01
 4.82430352e+01
 4.47483631e+01
 1.73996595e+01
 2.80487900e+01
 2.56979879e+01
 1.89971361e+01
 4.92123632e+01
 7.37456816e+00
 2.86090825e+01
 4.21588455e+01
 3.69410376e+01
 8.11458615e+01
 1.14096136e+01
 8.90447330e+01
 1.07920768e+01
 3.28904285e+01
 4.15556832e+01
 3.19389428e+01
 2.90424670e+01
 6.72820168e+01
 4.61783675e+00
 3.80244854e+01
 4.18966463e+01
 6.46300621e+01
 6.48393028e+01
 7.06265198e+01
 4.11708502e+01
 2.21194875e-01
 9.91315063e+00
 6.43380929e+01
 3.88103493e+01
 4.19317295e+01
 4.64810248e+01
 8.94527718e+01
 1.48061175e+02
 3.89048862e+01
 7.59165317e+01
 2.36426433e+01
 5.01841594e+01
 3.19538145e+01
 5.82592646e+01
 5.43112437e+01
 2.97015542e+01
 2.88552832e+01
 2.52098963e+01
 5.85550111e+01
 5.11753930e+01
 1.19612557e+01
 5.54935908e+01
 7.31888507e+01
 8.51353077e+00
 3.74610728e+01
 4.45660113e+01
 9.50372309e+01
 4.29378517e+01
 2.56963514e+01
 2.69776362e+01
 3.64947312e+01
 1.48469993e+02
 1.49911043e+01
 3.31293748e+01
 6.53758639e+01
 9.35064972e+01
 3.25199582e+01
 3.33592412e+01
 4.82226362e+01
 4.90046895e+01
 3.13037680e+01
 5.72445029e+01
 3.62835049e+01
 2.61190567e+01
 2.69861711e+01
 1.80964712e+01
 2.39411934e+01
 4.90575392e+01
 4.02214692e+01
 4.29448768e+01
 2.17623314e+01
 9.95188759e+01
 6.29584696e+01
 4.64567379e+01
 3.92744692e+01
 1.67551965e+01
 9.87161495e+01
 4.85093523e+01
 6.79797332e+01
 4.79459555e+01
 4.04725687e+01
 5.61293585e+01
 5.89635376e+01
 3.48139849e+01
 5.35663617e+01
 2.78663343e+01
 2.35991855e+01
 1.05257342e+02
 2.24728078e+01
 5.70797909e+01
 4.48716632e+01
 3.99034316e+01
 3.37235495e+01
 5.60174287e+01
 5.37792380e+01
 5.93505475e+01
 4.22817387e+00
 2.85593274e+01
 2.04083883e+01
 8.07067805e+01
 8.79445384e+01
 4.25817443e+01
 1.91897231e+01
 4.56492954e+01
 9.55192160e+01
 6.33768062e+01
 4.37393466e+01
 4.45223568e+01
 4.60020408e+01
 1.99768574e+01
 2.20342588e+01
 2.93366422e+01
 1.53116873e+01
 1.28902324e+02
 1.91241767e+01
 5.89862974e+01
 3.30981698e+01
 5.69449612e+01
 7.80500697e+01
 6.80231958e+01
 6.64100393e+01
 7.22661266e+01
 4.65112048e+01
 6.15941931e+01
 1.14410589e+02
 1.97757299e+01
 3.53883810e+01
 3.68946211e+01
 9.17988445e+01
 5.28334774e+01
 1.34184808e+02
 1.43892197e+01
 1.44006106e+01
 1.17737735e+01
 1.73294219e+01
 4.91390657e+01
 2.60213916e+01
 4.56220409e+01
 2.32037119e+01
 2.20310265e+01
 5.41378110e+01
 7.54192547e+01
 9.16488167e+01
 9.07654439e+01
 3.28287444e+01
 3.04958692e+01
 5.68556849e+00
 4.83516317e+01
 1.10018791e+02
 4.77216066e+01
 3.21179126e+01
 8.37057407e+01
 5.36748168e+01
 9.46557366e+01
 6.83644541e+01
 5.64941301e+01
 5.84631949e+01
 2.34948956e+01
 1.89287421e+01
 9.31199017e+01
 7.20050598e+01
 9.26559624e+01
 5.55362985e+01
 5.57968288e+01
 7.78605740e+01
 1.48180190e+02
 1.79674633e+02
 5.42012987e+01
 9.44535384e+01
 1.44754796e+01
 3.98581545e+01
 3.48512012e+01
 2.91201484e+01
 5.22882900e+01
 3.03655121e+01
 9.07974685e+00
 4.24579083e+01
 5.67149392e+01
 4.45340446e+01
 3.15091975e+01
 2.93461353e+01
 4.12719609e+01
 1.44453020e+02
 4.75981798e+01
 2.66505749e+01
 4.86951794e+01
 6.03803633e+01
 2.71707985e+01
 4.65782208e+01
 6.67683841e+01
 1.36395314e+02
 8.98967759e+01
 8.19342128e+01
 1.00264241e+01
 2.34644100e+01
 6.59761748e+01
 5.12464829e+01
 3.03717555e+01
 8.73676217e+01
 7.82020187e+01
 4.78572961e+01
 7.64834274e+01
 2.81814321e+01
 3.76783115e+01
 1.68951697e+01
 2.45932642e+01
 4.94180048e+01
 1.21562837e+01
 7.74556469e+01
 4.59620613e+01
 3.80059260e+01
 4.04157289e+01
 3.25891598e+01
 6.91449695e+01
 8.29060269e+01
 3.83503950e+01
 4.66294156e+01
 3.32010758e+01
 2.67525117e+01
 1.47837773e+01
 8.35156906e+01
 3.40705685e+01
 3.49146174e+01
 4.14483649e+00
 2.48863992e+01
 2.73412254e+01
 5.23045770e+01
 1.40228063e+01
 3.02082957e+01
 1.08979898e+01
 4.63983320e+01
 8.45745831e+01
 1.72024341e+01
 9.81647895e+01
 4.05863002e+01
 2.74449606e+01
 1.35040516e+01
 1.40835449e+01
 3.95157292e+00
 8.48039965e+01
 3.38195884e+01
 4.52055644e+01
 4.27883589e+01
 6.11735170e+01
 1.09926170e+01
 6.45947781e+01
 8.95085505e+00
 4.72255630e+01
 3.78620345e+01
 9.76678845e+01
 1.59048623e+02
 1.81614038e+01
 5.53178974e+01
 2.43190375e+01
 3.24756178e+01
 3.86709539e+01
 4.35167421e+01
 9.13730431e+01
 2.29134173e+01
 3.32036562e+01
 4.66884299e+01
 7.76468753e+01
 4.29308315e+01
 2.98864482e+01
 4.49713975e+01
 1.23498658e+01
 4.21262142e+01
 5.33481408e+01
 8.53573750e+01
 4.01133051e+00
 2.14212147e+01
 3.77321373e+01
 8.62446787e+01
 5.84279326e+01
 7.45677821e+01
 5.90483982e+01
 5.97993990e+01
 2.55655826e+01
 1.20785894e+02
 7.35963724e+01
 9.08091974e+01
 3.94801656e+01
 4.71846217e+01
 7.86629006e+01
 4.20510540e+01
 6.51643691e+01
 6.87188712e+01
 6.98138375e+01
 4.29844185e+01
 2.49362785e+01
 2.56269780e+01
 7.70604485e+01
 9.20152391e+01
 4.46980843e+01
 4.04020248e+01
 3.30717447e+01
 4.92398328e+01
 3.80217885e+01
 7.89092679e+01
 2.87416780e+01
 5.33268161e+01
 1.06540631e+02
 3.91684211e+01
 9.60693017e+01
 3.88412432e+01
 5.05112933e+01
 6.04741782e+01
 3.22068001e+01
 5.96042080e+01
 6.97333320e+01
 1.23859326e+02
 3.50997455e+01
 1.50304786e+01
 1.68796281e+01
 1.00004097e+02
 5.23082894e+01
 9.11990848e+01
 6.56343712e+01
 1.03194935e+02
 6.20940136e+01
 2.33454841e+01
 3.15679701e+01
 1.10143617e+02
 7.14953406e+01
 2.42842320e+01
 6.19505785e+01
 9.79984312e+01
 2.28400355e+01
 6.22665556e+01
 3.78371995e+01
 3.37673851e+01
 2.60448780e+01
 3.86866660e+01
 4.13746860e+01
 9.88000764e+00
 8.59026440e+01
 2.41821981e+01
 1.00000660e+01
 1.99289665e+01
 9.14160530e+01
 4.13996180e+01
 7.45480408e+01
 5.07517402e+01
 8.83534533e+00
 7.28785249e+01
 2.81370871e+01
 5.60221958e+01
 8.95592042e+01
 2.39040713e+01
 8.30050451e+01
 3.19001928e+01
 3.50055407e+01
 1.20680346e+01
 7.15619548e+01
 3.04467865e+01
 1.32844240e+02
 3.84747153e+01
 6.78901247e+01
 6.25903427e+01
 4.06824372e+01
 4.33997695e+01
 9.96709723e+01
 2.46695983e+01
 5.31758285e+01
 1.09395588e+01
 4.47606502e+01
 5.42442686e+01
 1.62904488e+01
 3.72994619e+01
 7.97776961e+01
 3.77136972e+01
 2.77707904e+01
 2.97697589e+01
 3.49871660e+01
 1.30147944e+02
 9.07409523e+01
 8.34615456e+01
 5.18029383e+01
 4.98329917e+01
 4.13438734e+01
 3.80281422e+01
 6.28915097e+00
 6.12688763e+01
 6.82329488e+01
 2.36045907e+01
 3.24098149e+01
 6.05751043e+01
 5.86072691e+01
 1.41163038e+02
 5.87408978e+01
 5.22313024e+01
 4.64253322e+01
 1.94272042e+01
 5.82354029e+01
 1.03992576e+02
 6.39520756e+01
 4.74986598e+01
 2.71166338e+01
 5.08950308e+01
 1.48441979e+02
 5.78554213e+00
 6.24385415e+01
 1.36829434e+01
 1.56266489e+01
 3.16367703e+01
 5.11672409e+01
 2.13607413e+01
 1.77602198e+01
 2.28973787e+01
 1.18934148e+01
 9.64048501e+01
 5.92146980e+01
 6.02409131e+01
 3.10522568e+01
 6.86387491e+00
 5.20212006e+01
 7.66750796e+01
 4.54003601e+01
 9.00716785e+01
 3.21185786e+01
 1.56584587e+01
 2.68183468e+01
 7.48418825e+00
 4.27904357e+01
 3.67725638e+01
 4.43574792e+01
 2.80485001e+01
 7.41884115e+01
 4.40437869e+01
 9.73698607e+01
 9.48495915e+01
 1.35394172e+02
 1.84481442e+01
 5.70170885e+00
 4.57938307e+01
 5.23276507e+01
 1.05316021e+02
 7.02102042e+01
 4.39370516e+01
 8.77977384e+01
 6.71808257e+01
 7.12319471e+01
 7.34566683e+01
 4.19209875e+01
 1.11323711e+01
 4.77670280e+01
 9.11276647e+01
 1.37664358e+01
 3.12645101e+01
 1.00433252e+02
 2.47318063e+01
 4.41012086e+01
 6.32237051e+01
 4.22390588e+01
 1.10286055e+02
 3.76479928e+01
 5.76427727e+01
 1.83266163e+01
 2.06693465e+01
 4.74342279e+01
 5.39196730e+01
 6.65183289e+01
 3.83281734e+01
 4.43355659e+01
 2.70448452e+01
 9.84644158e+01
 4.00539753e+01
 3.80793117e+01
 3.69639310e+01
 3.08650022e+01
 6.97925973e+01
 9.63028450e+01
 2.57549240e+01
 7.28619602e+01
 5.22278725e+01
 8.45684497e+01
 1.06782447e+02
 1.48003403e+02
 1.04276924e+02
 6.50220476e+01
 2.32273288e+01
 3.21150966e+01
 9.95679101e+01
 6.26132410e+01
 6.52296600e+01
 4.65613540e+01
 5.03287012e+01
 2.07617509e+01
 6.38010398e+01
 8.54095963e+01
 9.88140882e+01
 6.87329225e+01
 2.08764005e+01
 2.63936903e+01
 5.52129059e+00
 3.31039382e+01
 4.22217224e+01
 9.27921830e+01
 1.08140999e+02
 2.80739481e+01
 4.67965196e+01
 7.36504520e+01
 6.47838694e+01
 9.64503670e+01
 1.09540968e+01
 2.67226635e+01
 4.04886015e+01
 1.11367632e+01
 4.91807362e+01
 4.82527061e+01
 4.01090872e+01
 4.32635383e+01
 4.32867005e+01
 1.34950168e+02
 4.85779255e+01
 1.03967385e+02
 1.89299783e+01
 2.28055370e+01
 8.48768593e+01
 1.48869349e+02
 2.83235041e+01
 3.94417719e+01
 1.80300929e+01
 3.13161347e+01
 4.18028217e+01
 6.18248900e+01
 6.45012458e+01
 1.19048547e+01
 3.86215130e+01
 3.24388519e+01
 2.66179059e+01
 2.50206271e+01
 4.94367887e+01
 5.94742333e+01
 7.35065526e+01
 4.38812980e+01
 5.25053611e+01
 1.05922309e+02
 4.62602850e+01
 5.14542179e+01
 7.97211592e+01
 5.88172758e+01
 1.11971330e+02
 7.99764510e+01
 7.83286007e+01
 5.10072122e+01
 2.10111863e+01
 8.83002490e+01
 6.39900434e+01
 1.18529692e+02
 1.37615063e+02
 4.76073063e+01
 3.55013817e+01
 4.98034041e+01
 3.99128229e+01
 8.87834901e+00
 1.19783137e+02
 5.92292360e+01
 3.16628427e+01
 4.98638646e+01
 4.92740829e+01
 4.23953551e+01
 8.56530838e+01
 1.02109689e+02
 4.91528339e+01
 5.05462010e+01
 3.23576742e+01
 1.13076462e+02
 5.25120964e+01
 4.17469498e+01
 6.11200616e+01
 5.50167436e+01
 6.22818878e+01
 4.50596153e+01
 1.25710338e+02
 1.32175543e+02
 7.15331907e+01
 7.09855361e+01
 6.20192632e+01
 1.25426757e+01
 4.13520077e+01
 3.82066346e+01
 6.04960875e+01
 3.66470160e+01
 5.19649073e+01
 5.74421815e+01
 2.49419568e+01
 2.31576591e+01
 4.00716874e+01
 1.23115131e+02
 1.01779196e+01
 5.16302995e-01
 5.36488915e+01
 7.41487576e+01
 3.87221876e+01
 7.61381230e+01
 4.10856369e+01
 3.82963090e+01
 6.02158219e+01
 4.71191479e+01
 1.86882220e+01
 4.65494810e+01
 1.37006018e+02
 7.22693227e+01
 4.01137214e+01
 8.28772043e+01
 9.72697774e+01
 1.79655516e+01
 1.98417501e+01
 9.12275246e+01
 2.15389023e+01
 8.01460556e+01
 3.81392112e+01
 4.41850403e+01
 5.05432722e+01
 9.66095788e+00
 9.64374814e+00
 4.66779210e+01
 9.30195876e+01
 3.74790866e+01
 8.21341395e+01
 6.25400057e+01
 4.55811991e+01
 4.11944054e+01
 1.18942783e+01
 8.80557379e+00
 5.84382061e+01
 1.81598301e+01
 4.59959315e+01
 6.18377337e+01
 1.64558240e+02
 6.93323726e+01
 1.19088409e+02
 3.93432349e+01
 5.16463821e+01
 5.09166152e+01
 1.67402882e+01
 8.71350236e+01
 1.59866805e+00
 2.35511085e+01
 5.26981856e+01
 7.55705089e+01
 8.09991237e+01
 3.04848364e+01
 2.13383131e+01
 6.75794888e+01
 1.79722827e+02
 6.61936569e+01
 3.90058441e+01
 1.55721930e+01
 9.43507443e+01
 6.96822276e+01
 6.19089977e+01
 2.77251711e+01
 5.37836813e+01
 5.26304145e+01
 3.09460086e+01
 1.20888696e+02
 1.78106849e+02
 3.96077504e+01
 1.07326930e+02
 1.56521142e+01
 3.03245753e+01
 8.77524108e+01
 3.94709157e+00
 4.97454422e+01
 6.79195009e+01
 3.95237433e+01
 4.04724785e+01
 6.57006470e+01
 2.52377616e+01
 1.51287617e+01
 5.46769493e+01
 2.64149297e+01
 4.54200256e+01
 7.23661241e+01
 2.36094874e+01
 2.72575023e+01
