 1.10281677e+01
 8.59973145e+00
 9.60354614e+00
 1.13012390e+01
 1.34256897e+01
 1.92900391e+01
 2.25362549e+01
 2.42542725e+01
 2.51400452e+01
 2.08740234e+01
 1.68992615e+01
 1.63259888e+01
 1.31192627e+01
 1.12427979e+01
 1.18682251e+01
 1.24952698e+01
 1.54121704e+01
 2.01809082e+01
 2.20431213e+01
 2.38990173e+01
 2.38554077e+01
 1.94082031e+01
 1.88348694e+01
 1.37934265e+01
 1.18489075e+01
 8.93783569e+00
 7.83804321e+00
 1.11613770e+01
 1.53472900e+01
 1.93812256e+01
 2.19295044e+01
 2.57089233e+01
 2.19585876e+01
 2.17435913e+01
 1.75539856e+01
 1.29187317e+01
 1.20981140e+01
 1.20101013e+01
 1.12401733e+01
 1.04939575e+01
 1.45625916e+01
 1.96378174e+01
 2.19442749e+01
 2.35679932e+01
 1.93757629e+01
 1.99196472e+01
 1.25515137e+01
 1.56142883e+01
 1.20434265e+01
 9.63714600e+00
 1.15801392e+01
 1.07199707e+01
 1.35703735e+01
 1.84352722e+01
 2.13269958e+01
 2.36820068e+01
 2.09679260e+01
 2.02644348e+01
 1.53626099e+01
 1.58848267e+01
 1.00394897e+01
 1.08453369e+01
 9.54156494e+00
 1.12742615e+01
 1.42458191e+01
 1.83053284e+01
 2.48555603e+01
 2.56143188e+01
 2.38156128e+01
 2.13812256e+01
 1.74534912e+01
 1.35305176e+01
 1.20600281e+01
 7.48098755e+00
 1.00657959e+01
 1.21283569e+01
 1.43859863e+01
 1.97941895e+01
 1.98289795e+01
 2.33839722e+01
 2.27485046e+01
 1.89129333e+01
 1.67678833e+01
 1.62159729e+01
 1.22577820e+01
 1.11749878e+01
 8.63400269e+00
 1.15015564e+01
 1.26300964e+01
 1.90088501e+01
 2.18192444e+01
 2.30765381e+01
 2.43495483e+01
 1.97132568e+01
 1.96978760e+01
 1.41051941e+01
 1.25752869e+01
 1.06223755e+01
 1.11987915e+01
 1.08926697e+01
 1.28750916e+01
 1.64772949e+01
 2.31607971e+01
 2.51311340e+01
 2.38767395e+01
 2.00366516e+01
 1.68071289e+01
 1.51488647e+01
 1.14726868e+01
 1.04942627e+01
 1.00013428e+01
 1.10795898e+01
 1.26004028e+01
 1.91389465e+01
 2.36636658e+01
 2.36706543e+01
 2.41515503e+01
 2.11669922e+01
 1.60783691e+01
 1.51078796e+01
 1.22205505e+01
 1.13512268e+01
 1.01744690e+01
 1.07068176e+01
 1.36365967e+01
 1.84138489e+01
 2.43626709e+01
 2.41360168e+01
 2.41848755e+01
 1.93850098e+01
 1.72262268e+01
 1.48800964e+01
 1.40035400e+01
 1.20727844e+01
 1.18121338e+01
 1.54899292e+01
 1.46506348e+01
 1.81222839e+01
 2.10764771e+01
 2.53871765e+01
 2.44535522e+01
 1.93995361e+01
 1.67780151e+01
 1.35481262e+01
 1.17200928e+01
 9.51644897e+00
 9.28869629e+00
 1.08970337e+01
 1.45776672e+01
 1.95416565e+01
 2.34160156e+01
 2.34191589e+01
 2.32906799e+01
 1.98613281e+01
 1.88579407e+01
 1.41379700e+01
 7.56011963e+00
 1.02029114e+01
 1.06474609e+01
 1.25019836e+01
 1.53206482e+01
 1.83583374e+01
 2.14523315e+01
 2.34580078e+01
 2.31235046e+01
 2.09852295e+01
 1.91733704e+01
 1.70232849e+01
 1.05965576e+01
 1.28441162e+01
 1.28016357e+01
 1.22113342e+01
 1.51885681e+01
 2.00769348e+01
 2.14536743e+01
 2.47196045e+01
 2.47613220e+01
 2.31889648e+01
 1.81854553e+01
 1.35439758e+01
 1.24304504e+01
 1.27935791e+01
 1.09328003e+01
 1.29748840e+01
 1.37807922e+01
 1.99601746e+01
 2.33428955e+01
 2.36972046e+01
 2.39285889e+01
 2.04430542e+01
 1.57990417e+01
 1.17001648e+01
 1.06667480e+01
 8.52758789e+00
 9.16690063e+00
 1.18649292e+01
 1.22560730e+01
 1.85606689e+01
 2.35497742e+01
 2.49532471e+01
 2.27533569e+01
 2.07388000e+01
 1.76467285e+01
 1.48508911e+01
 1.18648987e+01
 9.25518799e+00
 8.90081787e+00
 1.08997192e+01
 1.25858765e+01
 1.98855896e+01
 2.35198364e+01
 2.52892151e+01
 2.33189087e+01
 2.06508179e+01
 1.92785339e+01
 1.40054626e+01
 1.32039185e+01
 1.15558472e+01
 1.23888245e+01
 1.13182983e+01
 1.47177429e+01
 1.95617981e+01
 2.25086670e+01
 2.35744019e+01
 2.19291992e+01
 2.09612122e+01
 2.00500793e+01
 1.28489380e+01
 8.72549438e+00
 1.11574402e+01
 1.01196899e+01
 1.14841919e+01
 1.36905518e+01
 1.93229370e+01
 2.38361816e+01
 2.47220459e+01
 2.28993530e+01
 2.15701294e+01
 1.90837097e+01
 1.09684448e+01
 1.47533569e+01
 1.32958069e+01
 1.27619324e+01
 1.30102234e+01
 1.55150757e+01
 2.00682983e+01
 2.32655640e+01
 2.39857483e+01
 2.35129700e+01
 1.99756775e+01
 1.64956055e+01
 1.53606567e+01
 1.41839600e+01
 1.09236450e+01
 9.87039185e+00
 1.06597290e+01
 1.22062683e+01
 1.71657104e+01
 2.35730591e+01
 2.63858643e+01
 2.34176331e+01
 1.90292053e+01
 1.80956421e+01
 1.33404846e+01
 1.12673950e+01
 9.54504395e+00
 9.94885254e+00
 1.12894592e+01
 1.63879395e+01
 1.92763367e+01
 2.33591614e+01
 2.32806396e+01
 2.27875671e+01
 2.15325012e+01
 1.75354614e+01
 1.50780334e+01
 1.29046631e+01
 1.23922729e+01
 1.08387146e+01
 1.26458740e+01
 1.33816223e+01
 1.93247070e+01
 2.14760742e+01
 2.23142395e+01
 2.41972961e+01
 2.14754639e+01
 1.93992004e+01
 1.61015015e+01
 1.23464661e+01
 1.05740967e+01
 8.93762207e+00
 1.30374146e+01
 1.63373718e+01
 1.90235596e+01
 2.50025330e+01
 2.61892090e+01
 2.23328552e+01
 2.14024963e+01
 1.69121094e+01
 1.58334961e+01
 1.42308655e+01
 1.19112854e+01
 1.23380127e+01
 1.43582764e+01
 1.55541077e+01
 2.05307312e+01
 2.29261780e+01
 2.46145935e+01
 2.31003113e+01
 2.05292969e+01
 1.74749146e+01
 1.30757141e+01
 1.25859680e+01
 1.22555847e+01
 1.20573730e+01
 1.28438416e+01
 1.44281616e+01
 2.08112183e+01
 2.39956665e+01
 2.71932373e+01
 2.51305847e+01
 2.02072449e+01
 2.08005676e+01
 1.66634521e+01
 1.05242310e+01
 1.05089111e+01
 1.02911987e+01
 1.31123962e+01
 1.61509705e+01
 2.00386963e+01
 2.52010193e+01
 2.64095154e+01
 2.44970703e+01
 2.13434753e+01
 1.65397339e+01
 1.49381714e+01
 1.33316956e+01
 1.14666138e+01
 1.08181763e+01
 1.26709900e+01
 1.74338074e+01
 2.06570740e+01
 2.34790344e+01
 2.43868103e+01
 2.37039795e+01
 1.96659851e+01
 1.83172913e+01
 1.49104614e+01
 1.15508423e+01
 1.24293518e+01
 1.17880249e+01
 1.23406982e+01
 1.50986938e+01
 1.99623413e+01
 2.47382202e+01
 2.45868225e+01
 2.42896423e+01
 2.19767151e+01
 1.69279175e+01
 1.38282166e+01
 1.39826965e+01
 1.25827332e+01
 1.16539917e+01
 1.14703064e+01
 1.47835388e+01
 1.98827515e+01
 2.31112366e+01
 2.61062012e+01
 2.62129517e+01
 1.95563354e+01
 1.76044922e+01
 1.38473816e+01
 1.04438171e+01
 1.16607056e+01
 1.13712463e+01
 1.21345825e+01
 1.47940063e+01
 2.04003601e+01
 2.44262085e+01
 2.70613708e+01
 2.23040771e+01
 2.13086853e+01
 1.90341797e+01
 1.37427368e+01
 1.33317566e+01
 1.20939026e+01
 1.13721924e+01
 1.23810730e+01
 1.49629211e+01
 1.84254761e+01
 2.41642151e+01
 2.49544983e+01
 2.61303711e+01
 2.22253418e+01
 2.00462341e+01
 1.30639038e+01
 1.63264465e+01
 1.13142090e+01
 1.19505005e+01
 1.29147949e+01
 1.49860229e+01
 1.69340210e+01
 2.34080505e+01
 2.41374207e+01
 2.32026367e+01
 2.28278198e+01
 1.62986755e+01
 1.30747375e+01
 1.18562012e+01
 1.01690063e+01
 1.14416504e+01
 1.16999512e+01
 1.38984680e+01
 1.91618958e+01
 2.29911194e+01
 2.36053162e+01
 2.46417542e+01
 2.17033386e+01
 1.58273621e+01
 1.34234619e+01
 1.36638794e+01
 1.20624695e+01
 1.15350952e+01
 1.14490051e+01
 1.42377930e+01
 2.06554260e+01
 2.50487061e+01
 2.61697083e+01
 2.50733337e+01
 2.27890625e+01
 1.86671753e+01
 1.58335571e+01
 1.43806152e+01
 1.23879395e+01
 1.26802673e+01
 1.26247559e+01
 1.63022156e+01
 1.90418091e+01
 2.45429688e+01
 2.62535706e+01
 2.51058350e+01
 2.11016846e+01
 2.07031860e+01
 1.71141357e+01
 1.19495544e+01
 1.02281494e+01
 9.64337158e+00
 1.25591431e+01
 1.39490356e+01
 1.94063110e+01
 2.45077820e+01
 2.70440369e+01
 2.52179565e+01
 2.28071594e+01
 1.86696167e+01
 1.53164978e+01
 1.49982605e+01
 1.07654724e+01
 1.06942444e+01
 1.22133179e+01
 1.46932373e+01
 1.88889771e+01
 2.11865234e+01
 2.32136841e+01
 2.45674438e+01
 2.12116699e+01
 1.93612671e+01
 1.73811035e+01
 1.51012268e+01
 1.28072510e+01
 1.24847107e+01
 1.28182373e+01
 1.50895386e+01
 2.13820496e+01
 2.44101562e+01
 2.49821472e+01
 2.47527771e+01
 2.13533325e+01
 1.96612549e+01
 1.38299866e+01
 1.32581177e+01
 1.13421631e+01
 1.21109314e+01
 1.32381897e+01
 1.77176819e+01
 1.94184265e+01
 2.40908203e+01
 2.47663574e+01
 2.74224243e+01
 2.28565063e+01
 1.97601929e+01
 1.72422791e+01
 1.15787964e+01
 1.12421875e+01
 1.05404663e+01
 1.22737122e+01
 1.31300354e+01
 2.07537842e+01
 2.43891907e+01
 2.54057007e+01
 2.51013489e+01
 2.32471008e+01
 2.00155334e+01
 1.73126831e+01
 1.27829590e+01
 1.12786865e+01
 1.13714905e+01
 1.18759155e+01
 1.36410828e+01
 1.98554382e+01
 2.49631653e+01
 2.61496582e+01
 2.40628662e+01
 2.16058350e+01
 1.85344849e+01
 1.51911316e+01
 1.12979126e+01
 1.19573669e+01
 1.17625122e+01
 1.21505737e+01
 1.59706726e+01
 2.11939087e+01
 2.46655884e+01
 2.71611023e+01
 2.58300781e+01
 2.34228210e+01
 2.00656738e+01
 1.54266663e+01
 1.31789856e+01
 1.12155762e+01
 1.07572021e+01
 1.21770630e+01
 1.55802307e+01
 1.91879272e+01
 2.33627014e+01
 2.56202698e+01
 2.62372742e+01
 2.08978882e+01
 1.98804321e+01
 1.67045288e+01
 1.15177612e+01
 1.06999207e+01
 1.13110657e+01
 1.13434143e+01
 1.38915405e+01
 2.12705078e+01
 2.47328186e+01
 2.68057861e+01
 2.64448853e+01
 2.39615173e+01
 2.03543091e+01
 1.51552734e+01
 1.24127808e+01
 1.33966980e+01
 1.38849182e+01
 1.29724121e+01
 1.54020691e+01
 1.96674805e+01
 2.41931152e+01
 2.50285339e+01
 2.50734558e+01
 2.14447327e+01
 2.08408813e+01
 1.77807007e+01
 1.34800415e+01
 1.19508972e+01
 1.37075195e+01
 1.19577332e+01
 1.46184387e+01
 2.14631348e+01
 2.50328369e+01
 2.56795349e+01
 2.75368958e+01
 2.26848755e+01
 1.98984985e+01
 1.55276489e+01
 1.29712219e+01
 1.06921387e+01
 1.27430420e+01
 1.25629578e+01
 1.47005615e+01
 2.16030273e+01
 2.48071899e+01
 2.53774719e+01
 2.49168396e+01
 2.28902283e+01
 1.94644470e+01
 1.49801636e+01
 1.46472473e+01
 1.28592529e+01
 1.12470093e+01
 1.28723755e+01
 1.50829163e+01
 2.05189819e+01
 2.45027771e+01
 2.64703369e+01
 2.54896545e+01
 2.47290649e+01
 1.88041992e+01
 1.55875244e+01
 1.39040222e+01
 1.27690430e+01
 1.13595886e+01
 1.32818604e+01
 1.53496094e+01
 2.07324219e+01
 2.49715881e+01
 2.65189819e+01
 2.35148621e+01
 2.07204895e+01
 1.93662109e+01
 1.65062561e+01
 1.23823853e+01
 1.07859497e+01
 1.03207397e+01
 1.27496338e+01
 1.51572266e+01
 1.84668579e+01
 2.32984924e+01
 2.80775757e+01
 2.64926758e+01
 2.43039856e+01
 2.05584106e+01
 1.51476135e+01
 1.59645996e+01
 1.22969055e+01
 1.24014282e+01
 1.30574951e+01
 1.66454468e+01
 1.98303223e+01
 2.44205017e+01
 2.72549438e+01
 2.59993591e+01
 2.03108215e+01
 1.65753784e+01
 1.36053467e+01
 9.55120850e+00
 1.29291687e+01
 1.10025024e+01
 1.31222534e+01
 1.62506714e+01
 2.16138611e+01
 2.41784668e+01
 2.59888611e+01
 2.62731323e+01
 2.17136230e+01
 1.87765808e+01
 1.81998291e+01
 1.66654358e+01
 1.19964294e+01
 1.43372192e+01
 1.36832275e+01
 1.80444946e+01
 2.38672485e+01
 2.46246643e+01
 2.65287781e+01
 2.53096313e+01
 2.13539429e+01
 1.84681091e+01
 1.63631287e+01
 1.30397644e+01
 1.34017029e+01
 1.22000122e+01
 1.40910645e+01
 1.72584229e+01
 2.35294800e+01
 2.51634216e+01
 2.83579407e+01
 2.61767273e+01
 2.25792236e+01
 2.14470520e+01
 1.85783997e+01
 1.36764526e+01
 1.17621765e+01
 1.18402710e+01
 1.39552307e+01
 1.80031128e+01
 2.32546692e+01
 2.73658142e+01
 2.83469238e+01
 2.81943359e+01
 2.34797668e+01
 2.04617615e+01
 1.61700439e+01
 1.40180359e+01
 1.13034668e+01
 1.16469727e+01
 1.16938171e+01
 1.53505249e+01
 2.29674988e+01
 2.64466858e+01
 2.65852356e+01
 2.39500732e+01
 2.25267639e+01
 2.09269409e+01
 1.59890442e+01
 1.36760864e+01
 1.31277771e+01
 1.31781311e+01
 1.44678040e+01
 1.75377197e+01
 2.17909241e+01
 2.66186523e+01
 2.60992126e+01
 2.67294006e+01
 2.34243164e+01
 1.87189331e+01
 1.75079346e+01
 1.38437500e+01
 1.20037231e+01
 1.17711792e+01
 1.34467773e+01
 1.58743286e+01
 1.88608704e+01
 2.39061890e+01
 2.60659485e+01
 2.62201538e+01
 2.43002014e+01
 1.97727051e+01
 1.70463257e+01
 1.40930176e+01
 1.23272400e+01
 1.23300781e+01
 1.31089783e+01
 1.63493347e+01
 1.98380432e+01
 2.55936890e+01
 2.68178101e+01
 2.47516479e+01
 2.00468445e+01
 2.17073364e+01
 1.39879761e+01
 1.45845032e+01
 1.28535461e+01
 1.33759155e+01
 1.33220215e+01
 1.66499939e+01
 2.07193909e+01
 2.69237671e+01
 2.62930298e+01
 2.50771179e+01
 2.19286804e+01
 1.86100769e+01
 1.04305725e+01
 9.09808350e+00
 1.08073425e+01
 1.11522522e+01
 1.22667847e+01
 1.41945190e+01
 2.03799133e+01
 2.56557617e+01
 2.75628052e+01
 2.51702881e+01
 2.41538391e+01
 1.87696533e+01
 1.83719482e+01
 1.49645081e+01
 1.10666504e+01
 1.23290405e+01
 1.33736572e+01
 1.60784912e+01
 2.46188049e+01
 2.44448853e+01
 2.57618408e+01
 2.44938354e+01
 2.21918335e+01
 2.00201721e+01
 1.55556946e+01
 1.26332397e+01
 1.21893005e+01
 1.36242371e+01
 1.30135803e+01
 1.78511963e+01
 2.19042053e+01
 2.51501465e+01
 2.75909424e+01
 2.64306946e+01
 2.07386169e+01
 2.00060730e+01
 1.59233398e+01
 1.35820007e+01
 1.20086365e+01
 1.35447083e+01
 1.43449402e+01
 1.65340576e+01
 2.11651917e+01
 2.36921692e+01
 2.73772888e+01
 2.55759888e+01
 2.38059998e+01
 2.08977051e+01
 1.52901001e+01
 1.59842224e+01
 1.37575989e+01
 1.30615234e+01
 1.44218750e+01
 1.51958618e+01
 2.12200928e+01
 2.17029724e+01
 2.75523682e+01
 2.61195679e+01
 2.23601379e+01
 1.96859131e+01
 1.66418152e+01
 1.62886963e+01
 1.24162292e+01
 1.37606506e+01
 1.49177551e+01
 1.91028442e+01
 2.31504822e+01
 2.76795044e+01
 3.06757202e+01
 2.66677246e+01
 2.30399170e+01
 1.96669312e+01
 1.67563782e+01
 1.20204773e+01
 1.11947327e+01
 1.19002686e+01
 1.24481201e+01
 1.61425171e+01
 2.20488281e+01
 2.51253052e+01
 2.76530457e+01
 2.47987061e+01
 2.26267700e+01
 1.93925171e+01
 1.88793640e+01
 1.51958313e+01
 1.30779419e+01
 1.10295410e+01
 1.49033813e+01
 1.87179260e+01
 2.28611145e+01
 2.76402893e+01
 2.73175049e+01
 2.85493164e+01
 2.36174316e+01
 2.06623840e+01
 1.70029907e+01
 1.36192932e+01
 1.23145142e+01
 1.16111755e+01
 1.42787781e+01
 1.65072632e+01
 2.30922241e+01
 2.54440613e+01
 2.85266724e+01
 2.55178833e+01
 2.43150024e+01
 1.99707336e+01
 1.43778687e+01
 1.44159546e+01
 1.36188354e+01
 1.35845947e+01
 1.48368530e+01
 1.61198730e+01
 2.14628296e+01
 2.61520386e+01
 2.75773315e+01
 2.66860657e+01
 2.42250061e+01
 1.78470154e+01
 1.23132935e+01
 1.55515747e+01
 1.29464722e+01
 1.35207214e+01
 1.36487732e+01
 1.60524292e+01
 2.01110535e+01
 2.44010010e+01
 2.74555359e+01
 2.54332581e+01
 2.44768677e+01
 1.90337524e+01
 1.48478699e+01
 1.42610474e+01
 1.22243958e+01
 1.16888123e+01
 1.33821716e+01
 1.79700623e+01
 2.16614075e+01
 2.57718506e+01
 2.63884583e+01
 2.59721985e+01
 2.18102722e+01
 1.94479065e+01
 1.80661011e+01
 1.12298889e+01
 9.70297241e+00
 1.22752380e+01
 1.46400452e+01
 1.80801392e+01
 2.37583618e+01
 2.79349060e+01
 2.89055786e+01
 2.79234314e+01
 2.31283264e+01
 2.21316528e+01
 1.84958496e+01
 1.42100220e+01
 1.26154785e+01
 1.42218323e+01
 1.36878052e+01
 1.59680786e+01
 2.26573792e+01
 2.66786804e+01
 2.71213074e+01
 2.82687378e+01
 2.39202271e+01
 2.12943726e+01
 1.86305542e+01
 1.48047485e+01
 1.38865356e+01
 1.34269714e+01
 1.31455688e+01
 1.56406555e+01
 2.46392517e+01
 2.74942627e+01
 2.96115112e+01
 2.77796326e+01
 2.31799927e+01
 1.79035645e+01
 1.49838257e+01
 1.56557617e+01
 1.32842102e+01
 1.21645508e+01
 1.26904907e+01
 1.73417358e+01
 2.00041809e+01
 2.66478882e+01
 2.68462524e+01
 2.84209595e+01
 2.49874878e+01
 1.88329773e+01
 1.46107788e+01
 1.41949463e+01
 1.25899658e+01
 1.29058838e+01
 1.36121216e+01
 1.61518555e+01
 2.13385010e+01
 2.66421204e+01
 2.91734314e+01
 2.93689270e+01
 2.42594604e+01
 2.02556458e+01
 1.84018860e+01
 1.45524292e+01
 1.25641479e+01
 1.18526306e+01
 1.22392273e+01
 1.73302612e+01
 1.97313232e+01
 2.47395020e+01
 2.56165161e+01
 2.67234497e+01
 2.40693970e+01
 1.79069214e+01
 1.46510010e+01
 1.11297607e+01
 1.33119812e+01
 1.32843018e+01
 1.42329407e+01
 1.65870056e+01
 2.36334839e+01
 2.83689575e+01
 2.80194702e+01
 2.62337341e+01
 2.46173706e+01
 2.02388306e+01
 1.81356201e+01
 1.50316772e+01
 1.15117798e+01
 1.31640930e+01
 1.24120178e+01
 1.60700989e+01
 2.10168762e+01
 2.54708557e+01
 2.73656311e+01
 2.85522156e+01
 2.37497559e+01
 1.96652222e+01
 1.48501587e+01
 1.44985046e+01
 1.31491089e+01
 1.29221497e+01
 1.34905090e+01
 1.71208801e+01
 2.19063416e+01
 2.51258850e+01
 2.74197388e+01
 2.53608398e+01
 2.29500122e+01
 2.02577209e+01
 1.57458191e+01
 1.55385132e+01
 1.26213074e+01
 1.31446533e+01
 1.60819397e+01
 1.61071167e+01
 2.16450500e+01
 2.67972107e+01
 2.63807373e+01
 2.72071228e+01
 2.26559448e+01
 1.94663086e+01
 1.37040405e+01
 1.55586853e+01
 1.42729492e+01
 1.34701538e+01
 1.48339844e+01
 1.64007874e+01
 2.20160522e+01
 2.44134827e+01
 2.60025024e+01
 2.79897156e+01
 2.51079407e+01
 2.02538147e+01
 1.71913757e+01
 1.67949524e+01
 1.34233398e+01
 1.05755615e+01
 1.36429138e+01
 1.75685120e+01
 2.28822937e+01
 2.79968262e+01
 2.74305115e+01
 2.52236938e+01
 2.39524841e+01
 2.18253479e+01
 1.79724731e+01
 1.54421692e+01
 1.02719421e+01
 1.19449463e+01
 1.35216980e+01
 1.40473022e+01
 1.95774231e+01
 2.50908813e+01
 2.67292175e+01
 2.72001038e+01
 2.32495728e+01
 1.95015869e+01
 1.83022156e+01
 1.36568298e+01
 1.50704651e+01
 1.35544434e+01
 1.36677246e+01
 1.63135681e+01
 2.22807922e+01
 2.37643738e+01
 2.79381104e+01
 2.48526611e+01
 2.30527954e+01
 1.91731262e+01
 1.58279114e+01
 1.39956055e+01
 1.24479370e+01
 1.29791565e+01
 1.46958313e+01
 1.77438660e+01
 2.12401123e+01
 2.48794250e+01
 2.69026184e+01
 2.61868591e+01
 2.48072510e+01
 2.10464478e+01
 1.87336426e+01
 1.55290527e+01
 1.22712402e+01
 1.11661682e+01
 1.38804626e+01
 1.76313477e+01
 2.23824463e+01
 2.92280884e+01
 2.87131653e+01
 2.82584534e+01
 2.25833740e+01
 2.18274841e+01
 1.71404114e+01
 1.50721436e+01
 1.20160217e+01
 1.24479370e+01
 1.35909729e+01
 1.74739685e+01
 2.42636414e+01
 2.72986145e+01
 2.87472534e+01
 2.67844238e+01
 2.32226868e+01
 2.17643738e+01
 2.01437988e+01
 1.57887268e+01
 1.43424683e+01
 1.42041626e+01
 1.61718140e+01
 1.96546326e+01
 2.43043518e+01
 2.77035217e+01
 2.89824219e+01
 2.85669556e+01
 2.64767151e+01
 1.96863708e+01
 1.77670288e+01
 1.57277222e+01
 1.50223694e+01
 1.33226318e+01
 1.46876221e+01
 1.51873474e+01
 2.04167786e+01
 2.61230164e+01
 2.72590332e+01
 2.54195557e+01
 2.40792847e+01
 2.10377502e+01
 1.77159119e+01
 1.15865173e+01
 1.30993652e+01
 1.31292419e+01
 1.31844788e+01
 1.81753235e+01
 2.57622986e+01
 2.79287720e+01
 2.83581238e+01
 2.77984619e+01
 2.37100220e+01
 2.19033813e+01
 1.66286316e+01
 1.63305359e+01
 1.36789551e+01
 1.09747620e+01
 1.28744202e+01
 1.81701660e+01
 2.27699585e+01
 2.64745178e+01
 2.78653564e+01
 2.69222412e+01
 2.53747253e+01
 2.10640869e+01
 1.58046875e+01
 1.28258972e+01
 1.33035889e+01
 1.29120789e+01
 1.46515503e+01
 1.94020386e+01
 2.27545471e+01
 2.65908813e+01
 2.91584167e+01
 2.69279175e+01
 2.49828186e+01
 1.93489075e+01
 1.92513733e+01
 1.75763245e+01
 1.40101929e+01
 1.40421143e+01
 1.59531555e+01
 1.92905884e+01
 2.36722717e+01
 3.03729248e+01
 3.00940552e+01
 2.94291077e+01
 2.38873291e+01
 2.00875244e+01
 1.83795166e+01
 1.57223816e+01
 1.39522705e+01
 1.36400757e+01
 1.38651428e+01
 1.62077026e+01
 2.23533325e+01
 2.74777222e+01
 2.66999817e+01
 2.69996643e+01
 2.33603516e+01
 1.98059998e+01
 1.85411072e+01
 1.60846252e+01
 1.34856567e+01
 1.18092041e+01
 1.36588745e+01
 1.77920532e+01
 2.39044495e+01
 2.53017578e+01
 2.81446838e+01
 2.85136108e+01
 2.40425415e+01
 1.64509888e+01
 1.48405151e+01
 1.56938477e+01
 1.40359802e+01
 1.35846252e+01
 1.50042114e+01
 1.71265564e+01
 2.09647522e+01
 2.66658630e+01
 3.04285278e+01
 2.92142334e+01
 2.51244507e+01
 2.24737549e+01
 1.58012695e+01
