 6.85974121e+00
 6.85992432e+00
 6.81008911e+00
 1.11626587e+01
 1.43632507e+01
 1.95606689e+01
 1.95946960e+01
 2.10993347e+01
 1.70559998e+01
 1.40636597e+01
 1.28490601e+01
 1.04890442e+01
 9.47192383e+00
 8.97180176e+00
 8.59567261e+00
 1.15687866e+01
 1.41044312e+01
 1.97865601e+01
 2.25670166e+01
 1.98917542e+01
 1.88319397e+01
 1.51973572e+01
 1.12908325e+01
 1.13556213e+01
 8.15719604e+00
 8.18453979e+00
 8.55487061e+00
 1.05499878e+01
 1.50429382e+01
 1.75670776e+01
 2.03011169e+01
 2.15523376e+01
 1.77481384e+01
 1.48062439e+01
 1.16714172e+01
 9.35736084e+00
 8.21234131e+00
 6.44772339e+00
 9.02850342e+00
 1.00454102e+01
 1.50585327e+01
 1.98851318e+01
 2.08073425e+01
 2.16206665e+01
 1.78635559e+01
 1.26083984e+01
 1.38860168e+01
 1.09132996e+01
 5.24557495e+00
 6.95236206e+00
 8.37518311e+00
 1.03193054e+01
 1.47059326e+01
 1.88621216e+01
 2.22495422e+01
 1.93522949e+01
 1.75060730e+01
 1.41324463e+01
 1.03372803e+01
 8.28863525e+00
 5.21939087e+00
 5.89871216e+00
 7.07449341e+00
 7.73394775e+00
 1.18652039e+01
 1.76207275e+01
 2.32215576e+01
 2.05479736e+01
 1.69323425e+01
 1.49581604e+01
 8.80163574e+00
 8.58346558e+00
 4.33734131e+00
 7.27670288e+00
 7.62292480e+00
 9.16223145e+00
 1.37861633e+01
 1.93292542e+01
 2.17980347e+01
 1.96976318e+01
 1.83671570e+01
 1.45812378e+01
 1.08796387e+01
 8.81723022e+00
 7.61437988e+00
 8.25048828e+00
 9.50726318e+00
 1.28115234e+01
 1.28571777e+01
 1.65708618e+01
 2.18562927e+01
 2.36724243e+01
 1.88283081e+01
 1.55369263e+01
 1.00866089e+01
 8.86892700e+00
 7.94769287e+00
 8.69491577e+00
 8.83010864e+00
 1.07423401e+01
 1.56217041e+01
 1.97539673e+01
 2.08407288e+01
 2.35328369e+01
 1.95252686e+01
 1.60047607e+01
 1.32521362e+01
 9.46777344e+00
 5.90908813e+00
 7.88537598e+00
 8.46542358e+00
 9.59368896e+00
 1.31863098e+01
 1.80936584e+01
 2.23409119e+01
 2.36381836e+01
 1.69075623e+01
 1.44192810e+01
 9.66369629e+00
 7.69345093e+00
 7.36187744e+00
 6.28939819e+00
 8.50689697e+00
 9.17971802e+00
 1.34190063e+01
 1.87280273e+01
 2.22338562e+01
 2.10505371e+01
 1.83408508e+01
 1.45065613e+01
 1.14155273e+01
 8.97317505e+00
 6.28903198e+00
 8.30139160e+00
 6.56134033e+00
 1.00180664e+01
 1.42929993e+01
 1.67003174e+01
 1.90724792e+01
 2.20276184e+01
 1.84739075e+01
 1.33940125e+01
 1.13287964e+01
 7.86743164e+00
 6.90698242e+00
 6.93365479e+00
 8.43017578e+00
 1.08534546e+01
 1.44356995e+01
 1.94107361e+01
 2.29476318e+01
 2.01893921e+01
 1.73630676e+01
 1.41927795e+01
 1.14480286e+01
 8.29745483e+00
 9.25149536e+00
 7.76339722e+00
 7.58798218e+00
 1.02228699e+01
 1.56475830e+01
 1.90672302e+01
 2.34461670e+01
 2.12971191e+01
 1.65628052e+01
 1.46243896e+01
 1.11004028e+01
 8.46310425e+00
 6.34838867e+00
 7.58007812e+00
 7.59802246e+00
 8.26712036e+00
 1.30176086e+01
 1.92413940e+01
 2.46687317e+01
 2.43783569e+01
 1.86573486e+01
 1.44746399e+01
 1.12251282e+01
 6.95370483e+00
 7.41403198e+00
 6.57788086e+00
 8.24749756e+00
 1.03442688e+01
 1.42533875e+01
 1.79465942e+01
 1.96089478e+01
 2.21666870e+01
 1.88956604e+01
 1.57903442e+01
 1.17941284e+01
 7.08172607e+00
 5.29980469e+00
 6.65875244e+00
 8.08651733e+00
 1.05640259e+01
 1.43266602e+01
 1.83032837e+01
 2.01702576e+01
 1.97719727e+01
 1.71786499e+01
 1.35567932e+01
 1.17658691e+01
 1.03796997e+01
 9.55490112e+00
 7.26861572e+00
 7.79281616e+00
 1.07688599e+01
 1.36645508e+01
 2.03440552e+01
 2.48632202e+01
 2.14923096e+01
 1.76157837e+01
 1.43686523e+01
 9.93362427e+00
 8.22027588e+00
 7.62368774e+00
 8.17202759e+00
 6.50082397e+00
 1.12319336e+01
 1.57030945e+01
 1.88889465e+01
 2.03534851e+01
 2.36073914e+01
 1.78848572e+01
 1.53083191e+01
 1.20117493e+01
 8.44662476e+00
 1.02835083e+01
 6.28344727e+00
 6.91482544e+00
 1.07654114e+01
 1.47191772e+01
 1.84906921e+01
 2.19042053e+01
 2.30144958e+01
 1.71153870e+01
 1.36792603e+01
 1.27794800e+01
 1.06163635e+01
 9.02157593e+00
 8.57772827e+00
 8.29028320e+00
 1.08910828e+01
 1.43123169e+01
 1.94632568e+01
 2.02806091e+01
 2.22075195e+01
 1.96476135e+01
 1.56262207e+01
 1.29221802e+01
 7.64871216e+00
 3.49771118e+00
 5.83370972e+00
 6.40234375e+00
 9.00079346e+00
 1.50607605e+01
 1.91418457e+01
 2.07607117e+01
 2.20249939e+01
 1.64060974e+01
 1.28752747e+01
 1.26177979e+01
 9.77038574e+00
 6.32269287e+00
 7.88610840e+00
 8.55014038e+00
 9.24160767e+00
 1.47914124e+01
 1.78651733e+01
 2.33830872e+01
 2.08120117e+01
 1.71860962e+01
 1.43884277e+01
 1.04252625e+01
 7.99206543e+00
 7.16177368e+00
 8.26382446e+00
 5.19573975e+00
 9.91308594e+00
 1.37986450e+01
 2.04732971e+01
 2.10638733e+01
 2.29697266e+01
 1.83298950e+01
 1.59325562e+01
 1.16191406e+01
 9.21780396e+00
 5.96618652e+00
 5.07986450e+00
 6.94564819e+00
 9.71868896e+00
 1.40347595e+01
 1.65118713e+01
 2.27939758e+01
 2.23191223e+01
 1.70427246e+01
 1.45924683e+01
 1.21187439e+01
 9.28286743e+00
 7.46682739e+00
 9.02304077e+00
 7.10263062e+00
 9.02871704e+00
 1.39550781e+01
 1.93563843e+01
 2.21146240e+01
 2.04835205e+01
 1.87200317e+01
 1.51072388e+01
 9.64791870e+00
 7.75735474e+00
 7.26193237e+00
 6.23193359e+00
 8.10467529e+00
 9.67840576e+00
 1.27429199e+01
 1.74473877e+01
 2.11139832e+01
 2.08513794e+01
 1.93024902e+01
 1.51930847e+01
 1.28300476e+01
 8.92388916e+00
 8.79797363e+00
 6.23867798e+00
 6.61315918e+00
 9.35076904e+00
 1.35101929e+01
 1.75461121e+01
 2.22884216e+01
 2.01677551e+01
 1.66742554e+01
 1.35865479e+01
 9.95803833e+00
 8.21591187e+00
 8.71704102e+00
 8.67703247e+00
 7.25344849e+00
 1.02889404e+01
 1.43919067e+01
 1.92294922e+01
 2.20766296e+01
 2.04362793e+01
 1.78258057e+01
 1.59234314e+01
 1.20316467e+01
 9.98895264e+00
 8.83691406e+00
 8.31753540e+00
 8.85739136e+00
 1.06733093e+01
 1.36731262e+01
 1.95629883e+01
 2.12226562e+01
 2.17995300e+01
 1.85195618e+01
 1.47198486e+01
 1.25321350e+01
 1.08575439e+01
 8.51974487e+00
 8.07315063e+00
 8.97705078e+00
 1.03949280e+01
 1.40814514e+01
 1.76724243e+01
 2.35967407e+01
 2.14561157e+01
 1.80304871e+01
 1.51149597e+01
 1.12293701e+01
 9.54241943e+00
 7.34536743e+00
 5.45504761e+00
 6.88729858e+00
 1.03238525e+01
 1.50775757e+01
 1.75791626e+01
 2.40606689e+01
 2.05487976e+01
 1.88792419e+01
 1.52928467e+01
 1.07616882e+01
 1.06937256e+01
 7.77484131e+00
 7.54373169e+00
 8.59387207e+00
 1.11562500e+01
 1.50854492e+01
 2.08509827e+01
 2.39563293e+01
 2.24089966e+01
 1.74041748e+01
 1.32053223e+01
 1.13644714e+01
 6.67758179e+00
 7.94131470e+00
 7.68173218e+00
 7.56109619e+00
 1.19088440e+01
 1.42329102e+01
 1.79120178e+01
 2.10021362e+01
 2.32117920e+01
 1.88541260e+01
 1.48732605e+01
 1.15851135e+01
 1.10854187e+01
 9.65066528e+00
 7.61605835e+00
 7.55453491e+00
 1.19045715e+01
 1.53633118e+01
 1.86375122e+01
 2.55625610e+01
 2.25509338e+01
 1.94892883e+01
 1.58986206e+01
 1.02617188e+01
 1.00210571e+01
 7.92169189e+00
 7.92572021e+00
 8.43002319e+00
 1.07252197e+01
 1.65067444e+01
 1.98953857e+01
 2.59396362e+01
 2.44044495e+01
 2.14609985e+01
 1.76452637e+01
 1.26386108e+01
 1.09605713e+01
 9.47656250e+00
 7.24432373e+00
 9.17544556e+00
 1.09777222e+01
 1.28167725e+01
 2.06440430e+01
 2.29005127e+01
 2.20119934e+01
 1.87315369e+01
 1.59868164e+01
 1.29381714e+01
 1.03526611e+01
 7.50170898e+00
 8.61843872e+00
 8.51840210e+00
 1.06465759e+01
 1.60776062e+01
 1.77759094e+01
 2.24339600e+01
 2.37448120e+01
 1.95838623e+01
 1.53825378e+01
 1.04662170e+01
 1.04900208e+01
 8.58273315e+00
 7.20620728e+00
 8.93713379e+00
 1.46950684e+01
 1.78449707e+01
 2.21213989e+01
 2.54944458e+01
 2.34269714e+01
 1.85244141e+01
 1.54645691e+01
 1.22831726e+01
 8.40686035e+00
 8.61825562e+00
 8.59674072e+00
 7.83145142e+00
 1.14602051e+01
 1.51677856e+01
 1.96242981e+01
 2.21836548e+01
 2.05195618e+01
 2.12250366e+01
 1.70658875e+01
 1.18356323e+01
 8.05667114e+00
 8.91244507e+00
 1.10065613e+01
 8.26565552e+00
 1.07862244e+01
 1.36765747e+01
 1.83306885e+01
 2.31215210e+01
 2.19457397e+01
 2.03435669e+01
 1.70582275e+01
 1.36207581e+01
 1.17498169e+01
 1.07769165e+01
 8.70745850e+00
 9.72741699e+00
 1.20453186e+01
 1.55215454e+01
 1.89086609e+01
 2.23236389e+01
 1.99846802e+01
 1.80898438e+01
 1.62877197e+01
 1.36708374e+01
 1.05593872e+01
 1.03095093e+01
 8.98059082e+00
 8.64053345e+00
 1.18685608e+01
 1.40894775e+01
 1.94072876e+01
 2.47990417e+01
 2.48584595e+01
 1.96244202e+01
 1.45339050e+01
 1.26862793e+01
 9.65429688e+00
 6.43853760e+00
 8.45080566e+00
 8.14096069e+00
 9.54888916e+00
 1.35186157e+01
 1.73659973e+01
 2.20557556e+01
 2.33984680e+01
 1.84315186e+01
 1.49485168e+01
 1.28117981e+01
 1.09853210e+01
 4.36557007e+00
 8.55859375e+00
 1.03679810e+01
 1.23322144e+01
 1.51797180e+01
 1.87738037e+01
 2.21376953e+01
 2.23420410e+01
 1.83728943e+01
 1.70340271e+01
 1.19820251e+01
 8.94433594e+00
 9.52792358e+00
 6.84924316e+00
 8.03909302e+00
 9.83428955e+00
 1.34261475e+01
 1.85759583e+01
 2.20906067e+01
 2.48913879e+01
 2.11475830e+01
 1.45064697e+01
 1.04139709e+01
 9.44659424e+00
 7.36065674e+00
 5.58004761e+00
 8.39718628e+00
 9.84078979e+00
 1.36934509e+01
 1.90937805e+01
 2.09686584e+01
 2.18949585e+01
 1.85751953e+01
 1.54125671e+01
 1.24881287e+01
 5.17913818e+00
 7.44174194e+00
 1.01105957e+01
 9.70236206e+00
 1.06562500e+01
 1.46983643e+01
 1.92431335e+01
 2.32263489e+01
 2.30447388e+01
 1.79650879e+01
 1.39334412e+01
 1.12032776e+01
 6.03796387e+00
 7.29687500e+00
 9.28054810e+00
 1.02069397e+01
 1.06241150e+01
 1.55215454e+01
 1.90141296e+01
 2.26060486e+01
 2.36677246e+01
 1.90192261e+01
 1.50891113e+01
 1.14975891e+01
 8.19519043e+00
 5.74676514e+00
 7.10519409e+00
 9.06048584e+00
 1.13990784e+01
 1.51726379e+01
 1.98124390e+01
 2.51903687e+01
 2.55811768e+01
 1.85154419e+01
 1.39295044e+01
 1.41372681e+01
 1.14342041e+01
 9.21206665e+00
 7.52786255e+00
 7.18991089e+00
 1.18291931e+01
 1.48671875e+01
 2.07427673e+01
 2.49372559e+01
 2.42697144e+01
 1.86559143e+01
 1.64867249e+01
 1.31617432e+01
 1.07130432e+01
 8.96353149e+00
 7.19085693e+00
 1.14929504e+01
 1.23233032e+01
 1.46625061e+01
 1.86783752e+01
 2.36567383e+01
 2.21499329e+01
 1.81596069e+01
 1.55370789e+01
 1.17567749e+01
 1.05316772e+01
 9.21496582e+00
 1.05456848e+01
 8.39257812e+00
 1.19343567e+01
 1.38847961e+01
 1.86058350e+01
 2.33130493e+01
 2.52203369e+01
 1.86665344e+01
 1.49369202e+01
 1.10434570e+01
 6.45214844e+00
 2.83953857e+00
 4.86944580e+00
 4.74191284e+00
 9.04888916e+00
 1.32236023e+01
 1.67886963e+01
 2.11681213e+01
 2.24879761e+01
 1.85154419e+01
 1.51451111e+01
 1.05131226e+01
 7.86050415e+00
 6.97665405e+00
 7.85934448e+00
 9.38183594e+00
 1.14762268e+01
 1.46315308e+01
 1.91515808e+01
 2.31106873e+01
 2.27065125e+01
 1.78894958e+01
 1.57015686e+01
 1.13993835e+01
 1.03826294e+01
 9.25152588e+00
 9.35464478e+00
 8.47433472e+00
 1.16746826e+01
 1.49104919e+01
 1.90608826e+01
 2.32153320e+01
 2.10146179e+01
 1.94122925e+01
 1.64590759e+01
 1.14098511e+01
 9.04019165e+00
 9.49328613e+00
 6.08941650e+00
 8.02871704e+00
 1.14490356e+01
 1.41451721e+01
 2.18691101e+01
 2.61108704e+01
 2.21708374e+01
 1.81199646e+01
 1.63943176e+01
 9.81945801e+00
 9.75442505e+00
 9.81643677e+00
 7.64187622e+00
 1.01428528e+01
 1.14073792e+01
 1.56755066e+01
 1.93131104e+01
 2.16356506e+01
 2.41034851e+01
 1.85234680e+01
 1.40403442e+01
 1.04110718e+01
 1.14324646e+01
 9.74975586e+00
 9.54498291e+00
 9.97546387e+00
 1.24164429e+01
 1.55121460e+01
 2.08175354e+01
 2.45719604e+01
 2.51327209e+01
 1.86552429e+01
 1.51681824e+01
 1.21082153e+01
 1.05506287e+01
 6.14987183e+00
 7.18334961e+00
 9.88616943e+00
 1.12626953e+01
 1.74405212e+01
 1.99936218e+01
 2.44497375e+01
 2.26381531e+01
 2.17481995e+01
 1.61219482e+01
 1.36696777e+01
 1.13564453e+01
 9.05319214e+00
 7.93225098e+00
 8.46166992e+00
 1.13494263e+01
 1.42781982e+01
 1.88742371e+01
 2.27774658e+01
 2.16343384e+01
 1.91684265e+01
 1.67554016e+01
 1.38789368e+01
 1.04368286e+01
 1.04871216e+01
 8.33456421e+00
 9.72763062e+00
 9.64309692e+00
 1.37472839e+01
 1.97145386e+01
 2.31084595e+01
 2.29725037e+01
 2.19953003e+01
 1.70114136e+01
 1.45161438e+01
 1.13664246e+01
 9.28738403e+00
 7.97390747e+00
 9.68704224e+00
 1.20218506e+01
 1.36301880e+01
 1.66531372e+01
 2.09879456e+01
 2.33739319e+01
 1.97797241e+01
 1.35817261e+01
 1.05650330e+01
 8.44601440e+00
 7.64816284e+00
 5.71490479e+00
 9.23303223e+00
 1.19427795e+01
 1.42606812e+01
 2.30408630e+01
 2.56051636e+01
 2.10350952e+01
 1.81470642e+01
 1.59369812e+01
 1.30594482e+01
 1.04651184e+01
 8.82748413e+00
 9.86819458e+00
 8.69018555e+00
 1.04733276e+01
 1.50850830e+01
 1.92115479e+01
 2.32799988e+01
 2.18056641e+01
 1.79308777e+01
 1.49553223e+01
 1.11472778e+01
 7.68029785e+00
 6.67324829e+00
 6.84780884e+00
 9.49905396e+00
 1.24559937e+01
 1.41959534e+01
 2.01721497e+01
 2.08754578e+01
 2.11897583e+01
 1.83859558e+01
 1.39406738e+01
 1.25460205e+01
 1.08564148e+01
 1.15228271e+01
 9.18597412e+00
 1.00736389e+01
 1.20862427e+01
 1.78465576e+01
 2.09508362e+01
 2.32599182e+01
 2.23894043e+01
 1.88570557e+01
 1.49584351e+01
 1.26217957e+01
 1.12533569e+01
 9.46923828e+00
 8.14141846e+00
 9.70614624e+00
 1.12495117e+01
 1.42765503e+01
 1.87366333e+01
 2.10731201e+01
 2.09078674e+01
 1.81963196e+01
 1.56619263e+01
 1.30153503e+01
 9.12942505e+00
 1.09425049e+01
 5.11773682e+00
 9.18051147e+00
 1.25411987e+01
 1.52380981e+01
 1.93964844e+01
 2.52518921e+01
 2.21116028e+01
 1.82692261e+01
 1.53391724e+01
 1.15717468e+01
 1.05864563e+01
 1.11319885e+01
 8.58438110e+00
 1.06748047e+01
 1.15698242e+01
 1.41867981e+01
 1.79730835e+01
 2.34150696e+01
 2.15050964e+01
 1.84804382e+01
 1.52062683e+01
 1.18648987e+01
 8.64361572e+00
 8.50067139e+00
 7.96228027e+00
 8.72787476e+00
 1.23554688e+01
 1.64588928e+01
 1.95946350e+01
 2.23988647e+01
 2.36530457e+01
 1.81389771e+01
 1.62886658e+01
 1.35256653e+01
 8.01348877e+00
 8.71298218e+00
 1.00051880e+01
 8.98907471e+00
 1.13294983e+01
 1.51388855e+01
 2.13822632e+01
 2.45265198e+01
 2.11890564e+01
 1.84577332e+01
 1.61812439e+01
 1.37871094e+01
 9.54989624e+00
 7.57821655e+00
 6.54519653e+00
 7.93020630e+00
 1.00462952e+01
 1.41911621e+01
 2.11422729e+01
 2.44317017e+01
 2.51947937e+01
 2.05776062e+01
 1.55896912e+01
 1.09394531e+01
 9.27197266e+00
 1.07177429e+01
 7.26928711e+00
 7.06561279e+00
 1.14211731e+01
 1.49910889e+01
 1.98565063e+01
 2.59536743e+01
 2.38823547e+01
 1.84602051e+01
 1.45214539e+01
 8.69738770e+00
 8.08328247e+00
 6.20413208e+00
 7.11950684e+00
 8.26147461e+00
 1.01571045e+01
 1.43834839e+01
 2.09601440e+01
 2.41098328e+01
 1.99991455e+01
 1.73142395e+01
 1.52991638e+01
 1.17522888e+01
 8.50054932e+00
 7.32757568e+00
 6.77288818e+00
 7.50497437e+00
 9.93225098e+00
 1.56260071e+01
 1.89926147e+01
 2.15726318e+01
 2.46759338e+01
 2.10615540e+01
 1.66166687e+01
 1.20774536e+01
 7.88708496e+00
 8.94622803e+00
 7.98171997e+00
 8.28012085e+00
 1.09917297e+01
 1.44457703e+01
 1.91622314e+01
 2.13051147e+01
 2.21813354e+01
 1.97758484e+01
 1.65310059e+01
 1.29237671e+01
 1.00555115e+01
 1.04621582e+01
 9.37606812e+00
 9.45321655e+00
 1.17211914e+01
 1.44246216e+01
 1.96493225e+01
 2.42712708e+01
 2.21176453e+01
 2.03935852e+01
 1.58648071e+01
 1.26505432e+01
 1.19405212e+01
 1.06033325e+01
 8.72561646e+00
 8.93588257e+00
 1.18904419e+01
 1.68584900e+01
 1.89022522e+01
 2.04686279e+01
 2.42928162e+01
 1.93452454e+01
 1.54914551e+01
 1.22277222e+01
 1.08186951e+01
 9.65106201e+00
 7.92034912e+00
 8.83892822e+00
 1.00579529e+01
 1.48233948e+01
 1.93543396e+01
 2.17953491e+01
 2.38249817e+01
 1.85466919e+01
 1.61411133e+01
 1.31722107e+01
 6.68545532e+00
 8.31585693e+00
 9.30380249e+00
 9.98785400e+00
 1.18312378e+01
 1.52815247e+01
 1.80114746e+01
 2.50036316e+01
 2.39538269e+01
 1.92133484e+01
 1.63223267e+01
 1.33522644e+01
 1.18348694e+01
 8.85250854e+00
 9.18814087e+00
 8.42892456e+00
 1.09711304e+01
 1.43747253e+01
 1.93330383e+01
 2.34954834e+01
 2.38901367e+01
 2.03217773e+01
 1.69434509e+01
 1.24367676e+01
 1.08404236e+01
 1.02489929e+01
 9.13693237e+00
 8.49417114e+00
 1.04111328e+01
 1.49412537e+01
 1.96970520e+01
 2.40764160e+01
 2.29958801e+01
 2.05882263e+01
 1.59460449e+01
 1.41422424e+01
 1.12430420e+01
 9.02392578e+00
 9.62899780e+00
 8.59231567e+00
 1.00196838e+01
 1.47791443e+01
 2.06211243e+01
 2.48314209e+01
 2.34921265e+01
 1.92953186e+01
 1.61503906e+01
 1.30742798e+01
 8.28329468e+00
 1.14039917e+01
 7.82376099e+00
 1.22653809e+01
 1.43315430e+01
 1.63372498e+01
 2.01196899e+01
 2.27702332e+01
 2.57218628e+01
 2.01538391e+01
 1.59500732e+01
 1.50375977e+01
 1.06971741e+01
 8.75927734e+00
 9.15396118e+00
 8.58456421e+00
 1.22976685e+01
 1.64757080e+01
 2.15510254e+01
 2.61304321e+01
 2.28280945e+01
 1.81266785e+01
 1.54313965e+01
 1.24319458e+01
 8.75158691e+00
 8.99459839e+00
 8.05429077e+00
 1.09637146e+01
 1.09835205e+01
 1.43180237e+01
 2.32225952e+01
 2.21387024e+01
 2.40368347e+01
 2.01099243e+01
 1.84979858e+01
 1.43042603e+01
 1.05818787e+01
 7.26019287e+00
 8.20587158e+00
 7.65267944e+00
 1.19438171e+01
 1.57590637e+01
 2.13633118e+01
 2.21723022e+01
 2.22108765e+01
 1.85325317e+01
 1.41166992e+01
 1.48837891e+01
 7.91937256e+00
 7.84719849e+00
 7.01852417e+00
 9.10379028e+00
 1.24523010e+01
 1.50633545e+01
 2.14576111e+01
 2.52931213e+01
 2.50600586e+01
 1.92833557e+01
 1.70628967e+01
 1.47323303e+01
 1.12420044e+01
 9.08837891e+00
 8.92779541e+00
 1.20034485e+01
 1.23298035e+01
 1.54806824e+01
 2.01227112e+01
 2.20747681e+01
 2.25255432e+01
 1.93483276e+01
 1.69656982e+01
 1.21434937e+01
 1.06517944e+01
 7.11425781e+00
 8.12002563e+00
 8.58581543e+00
 1.09755859e+01
 1.59550476e+01
 1.86377258e+01
 2.50785828e+01
 2.27431641e+01
 1.90311279e+01
 1.57471008e+01
 1.34096680e+01
 1.23532715e+01
 9.51217651e+00
 9.32635498e+00
 9.55477905e+00
 1.28799133e+01
 1.78179016e+01
 1.89227905e+01
 2.20061035e+01
 2.35514832e+01
 1.99661255e+01
 1.63059692e+01
 1.41564941e+01
 1.22582397e+01
 9.18701172e+00
 6.66812134e+00
 1.10693970e+01
 1.17764893e+01
 1.51747742e+01
 2.32897949e+01
 2.59314270e+01
 2.49521790e+01
 2.29963379e+01
 1.62280273e+01
 1.40292358e+01
 1.08275452e+01
 7.65145874e+00
 7.82455444e+00
 8.15045166e+00
 1.22077332e+01
 1.45236206e+01
 2.19894409e+01
 2.46540222e+01
 2.36958313e+01
 2.03063354e+01
 1.60036926e+01
 1.46766663e+01
 1.11289978e+01
 8.36767578e+00
 7.89321899e+00
 1.00111694e+01
 1.08973083e+01
 1.40078430e+01
 1.94711609e+01
 2.37376709e+01
 2.47496033e+01
 2.05181274e+01
 1.59855957e+01
 1.36343384e+01
 1.22504578e+01
 1.06292114e+01
 1.01434937e+01
 1.05705872e+01
 1.15513000e+01
 1.50065002e+01
 2.07479248e+01
 2.41406250e+01
 2.31695251e+01
 2.00126953e+01
 1.68016968e+01
 1.23094788e+01
 9.42764282e+00
 9.15414429e+00
 8.05029297e+00
 1.14924927e+01
 1.15171509e+01
 1.55476990e+01
 1.85216675e+01
 2.30173950e+01
 2.53573303e+01
 1.96798401e+01
 1.74793396e+01
 1.22013550e+01
 1.11437378e+01
 9.27270508e+00
 1.00827026e+01
 9.02770996e+00
 1.14887390e+01
 1.65924072e+01
 2.10514832e+01
 2.49225159e+01
 2.32324219e+01
 1.97711182e+01
 1.72643738e+01
 1.44495850e+01
 1.21954041e+01
 9.90087891e+00
 9.93966675e+00
 9.64453125e+00
 1.14194031e+01
 1.41392212e+01
 2.14203491e+01
 2.11458130e+01
 2.27421265e+01
 1.89255676e+01
 1.65618591e+01
 1.33300781e+01
 9.89630127e+00
 8.40594482e+00
 8.90597534e+00
 9.80996704e+00
 1.16973267e+01
 1.41005554e+01
 2.10786133e+01
 2.17187500e+01
 2.15355225e+01
 1.92353210e+01
 1.51615601e+01
 1.25340881e+01
 1.06959534e+01
