 -3.86905518e+00
 -1.57343140e+00
 4.61010132e+00
 6.71349487e+00
 1.38966919e+01
 1.74265381e+01
 1.92817627e+01
 1.69926392e+01
 1.46358582e+01
 1.18010193e+01
 4.44564209e+00
 4.38314209e+00
 -1.72003174e-01
 8.82226563e-01
 1.86809692e+00
 6.60555420e+00
 1.56712280e+01
 1.84822021e+01
 1.85838867e+01
 1.69784180e+01
 1.36298157e+01
 7.35170898e+00
 5.92183838e+00
 2.11098633e+00
 -4.45609131e+00
 -2.44238281e-01
 6.56982422e-02
 7.83931885e+00
 1.43546692e+01
 1.85696655e+01
 2.01466919e+01
 1.79495789e+01
 1.09609009e+01
 1.20134521e+01
 3.24251709e+00
 6.52368164e-01
 4.66912842e-01
 1.84005127e+00
 4.44027100e+00
 9.78521118e+00
 1.34158569e+01
 1.52402283e+01
 1.66597534e+01
 1.73618713e+01
 1.19023987e+01
 7.68221436e+00
 -2.53668213e-01
 3.79332886e+00
 -4.59020996e-01
 -2.24515381e+00
 4.58648071e+00
 7.33422241e+00
 1.36818787e+01
 1.65781189e+01
 1.78777405e+01
 1.88577209e+01
 1.41302734e+01
 9.50170288e+00
 6.57958374e+00
 2.90444336e+00
 -1.56835937e-01
 -5.83532715e-01
 4.32598267e+00
 9.11611328e+00
 1.38324829e+01
 1.91677185e+01
 2.03761841e+01
 1.59105774e+01
 1.48642822e+01
 1.24183899e+01
 4.56823120e+00
 -3.23590698e+00
 -2.44568481e+00
 2.58370361e+00
 5.39556274e+00
 1.01075684e+01
 1.20854431e+01
 1.94745422e+01
 1.76491638e+01
 1.73213440e+01
 1.42982117e+01
 1.03490845e+01
 5.93593750e+00
 2.13671265e+00
 1.03350220e+00
 8.03094482e-01
 2.95995483e+00
 8.37465820e+00
 1.40217529e+01
 1.71311890e+01
 1.85172058e+01
 1.63015076e+01
 1.22543884e+01
 7.68645630e+00
 4.40929565e+00
 2.03988037e+00
 1.25658569e+00
 2.09395752e+00
 6.20729980e+00
 7.41546021e+00
 1.36838013e+01
 1.75142151e+01
 1.93703247e+01
 2.01650635e+01
 1.52466675e+01
 9.32845459e+00
 5.00679932e+00
 -2.26877441e+00
 -1.52410889e-01
 -2.60070801e-02
 3.08825073e+00
 8.30620728e+00
 1.18932739e+01
 1.86335693e+01
 1.89932190e+01
 1.63393494e+01
 1.47247559e+01
 9.90773926e+00
 2.39754639e+00
 6.97503662e-01
 -1.86591187e+00
 1.42437134e+00
 2.92968140e+00
 9.53585205e+00
 1.32648560e+01
 1.83720337e+01
 1.89159485e+01
 1.62915283e+01
 1.43786865e+01
 1.00044800e+01
 3.44512329e+00
 2.62506104e-01
 1.12896118e+00
 4.93389282e+00
 7.14809570e+00
 9.14058838e+00
 1.58152405e+01
 1.90779358e+01
 1.91287476e+01
 1.80080200e+01
 1.49778076e+01
 9.48845825e+00
 1.74071655e+00
 -3.81475830e-01
 -7.09600830e-01
 1.69946289e-01
 2.82634888e+00
 1.09882751e+01
 1.27556091e+01
 1.74944092e+01
 1.86925293e+01
 1.68016602e+01
 1.59973999e+01
 9.04177246e+00
 6.38039551e+00
 -1.21323242e+00
 -6.53705444e+00
 5.74060059e-01
 7.15276489e+00
 1.06414429e+01
 1.62197205e+01
 1.89240051e+01
 1.85878235e+01
 1.91545349e+01
 1.65445496e+01
 1.03089539e+01
 5.09618530e+00
 4.37304077e+00
 -1.83817139e+00
 4.22158203e+00
 7.46968994e+00
 8.67775879e+00
 1.63044373e+01
 1.82466064e+01
 1.88216187e+01
 1.97044922e+01
 1.22623840e+01
 1.24846436e+01
 6.39602051e+00
 3.24797974e+00
 1.55785522e+00
 3.27352295e+00
 4.11696777e+00
 1.14403625e+01
 1.44096924e+01
 1.90517822e+01
 2.21581055e+01
 2.03391663e+01
 1.79827515e+01
 5.79894409e+00
 1.51058350e+00
 -1.91211548e+00
 3.35585938e+00
 -2.57501831e+00
 5.24468384e+00
 7.92067871e+00
 1.35053650e+01
 1.72753235e+01
 2.00371948e+01
 1.96534363e+01
 1.51418091e+01
 7.50637207e+00
 4.84667358e+00
 1.66790161e+00
 1.78533325e+00
 1.65456543e+00
 3.10805664e+00
 1.03391968e+01
 1.30907837e+01
 1.76834351e+01
 2.06899353e+01
 1.99205566e+01
 1.51705872e+01
 1.21711365e+01
 5.90279541e+00
 -1.26987305e+00
 2.24395142e+00
 -4.85764160e+00
 4.51360474e+00
 7.29479370e+00
 1.53191772e+01
 1.71331116e+01
 1.72022644e+01
 1.85704590e+01
 1.60565430e+01
 1.09642578e+01
 6.74144897e+00
 2.83614502e+00
 -1.30054321e+00
 2.65426025e+00
 6.06563721e+00
 9.34554443e+00
 1.39605652e+01
 2.00704895e+01
 1.99459473e+01
 2.06657043e+01
 1.60164734e+01
 1.26668030e+01
 7.22197876e+00
 1.59609375e+00
 1.10549316e+00
 3.85073242e+00
 8.21837769e+00
 7.60714111e+00
 1.53543945e+01
 1.57096802e+01
 2.03149658e+01
 1.92409607e+01
 1.16737305e+01
 8.69472656e+00
 3.11232910e+00
 -2.47589722e+00
 2.92955933e+00
 -2.15887451e-01
 5.72432861e+00
 7.75429688e+00
 1.25502869e+01
 1.86567932e+01
 1.87410828e+01
 1.98171936e+01
 1.52336975e+01
 8.34395752e+00
 4.95519409e+00
 -2.25375977e+00
 7.47644043e-01
 -2.38439941e-01
 3.42369995e+00
 5.75725708e+00
 1.41741272e+01
 1.93201843e+01
 2.03320251e+01
 1.89939819e+01
 1.33985840e+01
 7.70534668e+00
 3.27611694e+00
 5.02252197e-01
 -4.08936157e+00
 1.66509399e+00
 9.87420654e-01
 9.87392578e+00
 1.23114258e+01
 1.77562500e+01
 1.80826965e+01
 1.90028015e+01
 1.38715149e+01
 1.00997559e+01
 8.45589600e+00
 3.46666870e+00
 2.79873047e+00
 2.72008667e+00
 1.22026978e+00
 8.47329102e+00
 1.63707520e+01
 1.95973450e+01
 1.93927246e+01
 1.88321777e+01
 1.61128174e+01
 1.15853821e+01
 6.96553955e+00
 4.29357300e+00
 2.64379272e+00
 2.01397095e+00
 6.43953857e+00
 9.85210571e+00
 1.51798340e+01
 1.95788818e+01
 1.95872742e+01
 1.92862793e+01
 1.23285156e+01
 7.38405762e+00
 7.09761963e+00
 6.75317383e-01
 1.24428711e+00
 6.72716675e+00
 7.40191040e+00
 1.05709473e+01
 1.32871643e+01
 1.95822388e+01
 1.85138489e+01
 2.05219055e+01
 1.63191162e+01
 8.65731201e+00
 6.20131836e+00
 2.47216187e+00
 -3.14719238e+00
 -3.33133545e+00
 3.99144897e+00
 1.26267944e+01
 1.19862305e+01
 2.07096497e+01
 2.16021667e+01
 1.97632996e+01
 1.47372681e+01
 1.00258728e+01
 -7.79455566e-01
 2.80358887e-01
 3.86560059e-01
 2.73073730e+00
 4.44829712e+00
 6.97710571e+00
 1.60636536e+01
 1.78204895e+01
 2.02169434e+01
 2.01190430e+01
 1.20294739e+01
 8.27929077e+00
 6.85729370e+00
 2.57244263e+00
 5.91394043e-01
 1.45354614e+00
 5.73699341e+00
 1.09062744e+01
 1.36856934e+01
 1.69544922e+01
 2.01929565e+01
 1.80832458e+01
 1.68730713e+01
 1.21928345e+01
 3.82698975e+00
 -4.69537964e+00
 -4.30066528e+00
 3.55870972e+00
 5.80373535e+00
 8.93499146e+00
 1.58672729e+01
 1.67039734e+01
 2.11673218e+01
 1.88753296e+01
 1.67323242e+01
 1.00974060e+01
 2.97313843e+00
 -2.36118164e+00
 -3.22882690e+00
 4.42232666e+00
 4.79641113e+00
 1.03100220e+01
 1.40342651e+01
 1.92848755e+01
 2.09474426e+01
 1.91044250e+01
 1.13149048e+01
 9.03844604e+00
 7.67073975e+00
 4.19109497e+00
 -1.00528564e+00
 -1.15579834e+00
 4.50524292e+00
 8.22841797e+00
 1.23846985e+01
 1.87215820e+01
 2.17183472e+01
 1.94380737e+01
 1.46646973e+01
 1.22176453e+01
 3.94371948e+00
 -3.90631104e-01
 1.31441650e+00
 3.12206421e+00
 5.87249146e+00
 5.85195313e+00
 1.24553162e+01
 1.61193176e+01
 2.03369690e+01
 1.91372009e+01
 1.56383301e+01
 8.89113770e+00
 2.11596069e+00
 4.91937256e-01
 3.94848022e+00
 -7.72955322e-01
 4.72976074e+00
 8.19817505e+00
 1.49507996e+01
 1.87598206e+01
 2.03893677e+01
 1.79083191e+01
 1.38994080e+01
 1.03851868e+01
 2.31011353e+00
 -2.73648682e+00
 9.84429932e-01
 2.84472046e+00
 4.02706299e+00
 8.49797974e+00
 1.58003479e+01
 1.88876587e+01
 2.05302673e+01
 2.18684937e+01
 1.54572693e+01
 1.29348999e+01
 6.87691650e+00
 1.36840210e+00
 -8.32556152e-01
 1.57836304e+00
 6.73446045e+00
 9.74968872e+00
 1.87040955e+01
 1.62322632e+01
 2.15299622e+01
 2.04656921e+01
 1.65685669e+01
 1.00461060e+01
 7.08571777e+00
 -5.30004883e-01
 1.64754639e+00
 2.12496338e+00
 4.44426880e+00
 7.44564209e+00
 1.27744690e+01
 2.09704529e+01
 1.98025757e+01
 2.15546509e+01
 1.53526855e+01
 1.29324280e+01
 7.17827759e+00
 1.20018921e+00
 1.86095581e+00
 7.03942871e-01
 6.33495483e+00
 9.03359375e+00
 1.31892334e+01
 2.10536438e+01
 2.15430542e+01
 1.90668274e+01
 1.56798950e+01
 1.15814453e+01
 5.40795288e+00
 2.50551758e+00
 3.75234375e+00
 3.13854370e+00
 5.08855591e+00
 1.07804504e+01
 1.41016785e+01
 1.86708008e+01
 1.87761169e+01
 2.02760559e+01
 1.59756409e+01
 8.77047119e+00
 1.22982178e+00
 -2.39166870e+00
 2.49065552e+00
 1.77004395e+00
 8.44878540e+00
 1.10627686e+01
 1.62352539e+01
 1.81367126e+01
 2.06128784e+01
 1.73596741e+01
 1.50092712e+01
 1.07709290e+01
 2.86010132e+00
 2.29857788e+00
 -1.69611206e+00
 2.90676270e+00
 2.41887817e+00
 7.55828247e+00
 1.11668335e+01
 1.54995361e+01
 2.00791260e+01
 1.95809570e+01
 1.36120239e+01
 1.03133789e+01
 5.79949341e+00
 2.92418823e+00
 5.00939941e-01
 2.12017212e+00
 4.57982788e+00
 1.00918213e+01
 1.52256409e+01
 1.89102722e+01
 2.01402527e+01
 1.86010986e+01
 1.49506165e+01
 8.23259888e+00
 7.79848633e+00
 3.34758911e+00
 4.33413086e+00
 1.41619263e+00
 3.25365601e+00
 7.75969849e+00
 1.43579041e+01
 1.98082214e+01
 2.04040161e+01
 1.88320862e+01
 1.41683594e+01
 1.24727722e+01
 3.85173950e+00
 -7.68377686e-01
 2.36446533e+00
 -3.19372559e-01
 3.93575439e+00
 9.98354492e+00
 1.30588623e+01
 1.76249939e+01
 1.86987549e+01
 1.85793091e+01
 1.78527771e+01
 1.07948242e+01
 4.63778076e+00
 1.91481934e+00
 1.75958252e-01
 3.90368042e+00
 6.71288452e+00
 1.29937378e+01
 1.30493713e+01
 1.65686279e+01
 1.91544739e+01
 1.96067444e+01
 1.55414368e+01
 9.99028931e+00
 3.22606812e+00
 4.26049805e-01
 7.90954590e-02
 4.12474976e+00
 7.64779053e+00
 8.09197388e+00
 1.09522034e+01
 1.82597290e+01
 1.98073364e+01
 2.09561707e+01
 1.51354309e+01
 1.31933228e+01
 7.03627930e+00
 6.22780762e+00
 2.88421021e+00
 3.14943848e+00
 5.37517700e+00
 8.71846924e+00
 1.12759949e+01
 1.74044739e+01
 1.92905212e+01
 1.82619873e+01
 1.77282349e+01
 1.14716431e+01
 7.59691772e+00
 3.65889893e+00
 2.04024658e+00
 2.47265015e+00
 6.19408569e+00
 8.21892700e+00
 1.25828491e+01
 1.78256165e+01
 2.20369202e+01
 1.79395691e+01
 1.59872375e+01
 1.06657959e+01
 7.49666748e+00
 1.18734131e+00
 7.71447754e-01
 4.51619873e+00
 6.48131714e+00
 1.22182251e+01
 1.59089600e+01
 1.95127502e+01
 1.96231018e+01
 2.00925232e+01
 1.62784668e+01
 1.17214905e+01
 4.96779785e+00
 1.41674194e+00
 2.71599731e+00
 3.78725586e+00
 5.44954834e+00
 1.26565491e+01
 1.46739746e+01
 2.02421204e+01
 2.08807312e+01
 1.86027466e+01
 1.45758301e+01
 1.05931641e+01
 6.06319580e+00
 4.60643921e+00
 3.60656738e-02
 7.12548828e-01
 4.16329346e+00
 9.45418701e+00
 1.45762878e+01
 2.08772522e+01
 2.01375977e+01
 2.05339905e+01
 1.57181641e+01
 1.18885132e+01
 6.21953735e+00
 1.97197876e+00
 3.11318359e+00
 2.72045288e+00
 4.84044800e+00
 8.81493530e+00
 1.68952576e+01
 2.04312073e+01
 2.12000977e+01
 1.86693359e+01
 1.57803589e+01
 1.01699768e+01
 4.12984619e+00
 2.44561157e+00
 -1.28259888e+00
 3.07930908e+00
 5.52703247e+00
 8.84575806e+00
 1.55343262e+01
 1.88674255e+01
 2.07817627e+01
 1.76289612e+01
 1.63199402e+01
 1.27029968e+01
 8.19640503e+00
 2.60137329e+00
 6.00100098e+00
 2.75936279e+00
 7.65221558e+00
 1.24830872e+01
 1.57977539e+01
 2.03208557e+01
 2.23130432e+01
 1.95886169e+01
 1.48754211e+01
 1.05731750e+01
 4.72506104e+00
 1.31331787e+00
 5.18145142e+00
 4.78206787e+00
 6.32384644e+00
 8.72313843e+00
 1.75373474e+01
 2.13438660e+01
 2.25623108e+01
 2.20810486e+01
 1.66106506e+01
 1.08041626e+01
 4.98830566e+00
 6.96893311e-01
 -3.49554443e-01
 1.08944092e+00
 4.22744141e+00
 1.33790833e+01
 1.82180115e+01
 1.98939453e+01
 2.15727478e+01
 2.18214050e+01
 1.60125977e+01
 1.04086853e+01
 7.41710815e+00
 5.48784790e+00
 1.68673096e+00
 6.44738770e-01
 4.64010010e+00
 8.90038452e+00
 1.44514099e+01
 1.72513977e+01
 1.91021973e+01
 2.11668640e+01
 1.55157715e+01
 1.00899902e+01
 3.31432495e+00
 3.09987793e+00
 5.24157104e+00
 8.68432617e-01
 9.64669189e+00
 1.08147217e+01
 1.45890137e+01
 1.82548157e+01
 2.09882141e+01
 1.97705627e+01
 1.73890625e+01
 1.23797241e+01
 4.69326172e+00
 7.25823975e-01
 2.09755859e+00
 4.11846313e+00
 5.05230103e+00
 9.48189697e+00
 1.40542847e+01
 2.20590454e+01
 2.08857361e+01
 1.88647095e+01
 1.61944214e+01
 1.05423523e+01
 5.37645874e+00
 4.37328491e+00
 3.17926025e-01
 3.21148071e+00
 7.73616943e+00
 1.00773254e+01
 1.69012085e+01
 2.07466980e+01
 2.14333130e+01
 1.90721985e+01
 1.56252075e+01
 8.91024170e+00
 7.08022461e+00
 5.90795288e+00
 -1.71331787e-01
 6.37506104e-01
 6.09661255e+00
 1.09131714e+01
 1.48052917e+01
 1.88411804e+01
 1.99480835e+01
 1.92999207e+01
 1.44725281e+01
 1.11286865e+01
 2.25777588e+00
 -2.90912476e+00
 -8.46893921e+00
 7.31445313e-02
 3.71535645e+00
 1.09180847e+01
 1.68417603e+01
 1.69586731e+01
 2.15683228e+01
 2.02770630e+01
 1.58114868e+01
 1.41297852e+01
 6.74172363e+00
 6.15685425e+00
 5.18172607e+00
 3.34169922e+00
 9.73110352e+00
 1.07146851e+01
 1.66184937e+01
 1.96846863e+01
 2.34664856e+01
 2.04093262e+01
 1.90199219e+01
 1.08964783e+01
 4.80697021e+00
 -9.60089111e-01
 -1.64868774e+00
 1.20644531e+00
 6.29677734e+00
 1.05057922e+01
 1.77134033e+01
 1.89856812e+01
 2.03261963e+01
 1.84033447e+01
 1.53550354e+01
 1.03727966e+01
 5.85445557e+00
 2.52923584e-01
 6.44219971e-01
 7.08825684e-01
 8.43898926e+00
 1.08012939e+01
 1.48384644e+01
 1.98091980e+01
 2.03252197e+01
 2.00180298e+01
 1.66348511e+01
 1.15272461e+01
 5.07061157e+00
 3.86965332e+00
 4.61681519e+00
 2.73241577e+00
 5.82628784e+00
 1.03466431e+01
 1.28816772e+01
 1.76893555e+01
 2.13880554e+01
 2.07791382e+01
 1.47984253e+01
 1.20280090e+01
 7.51625977e+00
 5.28338013e+00
 7.71193848e+00
 3.41475830e+00
 8.65044556e+00
 1.23951660e+01
 1.56436096e+01
 2.25049683e+01
 2.25393921e+01
 1.72406860e+01
 1.35887085e+01
 1.08876587e+01
 8.71557007e+00
 1.58596191e+00
 -6.70660400e-01
 3.84697876e+00
 5.48156128e+00
 7.28243408e+00
 1.65119263e+01
 1.94065491e+01
 2.26048523e+01
 2.18144775e+01
 1.69549194e+01
 9.15007935e+00
 3.46737061e+00
 2.94194946e+00
 1.34990845e+00
 4.17223511e+00
 2.80864868e+00
 9.39248047e+00
 1.66265198e+01
 1.99118896e+01
 2.34704834e+01
 2.39489990e+01
 1.77936646e+01
 1.29711548e+01
 6.05629883e+00
 7.75750732e-01
 2.76961670e+00
 3.93914185e+00
 5.38796387e+00
 1.00483643e+01
 1.65096069e+01
 1.91861511e+01
 1.95942322e+01
 2.05449158e+01
 1.89267822e+01
 1.20716492e+01
 6.24160156e+00
 2.23317871e+00
 -2.86569824e+00
 4.24065552e+00
 7.61977539e+00
 1.16646667e+01
 1.76467834e+01
 1.93093506e+01
 2.32909790e+01
 2.14822021e+01
 1.60431458e+01
 1.02792603e+01
 4.08007202e+00
 -7.10668945e-01
 -3.29290771e-01
 2.83748779e+00
 7.45162354e+00
 1.16449219e+01
 1.36398254e+01
 1.94020325e+01
 2.10512024e+01
 2.00573364e+01
 1.52716919e+01
 1.42001587e+01
 7.05919800e+00
 5.52886353e+00
 3.58074341e+00
 5.70290527e+00
 3.18969116e+00
 1.08208252e+01
 1.58221069e+01
 2.25928894e+01
 2.20425049e+01
 1.99801880e+01
 1.67501770e+01
 1.00626160e+01
 7.17315063e+00
 3.95317993e+00
 -1.13529053e+00
 2.42254028e+00
 6.40615234e+00
 1.37440735e+01
 1.55750977e+01
 1.86736389e+01
 2.18595520e+01
 2.06751038e+01
 1.76206604e+01
 1.20692688e+01
 8.14757690e+00
 8.16747437e+00
 2.40337524e+00
 7.53472900e-01
 6.63747559e+00
 1.10210205e+01
 1.53435608e+01
 2.16741577e+01
 2.35761047e+01
 2.31763550e+01
 1.93366333e+01
 1.01479126e+01
 7.10598145e+00
 3.04015503e+00
 4.32595215e+00
 3.96709595e+00
 8.31954346e+00
 9.27605591e+00
 1.42755981e+01
 2.03402039e+01
 2.26292969e+01
 2.12499634e+01
 1.36347595e+01
 8.63112793e+00
 3.51705322e+00
 -1.44284668e+00
 3.50747070e+00
 5.02553711e+00
 5.62017212e+00
 1.10872131e+01
 1.61670471e+01
 2.11445251e+01
 2.42202698e+01
 2.36181274e+01
 1.88893982e+01
 1.10588928e+01
 3.77999268e+00
 2.84893188e+00
 2.40133057e+00
 4.51955566e+00
 6.36696777e+00
 1.03732239e+01
 1.22601868e+01
 2.05449158e+01
 2.25726868e+01
 2.23855530e+01
 1.83157288e+01
 1.10877625e+01
 5.09075317e+00
 7.71661377e-01
 2.96196899e+00
 2.94378052e+00
 4.71120605e+00
 1.07496887e+01
 1.53447815e+01
 2.02864624e+01
 2.09942261e+01
 2.05198914e+01
 1.71950623e+01
 8.75176392e+00
 3.57851563e+00
 4.93129883e+00
 6.63476563e-01
 5.40517578e+00
 7.65432129e+00
 1.14345642e+01
 1.38510681e+01
 1.95138489e+01
 2.23754822e+01
 2.07964417e+01
 1.55804993e+01
 1.27689453e+01
 4.01876221e+00
 3.60747681e+00
 3.03395996e+00
 -4.63934326e-01
 8.50615845e+00
 1.15309998e+01
 1.59331909e+01
 2.15817505e+01
 2.44258362e+01
 2.15992981e+01
 1.54252258e+01
 1.28617493e+01
 7.04738770e+00
 6.98236084e-01
 1.41188965e+00
 7.47399902e-01
 7.22384033e+00
 1.14524475e+01
 1.46870361e+01
 1.85617310e+01
 2.24762207e+01
 2.06876465e+01
 1.74841553e+01
 1.19782043e+01
 7.29238281e+00
 2.96389160e+00
 3.71917114e+00
 2.02678833e+00
 7.21465454e+00
 8.77608643e+00
 1.62855164e+01
 1.96787964e+01
 2.33220459e+01
 2.07405640e+01
 1.88933044e+01
 1.15995117e+01
 6.57015381e+00
 3.88399658e+00
 5.16475830e+00
 4.16320190e+00
 5.45861206e+00
 1.22338501e+01
 1.50524536e+01
 2.12466675e+01
 2.24232727e+01
 2.13377014e+01
 1.75743652e+01
 1.45985352e+01
 6.05806885e+00
 3.24120483e+00
 6.68230591e+00
 4.18935547e+00
 5.90514526e+00
 1.08291260e+01
 1.79631287e+01
 2.24701782e+01
 2.51744324e+01
 2.35491577e+01
 1.58655334e+01
 1.32421204e+01
 3.35860596e+00
 1.49697266e+00
 2.52718506e+00
 4.47585449e+00
 5.91661987e+00
 1.06901794e+01
 1.32864014e+01
 1.95613037e+01
 2.11825195e+01
 2.03872620e+01
 1.59219910e+01
 1.12966858e+01
 8.94204102e+00
 6.31997070e+00
 2.26354370e+00
 7.20290527e+00
 7.34932861e+00
 1.13715149e+01
 1.45037781e+01
 1.94511658e+01
 1.94095398e+01
 2.12907043e+01
 1.61375671e+01
 1.03503967e+01
 4.42000732e+00
 1.21016846e+00
 1.09136353e+00
 4.40447388e+00
 6.75341187e+00
 1.20345398e+01
 1.68261658e+01
 1.89088379e+01
 2.13751160e+01
 1.87266479e+01
 1.66522461e+01
 1.37919556e+01
 6.15444336e+00
 4.88347778e+00
 3.47356567e+00
 1.38332520e+00
 4.14147339e+00
 1.04892517e+01
 1.55660645e+01
 2.27404724e+01
 2.17280518e+01
 2.02156311e+01
 1.85977722e+01
 8.10366211e+00
 4.79317627e+00
 3.38869629e+00
 3.14473877e+00
 3.04186401e+00
 5.55291138e+00
 1.04744507e+01
 1.66499878e+01
 2.21791321e+01
 2.33772217e+01
 2.22623230e+01
 1.92259766e+01
 1.19082581e+01
 9.55590210e+00
 6.19371948e+00
 3.85253296e+00
 5.48119507e+00
 6.85604248e+00
 1.51844727e+01
 1.85204407e+01
 2.21617371e+01
 2.55690857e+01
 2.34854675e+01
 1.78351990e+01
 1.54457642e+01
 5.95971069e+00
 5.16802368e+00
 3.76915894e+00
 8.43120728e+00
 7.63570557e+00
 1.00212952e+01
 1.63518616e+01
 2.22939697e+01
 2.32345215e+01
 2.13911072e+01
 1.64356628e+01
 1.53208252e+01
 5.75551758e+00
 4.53981934e+00
 -3.23675537e-01
 4.65505371e+00
 7.93743286e+00
 1.00994507e+01
 1.56431824e+01
 2.19944397e+01
 2.15106140e+01
 2.12663513e+01
 2.01761108e+01
 1.15870911e+01
 1.00995728e+01
 -2.00919189e+00
 3.42196045e+00
 1.93517456e+00
 8.42238770e+00
 8.69423828e+00
 1.54020325e+01
 1.67926880e+01
 2.03987671e+01
 2.14258667e+01
 1.60681396e+01
 1.35855957e+01
 5.13094482e+00
 2.63048706e+00
 2.21740112e+00
 4.81978760e+00
 5.16671143e+00
 9.28655396e+00
 1.67220398e+01
 2.08045898e+01
 2.30157410e+01
 2.05307556e+01
 1.66495300e+01
 1.58558289e+01
 8.24096069e+00
 6.26561890e+00
 3.71590576e+00
 4.05123291e+00
 6.87880859e+00
 1.50833374e+01
 1.68649231e+01
 1.98415771e+01
 2.55264526e+01
 2.27402893e+01
 2.09710327e+01
 1.51801086e+01
 6.79741821e+00
 3.79802856e+00
 4.11779175e+00
 5.70812378e+00
 9.80407104e+00
 1.04731689e+01
 1.49577576e+01
 1.89580017e+01
 2.17507263e+01
 2.31585632e+01
 1.77218872e+01
 1.01270691e+01
 6.09368286e+00
 8.40191040e+00
 3.85851440e+00
 3.31737671e+00
 3.69912109e+00
 1.16968323e+01
 1.69170776e+01
 2.25019165e+01
 2.35685669e+01
 2.00694214e+01
 2.15075012e+01
 9.58406982e+00
 4.30376587e+00
 1.38585815e+00
 5.23140869e+00
 6.68483887e+00
 4.98290405e+00
 1.24869019e+01
 1.45044495e+01
 2.08685242e+01
 2.27367188e+01
 2.05062500e+01
 1.78355042e+01
 1.51989685e+01
 9.83318481e+00
 1.68111572e+00
