 1.92562256e+00
 3.36727295e+00
 5.44231567e+00
 8.12383423e+00
 1.29426514e+01
 1.91660706e+01
 2.06675659e+01
 1.91532837e+01
 1.66791321e+01
 1.18649231e+01
 7.02565918e+00
 4.96938477e+00
 4.59545288e+00
 5.01210938e+00
 6.25457153e+00
 1.03395630e+01
 1.38318115e+01
 2.01923462e+01
 2.10743958e+01
 2.28694092e+01
 1.58086487e+01
 1.21345154e+01
 5.77773438e+00
 2.66759644e+00
 5.64254150e+00
 6.64495239e+00
 6.31569824e+00
 9.14568481e+00
 1.34163147e+01
 1.62913757e+01
 2.14373108e+01
 2.13384033e+01
 1.73178650e+01
 1.20646606e+01
 7.26992188e+00
 6.90609131e+00
 3.72020874e+00
 4.37551270e+00
 6.84649048e+00
 8.76296387e+00
 1.21912476e+01
 1.89914490e+01
 1.98831116e+01
 1.93274780e+01
 1.49456116e+01
 1.04254700e+01
 8.70614014e+00
 3.18862305e+00
 1.63549194e+00
 4.45006714e+00
 6.09493408e+00
 8.01406250e+00
 1.25016418e+01
 1.92368408e+01
 2.03561951e+01
 2.07342773e+01
 1.69626709e+01
 1.12875916e+01
 3.71944580e+00
 3.64541016e+00
 1.11284790e+00
 -6.00653076e-01
 4.29332886e+00
 6.46828613e+00
 1.14271179e+01
 1.56852966e+01
 2.01861206e+01
 2.21104675e+01
 1.76872803e+01
 1.32450500e+01
 3.04042969e+00
 3.22838745e+00
 2.43325195e+00
 4.54686890e+00
 5.03618774e+00
 8.15334473e+00
 1.19779297e+01
 1.83982788e+01
 1.80550171e+01
 1.89503113e+01
 1.69113403e+01
 1.13482910e+01
 5.88399658e+00
 2.60427246e+00
 3.41280518e+00
 4.34645996e+00
 7.31630859e+00
 7.61223755e+00
 1.16172424e+01
 1.51596008e+01
 2.11689697e+01
 2.25804688e+01
 1.36643616e+01
 1.13574158e+01
 4.76299438e+00
 -1.36865845e+00
 2.73919067e+00
 4.45092773e-01
 -5.81488037e-01
 7.27248535e+00
 1.28800293e+01
 1.78854919e+01
 2.03218018e+01
 2.26183105e+01
 1.62946106e+01
 1.42795349e+01
 1.00032898e+01
 5.97719727e+00
 2.03283081e+00
 2.51094971e+00
 5.70412598e+00
 7.46737061e+00
 1.32163940e+01
 1.52116638e+01
 2.09698120e+01
 2.12203003e+01
 1.41231323e+01
 1.10575195e+01
 5.46004639e+00
 2.48970947e+00
 1.30178223e+00
 1.43340454e+00
 5.26394043e+00
 8.23946533e+00
 1.26013428e+01
 1.79040161e+01
 2.12475830e+01
 2.05519348e+01
 1.48909851e+01
 1.04244629e+01
 7.68142090e+00
 2.58620605e+00
 -1.71118164e-01
 -1.07834473e+00
 3.49117432e+00
 9.18584595e+00
 1.39722534e+01
 1.95978027e+01
 2.05170532e+01
 2.70075012e+01
 1.82606140e+01
 1.23554321e+01
 8.17720947e+00
 4.35146484e+00
 1.23726807e+00
 1.33486328e+00
 6.54812012e+00
 6.97554932e+00
 1.29040161e+01
 1.68805176e+01
 2.35467773e+01
 1.90075623e+01
 1.73109680e+01
 1.17900024e+01
 6.17150269e+00
 3.71175537e+00
 8.65472412e-01
 1.86190186e+00
 3.94976196e+00
 7.11217651e+00
 1.30197998e+01
 1.73064209e+01
 2.23775574e+01
 2.09106995e+01
 1.51693359e+01
 1.14357239e+01
 8.16988525e+00
 4.28099976e+00
 1.03845215e-01
 2.69109497e+00
 4.83254395e+00
 7.44542847e+00
 1.19835449e+01
 1.63484741e+01
 2.21953979e+01
 1.86382080e+01
 1.67605225e+01
 1.14693237e+01
 6.97374878e+00
 1.59118042e+00
 3.72942505e+00
 1.99233398e+00
 6.30983887e+00
 9.33226929e+00
 1.24803406e+01
 1.66163269e+01
 1.90937134e+01
 2.18855835e+01
 1.57527710e+01
 1.24735962e+01
 6.17800293e+00
 3.98638306e+00
 2.07631836e+00
 3.03191528e+00
 6.33907471e+00
 9.53566895e+00
 1.14223572e+01
 1.59410950e+01
 2.15039917e+01
 2.21978088e+01
 1.72084900e+01
 1.00847717e+01
 9.55581055e+00
 5.44689331e+00
 6.27385864e+00
 5.61541138e+00
 4.95513306e+00
 8.50591431e+00
 1.26649109e+01
 1.82000061e+01
 2.32643066e+01
 2.31572205e+01
 1.74541260e+01
 1.07447754e+01
 6.33684692e+00
 4.22881470e+00
 2.46389160e+00
 3.40737305e+00
 2.06014404e+00
 8.38149414e+00
 1.32494751e+01
 1.74845825e+01
 2.17756592e+01
 2.22053467e+01
 1.61263977e+01
 1.00891968e+01
 6.42333374e+00
 2.70839844e+00
 2.22329102e+00
 2.76269531e-01
 6.38884888e+00
 9.46239624e+00
 1.30700928e+01
 1.85116821e+01
 2.37079712e+01
 2.32644287e+01
 1.70466248e+01
 1.09255615e+01
 8.37011108e+00
 2.24117432e+00
 3.92946777e+00
 5.45385132e+00
 6.56026611e+00
 8.09191284e+00
 1.34567505e+01
 1.89955078e+01
 2.34976746e+01
 2.45145813e+01
 1.98648010e+01
 1.22198425e+01
 7.94957886e+00
 3.23369751e+00
 2.48119507e+00
 4.37850342e+00
 5.61980591e+00
 7.90566406e+00
 1.30638367e+01
 1.77545105e+01
 1.90535828e+01
 2.12970520e+01
 1.74855591e+01
 1.00627075e+01
 8.03185425e+00
 4.30172119e+00
 9.65783691e-01
 4.39031372e+00
 5.66390381e+00
 8.06118164e+00
 1.38991638e+01
 1.86045166e+01
 2.48796631e+01
 2.11433655e+01
 1.67087341e+01
 1.24721924e+01
 7.66912231e+00
 4.45269165e+00
 1.74300537e+00
 1.76656494e+00
 5.66390381e+00
 9.58712158e+00
 1.26955200e+01
 1.91006409e+01
 2.08387390e+01
 2.12841431e+01
 1.88532654e+01
 1.38122192e+01
 4.33620605e+00
 2.85119019e+00
 8.50885010e-01
 4.45886230e-01
 4.46886597e+00
 5.43160400e+00
 1.33860107e+01
 1.72985168e+01
 2.22651611e+01
 1.93910461e+01
 1.53264709e+01
 1.02551208e+01
 4.93926392e+00
 4.99117432e+00
 1.40133057e+00
 4.59206543e+00
 4.75563965e+00
 8.74660645e+00
 1.22036682e+01
 1.77074829e+01
 2.19000793e+01
 2.32586914e+01
 1.55460449e+01
 1.32330261e+01
 5.23159180e+00
 2.50878906e-01
 6.37811279e-01
 2.83583984e+00
 5.15664063e+00
 8.58559570e+00
 1.37195068e+01
 1.69043518e+01
 2.32410217e+01
 2.24756714e+01
 1.72853027e+01
 1.26696716e+01
 9.62664185e+00
 6.98510132e+00
 3.61782227e+00
 1.87798462e+00
 4.86159668e+00
 7.13579712e+00
 1.18028809e+01
 1.71670776e+01
 2.04893738e+01
 2.16418396e+01
 1.56050049e+01
 1.21980835e+01
 7.37883911e+00
 4.27297363e+00
 4.21407471e+00
 4.59942017e+00
 4.92150269e+00
 7.01131592e+00
 1.29882751e+01
 1.93691345e+01
 2.09982239e+01
 2.35278564e+01
 1.57930847e+01
 1.25279175e+01
 8.34426270e+00
 1.01949463e+00
 4.21129761e+00
 3.77242432e+00
 6.11113892e+00
 9.61242065e+00
 1.32710815e+01
 1.72021423e+01
 2.09213806e+01
 2.20503174e+01
 1.63408752e+01
 1.10187927e+01
 8.11763916e+00
 4.13948975e+00
 4.42949829e+00
 4.21334229e+00
 5.57109985e+00
 8.79738770e+00
 1.23980957e+01
 2.04743286e+01
 2.32790161e+01
 2.22196594e+01
 1.69405762e+01
 1.28138977e+01
 7.71688232e+00
 3.19329224e+00
 3.93282471e+00
 3.63115845e+00
 2.15725098e+00
 7.68541870e+00
 1.38994385e+01
 1.92516113e+01
 2.13932434e+01
 2.16437622e+01
 1.90057922e+01
 9.94484863e+00
 6.56963501e+00
 5.99950562e+00
 2.21490479e-01
 3.56011353e+00
 6.12209473e+00
 8.50106201e+00
 1.27524048e+01
 1.79124390e+01
 2.16789185e+01
 2.09894958e+01
 1.45330444e+01
 1.15619446e+01
 7.13866577e+00
 5.44774780e+00
 2.57979736e+00
 2.69625244e+00
 5.01223145e+00
 9.57247314e+00
 1.26102539e+01
 1.71679932e+01
 2.00242249e+01
 2.08594604e+01
 1.71239868e+01
 1.13328186e+01
 6.35006104e+00
 6.39946899e+00
 4.07488403e+00
 3.61245117e+00
 4.88909302e+00
 9.40151367e+00
 1.35571228e+01
 1.96699158e+01
 2.26851135e+01
 2.44617859e+01
 1.81197449e+01
 1.49850098e+01
 6.11254272e+00
 3.97442017e+00
 3.13887939e+00
 5.06636963e+00
 4.19414673e+00
 9.98055420e+00
 1.47266479e+01
 1.88151184e+01
 2.41512085e+01
 2.45415894e+01
 1.69649292e+01
 1.34897095e+01
 7.24370728e+00
 6.47133789e+00
 9.54766846e-01
 3.42870483e+00
 4.60885010e+00
 9.52599487e+00
 1.05073792e+01
 1.91507507e+01
 2.25337158e+01
 2.31767822e+01
 1.72670227e+01
 1.20478149e+01
 6.56804810e+00
 2.45610962e+00
 2.57058105e+00
 3.88237915e+00
 3.21203003e+00
 8.91384277e+00
 1.22961975e+01
 1.63781067e+01
 2.21477905e+01
 2.55070129e+01
 1.69884277e+01
 1.20588623e+01
 8.58461914e+00
 4.22881470e+00
 4.12136230e+00
 -6.98339844e-01
 6.05269775e+00
 1.06670471e+01
 1.32734009e+01
 1.99962708e+01
 2.54301392e+01
 2.25220276e+01
 1.98828064e+01
 1.36423584e+01
 6.84584961e+00
 2.59841309e+00
 3.68343506e+00
 5.01128540e+00
 7.90316162e+00
 1.11392456e+01
 1.36785828e+01
 1.67601257e+01
 1.96553589e+01
 1.98871704e+01
 1.95823303e+01
 1.26749512e+01
 6.46770630e+00
 2.97145996e+00
 3.86712036e+00
 6.23601685e+00
 5.84594116e+00
 9.10799561e+00
 1.20776001e+01
 1.68442322e+01
 2.28436523e+01
 2.28056274e+01
 1.75687195e+01
 1.41010071e+01
 6.87618408e+00
 4.91256104e+00
 3.81719360e+00
 5.27596436e+00
 6.12401733e+00
 8.38634644e+00
 1.38239685e+01
 2.01282898e+01
 2.37164246e+01
 2.12538696e+01
 1.83589111e+01
 1.32865540e+01
 9.04525146e+00
 4.18929443e+00
 6.07079468e+00
 5.63912354e+00
 5.94225464e+00
 1.04142090e+01
 1.47881409e+01
 1.94602905e+01
 2.03270813e+01
 2.50936523e+01
 1.81997925e+01
 1.29308105e+01
 6.57689819e+00
 4.22200928e+00
 -8.73907471e-01
 3.71755371e+00
 5.45641479e+00
 7.84353027e+00
 1.18634277e+01
 1.62040039e+01
 2.12831360e+01
 2.51563354e+01
 1.73402039e+01
 1.24339539e+01
 6.58696899e+00
 5.27263794e+00
 2.24981079e+00
 5.30394897e+00
 6.77034912e+00
 9.17781982e+00
 1.33551270e+01
 2.06751038e+01
 2.35024963e+01
 2.32801758e+01
 1.74916931e+01
 1.37244507e+01
 7.22432861e+00
 4.06560669e+00
 3.06258545e+00
 4.71124268e-01
 4.65258179e+00
 7.70180664e+00
 1.15711609e+01
 1.78911682e+01
 2.15201965e+01
 2.52636658e+01
 1.84726807e+01
 1.01974121e+01
 7.61153564e+00
 4.16567383e+00
 3.36974487e+00
 3.35790405e+00
 5.80516968e+00
 9.55245361e+00
 1.25607849e+01
 2.01202942e+01
 2.19824158e+01
 2.22948547e+01
 1.68335815e+01
 1.07676025e+01
 8.37661133e+00
 6.22942505e+00
 2.25570068e+00
 5.81932983e+00
 7.82335815e+00
 8.40328369e+00
 1.39088074e+01
 2.08023315e+01
 2.32123352e+01
 2.08758179e+01
 2.02356506e+01
 1.13750244e+01
 6.10442505e+00
 3.09240112e+00
 5.96950684e+00
 6.04406128e+00
 6.71233521e+00
 8.99059448e+00
 1.49112793e+01
 2.12636963e+01
 2.61796814e+01
 2.39279419e+01
 1.58817078e+01
 1.29370972e+01
 6.51726685e+00
 4.85543213e+00
 1.46569824e-01
 3.49920044e+00
 6.15969238e+00
 9.79491577e+00
 1.12127625e+01
 1.91012207e+01
 2.48715454e+01
 2.43657776e+01
 1.78078552e+01
 1.22922302e+01
 8.76842651e+00
 3.62151489e+00
 2.48650513e+00
 3.90508423e+00
 8.96047363e+00
 1.06609436e+01
 1.38497253e+01
 1.65386597e+01
 2.30922180e+01
 2.20636841e+01
 1.74649292e+01
 1.23334290e+01
 7.41076050e+00
 4.94564209e+00
 4.99556885e+00
 2.94252930e+00
 7.65895996e+00
 9.65105591e+00
 1.33721252e+01
 1.63161255e+01
 2.35096680e+01
 2.13890625e+01
 1.40766235e+01
 1.16781250e+01
 5.93602905e+00
 6.16265259e+00
 4.53804932e+00
 3.09960327e+00
 5.51766357e+00
 7.64974365e+00
 1.18815552e+01
 1.72925354e+01
 2.13402954e+01
 2.32942749e+01
 1.60440918e+01
 1.33597961e+01
 5.52794800e+00
 -7.03894043e-01
 -5.98929443e+00
 -1.57871094e+00
 1.52196655e+00
 5.38567505e+00
 1.08010193e+01
 1.54267517e+01
 1.97881409e+01
 2.13548218e+01
 1.67035156e+01
 1.21046997e+01
 9.21373901e+00
 3.92354736e+00
 -5.64611816e-01
 2.86037598e+00
 6.42971191e+00
 9.17229614e+00
 1.67152954e+01
 1.95129639e+01
 2.09763123e+01
 2.04988953e+01
 1.75707336e+01
 1.30234619e+01
 6.96734009e+00
 4.83385620e+00
 2.94811401e+00
 4.58245239e+00
 6.34111938e+00
 1.04852539e+01
 1.47968689e+01
 1.76844421e+01
 2.69005066e+01
 2.44253784e+01
 1.82820374e+01
 1.22845703e+01
 6.97521362e+00
 5.14498291e+00
 4.61864624e+00
 1.94286499e+00
 5.75429688e+00
 7.17608032e+00
 1.43183533e+01
 2.34991699e+01
 2.58808838e+01
 2.43184143e+01
 2.07705017e+01
 1.33775574e+01
 8.90856323e+00
 4.88369141e+00
 4.57866821e+00
 6.06994019e+00
 6.85341797e+00
 8.74321899e+00
 1.25859009e+01
 1.74720398e+01
 2.03688293e+01
 2.02441345e+01
 1.57084595e+01
 1.21455627e+01
 4.77471313e+00
 4.83965454e+00
 6.35894165e+00
 5.18679199e+00
 5.35827026e+00
 9.25011597e+00
 1.29888245e+01
 1.84489685e+01
 2.29422546e+01
 2.46560608e+01
 1.75678955e+01
 1.21281982e+01
 6.07387695e+00
 7.23192749e+00
 1.56520996e+00
 4.61144409e+00
 6.65551147e+00
 7.53704224e+00
 1.43031250e+01
 1.74067017e+01
 2.06270691e+01
 2.33766113e+01
 1.88650146e+01
 1.25062195e+01
 9.13314209e+00
 6.65871582e+00
 3.99703369e+00
 6.37981567e+00
 7.21724854e+00
 9.71010742e+00
 1.38401123e+01
 1.80301147e+01
 2.15213867e+01
 1.95331055e+01
 1.87899414e+01
 1.30762268e+01
 9.97503052e+00
 4.68001709e+00
 2.87328491e+00
 4.13939819e+00
 5.10579834e+00
 6.75072632e+00
 1.19111572e+01
 1.89152466e+01
 2.23688293e+01
 2.37320496e+01
 1.88962646e+01
 1.35223022e+01
 9.04415283e+00
 7.24633179e+00
 4.72802124e+00
 3.49599609e+00
 6.56575928e+00
 1.04324585e+01
 1.25576416e+01
 1.73855225e+01
 2.13434082e+01
 2.20980164e+01
 1.97873474e+01
 1.13565308e+01
 2.65310059e+00
 2.31661377e+00
 2.53298340e+00
 9.07586670e-01
 7.54317627e+00
 9.40868530e+00
 1.18514343e+01
 2.20168396e+01
 2.38469177e+01
 2.33740784e+01
 1.57367493e+01
 1.40879456e+01
 8.69588623e+00
 6.08471069e+00
 3.64187012e+00
 4.14226685e+00
 6.62679443e+00
 8.54403076e+00
 1.22549377e+01
 1.70573669e+01
 2.23550049e+01
 2.32729126e+01
 1.59377991e+01
 1.22525269e+01
 7.11892090e+00
 4.86748657e+00
 2.34389648e+00
 4.09975586e+00
 6.50347290e+00
 6.89473877e+00
 1.31517883e+01
 1.60396667e+01
 2.28643127e+01
 2.32249390e+01
 1.73430115e+01
 1.27909485e+01
 8.67730103e+00
 6.33025513e+00
 7.17623291e+00
 4.06441650e+00
 6.99053345e+00
 9.82888184e+00
 1.51140991e+01
 2.10903259e+01
 2.33131348e+01
 2.08500305e+01
 1.68455750e+01
 1.32192932e+01
 8.75618896e+00
 5.99099121e+00
 2.42824707e+00
 4.65249023e+00
 5.45263062e+00
 7.91838989e+00
 1.36463867e+01
 1.92545105e+01
 2.18854309e+01
 1.93551880e+01
 1.60355164e+01
 1.21957642e+01
 8.06069336e+00
 6.65776978e+00
 5.96392212e+00
 4.68428955e+00
 5.04085693e+00
 9.31582031e+00
 1.33573242e+01
 1.96079651e+01
 2.43968140e+01
 2.63197876e+01
 1.63437439e+01
 1.36094604e+01
 8.79357300e+00
 6.24529419e+00
 6.84291992e+00
 5.06926880e+00
 5.53627930e+00
 9.26168213e+00
 1.23388916e+01
 1.69552856e+01
 2.54637390e+01
 2.26084229e+01
 1.96101013e+01
 1.10544373e+01
 7.83776245e+00
 2.91384277e+00
 6.73900757e+00
 1.44680176e+00
 5.11300049e+00
 9.87288818e+00
 1.42925659e+01
 1.99801575e+01
 2.59628845e+01
 2.61690308e+01
 1.75921265e+01
 1.31056152e+01
 6.27398071e+00
 6.74001465e+00
 3.80523071e+00
 5.23827515e+00
 5.85430298e+00
 6.37301025e+00
 1.47759644e+01
 2.13424011e+01
 2.24055420e+01
 2.03453918e+01
 1.63962646e+01
 1.42508789e+01
 7.29940186e+00
 4.67492065e+00
 6.01992188e+00
 -9.27435303e-01
 3.38115845e+00
 7.17034302e+00
 1.28068176e+01
 1.85842529e+01
 2.29740540e+01
 2.41897827e+01
 1.61290527e+01
 1.19036499e+01
 7.93554077e+00
 1.84673462e+00
 6.99541626e+00
 4.82048950e+00
 3.88692627e+00
 9.53826294e+00
 1.30271851e+01
 1.63937927e+01
 2.33821045e+01
 2.41249329e+01
 1.72550903e+01
 1.23661438e+01
 7.08907471e+00
 3.75863037e+00
 8.06518555e-02
 4.01778564e+00
 6.49929199e+00
 7.94320068e+00
 1.29348999e+01
 2.11178223e+01
 2.14623657e+01
 1.99878174e+01
 1.55525146e+01
 1.19750916e+01
 7.90960083e+00
 2.99736938e+00
 -9.26428223e-01
 2.32998047e+00
 4.25112305e+00
 7.80666504e+00
 1.37106873e+01
 1.70660339e+01
 2.30229126e+01
 2.49183594e+01
 1.84215332e+01
 1.36404968e+01
 7.13228760e+00
 1.00173340e+00
 3.76436768e+00
 2.97936401e+00
 4.07338867e+00
 8.38271484e+00
 1.28985229e+01
 1.84143616e+01
 2.10965210e+01
 2.42733398e+01
 1.62838379e+01
 1.32424255e+01
 7.58901367e+00
 7.27236328e+00
 4.25991211e+00
 5.32494507e+00
 5.70494995e+00
 9.03490601e+00
 1.20676208e+01
 2.06259705e+01
 2.52025696e+01
 2.46832825e+01
 1.86940247e+01
 1.04452148e+01
 8.65700684e+00
 7.10473022e+00
 6.25258789e+00
 5.40908203e+00
 7.46303711e+00
 1.03424316e+01
 1.41746155e+01
 1.89291016e+01
 1.92496887e+01
 2.39994141e+01
 1.69233337e+01
 1.04287659e+01
 6.79299316e+00
 6.03493652e+00
 4.94976196e+00
 4.57885132e+00
 6.68825684e+00
 8.11391602e+00
 1.34800964e+01
 1.88793579e+01
 2.31066528e+01
 2.37726074e+01
 1.55184875e+01
 1.23343750e+01
 8.80471191e+00
 1.16048584e+00
 3.43361816e+00
 6.34850464e+00
 6.29308472e+00
 9.75475464e+00
 1.50278870e+01
 1.81886230e+01
 2.48921143e+01
 2.51658264e+01
 2.24526917e+01
 1.40624634e+01
 8.48858032e+00
 5.18520508e+00
 3.91430054e+00
 4.83962402e+00
 5.65764771e+00
 8.58336792e+00
 1.27676331e+01
 1.86068665e+01
 2.09843384e+01
 2.55681396e+01
 1.86776672e+01
 1.28368469e+01
 9.56820068e+00
 7.85567627e+00
 4.23031006e+00
 5.01690063e+00
 5.85424194e+00
 8.59795532e+00
 1.27749268e+01
 2.08006226e+01
 2.28623291e+01
 2.22907043e+01
 1.69262634e+01
 1.12824036e+01
 1.03674866e+01
 4.81081543e+00
 3.55855713e+00
 3.58638916e+00
 6.71749268e+00
 8.45003662e+00
 1.29655090e+01
 1.79897705e+01
 2.34549500e+01
 2.43400208e+01
 1.76390625e+01
 1.40352112e+01
 7.64977417e+00
 4.16292725e+00
 7.58583984e+00
 4.73226318e+00
 1.01806580e+01
 1.16250549e+01
 1.32101379e+01
 2.14801880e+01
 2.71379639e+01
 2.64977356e+01
 1.87123657e+01
 1.29814697e+01
 1.14974609e+01
 6.13131104e+00
 5.02364502e+00
 5.38204346e+00
 6.48323975e+00
 8.24288330e+00
 1.67657410e+01
 2.10609070e+01
 2.62854248e+01
 2.17708069e+01
 1.78141724e+01
 1.28497559e+01
 8.13884888e+00
 5.18563232e+00
 3.54857788e+00
 3.00933228e+00
 7.59533081e+00
 9.22731934e+00
 1.43565918e+01
 2.09356018e+01
 2.02723022e+01
 2.33796326e+01
 1.96110168e+01
 1.34726807e+01
 7.19826660e+00
 6.97884521e+00
 4.91509399e+00
 5.91967163e+00
 8.09011230e+00
 1.05258118e+01
 1.34930359e+01
 1.96259094e+01
 2.16311890e+01
 2.15812012e+01
 1.86382080e+01
 1.31709534e+01
 1.12118164e+01
 4.82463989e+00
 2.51696167e+00
 1.34179077e+00
 7.16265259e+00
 9.60744629e+00
 1.31953674e+01
 2.25559021e+01
 2.60213257e+01
 2.55259033e+01
 1.91393982e+01
 1.26427551e+01
 1.04078003e+01
 6.41951904e+00
 4.64122925e+00
 4.64913330e+00
 9.03255615e+00
 1.04443298e+01
 1.38486572e+01
 1.84308716e+01
 2.45954834e+01
 2.32791077e+01
 2.03262268e+01
 1.36614319e+01
 6.10668335e+00
 5.80330811e+00
 1.67067871e+00
 3.42730103e+00
 6.35592041e+00
 9.63921509e+00
 1.45006653e+01
 1.81675659e+01
 2.40739990e+01
 2.22637878e+01
 1.72514893e+01
 1.19973083e+01
 8.44320068e+00
 8.16808472e+00
 4.06798706e+00
 3.94265137e+00
 6.02227173e+00
 9.68331299e+00
 1.36733643e+01
 1.76034790e+01
 2.29250732e+01
 2.46588379e+01
 1.71872192e+01
 1.35204712e+01
 8.99288330e+00
 6.11333618e+00
 7.73537598e+00
 3.11284790e+00
 7.64522705e+00
 9.46019897e+00
 1.27510925e+01
 1.79816833e+01
 2.44070679e+01
 2.27503601e+01
 2.08006531e+01
 1.22132813e+01
 9.31640015e+00
 5.62706909e+00
 2.23171387e+00
 1.91805420e+00
 4.35405884e+00
 1.00648132e+01
 1.53925720e+01
 2.23275391e+01
 2.42949463e+01
 2.59089905e+01
 1.86325317e+01
 1.31735474e+01
 1.13710571e+01
 6.72731934e+00
 3.54644165e+00
 3.64400635e+00
 6.97979126e+00
 9.35253296e+00
 1.27576538e+01
 1.79576050e+01
 2.41491028e+01
 2.12831360e+01
 1.77978149e+01
 1.18027283e+01
 9.43981323e+00
 6.53496704e+00
 6.33062134e+00
 6.05733643e+00
 8.79918823e+00
 9.87908325e+00
 1.37209106e+01
 2.13352295e+01
 2.30256592e+01
 2.15096069e+01
 1.75877319e+01
 1.17880798e+01
 8.04042969e+00
 2.47255859e+00
 5.17168579e+00
 5.48681030e+00
 9.71276245e+00
 9.00148926e+00
 1.24759460e+01
 1.76067749e+01
 2.33391357e+01
 2.51114441e+01
 1.86079346e+01
 1.30718323e+01
 1.05358215e+01
 6.20540771e+00
 3.50014648e+00
 5.21102295e+00
 5.13213501e+00
 1.00428101e+01
 1.34686218e+01
 2.04067627e+01
 2.77204529e+01
 2.64860779e+01
 1.93199402e+01
 1.47133118e+01
 8.34688721e+00
 5.23107300e+00
 3.31105957e+00
 5.35289917e+00
 5.29534302e+00
 9.55471191e+00
 1.28911682e+01
 1.87920471e+01
 2.03203064e+01
 2.24255615e+01
 1.79695068e+01
 1.30891052e+01
 9.05205688e+00
 6.54543457e+00
 1.37764893e+00
 4.21407471e+00
 4.92885742e+00
 9.52138672e+00
 1.19234558e+01
 1.84302917e+01
 2.21303955e+01
 2.19241577e+01
 1.93080078e+01
 1.27082153e+01
 8.37883911e+00
 6.32427368e+00
