 1.56557617e+00
 3.25396118e+00
 6.69777832e+00
 8.05175171e+00
 1.38417908e+01
 2.10103699e+01
 2.15070435e+01
 2.11647888e+01
 1.90141541e+01
 1.20338684e+01
 7.79726563e+00
 2.48156128e+00
 4.26946411e+00
 5.16838989e+00
 8.00185547e+00
 1.20424438e+01
 1.45497070e+01
 2.24505249e+01
 2.37540527e+01
 2.48590942e+01
 1.74269348e+01
 1.40469604e+01
 4.51040039e+00
 -6.95379639e-01
 4.29757080e+00
 6.16372070e+00
 6.89379272e+00
 1.04708801e+01
 1.52607971e+01
 1.80903259e+01
 2.48803650e+01
 2.50938354e+01
 1.93720947e+01
 1.34157349e+01
 5.68871460e+00
 6.74608765e+00
 3.55278931e+00
 5.09026489e+00
 7.77367554e+00
 9.12462769e+00
 1.30492493e+01
 1.97042480e+01
 2.21590210e+01
 1.98016296e+01
 1.56397644e+01
 1.02006775e+01
 6.85485229e+00
 -8.71948242e-02
 -2.48779907e+00
 2.48537598e+00
 7.56392822e+00
 9.33104858e+00
 1.54293152e+01
 2.31292969e+01
 2.31554504e+01
 2.28007141e+01
 1.85571838e+01
 1.24221130e+01
 2.98400269e+00
 3.26732788e+00
 -1.74169922e-01
 -1.95053711e+00
 5.92919312e+00
 8.62899170e+00
 1.37829224e+01
 1.71717773e+01
 2.19577576e+01
 2.40246521e+01
 1.73419434e+01
 1.54731995e+01
 1.33959351e+00
 1.46291504e+00
 2.06182251e+00
 7.67931519e+00
 6.75316772e+00
 9.46087036e+00
 1.48189331e+01
 1.97902161e+01
 2.04614197e+01
 2.08015076e+01
 1.88883606e+01
 1.21608521e+01
 3.07418213e+00
 1.69942627e+00
 1.98656616e+00
 5.22652588e+00
 7.43117676e+00
 9.81520996e+00
 1.31068359e+01
 1.71571289e+01
 2.22302185e+01
 2.55243469e+01
 1.43347412e+01
 1.16976257e+01
 3.43300781e+00
 -4.49646606e+00
 -1.24548340e-01
 -3.40375366e+00
 -2.51242676e+00
 8.41072998e+00
 1.44559265e+01
 1.91893860e+01
 2.35293823e+01
 2.37546326e+01
 1.74905029e+01
 1.46907593e+01
 9.22039185e+00
 4.86452637e+00
 1.06737671e+00
 1.32021484e+00
 7.28087769e+00
 9.17388306e+00
 1.61970154e+01
 1.75176636e+01
 2.20618530e+01
 2.20966736e+01
 1.42225586e+01
 1.20107666e+01
 5.80483398e+00
 1.23101196e+00
 -6.38861084e-01
 -6.36352539e-02
 5.67220459e+00
 1.07660767e+01
 1.35360962e+01
 1.92548462e+01
 2.37354980e+01
 2.38490234e+01
 1.56936279e+01
 1.03550049e+01
 5.57006226e+00
 -5.01654053e-01
 -3.75565186e+00
 -7.66727295e+00
 3.83629761e+00
 1.11034485e+01
 1.56646973e+01
 2.16809021e+01
 2.30270630e+01
 2.65585876e+01
 1.89541870e+01
 1.09001099e+01
 8.14690552e+00
 1.63671265e+00
 -4.66376343e+00
 -3.59470215e+00
 7.48192749e+00
 7.93932495e+00
 1.52693420e+01
 1.97732178e+01
 2.51153503e+01
 2.02649475e+01
 1.92453857e+01
 1.34258057e+01
 5.72643433e+00
 1.18969116e+00
 -4.30655518e+00
 -1.83884277e+00
 3.98674927e+00
 8.58364258e+00
 1.35146423e+01
 1.81987549e+01
 2.39923645e+01
 2.24229370e+01
 1.54390503e+01
 1.31628967e+01
 7.20076904e+00
 2.39592896e+00
 -1.71475830e+00
 2.48470459e+00
 5.16112671e+00
 8.23894653e+00
 1.42068420e+01
 1.90412842e+01
 2.38328796e+01
 2.08550354e+01
 1.87776123e+01
 1.22796875e+01
 8.01217041e+00
 9.36883545e-01
 3.41323242e+00
 1.89385986e-01
 8.32241211e+00
 1.09690796e+01
 1.45377136e+01
 1.93324524e+01
 1.99836060e+01
 2.18330017e+01
 1.64158569e+01
 1.24096313e+01
 5.24550781e+00
 2.41008911e+00
 1.53096924e+00
 2.78316650e+00
 9.69997559e+00
 1.31012817e+01
 1.32193237e+01
 1.92487122e+01
 2.17986084e+01
 2.39505249e+01
 1.96440369e+01
 1.06276794e+01
 9.86626587e+00
 4.11239014e+00
 4.83739624e+00
 6.18309937e+00
 6.34526978e+00
 1.13380066e+01
 1.40255066e+01
 2.01188599e+01
 2.28311707e+01
 2.45802856e+01
 1.71196533e+01
 1.13993774e+01
 4.39284668e+00
 1.48491821e+00
 7.46301270e-01
 2.62359009e+00
 1.53984985e+00
 9.59630737e+00
 1.45643860e+01
 1.90324951e+01
 2.20379272e+01
 2.14096008e+01
 1.56969543e+01
 7.14183960e+00
 4.50588379e+00
 8.03466797e-02
 -7.18756104e-01
 -5.31680908e+00
 4.96407471e+00
 1.02143799e+01
 1.60457092e+01
 2.08818604e+01
 2.62709595e+01
 2.53115479e+01
 1.99489685e+01
 9.39290771e+00
 6.23442993e+00
 -1.72812500e+00
 2.24138794e+00
 6.25728760e+00
 8.24065552e+00
 1.05241333e+01
 1.41692444e+01
 1.97835327e+01
 2.49965149e+01
 2.43746582e+01
 2.09249817e+01
 1.22349487e+01
 6.77880249e+00
 1.57027588e+00
 1.35103760e+00
 4.65480957e+00
 7.07640991e+00
 1.03142029e+01
 1.41663757e+01
 1.90257202e+01
 2.10744568e+01
 2.27916504e+01
 1.87276245e+01
 1.10257813e+01
 7.66735229e+00
 3.78154907e+00
 -5.73181152e-02
 5.06020508e+00
 7.05227051e+00
 1.12038818e+01
 1.51230713e+01
 2.15561157e+01
 2.77315002e+01
 2.53903442e+01
 1.93920532e+01
 1.31297241e+01
 7.78865967e+00
 2.25515137e+00
 1.80291138e+00
 4.96575928e-01
 7.03542480e+00
 1.27073914e+01
 1.54240051e+01
 2.11966797e+01
 2.26798645e+01
 2.19694458e+01
 1.83751160e+01
 1.50037781e+01
 2.89312134e+00
 1.82631836e+00
 -5.01135254e-01
 -1.62631836e+00
 3.76162109e+00
 5.81646118e+00
 1.32781006e+01
 1.78438354e+01
 2.42346436e+01
 2.16840759e+01
 1.60648438e+01
 1.16947876e+01
 4.18355713e+00
 3.60885010e+00
 -2.97373047e+00
 4.06166992e+00
 6.15120850e+00
 1.04787842e+01
 1.33766113e+01
 1.94027039e+01
 2.51103760e+01
 2.42135864e+01
 1.77871338e+01
 1.45978943e+01
 4.09108887e+00
 -4.25873413e+00
 -2.61798706e+00
 8.92999268e-01
 5.72228394e+00
 9.97680054e+00
 1.65882507e+01
 2.10330139e+01
 2.74420715e+01
 2.43210388e+01
 1.81140381e+01
 1.28776184e+01
 8.79003296e+00
 6.76412354e+00
 3.00325928e+00
 1.79354248e+00
 5.67330322e+00
 7.33281860e+00
 1.22323242e+01
 1.74215332e+01
 2.17860657e+01
 2.15035950e+01
 1.69124390e+01
 1.12440125e+01
 5.82650146e+00
 1.10399780e+00
 2.85338745e+00
 4.24669800e+00
 5.76879272e+00
 8.49208984e+00
 1.38673340e+01
 2.13435303e+01
 2.07956787e+01
 2.48949829e+01
 1.75958496e+01
 1.25560852e+01
 7.49328003e+00
 -2.55780640e+00
 -1.91687622e+00
 2.86995850e+00
 8.04900513e+00
 1.26604858e+01
 1.46007324e+01
 1.97397095e+01
 2.10172363e+01
 2.27302490e+01
 2.00735718e+01
 1.23436523e+01
 8.29451904e+00
 2.73824463e+00
 3.54546509e+00
 3.71926270e+00
 6.31267700e+00
 9.67684326e+00
 1.29875732e+01
 2.03101135e+01
 2.45668274e+01
 2.38564392e+01
 1.86750427e+01
 1.36640869e+01
 6.58812866e+00
 5.15557861e-01
 2.52126465e+00
 3.71029053e+00
 1.64702759e+00
 8.74807129e+00
 1.45040222e+01
 2.02402893e+01
 2.19474731e+01
 2.32463928e+01
 2.11236206e+01
 1.01450439e+01
 7.19255981e+00
 6.03902588e+00
 -2.65961304e+00
 2.16628418e+00
 5.92202148e+00
 9.73772583e+00
 1.41377197e+01
 1.78492371e+01
 2.12821899e+01
 2.11773621e+01
 1.43333679e+01
 1.13896729e+01
 5.60796509e+00
 4.54515991e+00
 5.75067139e-01
 2.10238037e+00
 5.54708252e+00
 1.16401917e+01
 1.31322571e+01
 1.73295837e+01
 2.07770630e+01
 2.16956116e+01
 1.66871887e+01
 1.04282776e+01
 6.63036499e+00
 5.21346436e+00
 3.40276489e+00
 3.03942261e+00
 5.30101929e+00
 1.08297058e+01
 1.50757996e+01
 1.89954773e+01
 2.35916077e+01
 2.50477234e+01
 1.91945740e+01
 1.49549500e+01
 4.16723022e+00
 3.02800903e+00
 3.18486938e+00
 3.37758789e+00
 5.35970459e+00
 8.86373291e+00
 1.55461975e+01
 2.04675232e+01
 2.49930969e+01
 2.31299072e+01
 1.85153442e+01
 1.24045654e+01
 4.09420166e+00
 2.79900513e+00
 1.90795288e+00
 -9.40307617e-02
 4.49852905e+00
 1.00216003e+01
 1.44459778e+01
 1.67269226e+01
 1.94959351e+01
 2.19447266e+01
 1.76699768e+01
 9.95757446e+00
 9.15133057e+00
 5.17916260e+00
 -1.24921265e+00
 2.25447998e+00
 6.60482178e+00
 9.44600830e+00
 1.28873230e+01
 1.81950012e+01
 2.31300598e+01
 2.35394836e+01
 1.72886292e+01
 1.31042419e+01
 8.38567505e+00
 3.94371948e+00
 -1.92319336e+00
 3.61028442e+00
 6.49303589e+00
 8.99166260e+00
 1.33777100e+01
 1.75445496e+01
 1.98825317e+01
 2.40050903e+01
 1.93291260e+01
 9.85854492e+00
 6.88909302e+00
 9.06124268e+00
 -3.64554443e+00
 4.56262207e-01
 8.33037720e+00
 1.15075317e+01
 1.48122803e+01
 1.64486633e+01
 2.43250977e+01
 2.42847229e+01
 1.46458679e+01
 1.23704468e+01
 4.36843262e+00
 2.53869019e+00
 -1.79239502e+00
 -1.64908447e+00
 6.69149170e+00
 8.74242554e+00
 1.43348633e+01
 2.06064392e+01
 2.55410400e+01
 2.69033142e+01
 1.92960449e+01
 9.85762939e+00
 4.34301147e+00
 1.92095337e+00
 1.85402832e+00
 4.63613281e+00
 1.00289856e+01
 7.92263184e+00
 1.32451111e+01
 1.79327942e+01
 2.00187927e+01
 2.13471924e+01
 1.81316772e+01
 1.25507141e+01
 7.16509399e+00
 3.37175903e+00
 5.05748901e+00
 3.03930054e+00
 5.45571289e+00
 1.21946655e+01
 1.41992432e+01
 1.78914429e+01
 2.03747498e+01
 2.11693359e+01
 1.70835510e+01
 1.27126709e+01
 6.24825439e+00
 3.21260986e+00
 3.94252930e+00
 5.00740967e+00
 4.57103882e+00
 8.80913696e+00
 1.46951843e+01
 1.99375244e+01
 2.23901611e+01
 2.51724792e+01
 2.09205566e+01
 1.29367615e+01
 4.43663940e+00
 4.04024658e+00
 2.49746094e+00
 4.07924805e+00
 8.32106934e+00
 1.31738220e+01
 1.75723816e+01
 2.63334290e+01
 2.27210022e+01
 2.05659729e+01
 2.09963013e+01
 1.46886230e+01
 4.70064697e+00
 4.85448608e+00
 4.16008911e+00
 3.80907593e+00
 4.85177002e+00
 8.89260254e+00
 1.40168701e+01
 1.84170776e+01
 2.23569885e+01
 2.16802307e+01
 1.73409668e+01
 1.38197571e+01
 5.62185059e+00
 6.51735840e+00
 -2.67972412e+00
 -1.20700684e+00
 4.74886475e+00
 7.90624390e+00
 1.51838928e+01
 1.82547852e+01
 2.60876099e+01
 2.21241394e+01
 1.89568115e+01
 1.06370789e+01
 6.29836426e+00
 4.98284912e-01
 -2.67642822e+00
 -2.31442871e+00
 -1.97241821e+00
 1.31693970e+01
 1.28372131e+01
 1.98568970e+01
 2.20606018e+01
 2.26691528e+01
 1.96753174e+01
 1.15624023e+01
 3.24416504e+00
 6.96804199e+00
 4.99532471e+00
 4.36153564e+00
 7.87957153e+00
 1.08128296e+01
 1.72236572e+01
 2.19361206e+01
 2.64423462e+01
 2.53510071e+01
 1.66029602e+01
 1.39677063e+01
 7.45592651e+00
 1.82338867e+00
 3.55938110e+00
 6.09206543e+00
 6.76131592e+00
 1.02775513e+01
 1.61459290e+01
 2.46489502e+01
 2.60915771e+01
 2.65684753e+01
 1.87043091e+01
 7.94225464e+00
 5.13048706e+00
 2.45919189e+00
 -4.95855713e-01
 -6.52868652e-01
 6.13405762e+00
 8.85003052e+00
 1.62091919e+01
 1.97457825e+01
 2.54588257e+01
 2.38327576e+01
 1.87590881e+01
 1.39358765e+01
 2.62874756e+00
 4.65389404e+00
 4.17373047e+00
 3.36589966e+00
 3.81246338e+00
 9.93264160e+00
 1.62059875e+01
 2.38088318e+01
 2.59717651e+01
 2.49738403e+01
 1.97474304e+01
 1.51396118e+01
 9.35613403e+00
 6.07543945e-02
 -3.07409668e-01
 1.94240723e+00
 4.03243408e+00
 1.08270813e+01
 1.63649536e+01
 1.74913574e+01
 2.03255859e+01
 2.59185425e+01
 1.89988647e+01
 8.39833984e+00
 9.39895020e+00
 4.12301025e+00
 4.03252563e+00
 5.74456177e+00
 8.10637817e+00
 1.05204407e+01
 1.54161316e+01
 2.04692017e+01
 2.52107483e+01
 2.24851318e+01
 1.57425171e+01
 9.52874146e+00
 7.59172974e+00
 3.65795288e+00
 -1.07767334e+00
 7.76611328e-02
 3.74581299e+00
 8.09349976e+00
 1.43898560e+01
 1.77420898e+01
 2.27487427e+01
 2.43911987e+01
 1.78153320e+01
 1.17397095e+01
 7.43300781e+00
 -3.43359375e-01
 -9.74371338e-01
 1.59371338e+00
 6.88796387e+00
 1.24048401e+01
 1.48849121e+01
 2.19872681e+01
 2.90334717e+01
 2.51156860e+01
 2.04897400e+01
 1.10955444e+01
 5.11638794e+00
 8.44537354e-01
 1.43163452e+00
 3.63918457e+00
 6.14733276e+00
 9.68325195e+00
 1.29261108e+01
 1.65228821e+01
 2.39276978e+01
 2.30054260e+01
 1.43249146e+01
 1.26775146e+01
 6.58187256e+00
 7.87569580e+00
 4.29100952e+00
 1.37459717e+00
 4.83699951e+00
 1.22602783e+01
 1.69735046e+01
 2.19292236e+01
 2.35315491e+01
 2.35807434e+01
 2.07832275e+01
 1.58836609e+01
 4.71553955e+00
 2.90902100e+00
 5.11437988e-01
 8.66799316e+00
 6.57171021e+00
 1.16749817e+01
 1.40418030e+01
 1.90511414e+01
 2.60052124e+01
 2.20633789e+01
 1.95205017e+01
 1.24017883e+01
 4.37883911e+00
 3.19625244e+00
 2.41970215e+00
 5.25774536e+00
 9.83138428e+00
 1.00626465e+01
 1.37183167e+01
 1.94164673e+01
 2.46811157e+01
 2.20131470e+01
 2.02548767e+01
 1.27213379e+01
 7.49285278e+00
 3.73067627e+00
 -2.93554687e-01
 7.18331299e+00
 5.46093140e+00
 1.09803711e+01
 1.44517456e+01
 2.01582275e+01
 2.73489319e+01
 2.49093262e+01
 2.03484131e+01
 1.08595215e+01
 5.22286377e+00
 2.34288940e+00
 7.75079346e-01
 6.44155273e+00
 8.65651855e+00
 1.13096558e+01
 1.29975830e+01
 2.21557556e+01
 2.36231628e+01
 2.21482483e+01
 1.98369080e+01
 9.27266846e+00
 8.47194824e+00
 3.19332275e+00
 -6.00153198e+00
 -2.73840332e-01
 6.33522949e+00
 1.47354370e+01
 1.66858154e+01
 1.92144104e+01
 2.51862427e+01
 2.36581360e+01
 1.72717834e+01
 1.64266602e+01
 6.53634033e+00
 1.53301392e+00
 3.05944214e+00
 3.63823853e+00
 7.09954224e+00
 1.18504272e+01
 1.35744568e+01
 1.86297852e+01
 2.22358643e+01
 2.24836365e+01
 1.64304749e+01
 1.40071045e+01
 7.55153809e+00
 3.26836548e+00
 4.95882568e+00
 5.39583740e+00
 6.89733276e+00
 9.30465088e+00
 1.66237122e+01
 1.99281250e+01
 2.38859802e+01
 2.43718201e+01
 1.57724243e+01
 8.76711426e+00
 7.39974365e+00
 4.21236572e+00
 1.33081055e-01
 4.39431152e+00
 6.01772461e+00
 1.22701050e+01
 1.24418884e+01
 1.84576355e+01
 2.52660156e+01
 2.44214722e+01
 1.68508240e+01
 1.29547974e+01
 8.32781372e+00
 3.43184814e+00
 2.68651733e+00
 4.43062744e+00
 5.11473999e+00
 1.16889587e+01
 1.56182800e+01
 2.39212891e+01
 2.33922668e+01
 2.78385559e+01
 2.12666565e+01
 1.48331543e+01
 1.06855103e+01
 5.85717163e+00
 -2.07816162e+00
 -1.90439453e+00
 5.86492310e+00
 1.17858215e+01
 1.40337158e+01
 1.82798096e+01
 2.20917603e+01
 2.43262573e+01
 2.01671082e+01
 1.41583801e+01
 1.05996948e+01
 3.90804443e+00
 6.13005981e+00
 3.76339111e+00
 9.14476929e+00
 1.35817200e+01
 1.62692810e+01
 2.19280334e+01
 2.49046570e+01
 2.43639771e+01
 2.07853638e+01
 9.87465820e+00
 4.27709351e+00
 -5.94488525e-01
 -5.27502441e-01
 5.60479126e+00
 1.06563049e+01
 1.03369995e+01
 1.62555786e+01
 2.29027649e+01
 2.74743591e+01
 2.24713379e+01
 2.11766907e+01
 1.67187134e+01
 8.89348755e+00
 4.39006958e+00
 4.17183838e+00
 4.33834229e+00
 8.56575928e+00
 1.09453674e+01
 1.35938354e+01
 2.03207947e+01
 2.25848633e+01
 2.70320068e+01
 1.78193298e+01
 1.37968689e+01
 7.24529419e+00
 2.63823853e+00
 2.43020020e+00
 2.61138306e+00
 4.70110474e+00
 1.34580627e+01
 1.55561768e+01
 2.13217102e+01
 2.01483704e+01
 2.06595398e+01
 1.60548340e+01
 1.01647583e+01
 7.44838867e+00
 2.72597656e+00
 -1.68900146e+00
 3.40697632e+00
 7.27166138e+00
 1.22166382e+01
 1.51936279e+01
 1.90469910e+01
 2.39746338e+01
 2.68876587e+01
 1.79506165e+01
 1.35150696e+01
 5.10515747e+00
 1.31060181e+00
 8.41882324e-01
 2.71413574e+00
 5.25011597e+00
 1.03557068e+01
 1.32639404e+01
 2.10369202e+01
 2.56305176e+01
 2.59849487e+01
 2.07576843e+01
 1.58704773e+01
 9.54592285e+00
 2.99398193e+00
 2.37685547e+00
 4.59591064e+00
 4.60448608e+00
 9.40862427e+00
 1.52286621e+01
 1.94280640e+01
 2.23939758e+01
 2.02918335e+01
 1.75278870e+01
 1.38872925e+01
 9.27117310e+00
 4.46767578e+00
 4.90944824e+00
 5.17952881e+00
 3.98262939e+00
 1.40649353e+01
 1.56123596e+01
 1.80292908e+01
 2.58326050e+01
 2.68174377e+01
 1.92468506e+01
 1.27774292e+01
 7.88833008e+00
 4.86132202e+00
 1.68126831e+00
 7.70424805e+00
 7.95650635e+00
 1.01019836e+01
 1.45100342e+01
 1.86000610e+01
 2.54719788e+01
 2.30053955e+01
 1.88255249e+01
 1.47230774e+01
 6.29686890e+00
 6.27703247e+00
 4.17278442e+00
 -6.28332520e-01
 9.64553223e+00
 9.55419312e+00
 1.65822998e+01
 2.11877686e+01
 2.06360413e+01
 2.01654602e+01
 1.37462402e+01
 1.22364746e+01
 8.06124268e+00
 -6.06756592e-01
 6.53253174e-01
 5.67458496e+00
 7.58184204e+00
 1.11082092e+01
 1.53787170e+01
 2.08720947e+01
 2.53715454e+01
 2.71143738e+01
 1.91362244e+01
 1.43260742e+01
 7.46941528e+00
 2.59176025e+00
 4.98726807e+00
 4.60765991e+00
 7.81725464e+00
 9.09493408e+00
 1.37593628e+01
 2.12354980e+01
 2.28734680e+01
 2.34553162e+01
 1.74848877e+01
 1.46023193e+01
 6.68792114e+00
 3.40953979e+00
 1.96218262e+00
 4.25533447e+00
 8.37981567e+00
 9.82415161e+00
 1.49788452e+01
 2.33485657e+01
 2.60871521e+01
 2.28168274e+01
 1.60218445e+01
 9.90133057e+00
 6.15374146e+00
 1.76802979e+00
 2.99044189e+00
 3.43917236e+00
 1.00399719e+01
 1.25471741e+01
 1.52101990e+01
 2.31334167e+01
 2.26623779e+01
 2.42438904e+01
 1.85405823e+01
 1.27784058e+01
 5.07222900e+00
 7.45137939e+00
 -1.76047363e+00
 5.24004517e+00
 8.00710449e+00
 9.13018188e+00
 1.44753052e+01
 1.98085571e+01
 2.27078186e+01
 2.80935608e+01
 1.85945679e+01
 1.14576660e+01
 9.39388428e+00
 6.35418091e+00
 3.98674927e+00
 4.64495239e+00
 8.82540283e+00
 1.16391235e+01
 1.55650269e+01
 2.23154846e+01
 2.57759949e+01
 2.62119080e+01
 1.82685181e+01
 1.00018555e+01
 6.15618286e+00
 6.22463379e+00
 6.00158081e+00
 5.54848633e+00
 7.72359619e+00
 1.09500061e+01
 1.45418335e+01
 2.32639709e+01
 2.73915039e+01
 2.57970215e+01
 1.88366028e+01
 1.18665405e+01
 7.66982422e+00
 3.34887085e+00
 3.32906494e+00
 5.93575439e+00
 8.75985107e+00
 1.06134277e+01
 1.62104431e+01
 2.28890930e+01
 2.50115295e+01
 2.74975830e+01
 1.75229736e+01
 1.49187561e+01
 8.54598389e+00
 1.39925537e+00
 2.84081421e+00
 6.91216431e+00
 8.77443848e+00
 1.15941406e+01
 1.62903381e+01
 2.14146973e+01
 2.78557678e+01
 2.49379822e+01
 2.04901978e+01
 1.40937744e+01
 1.17819153e+01
 5.86693726e+00
 5.05812988e+00
 4.98958740e+00
 1.10154358e+01
 1.04409119e+01
 1.58239380e+01
 2.05262390e+01
 2.74117676e+01
 2.51141602e+01
 2.13685852e+01
 1.37214905e+01
 7.65795288e+00
 4.14971313e+00
 4.37090454e+00
 6.32695923e+00
 7.63768921e+00
 1.26868835e+01
 1.64792725e+01
 1.96328369e+01
 2.18451782e+01
 2.23392578e+01
 1.86199890e+01
 1.70307556e+01
 6.93609009e+00
 3.84758911e+00
 4.06615601e+00
 5.05733643e+00
 5.26680908e+00
 1.01347900e+01
 1.45265442e+01
 2.00488831e+01
 2.46594177e+01
 2.65035034e+01
 1.82064148e+01
 1.51626221e+01
 7.66698608e+00
 7.01992188e+00
 7.70537720e+00
 1.81389771e+00
 5.97359619e+00
 9.53981934e+00
 1.55636230e+01
 1.96452271e+01
 2.58707214e+01
 2.56684509e+01
 1.80079285e+01
 1.19144836e+01
 7.81228027e+00
 5.04335938e+00
 4.81072388e+00
 6.74651489e+00
 6.01522217e+00
 1.10975891e+01
 1.58671509e+01
 2.20200439e+01
 2.52744080e+01
 2.44390503e+01
 2.13864075e+01
 1.68597046e+01
 9.27703247e+00
 7.96132813e+00
 7.89583740e+00
 5.95812378e+00
 8.37291870e+00
 1.06278931e+01
 1.61864563e+01
 1.80751282e+01
 2.42049194e+01
 2.46278625e+01
 2.08768250e+01
 1.48335815e+01
 1.02293030e+01
 5.60848389e+00
 4.50618896e+00
 6.87862549e+00
 8.92266235e+00
 1.57711731e+01
 1.77159058e+01
 1.97161194e+01
 2.74838501e+01
 2.09139954e+01
 1.96097961e+01
 1.58179260e+01
 8.23510132e+00
 5.19048462e+00
 3.32879028e+00
 5.42305908e+00
 9.49813232e+00
 1.07448669e+01
 1.60559021e+01
 2.23671814e+01
 3.03268372e+01
 2.70517822e+01
 2.10222107e+01
 1.13908936e+01
 8.19167480e+00
 4.66259155e+00
 3.15987549e+00
 6.60964355e+00
 1.04690491e+01
 1.31057068e+01
 1.34780518e+01
 1.96763550e+01
 2.51780640e+01
 2.50571228e+01
 2.41937500e+01
 1.53239685e+01
 6.53423462e+00
 2.49874268e+00
 1.74666748e+00
 8.80730591e+00
 8.45064697e+00
 1.35894714e+01
 1.67740417e+01
 1.94643494e+01
 2.60064026e+01
 2.56459595e+01
 2.00440308e+01
 1.37145325e+01
 8.28023682e+00
 4.86214600e+00
 -2.89251709e-01
 5.06569824e+00
 1.10422302e+01
 1.39078308e+01
 1.57098328e+01
 2.34698120e+01
 2.60776611e+01
 2.76693970e+01
 2.34159790e+01
 1.44721619e+01
 8.72182617e+00
 1.62102661e+00
 4.06051025e+00
 4.01055298e+00
 8.45195923e+00
 1.22017151e+01
 1.81464783e+01
 2.29739014e+01
 2.59545532e+01
 2.44004456e+01
 2.20588318e+01
 1.19336792e+01
 7.46172485e+00
 6.07052002e+00
 2.20211182e+00
 3.45705566e+00
 9.42754517e+00
 1.08322083e+01
 1.49499756e+01
 2.42800232e+01
 2.60093323e+01
 2.51579529e+01
 1.93546387e+01
 1.26700378e+01
 1.06486755e+01
 4.84014282e+00
