 1.81841431e+00
 -5.25885010e-01
 3.32147217e-01
 5.30654297e+00
 1.01040283e+01
 1.40276428e+01
 1.88830811e+01
 1.80144592e+01
 1.60411316e+01
 7.72530518e+00
 3.02114258e+00
 1.59368286e+00
 -3.44571533e+00
 3.93181763e+00
 5.09304199e+00
 6.77764282e+00
 1.06593567e+01
 1.50931030e+01
 1.62331787e+01
 1.40486694e+01
 1.31681152e+01
 1.28372742e+01
 7.44313965e+00
 -2.87811890e+00
 -2.59436035e-01
 1.36992798e+00
 3.01833496e+00
 6.64095459e+00
 9.42736206e+00
 1.45592590e+01
 1.90396057e+01
 1.73079773e+01
 1.38768555e+01
 8.59038696e+00
 5.78548584e+00
 2.31923828e+00
 -5.66229248e-01
 1.29946289e+00
 2.88189087e+00
 7.18895874e+00
 1.09078003e+01
 1.74096008e+01
 1.58347107e+01
 1.72406860e+01
 1.40177246e+01
 8.90529785e+00
 2.14019165e+00
 -2.64667358e+00
 -3.25205078e+00
 -3.84281006e+00
 2.71932373e+00
 7.71016846e+00
 1.03978210e+01
 1.31216675e+01
 1.83152100e+01
 1.73921143e+01
 1.66217896e+01
 6.52672729e+00
 3.41155396e+00
 8.40447998e-01
 -4.68686523e+00
 1.82732544e+00
 6.10900879e-02
 7.51366577e+00
 1.31007629e+01
 1.32966858e+01
 1.58597961e+01
 1.52829834e+01
 1.25704285e+01
 6.16936646e+00
 2.29299316e+00
 3.85759888e+00
 -2.36307373e+00
 -5.41693115e-01
 3.23699341e+00
 5.59404907e+00
 9.91835938e+00
 1.30790955e+01
 1.69436279e+01
 1.55817200e+01
 9.76717529e+00
 8.65862427e+00
 7.63460693e+00
 -4.49185791e+00
 -1.22867432e+00
 -5.61301270e+00
 -9.20782471e-01
 6.83690796e+00
 1.57610718e+01
 1.50830322e+01
 1.90216309e+01
 1.72432495e+01
 1.30216003e+01
 8.51326904e+00
 6.51400146e+00
 1.46596680e+00
 3.23864136e+00
 -3.54334106e+00
 1.46547852e+00
 6.02044067e+00
 1.37616211e+01
 1.75455261e+01
 1.83034912e+01
 1.90214172e+01
 1.36795288e+01
 9.84334717e+00
 7.09288940e+00
 1.56640015e+00
 -3.07248535e+00
 2.27434692e+00
 2.91439209e+00
 7.00756226e+00
 9.48415527e+00
 1.52643066e+01
 1.73223816e+01
 1.76314026e+01
 1.47941833e+01
 8.26665649e+00
 8.06383667e+00
 4.31810913e+00
 1.95003662e+00
 4.74664307e-01
 3.27523193e+00
 6.44710693e+00
 1.02882629e+01
 1.51929871e+01
 1.60291382e+01
 1.82120300e+01
 1.64909302e+01
 8.07256470e+00
 1.12246094e+00
 6.71563721e-01
 2.61621094e-01
 -2.91040649e+00
 3.35619507e+00
 7.07439575e+00
 1.13248230e+01
 1.43177429e+01
 1.67746216e+01
 1.48816772e+01
 1.36198975e+01
 1.23291870e+01
 2.84374390e+00
 4.53545532e+00
 3.06755981e+00
 2.20357666e+00
 4.34893188e+00
 6.83541260e+00
 9.40624390e+00
 1.23521973e+01
 1.57119385e+01
 1.88767029e+01
 1.37008606e+01
 9.17580566e+00
 1.86761475e-01
 3.54628906e+00
 -3.83643188e+00
 1.09407959e+00
 3.05938110e+00
 6.31334839e+00
 1.10548035e+01
 1.41614929e+01
 1.56870667e+01
 1.72744385e+01
 1.33983704e+01
 9.52199707e+00
 3.32760010e+00
 -2.14270020e-01
 1.04009399e+00
 -3.24524536e+00
 2.70848999e+00
 7.32689819e+00
 1.04463440e+01
 1.34355103e+01
 1.82158752e+01
 1.65790649e+01
 1.55941406e+01
 9.94036255e+00
 2.85067139e+00
 1.96309814e+00
 -1.21759644e+00
 1.06456909e+00
 4.16994629e+00
 5.79985962e+00
 1.01030823e+01
 1.54840942e+01
 1.86554810e+01
 1.74050537e+01
 1.51911560e+01
 1.14362427e+01
 3.61663208e+00
 4.09090576e+00
 -5.03000488e+00
 1.09038696e+00
 5.05437622e+00
 9.08440552e+00
 1.06085449e+01
 1.73568970e+01
 1.76273132e+01
 1.61404968e+01
 1.25650879e+01
 7.06304321e+00
 5.28466187e+00
 3.30621338e-01
 4.13537598e-01
 -1.28330078e+00
 1.79119263e+00
 6.55123291e+00
 1.10377441e+01
 1.36167236e+01
 1.90130249e+01
 1.53755127e+01
 1.62912842e+01
 1.33955627e+01
 2.67995605e+00
 2.64748535e+00
 -1.62756958e+00
 2.68880615e+00
 5.69277344e+00
 5.94368896e+00
 1.07640320e+01
 1.51873718e+01
 1.49138123e+01
 1.47987915e+01
 1.03589417e+01
 8.54088745e+00
 6.80809937e+00
 2.56435547e+00
 -1.24588623e+00
 -3.21851196e+00
 2.93306885e+00
 6.36934814e+00
 9.46608887e+00
 1.39778992e+01
 1.58139893e+01
 1.74148804e+01
 1.45514465e+01
 9.96187744e+00
 3.78414307e+00
 3.75081787e+00
 5.64294434e-01
 4.88854980e-01
 1.54815063e+00
 5.42714844e+00
 1.00478455e+01
 1.61960693e+01
 1.72502380e+01
 1.45927979e+01
 1.34594360e+01
 9.12633667e+00
 3.18090210e+00
 -2.18664551e-01
 2.86733398e+00
 5.99609375e-02
 2.26763306e+00
 9.46196899e+00
 1.09681030e+01
 1.55307556e+01
 1.72196594e+01
 1.70218140e+01
 1.07109924e+01
 7.17620239e+00
 1.98296509e+00
 -5.61895752e-01
 2.38234863e+00
 -9.18188477e-01
 1.53939209e+00
 7.01040039e+00
 1.20171753e+01
 1.34312073e+01
 1.78471313e+01
 1.65049377e+01
 1.30695129e+01
 7.12215576e+00
 5.33226929e+00
 -6.29888916e-01
 -9.73913574e-01
 1.06643066e+00
 2.70470581e+00
 5.78511963e+00
 1.09405457e+01
 1.46649414e+01
 1.59608704e+01
 1.84494568e+01
 1.24636780e+01
 1.13343445e+01
 7.39455566e+00
 2.73665771e+00
 5.28503418e-02
 1.44094238e+00
 4.14440308e+00
 5.65343628e+00
 1.05696960e+01
 1.86600586e+01
 1.65532166e+01
 1.70211121e+01
 1.22849060e+01
 8.58406982e+00
 9.76739502e-01
 1.00826416e+00
 1.03823242e+00
 8.14202881e-01
 4.71737061e+00
 6.34490356e+00
 9.46376953e+00
 1.32831970e+01
 1.73300415e+01
 1.57859741e+01
 1.31765686e+01
 7.57793579e+00
 2.46798096e+00
 -1.16129150e+00
 -1.36081543e+00
 -5.83166504e-01
 2.07427368e+00
 7.36296997e+00
 1.03261658e+01
 1.47455994e+01
 1.50147034e+01
 1.51540161e+01
 1.11537109e+01
 1.22531067e+01
 1.57653198e+00
 2.68486938e+00
 1.85186157e+00
 2.66497192e+00
 4.96419678e+00
 8.62926636e+00
 1.24282776e+01
 1.66756226e+01
 1.52284485e+01
 1.58240601e+01
 1.39092957e+01
 6.82738647e+00
 6.46898804e+00
 3.51439819e+00
 -2.72497559e-01
 8.64526367e-01
 4.44344482e+00
 7.96038208e+00
 1.19140259e+01
 1.41884399e+01
 1.85526062e+01
 1.53720642e+01
 1.39486328e+01
 9.70092163e+00
 7.88436279e+00
 4.87908936e-01
 -6.52044678e-01
 4.16393433e+00
 6.12517700e+00
 1.01658569e+01
 1.31076904e+01
 1.79989868e+01
 1.96748596e+01
 1.95325867e+01
 1.68003174e+01
 8.20903931e+00
 3.04302368e+00
 3.47124634e+00
 -2.33893433e+00
 -2.39563599e+00
 4.10808716e+00
 9.41060791e+00
 1.06755310e+01
 1.72287231e+01
 1.81434875e+01
 1.72691895e+01
 1.12220398e+01
 1.02589355e+01
 6.09102783e+00
 4.75600586e+00
 1.65712891e+00
 -7.79174805e-02
 2.40655518e-01
 8.98198853e+00
 9.98525391e+00
 1.47332703e+01
 1.73844543e+01
 1.56411072e+01
 1.20874573e+01
 9.36199341e+00
 3.28225098e+00
 2.00625000e+00
 1.25726318e-01
 4.11303101e+00
 4.39772949e+00
 7.27163086e+00
 1.28163696e+01
 1.79075867e+01
 1.75386292e+01
 1.49872986e+01
 1.09706055e+01
 8.96334229e+00
 8.38890991e+00
 2.41066895e+00
 4.36675415e+00
 1.92427979e+00
 3.39510498e+00
 7.05941162e+00
 1.18662964e+01
 1.43852783e+01
 1.89672485e+01
 1.72986694e+01
 1.41234985e+01
 7.48980103e+00
 1.35695801e+00
 -1.82712402e+00
 -5.26563110e+00
 -7.49439087e+00
 9.48083496e-01
 7.98275146e+00
 1.09545227e+01
 1.46185547e+01
 1.76511475e+01
 1.73491455e+01
 1.57238098e+01
 7.01043091e+00
 3.17888794e+00
 -5.23706665e+00
 -3.70139160e+00
 2.38195190e+00
 4.38945923e+00
 7.27437744e+00
 1.41877991e+01
 1.81161743e+01
 2.11643616e+01
 1.54715515e+01
 1.50015503e+01
 9.88140259e+00
 6.53606567e+00
 3.34319458e+00
 -2.27881470e+00
 -4.64783325e+00
 -9.37902832e-01
 8.89071045e+00
 1.17189880e+01
 1.45108887e+01
 1.90600525e+01
 2.01978088e+01
 1.70569397e+01
 8.77422485e+00
 4.93312988e+00
 1.08345947e+00
 -1.78015747e+00
 -1.36615601e+00
 6.37182007e+00
 5.75924072e+00
 1.32381226e+01
 1.63924500e+01
 1.74459778e+01
 1.78842407e+01
 1.41101929e+01
 7.09514771e+00
 -2.61596680e-02
 4.90010986e+00
 1.46587524e+00
 5.95513916e-01
 4.83315430e+00
 8.53392944e+00
 8.98851929e+00
 1.57864624e+01
 1.62709595e+01
 1.54685913e+01
 1.39597717e+01
 8.61770020e+00
 2.02880249e+00
 -1.45062866e+00
 9.30657959e-01
 -3.51776733e+00
 -2.82486572e+00
 6.84417114e+00
 1.10003296e+01
 1.27740417e+01
 1.64615723e+01
 1.64076172e+01
 1.47582031e+01
 9.36898193e+00
 5.41661987e+00
 5.56573486e-01
 -5.84204102e-01
 3.91405640e+00
 3.49987183e+00
 7.64669189e+00
 1.12512756e+01
 1.65768066e+01
 2.04614502e+01
 2.04670959e+01
 1.42962585e+01
 6.48021851e+00
 5.03981934e+00
 2.87927246e-01
 5.51416016e-01
 -1.70862427e+00
 3.21578369e+00
 6.81179199e+00
 1.38414856e+01
 1.44711548e+01
 1.91037231e+01
 1.51028992e+01
 1.49978271e+01
 1.21437622e+01
 3.05004272e+00
 3.36666260e+00
 -1.64118042e+00
 -4.04333496e-01
 4.31560669e+00
 8.98690186e+00
 1.38601929e+01
 1.55241638e+01
 1.78222595e+01
 1.68412109e+01
 1.67584778e+01
 5.36663208e+00
 6.63744507e+00
 1.50908813e+00
 -5.53228760e-01
 1.84716797e-01
 1.98723755e+00
 5.10662231e+00
 1.16138855e+01
 1.50841309e+01
 1.65558716e+01
 1.68275391e+01
 1.37477356e+01
 8.58632813e+00
 4.97442017e+00
 3.42159424e+00
 -2.30188599e+00
 -1.84589233e+00
 5.72595215e-01
 8.69103394e+00
 1.16834351e+01
 1.61584717e+01
 1.88548218e+01
 2.00562378e+01
 1.42738281e+01
 9.28499756e+00
 -8.60296631e-01
 -1.98422852e+00
 1.72222290e+00
 1.44545898e+00
 7.43715820e+00
 9.35082397e+00
 1.35620361e+01
 1.65029236e+01
 1.69437500e+01
 1.87335144e+01
 1.46999146e+01
 1.13175598e+01
 4.76726685e+00
 -7.41766357e-01
 1.56368408e+00
 6.27916870e+00
 2.45357666e+00
 5.47515259e+00
 1.18222595e+01
 1.43392883e+01
 1.63801208e+01
 1.62273499e+01
 1.17891174e+01
 9.82787476e+00
 3.79046021e+00
 6.40740967e-01
 4.75335693e-01
 3.49965820e+00
 6.60338745e+00
 7.33080444e+00
 8.86617432e+00
 1.24501282e+01
 1.71293884e+01
 1.63203979e+01
 1.10825439e+01
 9.05956421e+00
 4.69997559e+00
 1.02593384e+00
 -9.60089111e-01
 1.30547485e+00
 2.27150879e+00
 7.37923584e+00
 9.98970947e+00
 1.49528748e+01
 1.55069824e+01
 1.74123779e+01
 1.39704529e+01
 1.06527954e+01
 4.66237793e+00
 2.51296387e+00
 6.78216553e-01
 -3.72687378e+00
 2.27138672e+00
 7.26098022e+00
 1.30443359e+01
 1.48121582e+01
 1.74975830e+01
 1.90323120e+01
 1.42510010e+01
 7.24941406e+00
 4.30678711e+00
 3.39495239e+00
 -2.03613892e+00
 -9.05920410e-01
 -6.57476807e-01
 5.66011963e+00
 9.72615967e+00
 1.47814880e+01
 1.81325623e+01
 1.78414551e+01
 1.36091248e+01
 1.05776306e+01
 7.16808472e+00
 1.50557861e+00
 2.84490356e+00
 3.16454468e+00
 4.44512329e+00
 6.15325317e+00
 1.03647095e+01
 1.57354675e+01
 2.01039063e+01
 1.70082642e+01
 1.59007202e+01
 1.31027161e+01
 1.27132568e+00
 3.59017334e+00
 -6.07156982e+00
 2.77224121e+00
 3.35686646e+00
 6.63594971e+00
 1.13090149e+01
 1.43602844e+01
 1.62976929e+01
 1.57301880e+01
 1.53388000e+01
 8.96785889e+00
 7.15526733e+00
 -5.35559082e-01
 -3.44125977e+00
 2.00189209e-01
 5.80895386e+00
 7.11480103e+00
 1.12323242e+01
 1.85492493e+01
 1.69459473e+01
 1.66418396e+01
 1.41854492e+01
 9.80007324e+00
 3.47716675e+00
 4.05239258e+00
 5.02252197e-01
 3.72835693e+00
 1.99102173e+00
 6.99111328e+00
 1.40177551e+01
 1.71812683e+01
 1.66834656e+01
 1.61027161e+01
 1.41633240e+01
 8.70095215e+00
 6.32018433e+00
 -9.85723877e-01
 4.34320068e-01
 -2.01853027e+00
 4.51204834e+00
 6.34343872e+00
 1.18911377e+01
 1.69326111e+01
 1.54157349e+01
 1.68492371e+01
 1.30389343e+01
 1.00236450e+01
 5.43151245e+00
 -1.43201294e+00
 -5.80502930e+00
 -4.16159668e+00
 1.83254395e+00
 7.61229858e+00
 1.24636475e+01
 1.60721069e+01
 2.06957947e+01
 1.75026184e+01
 1.41945435e+01
 8.18679199e+00
 6.30745850e+00
 -8.15893555e-01
 -2.21561279e+00
 1.19362793e+00
 4.38131104e+00
 6.72814331e+00
 1.12108093e+01
 1.59836670e+01
 1.99900452e+01
 1.53747498e+01
 1.45444580e+01
 5.01830444e+00
 5.24782715e+00
 2.77239380e+00
 4.71096191e+00
 4.95935059e-01
 3.02916870e+00
 7.23174438e+00
 1.25987488e+01
 1.75788208e+01
 1.77817932e+01
 1.75459229e+01
 1.40836731e+01
 6.30294189e+00
 5.91613159e+00
 7.64916992e-01
 5.06148682e+00
 3.71648560e+00
 5.87923584e+00
 7.78359375e+00
 1.37767578e+01
 1.67363220e+01
 1.91845947e+01
 2.03840576e+01
 1.66932617e+01
 1.22982727e+01
 6.23119507e+00
 3.74566040e+00
 -1.19544067e+00
 1.79729614e+00
 5.11834106e+00
 7.50921021e+00
 1.18018127e+01
 1.67135559e+01
 2.33714233e+01
 2.05515381e+01
 1.74712463e+01
 1.27687317e+01
 3.37719116e+00
 1.81530151e+00
 2.07854614e+00
 1.38045654e+00
 1.30697021e+00
 8.20852051e+00
 9.64675293e+00
 1.44759460e+01
 1.76075378e+01
 1.75497375e+01
 1.47209106e+01
 9.84310303e+00
 6.44124756e+00
 -4.09301758e-02
 7.36077881e-01
 4.00997314e+00
 3.17479858e+00
 8.25182495e+00
 1.06332031e+01
 1.62025391e+01
 2.09238831e+01
 1.73546997e+01
 1.69823547e+01
 9.90398560e+00
 6.40405273e-01
 5.15392456e+00
 1.86153564e+00
 2.92077637e-01
 3.95302734e+00
 9.18883667e+00
 1.19161621e+01
 1.72472778e+01
 1.88311096e+01
 2.09437500e+01
 1.59374329e+01
 1.09854065e+01
 4.15044556e+00
 5.80834961e-01
 5.34906006e-01
 1.88228760e+00
 -6.70111084e-01
 7.42839966e+00
 1.09771973e+01
 1.73736206e+01
 1.52817932e+01
 1.56767517e+01
 9.94860229e+00
 1.15215393e+01
 4.12832031e+00
 2.68520508e+00
 3.48088989e+00
 2.05803833e+00
 5.16707764e+00
 6.74691162e+00
 1.16118103e+01
 1.76905457e+01
 1.92232910e+01
 1.99133545e+01
 1.64024597e+01
 7.02333984e+00
 3.87828979e+00
 2.44579468e+00
 5.47329102e+00
 2.77712402e+00
 3.79470215e+00
 9.59649048e+00
 1.42545715e+01
 1.96617676e+01
 1.86769958e+01
 1.95461365e+01
 1.45635620e+01
 9.19436035e+00
 4.73287354e+00
 3.77462158e+00
 6.33966064e-01
 1.34383545e+00
 4.08269653e+00
 7.07616577e+00
 1.08196045e+01
 1.90396362e+01
 1.70427185e+01
 1.57595154e+01
 1.55146729e+01
 8.47445068e+00
 6.22258911e+00
 4.09468994e+00
 4.81439209e-01
 2.02941284e+00
 4.63540039e+00
 8.86022339e+00
 1.18694702e+01
 1.61130005e+01
 1.84967896e+01
 2.22376648e+01
 2.12572571e+01
 1.24686218e+01
 6.28997192e+00
 4.92537842e+00
 1.48723755e+00
 3.95900879e+00
 6.43001709e+00
 6.78240356e+00
 1.28315674e+01
 1.46367432e+01
 1.77838684e+01
 1.81303955e+01
 1.49765259e+01
 8.83553467e+00
 6.36290894e+00
 5.96154785e-01
 -5.96777344e-01
 3.27358398e+00
 2.02694092e+00
 9.94945679e+00
 1.21970154e+01
 1.76518799e+01
 1.92647034e+01
 1.86215454e+01
 1.34188171e+01
 7.22539673e+00
 5.49035034e+00
 3.31743774e+00
 9.69506836e-01
 2.73830566e+00
 6.02266846e+00
 6.79625854e+00
 1.40734192e+01
 2.02405640e+01
 2.10338989e+01
 2.01726624e+01
 1.37090698e+01
 8.87661133e+00
 5.40972290e+00
 1.94548950e+00
 3.02819214e+00
 1.51949463e+00
 3.49089966e+00
 8.48717651e+00
 1.39533325e+01
 1.70477234e+01
 1.91006409e+01
 1.80179077e+01
 1.20258728e+01
 1.04174744e+01
 3.22127686e+00
 -1.82642212e+00
 9.85833740e-01
 -6.11059570e-01
 3.20562134e+00
 6.34420166e+00
 1.28620239e+01
 1.78775574e+01
 2.21866699e+01
 1.92513367e+01
 1.59398132e+01
 8.65569458e+00
 6.31942139e+00
 1.60354004e+00
 1.30822144e+00
 1.10839233e+00
 3.03453979e+00
 6.78576050e+00
 1.09080444e+01
 1.50868774e+01
 1.87412964e+01
 1.86461731e+01
 1.35113770e+01
 1.14136902e+01
 4.05605469e+00
 2.88738403e+00
 1.60784302e+00
 5.44061279e-01
 2.08294067e+00
 7.96795044e+00
 1.10275208e+01
 1.44693848e+01
 1.76853577e+01
 2.13785034e+01
 1.76652771e+01
 6.20873413e+00
 2.93163452e+00
 1.87789307e+00
 -4.66680908e-01
 -1.65915527e+00
 3.38097534e+00
 9.43782959e+00
 1.28024536e+01
 1.79395691e+01
 1.72873779e+01
 1.96662231e+01
 1.59119507e+01
 8.98034058e+00
 3.61361084e+00
 4.33251343e+00
 4.06493530e+00
 -1.28485718e+00
 4.86846313e+00
 6.12505493e+00
 1.39828735e+01
 1.76386353e+01
 1.70924316e+01
 1.92162720e+01
 1.70075317e+01
 1.13351990e+01
 2.25585327e+00
 -2.19425049e+00
 2.37359619e-01
 2.29973755e+00
 6.13295898e+00
 6.06380615e+00
 9.31170044e+00
 1.96802917e+01
 1.80758301e+01
 1.85927368e+01
 1.35442139e+01
 1.02645813e+01
 5.22429810e+00
 4.30339966e+00
 2.39901123e+00
 2.23513184e+00
 7.40307007e+00
 9.23708496e+00
 1.19746643e+01
 1.78079163e+01
 2.24359680e+01
 1.93253113e+01
 1.49444824e+01
 1.17813049e+01
 7.16072998e+00
 1.17043457e+00
 2.20117188e-01
 2.63613281e+00
 2.82064209e+00
 8.62484131e+00
 1.07764526e+01
 1.44824768e+01
 1.79259583e+01
 1.82094360e+01
 1.17976929e+01
 1.17767883e+01
 6.40084229e+00
 2.97893677e+00
 -6.25189209e-01
 1.58239136e+00
 6.64586792e+00
 5.19634399e+00
 1.18207642e+01
 1.43383728e+01
 1.82578979e+01
 1.70475403e+01
 1.11342102e+01
 8.70980225e+00
 6.16860352e+00
 4.89949951e+00
 4.04894409e+00
 2.14251099e+00
 3.37239990e+00
 5.49569092e+00
 1.02705627e+01
 1.58449341e+01
 1.67110229e+01
 1.78413940e+01
 1.27717834e+01
 9.80132446e+00
 3.76717529e+00
 3.22011719e+00
 -2.95804443e+00
 3.58577881e+00
 5.38204346e+00
 6.46721802e+00
 1.15483337e+01
 1.53632141e+01
 1.76696716e+01
 1.89258972e+01
 1.55002686e+01
 9.38854370e+00
 2.67644653e+00
 3.40548096e+00
 7.73004150e-01
 -4.84824219e+00
 4.54619751e+00
 1.09411865e+01
 1.12678467e+01
 1.81234985e+01
 1.99664246e+01
 1.97348267e+01
 1.81836792e+01
 1.30279175e+01
 7.84948120e+00
 -8.75305176e-02
 2.29486084e-01
 2.60411987e+00
 2.82280884e+00
 8.95836792e+00
 1.16901184e+01
 1.52994629e+01
 1.84879395e+01
 2.01084839e+01
 1.39444519e+01
 8.76769409e+00
 5.14425049e+00
 2.80410156e+00
 2.08978271e-01
 2.45424805e+00
 5.19518433e+00
 6.73415527e+00
 1.24734741e+01
 1.95481201e+01
 2.15172058e+01
 2.12547546e+01
 1.41996704e+01
 8.61467896e+00
 1.24248657e+00
 1.51885376e+00
 2.80291138e+00
 1.88558350e+00
 4.77535400e+00
 1.04359985e+01
 1.63516479e+01
 2.21317993e+01
 2.00569092e+01
 1.91776367e+01
 1.50313660e+01
 1.25327698e+01
 5.15123901e+00
 2.92998657e+00
 -4.51083984e+00
 1.99218750e-02
 2.54232178e+00
 5.35457764e+00
 1.15359131e+01
 1.64736267e+01
 1.90746094e+01
 1.83712097e+01
 1.47574707e+01
 6.22023926e+00
 5.32903442e+00
 3.94399414e+00
 -2.90408936e+00
 3.67559204e+00
 3.26152954e+00
 1.05955750e+01
 1.29823242e+01
 1.82336670e+01
 1.78273254e+01
 2.11414429e+01
 1.44539429e+01
 7.41256104e+00
 6.35183105e+00
 5.86007080e+00
 1.45189819e+00
 1.43380127e+00
 2.65111694e+00
 7.87352905e+00
 1.10186401e+01
 1.51821228e+01
 1.87792297e+01
 2.03923279e+01
 1.50342041e+01
 1.06514221e+01
 4.25921021e+00
 5.55739746e+00
 -6.68460693e+00
 7.78497314e-01
 7.00936279e+00
 8.48940430e+00
 1.41690002e+01
 2.06802917e+01
 2.51984192e+01
 1.82053772e+01
 1.25672546e+01
 8.72243652e+00
 9.81356201e+00
 3.72088013e+00
 6.26278076e+00
 5.87707520e-02
 5.59017334e+00
 7.65319214e+00
 1.21813599e+01
 2.00674683e+01
 2.46162048e+01
 1.81071411e+01
 1.16083923e+01
 1.17205750e+01
 2.02550659e+00
 3.98317871e+00
 -2.02612305e-01
 2.64226685e+00
 5.77779541e+00
 4.66481934e+00
 1.14273010e+01
 1.58600708e+01
 1.80205322e+01
 1.86555725e+01
 1.31822449e+01
 1.01342102e+01
 6.23189697e+00
 7.95068359e-01
 3.72844849e+00
 2.69368896e+00
 3.23082886e+00
 7.08382568e+00
 1.25707031e+01
 1.60623718e+01
 2.07358337e+01
 1.92806641e+01
 1.36432434e+01
 1.46018005e+01
 1.00542542e+01
 5.40737305e+00
 2.99554443e-01
 1.30609131e-01
 4.52208862e+00
 7.11541138e+00
 1.16579224e+01
 1.50622192e+01
 1.65604187e+01
 1.79750916e+01
 1.34242493e+01
 8.16921387e+00
 5.69878540e+00
 3.02279053e+00
 5.47918091e+00
 3.06701050e+00
 5.64544067e+00
 6.02962646e+00
 1.12316833e+01
 1.95831238e+01
 1.86553894e+01
 2.00569092e+01
 1.64202515e+01
 8.62047729e+00
 1.41286621e+00
 4.40505371e+00
 3.94765625e+00
 -2.69113770e+00
 4.30159912e+00
 7.98424683e+00
 1.05563293e+01
 1.52412659e+01
 1.70456177e+01
 1.98373962e+01
 1.36657654e+01
 8.31820068e+00
 7.38152466e+00
 4.89507446e+00
 8.19116211e-01
 -2.49378052e+00
 3.17113647e+00
 8.71120605e+00
 1.27210022e+01
 2.04989258e+01
 1.88024231e+01
 1.70210510e+01
 1.48695313e+01
 9.24562988e+00
 7.47915039e+00
 3.33065186e+00
 -4.15747070e-01
 -2.15747681e+00
 9.62304688e-01
 6.47799072e+00
 1.18066956e+01
 1.53222290e+01
 1.68889709e+01
 1.79740540e+01
 1.45577942e+01
 7.34530029e+00
 2.29482422e+00
 1.13475952e+00
