 5.49211671e+01
 6.64503845e+01
 2.31541836e+00
 5.15614141e+01
 3.32792279e+00
 1.36536783e+01
 2.27122066e+00
 4.91299447e+00
 1.23089442e+01
 2.44200824e+01
 9.63046791e+01
 6.67364962e+01
 1.05819812e+02
 4.45392827e+01
 8.52441492e+01
 8.73302633e+00
 8.72456979e+00
 1.78682115e+01
 2.91973115e+00
 7.97548441e+00
 6.69392256e+01
 9.82494938e+01
 1.78094366e+01
 7.32793916e+01
 5.86292953e+01
 3.27974989e+01
 5.90265226e+01
 2.63740483e+01
 1.66896050e+00
 1.64435908e+01
 1.77777498e+00
 7.90790942e+00
 5.73659381e+01
 8.56658387e+01
 4.15003737e+01
 5.44010441e+01
 1.35163287e+02
 4.59542016e+01
 3.77182525e+01
 1.90990791e+01
 9.57524268e+00
 3.37030648e+01
 9.91034973e+00
 8.37803186e+00
 2.49972005e+01
 1.08063389e+02
 1.01092532e+02
 7.64427641e+01
 7.60577022e+01
 5.48329655e+01
 1.74767710e+00
 3.47607069e+00
 2.24395757e+01
 3.19778577e+01
 1.12809994e+01
 2.52848517e+01
 5.54569780e+01
 1.09724383e+02
 1.11959684e+01
 4.42987182e+01
 1.59273456e+02
 4.16837943e+01
 2.79396040e+01
 2.22075897e+01
 3.90406227e+01
 3.77615422e+01
 3.87351038e+00
 4.13130609e+01
 1.66124269e+02
 5.73241598e+01
 9.64694903e+01
 1.34509799e+02
 1.58058352e+00
 6.16924416e+01
 2.48193903e+00
 3.25897212e+01
 4.45036922e+01
 1.38642554e+00
 1.39729627e+01
 2.25008799e+01
 5.81232986e+01
 9.74824296e+01
 8.22778239e+01
 4.45664579e+01
 2.45059023e+01
 5.49628946e+01
 3.05492418e+01
 9.43051991e+01
 2.93456578e+01
 3.05676360e+01
 2.54671686e+01
 2.16312361e+01
 1.07620611e+01
 6.41677879e+01
 1.30980609e+02
 1.28274442e+02
 3.31395305e+01
 1.94173654e+01
 3.09414363e+01
 4.92418450e+01
 2.11967869e+01
 2.49844658e+01
 7.11881777e+00
 4.74965844e+01
 6.73506927e+01
 3.07585616e+01
 5.21635202e+01
 6.03515991e+01
 1.55914332e+02
 5.23778302e+01
 6.73680657e+01
 2.82909907e+01
 4.90950278e+01
 8.71393190e+00
 1.51104497e+01
 2.74027020e+01
 7.45364092e+01
 8.46392440e+01
 7.98014776e+01
 8.04664749e+01
 6.17546177e+01
 9.05095284e+01
 6.98336731e+01
 1.18945929e+01
 3.86294056e+01
 4.47656533e+00
 2.86540484e+01
 3.17162348e+01
 6.81880071e+01
 2.56904909e+02
 6.40104875e+01
 2.79214973e+01
 2.63670479e+01
 6.03149534e+01
 1.12871990e+01
 5.02046396e+01
 9.15671148e+00
 5.23387159e+00
 9.94744865e+00
 6.42764769e+01
 6.88158609e+01
 1.21761052e+02
 9.17651650e+01
 7.60662087e+01
 2.98611305e+01
 5.49522586e+01
 1.53466105e+01
 2.63025929e+01
 2.32628382e+01
 8.55358321e+00
 2.47164547e+01
 3.01218399e+01
 2.77515810e+00
 1.04954876e+00
 8.31355064e+01
 4.74681905e+01
 6.75707694e+01
 1.69271141e+01
 3.93561590e+01
 4.64349598e-01
 1.32402606e+01
 1.46681249e+01
 5.65779464e+00
 5.30740285e+01
 6.13101589e+00
 4.34276372e+01
 1.80016563e+02
 1.34963599e+01
 1.16147674e+00
 1.95702739e+01
 1.55389527e+01
 2.12770397e+01
 3.90592581e+01
 4.83106773e+01
 3.91775406e+00
 1.14672029e+01
 1.99295346e+01
 1.17375508e+02
 1.42494314e+02
 1.47997966e+02
 7.71363052e+01
 2.52935015e+01
 5.46765839e+01
 3.56416646e+01
 2.97749354e+01
 7.14976779e+00
 1.75039837e-01
 5.16580403e-02
 1.01073965e-01
 8.53755465e+01
 3.73204731e+01
 4.58230247e+01
 5.94858968e+01
 2.38229488e-02
 2.22218396e+01
 6.04876703e+00
 2.30795860e+01
 3.01491321e+01
 6.82191679e+00
 9.17182589e-01
 8.51897643e-01
 1.49354112e+02
 4.96287054e+01
 4.67951506e+01
 5.05594382e+01
 3.28048874e+01
 9.18221423e+01
 3.31162724e+01
 3.16607892e+01
 2.03164375e+01
 1.10469592e+01
 4.35486578e+00
 6.93859511e-01
 7.53671378e+01
 7.99452325e+01
 2.07536997e+01
 1.48608172e+02
 3.00322902e+00
 1.91001261e+01
 4.27997735e+01
 2.03134456e+01
 1.00128066e+01
 1.07557524e+01
 9.51091182e+00
 1.98078899e+01
 1.66105876e+00
 1.92362698e+02
 1.07780882e+02
 6.21503979e+01
 1.13151619e+01
 4.82267890e+00
 1.72008063e+01
 3.14554376e+01
 2.60929543e+00
 8.01947231e+00
 3.33027588e-01
 8.83384617e+01
 2.14749624e+01
 8.13787265e+01
 1.09310470e+02
 2.47327028e+01
 1.93614218e+01
 1.24601516e+01
 2.74568635e+01
 2.63338575e+01
 2.54475390e+01
 5.18264066e+00
 3.75270589e+01
 1.00264157e+02
 6.43449234e+01
 1.33186250e+02
 6.84628437e+01
 5.15420730e+01
 2.65330561e+01
 2.16626457e+01
 3.55581298e+01
 3.97772590e+01
 1.18737663e+01
 1.45530981e+00
 4.82449219e+00
 2.25550131e+01
 6.25189682e+01
 4.87047656e+01
 4.39914326e+01
 1.19949074e+02
 4.05580631e+01
 2.78869306e+01
 3.39559088e+01
 2.01889177e+00
 1.84474116e+00
 1.88846287e+01
 3.19057183e+01
 1.19937943e+02
 1.32551740e+02
 8.83513709e+01
 1.22099352e+02
 9.72218011e-01
 1.91177403e+00
 7.19552991e+01
 1.80070618e+01
 4.57444786e+01
 3.44388102e+01
 3.86831777e+00
 4.25391583e+01
 3.05607218e+01
 7.49612774e+01
 3.07451655e+01
 8.34162988e+01
 1.09149236e+02
 3.15364061e+01
 8.33326566e+01
 7.71445772e+01
 1.46547953e+01
 2.49378498e+00
 1.81371790e+01
 1.67321204e+01
 3.28797534e+01
 4.46298181e+01
 5.83422360e+01
 6.16625957e+01
 1.18239925e+02
 8.64642552e+01
 3.00187196e+01
 2.00549088e+01
 1.76743344e+00
 6.48468696e+00
 5.01116124e+00
 3.04525744e+01
 1.05356731e+01
 5.72220625e+01
 3.21558870e+01
 5.64098984e+01
 1.97378161e+01
 4.46389452e+01
 1.40620932e+01
 2.35468817e+01
 2.53086246e+01
 3.60916235e+01
 6.39666092e+01
 5.33739854e+00
 2.51310048e+01
 7.84415772e+01
 1.57030285e+02
 9.34753322e+01
 5.20593653e+01
 3.24173486e+01
 4.15308141e+01
 6.09447662e+00
 1.03571393e+02
 9.93350451e+00
 1.55725060e+01
 1.60871252e+00
 5.05440501e+01
 7.93834822e+01
 4.37946572e+01
 7.26562018e+01
 3.06445499e+01
 7.34997422e+01
 6.66853209e+01
 1.41621497e+02
 4.43227608e+00
 8.04214600e+00
 1.68773590e+01
 5.42267344e+00
 8.45819756e+01
 3.21264824e+01
 1.54863476e+02
 8.44840129e+01
 1.33286663e+01
 1.16226490e+01
 2.96379274e+00
 1.69903202e+01
 3.08919223e+01
 1.46052846e+01
 1.92905719e+01
 3.76838028e+01
 5.99045861e+01
 1.56354905e+02
 4.66235307e+01
 6.45192088e+01
 1.44814497e+02
 4.92791659e+01
 2.62456795e+01
 2.20777129e+01
 8.58506548e+00
 5.06937457e+01
 2.36849559e-01
 1.08289049e+02
 5.17963171e+00
 1.05649814e+01
 1.36586965e+02
 5.78183638e+01
 4.34173524e+01
 2.10290658e+01
 4.82367552e+01
 8.29883144e+00
 3.17240202e+01
 2.38900216e+01
 2.56359632e+01
 4.22643348e+01
 2.01512127e+02
 2.16830194e+02
 1.08654350e+02
 8.42307089e+01
 1.35728814e+00
 2.20821141e+01
 7.38184568e+01
 1.12457249e+02
 7.30276563e+01
 5.56835451e+00
 1.02905721e+00
 2.21548474e+01
 5.30324852e+01
 1.59759146e+01
 5.84624215e+01
 2.22110603e+01
 1.14668782e+02
 2.39317825e+01
 5.93087710e+01
 7.26980158e+01
 8.33633208e+01
 4.87127714e+01
 1.13288934e+01
 6.22815322e+00
 4.06868408e+01
 2.93982265e+01
 5.99918055e+01
 1.29966257e+02
 2.60482717e+01
 4.26801158e+01
 6.03593164e+01
 4.48939176e+01
 9.15363361e+00
 8.72821250e+00
 1.92682789e+01
 4.63290628e+01
 1.91314758e+01
 1.93035630e+01
 7.77563723e+01
 2.36415763e+01
 1.28201789e+01
 6.38147517e+00
 7.28754410e+01
 1.40995482e+01
 3.15095994e+01
 7.72255118e+01
 2.35066711e+01
 6.46464528e+00
 2.74458567e+01
 1.23335822e+02
 1.87286609e+02
 1.76830332e+02
 9.34253944e+01
 1.43104198e+02
 2.51649279e+01
 3.31392783e+01
 1.82222804e+01
 5.58454839e+01
 1.70183493e+01
 8.19805417e+00
 1.66312725e+01
 7.05336842e+01
 2.83236007e+01
 1.01546071e+02
 6.00216734e+01
 3.24305501e+01
 7.78526472e+01
 3.31689298e+01
 1.16732877e+01
 8.52930082e+01
 1.36617220e+00
 2.78523152e+01
 3.32644144e+01
 5.25438497e+01
 7.80745284e+01
 8.31727582e+01
 4.16158515e+00
 5.89692235e+01
 4.18576948e+01
 3.33577560e+01
 1.91719611e+01
 4.22868906e+01
 4.15125990e-01
 2.26216514e+01
 2.75107108e-02
 2.05142049e-02
 3.72343616e+01
 1.04668621e+02
 1.26028196e+02
 9.80055323e+01
 3.64543218e+01
 3.90835025e+01
 2.24960615e+01
 1.36224473e+01
 1.02827512e+01
 4.43781705e+01
 5.90886769e+00
 9.77892183e+01
 1.10968704e+02
 1.46036166e+02
 9.89096862e+01
 9.65464764e+01
 5.06049669e+01
 5.48486294e+01
 1.48797432e+01
 1.31070473e-01
 2.31600833e+01
 7.80962268e+00
 3.18116179e+01
 1.35599651e+02
 2.72130106e+01
 3.30333335e+01
 7.18058608e+01
 3.56678081e+01
 5.12029002e+01
 1.56547200e+01
 4.85775308e+01
 2.06661263e+01
 4.25928147e+00
 1.01943329e-02
 7.40775440e+01
 1.54756057e+02
 4.98279113e+01
 2.89576411e+01
 7.41338981e+01
 7.19423351e+01
 9.80709844e+01
 3.31060271e+01
 6.84440135e+01
 2.89095232e+01
 5.60416874e+00
 2.01532152e+00
 5.04315545e+01
 1.51773002e+02
 2.47335996e+01
 6.19863876e+01
 1.22150225e+02
 3.99946803e+01
 1.70675977e+01
 2.38458531e+01
 1.31003324e+01
 8.99859921e+00
 1.51080272e+01
 1.68473744e+01
 2.32910720e+01
 7.96956836e+01
 1.03730069e+02
 2.84514446e+01
 5.83389593e+01
 1.51191593e+02
 7.25525017e+01
 6.37012802e+01
 3.92310417e+01
 6.03514190e+01
 4.71322923e-01
 7.35717701e+00
 6.86357583e+00
 6.17954790e+01
 1.66518277e+02
 4.57737203e+01
 3.65219424e+01
 1.38175311e+01
 8.02039044e+01
 2.82587484e+01
 1.42811728e+01
 1.69916533e+01
 1.78151350e+01
 4.26363349e+01
 9.91520818e+01
 4.85279097e+01
 1.83412855e+02
 6.03308932e+01
 3.64546458e+01
 5.19323754e+00
 2.75913792e+01
 6.14179209e+01
 6.22406319e+01
 7.76532887e+00
 9.81266803e-01
 8.14480220e+00
 2.27806620e+01
 5.37036541e+01
 4.35690531e+01
 1.01011595e+02
 1.76818205e+01
 3.60804249e-01
 7.09127341e+00
 4.88456539e+01
 8.47610484e+00
 1.97360231e+01
 9.36169644e+00
 8.43255116e+00
 7.13916063e-01
 8.31413631e+01
 9.71908758e-01
 7.37104303e+01
 2.16175458e+01
 7.01715038e+01
 4.08984992e+01
 3.74004530e+01
 1.26101770e+01
 1.38548396e+01
 9.95599410e-01
 5.40504052e+00
 1.37072497e+02
 4.49018013e+01
 4.22742832e+01
 9.07695118e+01
 7.49076223e+01
 7.65759848e+00
 3.07338728e+01
 5.05216029e+01
 7.61973234e+01
 1.29183348e+01
 6.76940414e+00
 5.06829648e+00
 3.43934300e+01
 1.40792939e+02
 9.53046373e+01
 4.33534613e+01
 4.12100575e+01
 3.62462383e+01
 1.02608968e-01
 1.72438992e+00
 3.01593980e+01
 1.01822000e+02
 1.39372450e+01
 2.31859276e+00
 3.74019122e+01
 7.85239234e+01
 9.32323228e+01
 7.92268066e+00
 3.56171765e+01
 3.53693179e+01
 6.11267703e+01
 2.93621083e+01
 4.25699298e+01
 2.67227070e+01
 1.32647995e+01
 3.75287666e+01
 3.72067375e+01
 8.12794429e+01
 6.30145335e+01
 3.19164367e+01
 1.11415594e+02
 5.33581646e+01
 1.26876349e+02
 3.74367312e+01
 5.92500003e+01
 7.71745305e+01
 1.47476765e-01
 7.56513875e+00
 4.45139785e+01
 9.70332037e+01
 1.72048634e+01
 5.68009772e+01
 8.06267826e+01
 3.94511076e+00
 4.27899685e+00
 7.64651622e+01
 6.44128681e+01
 4.78898083e+00
 3.63597371e+01
 1.46038870e+00
 6.74381903e+01
 1.98942871e+01
 3.75946918e+01
 1.13043430e+02
 5.98203632e+01
 4.83784145e+01
 1.14824062e+02
 3.48053804e+01
 2.14266796e+00
 1.32099429e+01
 3.72874768e+00
 1.43015401e+01
 1.70993775e+01
 1.61167594e+02
 1.05461671e+01
 9.53070900e+01
 5.13876506e+01
 1.29862752e+02
 1.03917021e+02
 7.69114058e+01
 2.05401486e+01
 7.86514221e+00
 6.87239539e-01
 5.15040337e+00
 5.84502949e+01
 1.33920630e+02
 6.80704336e+01
 1.13832272e+02
 9.11518064e+01
 4.36927102e+01
 1.05032325e+02
 1.26771918e+01
 5.20098514e+01
 2.16256041e+01
 1.44980125e+01
 4.72085528e+01
 7.56297620e+01
 1.65232775e+02
 1.29371715e+02
 7.10291355e+01
 1.39901727e+02
 5.59435569e+00
 3.07771823e+01
 4.28290319e+00
 1.03264107e+02
 5.20859473e+01
 9.01502635e+01
 9.64330146e+01
 1.32591256e+01
 3.15330434e+01
 2.45723301e+02
 6.37194049e+01
 5.50566179e+01
 2.82021875e+01
 8.31692114e+01
 3.13581158e+01
 5.13850344e+01
 3.08502754e+01
 3.95908594e+01
 2.87484966e+01
 4.71899963e+00
 2.92792868e+01
 1.57681977e+02
 1.28749424e+01
 7.70113389e+01
 3.94781146e+01
 4.31096966e+01
 3.93669645e+01
 1.26466499e+01
 2.02825332e+01
 5.77953692e+00
 3.12198170e+00
 1.19081256e+01
 2.79624512e+01
 9.56151931e+01
 1.70775258e+02
 7.90906031e+01
 4.11924610e+01
 7.57741918e+01
 5.78019647e+01
 2.76936372e+01
 5.06169554e+01
 1.50723192e+01
 2.35392647e+01
 5.74189400e-02
 8.49518595e+01
 7.01856247e+01
 1.24768642e+02
 4.93430604e+01
 7.28974458e+01
 5.59521611e+01
 6.52092354e+01
 3.16949783e+01
 1.35501597e+01
 4.52815972e+00
 1.65041811e+01
 2.21579857e+00
 1.60822385e+02
 7.08619704e+01
 8.06279860e+01
 4.08086720e+01
 3.04525411e+01
 4.80354791e+01
 3.78954667e+01
 1.44225793e+00
 1.81230181e+01
 8.73790562e+00
 3.46332190e+01
 6.79774291e+01
 8.97643246e+01
 9.25395931e+01
 8.82909303e+01
 2.48601782e+01
 2.06233486e+01
 6.15848925e+01
 2.15542311e+01
 1.30802221e+01
 1.54225481e+01
 1.06034335e+01
 5.13116818e+00
 2.04113350e+01
 8.54766401e+01
 1.70859570e+02
 1.39231869e+02
 8.93228452e+01
 3.71243448e+01
 1.66839949e+01
 4.59590522e+01
 1.20208804e+01
 4.39609130e+00
 6.12471436e+00
 2.29395677e+01
 3.98712052e+01
 3.13630502e+01
 7.04458922e+01
 6.49822663e+00
 7.96215662e+01
 1.79539116e+02
 4.46719558e+01
 3.71265808e+01
 2.79691770e+01
 2.72808616e+01
 2.56542673e+01
 1.69002902e+01
 6.47302603e+00
 1.07331140e+02
 1.70038117e+01
 5.99967874e+01
 1.98709405e+01
 4.78007346e+01
 3.73154761e+01
 1.30288455e+01
 2.56355223e+01
 2.98363745e+01
 7.73936993e+00
 3.73365523e+01
 2.74472712e+01
 7.69737077e+01
 3.98810780e+01
 1.67825020e+02
 6.45763182e+01
 9.20262573e+01
 6.55268417e+01
 3.24135661e+01
 1.65935040e+01
 4.03355254e+00
 1.81432325e+01
 4.48299402e+00
 4.45204708e+01
 2.23244372e+02
 5.67564862e+01
 9.47863044e+01
 1.49508086e+02
 3.35343779e+01
 7.82517989e+01
 5.66616005e+01
 3.31600099e+01
 1.53612660e+01
 2.74433800e+00
 3.39312323e+01
 1.15044874e+01
 2.72666811e+01
 9.97371816e+01
 1.10029701e+01
 1.24608983e+01
 1.65091932e+01
 7.06342712e+01
 6.38498112e+01
 8.59221999e+00
 5.62908847e+00
 1.01722297e+01
 4.51274812e+01
 3.52797644e+01
 1.96005578e+01
 3.94949613e-01
 1.98716458e+01
 3.78898169e+01
 1.54260785e+01
 2.64372848e+01
 2.97748908e+01
 3.08901343e+01
 1.55504612e+01
 3.40616711e+00
 1.38954860e+01
 2.96557025e+01
 5.54437942e+01
 2.25691387e+02
 1.39231811e+02
 1.18634984e+02
 8.11155980e+01
 5.58096069e+01
 8.75469624e+00
 2.83463419e-01
 3.55186691e+01
 1.03134093e+01
 3.32419633e+00
 2.44384118e+01
 6.42843160e+01
 3.70371100e+01
 9.28692090e+01
 3.97268851e+01
 2.14245879e+00
 1.87258633e-01
 5.31689039e+01
 3.13978532e+01
 2.31323853e+01
 4.87029458e-02
 1.42357205e+00
 3.64894671e+01
 1.08511718e+02
 1.39426378e+01
 7.02578668e+01
 1.18842589e+02
 7.09094631e+01
 1.20484865e+02
 4.16677262e+01
 4.74988937e+01
 4.73698349e+01
 1.88753555e+00
 7.94593341e+01
 6.72976604e+01
 3.26159752e+01
 5.64784957e+01
 5.34386183e+01
 9.73428278e+01
 5.11249025e+01
 4.45233360e+01
 1.24781818e+02
 1.16507950e+01
 1.40080265e+01
 2.13374233e+00
 3.69399901e+01
 4.47969149e+01
 9.67191314e+00
 3.52278000e+01
 3.15159403e+01
 1.51238940e+01
 1.00810446e+02
 6.30953041e+01
 2.85967633e+01
 3.92887101e+00
 1.48471738e+01
 2.07437000e+01
 1.68587663e+01
 1.09669837e+02
 1.75322105e+01
 1.09237139e+02
 3.89046762e+00
 1.22802781e+01
 6.78610085e+01
 2.10639895e+00
 9.29894212e+00
 8.18050164e+00
 4.79248447e+01
 1.41001470e+00
 1.00583222e+01
 1.47763507e+00
 1.47165959e+02
 1.74827582e+02
 1.48154357e+02
 7.91931826e+01
 1.15093515e+02
 3.87357634e+01
 1.60917827e+01
 3.59669434e+01
 1.07585592e+01
 5.11538784e+01
 5.75216991e+01
 8.37015300e+01
 2.61273415e+01
 8.94233891e+01
 3.03066805e+01
 1.38225415e+02
 4.18737199e+01
 1.98718894e+01
 1.05431802e-02
 1.32742902e+01
 4.48053120e+01
 2.23912359e+01
 9.60486007e+00
 1.13584329e+01
 8.93753846e+01
 1.56707310e+02
 7.60748418e+01
 4.22527297e+01
 4.78662668e+01
 1.05004925e+02
 8.91438073e+00
 1.26007656e+01
 2.11827740e+01
 2.02161957e-02
 1.80072214e+01
 5.16753336e+01
 1.37557345e+01
 7.31334059e+01
 8.08747469e+01
 1.02550528e+02
 4.90776946e+00
 7.82697814e+01
 5.98161926e+01
 5.18302458e+01
 2.91766202e+01
 1.97346286e+01
 3.95897011e+00
 6.53001842e+01
 2.75613994e+01
 4.71707280e+01
 2.28405787e+01
 2.81371385e+01
 1.50026889e+01
 7.76819379e+00
 3.65890512e+01
 1.73365128e+01
 9.67864621e-01
 7.09803134e+01
 1.54554128e+01
 1.75012417e+01
 1.27911053e+01
 8.26819029e+01
 1.04858300e+01
 5.83154764e+01
 2.55505765e+01
 7.00103457e+00
 2.92993776e+01
 2.32088372e+01
 3.50152253e+01
 8.88282210e+00
 3.18303414e+01
 3.50193531e+01
 1.29043241e+02
 1.11186058e+02
 1.60031487e+02
 8.94794014e+01
 4.12096494e+01
 2.04955870e+01
 2.05218952e+01
 1.08080872e+01
 8.62399375e+00
 2.70473591e+01
 9.22329502e+00
 1.80098638e+02
 4.01086901e+01
 6.31927113e+01
 3.66415471e+01
 8.39758750e+01
 3.94198519e+01
 6.65104119e+01
 1.48690152e+01
 1.21919259e+01
 6.78836265e+00
 2.15990128e+01
 1.04272225e+01
 1.82778693e+01
 4.50049704e+01
 9.09030129e+01
 1.91058474e-01
 1.14115188e+02
 5.96329464e+01
 1.10314809e+02
 6.75001148e+01
 2.28702150e+01
 3.62450178e+00
 1.32919888e+01
 1.08736677e+01
 3.94807143e+01
 2.10666100e+01
 7.84816862e+01
 1.01007754e+01
 4.40195683e+01
 2.43190638e+01
 1.06463520e+01
 2.49403539e+01
 2.87700990e+01
 7.93675871e-01
 9.90432126e+00
 4.95230947e+01
 2.71605228e+01
 1.64349680e+02
 6.06273775e+01
 4.93322397e+01
 3.46522100e+01
 1.09536631e+01
 7.25796922e+01
 1.20841616e+01
 8.05327594e+00
 1.40761439e+00
 1.56942197e+00
 1.89834909e+01
 2.77465199e-01
 6.25775733e+01
 5.69615055e+01
 3.51408600e+01
 9.85174625e+01
 5.48831356e+01
 7.56404608e+01
 3.84735886e+01
 3.70098835e+01
 1.53696171e+01
 5.07611090e+01
 1.86390211e+01
 3.29323731e+01
 5.69840224e+01
 1.29695623e+02
 7.58475761e+00
 7.51810866e+01
 9.64828804e+00
 1.74365638e+01
 7.27526453e+00
 7.09484336e+00
 2.31970325e+01
 2.33554802e+00
 5.65566522e+01
 4.83953272e+01
 4.13526507e+01
 7.00315632e+01
 1.08134822e+02
 4.88095736e+01
 7.74765437e+01
 6.42834658e+00
 2.95930331e+01
 3.54297124e+01
 4.59894498e+00
 2.53043534e+00
 3.81076992e+00
 1.39590899e+02
 1.10960239e+02
 9.63466692e+01
 8.32441814e+01
 4.24836811e+01
 3.93577697e+01
 3.62749062e+01
 1.44112898e+01
 4.17415730e+00
 3.28170086e+01
 1.33655801e+01
 6.75573227e+01
 8.89436160e-02
 8.24935065e+01
 4.96759432e+01
 8.64272124e+01
 1.29036060e+02
 7.62925718e+01
 5.20238339e+01
 1.09465356e+02
 6.20496551e+01
 1.00583282e+01
 6.93002728e+00
 6.36466065e+00
 2.21646872e+01
 1.43070864e+02
 6.93019447e+01
 3.19207386e+01
 8.95269788e+00
 1.23456233e+02
 1.01879704e+00
 6.58552365e+01
 9.46885140e+00
 4.19538781e+01
 7.62855915e+00
 4.88898492e+01
 1.73882742e-02
 1.20647132e+02
 6.50505486e+01
 4.16237715e+01
 5.03641546e+01
 3.09210051e+01
 7.49821490e+01
 8.38404852e+01
 4.27843895e+01
 9.60446284e+01
 1.89483134e+00
 7.84272292e+00
 5.01124955e+00
 6.52501375e+01
 1.43096765e+02
 1.96590815e+02
 2.70973676e+01
 7.85953794e+01
 1.26334673e+02
 3.43660228e+01
 1.84326696e+01
 3.89440499e+01
 6.20422562e-01
 6.70038218e+00
 7.82938430e+01
 1.32434286e+02
 2.17233895e+01
 1.10991557e+02
 1.07886731e+02
 7.28377751e+01
 1.53136930e+01
 2.37285248e+01
 4.25089326e+01
 4.30666559e+01
 2.22598094e+01
 5.62147158e+00
 1.66569765e+01
 6.74281860e+01
 2.21883123e+00
 1.33872933e+01
 7.95033670e+01
 9.02197292e+01
 7.13667930e+01
 3.40502500e+01
 1.87830795e+01
 8.33280644e+00
 2.05957479e+00
 2.09248396e+00
 6.71003027e+01
 5.23606584e+01
 7.74397674e+01
 7.17330150e+01
 1.62023631e+02
 6.69356012e+01
 5.91915512e+01
 6.25333673e+01
 3.19316908e+01
 9.86613856e+00
 1.19946774e+02
 4.45291045e+01
 2.63731926e+01
 5.07313801e+01
 4.33015389e+01
 3.10785558e+01
 1.89899792e+02
 6.66805570e+01
 8.11987434e+01
 6.79469336e+01
 1.62384420e+02
 3.58721669e+00
 2.34123758e+00
 3.37965888e-02
 7.57588736e-02
 4.56239215e+01
 1.21508111e+02
 6.24899653e+01
