 1.64583455e+01
 3.61652191e+00
 2.10572363e+01
 1.19159800e+02
 6.87086449e+01
 1.72888603e+02
 5.34869922e+01
 3.74701298e+01
 2.32691033e+01
 1.54229523e+02
 6.16487019e+01
 3.70430983e+01
 4.01892215e+01
 6.39930006e+01
 6.52508001e+01
 7.56963447e+01
 1.18361237e+02
 1.84790731e+01
 2.48418108e+01
 2.77991083e+01
 7.94067717e+01
 2.75374001e+01
 4.82281020e+01
 1.44610488e+02
 8.63103725e+01
 6.44881579e+01
 3.97957993e+01
 5.70411011e+01
 1.68681358e+02
 1.07093867e+02
 5.89771304e+01
 6.17915716e+01
 1.37966285e+02
 7.04030031e+01
 2.76344873e+01
 6.82289545e+01
 1.76665408e+01
 2.04616148e+01
 1.21992441e+02
 3.85530427e+01
 8.52321057e+01
 6.16093284e+01
 5.38202162e+01
 2.54333643e+01
 5.41740470e+01
 1.57545914e+01
 4.97234026e+01
 9.01890567e+00
 4.72469246e+01
 9.97895585e+00
 6.35035566e+01
 9.60343878e+01
 3.69118909e+01
 7.62499730e+01
 3.69610736e+01
 3.53389815e+01
 2.81227588e+01
 5.12981913e+01
 4.40295354e+01
 1.09664078e+02
 3.81318813e+01
 1.53393260e+01
 9.72045318e+01
 1.13384258e+02
 8.54122910e+01
 6.15029149e+01
 6.64992209e+01
 1.47115368e+01
 1.57022807e+02
 1.24902885e+01
 6.62081078e+01
 5.84135494e+01
 6.94879622e+01
 1.48142980e+01
 1.10037165e+02
 6.65816300e+01
 7.95534608e+01
 4.03879118e+01
 2.98062500e+01
 2.88181660e+01
 6.50580169e+01
 9.55316396e+01
 1.45528245e+02
 7.91951850e+01
 1.42263800e+01
 6.30844559e+01
 1.45206448e+02
 5.94504734e+01
 3.91329127e+01
 2.78151427e+01
 1.16676009e+01
 4.33190407e+01
 7.06748345e+01
 6.31093646e+01
 8.06569441e+01
 5.24537765e+01
 5.41196238e+01
 7.45468145e+01
 2.76243893e+01
 4.55087349e+01
 8.43325138e+01
 3.50934017e+01
 2.92707876e+01
 2.06259222e+01
 1.36263971e+02
 1.59785479e+01
 4.39093358e+01
 3.84128046e+01
 8.79024714e+00
 6.62929644e+00
 5.40671624e+01
 1.09716307e+02
 1.02251670e+02
 8.39790821e+01
 8.07538828e+01
 3.29036194e+01
 4.35230977e+01
 4.69626883e+01
 1.02855941e+02
 7.27507036e+01
 2.89146556e+01
 5.25461053e+01
 4.51975403e+01
 6.64981353e+01
 3.44151029e+01
 5.59210200e+01
 2.94727897e+01
 5.88538790e+01
 9.74190269e+01
 8.09667738e+01
 5.46684855e+01
 4.12941382e+01
 6.81102146e+01
 3.84075479e+01
 1.85837607e+01
 3.32145669e+01
 7.23650327e+01
 9.63981457e+01
 1.04468617e+02
 4.13275600e+01
 7.05535787e+01
 7.92715679e+01
 4.17765396e+01
 3.74470781e+01
 4.15267850e+01
 3.41072877e+01
 4.99930947e+01
 7.89803162e+01
 1.15097214e+02
 4.49484304e+01
 6.43486846e+01
 4.03362043e+01
 9.74879293e+01
 1.94609572e+01
 4.89054190e+01
 1.35320867e+02
 3.62732132e+01
 2.20189383e+01
 4.70018688e+01
 1.06780473e+02
 2.25742704e+02
 3.68011451e+01
 9.84000807e+00
 3.37900861e+01
 3.09424242e+01
 7.60935795e+01
 5.11217335e+01
 2.90572755e+01
 6.34657647e+01
 1.27379544e+00
 7.20062552e+01
 4.16057499e+01
 4.63677561e+01
 4.35735746e+01
 4.06685563e+01
 1.90712414e+01
 3.66674846e+01
 8.44496923e+00
 1.55178617e+01
 8.25326383e+01
 3.80732616e+01
 6.58041096e+01
 7.34722051e+01
 4.40969574e+01
 7.87000602e+01
 7.23883889e+01
 5.68701252e+01
 1.33947874e+02
 2.79667336e+01
 7.59289747e+01
 5.65849045e+01
 8.16964163e+01
 2.97255164e+01
 5.81547395e+01
 7.06863867e+01
 6.99746176e+01
 1.02903629e+02
 2.77604154e+01
 2.67775829e+01
 3.15802091e+01
 5.44405334e+01
 1.25834281e+02
 3.28847535e+01
 1.11409953e+02
 2.97649771e+01
 5.24106007e+01
 6.12053944e+01
 5.74563825e+01
 7.85304957e+01
 8.79191350e+01
 2.41248525e+01
 4.13206661e+01
 6.79385790e+01
 6.72933685e+01
 6.90685894e+01
 2.95872642e+01
 2.94623613e+01
 1.65145739e+01
 2.52850101e+01
 1.00503510e+02
 8.29858397e+01
 1.64234569e+02
 2.96796735e+01
 1.15976987e+02
 5.65459742e+01
 6.02188084e+01
 6.26615396e+01
 2.10555092e+01
 1.30998988e+01
 4.23030854e+01
 6.42543825e+01
 1.16247559e+02
 9.94617791e+01
 1.33739826e+02
 7.54306977e+01
 8.20430042e+01
 6.27096638e+01
 8.31282477e+01
 4.70303961e+01
 9.79749772e+01
 3.12669236e+01
 2.58734609e+01
 3.50570400e+01
 6.47716953e+01
 8.05867885e+01
 8.37006153e+01
 1.74946914e+01
 2.19123470e+01
 8.75584795e+01
 9.38532616e+01
 3.66833476e+01
 6.64526594e+01
 2.31287467e+01
 7.19466080e+01
 3.96351920e+01
 1.14111217e+02
 2.45893837e+01
 4.69615692e+01
 5.35027153e+00
 2.65630331e+01
 7.19504386e+01
 9.96253121e+01
 3.20731725e+01
 3.52261294e+01
 3.01265146e+01
 4.21359720e+01
 4.98380001e+01
 6.54781369e+00
 4.36868461e+01
 6.25518493e+01
 6.67208474e+01
 1.18724811e+01
 5.64752378e+01
 4.47091631e+01
 3.04050431e+01
 5.19071451e+01
 6.71626727e+00
 2.70257866e+01
 3.90101217e+01
 3.64280872e+01
 3.34816167e+01
 2.79121595e+01
 2.82469286e+01
 6.64731997e+01
 2.25751878e+01
 4.40482935e+01
 2.79346870e+01
 5.53180679e+01
 1.44460138e+01
 5.26647428e+01
 1.96851281e+01
 7.00192764e+01
 1.22305437e+02
 5.07605500e+01
 3.65428067e+01
 2.01401431e+01
 5.48022120e+01
 1.04640303e+01
 1.51017248e+02
 1.93051403e+01
 4.68760888e+01
 1.51203517e+01
 3.16637392e+01
 3.29305485e+01
 5.88942288e+01
 5.59357916e+01
 6.24153704e+01
 3.63070418e+01
 2.44542088e+01
 4.33771099e+01
 3.89197662e+01
 5.56431460e+01
 5.32326261e+01
 1.78555424e+01
 4.77407388e+01
 6.33044290e+01
 9.04918771e+01
 5.47774922e+01
 1.50635959e+01
 9.17465487e+01
 2.65634521e+01
 9.19971244e+01
 1.10331197e+01
 5.41727723e+01
 1.93129111e+01
 1.33453531e+01
 1.08924480e+01
 4.78276958e+01
 5.83719280e+01
 1.04759576e+01
 1.14830563e+01
 8.08145049e+01
 7.25690796e+01
 9.44557892e+01
 1.37947832e+02
 1.14827735e+02
 6.54801243e+01
 6.76295005e+00
 1.16819917e+02
 3.67387350e+01
 4.99145048e+01
 8.68165554e+01
 1.39330612e+01
 3.05908534e+01
 1.83691777e+01
 5.34653655e+01
 8.54747740e+01
 3.78205617e+01
 3.99672857e+01
 1.45899320e+01
 6.61685401e+01
 6.71323446e+01
 7.28254155e+01
 1.99480662e+01
 7.23170681e+01
 1.86946518e+01
 1.10571245e+02
 9.40215495e+01
 6.56148184e+01
 2.53767641e+01
 3.49475690e+01
 1.08831715e+01
 7.58368407e+01
 9.22297068e+01
 1.63488623e+01
 4.40284275e+01
 4.98722940e+01
 1.19539097e+02
 1.99924020e+01
 6.26179181e+01
 2.49584612e+01
 2.74176638e+01
 2.00085143e+01
 2.55759916e+01
 8.05848933e+01
 1.18826113e+02
 9.49244933e+01
 5.60636481e+01
 9.53806374e+01
 5.43126956e+01
 8.54801112e+01
 6.72168492e+01
 6.87612633e+01
 6.72781728e+01
 1.90693121e+01
 1.62265271e+01
 1.82316114e+01
 4.48938658e+01
 1.05673019e+02
 7.34717792e+00
 1.82472639e+01
 6.52929135e+01
 1.06123302e+02
 8.30190472e+01
 6.45808111e+01
 1.12800299e+02
 4.38498139e+01
 4.71895889e+01
 2.93746583e+01
 2.90837665e+01
 7.93935185e+01
 3.40969102e+01
 3.66614175e+01
 6.29578314e+01
 1.36866629e+02
 4.16883155e+01
 5.33992794e+01
 1.00999562e+02
 3.41556333e+01
 2.02587980e+01
 6.16088918e+01
 7.80325005e+01
 4.64785108e+01
 1.40600050e+02
 1.74079616e+01
 4.59376527e+01
 5.69597092e+01
 8.36326635e+01
 9.76716753e+01
 8.64089291e+00
 1.06118348e+02
 1.48478386e+02
 6.83164553e+01
 7.47191180e+01
 6.14355955e+01
 6.51801591e+01
 1.66365820e+01
 1.02198819e+01
 3.23277587e+01
 1.35536013e+02
 6.78012115e+00
 1.98405784e+01
 3.39212399e+01
 4.48361315e+01
 1.79840015e+01
 1.26898763e+02
 6.78722378e+01
 3.97454986e+01
 7.72448919e+01
 1.82823385e+01
 1.36794848e+01
 5.50472880e+01
 7.89528806e+01
 6.12241466e+01
 2.20084638e+01
 7.18014487e+00
 4.03823030e+01
 6.18881771e+01
 5.29191092e+01
 2.95566630e+01
 1.95135016e+01
 8.71416689e+01
 7.07762880e+01
 7.40674211e-01
 4.60573167e+00
 3.88922222e+01
 1.47701321e+01
 4.42946853e+01
 1.22432869e+02
 5.46647655e+01
 1.08476864e+02
 4.04549565e+01
 3.36172721e+01
 4.44681657e+01
 7.92848370e+01
 2.31429553e+02
 1.03701082e+02
 9.20166805e+01
 5.19055179e+01
 3.22450735e+01
 8.84276381e+01
 4.20841722e+01
 8.51829863e+01
 9.05855522e+00
 1.97289126e+01
 2.01402113e+01
 2.86118978e+01
 8.69336256e+01
 1.34121528e+02
 4.59927451e+01
 2.64195362e+01
 2.84785922e+00
 2.73030846e+01
 3.08493489e+01
 1.17978582e+02
 6.32686199e+01
 1.42796396e+02
 3.34930756e+01
 8.38782226e+01
 8.33530702e+01
 4.52331773e+01
 2.21144002e+01
 3.38404332e+01
 2.89776544e+01
 1.84736778e+02
 3.63115935e+01
 5.11069855e+01
 7.40958847e+01
 4.98169093e+01
 5.43586372e+00
 2.56739423e+01
 1.31792763e+02
 2.02706844e+02
 2.83331067e+01
 1.95007942e+01
 2.04576057e+00
 4.29544996e+01
 1.82816657e+02
 3.27715327e+01
 1.12821619e+02
 2.67864743e+01
 5.27154750e+01
 7.20354563e+01
 6.43631690e+01
 8.05468801e+00
 1.82250745e+01
 6.09919188e+00
 4.44728439e+01
 4.22928748e+01
 7.54589865e+01
 2.13958317e+02
 1.58625762e+02
 3.00194504e+01
 4.56254269e+01
 7.28998007e+01
 4.48697047e+01
 5.93979880e+01
 6.06351825e+01
 2.35110681e+01
 7.22367035e-01
 4.92113415e+01
 4.30874766e+01
 6.46594975e+01
 7.55061441e+01
 2.41847949e+01
 8.02801168e+01
 6.93066454e+01
 4.94937410e+01
 4.03941023e+01
 4.42984795e+01
 1.00034198e+01
 7.39206411e+01
 3.73938127e+01
 1.35448798e+02
 1.19769045e+02
 1.52069888e+01
 1.72905383e+01
 5.67401943e+01
 3.57562984e+01
 2.51262809e+01
 1.22882679e+02
 6.25141303e+01
 9.30913616e+01
 7.55644652e+01
 4.25982798e+01
 7.56639916e+01
 7.60006659e+01
 1.07455013e+02
 3.42024774e+01
 2.45173685e+01
 5.00433315e+01
 3.95455427e+01
 3.19766884e+01
 3.71623303e+01
 2.59008553e+01
 4.90711411e+01
 7.87553328e+01
 3.12829922e+01
 3.98843914e+01
 3.12358228e+01
 9.13933982e+00
 8.26058666e+00
 5.52783051e+01
 9.66877997e+01
 3.66052843e+01
 1.35426876e+01
 3.70363944e+01
 5.75991853e+01
 1.48667581e+02
 2.55887361e+01
 1.21095666e+02
 2.71141809e+01
 4.88146794e+01
 9.35529624e+01
 1.34753050e+02
 9.18202228e+01
 4.76187821e+01
 3.19686497e+01
 5.93514252e+01
 4.26223020e+01
 7.19245277e+01
 4.45391227e+01
 6.98010211e+01
 8.79613609e+01
 7.87602718e+00
 3.13279768e+01
 1.49388240e+02
 7.01412949e+01
 2.57936563e+01
 1.13392342e+01
 3.91300114e+01
 5.47527092e+01
 2.52712345e+01
 3.40652290e+01
 1.30868480e+02
 5.80866361e+01
 1.73367783e+01
 4.05249449e+01
 1.12860385e+02
 3.81043035e+01
 3.62681134e+01
 7.73091583e+01
 5.97476976e+01
 2.99767724e+01
 7.80482281e+01
 4.97239024e+01
 1.83873229e+02
 8.82510395e+01
 4.59863335e+01
 5.27807888e+01
 1.61547668e+01
 4.63531450e+01
 6.10598727e+01
 9.28320748e+01
 5.02303310e+01
 4.32086861e+01
 5.55548900e+01
 1.87305977e+02
 3.60470217e+01
 1.02277810e+02
 2.97696834e+01
 7.85272900e+01
 3.07127158e+01
 6.38793423e+01
 4.12047214e+01
 7.26076282e+01
 2.11556796e+01
 8.49170045e+01
 4.11837878e+01
 1.24485312e+02
 9.85845205e+01
 3.54472513e+01
 3.45104743e+01
 1.98471141e+01
 3.27183226e+01
 9.86098645e+01
 4.54477723e+01
 4.16876578e+01
 3.08700934e+01
 1.35633593e+02
 3.46753690e+01
 5.15174908e+01
 4.51033405e+01
 6.24802029e+01
 2.17417326e+01
 8.52844332e+00
 7.12956420e+00
 6.12545770e+01
 8.67075959e+01
 5.02504182e+01
 2.62942507e+01
 5.03475675e+01
 2.37722818e+01
 3.92535354e+01
 2.11632652e+01
 3.06364253e+01
 2.39076328e+01
 1.68251935e+01
 1.49870554e+01
 4.61866207e+01
 7.23436971e+01
 3.98370041e+01
 6.74072803e+01
 2.41775526e+01
 7.65616112e+01
 1.29766477e+02
 5.49114475e+01
 5.05694347e+01
 3.67168071e+01
 3.50879631e+00
 2.88635685e+00
 6.37347955e+01
 2.49294627e+01
 5.39118387e+01
 4.66698238e+01
 1.21975742e+01
 6.27059792e+01
 7.19191275e+01
 1.08086735e+02
 3.65390246e+01
 1.82440021e+01
 7.82891999e+00
 8.87298225e+00
 4.26464491e+01
 2.19455824e+01
 4.16814461e+01
 3.62808963e+01
 2.25404150e+01
 6.83265598e+01
 5.01731399e+01
 7.81934180e+01
 3.86273365e+01
 4.41547755e+01
 4.36344820e+01
 4.98213813e+01
 1.50444081e+02
 6.67647254e+01
 7.61080005e+01
 1.08769648e+01
 5.06047987e+01
 4.87164651e+01
 1.19706031e+02
 9.22693902e+01
 1.22211486e+02
 3.12979313e+01
 6.11750955e+01
 5.99647142e+01
 3.03233987e+01
 3.90015471e+01
 2.78628240e+01
 4.11964062e+01
 5.16121654e+01
 5.45473010e+01
 1.37187878e+02
 7.58338444e+01
 1.08915702e+02
 2.00489104e+01
 2.36207705e+01
 4.43999789e+01
 1.03913182e+02
 6.76721067e+01
 1.78044288e+01
 6.19108231e+01
 8.96462737e+01
 2.06708687e+01
 9.50498956e+01
 1.23365093e+02
 4.83430965e+01
 4.54454364e+01
 3.45875052e+01
 9.99466610e+01
 6.90108198e+01
 2.65320208e+01
 1.15895578e+01
 7.86952954e+01
 4.22624864e+01
 2.26487978e+00
 7.74198756e+01
 8.36940894e+01
 1.43675563e+01
 4.74683220e+01
 3.64688987e+01
 9.99093102e+01
 6.18252711e+01
 6.18264884e+01
 1.70720178e+01
 6.73781665e+00
 3.53002498e+01
 5.86421914e+01
 1.52686955e+02
 7.67867308e+01
 8.52972610e+01
 1.22457725e+02
 7.37278526e+01
 1.00721627e+02
 1.70988573e+02
 2.51834241e+01
 2.01653726e+01
 3.39936497e+01
 6.52295012e+01
 8.99763338e+01
 9.08988450e+01
 1.72507696e+02
 3.91835486e+01
 3.02659117e+01
 4.73787360e+01
 1.30233091e+01
 2.14662162e+02
 7.14861702e+01
 5.80632685e+01
 2.44447565e+01
 9.68062027e+01
 6.80927242e+01
 4.99559187e+01
 1.37627175e+02
 7.62323243e+00
 7.99261430e+00
 4.03530565e+01
 2.51190103e+01
 1.86384158e+01
 3.00095215e+01
 7.64238803e+01
 3.30344833e+01
 2.03339872e+01
 5.56214608e+01
 6.16209175e+01
 5.80929097e+01
 1.27003177e+02
 2.37207168e+01
 2.25430469e+01
 5.75895432e+01
 6.64479921e+01
 6.53139138e+01
 8.40078840e+01
 4.60525438e+01
 4.23998216e+01
 3.70427718e+01
 1.07465442e+02
 4.99578021e+01
 5.28173008e+01
 4.57984943e+01
 5.80805446e+00
 1.67359391e+01
 2.90699938e+01
 5.58186141e+01
 7.74892705e+01
 2.26573216e+01
 4.13008189e+01
 4.55382428e+01
 1.16796025e+02
 1.77324955e+02
 8.89398465e+01
 4.72610241e+01
 1.34255213e+01
 1.02126702e+01
 9.68559513e+01
 8.94268214e+01
 6.00981684e+01
 1.14810929e+01
 3.67931192e+01
 4.82024711e+01
 2.83863007e+01
 1.04747879e+02
 1.60679688e+02
 1.15116378e+01
 1.52809520e+01
 4.39953813e+01
 5.86186988e+01
 4.01472013e+01
 4.77705018e+01
 1.79075114e+01
 5.96248847e+01
 7.06873368e+01
 2.65525279e+01
 6.07466291e+01
 7.61764548e+01
 4.14707524e+01
 1.33420521e+01
 3.21187861e+01
 6.76605064e+01
 8.44212285e+01
 8.39647474e+01
 4.62818728e+01
 3.41863999e+01
 2.98208276e+00
 6.08798420e+01
 8.93328035e+01
 5.44017304e+01
 4.84671366e+01
 3.23743030e+01
 7.11185356e+00
 5.28511987e+01
 1.08353874e+02
 7.34258628e+01
 5.17344675e+01
 4.77116993e+01
 3.56319874e+01
 1.01251695e+02
 7.59368868e+01
 3.62092795e+01
 2.03169229e+01
 2.68749105e+01
 3.68064752e+01
 3.26774328e+01
 8.91220366e+01
 4.33789028e+01
 4.65861085e+01
 7.87788274e+01
 1.34053255e+02
 6.67414672e+01
 6.38985817e+01
 4.88092602e+01
 1.00624968e+01
 9.10402283e+01
 4.91572234e+01
 7.10730418e+01
 1.00983346e+02
 1.12530118e+02
 4.20701571e+01
 6.38358147e+01
 6.19023946e+01
 5.19114659e+01
 7.88373818e+01
 1.01632888e+02
 1.50478321e+02
 1.97527877e+01
 5.53340768e+01
 1.28553373e+02
 2.62404775e+01
 1.07897771e+01
 5.53463936e+01
 3.13265133e+01
 4.39491682e+01
 5.17845288e+01
 7.02071543e+01
 1.97596196e+01
 8.10375150e+01
 2.83411430e+01
 4.35244933e+01
 4.61778414e+01
 5.70926624e+01
 9.95516575e+01
 5.02910505e+01
 3.05638452e+01
 1.75623547e+01
 7.66060787e+01
 1.51391301e+02
 3.41351710e+01
 3.42017539e+01
 3.43560228e+01
 9.70904982e+01
 8.36564485e+01
 4.64582715e+01
 4.27668260e+01
 5.09932443e+01
 7.25598835e+01
 9.84800457e+01
 3.03563767e+01
 5.99655336e+01
 4.42748758e+01
 4.57840391e+01
 5.80581188e+01
 3.82030852e+01
 1.14492894e+02
 2.22933806e+01
 1.21983555e+02
 1.22867215e+02
 3.74490312e+01
 5.73180162e+01
 5.66108407e+01
 5.15442118e+01
 9.07233877e+01
 2.90390470e+01
 5.57982893e+01
 2.28596471e+01
 1.02462627e+02
 9.94708696e+01
 3.75219068e+01
 1.29354207e+01
 6.33814676e+01
 7.31402673e+01
 4.67463848e+01
 1.31754723e+02
 2.32832878e+01
 3.65435545e+01
 1.64339356e+01
 1.05612338e+02
 6.12478585e+01
 1.09366052e+02
 4.36644191e+00
 4.21788364e+01
 1.19219820e+01
 9.07406599e+01
 3.78172620e+01
 5.57117191e+01
 7.14423035e+01
 2.23899936e+01
 5.35906339e+01
 1.62847591e+01
 4.67972504e+01
 9.42071886e+00
 1.89551640e+01
 3.47897509e+01
 5.40661125e+01
 4.33138764e+01
 1.05875633e+02
 6.63563355e+01
 3.59620532e+01
 4.25443032e+01
 2.86631639e+01
 3.57993093e+01
 8.99254118e+01
 8.04449092e+01
 2.08363236e+01
 4.92749891e+01
 1.76551118e+01
 6.93346555e+01
 6.30400407e+01
 6.97759109e+01
 3.86926910e+01
 2.32617786e+01
 4.54266793e+01
 2.22738966e+01
 3.24437921e+01
 5.56697248e+01
 1.29429638e+01
 5.55473433e+01
 3.28955707e+01
 6.42702067e+01
 3.30845345e+01
 8.09345310e+01
 6.15106614e+01
 4.57926918e+01
 1.01190485e+02
 2.16506351e+01
 6.56941309e+01
 6.32195387e+01
 5.32750805e+01
 7.61668394e+01
 4.55129415e+01
 2.63964430e+01
 4.26462778e+01
 5.59437911e+01
 5.39817861e+01
 4.54584008e+01
 6.09418250e+01
 2.90338295e+01
 1.40561861e+02
 2.18753491e+02
 1.07675813e+02
 3.37842057e+01
 1.53531491e+01
 8.76074888e+01
 8.96800450e+01
 8.74988047e+01
 2.64786985e+01
 3.01667036e+01
 8.30865826e+01
 5.04869301e+01
 7.23210728e+01
 7.36004372e+01
 3.51192625e+01
 6.76361562e+01
 2.66311587e+01
 5.84926314e+01
 3.79688081e+01
 3.88645055e+01
 1.29960275e+02
 1.48923774e+01
 5.73685581e+01
 4.58045257e+00
 3.02606549e+01
 1.00334266e+02
 1.15539044e+02
 2.61905092e+01
 4.96196501e+01
 3.54599090e+01
 2.19312046e+01
 9.63425906e+01
 6.92580451e+01
 7.58431852e+00
 3.78028740e+01
 6.51641098e+01
 8.39168948e+01
 9.39198144e+00
 8.10762326e+01
 7.37200306e+00
 6.42211488e+00
 6.28798602e+01
 8.61604598e+01
 5.78089073e+01
 5.07975047e+01
 9.01672972e+00
 3.36552900e+00
 1.13009948e+02
 4.20610611e+01
 7.91263342e+01
 2.58954450e+00
 1.83511175e+01
 1.18275329e+01
 7.07215697e+00
 1.58404014e+02
 1.21752594e+02
 1.92182226e+01
 3.52236812e+01
 6.94291525e+01
 6.40707052e+01
 6.16565593e+01
 7.08287734e+01
 4.47706573e+01
 5.14322146e+01
 1.00436694e+02
 3.30907571e+01
 3.52829186e+01
 1.48398053e+02
 4.25395673e+01
 2.68955360e+01
 1.12736574e+01
 1.47958122e+02
 1.38667167e+02
 7.59415625e+01
 1.75638784e+01
 2.04483190e+01
 1.03560555e+02
 8.11937886e+01
 5.40899299e+01
 8.30638012e+01
 1.90484572e+01
 2.09052914e+01
 1.92679050e+01
 1.50185728e+01
 8.50306005e+01
 3.09313703e+01
 3.82267047e+01
 5.56280233e+01
 3.94532869e+01
 4.74780855e+01
 8.70049643e+00
 9.21571982e+01
 5.17209589e+01
 9.08484282e+01
 1.28399859e+01
 4.18167287e+01
 5.71769723e+01
 2.99495985e+01
 1.11954194e+01
 1.32026803e+02
 4.55626935e+01
 7.49040706e+01
 9.19758137e+01
 1.92567377e+02
 9.43342235e+01
 6.71846210e+00
 4.39165795e+01
 9.34003779e+01
 3.88924146e+01
 8.30930353e+01
 7.07507748e+01
 5.72097413e+01
 9.25787796e+00
 3.67788761e+01
 4.08485592e+01
 6.09333916e+01
 4.97799663e+01
 3.14559808e+01
 2.59502182e+01
 2.29883122e+01
 6.22414942e+01
 1.66082005e+02
 2.51442488e+01
 2.06680917e+01
 3.98210146e+01
 1.16962394e+02
 9.10612706e+01
 7.15344817e+01
 8.40894937e+01
 3.48284150e+01
 6.23927498e+01
 1.40592582e+02
 1.13682401e+02
 3.48605037e+01
 4.61270899e+01
 5.16406965e+01
 1.45966141e+01
 5.39668677e+01
 8.29904408e+01
 4.87852331e+01
 7.87647499e+01
 2.21125586e+01
 1.16548582e+01
 6.18566726e+01
 1.10315004e+02
 7.46000027e+01
 5.93869176e+01
 6.04661686e+01
 3.49946528e+01
 5.68488785e+01
 6.68479891e+01
 6.55993758e+01
 6.54390357e+01
 7.94335918e+00
 2.94958050e+01
 9.36681420e+01
 7.62778085e+01
 1.32610881e+01
 2.72632464e+01
 1.10045301e+02
 7.79017727e+00
 5.53651507e+01
 7.46694426e+01
 6.49078662e+01
 6.03046292e+01
 9.38144514e+01
 1.00140900e+01
 4.98210748e+01
 6.96128652e+01
 4.17721454e+01
 3.53600261e+01
 3.21756723e+01
 1.74560444e+02
 4.30088563e+01
 3.21173363e+01
 1.20649704e+02
 1.51706197e+02
 3.30830253e+01
 5.75550624e+01
 6.48305975e+01
 4.25601615e+01
 1.05337860e+02
 3.63399496e+01
