 -3.11081543e+00
 -3.42504883e-01
 6.23684082e+00
 9.68047485e+00
 1.54251648e+01
 2.08334595e+01
 2.56687561e+01
 2.26157471e+01
 1.88221375e+01
 1.25688416e+01
 4.97234497e+00
 4.19503174e+00
 4.00014648e+00
 3.29070435e+00
 6.71611938e+00
 8.41661987e+00
 1.49640747e+01
 2.21186157e+01
 2.47524658e+01
 2.27012878e+01
 1.61913696e+01
 1.10884644e+01
 6.59075317e+00
 6.01821289e+00
 1.49169922e-02
 1.17546997e+00
 3.85918579e+00
 1.00191589e+01
 1.64273010e+01
 2.10861450e+01
 2.54717651e+01
 2.49282776e+01
 1.38931213e+01
 1.24654785e+01
 4.93856201e+00
 3.53612671e+00
 2.19518433e+00
 5.27868042e+00
 6.02636108e+00
 9.86641846e+00
 1.59869934e+01
 1.86617981e+01
 2.07066895e+01
 2.41669861e+01
 1.73206421e+01
 1.03429199e+01
 3.71129761e+00
 3.92455444e+00
 2.38292847e+00
 2.48674927e+00
 5.94915161e+00
 9.94765625e+00
 1.66510864e+01
 2.19104553e+01
 2.35469604e+01
 2.43321472e+01
 1.64684387e+01
 9.65520630e+00
 5.68721924e+00
 2.77605591e+00
 2.85164795e+00
 1.52108154e+00
 5.98806152e+00
 1.12764526e+01
 1.73637329e+01
 2.38376099e+01
 2.63535400e+01
 2.20926758e+01
 1.87602173e+01
 1.38862549e+01
 7.65133057e+00
 5.86754761e+00
 5.68872070e-01
 5.26076660e+00
 6.18767700e+00
 1.42049194e+01
 1.48785950e+01
 2.24878784e+01
 2.28015076e+01
 2.30939270e+01
 1.86713501e+01
 1.31203247e+01
 8.50667725e+00
 2.53554688e+00
 2.74767456e+00
 3.65279541e+00
 3.56456909e+00
 1.14410950e+01
 1.72435242e+01
 2.28249146e+01
 2.52116943e+01
 2.19236389e+01
 1.67246338e+01
 1.10573975e+01
 8.48229370e+00
 5.50701294e+00
 1.35228882e+00
 2.24346313e+00
 7.92608032e+00
 1.01392151e+01
 1.69764954e+01
 2.04274841e+01
 2.64744202e+01
 2.64963928e+01
 1.86388489e+01
 1.00895935e+01
 5.61403809e+00
 9.61572266e-01
 6.77362061e-01
 3.15203247e+00
 6.97911987e+00
 1.09198547e+01
 1.46440369e+01
 2.08235718e+01
 2.46479736e+01
 2.06757141e+01
 1.82139526e+01
 1.26206299e+01
 4.10460815e+00
 3.59414063e+00
 -2.95471191e-02
 3.41463623e+00
 6.29802856e+00
 9.07695923e+00
 1.45941711e+01
 2.31383606e+01
 2.39943176e+01
 2.25798279e+01
 1.85406128e+01
 1.29531799e+01
 4.25649414e+00
 1.52205811e+00
 1.51802979e+00
 7.56527100e+00
 8.37606201e+00
 1.12988831e+01
 1.96404663e+01
 2.45964600e+01
 2.28745667e+01
 2.31790100e+01
 1.88596741e+01
 1.18100220e+01
 4.53319702e+00
 1.05324707e+00
 1.01831055e-01
 1.62590942e+00
 2.77242432e+00
 1.16008240e+01
 1.52531372e+01
 2.03001343e+01
 2.40842834e+01
 2.29634033e+01
 1.55932556e+01
 1.13745972e+01
 6.86333618e+00
 3.46704102e-01
 -8.44891968e+00
 -4.18500366e+00
 7.72393188e+00
 1.11716553e+01
 1.77238403e+01
 2.37175232e+01
 2.64880615e+01
 2.66519104e+01
 1.80141235e+01
 1.29857117e+01
 6.01699219e+00
 2.30452881e+00
 -1.61463013e+00
 4.90044556e+00
 8.66634521e+00
 1.23773438e+01
 1.85163818e+01
 2.41922546e+01
 2.41688171e+01
 2.70149780e+01
 1.77801147e+01
 1.59629761e+01
 8.46431885e+00
 5.44408569e+00
 2.86254272e+00
 5.57140503e+00
 7.15535889e+00
 1.18685547e+01
 1.59164673e+01
 2.50536743e+01
 2.72314392e+01
 2.29312073e+01
 1.87687012e+01
 7.31835327e+00
 6.08233032e+00
 6.38696289e-01
 5.15560303e+00
 -1.25009766e+00
 4.98681030e+00
 8.31804810e+00
 1.37332092e+01
 2.03531433e+01
 2.66641785e+01
 2.47474304e+01
 1.86333252e+01
 1.33560120e+01
 5.16927490e+00
 3.98238525e+00
 2.36348877e+00
 4.13543091e+00
 6.47011719e+00
 1.11048218e+01
 1.83540894e+01
 2.19303528e+01
 2.59568726e+01
 2.44500671e+01
 1.84050537e+01
 1.26677185e+01
 8.25252686e+00
 1.86004028e+00
 5.45647583e+00
 -2.36063232e+00
 6.64382324e+00
 1.13288818e+01
 1.72086731e+01
 2.12889343e+01
 2.22372375e+01
 2.36156555e+01
 2.15140930e+01
 8.92653809e+00
 9.68923340e+00
 5.80782471e+00
 7.16394043e-01
 3.83535156e+00
 7.14989624e+00
 1.06974731e+01
 1.46684509e+01
 2.17456299e+01
 2.55135742e+01
 2.37702881e+01
 1.92929626e+01
 1.48910767e+01
 8.35378418e+00
 4.23836670e+00
 2.10158691e+00
 5.73595581e+00
 9.47121582e+00
 1.05021912e+01
 1.95333801e+01
 1.96343933e+01
 2.72310425e+01
 2.36659180e+01
 1.82702576e+01
 1.17406555e+01
 5.95681152e+00
 9.81469727e-01
 2.53435669e+00
 2.94890747e+00
 6.35027466e+00
 8.79409180e+00
 1.41182495e+01
 2.25438782e+01
 2.41780945e+01
 2.41401917e+01
 1.68299805e+01
 1.02988220e+01
 8.11379395e+00
 9.26171875e-01
 2.61770020e+00
 3.97167358e+00
 6.23146973e+00
 9.34377441e+00
 1.47263733e+01
 2.43372131e+01
 2.54682251e+01
 2.52488953e+01
 1.79767700e+01
 1.07049805e+01
 5.12072144e+00
 1.25457153e+00
 -3.63223877e+00
 1.11339722e+00
 3.60735474e+00
 1.03614746e+01
 1.58441101e+01
 2.20666748e+01
 2.48948914e+01
 2.67445007e+01
 1.80043884e+01
 1.29056641e+01
 9.26284180e+00
 4.86840210e+00
 3.84938965e+00
 4.38018188e+00
 7.52926025e+00
 1.01050964e+01
 1.86993652e+01
 2.38605591e+01
 2.34817749e+01
 2.44398743e+01
 1.92530762e+01
 1.08384033e+01
 9.23159180e+00
 5.23537598e+00
 4.64425049e+00
 4.63054810e+00
 8.61705933e+00
 1.09094177e+01
 1.94006592e+01
 2.43345886e+01
 2.59547974e+01
 2.23322998e+01
 1.56535889e+01
 9.44066772e+00
 7.13240967e+00
 2.51787720e+00
 2.35939941e+00
 8.18468628e+00
 9.75591431e+00
 1.36194702e+01
 1.81524597e+01
 2.62307068e+01
 2.47740417e+01
 2.69970337e+01
 2.02220093e+01
 1.10341125e+01
 8.04781494e+00
 4.99224243e+00
 -8.34600830e-01
 -1.03598633e+00
 3.22854004e+00
 1.20712219e+01
 1.55557800e+01
 2.51057678e+01
 2.88504883e+01
 2.74036499e+01
 1.83677307e+01
 1.13677307e+01
 4.26687012e+00
 2.90771484e-02
 7.71844482e-01
 5.59417114e+00
 7.53353271e+00
 1.24623352e+01
 1.67096802e+01
 2.30325256e+01
 2.55003601e+01
 2.72625671e+01
 1.55094543e+01
 9.99129639e+00
 7.00048218e+00
 5.15130005e+00
 1.58764038e+00
 2.12679443e+00
 6.95159302e+00
 1.22956177e+01
 1.58740479e+01
 2.12553955e+01
 2.76134888e+01
 2.46022583e+01
 1.98162170e+01
 1.36228882e+01
 7.05675659e+00
 2.16506348e+00
 -1.60223999e+00
 5.50295410e+00
 5.98638306e+00
 1.12143494e+01
 1.80724121e+01
 2.30616089e+01
 2.82190491e+01
 2.40767761e+01
 2.03637634e+01
 1.16117798e+01
 6.34984741e+00
 8.19451904e-01
 -3.42603149e+00
 3.16478882e+00
 7.39342651e+00
 1.06041504e+01
 1.83887573e+01
 2.38876282e+01
 2.75822083e+01
 2.39156433e+01
 1.64283691e+01
 1.31831909e+01
 8.42803345e+00
 5.42723999e+00
 -2.46948242e-02
 1.69170532e+00
 7.60070190e+00
 1.13902222e+01
 1.71897522e+01
 2.26317383e+01
 2.92785278e+01
 2.71134583e+01
 2.08872620e+01
 1.38894897e+01
 7.26278076e+00
 4.25836182e-01
 4.01085815e+00
 4.68471680e+00
 8.08309326e+00
 8.73220215e+00
 1.53444153e+01
 1.85947510e+01
 2.33855225e+01
 2.63597961e+01
 1.79952026e+01
 1.04199158e+01
 4.32210693e+00
 3.83797607e+00
 6.69054565e+00
 1.43364868e+00
 7.46309814e+00
 1.05663696e+01
 1.67693726e+01
 2.09855896e+01
 2.44348083e+01
 2.25068298e+01
 1.77601868e+01
 1.13018127e+01
 2.91219482e+00
 -2.44196167e+00
 -1.06485596e+00
 5.07244263e+00
 5.83333740e+00
 7.77602539e+00
 1.72655884e+01
 2.33000122e+01
 2.54718262e+01
 2.48947998e+01
 1.90035339e+01
 1.42227112e+01
 7.94384155e+00
 2.85680542e+00
 9.24371338e-01
 3.41781006e+00
 1.08308350e+01
 1.29549500e+01
 2.05890137e+01
 2.41632935e+01
 2.96418396e+01
 2.68781982e+01
 2.19152771e+01
 1.32110229e+01
 8.41430054e+00
 3.58972168e-01
 3.58706055e+00
 5.46505127e+00
 7.68999634e+00
 1.00021301e+01
 1.69859558e+01
 2.57504211e+01
 2.73550964e+01
 2.65412537e+01
 1.75780884e+01
 1.40080811e+01
 8.21715698e+00
 3.19191895e+00
 8.03979492e-01
 3.40123901e+00
 9.37661133e+00
 1.27494141e+01
 1.48187805e+01
 2.03133484e+01
 2.54906555e+01
 2.48130737e+01
 1.90410706e+01
 1.57983337e+01
 6.79741821e+00
 4.95900879e+00
 4.49251709e+00
 5.89537964e+00
 7.85942993e+00
 1.11583496e+01
 1.77150818e+01
 2.20082947e+01
 2.48744751e+01
 2.87628418e+01
 2.06028687e+01
 1.19136292e+01
 3.28588257e+00
 -2.99112549e+00
 3.11171875e+00
 2.41787109e+00
 9.54262695e+00
 1.05018860e+01
 1.59866882e+01
 2.11183411e+01
 2.68716980e+01
 2.46523071e+01
 2.07203918e+01
 1.36842896e+01
 7.68450317e+00
 4.62526855e+00
 3.69359741e+00
 3.61684570e+00
 6.40807495e+00
 1.13384338e+01
 1.45397583e+01
 1.91879517e+01
 2.64441467e+01
 2.75343567e+01
 1.91096436e+01
 1.36207214e+01
 7.56591187e+00
 6.89266357e+00
 2.19704590e+00
 6.14492188e+00
 8.10665283e+00
 1.34533936e+01
 1.61965576e+01
 2.16507813e+01
 2.72015930e+01
 2.47965332e+01
 1.88380981e+01
 1.35891663e+01
 8.52382813e+00
 5.26479492e+00
 5.13326416e+00
 3.92183838e+00
 7.48772583e+00
 1.20937439e+01
 1.70036560e+01
 2.62902771e+01
 2.61302429e+01
 2.30405518e+01
 1.60502258e+01
 1.66172729e+01
 3.50176392e+00
 5.85992432e-01
 2.59908447e+00
 2.12124023e+00
 6.47878418e+00
 1.22764526e+01
 1.50170532e+01
 1.87178284e+01
 2.22794739e+01
 2.32288757e+01
 2.01288696e+01
 1.20254150e+01
 5.69838867e+00
 4.28997192e+00
 3.78900146e-01
 5.61681519e+00
 1.10617310e+01
 1.39256226e+01
 1.55544678e+01
 2.10794922e+01
 2.53538147e+01
 2.39056641e+01
 2.19797302e+01
 1.30316406e+01
 7.08593140e+00
 1.10070801e-01
 1.87764893e+00
 7.95922241e+00
 9.17192993e+00
 1.26451660e+01
 1.31330811e+01
 1.94831787e+01
 2.33069397e+01
 2.84278198e+01
 2.20114075e+01
 1.51786133e+01
 9.01452026e+00
 7.54064331e+00
 4.17208252e+00
 4.80230103e+00
 7.64766846e+00
 9.02605591e+00
 1.45283447e+01
 2.34492432e+01
 2.71735779e+01
 2.23527466e+01
 2.18488098e+01
 1.48576904e+01
 9.62191162e+00
 4.88219604e+00
 2.85003052e+00
 5.24654541e+00
 9.04210815e+00
 1.17755371e+01
 1.60747925e+01
 2.36327454e+01
 2.89770142e+01
 2.67076660e+01
 1.98124634e+01
 1.17969604e+01
 8.51366577e+00
 3.96843872e+00
 3.35363159e+00
 6.18093262e+00
 7.06148682e+00
 1.24085022e+01
 1.90895630e+01
 2.55219055e+01
 2.77676331e+01
 2.71885315e+01
 1.85604492e+01
 1.35357605e+01
 5.25078735e+00
 3.33544312e+00
 4.98342285e+00
 6.37828979e+00
 7.27694092e+00
 1.37976624e+01
 1.88362061e+01
 2.77566162e+01
 2.72954041e+01
 2.32436157e+01
 1.78525635e+01
 1.39258667e+01
 6.69518433e+00
 6.73293457e+00
 5.20165405e+00
 3.90532837e+00
 6.08690796e+00
 1.07830750e+01
 1.59901367e+01
 2.35101868e+01
 2.60984131e+01
 2.61926208e+01
 1.91582275e+01
 1.46184937e+01
 7.51561890e+00
 2.24337158e+00
 3.62041626e+00
 4.96599731e+00
 7.23647461e+00
 9.62990723e+00
 1.83849121e+01
 2.16149536e+01
 2.78925720e+01
 2.60970093e+01
 2.01470886e+01
 1.26332642e+01
 4.18300781e+00
 3.37697754e+00
 -1.88665771e-01
 4.52581177e+00
 8.24553833e+00
 1.21940247e+01
 1.69016357e+01
 2.23894592e+01
 2.58881775e+01
 2.30881897e+01
 1.91076294e+01
 1.65364014e+01
 1.01206909e+01
 2.76119385e+00
 5.66930542e+00
 4.97210083e+00
 1.07932373e+01
 1.51235291e+01
 1.91209351e+01
 2.28465210e+01
 2.83698364e+01
 2.77893616e+01
 1.82427612e+01
 1.29325806e+01
 7.18255005e+00
 3.21428833e+00
 6.60961304e+00
 7.13497314e+00
 8.14452515e+00
 1.08824097e+01
 1.98774963e+01
 2.57384888e+01
 2.72955566e+01
 2.59746948e+01
 2.03253418e+01
 1.35712830e+01
 6.75902710e+00
 1.72683105e+00
 -7.19055176e-02
 1.91698608e+00
 6.38680420e+00
 1.52574097e+01
 1.91160828e+01
 2.51306396e+01
 2.66289307e+01
 2.68411499e+01
 2.09691406e+01
 1.40101257e+01
 1.08641296e+01
 8.27013550e+00
 3.79189453e+00
 1.21303711e+00
 6.53035889e+00
 1.19123474e+01
 1.72653442e+01
 2.03861938e+01
 2.43471924e+01
 2.57945496e+01
 1.85625244e+01
 1.28517700e+01
 5.08071289e+00
 6.55095825e+00
 7.01677856e+00
 3.29882202e+00
 9.29192505e+00
 1.28885742e+01
 1.79169861e+01
 2.07217651e+01
 2.58134399e+01
 2.54028259e+01
 1.92125488e+01
 1.29403931e+01
 6.65313110e+00
 3.13256226e+00
 3.45864258e+00
 5.62252197e+00
 8.62111816e+00
 1.19197021e+01
 1.34553162e+01
 2.41988159e+01
 2.47303101e+01
 2.27519470e+01
 1.95521790e+01
 1.09372498e+01
 6.91216431e+00
 4.44860229e+00
 2.87777100e+00
 7.01906738e+00
 9.37468872e+00
 1.29055115e+01
 1.83476501e+01
 2.43779541e+01
 2.71608826e+01
 2.54020325e+01
 1.87487427e+01
 1.22622925e+01
 9.22948608e+00
 7.86708984e+00
 -3.92340088e-01
 2.17348633e+00
 7.71993408e+00
 1.43866516e+01
 1.66694580e+01
 2.22381531e+01
 2.61416260e+01
 2.47877747e+01
 1.70253235e+01
 1.32996460e+01
 7.31240234e+00
 2.57915649e+00
 -6.90445557e+00
 3.87963867e-01
 4.72677002e+00
 1.01286865e+01
 1.71266113e+01
 2.11101013e+01
 2.57895142e+01
 2.38690735e+01
 1.89409729e+01
 1.75893494e+01
 7.70421753e+00
 6.92052612e+00
 6.22115479e+00
 4.34572754e+00
 9.71059570e+00
 1.31236816e+01
 1.97439819e+01
 2.18797546e+01
 2.73538452e+01
 2.69052063e+01
 2.17305847e+01
 1.71400696e+01
 7.99279175e+00
 5.89608154e+00
 1.38021240e+00
 4.16414795e+00
 7.57888184e+00
 1.46462952e+01
 1.79510132e+01
 2.08566528e+01
 2.82976318e+01
 2.82386719e+01
 1.90172058e+01
 1.36493774e+01
 8.87151489e+00
 2.28072510e+00
 4.78295898e-01
 2.96050415e+00
 9.34432373e+00
 1.21558167e+01
 1.70429016e+01
 2.28551880e+01
 2.81144348e+01
 2.65099731e+01
 2.21020752e+01
 1.33401733e+01
 6.04128418e+00
 6.79741821e+00
 6.37331543e+00
 5.44100342e+00
 1.01512085e+01
 1.25288025e+01
 1.62399231e+01
 2.32448669e+01
 2.78858276e+01
 2.63980957e+01
 1.90118042e+01
 1.39306274e+01
 8.07543335e+00
 5.76305542e+00
 8.42656860e+00
 6.30504761e+00
 8.47237549e+00
 1.25647522e+01
 1.85249573e+01
 2.64906555e+01
 3.00872437e+01
 2.35485779e+01
 1.73359619e+01
 1.28617493e+01
 9.18261108e+00
 6.59615479e+00
 3.04418335e+00
 6.85302124e+00
 7.22426758e+00
 9.29305420e+00
 1.69121948e+01
 2.12856995e+01
 2.59542175e+01
 2.74569031e+01
 2.11491028e+01
 1.24458252e+01
 6.82747803e+00
 5.40081177e+00
 1.53365479e+00
 5.23745117e+00
 5.44063721e+00
 1.17235962e+01
 2.02128845e+01
 2.36068054e+01
 3.01072632e+01
 2.73608948e+01
 1.92358643e+01
 1.51673218e+01
 7.99672852e+00
 1.59530029e+00
 4.39312134e+00
 4.38811646e+00
 7.66729126e+00
 1.26859070e+01
 1.72395874e+01
 2.13463074e+01
 2.36907898e+01
 2.57925354e+01
 2.07231079e+01
 1.43501831e+01
 8.47890625e+00
 3.65053711e+00
 4.47442627e-01
 5.27657471e+00
 8.09563599e+00
 1.16924988e+01
 1.82802673e+01
 2.34730164e+01
 2.94389893e+01
 2.75269714e+01
 1.91365906e+01
 1.52227417e+01
 5.81405029e+00
 4.97713623e+00
 5.95544434e-01
 3.92443237e+00
 9.56411133e+00
 1.50532776e+01
 1.82740417e+01
 2.34081665e+01
 2.60102783e+01
 2.57355896e+01
 1.91719299e+01
 1.54805237e+01
 9.89660034e+00
 6.88579712e+00
 6.15767822e+00
 8.87429199e+00
 4.84328613e+00
 1.27340332e+01
 1.70369202e+01
 2.68153015e+01
 2.85559326e+01
 2.87725769e+01
 2.00662476e+01
 1.07095276e+01
 8.38118896e+00
 5.20366821e+00
 5.02618408e-01
 3.94097290e+00
 7.71602783e+00
 1.39796692e+01
 1.87824951e+01
 2.47400146e+01
 2.98724304e+01
 2.76962219e+01
 2.34757324e+01
 1.31899353e+01
 1.00716797e+01
 6.74096069e+00
 3.63732300e+00
 3.94158325e+00
 9.36269531e+00
 1.55448242e+01
 1.89405762e+01
 2.80346313e+01
 2.92114197e+01
 2.79616638e+01
 2.27719666e+01
 1.09995361e+01
 7.19289551e+00
 4.54393921e+00
 5.60204468e+00
 5.70430908e+00
 9.40108643e+00
 1.21696411e+01
 1.84742371e+01
 2.44247681e+01
 2.98556763e+01
 2.85152832e+01
 1.74417969e+01
 1.21272217e+01
 6.12725220e+00
 7.83593750e-01
 4.12856445e+00
 4.09987793e+00
 7.62261353e+00
 1.15724731e+01
 1.95230042e+01
 2.55024353e+01
 3.20745483e+01
 2.83190552e+01
 2.15046326e+01
 1.32693115e+01
 6.43242798e+00
 4.45366821e+00
 1.42540894e+00
 5.72918091e+00
 8.61419067e+00
 1.40020691e+01
 1.64859253e+01
 2.09989868e+01
 2.62864319e+01
 2.89613281e+01
 2.29833313e+01
 1.21663757e+01
 5.46041260e+00
 2.75829468e+00
 4.29027710e+00
 3.77565918e+00
 7.65844116e+00
 1.12161194e+01
 1.36631714e+01
 2.28245483e+01
 2.72969910e+01
 2.58912903e+01
 2.22362915e+01
 1.15510193e+01
 3.78643188e+00
 2.34789429e+00
 1.05150757e+00
 4.81856689e+00
 9.01235352e+00
 1.09877869e+01
 1.55461975e+01
 2.30948730e+01
 2.72481323e+01
 2.57957397e+01
 1.75178162e+01
 1.48781067e+01
 8.44729004e+00
 5.63012085e+00
 4.14763794e+00
 2.22472534e+00
 9.16225586e+00
 1.20941101e+01
 1.79653259e+01
 2.52665649e+01
 2.97288757e+01
 2.60815979e+01
 1.89542786e+01
 1.46247192e+01
 9.44960938e+00
 -1.15362549e-01
 1.86812744e+00
 3.58291016e+00
 1.01237427e+01
 1.30489441e+01
 1.68944641e+01
 2.09622131e+01
 2.86375061e+01
 2.52977234e+01
 2.34143616e+01
 1.48875061e+01
 8.63466797e+00
 3.06743774e+00
 6.75936279e+00
 4.63976440e+00
 8.88894043e+00
 1.02364441e+01
 1.72588440e+01
 2.50887085e+01
 3.04983459e+01
 2.58676086e+01
 2.21966492e+01
 1.40290161e+01
 7.76915894e+00
 3.63314209e+00
 5.86220703e+00
 5.33995972e+00
 6.88628540e+00
 1.25016418e+01
 1.79080139e+01
 2.36794678e+01
 2.66251160e+01
 2.64279724e+01
 1.92033630e+01
 1.65486389e+01
 7.57396851e+00
 3.25347290e+00
 7.89739380e+00
 4.93450317e+00
 7.51177368e+00
 1.33822876e+01
 2.02007080e+01
 2.94389587e+01
 3.19338318e+01
 2.97687927e+01
 1.91040588e+01
 1.44936768e+01
 3.90810547e+00
 2.82262573e+00
 4.01336060e+00
 8.83837280e+00
 8.03661499e+00
 1.11999146e+01
 1.61978699e+01
 2.26731812e+01
 2.64773804e+01
 2.67304016e+01
 2.09894348e+01
 1.51456238e+01
 1.28860413e+01
 6.03823242e+00
 4.12008057e+00
 9.31697998e+00
 8.75338135e+00
 1.53068176e+01
 1.86239258e+01
 2.16708313e+01
 2.48943115e+01
 2.84403015e+01
 1.92674805e+01
 1.23142944e+01
 8.75887451e+00
 3.17885742e+00
 2.68322144e+00
 6.19210205e+00
 8.72023926e+00
 1.34248901e+01
 1.84274231e+01
 2.20957581e+01
 2.79971252e+01
 2.34077087e+01
 1.86260925e+01
 1.72889038e+01
 7.90410767e+00
 5.73449097e+00
 4.55938110e+00
 6.07027588e+00
 4.95858154e+00
 1.34635559e+01
 1.95038696e+01
 2.69051758e+01
 2.68613831e+01
 2.73819519e+01
 2.44577576e+01
 1.04800049e+01
 8.21502075e+00
 5.49578247e+00
 3.92189941e+00
 3.68154297e+00
 7.26372681e+00
 1.22947632e+01
 1.70913025e+01
 2.61250854e+01
 2.87184998e+01
 2.90365234e+01
 1.98346191e+01
 1.29618469e+01
 1.10189148e+01
 5.77562866e+00
 4.12194214e+00
 7.14208374e+00
 7.48305664e+00
 1.61874634e+01
 1.93158203e+01
 2.44682251e+01
 2.97975098e+01
 2.70473267e+01
 2.08578430e+01
 1.62305542e+01
 7.34737549e+00
 6.74547729e+00
 4.83587036e+00
 7.61901245e+00
 8.50747070e+00
 1.43205505e+01
 1.92396790e+01
 2.63307434e+01
 2.93935791e+01
 2.33078247e+01
 1.85944458e+01
 1.50184265e+01
 6.15944824e+00
 5.61373291e+00
 8.97790527e-01
 6.98598633e+00
 9.13088379e+00
 1.16690002e+01
 1.56885925e+01
 2.03803955e+01
 2.46154724e+01
 2.51969238e+01
 2.16747070e+01
 1.50837341e+01
 1.15067993e+01
 1.17354736e+00
 4.58852539e+00
 4.76983032e+00
 7.42971191e+00
 1.07647339e+01
 1.82536255e+01
 2.06227966e+01
 2.76581360e+01
 2.74379822e+01
 2.19645020e+01
 1.47860046e+01
 6.05156860e+00
 1.72640381e+00
 3.72558594e-02
 5.58184204e+00
 6.36678467e+00
 1.20114380e+01
 2.13465210e+01
 2.72396790e+01
 2.97004944e+01
 2.86643921e+01
 2.02361694e+01
 1.77239014e+01
 9.03304443e+00
 7.83657227e+00
 5.74343262e+00
 5.08855591e+00
 7.23293457e+00
 1.46911865e+01
 2.01273743e+01
 2.47779480e+01
 3.18882385e+01
 2.72973572e+01
 2.29292847e+01
 1.59076782e+01
 7.34691772e+00
 6.24321899e+00
 3.30666504e+00
 8.15038452e+00
 1.03089844e+01
 1.25725952e+01
 2.06367737e+01
 2.57065063e+01
 2.56287476e+01
 2.55550476e+01
 2.13759705e+01
 1.34658752e+01
 8.39421997e+00
 7.90764771e+00
 5.19646606e+00
 5.71306763e+00
 7.00335083e+00
 1.29591919e+01
 1.95357605e+01
 2.50632263e+01
 3.14161621e+01
 2.63464294e+01
 2.47940308e+01
 1.28892151e+01
 6.14721069e+00
 3.13549194e+00
 6.87816772e+00
 7.58675537e+00
 7.80129395e+00
 1.38746582e+01
 1.77990662e+01
 2.28358704e+01
 2.71476990e+01
 2.71573120e+01
 2.17779175e+01
 1.71925903e+01
 1.05837952e+01
 3.41488037e+00
