 5.59572754e+00
 4.00765381e+00
 6.67864380e+00
 9.46187744e+00
 1.44936768e+01
 1.90324036e+01
 2.07547852e+01
 2.01591736e+01
 1.76081177e+01
 1.38129517e+01
 1.05107361e+01
 7.66564331e+00
 6.67119751e+00
 5.57476196e+00
 8.55803833e+00
 1.23712097e+01
 1.67201477e+01
 1.87946106e+01
 2.13711182e+01
 2.07609497e+01
 2.06007935e+01
 1.38230530e+01
 1.14865356e+01
 6.37212524e+00
 4.31560669e+00
 6.20470581e+00
 7.67434082e+00
 1.36124817e+01
 1.48091980e+01
 1.80607849e+01
 2.07689758e+01
 2.07974792e+01
 1.58834473e+01
 1.35496765e+01
 1.07337891e+01
 5.66304932e+00
 6.72506104e+00
 5.72374878e+00
 7.90685425e+00
 9.96621094e+00
 1.23850342e+01
 1.82598206e+01
 2.15090271e+01
 2.19876953e+01
 1.95978943e+01
 1.39497925e+01
 1.01206604e+01
 6.38775024e+00
 2.67171631e+00
 6.87816772e+00
 7.92583618e+00
 1.12165466e+01
 1.45277649e+01
 1.84578186e+01
 2.17866455e+01
 2.19703003e+01
 1.94603821e+01
 1.33213745e+01
 9.66729126e+00
 6.52279053e+00
 3.17833862e+00
 7.03399048e+00
 9.85064087e+00
 1.35172363e+01
 1.47810608e+01
 1.66504761e+01
 2.02044312e+01
 2.22700134e+01
 1.81855103e+01
 1.45957581e+01
 1.06155029e+01
 8.01616821e+00
 8.04396973e+00
 7.72832642e+00
 1.01164490e+01
 1.06426025e+01
 1.57057434e+01
 2.03397461e+01
 2.27458740e+01
 2.17142578e+01
 1.86285034e+01
 1.42760864e+01
 8.88717041e+00
 8.43468628e+00
 6.00063477e+00
 7.49706421e+00
 8.32406006e+00
 1.28980347e+01
 1.70920654e+01
 1.96825500e+01
 2.17126404e+01
 2.24224792e+01
 1.69438110e+01
 1.41793457e+01
 1.13633057e+01
 7.87108765e+00
 7.05010376e+00
 6.87694702e+00
 8.61696777e+00
 1.09883057e+01
 1.41096741e+01
 1.92358948e+01
 2.21165405e+01
 2.09245850e+01
 1.83029114e+01
 1.56597534e+01
 1.00236450e+01
 6.35735474e+00
 5.76180420e+00
 5.58226929e+00
 7.72683105e+00
 1.18662048e+01
 1.56855713e+01
 1.69526611e+01
 2.11996704e+01
 1.96411377e+01
 1.87662292e+01
 1.41856323e+01
 7.34774170e+00
 5.27382813e+00
 3.48784790e+00
 5.26644287e+00
 9.54564819e+00
 9.37868652e+00
 1.35827271e+01
 2.05478149e+01
 2.20986877e+01
 2.10726257e+01
 1.67212769e+01
 1.46045471e+01
 8.32235107e+00
 7.96691284e+00
 6.24773560e+00
 6.16292725e+00
 7.64275513e+00
 1.13474060e+01
 1.65043274e+01
 1.82645813e+01
 1.95507751e+01
 2.17679382e+01
 1.83497253e+01
 1.42355896e+01
 9.25020752e+00
 4.01500854e+00
 5.61913452e+00
 5.96837769e+00
 7.67296753e+00
 1.07946106e+01
 1.33761230e+01
 1.89051453e+01
 2.23977295e+01
 2.17310730e+01
 1.75117432e+01
 1.39052979e+01
 7.80162964e+00
 4.86129150e+00
 2.45299683e+00
 3.46315918e+00
 6.45586548e+00
 8.75609741e+00
 1.55732971e+01
 2.18701111e+01
 2.18882996e+01
 2.10618835e+01
 1.81643616e+01
 1.37635132e+01
 1.07066284e+01
 7.33001099e+00
 4.91030273e+00
 6.40511475e+00
 9.52190552e+00
 1.19048096e+01
 1.73359009e+01
 2.08048950e+01
 2.20174194e+01
 2.35109802e+01
 1.89483887e+01
 1.47082764e+01
 1.09716736e+01
 5.92025146e+00
 4.84380493e+00
 6.61345825e+00
 8.66860352e+00
 1.10739380e+01
 1.29268433e+01
 2.05528503e+01
 2.30180298e+01
 2.21383911e+01
 1.67535645e+01
 1.48403870e+01
 1.16267639e+01
 6.81005249e+00
 5.48415527e+00
 6.85109863e+00
 9.20922241e+00
 1.02628418e+01
 1.46847168e+01
 1.94676758e+01
 2.17539612e+01
 2.33276917e+01
 1.69333435e+01
 1.32515198e+01
 8.11013184e+00
 7.41094360e+00
 7.38399658e+00
 7.77352295e+00
 1.00966431e+01
 1.07903076e+01
 1.32210632e+01
 1.96259094e+01
 2.09569336e+01
 2.15945374e+01
 1.84248901e+01
 1.40163818e+01
 9.10881958e+00
 3.36815796e+00
 1.23418579e+00
 2.41503296e+00
 7.81734619e+00
 9.96575317e+00
 1.50441833e+01
 1.84522949e+01
 2.24295898e+01
 2.16107422e+01
 1.82236877e+01
 1.39871155e+01
 9.91875610e+00
 6.63836060e+00
 3.20919189e+00
 6.23409424e+00
 6.75557861e+00
 1.09192444e+01
 1.42919861e+01
 2.06897217e+01
 2.17931458e+01
 2.02501160e+01
 1.76574341e+01
 1.51997009e+01
 1.09842468e+01
 6.82348022e+00
 4.83782349e+00
 3.79137573e+00
 7.79467163e+00
 1.19798828e+01
 1.56312500e+01
 2.14826904e+01
 2.34471375e+01
 2.18586975e+01
 1.75675598e+01
 1.60457092e+01
 1.15137573e+01
 9.68880615e+00
 7.18654785e+00
 5.98058472e+00
 9.56331787e+00
 1.59730164e+01
 1.79781128e+01
 2.13524109e+01
 2.60434204e+01
 2.30288330e+01
 1.99131714e+01
 1.54724365e+01
 9.87874756e+00
 7.85457764e+00
 6.87041626e+00
 5.51513062e+00
 9.50588379e+00
 1.23892151e+01
 1.67172791e+01
 2.10992981e+01
 2.09255615e+01
 2.10122925e+01
 1.84460083e+01
 1.13506409e+01
 1.01050964e+01
 7.05083618e+00
 4.41674194e+00
 6.32167969e+00
 6.28707275e+00
 1.33474976e+01
 1.40330750e+01
 1.93760925e+01
 2.28587280e+01
 2.30268188e+01
 1.83592773e+01
 1.46376282e+01
 1.15386597e+01
 6.79372559e+00
 4.26949463e+00
 7.71126709e+00
 8.83748779e+00
 1.08807312e+01
 1.33345886e+01
 2.00253235e+01
 2.21132141e+01
 2.13227173e+01
 1.79853455e+01
 1.36107727e+01
 1.06912170e+01
 6.97356567e+00
 7.31871948e+00
 7.73653564e+00
 9.96624146e+00
 1.17536560e+01
 1.64898010e+01
 1.89366394e+01
 2.29047791e+01
 2.30156494e+01
 1.89080750e+01
 1.30266663e+01
 8.97344360e+00
 7.02532349e+00
 5.54921875e+00
 7.24706421e+00
 9.01830444e+00
 1.07000977e+01
 1.46611267e+01
 2.03803955e+01
 2.24627319e+01
 2.39497620e+01
 1.89963623e+01
 1.55167175e+01
 1.07354370e+01
 6.05529175e+00
 3.97246704e+00
 6.45421753e+00
 1.00487610e+01
 1.19683777e+01
 1.74055115e+01
 2.06684204e+01
 2.38015381e+01
 2.18065735e+01
 2.01296326e+01
 1.49066711e+01
 9.27422485e+00
 7.30788574e+00
 7.55623779e+00
 7.23540649e+00
 9.39354858e+00
 1.28594910e+01
 1.49204956e+01
 1.94392029e+01
 2.23065735e+01
 2.27001587e+01
 1.80706421e+01
 1.39776855e+01
 1.11263672e+01
 6.93999634e+00
 2.52550659e+00
 5.14354858e+00
 1.02035461e+01
 1.17473694e+01
 1.41576477e+01
 2.06406799e+01
 2.30318237e+01
 2.20818420e+01
 1.87508484e+01
 1.48781372e+01
 1.05305420e+01
 5.90508423e+00
 6.42501221e+00
 7.78563843e+00
 9.92678223e+00
 1.24359375e+01
 1.52470337e+01
 2.03148132e+01
 2.11013123e+01
 2.15017334e+01
 1.76884399e+01
 1.36697937e+01
 8.76519165e+00
 7.21093140e+00
 6.35546265e+00
 6.42907104e+00
 9.73375854e+00
 1.21733643e+01
 1.25299622e+01
 2.10406128e+01
 2.35152527e+01
 2.20118347e+01
 1.94833313e+01
 1.45391785e+01
 1.01089417e+01
 6.32210693e+00
 4.18557129e+00
 8.51018677e+00
 8.40688477e+00
 1.25265747e+01
 1.66544128e+01
 2.12149292e+01
 2.10957581e+01
 2.27330566e+01
 1.75315186e+01
 1.65238586e+01
 1.13004089e+01
 6.25255737e+00
 6.83825073e+00
 4.98146973e+00
 1.00395142e+01
 1.10613037e+01
 1.45513855e+01
 1.93477112e+01
 2.37158142e+01
 2.36020447e+01
 2.25754028e+01
 1.51328979e+01
 1.19106384e+01
 8.68563232e+00
 8.58428345e+00
 8.36336670e+00
 9.10100708e+00
 1.17539001e+01
 1.62421204e+01
 1.98120972e+01
 2.39459167e+01
 2.17366882e+01
 2.00440613e+01
 1.49977966e+01
 1.08464905e+01
 8.48171387e+00
 7.01302490e+00
 8.88067017e+00
 9.99825439e+00
 1.21675049e+01
 1.75451599e+01
 2.10523926e+01
 2.44847351e+01
 2.48873840e+01
 1.80483643e+01
 1.53729492e+01
 1.10738770e+01
 9.58754883e+00
 7.05684814e+00
 5.00814209e+00
 9.18392334e+00
 1.14656311e+01
 1.51873718e+01
 2.17887207e+01
 2.40721680e+01
 2.08857971e+01
 2.04319397e+01
 1.39686829e+01
 1.28304993e+01
 5.48775635e+00
 5.69713745e+00
 8.10610352e+00
 9.39660034e+00
 1.50475708e+01
 1.51907288e+01
 2.15737854e+01
 2.27931763e+01
 2.29323364e+01
 2.16946655e+01
 1.57072998e+01
 1.19957520e+01
 7.86492310e+00
 6.93966064e+00
 7.22368774e+00
 8.74215088e+00
 1.27555786e+01
 1.61392761e+01
 2.14452454e+01
 2.51903931e+01
 2.16996094e+01
 1.64356628e+01
 1.34835144e+01
 1.18786865e+01
 8.42135010e+00
 4.60009155e+00
 7.20092163e+00
 7.50933228e+00
 1.00634094e+01
 1.51160217e+01
 1.92333923e+01
 2.23030029e+01
 2.21172424e+01
 2.01445557e+01
 1.47289368e+01
 7.87523804e+00
 6.10286865e+00
 5.20989380e+00
 6.81548462e+00
 8.23916016e+00
 1.25823608e+01
 1.48215271e+01
 1.83991638e+01
 2.12205444e+01
 2.08566833e+01
 1.83524719e+01
 1.38235413e+01
 8.72246704e+00
 6.18905029e+00
 6.60021362e+00
 6.61388550e+00
 1.00199219e+01
 1.18455139e+01
 1.64869324e+01
 2.18443542e+01
 2.39520508e+01
 2.44739624e+01
 1.95363403e+01
 1.47055298e+01
 1.13403564e+01
 9.03875122e+00
 7.18102417e+00
 6.94829712e+00
 7.24413452e+00
 1.39619080e+01
 1.59865662e+01
 2.15950562e+01
 2.41832825e+01
 2.33166443e+01
 1.88240906e+01
 1.54934326e+01
 1.21484619e+01
 6.66903076e+00
 4.05715332e+00
 7.27886353e+00
 8.40218506e+00
 1.11848389e+01
 1.58805176e+01
 2.04932495e+01
 2.30698486e+01
 2.31870361e+01
 1.66337219e+01
 1.33619629e+01
 1.14525696e+01
 8.60332642e+00
 5.99373779e+00
 7.37145386e+00
 7.61489258e+00
 1.35205933e+01
 1.52183472e+01
 1.93085266e+01
 2.34345642e+01
 2.34580322e+01
 2.03050476e+01
 1.55094849e+01
 1.16878296e+01
 6.49913940e+00
 6.77410278e+00
 4.74144897e+00
 8.47731934e+00
 1.08825012e+01
 1.57726074e+01
 2.03834473e+01
 2.22310120e+01
 2.21781555e+01
 1.75440308e+01
 1.41188293e+01
 1.19963013e+01
 8.04354248e+00
 5.84661255e+00
 5.12932739e+00
 1.12662903e+01
 1.40504700e+01
 1.72642761e+01
 2.04821716e+01
 2.46421753e+01
 2.55101257e+01
 2.10872437e+01
 1.60096069e+01
 1.04519287e+01
 8.06566772e+00
 6.68032227e+00
 7.78109131e+00
 8.92516479e+00
 1.31970764e+01
 1.44194885e+01
 2.08941589e+01
 2.11438843e+01
 2.09650208e+01
 1.95054565e+01
 1.42016846e+01
 8.62136230e+00
 4.13945923e+00
 4.79506836e+00
 8.11123047e+00
 9.28768311e+00
 1.12326599e+01
 1.80712219e+01
 2.02582642e+01
 2.48689819e+01
 2.14302307e+01
 1.92679993e+01
 1.52679688e+01
 1.00244385e+01
 7.16768799e+00
 7.04342041e+00
 7.71563110e+00
 9.13201294e+00
 1.46769043e+01
 1.82830444e+01
 2.10644775e+01
 2.51567322e+01
 2.28115173e+01
 1.79335876e+01
 1.50129944e+01
 1.09339233e+01
 7.95479736e+00
 8.90276489e+00
 8.02044067e+00
 8.59038696e+00
 1.11240173e+01
 1.49108215e+01
 2.07068420e+01
 2.35652710e+01
 2.41126038e+01
 2.15752197e+01
 1.41925293e+01
 1.22056824e+01
 7.53334961e+00
 6.44024048e+00
 4.43880615e+00
 9.33239136e+00
 1.26643616e+01
 1.58604370e+01
 2.28905884e+01
 2.22172485e+01
 2.25598083e+01
 1.89186035e+01
 1.22885071e+01
 1.03143250e+01
 6.27852783e+00
 7.15279541e+00
 8.43007813e+00
 8.04702148e+00
 1.29365479e+01
 1.68263184e+01
 2.17654663e+01
 2.14701782e+01
 2.26712891e+01
 2.01537109e+01
 1.49027344e+01
 1.12958923e+01
 6.76046143e+00
 7.43798218e+00
 8.39965210e+00
 1.04403015e+01
 1.23474060e+01
 1.82925049e+01
 2.09563843e+01
 2.58758179e+01
 2.28507629e+01
 1.86402222e+01
 1.42433105e+01
 1.10327393e+01
 8.19548950e+00
 7.53963623e+00
 7.19765625e+00
 1.00458008e+01
 1.45447021e+01
 1.80091797e+01
 2.17840820e+01
 2.43940063e+01
 2.40325256e+01
 2.13440186e+01
 1.48008362e+01
 8.75664673e+00
 4.96416626e+00
 5.98439941e+00
 5.57134399e+00
 7.93782959e+00
 9.82958374e+00
 1.67667480e+01
 1.95114990e+01
 2.20097900e+01
 2.19513489e+01
 2.09604126e+01
 1.55841309e+01
 1.10386597e+01
 8.34819946e+00
 7.90163574e+00
 8.69667969e+00
 9.88057861e+00
 1.26324097e+01
 1.80904480e+01
 2.03568359e+01
 2.23405090e+01
 2.38541199e+01
 1.90517822e+01
 1.31957947e+01
 1.12639099e+01
 8.58864746e+00
 7.07296143e+00
 8.44573364e+00
 1.22907349e+01
 1.27907043e+01
 1.82333923e+01
 2.22131287e+01
 2.33672729e+01
 2.27952820e+01
 1.88434692e+01
 1.70620361e+01
 1.12156921e+01
 9.57924805e+00
 8.31881104e+00
 8.66817627e+00
 1.20855652e+01
 1.49162231e+01
 1.86300293e+01
 2.27855164e+01
 2.69749695e+01
 2.67048279e+01
 2.00970093e+01
 1.58243958e+01
 1.35274292e+01
 1.10661255e+01
 8.96148071e+00
 5.48494873e+00
 1.10436646e+01
 1.50850464e+01
 1.87464539e+01
 2.00394531e+01
 2.31004883e+01
 2.14286133e+01
 1.70087524e+01
 1.30501648e+01
 1.22992493e+01
 9.88790283e+00
 6.01189575e+00
 5.11062012e+00
 8.34197388e+00
 1.03157593e+01
 1.55963989e+01
 2.03374268e+01
 2.25567566e+01
 2.33612915e+01
 1.95521179e+01
 1.46634460e+01
 1.00217529e+01
 8.22847900e+00
 7.38668213e+00
 8.03737793e+00
 9.21798096e+00
 1.17757507e+01
 1.75330750e+01
 2.47562500e+01
 2.40400024e+01
 2.38873535e+01
 2.10700012e+01
 1.51395203e+01
 9.79638062e+00
 7.02791748e+00
 7.61715088e+00
 8.40133057e+00
 7.77224121e+00
 1.15245605e+01
 1.77938171e+01
 2.32731262e+01
 2.58504272e+01
 2.51317078e+01
 1.91822144e+01
 1.40261475e+01
 9.27645264e+00
 7.64803467e+00
 5.79754028e+00
 7.21248779e+00
 9.42614136e+00
 1.20183350e+01
 1.52634521e+01
 2.10119873e+01
 2.48025757e+01
 2.29498230e+01
 1.92323853e+01
 1.49252869e+01
 1.03080078e+01
 7.18410645e+00
 5.82613525e+00
 8.01955566e+00
 7.15139160e+00
 1.15740295e+01
 1.61096741e+01
 2.16798035e+01
 2.50029541e+01
 2.48111816e+01
 1.94380432e+01
 1.62627197e+01
 1.15471741e+01
 1.05577332e+01
 8.64904175e+00
 8.77800903e+00
 8.69851074e+00
 1.26113831e+01
 1.72646729e+01
 2.07091309e+01
 2.38633057e+01
 2.42284485e+01
 1.94325500e+01
 1.53433167e+01
 1.13266235e+01
 7.57872925e+00
 8.80974731e+00
 8.49154053e+00
 1.02092529e+01
 1.44440857e+01
 1.67852722e+01
 2.02504517e+01
 2.51545959e+01
 2.50403687e+01
 2.06747986e+01
 1.34793945e+01
 1.08627869e+01
 1.13560120e+01
 7.30092773e+00
 9.37792358e+00
 1.14086548e+01
 1.46235291e+01
 1.64689270e+01
 2.24540649e+01
 2.32490479e+01
 2.49726196e+01
 2.17250610e+01
 1.61929565e+01
 1.12358643e+01
 9.01192627e+00
 4.53072510e+00
 8.28460083e+00
 1.06581665e+01
 1.42064148e+01
 1.86563354e+01
 2.26459290e+01
 2.43943115e+01
 2.53873230e+01
 2.03541504e+01
 1.50610901e+01
 1.17613159e+01
 9.94643555e+00
 8.85994873e+00
 8.31810913e+00
 9.80156860e+00
 1.35743042e+01
 1.77623230e+01
 2.26756531e+01
 2.57428528e+01
 2.31617065e+01
 2.09680725e+01
 1.55960327e+01
 1.18428284e+01
 1.02236572e+01
 7.62316284e+00
 8.10427246e+00
 1.08886353e+01
 1.31833740e+01
 1.63220459e+01
 2.08054749e+01
 2.35436951e+01
 2.43537842e+01
 2.17882019e+01
 1.79138123e+01
 1.21687561e+01
 8.44912109e+00
 8.15950928e+00
 5.64788208e+00
 1.13367249e+01
 1.32107483e+01
 1.74739014e+01
 2.37680603e+01
 2.71578003e+01
 2.47613464e+01
 2.00406433e+01
 1.42023865e+01
 8.88851318e+00
 7.30639038e+00
 6.30114136e+00
 8.16863403e+00
 9.78289185e+00
 1.26559082e+01
 1.77476746e+01
 2.30884338e+01
 2.51556641e+01
 2.61568848e+01
 2.06386353e+01
 1.45626770e+01
 1.17953735e+01
 8.75640259e+00
 7.74788818e+00
 5.29891357e+00
 1.03351074e+01
 9.90908203e+00
 1.50261169e+01
 1.95791260e+01
 2.35866943e+01
 2.28983093e+01
 1.93923279e+01
 1.56672913e+01
 1.06967407e+01
 8.19832764e+00
 7.71004639e+00
 9.35592041e+00
 1.01660400e+01
 1.14125000e+01
 1.79342896e+01
 2.19537292e+01
 2.46226440e+01
 2.21202332e+01
 1.91711365e+01
 1.54444214e+01
 1.04719177e+01
 7.75753174e+00
 6.21532593e+00
 8.52959595e+00
 9.79802856e+00
 1.18307129e+01
 1.59871765e+01
 2.18329407e+01
 2.42443787e+01
 2.50291992e+01
 1.98022705e+01
 1.58637939e+01
 1.03184448e+01
 6.68880615e+00
 6.26555786e+00
 5.60415039e+00
 9.88295898e+00
 1.07995239e+01
 1.59214722e+01
 1.97338806e+01
 2.33146912e+01
 2.49365479e+01
 1.81987549e+01
 1.53064819e+01
 1.15618530e+01
 4.91127930e+00
 7.66665039e+00
 8.48497925e+00
 1.09321838e+01
 1.51504150e+01
 1.91150452e+01
 2.15641724e+01
 2.61349121e+01
 2.52741333e+01
 2.28203369e+01
 1.88559204e+01
 1.20302673e+01
 9.08934937e+00
 7.65838013e+00
 8.01870117e+00
 1.17342468e+01
 1.34452759e+01
 1.51014343e+01
 2.29400269e+01
 2.46068359e+01
 2.44409729e+01
 2.04990173e+01
 1.64087769e+01
 1.16140381e+01
 8.59868774e+00
 8.98439941e+00
 9.68251953e+00
 1.01377197e+01
 1.07091309e+01
 1.71961609e+01
 2.08888794e+01
 2.54121338e+01
 2.50113770e+01
 2.00617920e+01
 1.43229309e+01
 1.14002319e+01
 6.99947510e+00
 7.21779785e+00
 4.45363770e+00
 6.71331177e+00
 1.15781799e+01
 1.51817261e+01
 2.11468750e+01
 2.33063293e+01
 2.34787842e+01
 2.18185669e+01
 1.70682617e+01
 1.32820679e+01
 9.09548340e+00
 7.76455078e+00
 9.83852539e+00
 1.30910278e+01
 1.52233826e+01
 1.79124390e+01
 2.51850220e+01
 2.74107910e+01
 2.47178284e+01
 1.98597961e+01
 1.56655212e+01
 1.09655701e+01
 7.30907593e+00
 7.98241577e+00
 8.36031494e+00
 1.06143738e+01
 1.26667114e+01
 1.53544861e+01
 2.34971558e+01
 2.56282898e+01
 2.34818359e+01
 2.04505859e+01
 1.64454590e+01
 1.15981079e+01
 7.61281738e+00
 7.62679443e+00
 8.24044189e+00
 1.18985229e+01
 1.58753906e+01
 1.64173523e+01
 2.17042480e+01
 2.52551208e+01
 2.58719116e+01
 2.01095825e+01
 1.54899231e+01
 1.07978760e+01
 8.68901978e+00
 7.71178589e+00
 7.42095337e+00
 8.19289551e+00
 1.33155762e+01
 1.68989197e+01
 2.09041687e+01
 2.38716064e+01
 2.50459839e+01
 2.25930725e+01
 1.58030334e+01
 1.42895447e+01
 1.12818542e+01
 8.66149292e+00
 9.20986328e+00
 1.23280273e+01
 1.42878357e+01
 1.87227722e+01
 2.20034424e+01
 2.50146118e+01
 2.71278015e+01
 2.18126465e+01
 1.58741089e+01
 1.31515747e+01
 8.65935669e+00
 6.38326416e+00
 7.48577271e+00
 8.72762451e+00
 1.15019165e+01
 1.72841431e+01
 2.32134338e+01
 2.31361328e+01
 2.40324951e+01
 2.33652588e+01
 1.72691284e+01
 1.40121704e+01
 9.00664673e+00
 8.98485718e+00
 7.35100708e+00
 9.70299683e+00
 1.25310913e+01
 1.90607239e+01
 2.12081238e+01
 2.51671997e+01
 2.67260986e+01
 2.16685120e+01
 1.59058167e+01
 1.28504883e+01
 9.47313843e+00
 8.52205811e+00
 5.15648804e+00
 8.55458984e+00
 1.27203918e+01
 1.77612549e+01
 2.23568359e+01
 2.53919006e+01
 2.56242615e+01
 2.08278137e+01
 1.65977722e+01
 1.18555847e+01
 1.08727966e+01
 7.80272827e+00
 7.69451294e+00
 1.00450989e+01
 1.33813721e+01
 1.94499451e+01
 1.84170776e+01
 2.28659607e+01
 2.49305969e+01
 2.04825378e+01
 1.44539429e+01
 1.36660706e+01
 9.51134644e+00
 7.13036499e+00
 8.55492554e+00
 1.04410645e+01
 1.45243469e+01
 1.91000916e+01
 2.36372314e+01
 2.51702515e+01
 2.51830994e+01
 2.11450439e+01
 1.51650024e+01
 1.21725098e+01
 8.57296143e+00
 8.54018555e+00
 9.31374512e+00
 1.15001770e+01
 1.46536499e+01
 1.86559387e+01
 2.09818359e+01
 2.70702454e+01
 2.55288330e+01
 2.26490417e+01
 1.53222900e+01
 1.17102600e+01
 9.69326172e+00
 8.97170410e+00
 8.99007568e+00
 1.00002075e+01
 1.43750854e+01
 1.85992065e+01
 2.23286682e+01
 2.64701782e+01
 2.69381042e+01
 2.05880066e+01
 1.72201782e+01
 1.31235901e+01
 1.04253784e+01
 6.95662842e+00
 7.75786743e+00
 1.11277100e+01
 1.32941528e+01
 1.71932312e+01
 2.12670532e+01
 2.46506287e+01
 2.46418091e+01
 2.21716248e+01
 1.72321411e+01
 1.30048767e+01
 9.91243896e+00
 9.29119263e+00
 1.06544128e+01
 1.18911377e+01
 1.30650879e+01
 1.93224731e+01
 2.07922913e+01
 2.56614014e+01
 2.59187866e+01
 2.11480347e+01
 1.55446106e+01
 1.23636414e+01
 1.05874573e+01
 8.93117676e+00
 9.34151611e+00
 1.10689026e+01
 1.37457825e+01
 1.80422607e+01
 2.35260254e+01
 2.67672668e+01
 2.45148254e+01
 2.41342407e+01
 1.80544983e+01
 1.23335510e+01
 1.12150818e+01
 7.46138916e+00
 9.13753662e+00
 1.08164001e+01
 1.32574402e+01
 1.54604736e+01
 2.11292358e+01
 2.59732910e+01
 2.57788025e+01
 2.08894897e+01
 1.91022278e+01
 1.27708679e+01
 9.74184570e+00
 9.33733521e+00
 8.66921387e+00
 1.11462646e+01
 1.33224426e+01
 1.74464355e+01
 2.24558044e+01
 2.65438171e+01
 2.56337219e+01
 2.13725525e+01
 1.64637695e+01
 1.37255188e+01
 1.09901978e+01
 7.67574463e+00
 9.33748779e+00
 1.27247253e+01
 1.21502014e+01
 1.61069275e+01
 1.96316772e+01
 2.40786072e+01
 2.51443115e+01
 2.14995667e+01
 1.65479370e+01
 1.24961792e+01
 9.48406372e+00
 7.88326416e+00
 8.08928833e+00
 1.07620789e+01
 1.33585449e+01
 2.00628296e+01
 2.28670593e+01
 2.59534241e+01
 2.72065369e+01
 2.17133423e+01
 1.59533020e+01
 1.27784668e+01
 9.57689819e+00
