 5.68688965e-01
 9.00689697e-01
 3.21771240e-01
 1.00244995e+01
 1.53928162e+01
 2.08282715e+01
 2.10342957e+01
 1.71654297e+01
 1.66882568e+01
 1.22494751e+01
 4.04607544e+00
 3.20772705e+00
 -3.77878418e+00
 -3.49207153e+00
 -5.47338867e-01
 8.16149292e+00
 1.07368103e+01
 1.46748291e+01
 1.84350525e+01
 1.88502441e+01
 1.55862061e+01
 1.00296570e+01
 7.15288696e+00
 -1.22778320e-01
 2.22274170e+00
 -3.18723145e+00
 -1.07065430e+00
 1.01201416e+01
 1.30850769e+01
 1.57655884e+01
 1.90075928e+01
 1.76550537e+01
 1.35006958e+01
 6.69613037e+00
 -4.67901611e-01
 -7.10074463e+00
 -3.98654785e+00
 -3.99216309e+00
 2.10915527e+00
 7.80248413e+00
 1.23993469e+01
 1.83997742e+01
 1.92141052e+01
 1.89484802e+01
 1.25927979e+01
 1.13465820e+01
 6.83693848e+00
 1.22442017e+00
 -7.89935913e+00
 -3.75958862e+00
 1.59499512e+00
 6.44356689e+00
 1.18722168e+01
 1.62542358e+01
 1.88358704e+01
 1.93539063e+01
 1.19465576e+01
 6.01665649e+00
 -4.61804810e+00
 -4.70117798e+00
 -5.80649414e+00
 -9.58273926e+00
 4.75396729e-01
 4.27022705e+00
 1.43172241e+01
 1.55221191e+01
 1.91711365e+01
 1.78664795e+01
 1.71957336e+01
 1.16866699e+01
 -1.49197998e+00
 -4.58652344e+00
 -7.09998169e+00
 -3.61502686e+00
 2.29427490e+00
 8.90349731e+00
 1.46671692e+01
 1.94863220e+01
 1.90049988e+01
 2.00158325e+01
 1.47523743e+01
 1.02721191e+01
 5.99208984e+00
 -2.53473511e+00
 -5.26273193e+00
 -2.94159546e+00
 -2.42908325e+00
 4.84731445e+00
 1.24451843e+01
 1.36377808e+01
 1.79558044e+01
 1.90937134e+01
 1.54504333e+01
 1.01415955e+01
 4.44726563e-01
 -2.33750000e+00
 4.86593018e+00
 1.76873779e-01
 6.42440186e+00
 8.13799438e+00
 1.13711792e+01
 1.92228027e+01
 1.95276733e+01
 1.98507019e+01
 1.52246643e+01
 1.15455566e+01
 1.14888916e+00
 1.24987183e+00
 -5.96451416e+00
 -3.50357666e+00
 1.94167480e+00
 6.88952026e+00
 1.32575623e+01
 1.72058960e+01
 1.83743530e+01
 1.65675598e+01
 1.41310364e+01
 7.25655518e+00
 2.28115234e+00
 -1.06448975e+00
 6.45257568e-01
 2.15636597e+00
 4.30361328e+00
 6.56823120e+00
 1.09305359e+01
 1.56828247e+01
 1.84084412e+01
 1.78929382e+01
 1.39970947e+01
 8.30175171e+00
 3.94365845e+00
 1.44475708e+00
 -8.83325806e+00
 -8.13550415e+00
 -1.57556763e+00
 1.05306641e+01
 1.05333191e+01
 1.66112305e+01
 2.24183594e+01
 2.07937256e+01
 1.59035889e+01
 8.76723633e+00
 3.14996338e-01
 -3.98840332e-01
 -6.16922607e+00
 3.61352539e-01
 7.47417603e+00
 1.06917664e+01
 1.22950378e+01
 1.59252563e+01
 1.92847534e+01
 1.74981934e+01
 1.48353210e+01
 6.60396729e+00
 6.69695435e+00
 8.28027344e-01
 3.84716187e+00
 -3.87158813e+00
 -2.17285767e+00
 6.33657227e+00
 1.15477234e+01
 1.66206909e+01
 1.77719360e+01
 1.88634888e+01
 1.30845276e+01
 8.53881226e+00
 4.75875244e+00
 1.02169189e+00
 -6.90036621e+00
 -9.97006836e+00
 -4.01428833e+00
 6.46495972e+00
 1.27633911e+01
 1.96669250e+01
 1.97991577e+01
 1.92584473e+01
 1.33563477e+01
 1.14714600e+01
 4.57406006e+00
 4.87420654e-01
 -2.29230347e+00
 5.37347412e-01
 5.45546875e+00
 7.92864380e+00
 1.29458862e+01
 1.82722717e+01
 2.13084351e+01
 2.14967285e+01
 1.57805725e+01
 9.77388916e+00
 -4.21893921e+00
 -4.49271240e+00
 -3.07190552e+00
 -1.15143433e+00
 3.11217651e+00
 1.04777771e+01
 1.16325012e+01
 1.67807556e+01
 2.09667603e+01
 2.25137878e+01
 1.46790710e+01
 1.26136108e+01
 4.77514038e+00
 3.19222412e+00
 -4.60495605e+00
 -4.28122559e+00
 2.34234009e+00
 6.52617798e+00
 1.24099976e+01
 1.36368347e+01
 1.83225342e+01
 1.77758118e+01
 1.55645691e+01
 1.12105652e+01
 1.50563965e+00
 -9.59570312e-01
 8.83874512e-01
 -4.12119141e+00
 8.10891113e+00
 5.25570068e+00
 1.40767151e+01
 1.80105530e+01
 2.41271301e+01
 1.88565308e+01
 1.41811768e+01
 1.08020874e+01
 7.83706055e+00
 1.69170532e+00
 -4.78305664e+00
 -3.57419434e+00
 -5.42150879e-01
 8.10744629e+00
 1.25241943e+01
 1.66174561e+01
 1.68555847e+01
 1.77152954e+01
 1.48752380e+01
 1.00810181e+01
 2.56304321e+00
 6.84503174e-01
 4.32024536e+00
 3.25646973e-01
 4.29644165e+00
 9.49886475e+00
 1.43829590e+01
 1.61585938e+01
 1.79645935e+01
 1.82945190e+01
 1.37475830e+01
 9.70244751e+00
 2.18413696e+00
 -4.07108154e+00
 -7.13635864e+00
 -7.88880005e+00
 -5.75891724e+00
 4.83880005e+00
 1.31551147e+01
 1.89580017e+01
 2.07000366e+01
 1.55971008e+01
 1.44273926e+01
 8.60958252e+00
 2.90264282e+00
 -8.84344482e-01
 6.33111572e-01
 3.75344238e+00
 1.87844238e+00
 9.04827271e+00
 1.23586975e+01
 1.87360779e+01
 1.88890625e+01
 1.69322449e+01
 1.26642090e+01
 9.63057861e+00
 2.78237305e+00
 6.17700195e-01
 -1.67536011e+00
 3.75347290e+00
 4.15413818e+00
 7.29601440e+00
 1.34385315e+01
 1.75218750e+01
 1.97916809e+01
 1.79693848e+01
 1.48817383e+01
 1.14937073e+01
 3.24508057e+00
 2.78161621e-01
 -2.89899292e+00
 -4.33233643e-01
 5.31520996e+00
 6.15798340e+00
 1.13322998e+01
 1.46860291e+01
 1.92318054e+01
 1.97326294e+01
 1.37133423e+01
 9.06633911e+00
 8.18850098e+00
 4.24584961e-01
 2.46441040e+00
 1.15392456e+00
 5.22869263e+00
 8.12551270e+00
 1.19171387e+01
 1.95614258e+01
 1.91114136e+01
 1.92510925e+01
 1.39233948e+01
 1.17533508e+01
 3.53139648e+00
 -2.48514404e+00
 -4.62393799e+00
 -5.40335693e+00
 2.46703491e+00
 9.58843384e+00
 1.23721863e+01
 1.57550598e+01
 2.04220825e+01
 2.04916016e+01
 1.73579651e+01
 1.02507874e+01
 6.06609497e+00
 1.75649414e+00
 -7.23670044e+00
 -4.60571899e+00
 2.46895752e+00
 8.34606323e+00
 1.01126953e+01
 1.76616455e+01
 1.88109985e+01
 1.62000671e+01
 1.60042053e+01
 9.72896729e+00
 4.65233765e+00
 -1.49503174e+00
 -3.28189697e+00
 -2.20322266e+00
 2.29183350e+00
 8.43309937e+00
 1.10601440e+01
 1.89046875e+01
 1.87185608e+01
 1.88696228e+01
 1.52454468e+01
 1.00388123e+01
 -1.33542480e+00
 2.04781494e+00
 -3.55246582e+00
 -3.08731689e+00
 3.16439209e+00
 1.04463745e+01
 1.12531372e+01
 1.76688171e+01
 1.86568237e+01
 1.90576111e+01
 1.55309692e+01
 1.04089905e+01
 5.99178467e+00
 1.01952515e+00
 1.69503174e+00
 4.75399170e+00
 3.69652710e+00
 9.49437866e+00
 1.19902283e+01
 1.61776367e+01
 1.86450134e+01
 2.21490723e+01
 1.66205688e+01
 8.42595825e+00
 4.88369141e+00
 2.74218140e+00
 -3.98963013e+00
 2.60091553e+00
 4.99205933e+00
 9.67092285e+00
 1.30642029e+01
 1.68343140e+01
 1.97736145e+01
 1.91543823e+01
 1.55114685e+01
 1.19639221e+01
 4.60921631e+00
 3.21718750e+00
 -3.99237671e+00
 -1.03748169e+00
 5.02364502e+00
 9.06975708e+00
 1.13912292e+01
 1.83093811e+01
 1.85878235e+01
 1.99754272e+01
 1.35078979e+01
 1.00255066e+01
 2.50243530e+00
 1.88009033e+00
 2.39138184e+00
 2.79320679e+00
 7.17171631e+00
 7.92141113e+00
 1.40838867e+01
 1.47068420e+01
 1.96728760e+01
 1.88578430e+01
 1.49168640e+01
 9.24608765e+00
 4.60860596e+00
 8.38677979e-01
 -2.11481323e+00
 8.34161377e-01
 4.28170166e+00
 8.14498291e+00
 1.17775818e+01
 1.72762085e+01
 1.95050598e+01
 1.83633057e+01
 1.34951416e+01
 9.29030762e+00
 4.42977295e+00
 2.21865234e+00
 8.14538574e-01
 5.85687256e-01
 2.11608276e+00
 9.16591797e+00
 1.58572327e+01
 1.74615112e+01
 2.06509644e+01
 2.29544312e+01
 1.72578064e+01
 1.28169800e+01
 2.56224976e+00
 -3.83666992e-02
 -9.25292969e-03
 -4.64145508e+00
 1.09603271e+00
 8.76113281e+00
 1.33638550e+01
 1.54865356e+01
 1.82475525e+01
 1.94423767e+01
 1.44596191e+01
 8.28948364e+00
 5.63421021e+00
 3.51870117e+00
 -5.66931763e+00
 -3.10834351e+00
 1.64696655e+00
 8.17022095e+00
 1.68696838e+01
 2.06657959e+01
 1.94259888e+01
 2.01145874e+01
 1.33600403e+01
 1.07959839e+01
 7.13283691e+00
 -1.30194092e-01
 -5.15955200e+00
 -3.63684082e-01
 4.67073975e+00
 8.04055176e+00
 1.17499329e+01
 1.52381836e+01
 1.92632385e+01
 1.93814636e+01
 1.49052673e+01
 9.21340332e+00
 1.37136230e+00
 5.86580811e+00
 -1.08614258e+01
 -6.93799438e+00
 3.97249756e+00
 1.19065796e+01
 1.45843750e+01
 1.67975708e+01
 2.15996948e+01
 1.98478638e+01
 1.27127014e+01
 1.23365417e+01
 1.27648315e+00
 1.22780762e+00
 -5.53085937e+00
 -4.94190063e+00
 4.72814331e+00
 6.68346558e+00
 1.22742859e+01
 1.85365540e+01
 2.23169495e+01
 1.95012146e+01
 1.40086304e+01
 7.51223145e+00
 2.43489990e+00
 -4.42825928e+00
 -2.54996338e+00
 2.22524414e+00
 7.95501099e+00
 6.95125732e+00
 1.22311646e+01
 1.74850098e+01
 1.93599182e+01
 1.70261169e+01
 1.44530579e+01
 1.08443848e+01
 1.89199219e+00
 9.51470947e-01
 2.28701172e+00
 2.39916382e+00
 5.17485962e+00
 1.02163635e+01
 1.48105103e+01
 1.76403748e+01
 2.19941956e+01
 1.78159729e+01
 1.34721313e+01
 1.21987244e+01
 5.86516724e+00
 7.38488770e-01
 -6.69616699e-02
 3.71276245e+00
 1.69890747e+00
 7.83153687e+00
 1.35824524e+01
 1.70535828e+01
 2.00931641e+01
 2.01216370e+01
 1.85043579e+01
 1.22314697e+01
 3.03844604e+00
 1.46288452e+00
 8.78234863e-02
 1.78887329e+00
 6.59911499e+00
 1.16728760e+01
 1.40871826e+01
 2.32366882e+01
 2.07878662e+01
 1.86080261e+01
 1.70627075e+01
 1.21178223e+01
 2.45037231e+00
 3.69240723e+00
 6.19470215e-01
 2.25667725e+00
 2.07705078e+00
 7.73421631e+00
 1.34390198e+01
 1.82236267e+01
 2.01445557e+01
 1.71798340e+01
 1.31454712e+01
 1.23349548e+01
 2.37914429e+00
 2.96411133e-01
 -5.78616943e+00
 -4.76956787e+00
 -9.82153320e-01
 7.00509033e+00
 1.37048279e+01
 1.66257874e+01
 2.18366943e+01
 1.88732544e+01
 1.60880981e+01
 1.01731506e+01
 5.14611206e+00
 -1.89916992e-01
 -2.67688599e+00
 -6.60406494e-01
 -2.70160522e+00
 1.43182312e+01
 1.23823792e+01
 1.64198242e+01
 1.80679565e+01
 1.83386169e+01
 1.49421936e+01
 1.00504089e+01
 -3.43078613e-02
 2.42876587e+00
 3.41509399e+00
 1.21856079e+00
 6.81014404e+00
 9.13143311e+00
 1.26379333e+01
 1.94572998e+01
 2.03518005e+01
 2.04049927e+01
 1.40790955e+01
 1.22474915e+01
 6.08828125e+00
 2.32799683e+00
 -8.67681885e-01
 -2.00983276e+00
 3.13674316e+00
 9.40413818e+00
 1.50326782e+01
 2.18116394e+01
 2.03797546e+01
 2.26516357e+01
 1.53117004e+01
 7.09237061e+00
 2.77446899e+00
 1.77428589e+00
 -5.85697021e+00
 -6.92545166e+00
 3.80761719e-01
 6.75902710e+00
 1.43062378e+01
 1.61813599e+01
 2.00743958e+01
 1.89346558e+01
 1.52391296e+01
 9.60350952e+00
 2.88631592e+00
 3.24663696e+00
 7.84753418e-01
 -1.80341187e+00
 1.82641602e-01
 8.72506104e+00
 1.35838867e+01
 1.95396667e+01
 2.19385315e+01
 1.99938293e+01
 1.50268188e+01
 1.25560852e+01
 7.76128540e+00
 -3.66754761e+00
 -2.04175415e+00
 5.41131592e-01
 1.68117676e+00
 8.78362427e+00
 1.63499084e+01
 1.58020264e+01
 1.87627197e+01
 2.11222168e+01
 1.49566895e+01
 7.07164917e+00
 6.98134766e+00
 1.24523315e+00
 -1.39288330e-01
 2.63961182e+00
 6.23470459e+00
 1.00524536e+01
 1.46969238e+01
 1.78370300e+01
 1.95543457e+01
 1.91901794e+01
 1.31477600e+01
 1.04155823e+01
 4.28859863e+00
 1.26815186e+00
 -4.41687622e+00
 -7.01019897e+00
 -2.61551514e+00
 5.55205688e+00
 1.26935059e+01
 1.65519958e+01
 2.18900391e+01
 2.03530823e+01
 1.48019043e+01
 9.80828247e+00
 5.89077148e+00
 -9.65368652e-01
 -4.21674194e+00
 -4.25342407e+00
 2.48223267e+00
 8.42067871e+00
 1.32562500e+01
 1.75858704e+01
 2.34220520e+01
 2.12439819e+01
 1.64334961e+01
 8.58919678e+00
 3.91155396e+00
 -2.26465454e+00
 -4.18302002e+00
 2.41445313e+00
 4.71074829e+00
 8.74379883e+00
 1.22667480e+01
 1.66036011e+01
 2.22224365e+01
 1.89330994e+01
 1.20068604e+01
 1.15275208e+01
 1.96758423e+00
 5.80318604e+00
 4.17528687e+00
 -1.61051025e+00
 4.46050415e+00
 1.23351379e+01
 1.61721130e+01
 1.95254150e+01
 1.96280762e+01
 1.80075928e+01
 1.69197327e+01
 1.35022522e+01
 -3.29343262e+00
 -2.41382446e+00
 -3.15549316e+00
 6.48854980e+00
 5.07915649e+00
 1.21778809e+01
 1.49072815e+01
 1.70935608e+01
 2.15405823e+01
 1.86029907e+01
 1.57166077e+01
 1.09088684e+01
 1.45238647e+00
 -1.53980103e+00
 -1.28119507e+00
 9.96911621e-01
 3.10726318e+00
 9.40648804e+00
 1.23662048e+01
 1.64617554e+01
 1.97892395e+01
 1.83968750e+01
 1.69073120e+01
 1.11052185e+01
 5.01806030e+00
 -1.89031982e-01
 -2.73407593e+00
 5.39510498e+00
 2.93749390e+00
 9.87542114e+00
 1.23597656e+01
 1.69964233e+01
 2.04825684e+01
 1.98303467e+01
 1.59215637e+01
 1.07744690e+01
 1.36651001e+00
 -3.34924927e+00
 -7.46369019e+00
 -3.29004517e+00
 5.87365112e+00
 8.95223389e+00
 1.29407593e+01
 1.89423462e+01
 2.00023743e+01
 1.88209167e+01
 1.66058594e+01
 7.46419678e+00
 7.05837402e+00
 1.06636963e+00
 -3.70117798e+00
 -1.36374512e+00
 4.68938599e+00
 1.44267212e+01
 1.63753906e+01
 2.16758972e+01
 2.35728088e+01
 2.37783142e+01
 1.62650085e+01
 1.38988281e+01
 5.07927856e+00
 -4.15057983e+00
 -4.15433350e+00
 -2.97470703e+00
 2.87108765e+00
 1.08743530e+01
 1.22256714e+01
 1.72420898e+01
 1.80670410e+01
 1.73445068e+01
 1.29189697e+01
 1.16791016e+01
 6.39730225e+00
 4.97674561e-01
 2.84963379e+00
 1.36041260e-01
 3.21120605e+00
 9.77236328e+00
 1.47601563e+01
 1.76403137e+01
 2.02509399e+01
 2.22486511e+01
 1.69646545e+01
 6.87221680e+00
 6.98980103e+00
 2.83193359e+00
 -4.16586914e+00
 -7.66027832e-01
 -1.19144287e+00
 1.04032532e+01
 1.20506836e+01
 1.83998962e+01
 2.14358154e+01
 2.06950012e+01
 1.49679504e+01
 1.11620422e+01
 4.06905518e+00
 -1.43485107e+00
 3.53692627e-01
 3.22280273e+00
 5.65352783e+00
 1.14465881e+01
 1.53413025e+01
 2.11093689e+01
 1.92233215e+01
 2.03435303e+01
 1.98958069e+01
 9.39031372e+00
 7.44707642e+00
 -7.38958740e-01
 -6.39374390e+00
 -1.36163940e+00
 5.58355103e+00
 6.83098755e+00
 1.21545959e+01
 1.52998291e+01
 1.97057434e+01
 2.10352112e+01
 1.73062073e+01
 1.20797668e+01
 8.86599121e+00
 5.76110840e-02
 5.29674683e+00
 2.14006958e+00
 6.67952881e+00
 1.38177124e+01
 1.32240234e+01
 1.84376465e+01
 2.29215637e+01
 2.21918884e+01
 1.65459534e+01
 8.69249878e+00
 2.02285156e+00
 -1.79196777e+00
 2.68426514e-01
 4.60296021e+00
 1.11649719e+01
 1.00304810e+01
 1.39654480e+01
 1.92283569e+01
 2.04400269e+01
 1.93809448e+01
 1.72967468e+01
 1.42689453e+01
 7.25362549e+00
 1.03389893e+00
 -3.02587891e-01
 1.50957642e+00
 6.97963867e+00
 1.08365417e+01
 1.21321045e+01
 2.07325684e+01
 2.01567017e+01
 1.87070557e+01
 1.42709290e+01
 1.28577515e+01
 6.65209351e+00
 1.58020020e-02
 2.08062744e-01
 1.66594849e+00
 2.67913208e+00
 1.32571045e+01
 1.46177917e+01
 1.86896301e+01
 1.85941101e+01
 1.90976196e+01
 1.43521973e+01
 9.16491089e+00
 7.06408081e+00
 -6.23932495e+00
 -7.75052490e+00
 -1.45926514e+00
 5.84926758e+00
 1.11155029e+01
 1.57604004e+01
 1.86372620e+01
 2.36217590e+01
 2.39148193e+01
 1.59670044e+01
 1.27439819e+01
 2.27144775e+00
 -4.23346558e+00
 -6.18634644e+00
 -2.65726318e+00
 2.03912354e-01
 7.78649292e+00
 1.18942200e+01
 1.95841614e+01
 2.18455444e+01
 2.14932800e+01
 1.86806580e+01
 1.37724854e+01
 5.83385620e+00
 -1.28067627e+00
 6.89025879e-02
 3.08923340e-01
 1.27434692e+00
 5.17086182e+00
 1.20777832e+01
 1.66756531e+01
 1.97454163e+01
 1.81921021e+01
 1.50176025e+01
 1.34555908e+01
 6.77468262e+00
 2.33242188e+00
 3.49025879e+00
 -6.59545898e-02
 -6.80029297e-01
 1.17527100e+01
 1.41680237e+01
 1.49280945e+01
 1.96869141e+01
 2.04855896e+01
 1.62038208e+01
 1.01978394e+01
 6.54876099e+00
 1.17299805e+00
 -3.93072510e-01
 6.15410767e+00
 6.99880371e+00
 9.46044312e+00
 1.44103638e+01
 1.69528748e+01
 2.26070496e+01
 1.83638855e+01
 1.64025208e+01
 1.45806824e+01
 5.62764893e+00
 3.90700684e+00
 3.02709351e+00
 -7.16650391e-01
 7.59081421e+00
 8.29232178e+00
 1.45977722e+01
 1.75405518e+01
 1.92867676e+01
 1.85980774e+01
 1.31182800e+01
 1.16735474e+01
 6.61403809e+00
 -9.61340332e-01
 -9.82397461e-01
 5.31231079e+00
 7.31884155e+00
 1.00959106e+01
 1.36942078e+01
 1.75440918e+01
 2.10764404e+01
 2.01302124e+01
 1.59900146e+01
 1.32724243e+01
 6.07113037e+00
 5.30145264e-01
 3.83905029e-01
 3.67238770e+00
 7.07817993e+00
 1.05570923e+01
 1.49570557e+01
 1.97130371e+01
 1.99976746e+01
 2.15900513e+01
 1.49146667e+01
 1.19620911e+01
 6.73427734e+00
 3.75777588e+00
 -3.04266357e-01
 1.95764160e-01
 2.48427734e+00
 6.35659180e+00
 1.35827881e+01
 2.02731262e+01
 1.99547668e+01
 2.10619751e+01
 1.61251770e+01
 1.02684265e+01
 7.88277588e+00
 1.37227783e+00
 2.95888672e+00
 3.69292603e+00
 7.39858398e+00
 1.05061279e+01
 1.53799377e+01
 1.83700195e+01
 1.93124634e+01
 1.97942139e+01
 1.65514160e+01
 1.16607300e+01
 4.36275635e+00
 2.56386719e+00
 -2.91370239e+00
 3.69078979e+00
 7.41439209e+00
 5.80291138e+00
 1.33985535e+01
 1.86103455e+01
 1.88119751e+01
 2.12760559e+01
 1.67049194e+01
 1.12264648e+01
 7.32665405e+00
 5.80962524e+00
 2.02373657e+00
 -3.37833252e+00
 6.25399170e+00
 8.92791138e+00
 1.34710022e+01
 1.98634888e+01
 2.17564026e+01
 2.11361633e+01
 1.47081848e+01
 1.05995117e+01
 5.06917725e+00
 5.34475098e+00
 1.22103271e+00
 3.34328613e+00
 5.66909180e+00
 8.88509521e+00
 1.27083374e+01
 1.97918640e+01
 2.20545898e+01
 1.96095520e+01
 1.37711426e+01
 1.19801880e+01
 6.60332642e+00
 2.75707397e+00
 2.19631348e+00
 2.95046387e+00
 7.56804810e+00
 1.17797180e+01
 1.41153198e+01
 1.96150757e+01
 2.07286926e+01
 2.27789551e+01
 1.49376465e+01
 1.30144897e+01
 8.17369995e+00
 1.69747314e+00
 -2.87399902e+00
 4.96724854e+00
 8.99715576e+00
 8.99624023e+00
 1.50147339e+01
 1.75000549e+01
 2.03080078e+01
 2.03632446e+01
 1.53866821e+01
 1.31096436e+01
 9.41011963e+00
 4.03667603e+00
 3.40337524e+00
 4.40294800e+00
 1.01661621e+01
 1.16248718e+01
 1.33242432e+01
 1.61628662e+01
 2.17584473e+01
 2.07171570e+01
 1.67468201e+01
 1.12236877e+01
 5.54726563e+00
 1.40776978e+00
 2.76772461e+00
 8.77465820e-01
 5.93572388e+00
 1.17670837e+01
 1.42738892e+01
 1.83989197e+01
 1.92275330e+01
 1.87156616e+01
 1.55168091e+01
 1.59838196e+01
 7.18148193e+00
 3.59273682e+00
 1.68542480e-01
 3.03594360e+00
 5.03087769e+00
 8.64141235e+00
 1.23222900e+01
 1.89360596e+01
 2.20911194e+01
 2.14831787e+01
 1.55748230e+01
 1.38027588e+01
 7.81871948e+00
 6.42345581e+00
 6.03191528e+00
 -4.76627197e+00
 4.65114746e+00
 9.49462280e+00
 1.48723389e+01
 1.72914673e+01
 2.00152832e+01
 1.92625366e+01
 1.64019104e+01
 1.08901917e+01
 7.80388794e+00
 3.57830200e+00
 3.44140015e+00
 4.96514282e+00
 4.95034180e+00
 1.13787170e+01
 1.51268250e+01
 1.76102539e+01
 2.07476135e+01
 2.17633301e+01
 1.59161316e+01
 1.33759705e+01
 7.77218018e+00
 5.07097778e+00
 7.01073608e+00
 5.74520264e+00
 8.47023926e+00
 9.10192261e+00
 1.41029602e+01
 1.67584778e+01
 2.20463196e+01
 2.01343628e+01
 1.65763489e+01
 1.31479431e+01
 7.67128906e+00
 5.27288208e+00
 3.59832153e+00
 4.08193359e+00
 8.45000610e+00
 1.53209778e+01
 1.76307007e+01
 1.90799194e+01
 2.28567749e+01
 1.84155518e+01
 1.76485535e+01
 1.37737671e+01
 6.75533447e+00
 1.81365356e+00
 1.57434082e-01
 4.17559204e+00
 9.26369629e+00
 1.00567871e+01
 1.77549988e+01
 2.02174927e+01
 2.79533020e+01
 2.54298645e+01
 1.74850098e+01
 1.07712341e+01
 3.39492188e+00
 2.39901123e+00
 -2.95996094e-01
 2.68877563e+00
 1.03458496e+01
 1.19728027e+01
 1.21356140e+01
 1.87558228e+01
 2.07375427e+01
 1.94822327e+01
 1.74968811e+01
 1.24948669e+01
 6.33907471e+00
 1.58452759e+00
 8.05297852e-02
 7.93728027e+00
 6.97063599e+00
 1.21298767e+01
 1.34891296e+01
 1.82233826e+01
 2.15187317e+01
 2.13770386e+01
 1.68918091e+01
 1.20851379e+01
 5.62285767e+00
 2.10012207e+00
 -5.38709106e+00
 3.15541992e+00
 1.08686157e+01
 1.42938171e+01
 1.47197205e+01
 1.85337158e+01
 2.69149414e+01
 2.36769653e+01
 1.81595398e+01
 1.27554871e+01
 7.86947021e+00
 1.76879272e+00
 -1.64160767e+00
 -4.40435791e-01
 3.98812256e+00
 1.18939453e+01
 1.76019836e+01
 1.88860413e+01
 2.09661804e+01
 2.06869141e+01
 1.77953735e+01
 1.13810364e+01
 6.27514038e+00
 5.10811768e+00
 -1.65563965e-01
 -9.67840576e-01
 1.08771606e+01
 1.14878784e+01
 1.47172180e+01
 2.10438477e+01
 2.29210144e+01
 2.01556030e+01
 1.61084229e+01
 1.23304688e+01
 9.58428345e+00
 4.67040405e+00
