 1.27127003e+02
 4.55622315e+01
 5.65908438e+01
 4.48506026e+01
 4.23885605e+01
 9.93242835e+00
 9.34817364e+00
 6.92598779e+00
 2.27935665e+01
 2.69184904e+01
 2.09630577e+02
 4.42636984e+01
 3.69361437e+01
 9.03754892e+01
 6.00909092e+01
 1.54153886e+01
 1.07348172e+02
 2.98897344e+01
 3.11478944e+00
 3.48558680e+00
 7.09898411e+01
 6.17652873e+01
 1.69884338e+02
 6.66420577e+01
 9.39353642e+01
 1.26378587e+02
 9.03307314e+01
 3.19730533e+01
 6.30862860e+01
 6.29998858e+00
 7.27832826e+00
 1.08492359e+01
 2.62723143e+01
 3.98233893e+01
 9.65832024e+01
 3.50011705e+01
 4.09425614e+01
 1.21995716e+02
 4.84733971e+01
 2.61856488e+01
 9.22101372e+01
 9.41285631e+00
 1.31325654e+00
 3.07165398e-01
 3.48748768e+01
 9.70168765e+00
 5.81414789e+01
 5.08838293e+01
 1.51888731e+02
 8.67324832e+01
 1.94971992e+02
 1.01418418e+01
 7.67144988e+01
 2.90284499e+01
 1.26519559e+00
 5.62801953e+00
 5.59250512e+01
 4.52800424e+01
 1.28092357e+02
 1.10561526e+02
 1.31243301e+02
 3.87328108e+01
 5.60380103e+01
 8.92554660e+01
 1.16055793e+01
 3.21070132e+01
 1.04721554e+00
 2.32034287e+00
 2.16314764e+01
 1.59515340e+02
 8.97953695e+01
 9.27041561e+01
 9.57939178e+01
 3.96632215e+01
 4.46174578e+01
 1.36069508e+01
 3.80305003e+01
 9.23689567e+00
 1.84885390e+01
 4.35041078e+01
 3.08823668e+01
 5.78417834e+01
 7.47592741e+01
 1.60089152e+02
 1.14689907e+02
 2.92354995e+01
 8.87840918e+01
 6.84871908e+01
 2.71167508e+01
 7.96306726e+00
 2.76956085e+00
 1.26843120e+00
 1.85164310e+01
 8.08572370e+01
 1.61896659e+02
 4.07816204e+01
 1.20095828e+02
 9.64997959e+01
 9.50905109e+01
 8.07588974e+01
 4.54545081e+01
 3.57848631e+00
 2.58477045e-01
 2.96960410e+00
 3.30883040e+01
 3.64182862e+01
 2.08424182e+01
 7.28237785e+01
 1.78283137e+02
 5.95954057e+01
 3.97367387e+01
 4.75685410e+01
 1.24867661e+02
 1.71130446e+01
 3.90251139e-01
 3.55897110e-02
 1.12134639e+01
 9.26149209e+01
 1.48885989e+02
 2.59470538e+01
 2.59906459e+01
 2.13501686e+00
 2.12532946e+01
 8.39455974e+01
 2.65267660e+01
 2.91518882e-01
 5.49034343e+00
 6.13361669e+00
 4.67320470e+01
 1.18935078e+02
 9.16410709e+00
 5.66283044e+01
 4.81687132e+01
 2.71276648e+01
 6.21666850e+01
 7.96364966e+01
 2.39282656e+01
 5.66819874e+01
 2.72018819e+00
 9.38040333e-03
 5.24449997e+01
 5.52229863e+01
 1.03378296e+02
 9.75198464e+01
 1.68154152e+02
 7.68101409e+01
 7.60470277e+01
 7.18824698e+01
 6.09272871e+01
 1.00857025e+01
 4.19445769e+01
 5.73429802e+01
 2.34325473e+01
 1.96583809e+01
 1.11749780e+02
 3.43215779e+01
 1.17560400e+02
 6.06710153e+01
 1.51498368e+02
 2.86745319e+01
 5.58599637e+01
 3.57230165e+01
 5.86502497e+00
 9.04861653e-01
 3.53765220e+01
 1.63410891e+01
 6.53903929e+01
 3.00533053e+02
 1.74657526e+02
 1.09095494e+02
 6.40099016e+01
 4.63251014e+01
 1.54678412e+01
 9.18718024e+00
 1.20197940e+01
 3.11644835e+00
 1.57605158e+01
 7.02446004e+01
 1.87743437e+02
 1.07709371e+02
 2.12330919e+02
 5.91291156e+01
 3.99397249e+01
 7.12718958e+01
 9.31720063e+00
 2.78743467e+01
 2.85849540e+01
 1.80732294e+01
 7.00528459e+01
 6.82966312e+01
 2.77061148e+01
 2.25805952e+01
 5.81545013e+01
 1.07734904e+02
 1.20950763e+02
 5.58456159e+01
 7.43153940e+01
 1.51531998e+01
 7.07279520e-01
 2.19777935e+00
 3.84785250e+01
 2.27120247e+02
 8.04575637e+01
 1.20855097e+02
 1.01336118e+02
 2.55255003e+01
 2.83876728e+01
 1.05518108e+01
 2.92503058e+01
 4.92207084e+01
 0.00000000e+00
 5.73906233e+00
 2.98757644e+01
 1.41833146e+02
 2.72607081e+01
 1.77397586e+02
 2.23779900e+02
 6.35525766e+01
 4.90110397e+01
 5.33843476e+01
 4.40404837e+01
 5.36776519e+01
 1.19767257e+01
 1.17124819e+00
 2.56547813e+01
 6.52402230e+01
 2.02592123e+02
 4.11774128e+00
 5.81481677e+01
 7.90478739e+01
 4.58759978e+01
 2.66664615e+01
 1.79947394e+01
 2.57704488e+00
 4.56024293e+00
 1.51473039e+01
 4.02494894e+01
 1.79923650e+02
 8.06714280e+01
 2.32554353e+01
 8.84225372e+00
 4.86417052e+01
 6.03295096e+01
 5.04353028e+01
 2.39643548e+01
 1.35645917e+01
 2.82994419e+00
 1.72307603e+00
 3.44544021e+01
 4.91301743e+01
 8.99456686e+01
 3.80437545e+01
 4.97613736e+01
 1.75613325e+02
 9.70232356e+01
 6.71566967e+01
 1.95943570e+01
 2.44950222e+02
 2.36646159e+01
 1.21726770e+00
 7.16676578e+01
 2.16893905e+01
 7.69735518e+01
 1.69302809e+02
 1.28446667e+02
 2.98886876e+01
 3.86922176e+01
 1.80057582e+01
 8.13631679e+01
 2.27984204e+01
 2.09013573e+01
 1.82463967e+01
 2.45459286e+01
 1.38842802e+02
 4.45123189e+01
 1.42756562e+02
 1.46872285e+02
 1.20275077e+02
 6.59443559e+01
 4.10489485e+01
 3.49865406e+00
 3.41580128e-01
 3.75216133e-02
 3.15451771e+01
 1.44837648e+01
 3.00010489e+01
 7.62786486e+01
 9.75718499e+01
 7.15840006e+01
 8.70262352e+00
 1.27979663e+01
 2.52985931e+01
 6.35743246e+00
 9.38040423e-03
 1.09372210e+00
 7.55800312e+00
 9.34344472e+01
 9.38119179e+01
 2.97407320e+01
 1.35923131e+02
 1.96009086e+01
 8.82043181e+01
 4.44642827e+01
 5.96879306e+01
 2.66262421e+01
 9.51188758e+00
 2.17160417e+00
 3.20055964e+01
 1.20618488e+01
 1.06546916e+02
 7.07194414e+01
 1.11609986e+02
 9.83404537e+01
 8.10295771e+01
 4.91772522e+01
 6.59633945e+01
 3.49452231e+00
 6.53143146e+01
 1.67385940e+01
 1.54029318e+01
 5.98337082e+01
 5.53489757e+01
 1.46469040e+02
 7.53643316e+01
 6.99292760e+01
 7.27105346e+01
 6.24508481e+01
 2.61712168e+01
 5.68032475e+01
 6.49783647e+01
 4.39600540e+00
 2.24396074e+01
 4.94724657e+01
 1.24019994e+02
 1.66878480e+01
 6.15048750e+01
 1.12900204e+02
 5.03207333e+01
 3.84821841e+01
 6.46664605e+01
 5.72073637e+00
 1.24430408e+01
 1.97931435e+01
 3.48274491e+00
 3.13448978e+01
 1.22924052e+02
 1.00667208e+02
 3.14800484e+01
 1.11128488e+02
 1.08479838e+02
 7.48291980e+01
 3.54031513e+01
 5.37910879e+00
 3.33503037e+00
 1.47460073e+01
 2.59826534e+00
 8.77413297e+01
 6.44482922e+01
 1.86906896e+02
 1.04470429e+02
 8.45322358e+01
 9.56197577e+01
 1.07537312e+02
 1.06849031e+01
 1.05967043e+02
 1.78235333e+00
 1.19045801e+01
 7.50432266e-02
 2.72358610e+01
 8.00953420e+01
 2.09387254e+02
 1.52372820e+02
 1.56295311e+02
 4.10711393e+01
 1.32048194e+01
 2.99706455e+01
 5.27545678e+01
 2.93160999e+00
 1.37860549e-01
 0.00000000e+00
 2.35828652e+01
 5.91743336e+01
 1.79468437e+02
 3.03984101e+01
 8.14289202e+01
 1.23430296e+02
 4.57435140e+01
 3.16049249e+01
 7.24166416e+01
 5.19404432e+01
 4.70362504e+01
 1.51892406e+01
 2.48853744e+01
 7.28463747e+01
 1.43471489e+02
 4.61769303e+01
 1.11475676e+02
 9.55099741e+01
 1.26488764e+02
 5.02024849e+01
 8.57671466e+01
 1.48961130e+00
 9.25000368e-01
 6.99846582e+00
 4.76747565e+01
 4.00034578e+01
 1.04902899e+02
 1.73314730e+02
 5.48300659e+01
 1.44116612e+02
 8.96736084e+01
 8.19571006e+00
 1.17230060e+02
 7.58369453e+00
 1.28960703e+00
 3.64521208e+00
 2.57857160e+00
 7.05052513e+01
 9.53724742e+01
 1.02259904e+02
 1.67658983e+02
 4.46018446e+01
 2.95123356e+01
 7.81880849e+01
 5.41928315e+00
 4.88887002e+01
 6.84714574e+01
 3.00050555e+00
 1.68660965e+01
 6.47490007e+01
 2.30723534e+02
 4.29682094e+01
 1.06504403e+02
 8.70735571e+01
 2.80484173e+01
 3.58775683e+01
 2.48161501e+01
 8.91068549e+00
 1.54660861e+01
 1.16084952e+01
 2.59412373e+01
 1.73364287e+02
 9.41424058e+01
 5.74545778e+01
 2.49801561e+02
 1.95342594e+02
 1.92005194e+01
 4.28066571e+01
 6.92832123e+01
 6.43850529e+00
 6.70520848e+00
 4.27254483e+00
 8.25195905e+00
 6.22285104e+01
 8.53276810e+01
 6.73539175e+01
 1.22754439e+02
 3.82233606e+01
 8.20590135e+01
 2.35508044e+01
 2.54889950e+01
 6.80444314e+00
 1.09399813e+00
 3.27431632e+01
 4.72853830e+01
 9.50745308e+01
 7.69354184e+01
 1.02637989e+02
 5.25696858e+01
 2.47057709e+01
 1.88638521e+01
 1.74470425e+01
 2.11852013e+01
 2.43890502e-01
 3.61255352e-01
 1.02504991e-01
 1.85304956e+00
 5.80000789e+01
 5.78340679e+01
 1.46051269e+02
 6.13931410e+01
 1.21326189e+02
 2.17831201e+01
 1.14185869e+01
 3.57842197e+01
 1.63428893e+01
 1.94478760e+01
 1.42730463e+01
 4.82528925e+01
 1.09040084e+02
 8.31013616e+01
 7.45301120e+01
 8.32460912e+01
 5.87016687e+01
 3.78262985e+01
 2.61497997e+01
 1.92963939e+01
 3.36935173e+01
 1.59463019e-01
 8.20499492e-01
 3.76630991e+01
 7.69986328e+01
 1.86529635e+02
 2.80478205e+02
 6.06519081e+01
 6.97797582e+01
 3.21207700e+01
 5.98705451e+01
 1.04578275e+02
 1.30380724e+01
 2.45325326e+01
 1.01522862e+00
 9.89848754e+01
 4.41529534e+01
 1.58993197e+02
 1.05359702e+02
 2.73054158e+01
 5.44146849e+01
 7.23331907e+00
 5.39646571e+01
 2.69698143e+01
 5.75394399e+00
 1.98436879e+01
 8.25475536e-01
 6.54560656e+01
 6.94281732e+01
 7.56337979e+01
 2.26459957e+02
 1.28004983e+02
 2.39175865e+01
 9.36822648e+01
 5.58590154e+01
 2.72895624e+01
 4.35442390e+01
 2.90126335e+01
 4.16814923e+00
 1.92412828e+00
 4.53113546e+01
 1.85517004e+02
 8.31596915e+01
 9.32260817e+01
 2.95767296e+01
 4.74978462e+01
 4.71826330e+01
 2.32309219e+01
 4.90778665e+00
 0.00000000e+00
 1.76928373e+00
 4.99677328e+00
 4.90289930e+01
 1.72515962e+02
 7.47495070e+01
 8.75940519e+01
 6.46865720e+01
 3.80653447e+01
 4.03422770e+01
 2.32921067e+01
 1.03557865e+00
 5.74201524e+01
 2.32531284e+01
 1.29729230e+01
 8.04427679e+01
 3.53704964e+01
 9.66877997e+01
 1.18233318e+02
 2.64942877e+01
 6.03478964e+01
 1.89809858e+01
 1.14035054e+01
 1.94841243e+01
 3.36584294e+00
 4.27239410e+00
 3.48425355e+01
 6.91155333e+01
 1.24184054e+02
 7.81904412e+01
 1.52561015e+02
 1.77405437e+02
 6.11384338e+01
 4.14912812e+00
 2.48211073e+01
 5.39403051e+00
 1.67785089e+01
 3.12051996e-01
 4.67955515e+00
 6.44608522e+01
 9.87637974e+01
 3.11817828e+02
 9.77225111e+01
 2.38441641e+01
 1.11204599e+02
 3.37432633e+01
 1.45727280e+01
 1.22902146e+01
 4.00314692e+01
 1.08587351e+01
 1.08933910e+02
 1.16562930e+02
 1.03937813e+02
 1.08912088e+02
 4.29521854e+01
 8.09189397e+01
 9.80483492e+01
 6.19948169e+01
 1.21967236e+01
 6.30068342e+00
 1.77044387e+01
 1.87608067e-02
 8.00263934e+01
 8.15016686e+01
 5.50254210e+01
 3.21807494e+02
 1.95919280e+02
 4.92425714e+01
 5.98456634e+01
 5.11629740e+01
 4.61573060e+01
 4.84095849e+00
 1.13347496e+01
 1.31325653e-01
 1.36290492e+00
 8.12365500e+01
 3.97930429e+01
 2.88073477e+01
 1.02441580e+02
 1.12831712e+02
 3.16088685e+01
 5.84472020e+01
 7.68811986e+01
 8.95552579e+00
 3.83233540e-03
 1.23341299e+00
 1.00952313e+02
 6.02020391e+01
 1.21212633e+02
 8.61856303e+01
 1.23111993e+02
 1.10421453e+02
 4.23105991e+01
 3.56572282e+01
 3.65875948e+01
 5.31707474e+01
 1.86569744e+01
 2.01278681e+01
 8.30669694e+00
 4.28964646e+01
 1.62373365e+02
 1.48555438e+02
 9.58495169e+01
 1.25289208e+02
 1.36353863e+02
 2.22234952e+01
 2.74294400e+00
 7.35918833e+00
 6.94155545e-01
 1.85593350e+01
 3.38543752e+01
 4.85180781e+01
 1.12873558e+02
 9.34947617e+01
 1.02375497e+02
 5.33148769e+01
 1.94259591e+02
 5.68411644e+01
 5.38669629e+01
 7.85492637e+01
 1.63224662e+00
 5.86091180e+00
 9.94476836e-01
 5.28176599e+01
 9.34525992e+01
 1.08802848e+02
 9.66989760e+01
 2.97647717e+01
 1.43354959e+02
 2.64490765e+00
 1.10532830e+01
 8.87492063e+00
 2.61932387e+00
 5.33140052e+00
 5.36510461e+01
 4.08687436e+01
 2.91295814e+02
 1.77274286e+02
 1.18358889e+02
 6.85049644e+01
 5.26828133e+01
 1.34050061e+02
 4.48943910e+01
 1.27751504e+01
 1.11786501e+01
 0.00000000e+00
 1.36801669e-01
 2.63357990e+01
 2.04724627e+01
 8.48680030e+01
 2.09109648e+01
 1.00750722e+02
 6.16324138e+01
 1.83325766e+01
 1.12561304e+01
 3.41356985e+00
 4.26085908e+00
 9.20153554e+00
 2.70136468e+01
 1.37818001e+02
 1.19239160e+02
 1.23316471e+02
 1.31241508e+02
 2.19584270e+01
 3.08597161e+01
 3.46418822e+01
 2.50830957e+01
 3.05178216e+01
 6.02329920e+00
 5.67590319e+00
 6.34088953e+01
 1.31246234e+02
 5.22198906e+01
 1.41090471e+02
 2.55883031e+01
 1.35268847e+01
 1.81693073e+01
 1.98063216e+00
 7.44285847e+01
 8.19324350e+01
 3.67204726e+00
 1.15567061e+01
 4.74252010e+01
 8.26407086e+01
 3.80203788e+01
 3.37696628e+01
 6.85446248e+01
 1.43068862e+02
 9.93809432e+01
 2.71322528e+01
 9.12739068e+00
 1.41356991e+01
 1.72260284e+01
 6.70118179e+00
 5.44237156e+00
 1.26034861e+02
 1.16450098e+02
 1.35754181e+02
 9.67691813e+01
 9.31765038e+01
 3.15946788e+01
 1.08472961e+02
 5.05684026e+01
 6.47091791e+00
 2.14780707e+01
 8.58512273e+00
 2.99247113e+01
 1.08111865e+02
 2.56402690e+01
 3.81151071e+01
 2.69076575e+01
 3.83496285e+01
 3.11549728e+01
 7.91851468e+01
 2.24611391e+01
 3.81377354e+00
 7.73611727e+00
 2.14090270e-01
 6.56527385e+00
 8.38015750e+01
 4.78268849e+01
 2.17595719e+02
 7.24257961e+01
 5.51847150e+01
 1.31199375e+02
 3.85686417e+01
 2.89990919e+01
 2.66443655e+01
 1.31007246e+01
 3.53880351e+01
 2.81964703e+01
 2.03397250e+01
 7.58030929e+01
 9.50667649e+01
 2.73129951e+02
 4.06290783e+01
 7.23958772e+01
 3.71087022e+01
 6.30143451e+00
 1.77372079e+00
 3.78801582e+01
 7.44430204e+00
 6.17324795e+01
 3.02731491e+01
 6.11680825e+01
 4.10721902e+01
 5.19915327e+01
 1.54459638e+00
 7.85215508e+01
 3.86626364e+01
 6.46198639e+01
 0.00000000e+00
 1.37020331e+01
 1.97190227e+00
 3.58263889e+01
 6.16225090e+01
 1.23683444e+02
 1.01055950e+02
 2.88560322e+00
 6.36830734e+01
 1.76743542e+01
 1.35476278e+01
 3.96400469e+01
 4.26303494e+00
 3.36791109e+00
 2.41916327e+01
 3.54180030e+01
 3.06880762e+01
 3.02126313e+01
 1.97201215e+02
 7.03835639e+01
 6.30407545e+01
 1.50649808e+01
 9.60539308e+00
 2.21207362e+01
 2.61445285e+00
 2.64845588e+00
 1.50086453e-01
 1.91888481e+00
 9.31024040e+00
 1.17889712e+02
 1.71279839e+02
 1.35145543e+02
 1.10812692e+02
 2.80429680e+01
 2.83571184e+01
 5.34930286e+01
 1.81501307e+01
 1.32858167e+00
 1.46827702e+01
 6.27974726e+00
 3.95782580e+01
 6.43828876e+01
 9.53143395e+01
 3.37823762e+01
 2.49777349e+01
 4.64675294e+01
 3.75575979e+01
 3.67083396e+01
 4.56002296e+00
 0.00000000e+00
 1.59107725e+01
 2.54186495e+00
 6.36512312e+01
 1.20569654e+02
 1.08749373e+02
 1.68017424e+02
 9.36330731e+01
 4.65799211e+01
 5.93196855e+00
 9.36731749e+00
 1.39873697e+00
 1.19502277e+00
 2.14461520e+01
 3.52956109e+01
 3.51902180e+01
 8.52955731e+01
 9.10706295e+01
 1.22606944e+02
 4.12362064e+01
 2.69277301e+01
 5.53294421e+01
 3.73057419e+01
 1.85690460e+01
 9.10469517e+01
 2.94135056e+00
 6.03801794e+01
 1.85873372e+02
 9.46445153e+01
 6.79975500e+01
 8.71851952e+01
 2.29929514e+02
 3.83366141e+01
 2.72893647e+01
 1.72263926e+01
 1.24259897e+02
 8.19333456e+01
 5.19401625e+01
 2.16772408e+01
 7.42890317e+01
 2.08992303e+02
 1.35042745e+02
 4.47380150e+01
 1.43483125e+02
 5.13064347e+01
 2.42878369e+01
 5.15439779e+01
 1.57079951e+01
 3.09054890e+00
 5.44509856e+00
 5.42431675e+00
 5.64655364e+01
 1.42183381e+02
 5.75464000e+01
 1.23369273e+02
 9.33897519e+01
 4.09642125e+01
 3.38110082e+01
 5.33055353e+01
 2.53270895e-01
 1.08820414e+01
 2.36763119e-01
 2.81033455e+01
 5.86219386e+01
 1.41538488e+02
 1.45406871e+02
 3.03866346e+02
 6.72923716e+01
 7.56883573e+01
 2.43126652e+01
 3.83875117e+01
 1.70214734e+01
 1.74981940e+00
 2.38705125e+00
 1.04500725e+02
 1.23495175e+02
 1.29840509e+02
 3.38030763e+02
 5.63400488e+01
 6.45025388e+01
 7.58762306e+01
 1.88182125e+01
 2.88612660e+01
 6.00318343e+01
 0.00000000e+00
 2.14800780e-01
 1.01025202e+01
 9.49977387e+01
 1.66901365e+02
 1.44793430e+02
 6.20476040e+01
 1.41955764e+02
 2.36198010e+01
 6.47989187e+01
 1.02230158e+01
 5.52895335e+00
 2.83614080e+01
 3.40994228e+01
 1.70609364e+01
 1.70365447e+02
 8.99283275e+01
 5.16254959e+01
 1.07688607e+02
 7.83401152e+01
 4.02462128e+00
 1.73783136e+02
 4.51446793e+01
 6.40946200e+00
 7.38236028e+00
 2.32295334e+01
 2.70760757e+01
 1.47628446e+02
 1.67495716e+02
 1.00246918e+02
 8.35780583e+01
 6.39723930e+01
 3.85185242e+01
 6.90611919e+01
 6.44936212e+01
 3.10634065e+01
 1.51339839e+01
 4.22073321e-01
 9.57160549e+00
 9.63748042e+01
 6.01070923e+01
 1.72360036e+02
 4.75436721e+01
 7.42716073e+01
 5.70129814e+01
 9.57852567e+01
 2.57707222e+01
 3.68645423e+00
 1.63478355e+01
 5.92007288e+00
 5.08071418e+01
 1.01894476e+02
 1.28498134e+02
 2.31137946e+01
 4.84965877e+01
 1.48388088e+02
 1.56889585e+02
 1.82606484e+01
 3.65191289e+01
 1.99431472e+00
 7.93696774e+00
 4.28130130e+00
 2.05363933e+01
 6.38048887e+01
 3.75998427e+01
 9.54334497e+01
 3.44179627e+01
 7.22932397e+01
 7.57376861e+01
 2.66668411e+01
 3.17540024e+01
 1.27434954e+00
 1.32646921e+00
 1.12493121e+01
 5.24009633e+01
 6.66652142e+01
 1.18426881e+02
 1.48673788e+02
 2.01768035e+02
 1.48451279e+02
 7.85491798e+01
 2.47214849e+01
 3.81166686e+01
 1.13255234e+01
 7.70648406e+00
 1.44410420e+01
 8.59876946e+00
 1.38172262e+02
 1.09844635e+02
 5.68859056e+01
 7.93454467e+01
 1.03133188e+02
 2.54388161e+01
 1.52930602e+01
 1.42018161e+00
 1.69265416e+01
 8.28821506e+00
 3.58262661e-01
 9.19268303e+00
 1.31014854e+02
 1.36852296e+02
 1.69490828e+02
 2.89259191e+02
 1.80484959e+02
 6.65326281e+01
 8.20259771e+01
 1.04374130e+02
 7.41099596e+00
 1.29886654e+01
 4.86245650e+00
 1.32462270e+02
 1.02056567e+02
 2.51767432e+01
 1.72023089e+02
 1.80453312e+02
 6.92436058e+01
 1.85873367e+01
 1.34591789e+01
 1.74525390e+01
 9.29470349e+00
 2.38726379e+00
 6.56661828e+00
 6.86711112e+01
 1.47267627e+02
 1.53258523e+02
 5.80033675e+01
 8.26122854e+01
 1.81183354e+02
 8.58817551e+01
 4.09745533e+01
 1.86496015e+00
 3.11657252e+01
 2.24618114e+01
 5.77146953e+00
 2.61140060e+00
 1.04101201e+02
 9.45563199e+01
 8.44098711e+01
 8.27083025e+01
 1.16112891e+02
 1.79904496e+01
 7.83055452e+01
 1.28882733e+01
 2.33978715e+00
 7.29702997e+00
 6.51582361e+00
 8.97083717e+01
 6.22651039e+01
 1.38860602e+02
 1.75202213e+02
 2.39004612e+01
 1.23781663e+01
 5.08453796e+01
 2.59904223e+01
 2.82055557e+00
 2.64488521e-01
 1.19758292e+00
 4.37056848e+00
 1.33548046e+02
 5.66236663e+01
 1.64340539e+02
 1.70060733e+02
 6.94993285e+01
 5.48253350e+01
 3.49564750e+01
 7.92624227e+01
 7.27239126e+01
 1.02894970e+01
 1.95377089e+00
 4.73346641e+01
 5.78872511e+01
 9.99786087e+01
 2.36685330e+02
 5.63913507e+01
 2.21845587e+02
 1.85867426e+01
 9.31248809e+01
 2.40739797e+01
 1.10480383e+01
 9.70577396e+00
 7.59814764e+00
 2.03888471e+00
 1.05713832e+01
 1.92737701e+02
 3.18420157e+02
 6.61150262e+01
 4.53153058e+01
 6.24886767e+01
 9.43157490e+01
 1.19870304e+02
 1.14646341e+01
 1.82725109e+01
 4.23577112e+00
 1.66944733e+01
 9.27414511e+00
 4.56897663e+01
 1.57212343e+02
 2.02342968e+02
 3.68431789e+01
 1.33381165e+01
 1.03455705e+01
 5.66213359e+01
 1.72787554e+01
 4.71306132e+00
 8.39834680e+00
 0.00000000e+00
 1.08643115e+01
 2.31987424e+01
 2.39220489e+02
 2.41866214e+02
 1.81983153e+02
 1.84987726e+02
 4.65458513e+01
 4.91985535e+01
 3.43578662e+00
 0.00000000e+00
 2.51019606e+00
 5.90941055e+00
 2.80361794e+00
 1.17257870e+02
 1.10857868e+02
 9.82195116e+01
 7.75860281e+01
 9.67477201e+01
 6.20446224e+01
 7.13909497e+01
 3.75234001e+01
 3.01736083e-01
 0.00000000e+00
 0.00000000e+00
 3.23661373e+01
 3.51330940e+01
 1.65158541e+02
 5.50434246e+01
 8.40452423e+01
 4.38453107e+01
 4.58167496e+01
 3.23571698e+01
 2.64070712e+01
 3.77013033e+01
 3.66453497e+00
 1.49198785e+01
 7.28508892e+01
 3.85888829e+01
 6.11517315e+01
 2.80642547e+02
 1.33493425e+02
 8.22931628e+01
 4.67111284e+01
 2.27834461e+01
 2.64481316e+00
 2.42191326e+01
 6.58677976e+01
 2.04477222e+01
 3.62830287e+01
 1.45137451e+02
 1.41951205e+02
 2.23920447e+02
 1.63364224e+02
 7.01508875e+01
 5.47434664e+01
 4.57722463e+01
 2.55509618e+01
 2.63989662e+01
 1.36511757e+01
 2.51419711e+01
 2.90212551e+01
 1.17467569e+02
 5.96619142e+01
 4.24969670e+01
