 6.07359936e+01
 1.20978048e+02
 9.54649032e+01
 1.10447698e+02
 5.92865499e+01
 7.65937447e+01
 3.22563231e+01
 8.08270649e+01
 5.10544200e+01
 6.82094764e+01
 1.37077976e+02
 5.28505263e+01
 6.09611473e+01
 1.18613906e+02
 7.51790988e+01
 1.46373188e+02
 6.82266647e+01
 4.59348038e+01
 1.10227523e+02
 1.24202158e+02
 5.15563787e+01
 2.69943885e+01
 5.68297828e+01
 7.51558156e+01
 6.40839557e+01
 4.12062170e+01
 8.03043354e+01
 1.08262746e+02
 1.34756116e+02
 9.58498969e+01
 7.94855941e+01
 6.40995802e+01
 3.82308507e+01
 1.06288808e+02
 1.58431737e+02
 1.06505056e+02
 3.99529987e+01
 3.73170690e+01
 9.42199074e+01
 4.31338610e+01
 3.36745203e+01
 4.72182016e+01
 1.91178044e+02
 5.25221938e+01
 4.77968939e+01
 7.11811998e+01
 5.67714747e+01
 5.88922702e+01
 7.58470328e+01
 5.92497421e+01
 3.75413704e+01
 3.20892878e+01
 1.09566375e+02
 8.80236154e+01
 6.95049654e+01
 4.91175851e+01
 1.04608742e+02
 2.59636405e+01
 6.14562429e+01
 1.15677584e+02
 2.57185872e+01
 4.61986933e+01
 5.29808957e+01
 8.28613867e+01
 1.28280912e+02
 4.90383250e+01
 4.90543614e+01
 1.91600035e+02
 3.27698297e+01
 1.00156758e+02
 1.07468469e+02
 4.41241308e+01
 4.13140889e+01
 5.45048863e+01
 5.24041457e+01
 1.15746440e+02
 1.24808934e+02
 3.77562876e+01
 1.12164145e+02
 1.04586870e+02
 4.28432064e+01
 1.37801056e+02
 6.95074591e+01
 1.22496009e+02
 6.91528137e+01
 6.86122573e+01
 1.76081306e+01
 3.83589595e+01
 3.47775052e+01
 9.62147297e+01
 7.60765348e+00
 9.06560531e+01
 2.37619128e+01
 5.02103412e+01
 3.75088396e+01
 3.36517828e+01
 1.05749207e+02
 3.53506378e+01
 1.08447330e+02
 2.80350042e+01
 1.83412956e+01
 8.98604541e+00
 6.19830210e+01
 4.05249010e+01
 1.03914315e+02
 1.79510755e+01
 3.24565652e+01
 7.80476142e+01
 7.99645926e+01
 7.96015711e+01
 5.50073183e+01
 6.87332950e+01
 6.95410765e+01
 3.10925087e+01
 1.15477044e+02
 4.32505017e+01
 1.73909114e+01
 7.04068373e+01
 5.07525300e+01
 8.60723373e+01
 1.94514873e+01
 6.89843504e+01
 5.60882745e+01
 5.79138804e+01
 8.76534316e+01
 6.66404946e+01
 6.15843760e+01
 1.01304538e+02
 4.74964090e+01
 2.92365376e+01
 1.78413901e+01
 8.55390892e+01
 1.01511149e+02
 3.02702285e+01
 6.05638373e+01
 3.35653378e+01
 8.96532630e+01
 5.70601490e+01
 8.18839632e+01
 8.17368050e+01
 1.98475910e+01
 2.60564493e+01
 4.63951023e+01
 1.01337317e+02
 3.98750738e+01
 3.60952000e+01
 1.41744038e+02
 5.98090732e+01
 6.89557762e+01
 9.26269304e+01
 8.89095355e+01
 1.90277882e+01
 4.76297158e+01
 1.33949852e+02
 8.60406373e+01
 6.98405328e+01
 1.10675453e+02
 5.67169600e+01
 7.30054936e+01
 8.49764741e+01
 6.05032249e+01
 8.12224962e+01
 4.42555427e+01
 1.30417505e+01
 5.34528445e+01
 3.80578540e+01
 9.19881571e+01
 9.51411113e+01
 6.29615195e+01
 7.43704953e+01
 9.10933329e+01
 3.14744799e+01
 5.97365018e+01
 9.89519471e+01
 6.84750968e+01
 4.87881271e+01
 5.51681198e+01
 6.75904911e+01
 4.86981696e+01
 9.29302745e+01
 7.98287862e+01
 7.99474679e+01
 7.31543278e+01
 7.66013215e+01
 8.39382536e+01
 4.96348111e+01
 7.69888401e+01
 2.04241236e+01
 5.66671828e+01
 3.15208732e+01
 1.51027206e+01
 9.22992067e+01
 7.10929731e+01
 3.86936332e+01
 1.46936103e+01
 2.58545223e+01
 1.07814362e+02
 1.93332348e+01
 8.81889305e+01
 6.70377795e+01
 1.38237312e+02
 1.00666211e+02
 4.73685666e+01
 6.37928256e+01
 7.75863106e+01
 7.77512580e+01
 8.61825805e+01
 9.88976229e+01
 7.91136865e+01
 1.11419149e+02
 6.04045868e+01
 2.27171500e+02
 5.40066662e+00
 4.55478016e+01
 1.21895046e+02
 5.44446727e+01
 5.58600222e+01
 7.32450589e+01
 6.13801133e+01
 1.31798866e+02
 9.01629404e+01
 2.55924725e+01
 6.17786024e+01
 9.07856868e+01
 9.43730359e+01
 7.18833546e+01
 8.46342347e+01
 6.54744143e+01
 7.17926188e+01
 8.89546825e+01
 9.47316993e+01
 1.02556371e+02
 1.02837341e+02
 8.92408878e+01
 2.00285842e+02
 7.10473470e+01
 9.43873690e+01
 8.13235685e+01
 1.02381055e+02
 5.20356777e+01
 1.19315853e+02
 9.96967410e+01
 1.18807043e+02
 1.33003173e+02
 1.38055120e+02
 8.52043130e+01
 7.84407879e+01
 1.84790311e+02
 9.54072035e+01
 3.53184291e+01
 1.09833885e+02
 8.37978431e+01
 6.96962978e+01
 7.80301000e+01
 1.21224452e+02
 8.74118769e+01
 5.46889149e+01
 6.93708990e+01
 1.97389159e+01
 3.24684687e+01
 1.22446614e+02
 3.64900894e+01
 9.06655085e+01
 4.39689533e+01
 7.97686903e+01
 4.73877786e+01
 7.50814448e+01
 6.58257217e+01
 4.99675363e+01
 6.37194794e+01
 1.69404828e+01
 4.28267124e+01
 5.36376890e+01
 6.98212544e+01
 1.11259797e+02
 6.75855461e+01
 6.69591847e+01
 4.95940788e+01
 7.48688949e+01
 1.02180590e+02
 5.01569784e+01
 9.27144375e+01
 3.98846204e+01
 4.17643720e+01
 1.00579828e+01
 1.05036027e+02
 8.24037568e+01
 7.09421219e+01
 1.02965328e+02
 7.43437491e+01
 5.52161899e+01
 1.12521785e+02
 1.19812503e+02
 4.11170729e+01
 1.09775744e+02
 9.35261957e+01
 6.65094131e+01
 9.80530458e+01
 1.35568592e+02
 1.94671970e+01
 8.09462920e+01
 7.22196369e+01
 9.54427259e+01
 3.71359233e+01
 1.08695109e+02
 1.03956267e+02
 3.25187402e+01
 1.33331033e+02
 7.34616565e+01
 1.21110759e+02
 7.65784310e+01
 9.09119491e+01
 3.91239994e+01
 9.41894283e+01
 4.55946311e+01
 9.32991790e+01
 3.98544507e+01
 3.41734954e+01
 6.55619979e+01
 3.26089133e+01
 5.05139413e+01
 1.91952747e+01
 7.10133303e+01
 7.00948503e+01
 5.06289614e+01
 9.00719164e+01
 6.74901917e+01
 8.67591477e+01
 5.49821838e+01
 4.20325968e+01
 2.06268323e+02
 9.71445967e+01
 2.21574547e+01
 5.95737971e+01
 4.21874032e+01
 3.44442300e+01
 6.70508656e+01
 8.34288084e+01
 2.21686741e+01
 6.23042458e+01
 5.81558849e+01
 5.36488867e+01
 2.17682045e+01
 4.75486805e+01
 3.67466182e+01
 5.90828670e+01
 1.93712845e+01
 4.24197704e+01
 1.11729701e+02
 4.54237258e+01
 1.18224802e+02
 8.65479332e+01
 1.83651537e+01
 2.41929441e+01
 5.96651175e+01
 1.13863037e+01
 1.49803922e+01
 7.84685582e+01
 6.39818638e+01
 8.03106690e+01
 7.21892614e+01
 6.32938449e+01
 4.93173509e+01
 5.55168751e+01
 9.50037507e+01
 7.22337427e+01
 1.13652301e+02
 5.95330624e+01
 1.26369835e+02
 7.14251447e+01
 5.01910421e+01
 4.78722775e+01
 4.14488236e+01
 1.29995445e+02
 4.99754192e+01
 5.45535476e+01
 8.14965676e+01
 8.43143529e+01
 1.79012814e+01
 1.51095085e+02
 5.68473408e+01
 4.86602376e+01
 4.38732721e+01
 7.13868558e+01
 4.89624710e+01
 4.73908061e+01
 1.20022251e+02
 8.86447082e+01
 7.55091804e+01
 2.81333483e+01
 5.49520165e+01
 7.67116828e+01
 7.00172349e+01
 2.61944969e+01
 4.24470012e+01
 8.99035561e+01
 7.55055800e+01
 8.55292987e+01
 6.75789202e+01
 9.56466976e+01
 4.71467859e+01
 7.30618727e+01
 1.29401076e+01
 4.37087651e+01
 1.13642093e+02
 4.12975729e+01
 7.79756634e+01
 7.87124886e+01
 8.47865143e+01
 7.81927337e+01
 4.18283850e+01
 8.19006854e+01
 1.37548268e+02
 8.28993504e+01
 4.25512555e+01
 1.95523178e+01
 5.88960954e+01
 3.61455551e+01
 6.65612526e+01
 6.26206075e+01
 1.87010329e+01
 1.95070872e+01
 1.03276774e+02
 1.10599657e+02
 9.06451983e+01
 1.86538461e+02
 1.26143282e+02
 9.95892497e+01
 8.80129976e+01
 6.82322918e+01
 5.38625435e+01
 2.89032113e+01
 4.53655311e+01
 1.30311559e+02
 6.53232465e+01
 1.29401003e+02
 1.59312422e+02
 1.32202436e+02
 5.29095406e+01
 2.42991330e+01
 1.94715428e+01
 4.82394543e+01
 8.88126218e+01
 5.01392688e+01
 9.25230450e+01
 5.76903636e+01
 7.65780103e+01
 2.79790817e+01
 3.98413061e+01
 5.39982879e+01
 6.33510490e+01
 2.42886899e+01
 7.71067078e+01
 6.29612759e+01
 5.70787442e+01
 2.56120174e+01
 7.21176530e+01
 4.82850668e+01
 7.40460514e+01
 1.31020355e+02
 4.09355457e+01
 1.58963510e+01
 1.46514641e+01
 3.97013779e+01
 1.94911129e+01
 6.76053653e+01
 4.09088052e+01
 8.81042360e+01
 9.33640464e+01
 1.09529062e+01
 6.60730152e+01
 1.68859261e+02
 4.60021626e+01
 5.64628755e+01
 4.98658240e+01
 2.33939579e+01
 4.40202331e+01
 9.67112632e+01
 1.15144885e+02
 7.44420801e+01
 4.24373193e+01
 4.25430930e+01
 8.85487946e+01
 6.92677293e+01
 1.38876458e+02
 1.62300776e+02
 2.02431331e+01
 5.94433839e+01
 3.05791826e+00
 4.15215574e+01
 5.95331855e+01
 7.61315030e+01
 4.55918443e+01
 4.41627980e+01
 6.26373671e+01
 1.06352678e+02
 1.02045089e+02
 9.02549231e+01
 1.91524561e+01
 1.51209378e-01
 8.25499822e+01
 3.93695326e+01
 5.36653085e+01
 8.74002347e+01
 9.48433358e+01
 2.98129770e+01
 7.51076756e+01
 1.24419842e+02
 9.38837309e+01
 9.26136252e+01
 8.23454568e+01
 7.60412154e+01
 1.58909669e+02
 1.12358781e+02
 1.39659396e+02
 1.66651944e+02
 5.38537111e+01
 6.95636013e+01
 5.14903861e+01
 1.08604118e+02
 4.11993343e+01
 1.46731618e+02
 4.16766033e+01
 6.95890363e+01
 8.28885818e+01
 9.72268455e+01
 5.84981032e+01
 1.07594636e+02
 9.68611546e+01
 1.51596789e+01
 9.22312231e+01
 6.45763414e+01
 9.51917312e+01
 6.93119732e+01
 7.90219325e+01
 5.78574907e+01
 1.37677031e+02
 5.07382935e+01
 1.12291457e+02
 8.79131959e+01
 9.16522563e+01
 1.07463886e+02
 3.39682667e+01
 1.45751727e+02
 9.95118729e+01
 7.44614011e+01
 6.79116375e+01
 6.32345502e+01
 4.45686233e+01
 6.83820809e+01
 6.67941270e+01
 4.61077384e+01
 4.60873979e+01
 4.26997552e+01
 2.60852281e+01
 1.48425992e+01
 4.60414454e+01
 1.06369039e+02
 1.50182202e+02
 7.23610669e+01
 5.27183415e+01
 8.06364827e+01
 1.30855205e+02
 1.17341629e+02
 2.45614721e+01
 3.47311399e+01
 9.18453719e+01
 6.06430778e+01
 1.02232904e+02
 5.95535535e+01
 7.96624616e+01
 1.18438292e+02
 1.70370323e+02
 1.76207320e+01
 1.45784090e+02
 7.62736284e+01
 7.50899367e+01
 3.23558604e+01
 9.34298474e+01
 4.67969889e+01
 9.84187367e+01
 4.23328743e+01
 8.08955016e+01
 9.78118437e+01
 1.50650103e+01
 6.29492957e+01
 8.66182783e+01
 7.63585811e+01
 8.30200021e+01
 5.52349159e+01
 6.56277891e+01
 1.79532011e+02
 6.24959481e+01
 4.44602673e+01
 2.01175822e+01
 6.20728604e+01
 7.96346673e+01
 9.90752264e+01
 8.60199298e+01
 1.04387079e+02
 1.05899099e+02
 8.16821359e+01
 6.05107960e+01
 8.61741233e+01
 2.66459152e+01
 9.47150113e+01
 9.22964102e+01
 4.65302318e+01
 3.85725621e+01
 1.55724724e+02
 1.21465458e+01
 1.00292130e+02
 1.39519637e+02
 4.12724137e+01
 9.39324995e+01
 4.41494805e+01
 7.12658456e+01
 5.05337435e+01
 2.76877762e+01
 3.62914490e+01
 3.04237067e+01
 5.39622540e+01
 6.39586198e+01
 7.15826169e+01
 5.76955460e+01
 6.60212830e+01
 9.66851591e+01
 1.01162245e+02
 5.72060727e+01
 1.20801812e+02
 6.03250761e+01
 1.21415560e+02
 4.67991672e+01
 1.52453198e+02
 1.21207890e+02
 3.04064051e+01
 4.63546748e+01
 8.45211267e+01
 2.94473677e+01
 1.12181903e+02
 1.08977733e+02
 2.00696105e+02
 5.99992769e+01
 1.34542996e+02
 7.55785024e+01
 1.11447330e+02
 1.97726784e+01
 4.25023700e+01
 9.21602871e+01
 5.64253081e+01
 1.33524031e+02
 1.04522970e+02
 1.26863078e+02
 3.91315040e+01
 1.89917306e+01
 1.39891360e+02
 5.18023839e+01
 2.63440156e+01
 5.39319740e+01
 6.79579603e+01
 6.88040627e+01
 5.37801769e+01
 6.20752866e+01
 2.41959969e+01
 1.09012139e+01
 9.28973879e+00
 6.40317622e+01
 6.13532444e+01
 7.29641014e+01
 5.41182305e+01
 8.45058972e+01
 1.55592274e+02
 1.92643750e+02
 7.97120500e+01
 3.56189694e+01
 6.67388221e+01
 9.41034183e+01
 2.43293745e+01
 3.53117228e+01
 1.22191372e+01
 1.65873704e+02
 9.52834414e+01
 1.10124959e+02
 9.62622224e+01
 3.92533407e+01
 4.47326389e+00
 2.76032132e+01
 1.38417032e+02
 7.38939287e+01
 7.79158841e+01
 9.15705337e+01
 1.07120222e+02
 1.88386727e+02
 7.40770616e+01
 3.74993676e+01
 5.53002218e+01
 4.69582353e+01
 5.87632185e+01
 2.28838663e+01
 4.39389213e+01
 6.19355728e+01
 7.32162359e+01
 1.83658803e+02
 5.70603517e+01
 1.08909396e+01
 6.00738085e+01
 7.29647945e+01
 9.17567603e+01
 2.17893587e+01
 5.00277876e+01
 4.95912147e+01
 1.05197585e+02
 6.69015053e+01
 1.35785162e+02
 5.31334277e+01
 7.56233992e+01
 5.06573237e+01
 6.50719692e+01
 5.11675097e+01
 7.89193091e+01
 4.94812005e+01
 8.20234562e+01
 1.21573763e+02
 4.38351528e+01
 3.74469782e+01
 3.77165275e+01
 1.23794668e+01
 3.19937185e+01
 9.09914346e+01
 4.04048579e+01
 8.22670647e+01
 5.83866268e+01
 8.17601759e+01
 8.47891347e+01
 6.90830664e+01
 4.44191541e+01
 2.80458498e+01
 2.79571248e+01
 3.59150933e+01
 6.17677623e+01
 5.00001578e+01
 7.81097612e+01
 6.78642640e+01
 1.95637999e+01
 7.57936311e+01
 1.15152773e+02
 1.05782122e+02
 8.91167937e+01
 1.15067953e+02
 1.37206766e+02
 8.18356332e+01
 1.39507635e+01
 3.73795451e+01
 4.82709809e+01
 1.22287725e+02
 8.74193232e+01
 2.51217768e+01
 8.46782774e+01
 7.44821132e+01
 1.42622199e+02
 6.05110737e+01
 3.87218356e+01
 1.70508064e+01
 2.59878177e+01
 1.09700295e+02
 4.84253496e+01
 7.58286142e+01
 9.32075876e+01
 5.91495937e+01
 2.99761057e+01
 4.34669151e+01
 6.51463208e+01
 1.40506535e+02
 1.12236821e+02
 5.59387632e+01
 8.83194217e+01
 1.06889781e+02
 4.47308386e+01
 6.54321426e+01
 3.11115951e+01
 2.68608719e+01
 2.38598343e+01
 3.08987602e+01
 5.24186486e+01
 8.31602664e+01
 3.57740921e+01
 2.79979022e+01
 1.06625004e+02
 6.18019430e+01
 9.13017270e+01
 3.91334560e+01
 2.57924488e+01
 7.64683469e+01
 4.57553958e+01
 1.23950822e+02
 9.00696872e+01
 1.51486373e+02
 1.21413475e+02
 8.24140543e+01
 1.11939761e+02
 1.32188518e+02
 1.08141389e+02
 4.19345804e+01
 1.30065870e+01
 5.50684617e+01
 1.57294996e+01
 3.61796151e+01
 1.15906640e+02
 1.38389387e+02
 1.12644239e+02
 2.95535453e+01
 6.77860854e+00
 4.50737786e+01
 6.87857197e+01
 3.23916610e+01
 5.60945399e+01
 4.97808274e+01
 4.95519881e+01
 8.26081443e+01
 8.50671118e+01
 7.80864439e+01
 4.59590474e+01
 7.22882503e+01
 5.25214143e+01
 3.89396674e+01
 1.36941979e+02
 1.28780655e+02
 7.36021895e+01
 2.24091940e+01
 9.43519915e+01
 9.52908468e+01
 6.08539670e+01
 1.07350491e+02
 9.83242536e+01
 1.10572673e+02
 3.34655878e+01
 9.57033131e+01
 2.00062050e+01
 1.38207251e+02
 1.01360244e+02
 6.80405014e+01
 6.47608789e+01
 1.00596697e+02
 6.25453948e+01
 8.08879598e+01
 4.05847980e+01
 7.08147050e+01
 4.68769999e+01
 8.76940059e+00
 9.58821202e+01
 2.18182658e+01
 8.78679742e+01
 6.44838236e+01
 6.72863517e+01
 9.74802567e+01
 7.13843348e+01
 2.10200290e+01
 3.40505188e+01
 8.15958927e+01
 1.69812087e+02
 1.01280474e+02
 1.50519090e+02
 8.41763973e+01
 2.64757028e+01
 1.16085047e+02
 7.98160866e+01
 1.37245163e+02
 6.49089673e+01
 6.41094459e+01
 9.99760249e+01
 2.41483086e+01
 5.89311925e+01
 6.07571906e+01
 4.86575483e+01
 1.49794101e+02
 6.44244585e+01
 3.50365119e+01
 8.91433671e+01
 7.60115499e+01
 5.20521609e+01
 1.17433329e+02
 2.54279654e+01
 3.41367593e+01
 5.23755033e+01
 8.66150251e+01
 7.48806413e+01
 5.63846189e+01
 5.53758593e+01
 1.01730427e+02
 2.42708453e+01
 6.93611299e+01
 9.74527944e+01
 8.91058959e+01
 5.84259948e+01
 8.26642792e+01
 6.72711523e+01
 1.16831508e+02
 9.12523349e+01
 1.50662156e+02
 5.04196416e+01
 1.09297471e+02
 2.57992201e+01
 9.54657022e+01
 4.32282328e+01
 1.29475580e+02
 1.32238684e+02
 3.72010528e+01
 1.43137541e+02
 6.21938389e+01
 1.05982565e+02
 1.72171714e+01
 2.64379644e+01
 5.65463577e+01
 1.33602816e+02
 5.57595522e+01
 3.88145267e+01
 1.32535672e+02
 1.16210604e+02
 5.34134935e+01
 6.43333573e+01
 4.64303221e+01
 1.07070732e+02
 7.49962834e+01
 8.12665322e+01
 6.85522787e+01
 9.09369313e+01
 6.58785646e+01
 9.91578433e+01
 1.65646387e+02
 7.29696838e+01
 3.68195230e+01
 1.21587395e+02
 4.87667419e+01
 7.74503044e+01
 1.41663685e+02
 9.09151353e+01
 6.63242925e+01
 4.18438317e+01
 6.74776707e+01
 9.70912337e+01
 4.62235893e+01
 1.26108823e+02
 5.89483078e+01
 1.02461236e+01
 2.41771942e+01
 7.05943696e+01
 2.99553435e+01
 8.92404405e+01
 5.75697320e+01
 4.86762667e+01
 8.38197183e+01
 1.50765298e+02
 1.01715821e+02
 9.24208739e+01
 8.37517834e+01
 6.18890697e+01
 6.23845251e+01
 4.85461066e+01
 7.58680066e+01
 1.16626743e+02
 1.02723912e+02
 1.28447393e+02
 6.51733551e+01
 3.76215781e+01
 5.34805027e+01
 3.96065670e+01
 3.75011303e+01
 1.86395010e+01
 8.24345446e+01
 7.90749884e+01
 3.88893792e+01
 1.05714616e+02
 6.04463446e+01
 1.16681867e+02
 1.26005327e+02
 1.16968955e+02
 7.51345884e+01
 7.88365000e+01
 2.77626171e+01
 1.30222933e+02
 1.42212443e+02
 1.48958487e+02
 5.24730576e+01
 6.14962273e+01
 5.12111631e+01
 6.27145367e+01
 9.13531557e+01
 9.88088145e+01
 1.00966481e+02
 3.36145629e+01
 1.58334920e+01
 2.70166145e+01
 2.16616432e+02
 3.00600267e+01
 6.81567714e+01
 4.58192587e+01
 1.22650821e+02
 8.79207500e+01
 1.32446641e+02
 1.32063717e+02
 1.12812791e+02
 5.25020491e+01
 1.28702641e+01
 4.99561535e+00
 5.17201904e+01
 8.46751115e+01
 2.54510303e+01
 6.43536053e+01
 7.01425323e+01
 2.53271280e+01
 1.15969679e+02
 4.22849434e+01
 8.37640121e+01
 3.62599426e+01
 3.36729053e+00
 4.21854379e+01
 1.13502977e+02
 1.34971965e+02
 4.50661925e+01
 8.76252813e+01
 1.40656417e+02
 4.20015720e+01
 1.13622076e+02
 9.57965346e+01
 4.58107376e+01
 8.20023570e+00
 7.15005045e+01
 5.63211211e+01
 6.13816450e+01
 4.66927123e+01
 6.25541219e+01
 1.38484536e+02
 4.36085728e+01
 9.97031129e+01
 4.76640880e+01
 4.77077225e+01
 7.70316015e+01
 5.43505180e+01
 2.74204238e+01
 6.09990708e+01
 7.29689954e+01
 9.28828311e+01
 7.83358191e+01
 2.46692769e+01
 5.77913730e+01
 7.51812609e+01
 7.57278496e+01
 8.73103574e+01
 6.58683919e+01
 6.99446879e+01
 2.03669813e+01
 1.11440705e+02
 4.93574901e+01
 6.13900327e+01
 6.24963418e+01
 1.13846099e+02
 1.13395499e+02
 7.15641738e+01
 6.78739138e+01
 3.06324295e+01
 3.56672459e+01
 2.63703062e+02
 3.67574613e+01
 5.36262334e+01
 2.86781049e-05
 7.48054033e+01
 8.44361085e+01
 8.41511007e+01
 1.18364628e+02
 5.40792392e+01
 4.13534399e+01
 6.00563608e+01
 1.00432015e+02
 3.34055808e+01
 4.14871173e+01
 2.63473651e+01
 3.56569595e+01
 5.95754536e+01
 9.13781348e+01
 2.18993899e+01
 1.20264613e+02
 4.05920085e+01
 1.21707489e+02
 8.17850215e+01
 9.62119046e+01
 1.06659368e+02
 4.46361419e+01
 1.72423447e+01
 5.43076650e+01
 6.75504045e+01
 1.05496627e+02
 4.16117913e+01
 7.38549431e+01
 1.03162794e+02
 9.88117010e+01
 5.95799094e+01
 1.32028362e+02
 1.44189132e+02
 8.36485461e+01
 4.62259814e+01
 1.63458924e+02
 1.03214306e+02
 4.13776941e+01
 9.09202899e+01
 7.80415827e+01
 1.28243501e+02
 5.31021495e+01
 6.62597822e+01
 8.57947220e+01
 1.69468908e+01
 1.68767731e+01
 5.05584053e+01
 3.22664071e+01
 1.64569484e+02
 1.05512469e+02
 8.26141953e+01
 2.27552655e+01
 8.09567400e+01
 3.61641685e+01
 1.55440146e+02
 4.23681469e+01
 1.78274097e+02
 6.22491579e+01
 2.70111530e+01
 1.09845455e+02
 9.79611115e+01
 9.81337560e+01
 9.66787281e+01
 5.29137549e+01
 7.57885738e+01
 1.54798063e+02
 8.58853406e+01
 8.57583868e+01
 3.79153750e+01
 7.05049444e+01
 4.04473756e+01
 4.79881365e+01
 3.99449404e+01
 1.02239997e+02
 4.77840702e+01
 1.15420909e+02
 9.52650423e+01
 1.24108557e+02
 5.93122820e+01
 3.48678415e+01
 2.72679500e+01
 1.01254118e+01
 1.30406012e+02
 7.42668865e+01
 4.02865126e+01
 3.75341865e+01
 3.95797123e+01
 7.10371548e+01
 7.70273231e+01
 7.11822131e+01
 3.72301961e+01
 1.60994434e+02
 1.48423814e+02
 5.79509499e+01
 2.38803394e+02
 4.08462701e+00
 5.19675236e+01
 4.68837511e+01
 4.24461571e+01
 8.46284769e+01
 6.27841482e+01
 9.87003859e+01
 2.05293564e+01
 8.50499033e+01
 1.01348302e+02
 5.96479584e+01
 1.36398237e+02
 4.67601426e+01
 1.93948481e+01
 1.23424374e+02
 1.00757863e+02
 8.71404510e+01
 4.62788572e+01
 8.83064720e+01
 8.04353852e+01
 4.77433405e+01
 2.01921317e+02
 7.34361134e+01
 1.08427569e+02
 4.10628666e+01
 1.24722865e+02
 5.75135968e+01
 5.13637536e+01
 8.63776449e+01
 1.83239062e+01
 2.69211821e+01
 2.61977282e+01
 2.40860715e+01
 2.68465111e+01
 2.40187700e+01
 5.48031531e+01
 1.55776218e+02
 4.47757388e+01
 9.15962047e+01
 9.04643114e+01
