 1.79985173e+02
 1.19556634e+02
 7.16934642e+01
 1.22284283e+02
 1.97670370e+01
 3.82273618e+01
 2.61899879e+01
 1.07959693e+01
 1.17401276e+02
 8.13471099e+01
 5.32151270e+02
 9.15305250e+01
 2.44600234e+02
 2.02880754e+02
 7.70446828e+01
 6.92921002e+01
 9.00373797e+00
 6.23271929e+00
 2.04500315e+01
 2.71626497e+01
 8.66015112e+00
 1.06853890e+02
 6.92958768e+01
 4.09395115e+01
 2.48178626e+02
 9.41466906e+01
 8.50919485e+01
 6.69474765e+01
 2.40713874e+02
 8.98245920e+01
 3.86013576e+01
 1.55322425e+02
 2.41431759e+02
 1.10669090e+02
 2.84340360e+02
 3.16546729e+02
 3.36460465e+02
 9.63136636e+01
 1.10300924e+02
 1.95151985e+02
 1.42353162e+02
 4.78918551e+01
 1.38879625e+01
 2.81507155e+00
 8.60648904e+01
 3.13337555e+02
 1.57644570e+02
 2.96990908e+02
 2.96387679e+02
 1.11994013e+01
 1.23190462e+02
 9.91873109e+01
 9.66848181e+01
 1.62974561e+01
 1.64797429e+00
 2.43101281e+00
 2.55067529e+02
 9.88390425e+01
 1.50206837e+02
 1.19428444e+02
 2.94183015e+01
 8.65210480e+01
 6.82367692e+01
 3.44602249e+01
 4.76828012e+01
 9.90694970e+01
 1.90890558e+01
 3.02553018e+00
 1.25617171e+02
 4.87961854e+01
 8.56003721e+00
 5.13610808e+02
 1.47624129e+02
 1.16950377e+02
 1.66457591e+02
 9.89445259e+01
 3.40911502e+01
 2.38544506e+01
 1.39979036e+01
 1.29184199e+01
 5.04209792e+01
 2.12288202e+02
 3.91162219e+02
 1.71752305e+02
 1.21231935e+02
 4.07552010e+01
 2.29440908e+02
 7.84621715e+01
 2.07221098e+01
 5.89069300e+01
 8.59001712e+01
 1.97972031e+01
 9.41869797e+01
 4.03114196e+02
 5.20848488e+01
 1.09732500e+02
 2.78265585e+02
 2.75315646e+01
 6.17717086e+01
 1.25626205e+02
 1.14174724e+02
 1.12839140e+01
 2.18157039e+01
 1.08809464e+01
 6.22905116e+00
 6.13381851e+01
 3.21023304e+02
 4.45686815e+02
 6.63754921e+01
 6.71172714e+01
 2.81686417e+02
 6.96011897e+01
 9.57357659e+01
 5.40700192e+01
 1.14473045e+01
 1.37073036e+02
 4.06404423e+01
 1.68344237e+02
 3.60367953e+02
 1.84438593e+02
 1.73806176e+02
 6.94542885e+01
 1.00880656e+02
 2.09194154e+02
 1.50916731e+02
 2.07060160e+01
 5.17873516e+00
 1.72866785e+01
 1.53998788e+02
 1.83201987e+02
 8.12710117e+01
 3.50477818e+02
 2.73063615e+02
 8.79608913e+01
 1.37561276e+02
 7.00456417e+01
 7.88286378e+00
 7.68064397e+01
 1.28437641e+01
 6.78617899e+00
 4.42613867e+01
 1.74245804e+02
 2.67518106e+02
 2.32753388e+02
 6.58405815e+00
 2.02613996e+02
 1.42875663e+02
 1.83211023e+02
 5.90631891e+01
 9.22291564e+00
 3.95018288e+00
 5.42428314e+01
 2.64060860e+02
 3.78377549e+02
 4.68226111e+02
 5.60741497e+02
 6.52040340e+01
 2.92006863e+02
 2.06187721e+02
 2.13729152e+02
 8.36023634e+00
 4.76449883e+00
 1.69254905e+01
 2.47675375e+01
 2.01818779e+02
 8.06343390e+01
 6.19917381e+01
 2.78365188e+02
 1.79606348e+02
 8.39465536e+01
 3.93462835e+01
 2.19603988e+01
 3.06729365e+01
 9.12620842e+01
 3.28846723e+01
 3.62714647e+00
 1.63334868e+02
 1.50106979e+02
 4.07887385e+02
 4.89144303e+02
 1.52995995e+02
 2.20947373e+02
 1.48544320e+02
 1.50547133e+02
 2.26089628e+02
 2.03974758e-01
 9.65183266e+00
 2.63131735e+01
 9.54576521e+01
 3.14888618e+02
 2.97559679e+02
 1.87064338e+02
 1.45143940e+02
 1.18122115e+02
 2.97195458e+01
 1.76953457e+02
 5.07165547e+01
 1.57165702e+01
 5.83679379e+01
 8.58947797e-01
 1.61590195e+02
 4.23767811e+02
 2.39720580e+02
 3.21544135e+02
 1.66293289e+01
 1.84264953e+02
 9.73117544e+01
 1.88448718e+02
 9.25389082e+01
 3.27221582e+01
 1.30070486e+01
 1.92015666e+00
 8.68853198e+00
 1.45521451e+02
 3.29784044e+02
 2.50505679e+02
 1.10920016e+02
 2.56340606e+02
 9.13948403e+01
 1.31969600e+02
 1.40854005e+02
 4.33169846e+01
 6.25353186e+01
 9.05466382e+01
 2.14621214e+02
 2.13080172e+02
 1.22505833e+02
 1.44997323e+02
 1.45856253e+02
 1.74616603e+01
 1.90304575e+02
 1.46887339e+02
 1.53894593e+02
 1.33848074e+01
 7.60045635e+00
 4.28512185e+01
 1.16662565e+01
 2.51235697e+02
 1.52109106e+02
 3.54450821e+02
 1.02418877e+02
 1.70505490e+02
 4.98671345e+01
 4.84125835e+01
 3.34341027e+01
 1.49178937e+01
 2.95395091e+01
 2.75997833e+01
 9.56766178e+01
 6.63988240e+01
 5.11578735e+02
 2.40090357e+02
 7.81704125e+01
 9.74915540e+01
 1.91756954e+01
 7.37962708e+00
 1.15440913e+01
 1.09571835e+02
 2.89927364e+01
 2.52526406e+01
 2.81333681e+02
 3.40460795e+01
 2.35260737e+02
 2.33833603e+02
 1.70866871e+02
 2.35149421e+02
 8.59790193e+01
 4.29953207e+01
 3.82318885e+01
 1.23373074e+01
 2.60710409e+01
 5.30362268e+01
 5.94748962e+01
 7.90130168e+01
 1.07448139e+02
 2.56107308e+02
 1.36603182e+02
 9.02016167e+01
 2.83954461e+02
 2.19126164e+01
 1.14855807e+02
 2.64127830e+01
 1.57387672e+01
 1.28356377e+01
 1.35602284e+02
 9.94435872e+01
 3.82997017e+02
 2.18158549e+02
 1.53747050e+02
 1.79689332e+02
 3.22680242e+02
 1.52801751e+02
 1.22809297e+02
 1.40492175e+01
 8.68379801e+00
 4.85220292e+01
 5.28308076e+00
 2.75656171e+02
 4.09368536e+01
 2.05086322e+02
 6.31066558e+02
 1.48039129e+02
 8.35095680e+01
 1.07611856e+02
 3.29038484e+01
 3.60877786e+01
 2.26654578e+01
 2.11735512e+00
 2.12905171e+02
 2.15612920e+02
 6.42538383e+02
 1.84403164e+02
 3.20604836e+02
 1.10976875e+02
 1.10510595e+02
 1.97010077e+02
 3.92994346e+01
 6.32851206e+00
 2.64796681e+02
 2.60795084e+01
 2.22176186e+02
 9.13108961e+01
 2.66167404e+02
 3.25912509e+02
 4.65302561e+01
 1.23695664e+02
 6.87721951e+01
 1.35100420e+02
 5.35713067e+00
 1.02890011e+00
 5.55798297e+00
 2.24643083e+01
 1.26964990e+01
 1.74323756e+02
 1.83867440e+02
 1.30305737e+02
 5.56649676e+00
 4.00593633e+01
 4.06258485e+01
 8.33932185e+01
 6.45574685e+01
 2.76982104e+01
 7.91366676e+01
 2.55286067e+01
 9.08466708e+01
 1.21526349e+02
 2.86390005e+02
 4.71919550e+02
 3.71459882e+02
 3.87396008e+02
 5.03143678e+01
 1.22385954e+02
 1.22314041e+02
 4.31406315e+01
 2.58411321e+01
 7.85274605e+01
 6.03533663e+01
 4.99780793e+01
 1.76322840e+02
 1.44199721e+02
 1.25506487e+01
 2.06175074e+02
 1.07563370e+01
 9.86915546e+00
 5.04726341e+01
 2.05424283e+01
 1.01604693e+01
 3.26939293e+01
 1.01232883e+02
 1.64224353e+02
 9.00307805e+01
 6.19988452e+01
 3.35965043e+02
 2.54143419e+02
 4.44672790e+01
 1.27202011e+02
 3.47009513e+02
 8.65764295e+01
 1.29062278e+01
 6.01565981e+01
 1.39547410e+02
 3.64554881e+02
 1.39833383e+02
 4.67786707e+02
 1.03413852e+02
 2.04363775e+02
 1.76753861e+02
 5.00257546e+01
 6.84587074e+01
 6.10714019e-01
 3.65917701e+01
 2.00804979e+01
 3.51127056e+02
 3.72409216e+02
 1.90707607e+02
 1.17119038e+02
 6.14217006e+00
 1.07280183e+02
 9.49356599e+01
 1.12430205e+02
 2.73862761e+01
 4.40929309e+01
 3.90232541e+00
 2.32487265e+01
 1.18406242e+00
 2.40341498e+02
 2.31538368e+02
 1.25317637e+02
 3.20899571e+02
 2.11761402e+02
 7.29350984e+01
 1.02183051e+02
 6.09176259e+01
 4.17630693e+01
 3.13876343e+01
 3.74798032e+01
 3.90509985e+01
 1.60677629e+02
 3.82854592e+02
 6.21032264e+02
 9.04789371e+01
 1.87688700e+02
 1.74676273e+02
 2.02591878e+01
 2.06202001e+01
 2.06421208e+01
 4.95291792e+00
 4.77341519e+01
 9.76225185e+01
 2.00739852e+02
 1.35138902e+02
 2.17644770e+02
 1.78387066e+02
 5.31316049e+00
 2.46848068e+02
 1.71811266e+02
 1.01529779e+02
 3.69759046e+01
 1.24630479e+00
 1.79394387e+00
 6.88979836e+01
 5.10859288e+01
 3.26332984e+02
 1.15007628e+02
 1.81483366e+02
 1.60779278e+02
 2.57597218e+02
 5.57639977e+01
 2.92131253e+01
 6.37689331e+01
 9.80027584e+00
 6.06291608e+01
 1.01951195e+02
 3.78994123e+01
 3.48593047e+02
 3.99659533e+02
 4.90347682e+02
 1.64359084e+02
 5.34539992e+01
 1.37100522e+02
 1.41794424e+02
 1.33486780e+00
 7.22324442e+00
 1.99057301e+01
 3.53383267e+02
 5.20478704e+02
 1.08316335e+02
 2.99621174e+02
 4.73895547e+02
 2.78123253e+02
 5.87160848e+01
 2.55273680e+01
 1.04273630e+02
 1.15880447e+01
 5.06256923e+01
 6.76145051e+01
 1.78659826e+02
 6.06659881e+01
 1.26715253e+02
 6.63212134e+01
 1.50152162e+02
 4.37315226e+01
 1.27911489e+02
 4.50797617e+01
 2.12538466e+02
 1.10152776e+02
 2.32507289e+01
 7.71170901e+01
 5.85727624e+01
 2.94083894e+02
 2.21825517e+02
 3.10014688e+02
 1.06308324e-01
 1.19838961e+02
 4.80995262e+01
 5.91611343e+01
 3.12741975e+01
 2.89751842e+01
 1.75440738e+01
 1.50749086e+01
 1.06826695e+01
 2.19120220e+02
 7.93293449e+01
 4.20374261e+02
 4.28948597e+02
 1.29090113e+02
 3.12731091e+02
 1.01789062e+02
 2.43089354e+01
 7.02349547e+00
 9.18793601e+00
 2.01664676e+01
 2.41810472e+02
 3.91196901e+02
 9.15799574e+01
 1.35749104e+02
 1.77345846e+02
 4.64026256e+01
 2.07014380e+00
 1.36171631e+01
 3.93513285e+01
 9.48425566e+01
 2.64904649e+01
 3.71285991e+01
 1.72155750e+02
 8.15647559e+01
 3.83668332e+02
 3.44677237e+02
 2.28810825e+02
 2.20787019e+02
 1.66502375e+02
 9.32799048e+01
 8.67864223e+00
 4.40365605e+01
 1.93935802e+01
 1.26878072e+01
 3.24172790e+00
 1.39204225e+02
 4.79263770e+02
 1.74723414e+02
 1.79013856e+02
 1.36024912e+02
 1.31575794e+02
 1.10813285e+02
 1.55969463e+02
 7.63424778e+01
 9.75753699e+00
 3.92637156e+01
 1.56031528e+01
 9.59529490e+01
 4.69966899e+01
 1.36964449e+02
 5.29694153e+02
 2.62682975e+02
 2.51942270e+02
 4.55527955e+00
 6.96947388e+01
 1.17747815e+02
 1.99945476e+01
 4.75991152e+01
 1.51305248e+02
 7.95556775e+01
 4.15684340e+02
 2.65078652e+02
 1.01304733e+02
 6.11952776e+01
 7.84182112e+01
 8.51753358e+01
 4.16791660e+01
 1.06467578e+02
 1.69193501e+02
 1.53196721e+01
 1.72359072e+02
 2.86296598e+02
 5.35531118e+02
 3.20278218e+02
 1.59992433e+02
 2.35693217e+02
 3.80237355e+01
 5.12583690e+01
 1.15628728e+02
 1.55363697e+01
 4.87932329e+00
 3.02057062e+01
 4.35948148e+01
 3.08763875e+02
 5.54477303e+02
 2.25747927e+02
 2.60952610e+02
 2.20842641e+02
 1.15293516e+02
 1.34113259e+02
 1.14393515e+02
 2.11112832e+01
 1.04534106e+01
 7.73019039e+01
 1.32067602e+02
 7.12217200e+01
 6.60321630e+02
 3.82012827e+02
 1.71127522e+02
 1.68214080e+02
 1.60545160e+02
 2.24734222e+02
 8.11918691e+01
 4.29161683e+01
 4.59174340e+01
 5.99914184e+01
 2.38005762e+02
 1.44403068e+02
 2.62884513e+02
 1.18733300e+02
 2.40192747e+02
 1.12919660e+02
 1.74446959e+02
 1.02107322e+02
 8.18104061e+01
 2.70304227e+00
 7.29174752e+00
 2.28328883e+01
 1.12959273e+02
 5.02623740e+01
 1.47515315e+02
 2.18161200e+02
 1.56040867e+02
 5.59177766e+01
 4.59834639e+01
 4.14356722e+01
 1.46956152e+02
 1.39096692e+02
 3.96840312e+01
 2.40904380e-01
 2.09784855e+01
 6.41988565e+01
 1.67080830e+02
 2.58266706e+02
 2.80113235e+02
 2.68274341e+01
 1.91634100e+02
 6.02871077e+00
 5.72126157e+01
 5.75201151e+00
 5.66993196e+00
 1.06815959e+01
 1.78278359e+02
 6.25021131e+02
 1.22551453e+02
 1.32248196e+02
 7.87879653e+01
 1.27954626e+02
 5.84099733e+01
 2.10604527e+01
 6.68739201e+01
 4.84541588e+01
 1.11984851e+01
 1.32809587e+01
 1.46455933e+02
 1.64063724e+01
 3.82534927e+02
 2.83004152e+02
 5.73364255e+02
 2.14510429e+02
 6.75229947e+01
 6.95393312e+01
 5.97751512e+01
 2.71724938e+01
 9.64495343e+00
 2.67952585e+01
 1.04657500e+01
 5.04776766e+01
 3.94130783e+02
 3.29164849e+02
 1.23807225e+02
 8.74053723e+01
 1.89038230e+02
 4.88048613e+01
 7.25777191e+01
 9.96043321e+00
 5.07523492e+01
 3.40057493e+01
 1.60317911e+02
 1.26856969e+02
 1.40479115e+02
 5.27260180e+01
 4.33530365e+02
 2.45051125e+02
 8.09035014e+01
 2.40915335e+02
 8.12430590e+01
 7.60317735e+00
 6.73783310e+01
 2.31206787e+01
 2.68264707e+02
 1.37362110e+02
 2.62333652e+02
 3.74951207e+01
 1.04525726e+02
 3.86487498e+02
 2.36125520e+02
 1.80126607e+02
 4.92055779e+01
 2.53109176e+01
 1.01954368e+01
 9.18335757e+00
 5.13600300e+01
 3.37159380e+02
 2.65991339e+01
 1.12250895e+02
 2.27181829e+02
 9.95899497e+01
 1.71522620e+02
 1.76549774e+02
 1.00592176e+02
 3.36700210e+01
 2.03429673e+01
 1.15956588e+01
 1.92230058e+01
 1.77856157e+02
 4.87006307e+01
 5.77449625e+01
 1.43443970e+02
 3.72841445e+01
 5.53509586e+01
 1.30774657e+02
 4.06444351e+01
 6.81089655e+00
 3.15914670e+00
 1.07438075e+01
 4.67467808e+01
 1.35818140e+02
 4.88928964e+02
 1.28085137e+02
 1.33715588e+02
 2.03501383e+02
 7.69898730e+01
 1.00627330e+02
 1.24904045e+02
 3.81121074e+00
 9.32439594e+00
 1.48143259e+01
 3.74605386e+01
 9.98607652e+01
 4.18295634e+02
 2.00547701e+02
 1.55330415e+02
 1.76888590e+02
 1.99937164e+02
 2.78014560e+02
 4.86777426e+01
 2.37290953e+01
 2.34203275e+01
 2.11626343e+01
 2.27166277e+02
 2.41954787e+02
 1.41917418e+02
 1.27151899e+02
 2.67856305e+02
 3.32056985e+02
 1.85768975e+02
 1.67157474e+02
 7.42330575e+01
 1.57228590e+02
 4.81374399e+01
 8.52348425e+00
 3.76858953e+01
 1.91382004e+02
 2.80752626e+02
 2.42345461e+02
 1.51632377e+02
 1.36394193e+02
 2.80946865e+01
 1.51245389e+02
 1.27316781e+01
 2.06880361e+01
 2.03872914e+01
 7.16018320e+01
 1.34486654e+02
 1.60419521e+02
 2.05238307e+02
 5.88216548e+02
 5.45562196e+02
 2.31281153e+02
 9.87086585e+01
 3.61810424e+01
 4.48832049e+01
 3.72316577e+01
 9.70720334e+00
 3.12124159e+01
 1.79384588e+02
 1.80170445e+02
 4.22668385e+02
 1.91925698e+02
 1.96369040e+01
 3.58944281e+02
 1.70217923e+02
 9.06851505e+01
 1.30850804e+02
 1.20417356e+02
 4.66571225e+01
 7.39573375e+01
 9.90266581e+01
 1.17211615e+02
 1.80538211e+02
 1.95047293e+02
 8.60283725e+01
 1.55122665e+02
 4.21077103e+01
 5.22840924e+01
 6.28753536e+01
 7.62079310e+01
 5.91658125e+01
 1.95659409e+02
 1.12959236e+02
 5.16524214e+02
 5.71170182e+02
 2.22342198e+02
 2.51382343e+02
 1.90030311e+02
 3.73215028e+01
 7.32670805e+01
 1.07962431e+02
 1.28580341e+02
 1.28297572e+01
 6.08526654e+00
 1.68003731e+01
 1.39811664e+02
 2.32718393e+02
 2.41568361e+02
 1.94986783e+02
 3.22947221e+01
 1.20218943e+02
 2.65888890e+02
 1.94296540e+02
 1.82596678e+01
 1.48159275e+01
 7.56342247e+01
 6.02636338e+01
 4.91416400e+02
 8.19748684e+01
 2.13842598e+02
 4.90949304e+01
 4.56332908e+01
 2.14133357e+02
 8.02089324e+01
 2.22237080e+01
 3.34784578e+01
 1.75164631e+01
 2.11207450e+01
 3.88639545e+01
 1.10456067e+02
 1.86061491e+02
 3.14253410e+02
 2.23292858e+02
 2.85317981e+02
 2.21750778e+02
 1.34251733e+02
 1.27950991e+02
 2.05339275e+01
 8.94294539e+00
 1.15862057e+02
 1.45225742e+02
 1.25201645e+02
 2.58744165e+02
 2.31259209e+02
 3.16829889e+02
 8.20542773e+01
 5.02131524e+01
 1.19434231e+02
 8.48077269e+01
 1.05295269e+00
 1.72766398e+01
 2.48826502e+01
 5.56170508e+01
 4.76647505e+01
 1.29911590e+02
 9.11599524e+01
 1.56012054e+02
 2.12630588e+02
 3.80406710e+02
 2.30865921e+02
 8.71454009e+01
 2.61509713e+01
 3.17215489e+00
 2.71948973e+01
 5.15689154e+00
 2.10210575e+02
 2.86581615e+02
 1.09613263e+02
 1.53051117e+02
 2.19886184e+02
 5.66564645e+01
 7.41650110e+00
 6.45790465e+01
 3.00273435e+01
 4.25330538e+01
 7.86589650e+01
 1.50299087e+02
 8.45673336e+01
 2.90025509e+02
 4.86272212e+02
 1.70676026e+02
 3.85024975e+01
 4.39474630e+01
 4.87321210e+01
 3.88420262e+01
 4.46842260e+01
 8.58723047e+00
 2.39378391e+01
 9.71456993e+01
 2.74082638e+02
 8.34765671e+01
 9.71504723e+01
 3.02004391e+02
 9.49009274e+01
 2.87141687e+01
 3.63581712e+01
 1.91951968e+01
 3.84448541e+01
 7.47973718e+00
 2.49261619e+01
 1.58642226e+02
 3.30470306e+02
 1.21768255e+01
 2.39830038e+02
 2.92507049e+02
 2.15739488e+02
 8.87394291e+00
 2.71288440e+01
 4.16969195e+01
 3.18631768e+01
 1.01775310e+01
 1.40571488e+02
 1.82218818e+02
 1.94983061e+02
 1.64059932e+02
 2.92949171e+02
 5.19769070e+01
 3.40833182e+00
 7.05198770e+01
 1.25364315e+02
 6.85995661e+01
 5.80201619e+01
 1.28022951e+01
 6.02863974e+01
 1.74285906e+02
 1.08093371e+02
 5.26726398e+02
 1.60029870e+02
 2.76342555e+02
 1.11360583e+01
 2.08439629e+02
 1.69126341e+01
 5.78622896e+01
 7.76535044e+01
 5.24547948e+01
 3.13176677e+01
 1.04312726e+02
 2.77588789e+02
 4.85814919e+02
 5.80551596e+02
 1.00712066e+02
 9.69311593e+01
 8.06747521e+01
 1.12197113e+02
 1.67677504e+01
 1.01139537e+01
 3.60815275e+00
 4.76566363e+00
 1.58410690e+02
 2.55526178e+02
 5.91398657e+01
 2.17400976e+02
 2.81514163e+02
 6.27632635e+02
 1.23543300e+02
 2.37757518e+02
 1.81053979e+01
 3.35480179e+01
 2.47272827e+01
 1.81222148e+01
 4.29792290e+01
 3.56896166e+02
 2.42622911e+02
 3.42521015e+02
 1.19661120e+02
 1.80153567e+02
 8.13510221e+01
 8.25730660e+01
 1.26887876e+02
 6.26652974e+01
 7.40848129e+01
 1.01636953e+02
 1.55189035e+02
 1.47056505e+02
 3.42592740e+02
 5.08331997e+01
 3.79572159e+02
 1.20287354e+02
 4.15458734e+01
 6.18576957e+01
 6.55182962e+01
 1.72288265e+01
 1.25430399e+01
 1.00067396e+02
 7.03450092e+01
 1.42969049e+02
 2.38717455e+02
 1.52487565e+02
 3.22700134e+01
 1.98802794e+02
 3.30444245e+01
 4.37577543e+01
 1.71706294e+02
 1.28261117e+01
 9.24754945e+01
 1.41648725e+01
 1.49097364e+02
 1.33248092e+02
 3.12820195e+02
 1.50769880e+02
 2.53503467e+02
 1.12157133e+02
 1.15119333e+02
 7.26627961e+01
 2.20983051e+02
 1.48898728e+02
 2.42634409e+01
 1.96583175e+01
 1.98367700e+02
 1.24808145e+02
 1.79013985e+02
 7.09966462e+02
 4.86937861e+01
 1.24714538e+02
 8.65610944e+01
 3.61674614e+01
 9.59570220e+01
 9.91190238e+00
 8.51072660e+01
 2.95662051e+01
 3.46786366e+02
 1.26660550e+02
 2.78468409e+02
 2.02076237e+02
 3.43843816e+02
 1.75220308e+02
 9.86043397e+01
 1.28346769e+02
 2.99199865e+01
 2.19778106e+01
 8.43494330e+00
 4.37339679e+01
 7.40361432e+01
 2.29515313e+02
 5.75217158e+02
 2.19413552e+02
 4.19164178e+02
 2.36648548e+02
 4.85076423e+01
 7.56717380e+01
 4.65245657e+01
 2.33352664e+01
 4.80908443e+01
 3.51972678e+01
 8.40099358e+01
 1.69075248e+02
 2.33199720e+02
 5.20153996e+02
 1.86413460e+02
 4.45581828e+01
 1.08744345e+02
 3.85841370e+01
 5.87948696e+01
 4.40396676e+01
 4.04411761e+01
 1.83073391e+01
 2.21569464e+02
 1.40540581e+02
 1.24943763e+02
 4.14947264e+02
 1.72208498e+02
 6.41061583e+00
 1.18503918e+02
 5.96637577e+01
 8.78162824e+01
 1.60291050e+01
 1.33270866e+01
 1.61478602e+01
 2.56847345e+01
 2.45710012e+02
 2.44106853e+02
 2.03631471e+02
 4.55237262e+02
 1.48517445e+02
 5.30434470e+01
 2.35400070e+02
 3.44843751e+01
 6.71775763e+00
 1.33307369e+01
 1.05960427e+01
 1.63586318e+02
 3.25403114e+02
 1.99939791e+02
 1.86806610e+02
 4.21360457e+01
 1.00250553e+02
 5.32979934e+01
 6.18390439e+01
 3.53510494e+01
 8.37290657e+00
 1.43402078e+01
 3.54340461e+01
 3.41507700e+01
 8.32542080e+01
 2.29599633e+02
 1.27805972e+02
 1.35684005e+02
 7.75208215e+01
 7.70744067e+01
 9.19457898e+01
 7.41674076e+01
 7.02490815e+00
 1.20816121e+01
 1.85556883e+01
 1.32108019e+00
 3.03518525e+02
 2.07820274e+02
 4.17602767e+02
 5.04989477e+01
 1.85976589e+02
 7.99097634e+01
 6.35162046e+01
 1.30326326e+02
 2.44576459e+01
 2.41781666e+01
 2.22408145e+02
 6.33417138e+01
 4.30276037e+02
 4.40849393e+00
 1.59295974e+02
 1.35156915e+02
 5.01816599e+01
 1.66528664e+02
 1.42363629e+01
 1.31141252e+02
 1.69319778e+01
 4.69414629e+00
 1.32249942e+01
 8.58119850e+00
 6.11054174e+02
 2.77610368e+02
 3.63230092e+02
 2.08279964e+02
 1.43551764e+02
 2.94334801e+02
 8.08576446e+01
 6.03297532e+01
 1.46701735e+01
 8.55025518e+00
 3.48432556e+00
 4.74730140e+01
 2.11976931e+01
 1.02495691e+02
 4.97850339e+02
 2.31227542e+02
 1.27422746e+01
 1.87221225e+00
 8.15449145e+01
 7.66375069e+01
 3.38938641e+01
 1.84176456e+01
 1.96991740e+02
 6.64184961e+00
 1.94120759e+02
 5.91683103e+01
 1.90286529e+02
 3.04135396e+02
 4.60550126e+01
 5.61467870e+01
 7.86523957e+01
 1.62053866e+02
 9.93320748e+01
 1.98766615e+01
 3.27287007e+01
 2.65137820e+02
 2.70519856e+02
 2.59473095e+02
 1.69818830e+02
 1.91932343e+02
 2.11544475e+02
 1.43907753e+02
 9.03432883e+01
 4.94505022e+01
 1.74126986e+01
 5.31001082e+01
 4.48409502e+01
 2.21003559e+01
 5.68350596e+02
 3.26923317e+02
 1.84672896e+02
