 -1.25269165e+00
 3.80199585e+00
 4.25979004e+00
 9.82167969e+00
 1.68066040e+01
 1.97980591e+01
 2.00088745e+01
 2.37564636e+01
 2.04562317e+01
 1.06690613e+01
 2.88472900e+00
 1.57739258e-01
 2.35399780e+00
 1.12059937e+00
 5.10244141e+00
 1.46416260e+01
 1.72075439e+01
 1.66968628e+01
 1.88676086e+01
 2.03253723e+01
 1.52919861e+01
 1.16761719e+01
 3.87490234e+00
 -5.31513062e+00
 -4.11987915e+00
 1.08895264e+00
 6.70775757e+00
 1.11584717e+01
 1.56562439e+01
 2.16953064e+01
 2.43512817e+01
 2.26333557e+01
 1.54972778e+01
 8.36773071e+00
 4.14769897e+00
 -8.58526611e-01
 4.98901367e-02
 1.21505127e+00
 4.61336670e+00
 1.02327209e+01
 1.62825256e+01
 1.87300964e+01
 2.07163635e+01
 2.18668762e+01
 1.91181580e+01
 1.19025208e+01
 7.98742065e+00
 2.69011841e+00
 -2.38474121e+00
 1.61849365e+00
 6.34554443e+00
 1.46818481e+01
 1.32859741e+01
 1.87815491e+01
 2.04183899e+01
 2.00771729e+01
 1.69661804e+01
 8.94234619e+00
 4.92702637e+00
 -1.37610474e+00
 -4.24094238e+00
 9.01116943e-01
 9.29134521e+00
 1.09880615e+01
 1.55781189e+01
 1.78911072e+01
 2.06777893e+01
 2.11446472e+01
 1.48519226e+01
 1.04980713e+01
 9.38146362e+00
 1.32863770e+00
 1.75536499e+00
 1.93328247e+00
 5.21392212e+00
 9.17800293e+00
 1.70365540e+01
 1.88940979e+01
 2.21656128e+01
 1.89457336e+01
 1.27743774e+01
 1.07569214e+01
 3.74154053e+00
 2.81029663e+00
 -2.58600464e+00
 9.58642578e-01
 7.50780640e+00
 1.01583496e+01
 1.80696960e+01
 1.98953491e+01
 2.29809204e+01
 2.26948181e+01
 1.64861694e+01
 1.25215393e+01
 6.59224854e+00
 1.74450073e+00
 2.33510742e+00
 5.61550293e+00
 1.69777832e+00
 9.83706055e+00
 1.39611450e+01
 1.79412170e+01
 2.28628784e+01
 1.98918091e+01
 1.43087402e+01
 1.11899048e+01
 6.19271240e+00
 3.13173828e+00
 3.23467407e+00
 6.45626221e+00
 8.96178589e+00
 1.11700073e+01
 1.37812439e+01
 1.89235474e+01
 1.82801147e+01
 2.01715637e+01
 1.32937561e+01
 8.64125977e+00
 2.76650391e+00
 3.48784790e+00
 2.23543701e+00
 4.92537842e+00
 5.16222534e+00
 1.23636414e+01
 1.53743530e+01
 1.91719604e+01
 2.13724304e+01
 1.70977112e+01
 1.59027344e+01
 1.14193665e+01
 6.52541504e+00
 2.53347168e+00
 7.20483398e-01
 5.45858154e+00
 6.80220947e+00
 9.76192627e+00
 1.22549683e+01
 1.63830200e+01
 2.21857239e+01
 2.12361084e+01
 1.37321411e+01
 1.18239990e+01
 5.28988037e+00
 4.37005615e-01
 4.97338867e-01
 2.33410034e+00
 6.83266602e+00
 9.83361206e+00
 1.41290222e+01
 1.58636414e+01
 1.89027954e+01
 1.97410522e+01
 1.52647034e+01
 1.21470276e+01
 2.45211182e+00
 -2.98566284e+00
 1.91625366e+00
 5.51904297e-01
 8.09447632e+00
 9.86934814e+00
 1.55091187e+01
 1.82044006e+01
 2.24042603e+01
 2.31128174e+01
 1.68972717e+01
 8.78960571e+00
 7.13549194e+00
 4.03222656e-01
 -8.56787109e-01
 3.57329712e+00
 3.26763306e+00
 1.29044128e+01
 1.87346436e+01
 1.77923218e+01
 1.99789063e+01
 2.06055847e+01
 1.65293213e+01
 1.33954102e+01
 7.16140137e+00
 3.73583374e+00
 -2.28934326e+00
 4.11676025e-01
 4.79274902e+00
 1.14749390e+01
 1.63151794e+01
 1.92791382e+01
 2.46121460e+01
 1.97815186e+01
 1.51078125e+01
 1.34732300e+01
 5.62185059e+00
 8.61749268e-01
 -2.49207153e+00
 -7.09235229e+00
 -2.22373047e+00
 7.33248291e+00
 1.65349670e+01
 1.78905884e+01
 2.34556824e+01
 2.43388000e+01
 1.94260193e+01
 9.36446533e+00
 2.28606567e+00
 -2.79028320e-01
 -5.41418457e-01
 8.49481201e-01
 3.88375244e+00
 7.92818604e+00
 1.34050232e+01
 1.94273621e+01
 2.12305542e+01
 2.00923706e+01
 1.72863708e+01
 1.08558594e+01
 5.61165771e+00
 1.82067261e+00
 -1.64038086e-01
 5.47322998e+00
 3.73250732e+00
 1.13609863e+01
 1.33018127e+01
 1.98061157e+01
 2.31796814e+01
 2.21626526e+01
 1.80534607e+01
 1.16321960e+01
 3.11611328e+00
 2.02233276e+00
 1.49581299e+00
 5.06994019e+00
 8.33788452e+00
 1.05601440e+01
 1.55169312e+01
 1.72564941e+01
 2.07803894e+01
 1.82172791e+01
 1.65642334e+01
 9.55062256e+00
 3.89260254e+00
 -3.06372681e+00
 -1.25379028e+00
 2.64412842e+00
 3.45620117e+00
 9.88320313e+00
 1.33853394e+01
 1.62211853e+01
 2.16605774e+01
 2.24337097e+01
 1.58070618e+01
 1.17326294e+01
 5.57540283e+00
 -1.46201172e+00
 -1.95562744e-01
 -5.69159546e+00
 7.95864258e+00
 1.27903687e+01
 1.68002869e+01
 2.05783020e+01
 2.22141968e+01
 2.29300171e+01
 1.74882751e+01
 9.41646729e+00
 8.50179443e+00
 1.70482788e+00
 4.31539307e+00
 2.67415771e+00
 6.94411621e+00
 9.90035400e+00
 1.31059814e+01
 1.81588074e+01
 2.20257813e+01
 2.03874451e+01
 1.64486328e+01
 1.10925232e+01
 4.55437622e+00
 2.98854980e+00
 3.81743774e+00
 2.99615479e-01
 2.31868896e+00
 8.00872192e+00
 1.33490234e+01
 1.63026978e+01
 2.18874756e+01
 2.20182129e+01
 1.54102722e+01
 1.18197266e+01
 5.15334473e+00
 3.36770020e+00
 4.02849731e+00
 3.45614014e+00
 5.37124023e+00
 1.61274353e+01
 1.38994080e+01
 1.61630188e+01
 1.97676331e+01
 1.78762756e+01
 1.61220032e+01
 9.48046265e+00
 7.20839844e+00
 1.40282593e+00
 -1.61817017e+00
 2.02691040e+00
 4.85830078e+00
 1.28591553e+01
 1.46328674e+01
 1.65164124e+01
 2.07522827e+01
 1.96782471e+01
 1.50341736e+01
 1.05062500e+01
 4.62783203e+00
 2.01687012e+00
 1.35384521e+00
 6.73461914e-02
 4.09273682e+00
 1.12950684e+01
 1.31771790e+01
 1.89327332e+01
 2.22845703e+01
 2.26722046e+01
 1.79317871e+01
 1.03571411e+01
 3.35909424e+00
 8.16644287e-01
 -1.18039551e+00
 2.63213501e+00
 3.40862427e+00
 1.03014771e+01
 1.60188843e+01
 1.79558044e+01
 2.02230774e+01
 2.14607788e+01
 1.65229126e+01
 8.53719482e+00
 8.87481079e+00
 3.42009888e+00
 5.34478760e-01
 2.37047729e+00
 5.07717285e+00
 1.17003723e+01
 1.86847168e+01
 1.93663879e+01
 2.50503174e+01
 2.17588135e+01
 1.54753357e+01
 1.03536926e+01
 7.12957153e+00
 5.18502197e+00
 3.14446411e+00
 -3.24045410e+00
 2.91362915e+00
 1.02304626e+01
 1.40541016e+01
 1.83459412e+01
 1.86919189e+01
 1.79126221e+01
 1.72659546e+01
 1.01718384e+01
 6.33382568e+00
 4.39861450e+00
 2.64055786e+00
 5.15465698e+00
 7.58153687e+00
 1.10453735e+01
 1.81322876e+01
 1.93622375e+01
 2.01798645e+01
 1.93293396e+01
 1.77572876e+01
 9.00228271e+00
 8.14254150e+00
 1.53267822e+00
 2.09282837e+00
 2.35924683e+00
 5.21715698e+00
 7.28975830e+00
 1.55006042e+01
 2.06911865e+01
 2.68638245e+01
 2.49569031e+01
 1.78492981e+01
 1.33618713e+01
 9.19909058e+00
 2.49068604e+00
 1.36080322e+00
 3.06838379e+00
 3.95925293e+00
 1.19981323e+01
 1.39149414e+01
 1.83389526e+01
 2.18003479e+01
 2.11443115e+01
 2.09171387e+01
 9.86928711e+00
 2.22417603e+00
 -3.12052002e+00
 2.95617676e-01
 7.46484375e-01
 6.05523071e+00
 1.13673645e+01
 1.48647705e+01
 1.80061890e+01
 2.23204895e+01
 2.17167297e+01
 1.54623352e+01
 1.28259827e+01
 9.08864746e+00
 1.53286133e+00
 -2.69733276e+00
 -4.92773437e-01
 6.74321899e+00
 1.22594849e+01
 1.62828003e+01
 2.19536072e+01
 2.41117493e+01
 2.20008484e+01
 1.48804260e+01
 1.44626709e+01
 3.53417358e+00
 3.85103760e+00
 4.80758057e+00
 4.73156128e+00
 7.73150024e+00
 9.64632568e+00
 1.72302490e+01
 1.88356262e+01
 2.05237061e+01
 2.03869263e+01
 1.75627686e+01
 9.05169067e+00
 2.69454346e+00
 4.46871338e+00
 2.11202393e+00
 4.67043457e+00
 6.14440308e+00
 1.27204224e+01
 1.50284973e+01
 1.75759827e+01
 2.15420166e+01
 2.26741272e+01
 1.87422424e+01
 1.15407959e+01
 5.32351074e+00
 3.17971191e+00
 2.12230835e+00
 3.69012451e-01
 3.87694702e+00
 1.21474548e+01
 1.46242310e+01
 1.87517029e+01
 2.25534912e+01
 2.45266052e+01
 1.59750305e+01
 1.12917725e+01
 6.29558716e+00
 4.09539795e-01
 1.56026611e+00
 1.08678589e+00
 5.56780396e+00
 1.29214417e+01
 1.35126587e+01
 1.83677002e+01
 2.23049255e+01
 2.25429321e+01
 1.98548218e+01
 1.47163330e+01
 6.64037476e+00
 -1.57810059e+00
 -3.10644531e-01
 2.27980957e+00
 8.35836182e+00
 1.08325134e+01
 1.58514038e+01
 2.04005981e+01
 1.94716125e+01
 1.61267029e+01
 1.73471313e+01
 1.25873962e+01
 6.83846436e+00
 5.06847534e+00
 2.96166992e-01
 3.83495483e+00
 6.46367798e+00
 1.65138489e+01
 1.80810486e+01
 1.94511047e+01
 2.30577026e+01
 2.21541687e+01
 1.34395996e+01
 1.04632507e+01
 2.97496948e+00
 1.41463623e+00
 3.89733276e+00
 2.91231689e+00
 5.86351929e+00
 1.02177063e+01
 1.21265198e+01
 1.79074036e+01
 2.06006409e+01
 2.02599426e+01
 1.75086609e+01
 1.51221558e+01
 3.12783203e+00
 3.26116333e+00
 1.40924072e-01
 2.01641235e+00
 7.45253906e+00
 1.11600891e+01
 1.55224243e+01
 2.05815369e+01
 2.20960938e+01
 2.23930603e+01
 1.55287415e+01
 7.93438110e+00
 4.65264282e+00
 4.40432129e+00
 1.44332275e+00
 2.96776733e+00
 3.95653687e+00
 6.67608032e+00
 1.16121155e+01
 1.77810303e+01
 2.29748169e+01
 2.36786133e+01
 1.81066833e+01
 1.20075928e+01
 6.20327148e+00
 1.43444214e+00
 3.19170532e+00
 3.36446533e+00
 3.09731445e+00
 9.26784668e+00
 1.32811829e+01
 1.84448181e+01
 2.13451172e+01
 2.20809875e+01
 1.61304871e+01
 1.04061218e+01
 3.87801514e+00
 4.49465332e+00
 -8.36492920e-01
 4.66167603e+00
 7.22683105e+00
 1.37649780e+01
 1.67218262e+01
 1.87372986e+01
 2.32973877e+01
 2.31301208e+01
 1.73836609e+01
 1.24873901e+01
 5.92904053e+00
 -2.20130005e+00
 -2.92963257e+00
 6.24492798e+00
 7.03038940e+00
 1.22019287e+01
 1.54968811e+01
 1.77663818e+01
 2.31743713e+01
 2.45913025e+01
 1.57161804e+01
 1.23626648e+01
 8.65084229e+00
 2.28887329e+00
 3.20147095e+00
 4.30379639e+00
 6.28240356e+00
 1.06559387e+01
 1.53565918e+01
 1.79792419e+01
 2.25957886e+01
 2.45404297e+01
 1.82439209e+01
 1.22329041e+01
 1.02915894e+01
 2.96669922e+00
 4.43856201e+00
 5.08022461e+00
 5.49456177e+00
 9.91945801e+00
 1.51112610e+01
 1.63540588e+01
 2.21273132e+01
 2.27374207e+01
 1.53753296e+01
 1.03083130e+01
 3.99743042e+00
 1.39162598e+00
 1.54247437e+00
 2.76821289e+00
 7.23845825e+00
 1.29537903e+01
 2.00452820e+01
 2.39548889e+01
 2.32750793e+01
 2.03438965e+01
 1.58999268e+01
 9.91152344e+00
 6.64083252e+00
 3.21392212e+00
 1.89391479e+00
 4.43752441e+00
 7.27279053e+00
 8.73476563e+00
 1.51332031e+01
 1.71494385e+01
 2.13135925e+01
 2.01867004e+01
 1.81642700e+01
 1.08922363e+01
 5.65670166e+00
 -1.79785156e-01
 2.73281250e+00
 8.21740723e-01
 6.04760132e+00
 9.42894897e+00
 1.30440918e+01
 1.85350586e+01
 1.91856018e+01
 1.74706360e+01
 1.58683105e+01
 1.26235596e+01
 5.60836182e+00
 2.52086792e+00
 -3.06921387e-01
 3.98900757e+00
 4.69667969e+00
 9.52712402e+00
 1.45242249e+01
 1.69293457e+01
 2.05699097e+01
 2.22292114e+01
 1.41310364e+01
 8.94164429e+00
 4.75908813e+00
 5.58801270e-01
 2.10674438e+00
 6.87548218e+00
 4.22484741e+00
 1.40767761e+01
 1.49411560e+01
 1.84802490e+01
 2.38150269e+01
 2.14964539e+01
 1.77405334e+01
 1.03929688e+01
 6.08239136e+00
 3.91338501e+00
 2.51970825e+00
 5.70745239e+00
 6.81652222e+00
 1.22245728e+01
 1.65471741e+01
 2.07188354e+01
 2.37878052e+01
 2.37625061e+01
 1.88431335e+01
 1.22397095e+01
 5.24031982e+00
 6.51830444e+00
 2.78118286e+00
 2.33565674e+00
 4.87822876e+00
 9.40154419e+00
 1.61310364e+01
 1.94672180e+01
 1.98994690e+01
 2.14436279e+01
 1.45765320e+01
 1.16281982e+01
 6.84423218e+00
 3.67247925e+00
 2.04058228e+00
 1.00011597e+00
 6.87984619e+00
 1.08810059e+01
 1.66224304e+01
 2.22031799e+01
 2.60148560e+01
 2.31001221e+01
 1.56327454e+01
 1.11922546e+01
 5.67800293e+00
 1.18843994e+00
 -8.33654785e-01
 3.25280762e-01
 9.01674805e+00
 1.23337952e+01
 1.50351196e+01
 1.94424377e+01
 2.33710266e+01
 2.21472717e+01
 2.02327820e+01
 9.83321533e+00
 2.45455322e+00
 -1.17496338e+00
 -2.73285522e+00
 -4.88144531e+00
 3.30529175e+00
 7.50582275e+00
 1.34467712e+01
 1.86548706e+01
 2.27485596e+01
 2.11261230e+01
 1.64123779e+01
 1.10891357e+01
 6.12178955e+00
 1.67409668e+00
 -1.65717163e+00
 2.15923462e+00
 4.03356323e+00
 8.15636597e+00
 1.31588989e+01
 1.75411011e+01
 2.06503540e+01
 2.36447388e+01
 1.84669434e+01
 1.50636536e+01
 1.05762268e+01
 6.66338501e+00
 3.28252563e+00
 2.10277710e+00
 2.83947144e+00
 1.05370422e+01
 1.44480530e+01
 1.64173828e+01
 2.06252075e+01
 1.95076233e+01
 1.91382996e+01
 1.29867798e+01
 5.18947754e+00
 2.96306763e+00
 2.77922974e+00
 2.61852417e+00
 5.98571167e+00
 1.07863708e+01
 1.29941650e+01
 1.73250671e+01
 2.26631409e+01
 2.51411072e+01
 2.17166992e+01
 1.51700989e+01
 5.02358398e+00
 5.26488647e+00
 9.58123779e-01
 2.17498169e+00
 4.90725098e+00
 1.03832031e+01
 1.64567200e+01
 1.88025757e+01
 2.15297485e+01
 2.19799438e+01
 1.65745789e+01
 1.39037720e+01
 6.59322510e+00
 5.22008667e+00
 5.68615112e+00
 5.70812378e+00
 5.27779541e+00
 9.38121948e+00
 1.45252014e+01
 2.15411926e+01
 2.17068115e+01
 2.21220337e+01
 2.13880249e+01
 1.43775574e+01
 5.89898071e+00
 2.32088623e+00
 4.17489014e+00
 2.95708618e+00
 6.17916260e+00
 1.00545593e+01
 1.56973816e+01
 2.01281372e+01
 2.32464233e+01
 2.29280640e+01
 1.71057373e+01
 1.59491211e+01
 6.80639038e+00
 2.51531372e+00
 -1.23889771e+00
 1.61028442e+00
 6.54747925e+00
 1.31923462e+01
 1.84909302e+01
 2.00393616e+01
 2.60003906e+01
 2.28986145e+01
 1.96758057e+01
 7.37493286e+00
 7.37117920e+00
 5.75335083e+00
 4.99981079e+00
 3.84011230e+00
 6.60457764e+00
 1.14187866e+01
 1.62590576e+01
 1.88727051e+01
 1.92177368e+01
 2.02405640e+01
 1.65732971e+01
 1.53247009e+01
 7.02123413e+00
 4.12624512e+00
 3.11159668e+00
 3.86690674e+00
 8.03280029e+00
 1.32095276e+01
 1.79234863e+01
 1.71875854e+01
 1.85640808e+01
 2.39493652e+01
 1.79291626e+01
 1.33861023e+01
 7.30986938e+00
 4.24193726e+00
 2.00313721e+00
 7.41069946e+00
 8.13250122e+00
 1.16501099e+01
 1.74241882e+01
 2.36339966e+01
 2.73469788e+01
 2.56133362e+01
 1.81478210e+01
 9.04079590e+00
 4.83580933e+00
 4.85616455e+00
 1.88335571e+00
 3.65114746e+00
 6.12401733e+00
 1.10455872e+01
 1.35123230e+01
 1.77269531e+01
 2.43363281e+01
 2.26426331e+01
 1.61914612e+01
 1.05379883e+01
 8.57143555e+00
 4.69088135e+00
 4.31435547e+00
 3.77498779e+00
 8.22738037e+00
 1.51484924e+01
 2.06659180e+01
 2.19390198e+01
 2.42308289e+01
 2.28793274e+01
 1.89773804e+01
 1.53018433e+01
 6.37792358e+00
 2.54061279e+00
 1.50008545e+00
 3.36449585e+00
 5.90703735e+00
 1.38888184e+01
 1.52703796e+01
 1.97837463e+01
 2.47162720e+01
 2.17119690e+01
 1.64331909e+01
 9.82186279e+00
 6.23888550e+00
 7.17214355e+00
 4.10415039e+00
 2.09810791e+00
 3.12914429e+00
 1.10296265e+01
 1.49431702e+01
 2.03464294e+01
 2.32626587e+01
 2.24672180e+01
 1.79058777e+01
 1.62288147e+01
 6.86272583e+00
 4.75185547e+00
 3.21242676e+00
 4.26790771e+00
 5.55397949e+00
 8.93544922e+00
 1.37728210e+01
 1.86271301e+01
 2.21884705e+01
 2.14652039e+01
 1.45074402e+01
 1.41423889e+01
 4.43847046e+00
 4.92681274e+00
 3.91530762e+00
 6.24099121e+00
 7.86632690e+00
 1.08579041e+01
 1.29315735e+01
 2.06661926e+01
 2.20491272e+01
 2.25506226e+01
 1.87353760e+01
 1.15476013e+01
 6.26659546e+00
 3.27031860e+00
 4.39818726e+00
 3.84453735e+00
 5.81432495e+00
 9.87789307e+00
 1.86735168e+01
 2.04480530e+01
 2.20595642e+01
 2.10000244e+01
 1.95240417e+01
 1.11785522e+01
 1.06436401e+01
 4.43432007e+00
 1.25002441e+00
 1.27166138e+00
 6.24065552e+00
 1.31476990e+01
 1.43453308e+01
 1.88887573e+01
 2.04111877e+01
 2.25464417e+01
 1.69273621e+01
 1.30349976e+01
 4.98940430e+00
 -3.46076050e+00
 -8.05242920e-01
 2.65710449e-01
 7.31981812e+00
 1.37856995e+01
 1.77005859e+01
 2.29628235e+01
 2.37519165e+01
 2.27621399e+01
 1.61860901e+01
 8.57308350e+00
 7.20388184e+00
 5.30269775e+00
 2.12139282e+00
 -7.24243164e-02
 4.90749512e+00
 9.45140991e+00
 1.76941467e+01
 2.32032715e+01
 2.53847900e+01
 2.19720398e+01
 1.76862122e+01
 9.93212280e+00
 6.05852661e+00
 3.86687622e+00
 3.79097900e+00
 6.23195801e+00
 7.70733032e+00
 1.04818054e+01
 1.66625000e+01
 2.11948181e+01
 2.36991821e+01
 2.50728699e+01
 1.71020447e+01
 1.36252991e+01
 8.54311523e+00
 3.77919922e+00
 4.66866455e+00
 6.74154053e+00
 9.63878784e+00
 1.34981628e+01
 1.53594299e+01
 1.90999084e+01
 2.52092834e+01
 2.30973755e+01
 1.77929016e+01
 1.59166199e+01
 7.55870972e+00
 3.82769165e+00
 5.99437866e+00
 8.02047119e+00
 1.05951477e+01
 1.30488525e+01
 1.66953674e+01
 2.17573486e+01
 2.33427063e+01
 2.14971252e+01
 1.81767822e+01
 1.02184387e+01
 6.03124390e+00
 5.76476440e+00
 -5.55792236e-01
 3.20040283e+00
 8.12688599e+00
 1.38346191e+01
 1.49824463e+01
 1.89709412e+01
 2.30279785e+01
 2.05880066e+01
 1.92397400e+01
 1.44696289e+01
 7.35418091e+00
 4.47423706e+00
 -1.58759155e+00
 2.70244751e+00
 1.03080994e+01
 1.20294434e+01
 1.55506531e+01
 2.02744690e+01
 2.43732544e+01
 2.30177856e+01
 2.03658691e+01
 1.36534668e+01
 5.43666992e+00
 -4.65765381e-01
 2.58623657e+00
 1.34267578e+00
 7.95446167e+00
 1.23240295e+01
 1.45431763e+01
 2.15511414e+01
 2.73487183e+01
 2.42437988e+01
 1.85905701e+01
 1.43199402e+01
 6.20192871e+00
 6.06969604e+00
 4.53228149e+00
 6.08324585e+00
 1.11567932e+01
 1.42241455e+01
 1.71740967e+01
 1.91113525e+01
 2.47466675e+01
 2.65720764e+01
 1.78376099e+01
 1.56485535e+01
 9.86617432e+00
 2.61004028e+00
 3.86519775e+00
 3.43251953e+00
 7.12365112e+00
 1.09321533e+01
 1.62395874e+01
 1.81638123e+01
 2.26384521e+01
 2.60454956e+01
 1.87796875e+01
 1.25943542e+01
 6.14766846e+00
 3.09829102e+00
 1.44844971e+00
 2.44405518e+00
 8.08422241e+00
 1.09902893e+01
 1.43181702e+01
 1.77177368e+01
 2.00400635e+01
 2.49831177e+01
 1.95584961e+01
 1.51111084e+01
 1.12102905e+01
 6.27758179e+00
 3.48711548e+00
 3.96547852e+00
 5.69799194e+00
 1.38178650e+01
 1.37242371e+01
 1.78530518e+01
 1.95428711e+01
 2.09212891e+01
 1.76344238e+01
 1.38186279e+01
 8.97716675e+00
 2.77156982e+00
 7.71722412e-01
 5.03481445e+00
 8.80245361e+00
 1.49467407e+01
 1.67739807e+01
 2.12478271e+01
 2.15518433e+01
 2.27834412e+01
 1.84601685e+01
 1.33854004e+01
 6.90734253e+00
 1.00942383e+00
 -2.13599243e+00
 5.71437988e+00
 1.19410645e+01
 1.38886963e+01
 1.47263123e+01
 2.20169617e+01
 2.14187256e+01
 2.35352417e+01
 1.74456726e+01
 1.27093445e+01
 7.29494629e+00
 5.24141846e+00
 -2.60315552e+00
 3.27095947e+00
 5.65624390e+00
 1.11233154e+01
 1.47724854e+01
 1.98010803e+01
 2.47987305e+01
 2.54292542e+01
 2.25944153e+01
 1.63902527e+01
 8.10582886e+00
 6.47493896e+00
 4.33455811e+00
 5.69225464e+00
 6.94893799e+00
 1.46880432e+01
 1.65625854e+01
 2.09881531e+01
 2.50221497e+01
 2.59797302e+01
 2.10609680e+01
 1.22132813e+01
 9.37343750e+00
 2.20864258e+00
 2.57802734e+00
 9.76586914e-01
 4.84389648e+00
 1.21470886e+01
 1.63576294e+01
 1.84005676e+01
 2.26588989e+01
 2.15777222e+01
 1.68948303e+01
 1.12543884e+01
 8.14895020e+00
 3.08730469e+00
 4.45531616e+00
 2.57463989e+00
 3.99965820e+00
 9.05025635e+00
 1.75539490e+01
 1.94941040e+01
 2.21373230e+01
 2.17701660e+01
 2.07228943e+01
 1.37676025e+01
 5.90853271e+00
 2.65154419e+00
 -8.06738281e-01
 3.58089600e+00
 5.45379028e+00
 1.23763977e+01
 2.04025208e+01
 2.15912415e+01
 2.55187927e+01
 2.22535034e+01
 1.86503540e+01
 1.54107300e+01
 1.01982056e+01
 3.15358887e+00
 4.61998901e+00
 4.85793457e+00
 6.82341919e+00
 1.14648376e+01
 1.38510071e+01
 1.99191528e+01
 2.28777405e+01
 2.36369873e+01
 2.10689636e+01
 1.38596436e+01
 1.01442505e+01
 7.73916016e+00
 9.71429443e-01
 1.09075317e+00
 5.98250732e+00
 1.43718201e+01
 1.72484985e+01
 2.21260315e+01
 2.60326782e+01
 2.48572937e+01
 1.69773499e+01
 1.33374268e+01
 5.18038330e+00
 3.97210083e+00
 5.89330444e+00
 4.62224731e+00
 9.18737183e+00
 1.35489746e+01
 1.88096252e+01
 2.44412781e+01
 2.73594910e+01
 2.73249756e+01
 2.03807922e+01
 1.44248901e+01
 1.03208557e+01
 5.13475952e+00
 6.05419312e+00
 4.81286011e+00
 6.37203369e+00
 1.18808533e+01
 1.66647278e+01
 2.06651245e+01
 2.71027771e+01
 2.45246521e+01
 1.99239441e+01
 1.22047974e+01
 6.56868896e+00
 3.48790894e+00
