 -3.44925537e+00
 -2.29147949e+00
 5.80315552e+00
 9.51583252e+00
 1.59029480e+01
 1.84533325e+01
 2.66038147e+01
 2.52682434e+01
 1.95314575e+01
 1.21102844e+01
 5.22777710e+00
 5.89974365e+00
 2.00921631e-01
 3.05135498e+00
 3.89965210e+00
 9.24572144e+00
 1.57270142e+01
 2.49923035e+01
 2.87583557e+01
 2.47876221e+01
 1.76194397e+01
 1.02768799e+01
 6.17974243e+00
 3.54644165e+00
 -2.34772339e+00
 -7.44787598e-01
 3.42220459e+00
 1.15902649e+01
 1.67527100e+01
 2.30682922e+01
 2.84992004e+01
 2.64063660e+01
 1.40196472e+01
 1.23377014e+01
 4.67186890e+00
 2.64205322e+00
 -1.48023071e+00
 1.21563110e+00
 6.17647705e+00
 1.08759094e+01
 1.58890015e+01
 2.04919067e+01
 2.26175781e+01
 2.24206177e+01
 1.51082092e+01
 8.26131592e+00
 2.91417847e+00
 3.79754028e+00
 -4.77514648e-01
 -1.45096436e+00
 6.11553345e+00
 1.04934631e+01
 1.45513550e+01
 1.98789001e+01
 2.41584717e+01
 2.57245728e+01
 1.91566406e+01
 9.63234863e+00
 8.09044800e+00
 4.23195801e+00
 -3.44213867e-01
 -1.56101074e+00
 6.11147461e+00
 1.12312256e+01
 1.65119568e+01
 2.00429016e+01
 2.43748718e+01
 2.26458984e+01
 1.66422668e+01
 1.06626526e+01
 6.56578979e+00
 -1.40036621e+00
 1.97481689e+00
 3.26949463e+00
 5.96056519e+00
 1.00043274e+01
 1.32063538e+01
 1.99797913e+01
 2.16169983e+01
 2.32299438e+01
 1.69242493e+01
 1.09376465e+01
 6.87175903e+00
 8.14782715e-01
 1.52456055e+00
 3.08059082e+00
 5.12825928e+00
 1.10973145e+01
 1.73817993e+01
 2.10036255e+01
 2.48331238e+01
 2.36155640e+01
 1.84500671e+01
 1.14532410e+01
 7.06609497e+00
 3.24297485e+00
 9.84246826e-01
 3.19310913e+00
 7.38424072e+00
 1.09634033e+01
 1.44869934e+01
 2.02559753e+01
 2.40586792e+01
 2.52705017e+01
 1.69276367e+01
 1.13628479e+01
 6.05993042e+00
 -1.74988403e+00
 -2.54831543e+00
 -3.47692871e-01
 5.10588989e+00
 9.69835815e+00
 1.40112244e+01
 2.15768372e+01
 2.37908264e+01
 2.12781311e+01
 1.84985901e+01
 1.26505371e+01
 3.54409180e+00
 2.28643188e+00
 7.31469727e-01
 2.34475098e+00
 4.87725220e+00
 1.13391357e+01
 1.49816528e+01
 2.18823792e+01
 2.58468872e+01
 2.38546082e+01
 2.03220154e+01
 1.17478271e+01
 4.86965332e+00
 1.46212158e+00
 2.86455688e+00
 5.87157593e+00
 6.71718750e+00
 1.07969604e+01
 1.64310852e+01
 1.98937622e+01
 2.42099548e+01
 2.21093079e+01
 1.82813049e+01
 1.08062073e+01
 3.77129517e+00
 8.12524414e-01
 -1.87048340e-01
 1.15676270e+00
 4.11400757e+00
 1.52334534e+01
 1.60019165e+01
 2.10721375e+01
 2.49566284e+01
 2.31645752e+01
 1.90194641e+01
 1.21403137e+01
 7.66076050e+00
 7.60186768e-01
 -7.93906250e+00
 1.25960693e+00
 7.04952393e+00
 1.11476379e+01
 1.79072815e+01
 1.95638977e+01
 2.38863770e+01
 2.43321777e+01
 1.87990051e+01
 1.13886963e+01
 7.57073364e+00
 3.10054932e+00
 -5.71051025e-01
 5.10787354e+00
 8.35628662e+00
 9.23592529e+00
 1.89791199e+01
 2.23418823e+01
 2.38986755e+01
 2.99596802e+01
 1.85214478e+01
 1.30880676e+01
 8.79680786e+00
 4.23641357e+00
 3.32109985e+00
 4.62615356e+00
 4.73293457e+00
 1.23581482e+01
 1.57724854e+01
 2.15583130e+01
 2.73260132e+01
 2.49590088e+01
 2.05418335e+01
 7.80349121e+00
 8.69042969e-01
 -1.29743042e+00
 4.15984497e+00
 -8.33502197e-01
 5.15401611e+00
 8.72722778e+00
 1.51383911e+01
 2.25530334e+01
 2.57035767e+01
 2.60056396e+01
 1.78031860e+01
 9.53328857e+00
 6.37896118e+00
 3.21691284e+00
 2.85158691e+00
 4.07290039e+00
 5.46700439e+00
 1.18650757e+01
 1.70323120e+01
 1.96273438e+01
 2.34679810e+01
 2.48654419e+01
 1.81952759e+01
 1.24600769e+01
 7.06795654e+00
 5.00421143e-01
 5.14498291e+00
 -1.55933228e+00
 7.09768066e+00
 1.09976746e+01
 1.54995056e+01
 1.96432434e+01
 2.16058899e+01
 2.45141541e+01
 1.87758118e+01
 9.04735718e+00
 8.00618896e+00
 4.42046509e+00
 -3.76074219e-01
 3.43569336e+00
 6.98204956e+00
 9.90606079e+00
 1.36787354e+01
 2.13463379e+01
 2.35478760e+01
 2.72450500e+01
 1.93916260e+01
 1.30428406e+01
 6.78753052e+00
 2.89675293e+00
 2.99205933e+00
 5.31609497e+00
 9.21953735e+00
 9.78399048e+00
 1.69328247e+01
 1.93362671e+01
 2.40763794e+01
 2.49528748e+01
 1.54841553e+01
 1.01498352e+01
 3.17687378e+00
 -1.63651123e+00
 4.43898926e+00
 2.38900146e+00
 6.78350220e+00
 9.86217651e+00
 1.44244629e+01
 1.99893127e+01
 2.50635315e+01
 2.72934814e+01
 1.60408264e+01
 9.84197388e+00
 7.20696411e+00
 -1.70258179e+00
 3.81463623e-01
 1.61676025e-01
 5.38713989e+00
 9.02617798e+00
 1.44836365e+01
 2.31422668e+01
 2.88674561e+01
 2.55401245e+01
 1.74869324e+01
 8.93547974e+00
 5.33281860e+00
 1.40770874e+00
 -1.61005249e+00
 3.34771118e+00
 2.93956909e+00
 1.06895386e+01
 1.48422180e+01
 2.01957947e+01
 2.26660706e+01
 2.44204346e+01
 1.78311096e+01
 1.24858948e+01
 8.78344116e+00
 2.34221802e+00
 1.36712036e+00
 4.23528442e+00
 3.86770020e+00
 1.12442871e+01
 1.78545776e+01
 2.04961182e+01
 2.48569580e+01
 2.49330688e+01
 1.90469299e+01
 1.28825012e+01
 7.93493042e+00
 2.81981812e+00
 1.57219849e+00
 2.65551147e+00
 7.89550171e+00
 1.11806885e+01
 1.61158386e+01
 2.31322571e+01
 2.60970703e+01
 2.26584106e+01
 1.50028931e+01
 1.03996521e+01
 7.98101196e+00
 2.10234985e+00
 2.79735718e+00
 7.76644287e+00
 8.77776489e+00
 1.15150085e+01
 1.81213928e+01
 2.34448486e+01
 2.58572327e+01
 3.04467712e+01
 2.11626221e+01
 1.12657104e+01
 8.45491943e+00
 3.41411743e+00
 -1.00559082e+00
 -2.36487427e+00
 3.92885742e+00
 1.32001892e+01
 1.74414001e+01
 2.65195862e+01
 2.97636353e+01
 2.80464722e+01
 1.88183838e+01
 1.16304260e+01
 8.48413086e-01
 -1.46631470e+00
 1.63851318e+00
 5.13778076e+00
 7.98311768e+00
 9.44494019e+00
 1.70488525e+01
 2.36715027e+01
 2.89914795e+01
 2.58732849e+01
 1.60407959e+01
 7.96001587e+00
 8.80257568e+00
 4.35076294e+00
 3.46819458e+00
 2.43621216e+00
 5.62191162e+00
 1.07554260e+01
 1.64807678e+01
 2.15633484e+01
 2.65643555e+01
 2.29584595e+01
 1.88839050e+01
 1.12632996e+01
 6.16372070e+00
 -3.61203613e+00
 -3.10242310e+00
 4.37618408e+00
 6.79781494e+00
 1.12189575e+01
 1.69414001e+01
 2.26845337e+01
 2.42705933e+01
 2.53309265e+01
 2.08543945e+01
 1.16653687e+01
 5.26360474e+00
 -1.12554932e-01
 -2.74597778e+00
 5.36873779e+00
 6.13625488e+00
 1.10349060e+01
 1.59094482e+01
 1.93407532e+01
 2.49797913e+01
 2.83904968e+01
 1.49587952e+01
 9.58693848e+00
 8.98482666e+00
 4.86074219e+00
 1.30159912e+00
 1.17059326e-01
 5.42315063e+00
 1.01790405e+01
 1.56678711e+01
 1.90693298e+01
 2.56836792e+01
 2.57094971e+01
 2.00451294e+01
 1.55528503e+01
 4.27895508e+00
 -1.34021606e+00
 7.65100098e-01
 4.88903198e+00
 7.41332397e+00
 8.87359009e+00
 1.54476868e+01
 1.75694824e+01
 2.19163147e+01
 2.18486267e+01
 1.89359070e+01
 1.03895203e+01
 3.59511719e+00
 7.83105469e-01
 2.06441650e+00
 2.04406738e-02
 5.84868774e+00
 1.06882568e+01
 1.72885376e+01
 2.36219727e+01
 2.91567017e+01
 2.63184143e+01
 1.86307617e+01
 1.23498779e+01
 2.46776733e+00
 -2.51676025e+00
 -8.06066895e-01
 2.91930542e+00
 7.41143188e+00
 1.23139282e+01
 1.55915466e+01
 1.90323425e+01
 2.42163940e+01
 2.59640137e+01
 1.97106567e+01
 1.24698425e+01
 8.45937500e+00
 2.32323608e+00
 1.07965088e-01
 3.66924438e+00
 5.75896606e+00
 1.06025330e+01
 1.52307373e+01
 2.16447083e+01
 2.51251770e+01
 2.53025452e+01
 1.89601074e+01
 9.94707642e+00
 7.41481934e+00
 2.46145020e+00
 -2.84552002e-01
 6.08911133e-01
 5.97765503e+00
 9.89876709e+00
 1.57861877e+01
 1.84278503e+01
 2.25667053e+01
 2.52705322e+01
 2.08431030e+01
 1.33348633e+01
 6.87557373e+00
 2.95549927e+00
 5.76198730e+00
 3.21791992e+00
 8.17525635e+00
 1.19044434e+01
 1.76342407e+01
 2.16269775e+01
 2.70768372e+01
 2.68403870e+01
 1.98329102e+01
 1.28515869e+01
 8.86361084e+00
 6.97863159e+00
 3.93743286e+00
 4.75878296e+00
 7.49373779e+00
 1.15356995e+01
 1.61869751e+01
 2.28405396e+01
 2.64953552e+01
 2.75321899e+01
 1.77547546e+01
 9.08550415e+00
 7.16729126e+00
 2.78554688e+00
 5.08190308e+00
 4.55196533e+00
 6.48772583e+00
 1.15893188e+01
 1.52749878e+01
 2.05607849e+01
 2.21785217e+01
 2.22049805e+01
 2.00218140e+01
 8.84182129e+00
 8.39330444e+00
 3.71511230e+00
 3.72246704e+00
 -8.25256348e-02
 5.44106445e+00
 8.09514771e+00
 1.51955811e+01
 2.10875183e+01
 2.28178955e+01
 2.49209534e+01
 1.78294312e+01
 1.06106506e+01
 8.74889526e+00
 2.99630127e+00
 -3.27133789e+00
 2.72200928e+00
 3.95525513e+00
 1.05437866e+01
 1.66919800e+01
 2.27932373e+01
 2.81793152e+01
 2.68910156e+01
 2.20751282e+01
 1.46686035e+01
 6.95992432e+00
 5.11257324e+00
 5.04442749e+00
 4.75664673e+00
 7.05825195e+00
 1.08251892e+01
 1.75635620e+01
 2.44142090e+01
 2.81809021e+01
 2.73253723e+01
 2.19417969e+01
 1.41835571e+01
 7.53936157e+00
 1.46874390e+00
 5.18090820e-01
 3.21605835e+00
 7.83239136e+00
 1.13382202e+01
 1.87744080e+01
 2.09330078e+01
 2.87254578e+01
 3.05512939e+01
 2.28086487e+01
 1.05681702e+01
 6.20067749e+00
 1.32427368e+00
 -2.86319580e+00
 9.36944580e-01
 6.76491699e+00
 1.54005066e+01
 1.73375488e+01
 1.96051270e+01
 2.61997009e+01
 2.37729126e+01
 2.06796509e+01
 1.05343262e+01
 8.22673950e+00
 3.34639893e+00
 5.11193237e+00
 1.61776123e+00
 6.36351929e+00
 1.02984558e+01
 1.57628418e+01
 2.15786072e+01
 2.24376465e+01
 2.51124207e+01
 2.10883423e+01
 1.31211487e+01
 5.55608521e+00
 5.79577026e+00
 5.80394897e+00
 4.06353149e+00
 7.70473633e+00
 1.06295410e+01
 1.65650574e+01
 1.75072266e+01
 1.99681641e+01
 2.43104492e+01
 2.21411377e+01
 1.31160828e+01
 1.11666199e+01
 4.90532837e+00
 -4.63809814e+00
 4.07747803e+00
 9.47823486e+00
 1.11010376e+01
 1.85345703e+01
 2.47465149e+01
 3.06103455e+01
 3.03535400e+01
 1.76737305e+01
 1.32026306e+01
 4.76775513e+00
 -3.19751587e+00
 3.37676392e+00
 4.23421631e+00
 5.63036499e+00
 1.30156189e+01
 1.79640747e+01
 2.19529053e+01
 2.81374451e+01
 3.11071716e+01
 2.18633972e+01
 1.19636780e+01
 9.01143799e+00
 5.96779785e+00
 1.18251953e+00
 6.00350342e+00
 7.64437256e+00
 1.28032776e+01
 1.76684814e+01
 2.34671875e+01
 2.85993286e+01
 2.84072510e+01
 2.30039917e+01
 1.58476807e+01
 9.60570679e+00
 1.19185791e+00
 2.66613159e+00
 4.42937622e+00
 8.56670532e+00
 9.15334473e+00
 1.51198975e+01
 2.12566162e+01
 2.44026123e+01
 2.73016296e+01
 1.81248413e+01
 1.38783203e+01
 1.01555115e+01
 6.07976685e+00
 5.68811035e-01
 2.31612549e+00
 4.98986206e+00
 1.28400818e+01
 1.60977112e+01
 2.03702637e+01
 2.76672913e+01
 2.67741943e+01
 2.17753845e+01
 1.33699585e+01
 5.99602661e+00
 4.56929932e+00
 2.86065063e+00
 6.35326538e+00
 9.65126953e+00
 1.17588440e+01
 1.48866516e+01
 2.12755371e+01
 2.65068298e+01
 2.73249451e+01
 2.32407471e+01
 1.54873901e+01
 1.00718323e+01
 4.93416748e+00
 5.50985107e+00
 7.28951416e+00
 7.28875122e+00
 1.14253784e+01
 1.48495117e+01
 2.16027161e+01
 2.92820068e+01
 2.72111145e+01
 2.12098022e+01
 1.21542297e+01
 7.94207153e+00
 1.94176636e+00
 1.31389771e+00
 5.17907104e+00
 6.90862427e+00
 1.10356079e+01
 1.74000183e+01
 2.42352234e+01
 2.76209045e+01
 2.86148315e+01
 2.00230957e+01
 1.58164307e+01
 7.56017456e+00
 4.94564209e+00
 8.34130859e-01
 2.76867065e+00
 7.48333130e+00
 1.07996765e+01
 1.59228455e+01
 2.05136963e+01
 2.49487854e+01
 2.38908630e+01
 1.61750427e+01
 1.18893372e+01
 8.18166504e+00
 4.09691772e+00
 3.89971313e+00
 2.60750732e+00
 8.84334717e+00
 1.30759827e+01
 1.72425476e+01
 2.29508301e+01
 3.07278076e+01
 2.55613342e+01
 2.17320496e+01
 1.48841187e+01
 8.06151733e+00
 6.67504883e-01
 3.65004883e+00
 7.36638794e+00
 4.90810547e+00
 1.57189575e+01
 1.46638733e+01
 2.09128967e+01
 2.49419800e+01
 2.53942505e+01
 1.94007202e+01
 1.09055420e+01
 7.67797241e+00
 -3.13574219e-01
 -1.67999878e+00
 3.51281128e+00
 7.07222900e+00
 1.10602051e+01
 1.33766418e+01
 1.91826721e+01
 2.53790527e+01
 2.72974792e+01
 2.05741821e+01
 1.30172974e+01
 7.08034668e+00
 6.67614136e+00
 5.63353882e+00
 7.02980957e+00
 7.70916138e+00
 1.26148010e+01
 1.94659058e+01
 2.06693054e+01
 2.51469666e+01
 2.52978149e+01
 1.92379089e+01
 1.23758484e+01
 5.66561279e+00
 -3.53063965e-01
 5.91710815e+00
 4.45482788e+00
 7.14507446e+00
 1.21715332e+01
 1.62487427e+01
 2.22406555e+01
 2.85533386e+01
 2.58377625e+01
 2.27022339e+01
 1.47250000e+01
 1.13611694e+01
 3.96550903e+00
 5.73970947e+00
 3.18065796e+00
 4.91207275e+00
 1.13651062e+01
 1.78209778e+01
 2.37557312e+01
 2.50661865e+01
 2.42419678e+01
 2.02763611e+01
 1.48743835e+01
 7.72176514e+00
 3.46462402e+00
 -3.24912109e+00
 8.93230591e+00
 7.52077637e+00
 1.06116577e+01
 1.90666138e+01
 2.46553894e+01
 3.12759949e+01
 2.96064697e+01
 2.21654602e+01
 1.35238586e+01
 9.07000122e+00
 8.77037964e+00
 2.83739624e+00
 2.88421021e+00
 5.00151978e+00
 1.12879578e+01
 1.67073608e+01
 2.17849670e+01
 2.77680603e+01
 2.93726135e+01
 1.84452759e+01
 1.16335693e+01
 8.81032715e+00
 -2.03406372e+00
 1.94597778e+00
 1.34417114e+00
 6.91161499e+00
 1.30025879e+01
 1.95935608e+01
 2.29287964e+01
 2.92127930e+01
 2.72001587e+01
 2.44822632e+01
 1.39086853e+01
 4.92461548e+00
 -1.11883545e-01
 -7.70574951e-01
 2.73174438e+00
 8.78276978e+00
 1.11422668e+01
 1.65496460e+01
 2.19880310e+01
 2.49063354e+01
 2.60794006e+01
 2.07934509e+01
 1.13699890e+01
 9.16802368e+00
 7.98327026e+00
 4.54278564e-01
 5.21630249e+00
 9.81249390e+00
 1.09144836e+01
 1.50256287e+01
 2.28336121e+01
 2.71440979e+01
 2.91543518e+01
 2.41397644e+01
 1.69904724e+01
 6.88872681e+00
 5.43386230e+00
 5.71315918e+00
 6.45671997e+00
 8.48778687e+00
 9.28560791e+00
 1.62268616e+01
 2.25307556e+01
 3.05040527e+01
 2.88044678e+01
 2.19614197e+01
 1.41203552e+01
 8.07698975e+00
 5.34783325e+00
 1.66985474e+00
 2.85915527e+00
 4.34789429e+00
 1.23109070e+01
 1.84522644e+01
 2.64593140e+01
 2.82209106e+01
 2.89604431e+01
 2.42249390e+01
 1.88196960e+01
 8.57817993e+00
 3.65285645e+00
 3.97927246e+00
 6.33501587e+00
 8.96306763e+00
 1.35285278e+01
 1.92598206e+01
 2.43950745e+01
 3.26805664e+01
 3.21865784e+01
 2.29424072e+01
 1.24148193e+01
 6.28817139e+00
 8.41091309e+00
 9.10760498e-01
 5.09475098e+00
 8.31704102e+00
 1.37959534e+01
 1.70693909e+01
 2.24038025e+01
 2.77167297e+01
 2.83872925e+01
 2.59492737e+01
 1.33502747e+01
 6.44326172e+00
 6.46062622e+00
 4.20272217e+00
 4.76427612e+00
 9.39879761e+00
 1.17967773e+01
 1.55508972e+01
 2.51932922e+01
 3.01116577e+01
 2.91588074e+01
 1.83962646e+01
 1.34958130e+01
 1.36118103e+01
 5.48113403e+00
 4.01046143e+00
 5.28136597e+00
 6.47796021e+00
 8.81347046e+00
 1.65712524e+01
 2.08721252e+01
 2.58804871e+01
 2.65538269e+01
 2.43674255e+01
 1.55602661e+01
 8.60613403e+00
 1.99221191e+00
 1.62301025e+00
 2.48681030e+00
 5.22225342e+00
 1.23622986e+01
 1.53953796e+01
 2.08086792e+01
 2.84457031e+01
 2.72129150e+01
 1.75745789e+01
 1.23423706e+01
 1.00972229e+01
 3.24279175e+00
 4.92489014e+00
 3.02401123e+00
 5.41912231e+00
 1.00720459e+01
 1.79790894e+01
 2.18597351e+01
 2.43322998e+01
 2.54649292e+01
 1.72917419e+01
 1.41093689e+01
 8.67223511e+00
 5.59392700e+00
 2.62902222e+00
 4.53008423e+00
 9.81548462e+00
 1.13934265e+01
 1.68973938e+01
 2.39347168e+01
 3.07874695e+01
 2.95736328e+01
 2.28833252e+01
 1.31103149e+01
 7.44143066e+00
 3.59652100e+00
 -3.29712524e+00
 3.41610107e+00
 6.66436157e+00
 1.31193176e+01
 1.60045105e+01
 2.27683044e+01
 3.05894409e+01
 3.07943359e+01
 1.95787903e+01
 1.24146362e+01
 7.69799194e+00
 2.38448486e+00
 3.21972046e+00
 3.47960815e+00
 6.94121704e+00
 1.27289673e+01
 2.10506836e+01
 2.56523376e+01
 3.31588684e+01
 2.93567444e+01
 2.48286377e+01
 1.39233032e+01
 8.15825806e+00
 2.56719360e+00
 2.65346680e+00
 1.16347656e+00
 8.41533813e+00
 1.27997681e+01
 1.73530212e+01
 2.42890259e+01
 2.97138000e+01
 3.16438538e+01
 2.40663391e+01
 1.59872681e+01
 5.40059814e+00
 1.21340332e+00
 2.56322632e+00
 4.02861938e+00
 7.01040039e+00
 1.34887634e+01
 1.70603577e+01
 2.26546570e+01
 3.07427612e+01
 2.87827087e+01
 2.13643738e+01
 1.59947449e+01
 1.07256409e+01
 3.25948486e+00
 5.73186646e+00
 4.93117676e+00
 8.68700562e+00
 1.25713440e+01
 1.79684082e+01
 2.79007202e+01
 2.96633850e+01
 2.83505798e+01
 2.32182861e+01
 1.33232361e+01
 5.76564941e+00
 5.81441650e+00
 3.60891113e+00
 6.60875854e+00
 9.05306396e+00
 1.34404236e+01
 2.14056335e+01
 2.48040100e+01
 3.42598206e+01
 2.95895935e+01
 2.12347351e+01
 1.37474915e+01
 8.76116333e+00
 6.54091797e+00
 5.96111450e+00
 5.22963867e+00
 8.73351440e+00
 1.22131592e+01
 2.02199646e+01
 2.40331970e+01
 3.06246887e+01
 2.99858337e+01
 2.12325378e+01
 1.34384705e+01
 8.01656494e+00
 3.45583496e+00
 1.36705933e+00
 3.46315918e+00
 6.49086914e+00
 1.15618530e+01
 1.87622009e+01
 2.29114319e+01
 3.12393127e+01
 3.05451599e+01
 2.10728088e+01
 1.49430481e+01
 4.16256104e+00
 4.79421387e+00
 2.89025269e+00
 7.25000000e-01
 5.38335571e+00
 1.15668274e+01
 1.80792175e+01
 2.44034973e+01
 2.79312988e+01
 2.63550659e+01
 2.18813721e+01
 1.50315491e+01
 1.08044067e+01
 4.49682007e+00
 3.78823242e+00
 4.15133057e+00
 9.82039795e+00
 1.01833130e+01
 1.78835999e+01
 2.25808350e+01
 2.82335144e+01
 2.75283447e+01
 2.06435791e+01
 1.58261047e+01
 9.43547974e+00
 2.64586792e+00
 4.61132202e+00
 8.58965454e+00
 8.38649902e+00
 1.16497742e+01
 1.98403564e+01
 2.80858093e+01
 3.29564148e+01
 3.04417358e+01
 2.48251587e+01
 1.60751587e+01
 5.38561401e+00
 4.39840088e+00
 3.23821411e+00
 8.43511353e+00
 8.27883301e+00
 1.19124390e+01
 1.79290405e+01
 2.40617920e+01
 2.87836853e+01
 3.20447327e+01
 2.13124023e+01
 1.66973206e+01
 1.02651306e+01
 4.58529053e+00
 7.41445313e+00
 3.97664795e+00
 8.08376465e+00
 1.47766357e+01
 1.92860657e+01
 2.55966431e+01
 3.32614075e+01
 3.01649414e+01
 2.09232727e+01
 1.58786560e+01
 7.09032593e+00
 5.50383911e+00
 4.11315308e+00
 2.93779907e+00
 8.47567139e+00
 1.18294617e+01
 1.65887085e+01
 2.50815063e+01
 3.22949463e+01
 3.06834961e+01
 2.62936035e+01
 1.29322449e+01
 8.84530029e+00
 5.55819092e+00
 3.77419434e+00
 6.98003540e+00
 9.64891968e+00
 1.42342468e+01
 2.04582458e+01
 2.21868835e+01
 2.96136414e+01
 3.02224670e+01
 2.57105957e+01
 1.75741821e+01
 8.63656006e+00
 7.33675537e+00
 4.14425049e+00
 3.79134521e+00
 1.10906311e+01
 1.40493408e+01
 2.00294434e+01
 2.47896057e+01
 3.01575867e+01
 3.18260742e+01
 2.20281006e+01
 1.48729187e+01
 9.54940186e+00
 5.78853760e+00
 6.12105713e+00
 4.76787720e+00
 7.85738525e+00
 1.35410400e+01
 2.01070190e+01
 2.50761047e+01
 3.19407898e+01
 2.80197388e+01
 1.89085327e+01
 1.32052246e+01
 1.06789795e+01
 5.49782715e+00
 -8.42138672e-01
 3.15865479e+00
 6.58892212e+00
 1.21499573e+01
 1.70856873e+01
 2.06061340e+01
 2.39477783e+01
 2.85977112e+01
 2.23137756e+01
 1.58494202e+01
 1.14543701e+01
 8.42192993e+00
 4.69625244e+00
 4.35115967e+00
 9.17412720e+00
 1.27956177e+01
 1.80401855e+01
 2.56736084e+01
 2.93284851e+01
 3.02338806e+01
 2.29994446e+01
 1.43375793e+01
 1.20866028e+01
 9.16729126e+00
 6.70482788e+00
 6.28859863e+00
 9.23720703e+00
 1.17685486e+01
 1.57349487e+01
 2.28425842e+01
 2.69630981e+01
 2.93314758e+01
 2.40057007e+01
 1.65742432e+01
 7.77523193e+00
 4.70690308e+00
 6.77166138e+00
 5.46111450e+00
 1.14177490e+01
 1.07723633e+01
 1.97002808e+01
 2.76538330e+01
 2.93406311e+01
 3.39904419e+01
 2.41530701e+01
 1.78118530e+01
 1.07691589e+01
 2.69399414e+00
 4.10448608e+00
 6.29152832e+00
 6.76442871e+00
 1.29294983e+01
 2.03697449e+01
 2.24228455e+01
 3.20713135e+01
 2.91917358e+01
 2.15601746e+01
 1.58550964e+01
 1.10877319e+01
 3.78606567e+00
 4.35140381e+00
 3.96004639e+00
 7.88543091e+00
 1.36959473e+01
 1.84647461e+01
 2.72564941e+01
 3.31170288e+01
 3.14798218e+01
 2.48802124e+01
 1.90189758e+01
 1.45345093e+01
 3.20058594e+00
