 8.89312061e+01
 8.24255298e+01
 9.25855720e+01
 4.18350316e+01
 7.40564531e+01
 3.73709971e+01
 9.98428168e+01
 3.57239460e+01
 7.37948740e+00
 6.30793145e-01
 2.24988077e+01
 8.83778173e+01
 9.09370690e+01
 4.88726874e+01
 2.53722356e+01
 2.91381826e+01
 7.71454402e+01
 7.27616753e+01
 1.59805137e+01
 5.55239298e+00
 6.03751063e+01
 6.11291771e+01
 1.00181846e+02
 2.15790255e+01
 6.80073622e+01
 8.27173181e+01
 6.28606354e+01
 4.25491619e+01
 4.59649748e+01
 6.22249143e+01
 3.16917117e+01
 4.76171123e+01
 8.05307943e+01
 2.80708893e+01
 9.19248854e+00
 4.62616005e+01
 7.00278800e+01
 1.17134801e+02
 3.93214486e+01
 8.40327273e+01
 1.01414518e+02
 8.50694975e+01
 3.81997334e+01
 2.27887433e+01
 1.00699099e+02
 1.85284600e+01
 2.35771649e+01
 4.45089101e+01
 2.19199107e+01
 3.09760509e+01
 2.66717513e+01
 8.08841324e+01
 7.81221117e+01
 8.63714044e+00
 1.82368013e+01
 7.67639409e+00
 6.70022627e+01
 3.69394444e+01
 9.53450339e+01
 3.41227231e+01
 4.84898693e+01
 2.46239194e+01
 8.51374333e+01
 5.81999427e+01
 5.65867221e+01
 4.24009091e+01
 5.86949989e+01
 3.02521319e+00
 5.30198071e+01
 7.76655010e+00
 2.34917135e+01
 7.80041512e+01
 6.68196999e+01
 3.62045348e+01
 1.83235494e+01
 7.13850185e+01
 2.18430065e+01
 7.53448831e+01
 9.49356112e+01
 1.95242016e+01
 8.17568928e+01
 1.60662584e+02
 4.96318361e+01
 6.32491612e+01
 1.20989573e+02
 2.93429883e+01
 6.02506273e+01
 2.91234016e+01
 3.79446681e+01
 8.03513388e+01
 3.88166748e+01
 3.38917839e+01
 6.46882430e+01
 9.65477108e+01
 3.92218659e+01
 3.68330136e+01
 5.36649462e+01
 8.53507793e+01
 1.22612118e+02
 5.88403190e+01
 5.61868396e+01
 3.44342839e+01
 5.85807460e+01
 6.12946637e+01
 1.44582225e+02
 4.23023070e+01
 6.48582028e+01
 4.60966254e+01
 3.77738467e+01
 1.12686090e+02
 1.00931997e+02
 7.13411329e+01
 9.16025621e+01
 6.29245559e+01
 5.67176809e+01
 4.15614053e+01
 7.51407361e+01
 7.06278158e+01
 7.47332718e+01
 9.25189136e+01
 3.39685760e+01
 4.01580577e+01
 7.56299422e+01
 9.94463809e+01
 1.60751634e+02
 3.53482071e+01
 1.75441688e+01
 3.28377234e+01
 8.75974239e+01
 5.19120804e+01
 3.86009924e+01
 3.76485418e+01
 2.44602421e+01
 4.61200168e+01
 2.84746255e+01
 4.67103164e+01
 1.34918382e+02
 5.81436383e+01
 3.75420184e+01
 4.02128068e+01
 1.23679889e+02
 4.23872597e+01
 8.09903102e+01
 5.97730562e+01
 3.56163995e+01
 6.98989017e+01
 1.99135667e+01
 1.01843169e+02
 6.88671792e+01
 7.77177167e+00
 2.58761543e+01
 2.18072257e+02
 4.81397085e+01
 5.99103243e+01
 1.00982177e+02
 5.59039967e+01
 2.19508746e+01
 2.39378326e+00
 1.25282827e+01
 2.40350447e+01
 1.63945189e+02
 6.54955051e+01
 3.27410487e+01
 2.60719227e+01
 1.34884603e+02
 6.14290719e+01
 3.86055069e+01
 6.28205243e+01
 2.56950336e+01
 1.11008506e+02
 5.24828525e+01
 6.36158005e+01
 6.03039853e+01
 4.21151957e+01
 4.95651496e+01
 2.04352743e+01
 1.82364449e+01
 1.08003600e+02
 2.76352581e+01
 3.23434390e+01
 7.09850976e+01
 7.03732931e+01
 2.70985052e+01
 1.47101873e+02
 6.71641830e+01
 6.87223141e+01
 6.51022753e+00
 2.71795311e+01
 1.26122364e+02
 9.65218405e+01
 7.89707734e+01
 1.00954125e+02
 4.23662712e+01
 1.69122437e+01
 1.48131115e+01
 8.60668329e+01
 8.06373353e+01
 4.10902126e+01
 3.54442675e+01
 6.06125960e+01
 1.35869576e+02
 9.58523426e+01
 2.37853408e+01
 4.15035310e+01
 1.07714438e+01
 2.45307960e+01
 5.13189070e+01
 6.91690905e+01
 8.97393704e+01
 6.68203131e+01
 3.89063972e+01
 5.85560402e+01
 5.18710976e+01
 2.88327137e+01
 3.89361290e+01
 1.21034834e+02
 4.34394518e+01
 3.80261434e+01
 4.67646033e+01
 4.18875830e+01
 4.81591202e+01
 3.34536767e+01
 5.55722830e+01
 5.12895533e+01
 8.90823189e+01
 5.48669565e+01
 1.17819537e+02
 6.94374105e+01
 8.01854907e+00
 4.66804027e+01
 5.20802417e+01
 6.81207219e+01
 7.23082839e+01
 6.45826074e+01
 4.54829799e+01
 2.52343932e+00
 4.84666672e+01
 1.07057354e+02
 2.49792300e+01
 7.91999060e+01
 5.78031522e+00
 2.71478609e+01
 9.59327498e+01
 4.34659588e+01
 7.96885852e+01
 3.19365300e+01
 3.47925279e+01
 3.33940330e+01
 1.94170492e+02
 6.26956445e+00
 1.37440244e+02
 7.92433835e+01
 6.88841824e+01
 8.11146816e+00
 3.30837439e+01
 3.59734135e+01
 4.48180568e+01
 4.23596214e+01
 3.43455602e+01
 6.86876613e+01
 5.50036716e+01
 3.03890145e+01
 7.52810444e+01
 8.41088119e+01
 2.79959972e+01
 9.81164337e+00
 3.87478678e+01
 6.17756579e+01
 1.01613227e+02
 7.13438958e+01
 9.80522468e+01
 4.87445180e+01
 7.61922731e+01
 7.42982641e+01
 6.94575480e+01
 5.62243636e+01
 8.16876711e+01
 3.35177198e+01
 1.00668452e+02
 1.64654753e+02
 4.11770596e+01
 4.48489524e+01
 2.41175518e+01
 1.93517347e+01
 1.12815801e+02
 8.03596811e+01
 3.39710575e+01
 1.39458514e+01
 1.11097064e+02
 2.09784733e+01
 1.03012830e+02
 8.48966899e+01
 6.77292403e+01
 2.54885555e+01
 7.52351948e+01
 1.20006749e+02
 1.95748233e+01
 8.07584089e+01
 6.15697522e+01
 4.35084000e+01
 4.78187393e+01
 3.55216125e+01
 9.33298646e+01
 5.54112819e+01
 7.58011242e+01
 5.95649540e+01
 6.92605137e+01
 1.33780110e+01
 1.09813486e+01
 8.13124262e+01
 5.38473665e+01
 5.12276450e+01
 4.54603155e+01
 2.88570346e+01
 4.72180678e+01
 5.67392866e+01
 2.33014097e+01
 7.43273635e+01
 2.85531253e+01
 3.99011315e+01
 3.67029636e+01
 7.38959846e+01
 9.67965480e+01
 1.17876485e+02
 6.24912466e+01
 9.62542481e+01
 3.99868760e+01
 1.86386993e+01
 8.34947279e+01
 2.56422705e+01
 3.51366774e+01
 3.14532988e+01
 7.28194036e+01
 1.08232661e+02
 5.04179004e+01
 3.53198127e+01
 8.38211994e+01
 5.93633806e+01
 4.66059424e+01
 1.25221701e+02
 4.16856895e+01
 7.49689704e+01
 3.04132745e+01
 1.76748901e+01
 6.92139426e+00
 1.85290586e+02
 4.68517139e+01
 6.90418543e+01
 9.58284017e+01
 8.54834455e+01
 1.39242734e+02
 6.58616015e+01
 8.35637639e+01
 1.05884893e+02
 5.47489182e+01
 5.43721045e+01
 8.47770277e+01
 3.99100205e+01
 1.14647019e+02
 1.07858512e+02
 5.67653094e+01
 6.07124680e+01
 1.05001485e+02
 5.89878552e+01
 2.71488571e+01
 2.73764711e+01
 1.65896819e+01
 3.09950597e+01
 5.53980710e+01
 1.38053902e+02
 5.55497939e+01
 7.32443084e+01
 3.61535792e+01
 3.77261438e+01
 5.08011177e+01
 8.86589186e+01
 7.31968504e+01
 9.29530169e+01
 1.58699648e+01
 1.55981424e+01
 4.69832668e+01
 4.77720267e+01
 8.67846454e+01
 7.75414105e+01
 6.79711390e+01
 4.24902826e+01
 9.83715467e+01
 4.45011872e+01
 1.07234635e+02
 9.22880574e+01
 3.19687130e+01
 5.24401253e+01
 7.17301245e+00
 1.17537589e+02
 1.55169213e+02
 7.78564425e+01
 2.88665545e+01
 8.39229757e+01
 2.70842230e+01
 1.17927789e+02
 1.15138577e+02
 4.63114284e+01
 4.67950142e+01
 4.63224466e+01
 8.52325642e+01
 4.06106528e+01
 1.07746964e+02
 9.29648265e+01
 7.68621150e+01
 1.33786154e+01
 5.16261195e+01
 4.38693353e+01
 9.33402712e+01
 3.71234691e+01
 2.08302410e+01
 8.73269017e+01
 3.64031270e+01
 1.73459349e+02
 1.30115173e+01
 3.49174407e+01
 4.43052077e+01
 3.22761058e+01
 4.31667280e+01
 2.05361576e+01
 4.67922908e+01
 6.66951299e+01
 5.47504139e+01
 1.61773369e+01
 8.15569373e+01
 7.65969915e+01
 7.34796388e+01
 3.49724137e+01
 4.67014868e+01
 3.72365399e+01
 1.16150468e+02
 5.58133477e+01
 3.09569950e+01
 5.64576185e+01
 1.94643274e+01
 1.16257335e+01
 5.95601166e+01
 5.19096396e+01
 8.41093903e+01
 4.58734156e+01
 2.32513209e+01
 1.01212119e+01
 2.57623449e+01
 1.45898872e+01
 5.15944370e+01
 4.25676205e+01
 2.96037900e+01
 4.11918217e+01
 5.03112841e+01
 8.91760329e+01
 5.80950757e+01
 6.64672559e+01
 4.72853694e+01
 6.75131227e+01
 6.03170276e+01
 1.15315873e+02
 1.48212285e+02
 8.07098255e+01
 1.65743364e+01
 4.95289508e+01
 6.62181362e+01
 6.51581691e+01
 1.81659169e+02
 8.03415573e+01
 7.65090328e+01
 4.20195744e+01
 5.20815279e+01
 1.55876578e+02
 5.20009405e+01
 6.97493576e+01
 6.61897722e+01
 6.19731699e+01
 1.03780725e+02
 2.34185930e+01
 3.15847996e+01
 3.34786618e+01
 6.10044495e+01
 6.29135845e+01
 4.43435210e+01
 2.80184222e+01
 7.02583929e+01
 7.47875394e+01
 6.77618777e+00
 4.05444231e+01
 4.46805125e+00
 5.86935665e+01
 3.86496706e+01
 4.04516800e+01
 7.45746029e+01
 4.38834367e+01
 7.02646291e+01
 2.20557343e+02
 9.89528715e+01
 5.58394961e+01
 4.02961323e+01
 1.06268268e+02
 1.05575063e+02
 7.39717878e+01
 3.41677763e+01
 8.26987631e+01
 3.54732923e+01
 5.03691388e+01
 5.97530665e+01
 6.58375323e+01
 5.61319811e+01
 7.50260481e+01
 3.95196579e+01
 5.19418823e+01
 1.01362946e+02
 8.29180412e+01
 2.77979925e+01
 2.82072488e+01
 8.54153993e+01
 2.13556136e+01
 8.20935071e+01
 1.01604241e+02
 1.07579874e+02
 6.03521593e+01
 8.21094872e+01
 1.54543946e+01
 4.01997197e+01
 4.04155957e+01
 5.98036606e+01
 2.68548647e+01
 5.37298946e+01
 4.19408363e+01
 2.52566454e+01
 2.49674571e+01
 1.34516931e+02
 1.14097959e+02
 6.14429473e+01
 4.15146586e+01
 2.46858550e+01
 3.13516084e+01
 5.08356240e+01
 5.47808150e+01
 6.67347666e+01
 1.88847664e+01
 2.91505447e+01
 6.21531028e+01
 1.43214460e+02
 8.43650561e+01
 6.42812223e+01
 6.81243044e+01
 7.33973510e+01
 1.96020715e+02
 3.31831733e+01
 4.55654236e+01
 5.50092671e+01
 4.03806217e+01
 3.84111628e+01
 6.96326281e+01
 1.66732157e+02
 4.94763177e+01
 8.98756786e+01
 2.60191397e+01
 2.30438362e+01
 1.36938374e+02
 4.27560388e+01
 5.33555121e+01
 3.96797682e+01
 7.35348669e+01
 6.89785088e+01
 6.46103541e+01
 9.99271216e+01
 2.91373952e+01
 7.46250425e+01
 5.65805249e+01
 1.02042361e+02
 3.95659636e+01
 4.53514910e+01
 4.52572318e+01
 4.24987306e+01
 1.51547284e+01
 6.29856553e+01
 9.44399675e+01
 3.47342664e+01
 6.74835752e+01
 2.91398288e+01
 3.15698244e+01
 4.48424318e+01
 1.06634359e+02
 1.90222476e+01
 1.78523362e+01
 1.01346978e+01
 9.14071797e+00
 6.70563564e+01
 3.57104562e+01
 3.95976364e+01
 2.35664034e+01
 3.71898716e+01
 6.28670615e+01
 4.66130449e+01
 2.98339594e+01
 3.89871787e+01
 7.03051834e+01
 5.22544199e+01
 4.40784448e+01
 3.43378479e+01
 5.18885943e+01
 8.12723980e+01
 5.98998901e+01
 4.92412408e+01
 1.19636566e+02
 4.10171187e+01
 1.03950579e+02
 4.35169590e+01
 1.04642283e+02
 1.57491019e+01
 3.76541473e+01
 2.32930055e+01
 5.95170938e+01
 1.35455986e+01
 5.97311985e+01
 3.94850911e+01
 2.70730515e+01
 2.97405434e+01
 5.27509723e+01
 5.89331303e+01
 3.75868089e+01
 3.19508109e+01
 2.03162289e+01
 5.28073703e+01
 3.72617029e+01
 5.09925914e+01
 4.62568355e+01
 3.61856442e+01
 1.77206405e+01
 8.35732586e+01
 7.91940547e+01
 4.43212885e+01
 7.21192364e+01
 6.74098722e+01
 2.82304651e+01
 3.96286197e+01
 7.34290629e+01
 1.03154215e+02
 3.00050047e+01
 4.36939982e+01
 2.11013350e+01
 6.42175389e+01
 5.97995939e+01
 8.38057841e+01
 4.14827082e+01
 7.75762159e+01
 3.27275772e+01
 2.31395649e+01
 1.16721559e+02
 1.40375450e+02
 7.12935085e+01
 4.26281987e+01
 3.85900497e+01
 7.01246904e+01
 7.40702164e+01
 1.02727575e+02
 2.25730534e+01
 1.16907857e+02
 5.58970458e+01
 6.27307824e+01
 9.52287193e+01
 1.05456869e+02
 3.02717245e+01
 7.43446990e+01
 3.94220112e+01
 5.01666382e+01
 8.02906354e+01
 7.64956576e+01
 4.00740406e+01
 4.27729891e+01
 4.93061058e+01
 8.44558042e+01
 1.28049867e+02
 1.31520780e+02
 5.58083358e+01
 1.57880205e+01
 3.95456231e+01
 1.16884512e+02
 1.58243801e+02
 8.72597579e+01
 3.12597935e+01
 6.07854442e+01
 6.16252680e+01
 1.23485119e+02
 1.06494359e+02
 7.72324879e+01
 5.65556160e+01
 3.47192460e+01
 8.16346688e+01
 3.00585486e+01
 1.51832985e+02
 5.30190103e+01
 2.09213397e+01
 8.22712370e+01
 1.38762975e+01
 1.06173304e+02
 6.41737900e+01
 1.16881977e+02
 4.97417291e+01
 6.52162578e+01
 1.04019761e+02
 8.25989504e+01
 6.69981995e+01
 8.48742662e+00
 8.91167896e+01
 9.44908273e+00
 4.99035175e+01
 4.31071339e+01
 4.31897835e+01
 3.59092080e+01
 4.73119652e+01
 3.56982049e+01
 2.17034681e+01
 3.85568971e+01
 8.30891452e+01
 5.12855169e+01
 3.34495907e+01
 3.53248187e+01
 5.28966403e+01
 7.89423194e+01
 6.15133347e+01
 1.12545475e+02
 4.28779641e+01
 4.14774757e+01
 2.75333563e+01
 3.96515841e+01
 1.04625319e+02
 6.93142929e+01
 1.07142643e+02
 3.75232661e+01
 1.23484431e+01
 6.88019824e+01
 1.02001785e+02
 1.02307133e+02
 7.36129315e+01
 1.73770825e+02
 2.79470630e+01
 3.15045888e+01
 6.39720268e+01
 5.56797863e+01
 1.48905456e+01
 1.13098698e+02
 5.22567725e+01
 4.50590347e+01
 3.60590653e+01
 7.38440883e+01
 3.27606075e+01
 5.36981877e+01
 2.56989117e+01
 4.16883442e+01
 7.39351943e+01
 4.21695340e+01
 2.97497180e+01
 5.70002412e+01
 3.42758092e+01
 3.00054191e+01
 6.64833213e+01
 2.39889559e+01
 5.03667116e+01
 3.59452826e+01
 6.33284186e+01
 7.29257971e+00
 1.17661961e+02
 9.97829342e+01
 7.96751336e+01
 6.62411959e+01
 8.00683232e+01
 1.70947565e+01
 9.88124732e+01
 9.81081576e+01
 6.32721195e+00
 6.43024251e+01
 4.69553803e+01
 3.51338549e+01
 7.98967211e+01
 6.06637570e+01
 7.37944184e+01
 8.42417585e+01
 3.73794681e+01
 3.26597914e+01
 1.07095442e+02
 4.10715130e+01
 3.98509032e+01
 2.88786029e+01
 3.58624686e+01
 1.41990998e+02
 8.56687034e+01
 1.05198905e+02
 5.82875697e+01
 7.71170706e+01
 2.91233924e+01
 9.77563714e+01
 2.69850372e+01
 1.69263599e+02
 9.73737175e+01
 6.99133300e+01
 6.10804524e+01
 6.92490256e+01
 1.04039269e+02
 3.76688630e+01
 1.32105171e+01
 2.26883781e+01
 5.02519447e+01
 4.62284856e+01
 2.16340153e+01
 1.78198584e+01
 5.55925715e+01
 8.39500730e+01
 8.15969767e+00
 6.10497217e+01
 3.51808346e+01
 1.45404226e+02
 4.22665272e+01
 7.51713865e+01
 9.16890998e+01
 6.10267680e+01
 4.63163271e+01
 2.78383691e+01
 4.00047807e+01
 7.72876582e+01
 9.12903656e+01
 4.34716873e+01
 5.70676840e+01
 3.79271951e+01
 5.80715314e+01
 2.46580835e+01
 3.36747098e+01
 8.23941474e+01
 4.67536267e+01
 3.83017746e+01
 1.59636091e+01
 6.77449963e+01
 6.79832751e+01
 3.43615955e+01
 2.52062228e+01
 7.32653973e+01
 5.80818941e+01
 8.20353259e+01
 3.23361374e+01
 1.03918599e+02
 8.64518357e+01
 8.32359867e+01
 9.31459756e+01
 3.35989047e+01
 4.84608323e+01
 2.10294197e+02
 7.03235167e+01
 5.31484038e+01
 8.68120892e+01
 4.36030529e+01
 3.86740773e+01
 4.88281943e+01
 3.92724489e+01
 6.69683294e+01
 4.32415428e+01
 4.85532635e+01
 3.85264704e+01
 3.14352337e+01
 7.81753868e+01
 4.04243479e+01
 9.39539849e+01
 6.22324324e+01
 4.16627732e+01
 5.97506403e+01
 3.55363096e+01
 1.49537688e+02
 9.03796207e+01
 1.28100668e+02
 2.69898235e+01
 4.09003326e+01
 1.58303839e+00
 6.47180501e+01
 1.14356020e+02
 2.96154413e+01
 4.94116914e+01
 7.18804168e+01
 3.80628853e+01
 1.23703569e+02
 5.49669384e+01
 1.21282282e+02
 7.10092724e+01
 6.58599655e+01
 4.95127612e+01
 4.28244462e+01
 8.03231120e+01
 4.62320568e+01
 4.15792957e+01
 6.14221391e+01
 4.01965702e+01
 9.53453643e+01
 9.25412244e+01
 2.87343557e+01
 3.02146853e+01
 5.73986778e+01
 3.29804749e+01
 9.81733793e+01
 1.16096818e+02
 3.35257373e+01
 4.25869088e+01
 2.83561000e+01
 1.04364165e+02
 1.66807478e+01
 2.67126432e+01
 6.66731312e+01
 3.70122805e+01
 3.20861524e+01
 1.13156402e+02
 1.27351169e+02
 2.20215305e+01
 7.52742243e+01
 1.04857708e+02
 2.60874838e+01
 4.21686712e+01
 3.72499601e+01
 3.36880009e+01
 3.63869106e+01
 7.83163429e+00
 1.24590641e+02
 6.29092918e+01
 1.24529820e+02
 5.91836001e+01
 3.81151826e+01
 1.28090610e+02
 5.87008891e+01
 9.36418899e+01
 1.22171321e+02
 4.39020137e+01
 3.91493532e+01
 3.19800501e+01
 3.13138177e+01
 2.67466824e+01
 5.99894953e+01
 1.78494325e+01
 4.49568985e+01
 3.77057739e+01
 4.82232501e+01
 5.99995944e+01
 3.86146484e+01
 6.85110006e+01
 3.88927094e+01
 4.04181852e+01
 7.09078456e+01
 9.09775844e+01
 2.07393310e+01
 6.22632379e+01
 4.00072433e+01
 8.24538074e+01
 6.83006604e+01
 1.12874416e+02
 7.77627397e+01
 3.65341684e+01
 6.04646291e+01
 1.50379766e+01
 3.40745997e+01
 9.88572930e+01
 6.02884573e+01
 5.11960210e+01
 6.97114887e+01
 3.49992337e+01
 2.38352571e+01
 8.23114029e+01
 7.71743164e+01
 6.27149680e+01
 1.35059378e+02
 5.19358070e+01
 4.90516774e+01
 6.00880591e+01
 6.58114122e+01
 4.93578712e+01
 6.88994001e+00
 6.11370282e+01
 4.76961748e+01
 6.12790364e+01
 9.37096258e+01
 4.20886796e+01
 4.05486520e+01
 1.44193641e+01
 9.77473764e+01
 6.12578559e+01
 4.52009043e+01
 5.32332058e+01
 6.26766060e+01
 1.03125452e+02
 1.44902027e+02
 1.17847797e+02
 1.52424610e+02
 4.73900096e+01
 9.20858590e+00
 4.67667470e+01
 2.25453760e+01
 4.78345586e+01
 1.64995887e+01
 4.22657038e+01
 5.08118263e+01
 6.34637701e+01
 5.81472323e+01
 6.61974759e+01
 1.12593980e+02
 4.55907492e+01
 1.62066319e+02
 4.79245441e+01
 5.40532062e+01
 4.51528934e+01
 9.88246941e+01
 2.79162429e+01
 4.47144687e+01
 7.12890898e+01
 8.58103221e+01
 3.25660104e+01
 3.80344393e+01
 1.26079535e+02
 3.96752178e+01
 7.35474041e+01
 1.55714999e+01
 1.51036407e+02
 1.32424985e+02
 1.00588337e+02
 4.89168741e+01
 1.49572593e+01
 9.49761850e+01
 9.31990833e+01
 1.24620359e+02
 1.84024137e+01
 1.56606012e+01
 3.88682423e+01
 1.23179083e+01
 4.60907742e+01
 4.05996025e+01
 4.86380847e+01
 4.75651088e+01
 3.60674461e+01
 7.29330814e+01
 3.43211047e+01
 6.09191655e+01
 8.00399721e+01
 3.18856092e+01
 8.17467975e+01
 1.58092930e+02
 8.76124875e+01
 4.88090433e+01
 2.64852494e+01
 2.39670173e+01
 3.25076007e+01
 5.80612808e+01
 8.01737410e+01
 1.17577520e+02
 1.02843051e+02
 7.96333673e+00
 1.09153524e+02
 5.61767661e+01
 7.72904888e+01
 5.07801825e+01
 7.44238151e+01
 9.54956551e+01
 1.11159654e+02
 3.03819550e+01
 7.16357809e+01
 4.69446669e+01
 1.00234143e+02
 3.82712273e+01
 2.64247760e+01
 4.20011489e+01
 1.11520517e+02
 9.21793337e+01
 3.61124232e+01
 8.41788418e+01
 3.53203799e+01
 2.62198385e+01
 3.00761301e+01
 3.96470163e+01
 2.48899266e+01
 2.73331764e+01
 6.28881864e+01
 1.06000858e+02
 1.16756945e+01
 5.32497819e+01
 2.80721755e+01
 7.93135936e+01
 4.33815201e+01
 5.64967268e+01
 9.60609511e+01
 1.03259138e+02
 7.96390520e+01
 1.08311392e+02
 7.31099489e+01
 5.52885269e+01
 1.05789947e+02
 9.41986430e+00
 1.34060329e+02
 6.62396515e+01
 1.27033456e+01
 3.39146603e+01
 9.00036797e+01
 7.89708839e+01
 5.23971632e+01
 9.32118750e+01
 3.29502150e+01
 4.14858285e+01
 4.11438083e+01
 6.06836630e+01
 1.04643930e+02
 9.74909166e+01
 9.15207015e+01
 5.10677758e+01
 4.12208367e+01
 6.63382799e+01
 1.23865113e+01
 5.31902788e+01
 2.52980377e+01
 1.04693552e+02
 3.63346976e+01
 4.89733972e+01
 8.45285916e+01
 8.58125255e+00
 5.16178420e+01
 7.50364472e+01
 6.62344919e+01
 1.35319493e+02
 1.21854989e+02
 3.48407703e+01
 1.74843579e+01
 7.43741298e+01
 1.70330091e+01
 6.54970421e+01
 1.18504892e+02
 6.77084516e+01
 2.96151746e+01
 2.03131196e+02
 4.51184892e+01
 6.74565896e+01
 4.45175665e+01
 2.91087041e+01
 4.02441385e+01
 1.19654111e+02
 5.80309332e+01
 9.56202380e+01
 4.28768500e+01
 5.51339314e+01
 5.36965806e+01
 4.82041861e+01
 5.06854853e+01
 6.45371718e+01
 5.69986017e+01
 3.06747903e+01
 1.04921197e+01
 6.08723784e+01
 2.87652295e+01
 4.16184611e+01
 4.05111815e+00
 4.15308775e+01
 5.96450170e+01
 2.28529195e+01
 1.15091655e+02
 7.90797385e+01
 4.27166135e+01
 5.59145689e+01
 4.81747398e+01
 1.15350272e+02
 5.75581366e+01
 7.09452954e+01
 6.77662138e+01
 6.24393795e+01
 3.09402221e+01
 6.28373668e+01
 1.14131576e+02
 8.36783626e+01
 3.94294595e+01
 4.69189136e+01
 1.04974367e+02
 2.24964479e+01
 1.15767287e+02
 4.95740984e+01
 5.36340189e+01
 2.19834901e+01
 4.13204099e+01
 7.03041603e+01
 1.25576284e+02
 7.54447192e+01
 4.31625884e+01
 4.49682259e+01
 5.29354206e+01
 5.25496216e+01
 1.18322719e+02
 1.18746216e+02
 5.57996243e+01
 4.89573797e+01
 3.17206550e+01
 1.68104886e+02
 7.79531737e+01
 8.83332094e+01
 5.01661478e+01
 4.42788064e+01
 4.81648984e+01
 8.05675888e+01
 7.87696710e+01
 8.21563513e+01
 3.58250518e+01
