 6.87633667e+00
 6.14669189e+00
 6.34191284e+00
 1.06297852e+01
 1.53178345e+01
 1.91090332e+01
 2.40944458e+01
 2.34759766e+01
 2.06454712e+01
 1.35298096e+01
 9.82668457e+00
 6.74859009e+00
 2.43197021e+00
 9.42009888e+00
 1.03355652e+01
 1.20231567e+01
 1.55426575e+01
 2.02059570e+01
 2.13692871e+01
 1.94670044e+01
 1.81220947e+01
 1.78908630e+01
 1.25810486e+01
 2.85372314e+00
 4.51088867e+00
 6.24828491e+00
 8.35555420e+00
 1.20817810e+01
 1.46308228e+01
 1.91187683e+01
 2.43161560e+01
 2.31825500e+01
 2.02599121e+01
 1.45447327e+01
 1.11608521e+01
 7.98433838e+00
 4.38195190e+00
 6.51430664e+00
 8.24355469e+00
 1.18763977e+01
 1.63420959e+01
 2.28398071e+01
 2.14359070e+01
 2.27240540e+01
 2.01124207e+01
 1.46292053e+01
 7.18264160e+00
 3.70577393e+00
 2.92986450e+00
 1.62554321e+00
 8.34420166e+00
 1.25057922e+01
 1.60897766e+01
 1.83893066e+01
 2.34120728e+01
 2.26175171e+01
 2.22202393e+01
 1.27048584e+01
 8.92681274e+00
 6.11657104e+00
 1.22371826e+00
 7.18825684e+00
 6.98601685e+00
 1.20697571e+01
 1.74687744e+01
 1.84920898e+01
 2.10909363e+01
 2.03550964e+01
 1.84013611e+01
 1.26060425e+01
 7.84130249e+00
 8.38875732e+00
 2.77364502e+00
 6.49352417e+00
 8.43007813e+00
 1.10741821e+01
 1.53423096e+01
 1.86664978e+01
 2.24977051e+01
 2.13762451e+01
 1.54410339e+01
 1.45530029e+01
 1.26320435e+01
 9.32061768e-01
 4.22872314e+00
 1.64501343e+00
 5.74865112e+00
 1.19346863e+01
 2.05256287e+01
 2.00880066e+01
 2.41302734e+01
 2.36814819e+01
 1.91993042e+01
 1.37381836e+01
 1.12199036e+01
 5.56667480e+00
 8.27028809e+00
 2.53911743e+00
 7.41735229e+00
 1.11523682e+01
 1.86439758e+01
 2.22214294e+01
 2.38678223e+01
 2.45060364e+01
 1.91908508e+01
 1.54849182e+01
 1.23419739e+01
 7.58016357e+00
 2.34334717e+00
 7.61116943e+00
 8.37926636e+00
 1.25852295e+01
 1.46389404e+01
 2.02741333e+01
 2.33257385e+01
 2.34305359e+01
 2.01835266e+01
 1.39810425e+01
 1.31283508e+01
 9.24987183e+00
 6.36025391e+00
 5.71172485e+00
 8.40447388e+00
 1.24296814e+01
 1.60482117e+01
 2.09410645e+01
 2.18743530e+01
 2.41009155e+01
 2.18053223e+01
 1.28590637e+01
 8.34822998e+00
 5.36760864e+00
 6.12996826e+00
 1.91796265e+00
 8.55022583e+00
 1.21897827e+01
 1.64978882e+01
 2.01124817e+01
 2.25671021e+01
 2.14829956e+01
 1.92867981e+01
 1.74591003e+01
 7.76647339e+00
 1.01021057e+01
 8.11766968e+00
 7.75310669e+00
 1.04708496e+01
 1.21945740e+01
 1.57694031e+01
 1.79218079e+01
 2.17018677e+01
 2.47100464e+01
 1.94740540e+01
 1.46476074e+01
 6.45519409e+00
 8.83342896e+00
 2.84563599e+00
 6.05263672e+00
 8.10494385e+00
 1.21250854e+01
 1.56958252e+01
 1.90999390e+01
 2.12841736e+01
 2.36257263e+01
 1.86775757e+01
 1.49854370e+01
 8.81319580e+00
 5.74932251e+00
 4.98571167e+00
 2.07039795e+00
 8.16243896e+00
 1.28507935e+01
 1.56943604e+01
 1.83529602e+01
 2.31218506e+01
 2.24121643e+01
 2.11751343e+01
 1.63280579e+01
 7.82845459e+00
 6.67879639e+00
 4.93728027e+00
 7.81951294e+00
 1.00262695e+01
 1.10639282e+01
 1.54128357e+01
 2.09700256e+01
 2.43708435e+01
 2.25629211e+01
 2.05018860e+01
 1.65913025e+01
 8.97521362e+00
 9.27816162e+00
 1.17342529e+00
 6.63250122e+00
 1.07997070e+01
 1.44109131e+01
 1.63940979e+01
 2.20976501e+01
 2.34939209e+01
 2.19401489e+01
 1.82672974e+01
 1.21602417e+01
 1.08555847e+01
 4.70147095e+00
 5.68071899e+00
 4.36156616e+00
 8.02608643e+00
 1.16804138e+01
 1.61165100e+01
 1.82551514e+01
 2.36603027e+01
 2.11622253e+01
 2.18171631e+01
 1.89519287e+01
 8.15337524e+00
 6.92144165e+00
 4.31945190e+00
 8.33605347e+00
 1.08266846e+01
 1.14110962e+01
 1.57558228e+01
 2.01828247e+01
 2.06611267e+01
 2.08282410e+01
 1.67057129e+01
 1.37909485e+01
 1.20063416e+01
 6.85701904e+00
 4.62526855e+00
 2.38036499e+00
 8.78817139e+00
 1.12921692e+01
 1.47097412e+01
 1.92105042e+01
 2.09485107e+01
 2.28364197e+01
 2.04860474e+01
 1.48808838e+01
 9.19234619e+00
 8.08529053e+00
 5.62706909e+00
 5.69588623e+00
 7.40316162e+00
 1.09244019e+01
 1.49067322e+01
 2.05188843e+01
 2.28948303e+01
 2.07394958e+01
 1.91986023e+01
 1.55140930e+01
 8.63781128e+00
 4.86382446e+00
 8.23925171e+00
 6.09508667e+00
 7.98192749e+00
 1.43028809e+01
 1.64510437e+01
 2.12730957e+01
 2.26542603e+01
 2.22109924e+01
 1.68918396e+01
 1.26802307e+01
 7.08623657e+00
 4.37212524e+00
 7.42946777e+00
 6.05559692e+00
 7.09676514e+00
 1.21044556e+01
 1.72827087e+01
 1.85670715e+01
 2.33323608e+01
 2.18025452e+01
 1.90141846e+01
 1.30104614e+01
 1.07004028e+01
 4.51711426e+00
 4.88671265e+00
 5.83849487e+00
 8.23809204e+00
 1.11015259e+01
 1.52929932e+01
 2.04329468e+01
 2.18258606e+01
 2.40877319e+01
 1.82481323e+01
 1.66051575e+01
 1.25423828e+01
 8.33089600e+00
 5.14513550e+00
 7.13005981e+00
 8.85515747e+00
 1.11576782e+01
 1.55117432e+01
 2.35644470e+01
 2.20405823e+01
 2.30593811e+01
 1.81043030e+01
 1.42611633e+01
 6.55101929e+00
 5.95156250e+00
 6.79680786e+00
 6.06008301e+00
 1.00746704e+01
 1.16422363e+01
 1.46119934e+01
 1.79823853e+01
 2.24525391e+01
 2.20024658e+01
 1.89989563e+01
 1.38005005e+01
 8.27120361e+00
 4.60219727e+00
 4.80889282e+00
 5.43468628e+00
 8.68871460e+00
 1.25411316e+01
 1.55655762e+01
 1.98323303e+01
 2.07903687e+01
 2.09058472e+01
 1.72990051e+01
 1.78254028e+01
 7.58675537e+00
 7.17092285e+00
 6.07424316e+00
 8.02910767e+00
 1.03696838e+01
 1.37388550e+01
 1.74895874e+01
 2.21750122e+01
 2.01309448e+01
 2.10364929e+01
 1.99496094e+01
 1.27630554e+01
 1.15071350e+01
 8.26802979e+00
 4.76769409e+00
 7.02440796e+00
 9.68483887e+00
 1.30421387e+01
 1.68863159e+01
 2.00916992e+01
 2.41467834e+01
 2.08871399e+01
 1.93254944e+01
 1.55567566e+01
 1.29967896e+01
 5.54396973e+00
 4.87648926e+00
 9.25228271e+00
 1.11740051e+01
 1.50219055e+01
 1.85921570e+01
 2.35106445e+01
 2.58833862e+01
 2.52480713e+01
 2.26322266e+01
 1.44171387e+01
 9.43459473e+00
 9.86364136e+00
 4.67394409e+00
 4.32143555e+00
 1.01528259e+01
 1.48094421e+01
 1.58983704e+01
 2.24753357e+01
 2.45677124e+01
 2.32829834e+01
 1.69244019e+01
 1.57047668e+01
 1.16636292e+01
 9.85317383e+00
 6.04262695e+00
 5.86684570e+00
 6.69118652e+00
 1.38939758e+01
 1.56729065e+01
 2.01760803e+01
 2.30849243e+01
 2.18400513e+01
 1.77684875e+01
 1.40996948e+01
 8.42269287e+00
 6.84237061e+00
 5.72954712e+00
 9.72701416e+00
 9.78017578e+00
 1.24392639e+01
 1.78507324e+01
 2.36221252e+01
 2.36804749e+01
 2.09970947e+01
 1.63535706e+01
 1.47918945e+01
 1.36620422e+01
 7.73787842e+00
 9.54839478e+00
 8.14925537e+00
 9.68273315e+00
 1.20032593e+01
 1.70635010e+01
 2.00323730e+01
 2.42898193e+01
 2.30844971e+01
 1.97977844e+01
 1.27275940e+01
 6.98259888e+00
 3.09478149e+00
 1.67644653e+00
 3.15007935e+00
 7.23012695e+00
 1.29474731e+01
 1.58094421e+01
 1.99336182e+01
 2.29396301e+01
 2.29952942e+01
 2.10198914e+01
 1.28111511e+01
 7.60402832e+00
 7.69952393e-01
 5.85784302e+00
 9.22005615e+00
 8.50194702e+00
 1.21454712e+01
 1.55717712e+01
 1.94339539e+01
 2.19181152e+01
 2.19523560e+01
 1.69649292e+01
 1.44433533e+01
 1.01337219e+01
 4.34700928e+00
 4.39782715e-01
 6.28740845e+00
 1.07215820e+01
 1.01508728e+01
 1.63456665e+01
 1.84697205e+01
 2.29207092e+01
 2.35845276e+01
 2.12539612e+01
 1.62250610e+01
 9.49706421e+00
 8.27956543e+00
 7.23894653e+00
 7.29268799e+00
 8.38863525e+00
 1.34530884e+01
 1.64019104e+01
 2.37959229e+01
 2.52139221e+01
 2.38226868e+01
 1.92677246e+01
 1.53223816e+01
 5.23186646e+00
 8.67455444e+00
 3.62145386e+00
 6.63335571e+00
 8.38530884e+00
 1.30705505e+01
 1.59412476e+01
 2.42254578e+01
 2.49180542e+01
 2.63134705e+01
 1.98840271e+01
 1.53143555e+01
 1.13335510e+01
 5.14635620e+00
 2.72701416e+00
 5.85662231e+00
 9.92623291e+00
 1.36291443e+01
 2.00603577e+01
 2.04580627e+01
 2.39903503e+01
 2.69380737e+01
 2.00092712e+01
 1.61190430e+01
 6.75567017e+00
 4.60027466e+00
 2.90511475e+00
 5.72927246e+00
 7.96953735e+00
 1.19083496e+01
 1.52700134e+01
 1.95909973e+01
 2.27225586e+01
 2.14470154e+01
 2.14198242e+01
 1.74474731e+01
 8.34758911e+00
 7.18453369e+00
 5.64922485e+00
 9.23931274e+00
 9.55669556e+00
 1.30786377e+01
 1.62906128e+01
 2.03963867e+01
 2.28839050e+01
 2.57350098e+01
 1.89344116e+01
 1.63637634e+01
 1.11717773e+01
 9.89589844e+00
 3.84667358e+00
 5.98183594e+00
 8.46227417e+00
 1.30865417e+01
 1.45799500e+01
 1.96472107e+01
 2.15350586e+01
 2.10647827e+01
 1.87066895e+01
 9.56505737e+00
 1.00665222e+01
 8.03630981e+00
 4.71804199e+00
 6.88277588e+00
 9.91826782e+00
 1.29384705e+01
 1.99895264e+01
 2.06660400e+01
 2.21698853e+01
 2.05005737e+01
 1.80292297e+01
 1.41694885e+01
 1.15269714e+01
 8.40633545e+00
 8.60927734e+00
 8.05050049e+00
 9.60546265e+00
 1.23634888e+01
 1.66188599e+01
 2.11737610e+01
 2.43856140e+01
 2.56447083e+01
 2.21924377e+01
 1.52856995e+01
 1.12242371e+01
 6.49944458e+00
 5.09090576e+00
 7.93941650e+00
 1.03417908e+01
 1.24236389e+01
 1.74584595e+01
 2.13953186e+01
 2.54943176e+01
 2.27694031e+01
 2.12606750e+01
 1.61297241e+01
 1.18623291e+01
 6.45681152e+00
 8.97493896e+00
 5.84630737e+00
 1.10474792e+01
 1.52357117e+01
 1.86203857e+01
 2.21525818e+01
 2.36873718e+01
 2.31947266e+01
 2.08406311e+01
 1.71585938e+01
 1.29338928e+01
 8.10134277e+00
 7.22231445e+00
 3.96282349e+00
 1.08428589e+01
 1.30932556e+01
 1.56379944e+01
 2.03575378e+01
 2.26223999e+01
 2.16786743e+01
 1.68985535e+01
 1.91708008e+01
 1.12065063e+01
 7.26409302e+00
 8.51970825e+00
 7.57772217e+00
 1.01919800e+01
 1.09848877e+01
 1.60732971e+01
 2.22554871e+01
 2.38489014e+01
 2.34407288e+01
 2.11773010e+01
 1.75785461e+01
 9.69100342e+00
 6.71734009e+00
 3.77245483e+00
 8.13292847e+00
 9.54320679e+00
 1.19220825e+01
 1.51025635e+01
 2.24802490e+01
 2.69907166e+01
 2.43319336e+01
 1.85984436e+01
 1.36155945e+01
 9.53225098e+00
 8.03075562e+00
 4.07604370e+00
 2.95028076e+00
 4.74276123e+00
 1.08054138e+01
 1.81791931e+01
 2.14161926e+01
 2.30656372e+01
 2.61070190e+01
 2.29886108e+01
 1.74284912e+01
 9.93648682e+00
 7.14684448e+00
 4.77678833e+00
 7.66655884e+00
 1.14017273e+01
 1.23745361e+01
 1.87223145e+01
 2.15397888e+01
 2.59424988e+01
 2.45042664e+01
 2.05480896e+01
 1.80788818e+01
 1.00614258e+01
 3.63637695e+00
 7.18804321e+00
 7.76836548e+00
 8.84011230e+00
 1.30275818e+01
 1.66093689e+01
 1.99990173e+01
 2.25195862e+01
 2.14257141e+01
 1.72997070e+01
 1.28721252e+01
 1.16970459e+01
 3.23656616e+00
 4.09621582e+00
 7.52837524e+00
 1.01418091e+01
 1.12909180e+01
 1.63992859e+01
 1.95305420e+01
 2.25084167e+01
 2.12906433e+01
 1.87909180e+01
 1.27261597e+01
 8.99935303e+00
 9.36151123e-01
 4.49971924e+00
 6.03472290e+00
 1.02800232e+01
 1.25085999e+01
 1.45836731e+01
 2.19010254e+01
 2.33087402e+01
 2.27633301e+01
 1.65027710e+01
 1.62145630e+01
 1.38786865e+01
 8.35949097e+00
 5.21407471e+00
 6.51479492e+00
 9.78121338e+00
 1.39992004e+01
 1.94576355e+01
 2.31772705e+01
 2.08109985e+01
 2.38546387e+01
 2.02040649e+01
 1.49599243e+01
 9.09731445e+00
 7.59514771e+00
 8.63930664e+00
 5.33373413e+00
 9.96389160e+00
 1.25477234e+01
 1.78761841e+01
 2.42500549e+01
 2.55666138e+01
 2.39616638e+01
 1.84772583e+01
 1.16374451e+01
 1.16009460e+01
 4.17955933e+00
 2.99840698e+00
 6.93721924e+00
 1.18752380e+01
 1.11946350e+01
 1.78280273e+01
 2.07762695e+01
 2.50791565e+01
 2.37488647e+01
 1.61374146e+01
 1.32002502e+01
 8.23482666e+00
 8.02364502e+00
 6.81762085e+00
 2.39220581e+00
 8.38759766e+00
 1.43307739e+01
 1.81371094e+01
 1.98553711e+01
 2.28100525e+01
 2.36713196e+01
 2.22794434e+01
 1.56439148e+01
 1.24797913e+01
 1.00537659e+01
 5.11391602e+00
 5.82756958e+00
 9.36104736e+00
 1.13962341e+01
 1.66373840e+01
 2.02778564e+01
 2.18450562e+01
 2.11684204e+01
 1.91317993e+01
 1.55666138e+01
 8.22359619e+00
 7.57244263e+00
 2.37374268e+00
 3.46050415e+00
 7.16411743e+00
 1.27312866e+01
 1.85775085e+01
 2.31890198e+01
 2.63557983e+01
 2.68439575e+01
 1.92253052e+01
 1.97490173e+01
 1.03573242e+01
 5.13082275e+00
 6.31417236e+00
 8.83852539e+00
 7.50328979e+00
 1.44596497e+01
 1.92495667e+01
 2.35505310e+01
 2.53012329e+01
 2.44200073e+01
 2.09296204e+01
 1.43093506e+01
 9.23961792e+00
 6.32140503e+00
 4.73687134e+00
 4.03218994e+00
 6.31426392e+00
 1.27896362e+01
 1.56549011e+01
 2.18605591e+01
 2.41972595e+01
 2.45621887e+01
 2.03789001e+01
 1.42151733e+01
 1.04432617e+01
 7.48546753e+00
 6.99712524e+00
 5.32863770e+00
 1.17638794e+01
 1.36990601e+01
 1.79846436e+01
 2.34944092e+01
 2.47560059e+01
 2.79116455e+01
 2.02465759e+01
 1.87939392e+01
 7.42464600e+00
 6.08220825e+00
 5.35836182e+00
 5.02446899e+00
 1.20421082e+01
 1.29480835e+01
 1.54419800e+01
 2.19225098e+01
 2.48478943e+01
 2.56394287e+01
 1.96553284e+01
 1.58280579e+01
 8.35997925e+00
 3.08431396e+00
 4.83977661e+00
 7.91115723e+00
 1.17331482e+01
 1.48590332e+01
 1.76352173e+01
 2.31983582e+01
 2.53479858e+01
 2.41391235e+01
 1.98792358e+01
 1.50391174e+01
 6.55297241e+00
 7.64156494e+00
 4.84349976e+00
 5.48854980e+00
 8.03765259e+00
 1.35310608e+01
 1.53853699e+01
 1.88545166e+01
 2.59041992e+01
 2.31792847e+01
 2.06342407e+01
 1.44943176e+01
 9.59029541e+00
 5.46245728e+00
 8.45781860e+00
 -4.86029053e-01
 1.21107422e+01
 1.26928955e+01
 1.98561340e+01
 2.18162781e+01
 2.72539307e+01
 2.63004089e+01
 1.77849670e+01
 1.70721069e+01
 8.56939087e+00
 9.76247559e+00
 6.55724487e+00
 6.32454834e+00
 9.66201172e+00
 1.32869812e+01
 1.72075745e+01
 2.06661621e+01
 2.14395691e+01
 2.42936951e+01
 2.09182068e+01
 1.31740051e+01
 1.03224426e+01
 9.90416870e+00
 4.67952881e+00
 6.04848633e+00
 6.85256348e+00
 1.21463257e+01
 1.60475098e+01
 1.85336243e+01
 2.24804321e+01
 2.49318481e+01
 2.09924866e+01
 1.76477295e+01
 1.20993591e+01
 6.06884155e+00
 6.78334961e+00
 7.90673218e+00
 1.16838013e+01
 1.36083008e+01
 1.97306763e+01
 2.15871216e+01
 2.54085022e+01
 2.47153564e+01
 2.06830078e+01
 1.64409729e+01
 1.09889160e+01
 4.80645142e+00
 6.20141602e-01
 8.49193726e+00
 1.03772217e+01
 1.31896301e+01
 2.03996521e+01
 2.29572083e+01
 2.49970337e+01
 2.41166626e+01
 1.91171814e+01
 1.77302490e+01
 1.00877625e+01
 5.17635498e+00
 6.53688965e+00
 7.92250977e+00
 1.27970825e+01
 1.58694092e+01
 1.61563354e+01
 2.06606995e+01
 2.65343567e+01
 2.60831543e+01
 2.26372925e+01
 1.92914368e+01
 1.16740051e+01
 8.53283081e+00
 9.02813110e+00
 5.56621704e+00
 1.04814087e+01
 1.46516052e+01
 1.73398071e+01
 2.44483582e+01
 2.75678040e+01
 2.79105469e+01
 2.32772766e+01
 1.55670410e+01
 9.93239746e+00
 6.05126343e+00
 9.29976807e+00
 7.77492676e+00
 9.66674194e+00
 1.15710388e+01
 1.71843201e+01
 2.42705933e+01
 2.48616272e+01
 2.37293640e+01
 1.99335266e+01
 1.58459412e+01
 8.36947021e+00
 7.91781006e+00
 3.65758667e+00
 8.89205322e+00
 8.15249023e+00
 1.41176086e+01
 1.68005920e+01
 2.11291138e+01
 2.52926270e+01
 2.57919556e+01
 2.24839417e+01
 1.58451477e+01
 1.18169495e+01
 5.56707153e+00
 7.21877441e+00
 7.29015503e+00
 8.52633057e+00
 1.59458862e+01
 1.57605225e+01
 2.10829407e+01
 2.37862488e+01
 2.20936218e+01
 2.08497864e+01
 1.85148865e+01
 1.36943298e+01
 3.88421021e+00
 5.97240601e+00
 5.31896362e+00
 1.10497681e+01
 1.35571838e+01
 1.61410461e+01
 2.04028870e+01
 2.61872498e+01
 2.35006958e+01
 2.05258423e+01
 1.78315369e+01
 1.04576965e+01
 8.70205078e+00
 2.85970459e+00
 7.65041504e+00
 8.27660522e+00
 1.19605042e+01
 1.70355469e+01
 2.11475464e+01
 2.15399414e+01
 2.65367065e+01
 2.37268921e+01
 1.70661865e+01
 1.04746643e+01
 6.93933105e-01
 7.67815552e+00
 8.76366577e+00
 9.53917847e+00
 1.35983826e+01
 1.86074463e+01
 2.28399292e+01
 2.46871277e+01
 2.54775024e+01
 2.23833252e+01
 1.76610046e+01
 1.34389893e+01
 5.94872437e+00
 8.10897217e+00
 7.86458740e+00
 9.87917480e+00
 1.29193665e+01
 1.73164001e+01
 2.42357422e+01
 2.70111023e+01
 2.68810669e+01
 1.96583191e+01
 1.59640442e+01
 8.10097656e+00
 4.88326416e+00
 5.34923706e+00
 7.37255249e+00
 8.18990479e+00
 1.29839111e+01
 1.86310364e+01
 2.05452209e+01
 2.43723083e+01
 2.57917725e+01
 1.73057800e+01
 1.58767029e+01
 1.07331177e+01
 6.13527832e+00
 8.21203003e+00
 7.06652222e+00
 1.10021606e+01
 1.30388123e+01
 1.76903625e+01
 2.37701965e+01
 2.57969910e+01
 2.66715332e+01
 2.06059814e+01
 1.69717651e+01
 1.37761780e+01
 9.03441772e+00
 5.65422974e+00
 6.85784302e+00
 1.02269226e+01
 1.20019165e+01
 1.52198730e+01
 2.37372070e+01
 2.68811279e+01
 2.80210205e+01
 2.35034424e+01
 1.52358948e+01
 1.35770508e+01
 6.31154785e+00
 6.65477905e+00
 1.19858643e+01
 1.14852539e+01
 1.46632629e+01
 1.78047119e+01
 2.22196899e+01
 2.81242920e+01
 2.61784302e+01
 2.14640442e+01
 1.63588196e+01
 1.23691956e+01
 1.05703979e+01
 4.18316040e+00
 7.97475586e+00
 1.21907898e+01
 1.20397583e+01
 2.13173767e+01
 2.80223938e+01
 2.65985352e+01
 2.54454895e+01
 2.12859131e+01
 1.69438721e+01
 7.20122681e+00
 7.69481812e+00
 8.42211304e+00
 8.39702759e+00
 1.01431213e+01
 1.35880371e+01
 1.97785278e+01
 2.20697266e+01
 2.82206970e+01
 2.63554321e+01
 2.13746582e+01
 1.58817383e+01
 1.07893616e+01
 6.30166016e+00
 9.67427979e+00
 7.09533081e+00
 9.67650757e+00
 1.42846313e+01
 1.77230469e+01
 1.91415649e+01
 2.35542847e+01
 2.24095093e+01
 2.36221558e+01
 1.68232971e+01
 1.38446899e+01
 5.38079224e+00
 7.51976929e+00
 1.09790588e+01
 1.09109131e+01
 1.75556580e+01
 1.88446289e+01
 2.22295166e+01
 2.72389771e+01
 2.80706726e+01
 2.59693542e+01
 1.51460510e+01
 1.32743164e+01
 7.60329590e+00
 8.82045898e+00
 8.36022339e+00
 1.06947571e+01
 1.57234131e+01
 1.88472229e+01
 2.38325745e+01
 2.56002441e+01
 2.44644409e+01
 2.32546631e+01
 1.67820068e+01
 1.18374268e+01
 1.11634766e+01
 9.37450562e+00
 8.47606812e+00
 9.38668213e+00
 1.47828003e+01
 1.62350708e+01
 2.04168640e+01
 2.41954590e+01
 2.51534973e+01
 1.85976501e+01
 1.83402344e+01
 1.39264771e+01
 1.15825439e+01
 6.38207397e+00
 8.68682251e+00
 9.67025146e+00
 1.41196838e+01
 1.92206360e+01
 2.20550171e+01
 2.28475586e+01
 2.57803284e+01
 1.91788879e+01
 1.69753052e+01
 1.13128906e+01
 9.13359985e+00
 5.36409912e+00
 8.94381104e+00
 9.02587280e+00
 1.25294739e+01
 1.71614624e+01
 2.52177368e+01
 2.72953125e+01
 2.65539490e+01
 2.20840088e+01
 1.49233643e+01
 1.06102539e+01
 1.10512024e+01
 9.26656494e+00
 6.07882080e+00
 1.16150452e+01
 1.32071777e+01
 1.85827576e+01
 2.06357971e+01
 2.45310303e+01
 2.59465576e+01
 2.15378052e+01
 1.87256409e+01
 1.03199707e+01
 6.77947388e+00
 7.01964722e+00
 5.58001099e+00
 6.93187866e+00
 1.42613464e+01
 1.79791504e+01
 2.49408508e+01
 2.53814636e+01
 2.53240906e+01
 2.36788879e+01
 1.58933350e+01
 9.23119507e+00
 3.60561523e+00
 4.62584839e+00
 6.52187500e+00
 9.11797485e+00
 1.22397400e+01
 2.07932068e+01
 2.49885498e+01
 2.72272278e+01
 2.45074097e+01
 2.30100952e+01
 1.88522583e+01
 1.29178406e+01
 3.75002441e+00
 4.51992188e+00
 8.44304810e+00
 6.58410034e+00
 1.95743652e+01
 1.67099548e+01
 2.33152405e+01
 2.41687866e+01
 2.41588379e+01
 2.35332886e+01
 1.46424194e+01
 1.08001648e+01
 1.04452759e+01
 9.11937866e+00
 7.24758301e+00
 1.03442932e+01
 1.55705200e+01
 2.04158569e+01
 2.30150085e+01
 2.66163269e+01
 2.45263611e+01
 2.25492493e+01
 1.90772949e+01
 1.27316223e+01
 8.52117310e+00
 6.38677368e+00
 1.22742249e+01
 1.20218445e+01
 1.55286194e+01
 1.79697815e+01
 2.29265991e+01
 2.66599670e+01
 2.23901001e+01
 2.51335388e+01
 1.74543091e+01
 1.19038330e+01
 6.19649658e+00
 1.06643311e+01
 8.44295654e+00
 1.15159546e+01
 1.70212952e+01
 1.84279724e+01
 2.34399048e+01
 2.78332458e+01
 2.80222107e+01
 2.19193970e+01
 1.35645081e+01
 1.30944153e+01
 7.70107422e+00
