 8.04390310e+01
 2.76635268e+01
 8.85175262e+01
 6.86570327e+01
 4.02915283e+01
 1.34528219e+02
 5.05912668e+01
 2.11140948e+01
 5.32977835e+01
 9.33172645e+00
 5.69914258e+01
 1.62658571e+01
 3.41556187e+01
 3.02437991e+01
 2.74128674e+01
 4.13861336e+01
 2.99539880e+01
 3.31926289e+01
 2.30065793e+01
 6.43394875e+00
 1.20630843e+02
 6.63794238e+01
 5.91498564e+01
 2.66524363e+01
 4.55303210e+01
 4.66454672e+01
 7.09054895e+01
 2.72323249e+01
 9.36244928e+01
 1.88957183e+01
 1.03448375e+02
 2.20261832e+01
 1.86621072e+01
 6.14274934e+01
 6.90708195e+01
 1.86891355e+01
 4.81510279e+01
 2.91466908e+01
 1.60714310e+01
 2.92865462e+01
 1.23163149e+02
 2.06229456e+01
 3.63402273e+01
 1.10443028e+01
 1.35001606e+02
 3.29911689e+01
 6.12425578e+01
 1.77365913e+01
 1.83834358e+01
 1.30141924e+01
 3.87509908e+01
 4.90483676e+01
 6.17440162e+01
 4.86052169e+01
 1.18940993e+01
 2.88393469e+01
 4.22511098e+01
 3.65145906e+01
 9.45138771e+01
 2.20414033e+01
 1.85295416e+01
 4.52316176e+01
 4.29360202e+01
 4.41662888e+01
 5.18806854e+01
 8.32337632e+01
 5.88620713e+00
 2.37460681e+01
 2.74400410e+01
 8.17117192e+01
 5.98923040e+01
 3.66520852e+01
 3.25838883e+01
 3.84445561e+01
 1.81293278e+01
 1.02849802e+01
 5.26882894e+01
 4.52630975e+01
 6.89123473e+01
 8.78624981e+01
 1.11216610e+02
 6.47457900e+01
 3.79436498e+01
 7.71739705e+01
 3.19299735e+01
 1.70560377e+01
 5.62999719e+01
 2.67391782e+01
 6.44610032e+01
 3.49916005e+00
 1.85115920e+01
 1.62438090e+01
 1.04880275e+01
 4.12233434e+01
 5.20013729e+01
 5.38909818e+01
 2.26591218e+01
 4.45904957e+01
 1.21627053e+02
 8.93902533e+01
 4.56336703e+01
 3.24436325e+01
 1.88686559e+01
 1.89939754e+01
 5.60349065e+01
 2.26821492e+01
 1.37833311e+01
 2.84541900e+01
 4.30091584e+01
 1.78785603e+01
 4.57734182e+01
 4.06710226e+01
 1.67971472e+02
 6.64155646e+01
 3.23148332e+01
 2.63112174e+01
 3.36190679e+01
 4.51177226e+01
 2.36091762e+01
 1.03174202e+01
 8.01797844e+00
 5.50858226e+00
 2.90474682e+01
 5.21225390e+01
 9.39636801e+01
 1.53807901e+01
 1.93567066e+01
 1.39221504e+01
 5.74176078e+01
 5.98301461e+01
 2.84569240e+00
 2.77598864e+01
 2.28394631e+01
 9.46789508e+00
 4.44083232e+01
 5.12255680e+01
 3.12855589e+01
 1.42741409e+02
 6.68072812e+01
 2.77492046e+01
 3.98076211e+01
 3.99623724e+01
 4.27914990e+01
 4.04001637e+01
 4.04108407e+01
 1.62982102e+01
 5.23245570e+01
 5.61684585e+01
 8.54575322e+01
 2.92184972e+01
 3.38798768e+01
 6.91490233e+01
 5.49187199e+01
 2.88504575e+01
 5.96322863e+01
 1.41690259e+01
 1.36130341e+01
 5.11611978e+01
 5.14136816e+01
 3.58379143e+01
 7.82971473e+01
 1.15172071e+02
 1.96505991e+01
 2.50356133e+01
 1.28990710e+02
 1.79797592e+01
 3.58749280e+01
 3.53279465e+01
 5.67664543e+01
 9.24641950e+01
 4.78864695e+01
 3.82977258e+01
 2.33151146e+01
 4.24852195e+01
 7.15348764e+01
 5.86413047e+01
 1.95128364e+01
 7.62917083e+01
 4.37076075e+01
 3.86907974e+01
 9.23114646e+01
 4.64127688e+01
 4.37752969e+01
 3.37864912e+01
 2.93642225e+01
 1.22974467e+02
 6.45119203e+01
 8.13401722e+01
 7.10888523e+01
 5.71826872e+01
 2.90064906e+01
 3.19235936e+01
 1.78996078e+01
 3.03972071e+01
 9.38029730e+01
 8.77644700e+01
 1.03331321e+02
 3.83281010e+01
 3.03474516e+01
 1.71680799e+01
 9.53652794e+01
 8.77666759e+01
 4.88701568e+01
 5.02815501e+00
 2.32811593e+01
 1.90318112e+01
 5.42180281e+01
 4.85841558e+01
 1.04672928e+02
 1.55716925e+02
 2.82724919e+01
 2.09669658e+01
 8.74002124e+01
 4.11906378e+01
 3.22601293e+01
 7.21633960e+01
 8.16724169e+01
 1.99488995e+01
 4.53111110e+01
 7.01015500e+01
 1.28961002e+02
 6.65657741e+01
 6.84313610e+01
 2.27296072e+01
 3.25157787e+01
 2.37232843e+01
 1.12124458e+02
 9.27563289e+00
 3.69918450e+01
 3.87180427e+01
 7.45105802e+01
 6.15850235e+01
 5.35910626e+01
 9.30700576e+01
 2.90295880e+01
 3.76874007e+01
 5.31422085e+01
 7.67307859e+01
 4.45679397e+01
 8.57853520e+00
 4.21692721e+00
 2.73286884e+01
 1.19453818e+01
 6.51912247e+01
 5.05724123e+01
 9.03991117e+01
 8.89435030e+01
 1.90261268e+01
 6.59821217e+01
 2.58615360e+01
 6.18635563e+01
 4.09701806e+01
 4.75498303e+01
 3.89480260e+01
 6.63611685e+01
 6.05878296e+01
 8.27371933e+01
 1.92364621e+02
 3.00755756e+01
 4.52211012e+01
 8.38850591e+01
 2.09774868e+01
 2.91619948e+01
 5.44879700e+01
 1.51472137e+01
 2.02334578e+01
 7.12689588e+01
 2.66286416e+01
 1.13136349e+02
 1.03045882e+02
 5.00912993e+01
 2.13709383e+01
 5.09167897e+01
 6.63577581e+01
 3.86457432e+01
 3.52972506e+01
 2.04541313e+01
 4.52725950e+01
 6.24014852e+01
 3.59705068e+01
 5.21664514e+01
 2.05896826e+01
 2.51853098e+01
 4.41264255e+01
 4.68019159e+01
 2.30222281e+01
 7.00245287e+01
 8.70937092e+01
 2.83737341e+01
 2.12920704e+01
 1.66407878e+01
 6.01089264e+01
 3.01036480e+01
 2.36109372e+01
 2.50293285e+01
 5.51524887e+01
 7.54040918e+01
 5.91045084e+01
 1.31604491e+01
 6.49786269e+01
 3.78851502e+00
 4.25535662e+01
 7.10288968e+01
 5.10128400e+01
 9.11048210e+01
 1.29752983e+02
 1.25822423e+01
 6.05599689e+01
 5.59362159e+01
 6.17679133e+01
 5.71190135e+01
 8.35205981e+01
 2.57073110e+01
 1.59034788e+01
 3.31366073e+01
 6.66806083e+01
 5.30312330e+01
 6.03786424e+01
 7.47734284e+01
 5.07149323e+01
 7.33660635e+01
 6.33909944e+01
 4.76851291e+01
 5.89096096e+01
 3.40350859e+01
 4.63606405e+01
 5.65633707e+01
 2.98077484e+01
 3.05192280e+01
 8.73410791e+01
 4.00371889e+01
 1.90204887e+01
 9.86681997e+01
 5.22864435e+01
 5.67369834e+00
 5.41664874e+01
 5.97608056e+00
 9.11400089e+00
 4.36042855e+01
 3.18773448e+01
 3.99999548e+01
 6.58131567e+01
 7.35592966e+01
 2.77570265e+01
 2.68285618e+01
 2.19439783e+01
 5.78881233e+01
 3.82566381e+01
 4.16378516e+01
 2.76072488e+01
 2.94219238e+01
 6.57074410e+01
 1.59799547e+01
 1.63572836e+01
 3.76041532e+01
 2.32668552e+01
 3.55191971e+01
 3.32152338e+01
 5.71278774e+01
 3.67740504e+01
 5.54337628e+01
 4.64763648e+01
 5.50713654e+01
 3.34734059e+01
 7.78869119e+01
 5.16080955e+01
 8.11137079e+01
 3.75316270e+00
 3.85414207e+01
 8.05300007e+01
 6.56053746e+01
 8.35728745e+01
 9.24894186e+01
 2.99936813e+01
 2.19029002e+01
 2.60768237e+01
 1.19690021e+02
 7.03119159e+01
 1.14863096e+01
 1.44390006e+01
 4.18119526e+01
 4.72748897e+01
 5.43716310e+01
 2.03447541e+01
 3.61384079e+01
 6.11832422e+01
 3.21811217e+01
 4.45475528e+01
 1.33586773e+02
 1.23876167e+02
 6.77623210e+01
 3.51943641e+01
 4.87575952e+01
 3.72875743e+01
 8.23764580e+01
 1.82676410e+01
 2.55937402e+01
 2.49506740e+01
 4.67503040e+01
 8.85138059e+01
 6.31519311e+01
 1.84664409e+01
 6.24647248e+00
 4.91556060e+01
 1.79652744e+01
 6.54064356e+01
 5.43494431e+01
 4.03675190e+01
 2.61206961e+01
 6.79913557e+01
 4.17333570e+01
 4.22841513e+01
 9.68875315e+01
 4.99732079e+01
 4.10055025e+01
 5.11574495e+01
 4.63901659e+01
 6.89665920e+01
 4.30023505e+01
 3.92298870e+01
 5.82430300e+01
 5.21466852e+01
 1.01798166e+01
 2.45451482e+01
 1.31537647e+02
 1.72335165e+01
 2.53315472e+01
 3.35843472e+01
 5.16711940e+01
 4.27255019e+01
 7.12055205e+01
 1.11280348e+02
 5.27132680e+01
 4.24289353e+01
 3.41918687e+01
 4.46099628e+01
 1.91547340e+02
 9.51204576e+01
 9.09072914e+01
 4.81078426e+01
 1.32505873e+02
 1.67698295e+01
 6.20729132e+01
 4.69690316e+01
 3.41161313e+01
 5.60642604e+01
 3.95231170e+01
 6.43126839e+01
 7.17673527e+01
 4.55941203e+01
 3.64227294e+01
 5.53547734e+01
 4.25853718e+01
 5.80966513e+01
 4.65125721e+01
 3.79875440e+01
 3.33775828e+01
 6.45410871e+01
 3.52309941e+01
 5.95928186e+01
 7.66257703e+01
 6.07378646e+01
 7.16426397e+01
 5.30627645e+01
 7.47439038e+01
 4.49196084e+01
 5.36816500e+01
 4.95729789e+01
 3.54481553e+01
 1.37390669e+01
 3.01719799e+01
 8.88049708e+00
 1.69328124e+02
 5.03332458e+01
 3.16418883e+01
 6.48425378e+00
 2.13060288e+01
 1.20414124e+02
 2.46843250e+01
 5.46689397e+01
 5.85555286e+01
 1.29913066e+01
 1.11000017e+01
 2.45391864e+01
 3.18653003e+01
 3.64924917e+01
 7.55431528e+01
 1.87416933e+02
 5.92567980e+01
 7.66291320e+01
 6.88510005e+01
 1.86832380e+01
 1.62173103e+01
 5.56576367e+01
 3.69636314e+01
 2.65454957e+01
 3.86173621e+01
 2.93713541e+01
 1.56791939e+01
 5.48158982e+01
 2.17224818e+01
 3.30592427e+01
 1.04879863e+02
 3.07156394e+01
 1.19929031e+01
 2.04675467e+01
 3.16163543e+01
 9.66005812e+01
 6.22446854e+01
 4.69840447e+01
 7.37184399e+01
 3.36947293e+01
 3.48645278e+01
 6.00197539e+01
 4.81400574e+01
 5.83803809e+01
 2.85775467e+00
 2.48783430e+01
 6.53024626e+01
 2.46080864e+01
 6.26581704e+01
 7.40286561e+01
 4.43197554e+01
 1.66903845e+01
 3.77830088e+01
 1.37616008e+02
 9.46676934e+01
 3.46515255e+01
 3.33465020e+01
 3.43250508e+01
 3.01751321e+01
 4.05898853e+01
 1.41979598e+02
 3.88839265e+01
 6.04875773e+00
 2.76311760e+01
 1.17808891e+02
 2.96318818e+01
 9.07745718e+01
 3.59217655e+01
 4.84695044e+01
 1.96237510e+01
 5.11006325e+01
 4.51909702e+01
 1.88132066e+01
 5.05537014e+01
 1.07989432e+02
 1.88680992e+01
 2.06721188e+01
 2.81570186e+01
 3.80147069e+01
 1.04888701e+01
 2.93411001e+01
 3.45429146e+00
 3.93369123e+01
 3.64151451e+01
 4.11380496e+01
 2.03960213e+02
 6.37925674e+01
 2.69303902e+01
 1.80708439e+01
 6.50102363e+01
 2.61352403e+01
 1.08497424e+02
 2.61299578e+01
 1.24209017e+01
 2.68020646e+01
 2.50315386e+01
 5.01808317e+01
 6.54785365e+01
 5.96963274e+01
 7.05197357e+01
 3.20495183e+01
 1.12077258e+02
 7.80056166e+01
 1.03689071e+02
 7.86750815e+01
 2.85133094e+01
 3.86658846e+01
 4.49473554e+01
 6.30257030e+01
 6.64719303e+01
 4.40209178e+01
 6.73038579e+01
 9.91901304e+01
 4.48728130e+01
 2.72460568e+01
 7.01604564e+01
 5.32400120e+01
 2.80759702e+01
 4.16043323e+01
 1.03312477e+02
 6.35814840e+01
 6.01272576e+01
 3.42320723e+01
 9.45694976e+00
 1.33028131e+01
 8.68323956e+01
 5.44596190e+01
 9.16872956e+01
 4.79749593e+01
 3.68100875e+01
 5.59503975e+01
 3.10309850e+01
 2.09103363e+01
 2.38355395e+01
 2.18880772e+01
 2.26443475e+01
 1.03601628e+02
 3.94687408e+01
 7.57056847e+01
 3.88146383e+01
 1.85687294e+01
 5.60808415e+01
 9.47948304e+01
 3.47966226e+01
 7.16189375e+01
 1.30045915e+02
 5.29342708e+01
 8.46446032e+01
 3.23659935e+01
 6.53778029e+01
 2.09236946e+01
 3.04358367e+01
 1.05428553e+01
 4.26558646e+01
 4.30889468e+01
 2.91029558e+01
 6.99718084e+01
 4.24606930e+01
 5.92903306e+01
 1.74788757e+01
 2.81467124e+01
 2.62774034e+01
 2.59709312e+01
 3.82509136e+01
 5.01047898e+01
 3.81256651e+01
 6.82866924e+01
 8.77387365e+01
 3.19469158e+01
 4.69157270e+01
 3.70128238e+01
 1.34006986e+01
 1.12488923e+02
 8.28272665e+01
 4.88589403e+01
 6.76106514e+01
 2.76322624e+01
 7.22477429e+01
 2.57896548e+01
 8.75370082e+01
 7.26443629e+01
 2.84116453e+01
 3.31750716e+01
 6.71490555e+01
 6.48942099e+01
 5.30565575e+01
 9.18875146e+01
 2.36453570e+01
 1.73584087e+01
 2.92529695e+01
 3.52129044e+01
 7.47304995e+01
 7.48832575e+01
 9.88249204e+01
 4.12235188e+01
 4.73858004e+01
 8.19099736e+01
 1.50952358e+01
 7.21199647e+01
 8.95126308e+00
 1.55385507e+01
 4.77491696e+01
 6.44390647e+01
 5.82737249e+01
 4.30542437e+01
 1.04848339e+02
 2.00969505e+01
 1.99004039e+01
 7.11815457e+01
 3.97562778e+01
 4.82586210e+01
 8.01590773e+01
 3.06804296e+01
 3.58829155e+01
 4.41593990e+01
 4.29032355e+01
 4.78345586e+01
 9.73133395e+01
 1.16109848e+01
 2.01471185e+01
 7.26303393e+01
 3.44369464e+01
 4.58276077e+01
 1.67086277e+01
 2.20514250e+01
 4.14570190e+01
 3.75181237e+01
 9.66047114e+01
 4.21147552e+01
 5.37591287e+01
 5.22828285e+01
 2.15004307e+01
 3.93766252e+01
 3.89582034e+01
 7.65512454e+01
 4.63545774e+01
 5.25096094e+01
 1.94848426e+01
 4.36576727e+01
 6.07220652e+01
 4.85543841e+01
 4.86409930e+01
 1.01298730e+02
 6.40686821e+01
 4.36807424e+01
 8.44964755e+01
 4.70294390e+01
 5.30045833e+01
 2.02336815e+01
 3.64525271e+01
 6.14823470e+01
 5.28566554e+01
 3.03208847e+01
 9.17711528e+01
 2.24452638e+01
 4.09287542e+01
 3.32850087e+01
 1.02359244e+02
 6.78042584e+01
 1.45891892e+01
 2.30590189e+01
 5.39637558e+00
 6.62318369e+01
 1.04346088e+02
 1.01666809e+02
 4.00156908e+01
 2.68939989e+01
 7.37616787e+01
 2.93434588e+01
 8.19034609e+01
 3.48257979e+01
 3.52770830e+01
 2.58961197e+01
 2.91077816e+01
 2.28482058e+01
 2.62762488e+01
 8.45362601e+01
 7.09561254e+01
 4.12936412e+01
 4.24949646e+01
 6.92157048e+00
 4.07135904e+01
 4.40511199e+01
 5.70366739e+01
 3.36996646e+01
 2.78120656e+01
 1.87327982e+01
 4.65522096e+01
 4.07359699e+01
 1.07269654e+02
 5.66678503e+01
 1.31863923e+01
 2.87493231e+01
 2.88649346e+01
 5.16741596e+01
 8.86858337e+01
 5.68064630e+01
 4.74617158e+01
 1.47263367e+01
 3.23306819e+01
 9.63856492e+01
 9.44239183e+01
 3.94496012e+01
 1.36141705e+01
 2.78712844e+01
 7.93124097e+01
 6.26603657e+01
 8.31857858e+01
 4.74986014e+01
 3.92930076e+01
 2.85747326e+01
 1.17948508e+01
 1.01244086e+02
 4.35352242e+01
 2.22756092e+01
 6.07926304e+01
 2.95150076e+01
 0.00000000e+00
 1.25323334e+02
 6.69008184e+01
 1.87843889e+01
 2.82593368e+01
 6.25946106e+01
 6.91413344e+01
 5.75879921e+01
 4.61898285e+01
 1.88415372e+01
 2.65291898e+01
 1.70858708e+01
 6.59021548e+01
 4.79518324e+01
 7.30208112e+01
 3.62941846e+01
 2.87489385e+01
 6.29466892e+01
 1.74105423e+02
 3.34714172e+01
 9.85269626e+01
 4.59891642e+01
 2.49042867e+01
 4.18957161e+01
 2.22758260e+01
 5.97376531e+01
 6.47066875e+01
 5.50278196e+01
 5.86953364e+01
 8.53445997e+01
 8.44108748e+01
 4.93798585e+01
 4.31577934e+01
 5.37363012e+01
 2.31410655e+01
 4.00111929e+01
 3.45831278e+01
 6.00274071e+01
 2.76777399e+01
 5.67747379e+00
 2.02017060e+01
 4.58337090e+01
 2.80406313e+01
 3.59210371e+01
 6.08513503e+01
 4.68633730e+01
 2.99261276e+01
 5.28300026e+01
 7.18268055e+01
 8.91660542e+01
 6.05653378e+01
 2.82327244e+01
 3.20333743e+01
 3.53201197e+01
 8.69435243e+00
 3.35600336e+01
 3.21371998e+01
 4.81708373e+01
 4.54920223e+01
 4.80595660e+01
 1.03393653e+02
 1.06266142e+02
 4.22440722e+01
 1.47063372e+01
 5.90483731e+00
 4.89791818e+01
 1.11788904e+02
 1.83030902e+02
 3.58330015e+01
 1.78474216e+01
 1.55876140e+01
 7.52720297e+01
 1.69494205e+01
 3.76753742e+01
 5.46130922e+01
 1.69926301e+01
 2.20815288e+01
 7.27484479e+01
 6.14543994e+01
 5.99244482e+01
 6.82804695e+01
 2.83665163e+01
 2.13268980e+01
 1.10538515e+02
 6.69910231e+01
 5.02916611e+01
 2.18417008e+01
 3.62211219e+01
 1.51180876e+01
 2.45869867e+01
 1.92720270e+01
 4.96321881e+01
 1.07043447e+02
 5.00398414e+01
 2.20710444e+01
 2.98219023e+01
 6.72290389e+01
 4.15179128e+01
 2.14007719e+01
 4.84441165e+01
 2.92684130e+01
 1.18442005e+02
 4.09683958e+01
 4.20732021e+01
 1.45239490e+02
 3.58341551e+01
 4.42936903e+01
 8.88894922e+01
 3.09752064e+01
 4.02200170e+01
 3.31360982e+01
 9.77385326e+00
 2.52015355e+01
 2.62005869e+01
 1.98086613e+00
 6.02125577e+01
 5.39924086e+01
 3.82932389e+01
 3.22558773e+01
 2.09513682e+01
 4.83024880e+01
 5.21368909e+01
 2.71396369e+01
 8.40354582e+00
 1.03295832e+01
 1.85529746e+01
 9.87930670e+01
 8.51960238e+01
 1.17136699e+02
 2.47496305e+01
 2.83675369e+01
 4.42703213e+01
 5.88835299e+01
 5.74407340e+01
 5.38758835e+01
 2.40369351e+01
 4.57774731e+01
 2.95475137e+01
 6.66737058e+01
 8.56661602e+01
 1.27658556e+02
 3.07159683e+01
 3.35324363e+01
 7.24816138e+00
 1.52624832e-01
 7.73264939e+01
 4.92959678e+01
 2.19008393e+01
 3.96519695e+01
 4.42362204e+01
 2.56226333e+01
 5.49025317e+01
 6.57320854e+01
 1.67887937e+01
 1.24494552e+01
 4.51265186e+01
 7.11513638e+01
 7.58861020e+01
 1.25440518e+02
 4.91736519e+01
 3.94059728e+01
 2.14106230e+01
 6.61481541e+01
 5.71662735e+01
 2.48985688e+01
 2.04554175e+01
 4.26804458e+01
 4.78213167e+01
 1.08413333e+02
 5.49612806e+01
 5.48406673e+01
 4.15857311e+01
 2.71142895e+01
 2.30033492e+01
 6.66594199e+01
 4.36379899e+01
 4.52893826e+01
 5.66779938e+01
 2.15321449e+01
 5.41436930e+01
 9.66959846e+01
 1.93097644e+02
 2.49430993e+01
 7.06765892e+01
 4.51098866e+01
 9.44810748e+01
 9.39246377e+01
 6.77319589e+01
 1.77630699e+01
 6.59932365e+01
 2.86025638e+01
 4.47548068e+01
 5.06100240e+01
 9.97420567e+01
 5.65406575e+01
 4.25358503e+01
 2.69348019e+01
 3.29292363e+01
 1.35413347e+01
 4.60665604e+01
 5.11881842e+01
 6.80778939e+01
 8.05889029e+01
 2.11132304e+01
 4.41177826e+01
 1.02692733e+02
 2.33551647e+01
 4.09779758e+01
 2.21459697e+01
 2.99839653e+01
 6.84083967e+01
 3.68299954e+01
 7.69268044e+01
 1.01408506e+02
 1.52185663e+01
 6.31969500e+01
 5.76554301e+01
 6.24963040e+01
 4.04142510e+01
 7.84529338e+01
 3.25541777e+01
 6.25458372e+01
 7.41607040e+01
 1.10011782e+02
 1.47671555e+02
 5.50735882e+00
 2.65075729e+01
 3.15594811e+01
 4.84519799e+01
 7.76035179e+00
 4.51957766e+01
 3.32119574e+01
 4.13918520e+01
 4.74344325e+01
 4.51044202e+01
 3.70459605e+01
 1.09857817e+02
 5.89433176e+00
 5.75911784e+01
 3.21793456e+01
 6.63150844e+01
 1.93837776e+01
 5.16681403e+01
 4.00507501e+01
 3.19772305e+01
 2.60311467e+01
 4.26195401e+01
 8.13021853e+01
 5.71910607e+01
 1.45807131e+01
 9.74420177e+00
 3.93802533e+01
 8.79551339e+01
 4.44696734e+01
 3.32303759e+01
 4.29386608e+01
 2.18223878e+01
 2.40294031e+01
 2.58997350e+01
 1.54313964e+01
 5.45303507e+01
 8.82322522e+01
 3.62800315e+01
 2.66863911e+01
 7.56726841e+01
 3.36631963e+01
 9.32361179e+01
 3.98232091e+01
 4.55571841e+01
 5.69404766e+01
 6.04027729e+01
 4.82289893e+01
 2.06673922e+01
 7.93304458e+01
 1.02532623e+01
 9.59770085e+01
 5.87033933e+01
 1.31296606e+02
 5.00404065e+01
 5.21758130e+00
 2.33316050e+01
 6.98123923e+01
 3.65412335e+01
 1.51772056e+01
 7.98093231e+01
 2.65667918e+01
 2.57142511e+01
 5.18931772e+01
 1.01769676e+02
 5.16417358e+01
 6.48516582e+01
 5.04487322e+01
 6.43911049e+01
 2.72799475e+01
 2.87022880e+01
 5.53406544e+01
 6.02640911e+01
 2.40549371e+01
 2.48722168e+01
 3.58951334e+01
 4.48442827e+01
 3.95571038e+01
 5.47998304e+01
 4.87050403e+01
 3.95198489e+01
 2.00463319e+01
 1.84873724e+01
 8.26646105e+01
 6.84442717e+01
 1.27642147e+02
 3.94292972e+01
 1.97866638e+01
 3.68927392e+01
 9.74829104e+00
 5.33916134e+01
 1.05253746e+02
 2.63691001e+01
 4.96777655e+01
 3.15539600e+01
 2.78476113e+01
 9.72066525e+01
 1.00797959e+02
 1.61527529e+01
 4.19900927e+01
 5.16537241e+01
 1.02389051e+02
 5.37498453e+01
 4.30827302e+01
 2.84518234e+01
 1.20901546e+02
 4.88872999e+01
 7.07455034e+01
 5.13283652e+01
 7.66544906e+01
 8.12957482e+00
 1.97053696e+01
 8.52345904e+01
 1.02990134e+02
 6.63073672e+01
 3.81203445e+01
 2.51142604e+01
 4.01024637e+01
 5.04876467e+01
 3.75454653e+01
 2.90975739e+01
 1.71871049e+01
 3.66786521e+01
 2.64079078e+01
 6.23535693e+01
 3.46789926e+01
 2.54410669e+01
 1.48180505e+01
 3.08940960e+01
 4.94116335e+01
 7.36869117e+01
 3.28651917e+01
 3.83377782e+01
 7.54961089e+01
 3.12995269e+01
 4.49025693e+01
 8.13814671e+01
 1.14350098e+02
 4.00008513e+01
 3.48357327e+01
 1.10548328e+01
 4.13621559e+01
 8.08284221e+01
 9.12958709e+01
 2.56155233e+01
 6.22750135e+01
 6.73147955e+01
 6.81102597e+01
 7.78628784e+01
 2.32837711e+01
 1.19630544e+02
 5.53959222e+01
 2.60127895e+01
 1.61716342e+01
 9.02182984e+01
 3.18859283e+01
 3.31849414e+01
 3.79932223e+01
 2.23945830e+01
 8.37536358e+00
 7.74669008e+00
 6.66966245e+01
 5.54033958e+01
 4.74026477e+01
 5.45224531e+01
 3.16789665e+01
 2.54008269e+01
 3.37400046e+01
 9.97634525e+01
 5.79982812e+01
 5.01748440e+01
 4.34960393e+01
 5.24388780e+01
 1.02811820e+02
 3.83418856e+01
 3.43031253e+01
 7.24555257e+01
 1.07506005e+02
 4.52613766e+01
 5.16156058e+01
 2.35663067e+01
 3.77258236e+01
 1.67921724e+01
 2.58348886e+00
 6.80534901e+01
 4.24748092e+01
 2.81634302e+01
