 5.20114542e+01
 5.10695002e+01
 4.52770802e+01
 4.04976257e+01
 3.86711634e+01
 1.33681723e+01
 6.47085803e-11
 2.79062913e+00
 1.01732001e+01
 5.49936670e+01
 1.02869491e+02
 3.71256442e+01
 7.80393659e+01
 5.64635001e+01
 6.06421056e+01
 1.40328842e+01
 2.22322413e+01
 7.39701858e-01
 0.00000000e+00
 4.38628656e-01
 5.95647135e+01
 3.86401532e+01
 7.61572938e+01
 1.55470981e+02
 1.11440549e+02
 4.96973410e+01
 2.21950607e+01
 2.93585062e+01
 1.34397207e+01
 9.81283987e+00
 7.67997852e-02
 8.98609626e-02
 9.20093172e+01
 4.71637793e+01
 2.95622619e+01
 5.36003048e+01
 4.84141831e+01
 5.11061212e+01
 2.43789580e+01
 2.14193401e+01
 3.36469595e+01
 1.28403764e+01
 6.38049824e+00
 3.84071282e+00
 4.01346976e+01
 5.57725799e+01
 5.47221025e+01
 7.10478147e+01
 3.36153063e+01
 6.63524998e+01
 1.36176138e+01
 2.31192144e+01
 6.35486712e+01
 6.12608513e+01
 1.22499342e+01
 1.22984238e+01
 6.99852696e+00
 5.93417349e+01
 1.63393744e+01
 5.07465125e+01
 8.58475733e+01
 3.51439991e+01
 5.18122146e+01
 2.66448889e+01
 6.87500665e+01
 2.28307759e+01
 4.86295051e+01
 3.45564537e+01
 3.31182408e+01
 8.61384890e+01
 9.04355102e+01
 1.54543025e+02
 2.98117578e+01
 3.47557607e+01
 2.38167508e+01
 7.44154929e+01
 4.13908616e+01
 4.09117472e+01
 1.23841548e+01
 5.11405291e+00
 2.16318253e+01
 2.47427537e+01
 1.02771961e+02
 6.89271728e+01
 3.43716545e+01
 3.63320195e+01
 3.03122065e+00
 8.40660693e+00
 3.65739557e+01
 2.11045386e+01
 1.04514557e+01
 6.99920393e+00
 9.86447954e+00
 2.56362970e+01
 4.17424514e+01
 6.44005712e+01
 3.28783631e+01
 3.69650819e+01
 5.57765554e+01
 6.11914869e+01
 2.93490341e+01
 7.76687380e+01
 2.53330868e+01
 2.37805133e+00
 3.44579099e+01
 3.53595072e+01
 9.19613770e+01
 9.64942262e+01
 3.55099369e+01
 5.57347378e+01
 7.77427841e+01
 8.77310891e+01
 4.32098450e+01
 3.80101783e+01
 7.80732174e-01
 2.80996462e+01
 2.90529882e+01
 1.41584963e+01
 6.39841317e+01
 4.27419594e+01
 4.27961505e+01
 4.10224257e+01
 1.21389699e+02
 3.76578727e+01
 4.58557839e+01
 2.65233791e+00
 9.32303422e+00
 1.39091227e+01
 1.19788326e+01
 1.28782483e+02
 2.34628376e+01
 4.93543390e+01
 4.34416685e+01
 4.82037983e+01
 2.99969248e+01
 3.88312266e+01
 8.56966978e+01
 4.95135035e+01
 3.74059537e+01
 1.07547828e+01
 1.88240011e+01
 7.80897130e+01
 6.38926594e+01
 5.38651651e+01
 1.21014045e+01
 7.07790939e+01
 2.42933768e+01
 1.13068445e+01
 8.44962197e+00
 1.64480015e+01
 1.49968656e+00
 1.08600201e+01
 4.99049786e+00
 4.88675404e+01
 2.00910172e+01
 6.99659230e+01
 5.63256618e+01
 1.75915037e+01
 4.86999150e+01
 9.33559336e+00
 3.33960379e+01
 1.65455016e+01
 2.37867693e+00
 1.46297253e+01
 1.35169838e+01
 3.85084367e+01
 3.00293733e+01
 3.62227979e+01
 1.83506145e+01
 2.18182205e+01
 1.12147283e+01
 7.68257516e+01
 1.53313286e+00
 1.37511583e+01
 6.12890137e-01
 1.48335460e-09
 1.94129034e+01
 5.66523428e+01
 8.05954911e+01
 3.70785176e+01
 6.67640521e+01
 3.88370278e+01
 3.13073416e+01
 1.01930625e+01
 2.19017967e+01
 2.09957347e+01
 2.64686549e+00
 0.00000000e+00
 4.13169732e-03
 1.16405741e+02
 6.34645679e+01
 8.07638801e+01
 8.30115930e+01
 1.66440905e+01
 8.45848435e+01
 2.53783914e+01
 4.29483902e+01
 6.41412342e+01
 1.33081393e-01
 1.22794352e+01
 1.74278768e+01
 8.17685460e+01
 7.52191765e+01
 6.95016086e+01
 2.65921431e+01
 4.24714881e+01
 4.50676922e+01
 5.57604710e+01
 1.32796786e+01
 4.32939103e+01
 1.24999606e+01
 3.12874706e+00
 1.18867085e+01
 5.37326083e+01
 1.72614464e+02
 5.75386780e+01
 7.91414227e+01
 4.61715862e+01
 5.06352560e+01
 7.71977321e+01
 6.16256758e+01
 3.86676553e+01
 1.23904360e+01
 3.72192798e-01
 7.20466186e+00
 4.56998805e+01
 3.53283247e+01
 1.31548862e+02
 2.93312294e+01
 3.26350875e+01
 2.73052794e+01
 4.44107758e+01
 5.60082035e+01
 3.22084879e+01
 7.54015523e-01
 0.00000000e+00
 2.34325850e+01
 1.73098789e+01
 2.19169045e+01
 3.28138483e+01
 1.99120053e+01
 1.42021072e+01
 4.34899870e+00
 6.03757286e+01
 7.96860761e+01
 2.87416874e+01
 1.98084160e+00
 7.56033132e+00
 3.14919648e+01
 7.07926544e+01
 4.55550675e+01
 4.77429361e+01
 1.16437306e+01
 4.31472904e+01
 5.81814189e+01
 5.05301838e+01
 5.73666970e+01
 6.65900884e+01
 2.38375712e+01
 7.51454566e+00
 2.10726499e+01
 3.55541989e+01
 6.18456777e+01
 5.83319973e+01
 7.12662353e+01
 4.67467711e+01
 3.08580743e+01
 8.77983130e+01
 3.41929381e+01
 9.25955392e+00
 3.68252811e-01
 2.14080792e+00
 7.90722175e+01
 3.90850406e+01
 3.06056351e+01
 4.30699997e+01
 2.95631552e+01
 3.63581738e+01
 4.57503201e+01
 3.72979221e+01
 1.21404968e+02
 4.37837949e+00
 1.42237705e+00
 1.17709320e+01
 5.54279135e+00
 1.11358670e+02
 3.83886133e+01
 6.12934846e+01
 7.87359569e+01
 3.93615497e+01
 7.17649118e+01
 2.01146125e+01
 3.09144285e+01
 3.82910425e+01
 7.20790133e+00
 1.82147678e+01
 3.88610219e+01
 1.08247847e+01
 4.18885684e+01
 4.16027148e+01
 5.71222795e+01
 3.06210803e+01
 2.24757283e+01
 1.13368296e+01
 1.05952272e+02
 2.93939887e+00
 2.23288819e+01
 1.68967495e+01
 4.15476020e+01
 1.01024409e+02
 3.66286746e+01
 4.70047822e+01
 3.20867173e+01
 6.49051184e+01
 2.77450926e+01
 5.52385969e+01
 3.95137165e+01
 7.83948533e+00
 1.37536212e+00
 4.94253217e-02
 3.66925751e+00
 3.42139948e+01
 6.80384954e+01
 3.34026418e+01
 4.08281064e+01
 4.02964402e+01
 6.28920986e+01
 3.70624451e+01
 2.99896631e+01
 7.13414229e+00
 0.00000000e+00
 0.00000000e+00
 4.02682213e+01
 5.50542452e+01
 8.65825965e+01
 1.22222682e+02
 1.78096711e+01
 5.58191614e+01
 3.79636737e+01
 7.25147602e+01
 3.02656681e+01
 1.41517036e+01
 5.87105843e+01
 6.94296604e+00
 6.36826189e+01
 6.15537995e+01
 6.64037399e+01
 6.79242072e+01
 1.36919980e+01
 2.28543775e+01
 2.92841076e+01
 7.33978697e+01
 3.21441409e+01
 6.37338655e+00
 1.37993844e+00
 1.90828598e+01
 2.38799672e+01
 6.27221395e+01
 3.90912418e+01
 7.39496787e+01
 9.36855485e+01
 5.99171570e+01
 1.76645542e+01
 4.68344010e+01
 9.91899713e+01
 1.00363748e+01
 1.22611918e+00
 1.23935480e+01
 7.55230119e-01
 3.74076369e+01
 1.08112164e+02
 6.54243596e+01
 5.80518827e+01
 2.43458716e+01
 7.46000249e+01
 7.05791378e+01
 6.84864582e+01
 5.83928024e+01
 9.18353551e+01
 1.15722148e+01
 7.22166091e+01
 6.80206335e+01
 3.27301286e+01
 1.19225507e+02
 2.36741820e+01
 4.28162716e+01
 1.61924571e+01
 1.06114438e+02
 2.15987863e+01
 5.61232104e+01
 1.28833774e-02
 7.19370940e-01
 3.87924855e+00
 3.50783409e+00
 6.58573723e+01
 2.81762654e+01
 5.88459523e+01
 5.25568777e+01
 4.66397344e+01
 8.58930352e+01
 5.94938138e+01
 1.08460835e+02
 5.05986917e+01
 8.87177122e-01
 2.14029773e+01
 5.56167057e+01
 4.61685175e+01
 1.18138772e+02
 9.34298279e+01
 1.75315414e+01
 7.23252774e+01
 6.39182373e+01
 1.82012298e+01
 2.59114249e+00
 5.94683102e+00
 7.41819584e-01
 3.72163274e+01
 4.13262591e+01
 1.14638966e+02
 3.77232366e+01
 1.07286605e+01
 3.43399575e+01
 9.02243274e+01
 1.64548946e+01
 4.37251545e+01
 1.29815671e+02
 7.52652830e+00
 1.88468062e+01
 3.29824129e-01
 4.15712808e+01
 9.42336376e+01
 4.79245636e+01
 3.47254554e+01
 6.84463233e+01
 6.43757972e+01
 2.68620346e+01
 9.79746751e+01
 1.13546799e+01
 6.03680989e-01
 8.56164648e+00
 2.99851907e+01
 6.56635495e+01
 3.18737969e+01
 5.76535690e+01
 7.41610740e+01
 3.67019034e+01
 4.76122062e+01
 4.19054664e+01
 1.09639333e+01
 8.94077264e+01
 1.86656502e+01
 1.19941759e+01
 1.21746343e+01
 1.13039211e+02
 8.71154561e+01
 1.06598384e+02
 2.16155532e+01
 3.78117599e+01
 4.52856111e+01
 6.55955159e+01
 4.28810789e+01
 7.93451773e+01
 5.86908002e-06
 2.33212682e-01
 2.32106796e+01
 1.66788416e+01
 3.21390504e+01
 6.59942206e+01
 5.60586139e+01
 6.68765025e+01
 4.11694057e+01
 3.06308759e+01
 1.63731893e+01
 2.80126442e+01
 1.59056131e+01
 1.44186284e+00
 2.55800160e+01
 1.34785231e+02
 7.43961103e+01
 7.47621742e+01
 6.83586321e+01
 8.41731881e+01
 8.52277111e+01
 3.72135339e+01
 7.06951076e+01
 2.88987452e+01
 1.68578979e+01
 7.77192755e+00
 1.52230310e+01
 4.21409031e+01
 3.30110352e+01
 4.52429764e+01
 3.31149733e+01
 7.50155645e+01
 4.54544009e+01
 4.75199548e+01
 2.38714705e+01
 6.74999733e+01
 8.36390555e+00
 4.28461707e-01
 6.52652521e+01
 4.32259567e+01
 3.77836359e+01
 1.09479776e+01
 8.62617404e+01
 4.04672015e+01
 8.04863867e+01
 4.17850545e+01
 4.67240294e+01
 1.99454306e+01
 2.81016242e+00
 2.94099247e+00
 7.18347051e+00
 2.88028923e+01
 2.30652863e+01
 2.66186492e+01
 7.69302399e+01
 4.72733656e+01
 1.12227549e+01
 4.96906157e+01
 1.00741785e+02
 9.75380207e+00
 4.01980015e+00
 3.91161362e-01
 8.48934319e+00
 1.93345452e+01
 9.83800488e+01
 1.09532496e+02
 9.15020337e+01
 1.09721483e+02
 6.86413824e+01
 5.90194257e+01
 5.07794958e+01
 8.56073076e+01
 1.45796750e-01
 0.00000000e+00
 0.00000000e+00
 8.73961033e+01
 9.53671276e+01
 2.92333148e+01
 7.15907921e+01
 2.06258833e+01
 1.07285545e+01
 1.48097299e+01
 9.85789469e+01
 1.69694064e+01
 1.56627528e+00
 1.35569601e+01
 2.84664173e+01
 2.57948751e+01
 6.79590507e+01
 1.46510054e+02
 2.37956503e+01
 2.17635091e+01
 6.79067753e+01
 6.99284360e+01
 1.38289599e+02
 6.81533013e+01
 3.75720639e+01
 1.81473902e-02
 2.01837766e+01
 2.11452340e+01
 4.81384214e+01
 8.39419368e+01
 4.91103551e+01
 1.00621000e+01
 3.25277582e+01
 7.16344136e+01
 8.35166031e+01
 1.64045089e+02
 3.69257006e+01
 3.76376261e+00
 5.43126286e+00
 4.29209658e+01
 2.01626114e-01
 7.35436624e+01
 1.13909296e+01
 3.52357099e+01
 3.74438455e+01
 7.32406398e+01
 1.53417215e+01
 1.52654503e+01
 4.79564098e-02
 0.00000000e+00
 3.98029393e+01
 3.32939187e+01
 4.79078289e+01
 6.89750936e+01
 6.40513378e+01
 1.53839427e+01
 6.70493797e+01
 3.70750478e+01
 9.11224868e+01
 1.63527244e+01
 3.56663403e+00
 0.00000000e+00
 7.62442056e+00
 4.77131878e+01
 7.44668279e+01
 9.38119277e+01
 5.55951034e+01
 5.91551314e+01
 5.97142356e+00
 4.08674939e+01
 3.32376181e+01
 2.43025459e-03
 5.19440087e-03
 4.18996893e-01
 3.33351293e-01
 2.52543215e+01
 3.40725205e+01
 2.02872112e+01
 3.99038355e+01
 9.16850162e+01
 6.43618535e+01
 7.72229140e+01
 2.46018365e+01
 2.89483380e+01
 2.83415425e+01
 1.68189870e-01
 3.10933715e+01
 2.72501846e+01
 8.33398467e+01
 6.32794211e+01
 4.71789750e+01
 5.71887243e+01
 2.29659738e+01
 2.84973277e+01
 3.53275714e+01
 6.48850443e+01
 1.12305318e+01
 3.99000615e+00
 9.34508430e+00
 9.49324639e+01
 6.97943417e+01
 3.67637267e+01
 5.75463659e+01
 2.75990353e+01
 2.74975034e+01
 6.87323803e+01
 8.20070587e+01
 1.16837284e+01
 1.41831414e-02
 2.40618094e+00
 3.79999065e+00
 7.12936317e+00
 4.34943420e+01
 3.57297997e+01
 4.27122257e+01
 4.11581459e+01
 6.36110471e+01
 1.53488625e+02
 9.99648989e+01
 3.52480366e+00
 3.46337635e+00
 1.52012832e-03
 1.52858442e+01
 1.21642848e+02
 1.73173048e+01
 4.32123297e+01
 6.72355527e+01
 5.54230416e+01
 1.10828033e+02
 1.00532053e+02
 4.90524467e+01
 3.04084731e+01
 1.28624506e+00
 1.64613953e+01
 1.74885341e+01
 5.34683374e+01
 2.75475908e+01
 6.31582403e+01
 7.78824784e+01
 6.72674208e+01
 5.39738298e+01
 2.13297609e+01
 8.22617464e+01
 7.26508912e+01
 2.47050665e+01
 2.55872410e+01
 7.10433731e+01
 8.20215188e+01
 4.77391327e+01
 7.29958130e+01
 1.05992621e+02
 1.33468196e+01
 1.32739004e+01
 3.76896601e+01
 1.04473732e+02
 1.22143143e+01
 0.00000000e+00
 3.73104178e+00
 2.66111248e-01
 3.63072190e+00
 8.51134867e+01
 8.49829818e+01
 4.01537486e+01
 2.16364359e+01
 4.62403050e+01
 2.35653708e+01
 8.43758842e+01
 1.20031799e+01
 4.52670537e+01
 3.42795595e+01
 1.69378183e+01
 3.78473649e+01
 6.66630267e+01
 4.15245841e+00
 6.91292626e+01
 8.34569628e+01
 9.62553237e+01
 6.17444882e+01
 1.09949859e+02
 4.90162361e+01
 1.79242625e+01
 1.11351700e-02
 2.71933757e+01
 6.60314657e+00
 1.27641168e+02
 7.86545997e+01
 4.95634786e+01
 6.13311518e+01
 5.45645332e+01
 4.55170660e+01
 2.88929314e+01
 1.37366164e+02
 1.61599506e+00
 8.86411612e+00
 1.84662547e+01
 9.86211188e+01
 2.83662651e+01
 6.78966172e+01
 2.75207208e+01
 4.72641201e+01
 3.18318420e+01
 8.06446007e+01
 7.76337637e+01
 6.59403308e-01
 6.43793304e-02
 4.58014680e+00
 4.33373453e-04
 6.72779974e+01
 7.77079370e+01
 1.01110769e+02
 3.28060044e+01
 6.38553089e+01
 3.58854741e+01
 3.48955372e+01
 5.07623806e+01
 4.09130438e+01
 1.94692956e+01
 1.99889521e+01
 5.46558592e+01
 5.73679199e+01
 6.40700923e+01
 8.39972630e+01
 4.61309144e+01
 4.01503260e+01
 6.29121176e+01
 2.27060076e+01
 8.96351794e+00
 1.26614973e+01
 0.00000000e+00
 5.09089700e+00
 1.37171185e+01
 1.05572384e+02
 1.03090890e+02
 9.70181298e+01
 4.62661217e+01
 3.14431221e+01
 2.18245076e+01
 2.46164410e+01
 6.29520240e+01
 2.04657842e+01
 8.86361187e+00
 4.57529012e-01
 8.41711450e+01
 6.79238175e+01
 4.98096650e+01
 5.47518243e+00
 5.27053559e+01
 4.64330155e+01
 4.26268686e+01
 3.52827159e+01
 7.07993241e+01
 2.71124600e+01
 1.35884565e+00
 1.76867648e-01
 9.74842997e-01
 1.11587244e+02
 4.62744595e+01
 9.81599078e+01
 5.01168820e+01
 2.96356809e+01
 6.43441585e+01
 3.93962624e+01
 7.60977547e+01
 2.53280088e+01
 4.00911291e+01
 9.79484784e+00
 1.65981485e+01
 3.23429786e+01
 5.60920832e+01
 7.00696816e+01
 6.66559623e+01
 8.07226863e+01
 5.46270651e+01
 5.10460229e+01
 8.39595442e+01
 3.72763801e+01
 1.16952052e-02
 4.82672082e+00
 7.43656031e+00
 1.97334143e+01
 2.33164165e+01
 4.38173665e+01
 4.82808467e+01
 4.57069287e+01
 7.52775421e+01
 4.55024312e+01
 5.30840550e+01
 1.40248325e+01
 9.40796701e-01
 5.77695934e-02
 8.88195985e+00
 5.32722304e+01
 5.88547653e+01
 2.86127998e+01
 3.82666062e+01
 7.16525446e+01
 5.48792339e+01
 3.71030279e+01
 4.24142213e+01
 1.83803389e+00
 8.89003735e-01
 4.73596502e-01
 1.60679846e+00
 1.85832881e+01
 1.98755240e+01
 6.47399680e+01
 1.90204217e+01
 1.24909115e+01
 4.88171203e+01
 6.88887190e+01
 2.46017147e+01
 1.19630426e+01
 6.68173621e-02
 0.00000000e+00
 2.83794478e+00
 9.65846501e+01
 7.21252547e+01
 6.56166518e+01
 7.66029548e+01
 4.98061433e+01
 4.86411053e+01
 3.20166890e+01
 4.46706209e+01
 2.05873464e+01
 4.67103361e+00
 1.79384274e-01
 1.13283488e+01
 8.92209136e+01
 5.98743075e+01
 5.71577134e+01
 2.25255223e+01
 3.22867484e+01
 4.47172573e+00
 1.30101925e+01
 4.19106776e+01
 2.35852674e+01
 6.34507041e-02
 1.29606357e+01
 8.81493691e+01
 6.09708474e+01
 3.65900508e+01
 4.90290173e+01
 6.43240859e+01
 5.92545167e+01
 1.03281559e+02
 8.81050215e+01
 9.60374195e+01
 1.88571680e+02
 3.38755066e+00
 1.02659392e+01
 4.02827314e-02
 2.18945326e+01
 2.57333231e+01
 8.56670274e+01
 6.79165875e+01
 5.40394719e+01
 1.06956406e+02
 4.10089291e+01
 4.53456826e+01
 6.08290586e+01
 9.91376316e-01
 5.73853859e+00
 4.72739826e+01
 9.24912992e+01
 6.80721687e+01
 7.25831221e+01
 8.72950974e+01
 9.01557899e+01
 3.91138876e+01
 6.67213632e+01
 3.05139760e+01
 4.18615761e+01
 2.85891146e+01
 7.52256129e+00
 5.76296427e+01
 1.45712018e+01
 3.17381091e+01
 7.44442433e+01
 7.14089746e+01
 1.22399972e+02
 3.21268795e+01
 3.88161226e+01
 2.60726243e+01
 5.00266410e+01
 0.00000000e+00
 4.30585510e-02
 0.00000000e+00
 1.21749222e+02
 1.03313279e+02
 4.55670606e+01
 8.25956233e+01
 1.02682726e+02
 7.12789025e+01
 7.88970194e+01
 6.24115264e+01
 2.53494943e+01
 2.00313868e-01
 4.55884402e-04
 4.55190132e+01
 1.10542243e+02
 5.12464594e+01
 6.75547308e+01
 7.37751010e+01
 4.64306876e+01
 3.97561804e+01
 7.28527881e+00
 7.20825227e-01
 3.66516741e+00
 0.00000000e+00
 9.59626224e-01
 7.24176543e-01
 6.07865599e+01
 4.51541286e+01
 6.21086207e+01
 3.14514523e+01
 6.64834939e+01
 6.53308419e+01
 2.88691267e+01
 5.14339052e+01
 1.42923196e+01
 1.38006937e+00
 0.00000000e+00
 2.77699794e+01
 5.54969427e+01
 1.23257243e+02
 9.33887766e+01
 6.23930372e+01
 2.90262052e+01
 4.09401400e+01
 5.61110697e+01
 4.19594267e+01
 3.27028910e+01
 4.57126294e-02
 5.88438683e+00
 6.02558367e+00
 5.38746217e+01
 3.88721229e+01
 4.25366103e+01
 8.07741649e+01
 2.12633396e+01
 4.14174285e+01
 5.20964708e+01
 2.03213503e+01
 3.39748642e+00
 3.00248955e-01
 1.64664622e+01
 2.44962155e+01
 2.90169842e+01
 6.67910954e+01
 7.17259847e+01
 4.32105368e+01
 2.40945173e+01
 1.82960397e+01
 3.52046880e+01
 6.22925526e+01
 3.31433284e+01
 9.95585461e-02
 1.12621132e+01
 1.37928987e+01
 6.47125290e+01
 1.18305437e+02
 6.56277209e+01
 4.51118324e+01
 2.78936905e+01
 1.74175606e+01
 4.27893726e+01
 6.78948974e+01
 2.88173155e+01
 5.08621632e-01
 0.00000000e+00
 3.30030224e+01
 4.39070986e+01
 4.34431768e+01
 2.37637851e+01
 6.91697926e+01
 4.32894837e+01
 4.10670941e+01
 8.25210332e+01
 3.65676514e+01
 5.63817193e+01
 2.59132094e+00
 7.65811503e-02
 1.42219072e+01
 6.49549637e+01
 2.32755037e+01
 4.53485863e+01
 1.45198282e+02
 3.34616443e+01
 8.54404023e+01
 7.33394483e+01
 4.95747718e+01
 9.57499957e+00
 2.44893086e-01
 1.29842648e+01
 2.01422414e+01
 3.91633017e+01
 1.43193355e+01
 1.36676052e+01
 6.45163489e+01
 2.89681890e+01
 2.90814819e+01
 1.33513769e+02
 1.01864017e+02
 2.14149695e+01
 7.00934374e-01
 2.90099960e+00
 5.66277056e+01
 1.22120555e+02
 4.68091296e+01
 5.98002809e+00
 8.38938699e+01
 3.96683393e+01
 8.74538558e+01
 5.50472931e+01
 5.25977241e+01
 2.35694306e+00
 1.20802240e-01
 0.00000000e+00
 7.58086859e+00
 7.28371667e+01
 9.78187871e+01
 4.28380252e+01
 6.26871977e+01
 5.95407295e+01
 7.30258878e+01
 6.34567083e+01
 3.02406627e+01
 4.82265585e-01
 1.74062662e+01
 2.67264626e-04
 4.61660110e+00
 4.93687552e+01
 5.72885255e+01
 1.67137640e+01
 7.23806718e+01
 6.04112847e+01
 7.03734009e+01
 2.06301004e+01
 5.57908693e+01
 7.70735131e+00
 1.19363298e-05
 2.59119098e+01
 3.08760042e+01
 9.78278433e+01
 1.52687945e+02
 5.87692137e+01
 9.91108309e+01
 6.24014148e+01
 7.04971736e+01
 7.10185920e+01
 6.83528588e+01
 2.33280527e+01
 0.00000000e+00
 0.00000000e+00
 1.38927692e+01
 1.38177865e+02
 9.48198783e+01
 9.35688938e+01
 4.85344674e+01
 3.83347769e+01
 2.70769467e+01
 5.27104960e+01
 6.52116586e+01
 3.49172607e+01
 1.17223522e+01
 3.94298605e+00
 7.48459271e-04
 3.03216326e+01
 4.36877062e+01
 4.95593276e+01
 1.11498574e+02
 6.67874011e+01
 1.76032428e+01
 3.03801583e+01
 4.49831293e+01
 4.43652401e+01
 1.10849429e-01
 0.00000000e+00
 1.16457788e+01
 6.47807416e+01
 6.74125653e+01
 1.02646871e+01
 5.29200592e+01
 8.57860062e+01
 2.19500123e+01
 8.14788693e+01
 4.58913835e+01
 4.42686994e+01
 1.18179051e-02
 3.75302793e+01
 8.94633189e+00
 4.94905158e+01
 8.15404732e+01
 3.88462429e+01
 5.51426132e+01
 7.70308787e+01
 5.30612005e+01
 7.45326562e+01
 8.49357138e+01
 1.28195282e+02
 1.55740334e+01
 2.38506630e-03
 7.96615134e+00
 2.21990143e+01
 7.33942817e+01
 8.74704887e+01
 4.93038214e+01
 1.02828075e+02
 3.71368839e+01
 1.06524687e+01
 5.99387133e+01
 7.62755356e+00
 7.02806307e-03
 3.73716281e+00
 2.10490263e+01
 9.18907398e+01
 4.24539178e+01
 1.11336327e+02
 3.86067533e+01
 3.07487035e+01
 6.46001227e+01
 5.21973821e+01
 6.77857212e+01
 1.73866351e+01
 7.97434315e+00
 0.00000000e+00
 3.44956787e-01
 6.19994104e+01
 5.87608979e+01
 6.56836903e+01
 5.17025852e+01
 5.81754747e+01
 3.60902873e+01
 7.00019400e+01
 8.42370242e+00
 1.84924326e+01
 3.26294060e+00
 0.00000000e+00
 1.81443704e+01
 5.88243987e+00
 4.10347003e+01
 2.97279939e+01
 1.02638369e+02
 7.26068017e+01
 6.59382026e+01
 7.42893149e+01
 2.04399758e+01
 1.13668029e+01
 2.64484611e+01
 7.46076411e-02
 4.12625110e+01
 5.23613502e+01
 6.19719641e+01
 3.57278850e+01
 1.00432853e+02
 8.66991450e+01
 9.14019729e+01
 7.86920238e+01
 6.92758069e+01
 4.55815324e+00
 1.07276750e-08
 2.93362486e-01
 1.29991418e+00
 1.56721685e+01
 6.15843493e+01
 5.03788192e+01
