 6.58471680e-01
 -6.04736938e+00
 4.29570923e+00
 7.78811035e+00
 1.16560303e+01
 1.62411133e+01
 1.78895203e+01
 1.85142761e+01
 1.34343201e+01
 8.46636353e+00
 5.97170410e+00
 1.78493652e+00
 3.20644531e+00
 7.35620117e-01
 2.32113037e+00
 7.73320923e+00
 1.34709717e+01
 1.65703979e+01
 1.84147278e+01
 1.59361816e+01
 1.47327515e+01
 7.28389893e+00
 5.60265503e+00
 1.45491943e+00
 -2.59741211e-01
 -1.40772095e+00
 2.42144165e+00
 9.62096558e+00
 1.26083923e+01
 1.57411133e+01
 1.75220276e+01
 1.95465942e+01
 1.21980835e+01
 6.73497925e+00
 7.17568359e+00
 9.08593750e-01
 2.65072021e+00
 1.60180664e-01
 5.44506226e+00
 7.70681152e+00
 1.17687927e+01
 1.65962463e+01
 1.82833496e+01
 1.98649231e+01
 1.51699463e+01
 9.97548828e+00
 5.33477173e+00
 3.27037964e+00
 -4.58811035e+00
 1.07366333e+00
 1.46816406e+00
 7.61055908e+00
 1.10032288e+01
 1.56900574e+01
 2.07347656e+01
 1.92065369e+01
 1.47171570e+01
 7.71907959e+00
 5.83437500e+00
 3.57372437e+00
 -2.65042725e+00
 3.82457886e+00
 4.78923950e+00
 9.60878906e+00
 1.14428955e+01
 1.37498108e+01
 1.78018738e+01
 2.01112915e+01
 1.29918457e+01
 8.36202393e+00
 6.10442505e+00
 5.29393921e+00
 5.44439087e+00
 3.48616943e+00
 5.91695557e+00
 6.78395996e+00
 1.29182373e+01
 1.65488831e+01
 1.95582520e+01
 1.75782410e+01
 1.37428528e+01
 9.16094360e+00
 4.17537842e+00
 4.89898071e+00
 8.73498535e-01
 2.53618774e+00
 4.37005005e+00
 9.62795410e+00
 1.31371704e+01
 1.84868408e+01
 2.05889832e+01
 1.97684875e+01
 1.25634705e+01
 9.01546631e+00
 7.57433472e+00
 4.04204712e+00
 2.90319214e+00
 1.88137207e+00
 4.52178345e+00
 7.68267212e+00
 1.06248413e+01
 1.51657959e+01
 2.03866516e+01
 1.95557190e+01
 1.46273743e+01
 1.02668701e+01
 3.47564087e+00
 2.58416138e+00
 2.20983276e+00
 7.24237061e-01
 4.13396606e+00
 8.04485474e+00
 1.19029785e+01
 1.74849792e+01
 2.22152344e+01
 1.84297729e+01
 1.37396790e+01
 1.04849182e+01
 1.47686157e+00
 5.77783203e-01
 -2.44608154e+00
 1.31221924e+00
 5.35332642e+00
 8.95803223e+00
 1.19203735e+01
 1.68054749e+01
 2.12334534e+01
 1.94030396e+01
 1.07548767e+01
 8.59237061e+00
 3.29000244e+00
 4.56548462e+00
 2.65661011e+00
 1.13640747e+00
 5.03542480e+00
 9.28890381e+00
 1.27677551e+01
 1.41492859e+01
 1.80562073e+01
 1.88548523e+01
 1.29667908e+01
 8.16637573e+00
 4.69661865e+00
 -7.41943359e-02
 -3.90469971e+00
 2.14541016e+00
 4.82433472e+00
 8.51751099e+00
 1.17708069e+01
 1.42397705e+01
 2.05325867e+01
 1.87010132e+01
 1.36682068e+01
 8.08574829e+00
 4.37993774e+00
 1.12774048e+00
 -3.88983765e+00
 4.98834229e-01
 4.88039551e+00
 6.80715332e+00
 1.14384705e+01
 1.73966919e+01
 2.05258728e+01
 1.74991394e+01
 1.25115906e+01
 7.80968628e+00
 5.38659058e+00
 3.37926636e+00
 -3.60053101e+00
 4.63067627e-01
 3.23745117e+00
 6.75325928e+00
 1.31823669e+01
 1.73851563e+01
 2.17104736e+01
 1.92176147e+01
 1.36434875e+01
 9.98919067e+00
 6.41335449e+00
 1.85302124e+00
 9.26660156e-01
 1.48400879e-01
 4.16185913e+00
 7.45278320e+00
 1.15612122e+01
 1.67191406e+01
 2.20911499e+01
 2.05378357e+01
 1.16725098e+01
 1.14197632e+01
 6.75286255e+00
 1.37661133e+00
 -8.00909424e-01
 1.87120972e+00
 4.71654663e+00
 6.93969116e+00
 1.11859375e+01
 1.73496643e+01
 2.04630371e+01
 2.21582275e+01
 1.30762573e+01
 7.45324097e+00
 3.15020142e+00
 2.78978882e+00
 5.61736450e+00
 4.97033081e+00
 7.03023682e+00
 9.76012573e+00
 1.09128662e+01
 1.58720337e+01
 1.95898071e+01
 2.00887695e+01
 1.38536621e+01
 8.38930664e+00
 3.37703857e+00
 -1.14212646e+00
 -5.76022949e+00
 -1.42828979e+00
 8.47741699e-01
 7.19741211e+00
 1.35082031e+01
 1.57761475e+01
 1.97344910e+01
 2.02620178e+01
 1.34761597e+01
 1.00804688e+01
 5.51494751e+00
 2.96590576e+00
 -2.59595337e+00
 2.07778320e+00
 6.52429199e-01
 7.48433838e+00
 1.24943176e+01
 1.93509460e+01
 1.93870789e+01
 1.74560486e+01
 1.23558899e+01
 9.61184082e+00
 6.93032227e+00
 3.32418213e+00
 9.91760254e-02
 4.28796387e-01
 3.51281128e+00
 7.28505859e+00
 1.48057190e+01
 1.98928772e+01
 2.09067932e+01
 1.97894836e+01
 1.42410828e+01
 1.03821655e+01
 6.87630615e+00
 6.91051636e+00
 5.21783447e-01
 -8.99816895e-01
 4.95131836e+00
 1.10000549e+01
 1.56187683e+01
 1.93298279e+01
 2.37746216e+01
 1.96386353e+01
 1.36984497e+01
 8.47313843e+00
 4.60521851e+00
 4.82879028e+00
 2.73031006e+00
 -2.84063721e-01
 3.71492920e+00
 7.96074829e+00
 1.21196533e+01
 1.57690063e+01
 1.83749939e+01
 1.90237976e+01
 1.33666931e+01
 7.92476807e+00
 5.72637329e+00
 2.06105957e+00
 -2.52789917e+00
 -3.75827637e+00
 1.68883667e+00
 6.55825195e+00
 1.03637939e+01
 1.36524902e+01
 1.95178772e+01
 1.82328735e+01
 1.47075439e+01
 9.84697876e+00
 7.43374023e+00
 9.29284668e-01
 -2.66851807e-01
 4.16579590e+00
 4.37294922e+00
 7.43462524e+00
 1.13250671e+01
 1.88560120e+01
 2.10736023e+01
 1.88852783e+01
 1.32065979e+01
 7.52108154e+00
 6.53695068e+00
 2.76305542e+00
 3.07363281e+00
 4.21114502e+00
 4.89663086e+00
 7.52059326e+00
 1.27583252e+01
 1.94718567e+01
 2.11321350e+01
 2.08828674e+01
 1.56682983e+01
 6.90758667e+00
 4.15068970e+00
 4.04256592e+00
 2.34822998e+00
 4.83602295e+00
 4.17028198e+00
 8.64019165e+00
 1.09720398e+01
 1.77775513e+01
 2.17188965e+01
 2.47521912e+01
 1.58323914e+01
 9.95717773e+00
 5.42470703e+00
 7.47399902e-01
 -3.68723145e+00
 2.22106323e+00
 5.43816528e+00
 9.45400391e+00
 1.20573975e+01
 1.75194946e+01
 1.94504944e+01
 1.65612122e+01
 1.20895020e+01
 9.37764893e+00
 4.04955444e+00
 3.19976196e+00
 3.21083984e+00
 2.98510132e+00
 4.67894897e+00
 8.44359741e+00
 1.20974670e+01
 1.68676086e+01
 1.83736206e+01
 1.84919373e+01
 1.22975098e+01
 8.06185303e+00
 7.71834717e+00
 2.10613403e+00
 -3.07324829e+00
 -2.97217407e+00
 2.61565552e+00
 6.74587402e+00
 1.17003723e+01
 1.80490967e+01
 2.12226501e+01
 2.00487000e+01
 1.39413696e+01
 7.67360840e+00
 4.57097778e+00
 -3.43817139e-01
 1.92403564e+00
 5.14272461e+00
 6.00664673e+00
 8.38872681e+00
 1.24045654e+01
 1.59753662e+01
 1.65280701e+01
 1.74642883e+01
 1.28858276e+01
 8.27761230e+00
 4.34804688e+00
 3.08190308e+00
 2.46895752e+00
 2.38515625e+00
 6.88506470e+00
 6.93862305e+00
 6.85918579e+00
 1.61980225e+01
 1.98302246e+01
 1.76871887e+01
 1.31010681e+01
 9.67592773e+00
 6.24569092e+00
 1.29143677e+00
 -1.75269165e+00
 5.67843018e+00
 5.14672241e+00
 5.96804199e+00
 1.18445984e+01
 1.81824280e+01
 1.88168884e+01
 1.87348267e+01
 1.37927490e+01
 1.00412231e+01
 6.35805664e+00
 9.93188477e-01
 -3.13800659e+00
 -3.76379395e-01
 7.51876221e+00
 7.70650635e+00
 1.14738098e+01
 1.40302979e+01
 2.09364258e+01
 1.93958374e+01
 1.68750854e+01
 9.93035278e+00
 6.45064697e+00
 5.27379761e+00
 5.71126709e+00
 6.57671509e+00
 4.10558472e+00
 8.31801758e+00
 1.39910828e+01
 1.57475525e+01
 1.83004089e+01
 1.68362976e+01
 1.48284851e+01
 1.08676086e+01
 4.60457764e+00
 4.19796143e+00
 2.26824341e+00
 3.92644653e+00
 6.21721802e+00
 7.22954712e+00
 1.29701477e+01
 1.82531372e+01
 2.27440735e+01
 2.14120117e+01
 1.18117920e+01
 7.34411011e+00
 6.16484985e+00
 5.80346069e+00
 -2.14862671e+00
 -1.06534424e+00
 3.99456177e+00
 9.13121948e+00
 1.12762390e+01
 1.69505249e+01
 2.07045837e+01
 1.91012817e+01
 1.39089600e+01
 8.69304810e+00
 7.89132080e+00
 -1.97040405e+00
 -2.14147949e-01
 4.51452026e+00
 6.32720337e+00
 9.80394897e+00
 1.24274536e+01
 1.97279907e+01
 2.16992432e+01
 2.07430664e+01
 1.62149902e+01
 1.05895020e+01
 7.37926636e+00
 2.76796875e+00
 2.78981934e+00
 3.40636597e+00
 4.66381226e+00
 9.04131470e+00
 1.25241943e+01
 1.56106201e+01
 1.85300537e+01
 1.92931458e+01
 1.26040283e+01
 8.67281494e+00
 8.06484375e+00
 4.54384766e+00
 -2.47598877e+00
 3.82497559e+00
 2.87069092e+00
 7.17971191e+00
 1.38238770e+01
 1.58225647e+01
 1.79972168e+01
 1.94769836e+01
 1.49972778e+01
 8.45638428e+00
 2.36287842e+00
 1.54256592e+00
 3.59429932e-01
 2.90548096e+00
 2.68605957e+00
 8.40291748e+00
 1.14821411e+01
 1.64804016e+01
 2.02471558e+01
 1.82912231e+01
 1.41490112e+01
 8.20198975e+00
 3.64620361e+00
 2.48153076e+00
 3.17278442e+00
 1.32509766e+00
 5.38668213e+00
 8.31636963e+00
 1.28830811e+01
 1.90967957e+01
 2.06513000e+01
 1.89958740e+01
 1.26650330e+01
 1.06526733e+01
 6.79665527e+00
 5.98674927e+00
 3.33687744e+00
 2.36409912e+00
 4.69698486e+00
 9.88253174e+00
 1.08838135e+01
 1.76067749e+01
 2.05376831e+01
 2.02134949e+01
 1.31836182e+01
 6.63527832e+00
 8.63549194e+00
 2.72322998e+00
 -1.72882690e+00
 1.15050659e+00
 5.23647461e+00
 7.84221802e+00
 1.14212891e+01
 1.69414612e+01
 2.07002808e+01
 1.88557068e+01
 1.15757690e+01
 7.74492798e+00
 6.74718628e+00
 4.09981689e+00
 2.63158569e+00
 3.27953491e+00
 6.77404175e+00
 9.39827881e+00
 1.17325073e+01
 1.45662476e+01
 2.14273010e+01
 2.21598450e+01
 1.28472534e+01
 8.55162964e+00
 5.95940552e+00
 2.28176270e+00
 4.58458862e+00
 8.25677490e-01
 4.30291138e+00
 8.68380127e+00
 1.25006042e+01
 1.84059692e+01
 1.93985229e+01
 1.75848938e+01
 1.26460205e+01
 8.27413330e+00
 7.38250122e+00
 3.83910522e+00
 1.81972656e+00
 2.78054199e+00
 6.19298706e+00
 1.09869934e+01
 1.36705566e+01
 1.70913330e+01
 2.19354492e+01
 2.28152100e+01
 1.49488464e+01
 9.41921387e+00
 5.50405273e+00
 1.88729248e+00
 3.33941040e+00
 4.08974609e+00
 7.27755127e+00
 8.54696045e+00
 1.06115967e+01
 1.62156921e+01
 1.77859131e+01
 1.94567810e+01
 1.52677856e+01
 8.78801880e+00
 2.55187378e+00
 -8.78088379e-01
 -2.45770874e+00
 4.79519043e+00
 6.57058105e+00
 9.92153320e+00
 1.32525879e+01
 1.79494873e+01
 2.29799744e+01
 1.85637756e+01
 1.33217102e+01
 9.48500977e+00
 4.57341919e+00
 3.08275757e+00
 3.28295288e+00
 3.58550415e+00
 4.48409424e+00
 9.34569702e+00
 1.38141724e+01
 1.78043457e+01
 2.31796204e+01
 2.07777649e+01
 1.28938538e+01
 9.56817017e+00
 5.62465820e+00
 2.71663818e+00
 4.35103760e+00
 3.55272827e+00
 4.50203857e+00
 7.11525879e+00
 1.13547607e+01
 1.62591492e+01
 2.04501587e+01
 2.07772461e+01
 1.55378967e+01
 9.37722168e+00
 7.74804077e+00
 2.73934326e+00
 -1.75604248e-01
 -1.28293457e+00
 4.99047241e+00
 1.00999695e+01
 1.17111450e+01
 1.86262451e+01
 1.84551025e+01
 2.06155029e+01
 1.40956360e+01
 7.94634399e+00
 4.18178711e+00
 -5.15020752e-01
 5.23647461e+00
 4.83654175e+00
 4.81203613e+00
 9.23571167e+00
 1.42358032e+01
 2.12097412e+01
 2.06792847e+01
 1.97923828e+01
 1.49927307e+01
 7.99266968e+00
 5.29226074e+00
 2.82312012e-01
 2.45699463e+00
 1.89318237e+00
 5.07222900e+00
 8.19948730e+00
 1.49505859e+01
 1.96399170e+01
 2.40503174e+01
 1.97501465e+01
 1.28254028e+01
 8.05141602e+00
 7.15075073e+00
 3.98153076e+00
 3.26003418e+00
 1.58620605e+00
 5.18264160e+00
 1.01530396e+01
 1.20014282e+01
 1.80555054e+01
 2.16859985e+01
 1.82165466e+01
 1.65580383e+01
 9.91958008e+00
 1.39187012e+00
 8.53417969e-01
 4.34743652e+00
 6.38970947e-01
 5.40853271e+00
 6.00347290e+00
 1.33425842e+01
 1.67270447e+01
 1.90858704e+01
 1.95715881e+01
 1.65631042e+01
 8.60625610e+00
 7.01772461e+00
 3.81456909e+00
 4.20321045e+00
 6.44411621e+00
 6.43059692e+00
 1.11319519e+01
 1.25388428e+01
 1.54880005e+01
 1.93415771e+01
 2.07170959e+01
 1.54226929e+01
 6.39080200e+00
 7.01659546e+00
 4.42669067e+00
 4.14275513e+00
 2.95537720e+00
 5.28972778e+00
 9.06636963e+00
 1.32433716e+01
 1.71993042e+01
 2.00114380e+01
 2.08691040e+01
 1.35895630e+01
 1.15192810e+01
 5.93532715e+00
 5.89257202e+00
 5.42397461e+00
 4.44436035e+00
 8.54869995e+00
 1.00296875e+01
 1.44392944e+01
 1.81137939e+01
 2.18401123e+01
 2.20614258e+01
 1.39677063e+01
 9.60787354e+00
 7.72796021e+00
 7.07329712e+00
 5.51809082e+00
 6.45128784e+00
 7.71965942e+00
 1.00924316e+01
 1.36879211e+01
 2.17388550e+01
 2.19392334e+01
 2.01379639e+01
 1.33463074e+01
 7.27291260e+00
 8.79042969e+00
 5.61455688e+00
 1.09078369e+00
 4.02490234e-01
 4.06557617e+00
 6.00707397e+00
 1.21815125e+01
 1.75168396e+01
 2.12807251e+01
 2.02661377e+01
 1.38666016e+01
 8.16015015e+00
 4.34581909e+00
 4.17733154e+00
 3.71569214e+00
 3.57082520e+00
 4.48494873e+00
 7.49443970e+00
 1.42502991e+01
 2.17463928e+01
 2.24348389e+01
 1.95924927e+01
 1.63002869e+01
 8.54839478e+00
 4.78136597e+00
 2.71456299e+00
 3.98574219e+00
 3.57424316e+00
 3.44503174e+00
 8.97667847e+00
 1.48333069e+01
 2.44152466e+01
 2.49202515e+01
 2.23603760e+01
 1.50072266e+01
 8.30162964e+00
 5.67174683e+00
 4.89556274e+00
 -2.84851685e+00
 3.24426270e-01
 4.68261108e+00
 1.00550171e+01
 1.27426697e+01
 1.64124084e+01
 2.27030884e+01
 1.94379517e+01
 1.38418518e+01
 9.10372314e+00
 6.46828613e+00
 3.03811035e+00
 2.02617798e+00
 3.08556519e+00
 1.87035522e+00
 6.37310181e+00
 1.31069885e+01
 1.96388794e+01
 2.23652893e+01
 2.25389954e+01
 1.62183777e+01
 1.05795532e+01
 7.18590698e+00
 6.99926147e+00
 5.47988281e+00
 3.08522949e+00
 4.63314209e+00
 6.89190063e+00
 1.31626526e+01
 1.99690186e+01
 2.20458923e+01
 2.16810547e+01
 1.53461853e+01
 8.56255493e+00
 6.80184326e+00
 3.49529419e+00
 3.07616577e+00
 4.81914673e+00
 6.17354736e+00
 9.69304810e+00
 1.19226318e+01
 1.62106567e+01
 2.24413391e+01
 2.04294983e+01
 1.45343262e+01
 6.58712158e+00
 4.10558472e+00
 7.77639160e+00
 2.07283936e+00
 5.10775146e+00
 7.36538086e+00
 8.95363770e+00
 1.25176941e+01
 1.94187866e+01
 2.17161499e+01
 2.32541443e+01
 1.70560242e+01
 1.13671509e+01
 5.48964844e+00
 5.49733887e+00
 5.25659180e-01
 4.57003174e+00
 6.75786743e+00
 9.88436279e+00
 1.22661377e+01
 1.75951172e+01
 2.18965393e+01
 2.09456421e+01
 1.53838745e+01
 1.01433655e+01
 7.46523438e+00
 6.49776611e+00
 5.01943359e+00
 5.50121460e+00
 5.89629517e+00
 8.39119873e+00
 1.18290955e+01
 1.81092468e+01
 2.27924438e+01
 2.08008057e+01
 1.55899902e+01
 9.09786377e+00
 6.65020142e+00
 5.31011353e+00
 3.37548218e+00
 2.14443359e+00
 5.48690186e+00
 1.02026611e+01
 1.39999329e+01
 2.09309021e+01
 2.10164429e+01
 2.20306946e+01
 1.76334778e+01
 9.61004028e+00
 6.29262695e+00
 1.57152710e+00
 4.93615112e+00
 2.84902344e+00
 7.81127319e+00
 7.37655029e+00
 1.46325623e+01
 2.07367188e+01
 2.50465942e+01
 2.13229919e+01
 1.49497620e+01
 8.43410645e+00
 3.41072998e+00
 9.90075684e-01
 3.27172852e-01
 4.24257813e+00
 4.32155762e+00
 9.27120361e+00
 1.64006287e+01
 2.28671814e+01
 2.22668396e+01
 2.32895447e+01
 1.56628052e+01
 8.13054810e+00
 7.49678955e+00
 4.25341187e+00
 3.81966553e+00
 3.53844604e+00
 6.97677002e+00
 7.71901855e+00
 1.11753784e+01
 2.18203064e+01
 2.32551819e+01
 1.93344971e+01
 1.48036133e+01
 9.17797241e+00
 5.52987061e+00
 5.18306885e+00
 3.15242920e+00
 3.20848999e+00
 7.04323730e+00
 8.95931396e+00
 1.21484924e+01
 1.73835693e+01
 2.08661438e+01
 1.86512695e+01
 1.47645203e+01
 8.14971313e+00
 7.03862915e+00
 1.79363403e+00
 -6.20581055e-01
 1.70726929e+00
 6.38985596e+00
 9.44967041e+00
 1.35672546e+01
 1.84895874e+01
 2.15783325e+01
 2.23229004e+01
 1.46356140e+01
 1.09794556e+01
 4.48412476e+00
 2.95424805e+00
 1.49450073e+00
 1.71987305e+00
 6.07238159e+00
 8.14315186e+00
 1.35468994e+01
 1.80589539e+01
 2.12919861e+01
 2.29295898e+01
 1.47575317e+01
 9.55993042e+00
 5.78511963e+00
 -1.49664307e-01
 4.67308960e+00
 4.14956055e+00
 5.31557617e+00
 9.87297974e+00
 1.44090515e+01
 1.60594727e+01
 2.06750122e+01
 2.07524048e+01
 1.72113586e+01
 1.16599365e+01
 6.22783813e+00
 4.53719482e+00
 2.77856445e-01
 2.87606201e+00
 5.91072998e+00
 8.78850708e+00
 1.40437256e+01
 2.16245667e+01
 2.29475037e+01
 2.08594910e+01
 1.33728271e+01
 9.77681885e+00
 6.54445801e+00
 4.97066650e+00
 4.02440796e+00
 4.46010742e+00
 4.32937012e+00
 6.26589355e+00
 1.29956299e+01
 1.62492004e+01
 2.05747314e+01
 2.23691040e+01
 1.52463318e+01
 7.29586182e+00
 6.25014648e+00
 2.52657471e+00
 3.08254395e+00
 -9.41223145e-02
 4.23903809e+00
 7.70229492e+00
 1.49992920e+01
 1.87116333e+01
 1.92770325e+01
 2.09655090e+01
 1.75516602e+01
 1.16314941e+01
 9.19555054e+00
 4.35189209e+00
 2.41878662e+00
 6.17113647e+00
 8.92382202e+00
 1.20070740e+01
 1.48341003e+01
 2.30066772e+01
 2.51209351e+01
 2.38764282e+01
 1.77002502e+01
 1.12230469e+01
 6.41600952e+00
 2.48119507e+00
 2.61428223e+00
 3.04558716e+00
 7.08056030e+00
 8.75805054e+00
 1.20459229e+01
 2.03958374e+01
 2.60018860e+01
 2.20262085e+01
 1.36128784e+01
 1.01311279e+01
 6.47490845e+00
 3.02541504e+00
 3.06514893e+00
 4.24053345e+00
 5.68984375e+00
 1.01487976e+01
 1.18735291e+01
 1.73682495e+01
 2.12078796e+01
 2.20385376e+01
 1.69340759e+01
 1.17331787e+01
 5.82039795e+00
 4.83062134e+00
 3.01052246e+00
 2.16256104e+00
 2.89879761e+00
 9.52468262e+00
 1.33692566e+01
 1.49296204e+01
 1.98869873e+01
 2.12688538e+01
 1.78229309e+01
 9.63976440e+00
 1.00309082e+01
 7.28734741e+00
 3.47359619e+00
 3.66808472e+00
 6.42046509e+00
 8.76809082e+00
 1.44097229e+01
 1.78223206e+01
 2.40191895e+01
 2.53281189e+01
 1.69927307e+01
 1.06037231e+01
 7.41988525e+00
 3.39602051e+00
 6.03295898e-01
 3.70067749e+00
 5.46715698e+00
 8.01186523e+00
 1.36321045e+01
 2.01718384e+01
 2.10393311e+01
 2.26845337e+01
 1.75409790e+01
 1.24420715e+01
 8.77996216e+00
 4.38442383e+00
 4.96468506e+00
 2.33800659e+00
 4.24895630e+00
 9.69634399e+00
 1.25095459e+01
 1.91849304e+01
 2.36380859e+01
 2.31722046e+01
 1.68510681e+01
 1.00891663e+01
 8.10180054e+00
 4.69176636e+00
 5.47402344e+00
 4.57788086e-01
 1.33660278e+00
 7.04412231e+00
 1.27535034e+01
 1.81253296e+01
 2.29782959e+01
 2.02512451e+01
 1.46926514e+01
 1.00845581e+01
 5.38448486e+00
 7.59630737e+00
 -3.98620605e-02
 4.75872192e+00
 7.22951660e+00
 1.01483398e+01
 1.71363159e+01
 1.64535156e+01
 1.95165649e+01
 2.21303345e+01
 1.49495789e+01
 1.06923157e+01
 9.27065430e+00
 3.98662720e+00
 1.69417725e+00
 3.69347534e+00
 6.12767944e+00
 1.01143127e+01
 1.26975647e+01
 1.73165222e+01
 1.99993530e+01
 2.01511475e+01
 1.63710266e+01
 1.07774902e+01
 7.36101685e+00
 2.58254395e+00
 1.84392700e+00
 4.34176025e+00
 6.75213013e+00
 8.26314697e+00
 1.48003174e+01
 1.97125183e+01
 2.45812317e+01
 2.47074829e+01
 1.73145386e+01
 1.02676941e+01
 5.51876221e+00
 5.21535645e+00
 3.81408081e+00
 5.25298462e+00
 5.98058472e+00
 1.13545776e+01
 1.56084229e+01
 2.12683044e+01
 2.53922668e+01
 2.49027649e+01
 1.62173706e+01
 1.08308960e+01
 8.50301514e+00
 7.88585815e+00
 2.73504028e+00
 4.30529175e+00
 6.53432617e+00
 1.03294617e+01
 1.37506958e+01
 1.99452148e+01
 2.12574707e+01
 2.33769775e+01
 1.91764465e+01
 1.12425171e+01
 6.76601563e+00
 4.75359497e+00
 5.69188843e+00
 6.62130127e+00
 7.96074829e+00
 1.04171082e+01
 1.38445068e+01
 1.75057922e+01
 2.39113708e+01
 2.45420471e+01
 1.72493835e+01
 1.04069458e+01
 7.22225342e+00
 7.54296265e+00
 4.61126099e+00
 6.41933594e+00
 8.14861450e+00
 1.13621765e+01
 1.80457092e+01
 2.12709290e+01
 2.40617004e+01
 2.25105835e+01
 2.01405579e+01
 1.10882813e+01
 7.62288818e+00
 7.27010498e+00
 3.36165771e+00
 2.71947632e+00
 5.52929077e+00
 9.71935425e+00
 1.27557312e+01
 1.81286865e+01
 2.29030090e+01
 2.29659973e+01
 1.70553528e+01
 1.18574463e+01
 7.36046753e+00
 6.23558960e+00
 3.64486084e+00
 4.61171875e+00
 7.08764038e+00
 9.96849976e+00
 1.33459412e+01
 1.77725464e+01
 2.32494446e+01
 2.24858948e+01
 1.68549744e+01
 1.02893311e+01
 9.30297241e+00
 8.66280518e+00
 2.71181641e+00
 6.41402588e+00
 9.33040771e+00
 7.08242188e+00
 1.33753601e+01
 1.73005310e+01
 2.38024536e+01
 2.16670471e+01
 1.62177979e+01
 1.03760315e+01
 7.06792603e+00
 3.29165039e+00
 2.76519165e+00
 2.34783325e+00
 6.38659058e+00
 1.07740112e+01
 1.58093811e+01
 1.97135254e+01
 2.38896118e+01
 2.27923828e+01
 1.54269653e+01
 1.06443420e+01
 8.73647461e+00
 6.86858521e+00
