 -3.13543701e-01
 2.55822144e+00
 5.58910522e+00
 7.91713867e+00
 1.32811218e+01
 1.94749695e+01
 2.01901794e+01
 1.92038513e+01
 1.78294312e+01
 1.17739197e+01
 6.27929077e+00
 2.10878906e+00
 2.39296875e+00
 4.89144287e+00
 7.40953979e+00
 1.13383118e+01
 1.38522278e+01
 2.19726807e+01
 2.15848938e+01
 2.30291687e+01
 1.58395325e+01
 1.21690918e+01
 3.82711182e+00
 -5.06231689e-01
 3.91057739e+00
 6.22832642e+00
 5.81746826e+00
 9.61989746e+00
 1.40296570e+01
 1.62311340e+01
 2.16834351e+01
 2.39519897e+01
 1.83547302e+01
 1.18729187e+01
 4.64473877e+00
 6.50805054e+00
 2.04476318e+00
 5.24758301e+00
 7.39098511e+00
 8.63890991e+00
 1.20468994e+01
 1.89358459e+01
 2.05776611e+01
 1.84968811e+01
 1.46267944e+01
 9.33138428e+00
 6.26897583e+00
 -4.20751953e-01
 -1.71796265e+00
 3.03615723e+00
 6.54451904e+00
 8.49526367e+00
 1.38612915e+01
 2.03893372e+01
 2.10952393e+01
 2.07365356e+01
 1.78441711e+01
 1.08761841e+01
 1.64898071e+00
 2.22359619e+00
 9.72534180e-02
 -2.62525024e+00
 4.68920288e+00
 7.56139526e+00
 1.27900330e+01
 1.61383606e+01
 2.05976196e+01
 2.26158386e+01
 1.72066895e+01
 1.40489136e+01
 9.19641113e-01
 1.02059326e+00
 2.12746582e+00
 6.82885132e+00
 5.81566772e+00
 8.78286133e+00
 1.37849976e+01
 1.94506775e+01
 1.87491089e+01
 1.94648376e+01
 1.79051758e+01
 1.10909668e+01
 2.48946533e+00
 7.63208008e-01
 1.32360229e+00
 3.93645630e+00
 6.73946533e+00
 9.13918457e+00
 1.23809143e+01
 1.62512756e+01
 2.11642700e+01
 2.38908936e+01
 1.29273621e+01
 1.06446167e+01
 2.77163086e+00
 -6.57324829e+00
 -2.76035156e+00
 -5.43857422e+00
 -7.23651733e+00
 5.43929443e+00
 1.32532288e+01
 1.83995605e+01
 2.00004822e+01
 2.24873596e+01
 1.61424500e+01
 1.35031982e+01
 9.10668335e+00
 4.37627563e+00
 -7.88580322e-01
 4.60931396e-01
 6.09096680e+00
 8.28533325e+00
 1.45061279e+01
 1.59619995e+01
 2.15189453e+01
 2.14426819e+01
 1.33691650e+01
 1.02937866e+01
 3.52941284e+00
 2.80297852e-01
 -1.56851807e+00
 -1.42493286e+00
 5.18923340e+00
 9.75444946e+00
 1.29660278e+01
 1.83907410e+01
 2.18387390e+01
 2.23713013e+01
 1.43965698e+01
 9.23088989e+00
 5.32341919e+00
 -2.48754883e-01
 -2.36389771e+00
 -3.45953979e+00
 3.84008179e+00
 1.04490601e+01
 1.44458252e+01
 2.06224304e+01
 2.21734253e+01
 2.72209106e+01
 1.80718933e+01
 1.09759460e+01
 7.28023682e+00
 4.06396484e-01
 -4.50247803e+00
 -5.38550415e+00
 6.93880615e+00
 7.04277954e+00
 1.38731018e+01
 1.87153259e+01
 2.33483826e+01
 1.86482178e+01
 1.83047424e+01
 1.23956543e+01
 5.26259766e+00
 -4.20019531e-01
 -5.38095703e+00
 -3.43173828e+00
 3.45128784e+00
 7.69286499e+00
 1.28804565e+01
 1.73355957e+01
 2.29585815e+01
 2.06391235e+01
 1.42900940e+01
 1.17918335e+01
 6.56139526e+00
 2.00692139e+00
 -1.93619385e+00
 1.87142334e+00
 5.17263184e+00
 7.86245117e+00
 1.31905457e+01
 1.69381653e+01
 2.24114014e+01
 1.91260315e+01
 1.77997070e+01
 1.11299683e+01
 5.99605713e+00
 2.05322266e-02
 2.62987671e+00
 1.57098389e-01
 7.04046021e+00
 1.00489136e+01
 1.33522888e+01
 1.73000427e+01
 1.87893005e+01
 2.18348328e+01
 1.48514954e+01
 1.23849731e+01
 4.76848755e+00
 2.51555786e+00
 -1.54978027e+00
 -9.06530762e-01
 7.56932983e+00
 1.08802734e+01
 1.23161255e+01
 1.65351807e+01
 2.09850098e+01
 2.24745422e+01
 1.79540955e+01
 9.28457031e+00
 9.18157349e+00
 3.81878052e+00
 3.50274048e+00
 5.49852905e+00
 5.41250000e+00
 1.04120422e+01
 1.28938843e+01
 1.86951538e+01
 2.20365540e+01
 2.36329285e+01
 1.69875122e+01
 1.02025085e+01
 4.23232422e+00
 1.20098267e+00
 1.17815552e+00
 2.73229370e+00
 1.26500854e+00
 9.10424194e+00
 1.35565125e+01
 1.82578064e+01
 2.14786621e+01
 2.12766663e+01
 1.55473877e+01
 7.37218628e+00
 3.84682617e+00
 -1.28397217e+00
 -7.19274902e-01
 -6.80213013e+00
 2.92217407e+00
 9.53438721e+00
 1.48983398e+01
 1.93961121e+01
 2.47404419e+01
 2.42846008e+01
 1.88630920e+01
 8.60924683e+00
 6.23848877e+00
 -1.56159058e+00
 7.99890137e-01
 5.42315063e+00
 6.88796387e+00
 9.02105103e+00
 1.33837830e+01
 1.89664551e+01
 2.38254333e+01
 2.48688599e+01
 2.09862305e+01
 1.11384216e+01
 5.67284546e+00
 3.54272461e-01
 4.62304688e-01
 4.42037354e+00
 6.22176514e+00
 9.29027710e+00
 1.35794922e+01
 1.80216309e+01
 1.96456848e+01
 2.14516235e+01
 1.77099243e+01
 9.45241699e+00
 7.22918091e+00
 2.57888184e+00
 -7.56109619e-01
 3.91378174e+00
 6.25856934e+00
 1.00107666e+01
 1.48320862e+01
 1.95605713e+01
 2.57708984e+01
 2.34087158e+01
 1.78966919e+01
 1.22910095e+01
 6.91481934e+00
 2.55739746e+00
 4.95782471e-01
 3.68432617e-01
 6.26928101e+00
 1.15407043e+01
 1.43035217e+01
 1.89056335e+01
 2.13994690e+01
 2.07198425e+01
 1.61899658e+01
 1.26896301e+01
 2.19259033e+00
 3.65380859e-01
 -2.20126953e+00
 -7.02371826e+00
 1.33974609e+00
 4.92119751e+00
 1.30269409e+01
 1.75207153e+01
 2.25069519e+01
 2.06181885e+01
 1.56625000e+01
 9.71614990e+00
 2.90776978e+00
 2.12676392e+00
 -3.54685059e+00
 3.92766724e+00
 4.98009644e+00
 9.72945557e+00
 1.26669861e+01
 1.83522888e+01
 2.31100098e+01
 2.32408386e+01
 1.61400085e+01
 1.33011414e+01
 3.31887207e+00
 -7.09287109e+00
 -3.18298950e+00
 1.06652222e+00
 4.98885498e+00
 9.34942017e+00
 1.53825317e+01
 1.87414795e+01
 2.52683044e+01
 2.32621399e+01
 1.58573853e+01
 1.16978699e+01
 7.84771118e+00
 4.94771729e+00
 2.73522339e+00
 7.40808105e-01
 4.32039795e+00
 7.02114258e+00
 1.18630615e+01
 1.65157410e+01
 1.96211792e+01
 1.99736877e+01
 1.57871948e+01
 1.10971924e+01
 5.31575928e+00
 -1.88940430e-01
 2.15242920e+00
 4.12941895e+00
 5.24376831e+00
 7.88717041e+00
 1.31399475e+01
 1.91290527e+01
 1.97096191e+01
 2.38101135e+01
 1.67095276e+01
 1.11673828e+01
 6.77840576e+00
 -2.37470093e+00
 -5.54541016e-01
 3.13689575e+00
 6.87819824e+00
 1.12650391e+01
 1.40403076e+01
 1.73852478e+01
 1.93189331e+01
 2.22520386e+01
 1.80432678e+01
 1.05111328e+01
 7.51220093e+00
 1.31267700e+00
 3.72286377e+00
 3.10213623e+00
 5.34310303e+00
 8.99022827e+00
 1.22668396e+01
 1.98689819e+01
 2.31135193e+01
 2.26719299e+01
 1.75709167e+01
 1.28417297e+01
 6.78756104e+00
 -1.57755127e+00
 2.30727539e+00
 3.52141724e+00
 9.78204346e-01
 8.08184204e+00
 1.41657043e+01
 1.94861389e+01
 2.09709717e+01
 2.23649536e+01
 1.93340698e+01
 8.98476563e+00
 6.09304199e+00
 5.08721313e+00
 -3.71097412e+00
 1.04192505e+00
 5.73174438e+00
 8.95101318e+00
 1.37137390e+01
 1.75440002e+01
 2.11327148e+01
 1.95143066e+01
 1.28648315e+01
 1.03507629e+01
 5.05773315e+00
 4.53008423e+00
 6.04248047e-04
 1.51592407e+00
 4.22414551e+00
 1.06358582e+01
 1.25462585e+01
 1.67993713e+01
 2.03418823e+01
 2.06497437e+01
 1.61066223e+01
 1.01307007e+01
 4.89644775e+00
 4.41039429e+00
 1.65487061e+00
 2.70629272e+00
 4.58519897e+00
 9.83318481e+00
 1.44634033e+01
 1.80149475e+01
 2.16886230e+01
 2.47138916e+01
 1.82159363e+01
 1.42307983e+01
 3.90056763e+00
 1.98214111e+00
 2.03481445e+00
 4.80935059e+00
 4.50713501e+00
 1.11449829e+01
 1.45422607e+01
 1.96964050e+01
 2.47838989e+01
 2.59102417e+01
 1.63085876e+01
 1.25577026e+01
 5.74706421e+00
 3.43306885e+00
 -1.91885986e+00
 2.44121704e+00
 4.86110840e+00
 9.86962280e+00
 1.12972656e+01
 1.87833801e+01
 2.21927734e+01
 2.38316589e+01
 1.81002136e+01
 1.21705566e+01
 6.02129517e+00
 -5.86676025e-01
 -4.30789795e+00
 2.18010864e+00
 2.51738892e+00
 1.05945984e+01
 1.38699890e+01
 1.74735962e+01
 2.33768860e+01
 2.58080078e+01
 1.80575500e+01
 1.12174316e+01
 6.43053589e+00
 2.78270874e+00
 2.91976318e+00
 -3.50198975e+00
 6.37865601e+00
 9.70491943e+00
 1.54302917e+01
 2.13018127e+01
 2.53782593e+01
 2.40291077e+01
 1.85107056e+01
 1.16025940e+01
 4.46718750e+00
 2.39068604e-01
 1.34780273e+00
 5.19335327e+00
 9.27144775e+00
 1.20194641e+01
 1.34969727e+01
 1.73708130e+01
 1.99764648e+01
 2.00617004e+01
 1.92241455e+01
 1.20171143e+01
 5.59719238e+00
 -4.09643555e-01
 2.23461304e+00
 4.76229248e+00
 6.57998047e+00
 1.02729126e+01
 1.36879517e+01
 1.82676025e+01
 2.36445557e+01
 2.34020020e+01
 1.84497314e+01
 1.45470825e+01
 4.05562744e+00
 8.22045898e-01
 -3.16809082e-01
 4.23385010e+00
 5.04775391e+00
 8.82805786e+00
 1.48534180e+01
 1.97307068e+01
 2.47913147e+01
 2.10447021e+01
 1.67260986e+01
 1.19528137e+01
 5.75451050e+00
 2.13280640e+00
 5.26867065e+00
 4.98882446e+00
 6.22091064e+00
 1.08066040e+01
 1.53630615e+01
 1.91418701e+01
 2.22185303e+01
 2.53637939e+01
 1.78628784e+01
 1.31293579e+01
 5.19136963e+00
 2.86840210e+00
 -4.90222778e+00
 8.58392334e-01
 5.36858521e+00
 9.17107544e+00
 1.23403259e+01
 1.70024963e+01
 2.12782227e+01
 2.67555176e+01
 1.79504944e+01
 1.26801392e+01
 5.28142700e+00
 3.44561157e+00
 -1.12341309e-01
 5.01876221e+00
 7.69979248e+00
 1.13174988e+01
 1.49473816e+01
 2.11925903e+01
 2.41923767e+01
 2.38129822e+01
 1.82498718e+01
 1.25960022e+01
 6.19179688e+00
 1.55532227e+00
 1.32872925e+00
 -2.91104736e+00
 5.32976685e+00
 9.06823120e+00
 1.21654907e+01
 1.83853088e+01
 2.19962708e+01
 2.60512329e+01
 1.96385132e+01
 9.08242188e+00
 5.27877197e+00
 2.13765869e+00
 7.13952637e-01
 2.22246704e+00
 6.36196289e+00
 1.02210022e+01
 1.34204346e+01
 1.90035339e+01
 2.17558533e+01
 2.28953491e+01
 1.77760864e+01
 9.81530151e+00
 6.53588257e+00
 4.52108154e+00
 -2.82415771e-01
 5.63436279e+00
 9.10003052e+00
 9.89284668e+00
 1.60685364e+01
 2.23673340e+01
 2.49485413e+01
 2.16386658e+01
 2.02426392e+01
 1.02911011e+01
 5.07207642e+00
 -1.22564697e-01
 4.53154907e+00
 5.31801758e+00
 6.84343872e+00
 1.06629578e+01
 1.55701233e+01
 1.98737732e+01
 2.66497742e+01
 2.43060242e+01
 1.42790466e+01
 1.17478271e+01
 5.17653809e+00
 1.42369995e+00
 -4.07965698e+00
 -3.99176025e-01
 6.33184204e+00
 1.17932678e+01
 1.21361938e+01
 1.89107910e+01
 2.59201294e+01
 2.62275635e+01
 1.95281006e+01
 1.12275024e+01
 7.20317993e+00
 8.60314941e-01
 -1.27228394e+00
 2.93514404e+00
 1.04524170e+01
 1.08085571e+01
 1.50707336e+01
 1.66099792e+01
 2.21544128e+01
 2.22456299e+01
 1.65015198e+01
 9.84795532e+00
 5.42644653e+00
 1.51461182e+00
 4.06908569e+00
 1.92382202e+00
 9.95717773e+00
 1.08213135e+01
 1.43014160e+01
 1.83630920e+01
 2.44817444e+01
 2.11519714e+01
 1.40676819e+01
 1.04517761e+01
 4.13421021e+00
 3.98024902e+00
 2.89980469e+00
 3.70935059e-01
 5.42003784e+00
 8.26571045e+00
 1.32658936e+01
 1.69683472e+01
 2.10066162e+01
 2.31446167e+01
 1.44400879e+01
 1.25293213e+01
 4.21148071e+00
 -7.79703369e+00
 -1.42119507e+01
 -9.47479858e+00
 -4.87033691e+00
 5.08620605e+00
 1.14864746e+01
 1.63979736e+01
 1.97690979e+01
 2.10787598e+01
 1.73209473e+01
 1.12231384e+01
 8.30620728e+00
 2.17171631e+00
 -5.62460937e+00
 1.48195801e+00
 7.67373047e+00
 9.91143188e+00
 1.63279053e+01
 2.04069763e+01
 2.30544373e+01
 2.10289856e+01
 1.85562073e+01
 1.30914551e+01
 4.78197632e+00
 6.30212402e-01
 1.25185547e+00
 3.26793823e+00
 6.54012451e+00
 1.24715515e+01
 1.45165344e+01
 1.84474426e+01
 2.81455322e+01
 2.65223022e+01
 1.85653931e+01
 1.18182007e+01
 5.08706055e+00
 4.12514648e+00
 3.05706177e+00
 3.18627930e-01
 5.26195679e+00
 7.26601563e+00
 1.60149475e+01
 2.46879822e+01
 2.63982178e+01
 2.35985352e+01
 2.08755432e+01
 1.26327759e+01
 7.23259888e+00
 2.93599854e+00
 2.15801392e+00
 5.35296021e+00
 7.54046021e+00
 8.98775635e+00
 1.20066772e+01
 1.80405823e+01
 1.96698853e+01
 2.00468689e+01
 1.53731323e+01
 1.08628174e+01
 1.72960815e+00
 3.01650391e+00
 4.90627441e+00
 5.25435791e+00
 5.11019287e+00
 1.03471313e+01
 1.36117493e+01
 1.92137390e+01
 2.36740967e+01
 2.52422119e+01
 1.64755493e+01
 1.18350769e+01
 4.33983765e+00
 6.55196533e+00
 -1.82846680e+00
 3.93831787e+00
 6.28069458e+00
 7.22530518e+00
 1.39653564e+01
 1.75981079e+01
 2.08661438e+01
 2.28683411e+01
 2.02930237e+01
 1.15103088e+01
 7.56603394e+00
 4.89806519e+00
 1.68929443e+00
 4.44075928e+00
 7.16539917e+00
 9.89525757e+00
 1.45030151e+01
 1.98577820e+01
 2.26063171e+01
 1.91840149e+01
 1.78562256e+01
 1.29181152e+01
 8.68435059e+00
 9.82604980e-02
 4.02917480e-01
 4.03801880e+00
 4.80657349e+00
 6.90612183e+00
 1.25968262e+01
 1.97487122e+01
 2.33080078e+01
 2.38113647e+01
 1.91646667e+01
 1.36488281e+01
 6.87896118e+00
 5.19344482e+00
 2.53484497e+00
 2.47957764e+00
 7.04400024e+00
 1.09494568e+01
 1.34157043e+01
 1.76909119e+01
 2.08168579e+01
 2.13825928e+01
 1.91205688e+01
 9.60585938e+00
 9.28979492e-01
 -1.18897095e+00
 1.00155029e+00
 -2.78784180e-01
 9.67247925e+00
 1.00248962e+01
 1.26457764e+01
 2.17628418e+01
 2.35834595e+01
 2.32114197e+01
 1.54401184e+01
 1.41031433e+01
 6.57225952e+00
 3.61193237e+00
 1.80758057e+00
 2.75405273e+00
 7.56911621e+00
 9.74480591e+00
 1.39077393e+01
 1.92972351e+01
 2.44118286e+01
 2.29039551e+01
 1.45659424e+01
 1.14810120e+01
 5.50075684e+00
 1.51696777e-01
 -1.13791504e+00
 3.65072021e+00
 7.76357422e+00
 7.70992432e+00
 1.43146606e+01
 1.71802917e+01
 2.35574585e+01
 2.33009277e+01
 1.96594482e+01
 1.32145325e+01
 6.39077148e+00
 4.23961792e+00
 6.56881104e+00
 2.53032837e+00
 6.72469482e+00
 1.06688171e+01
 1.59438721e+01
 2.27241760e+01
 2.38883911e+01
 2.18609253e+01
 1.58681885e+01
 1.16758667e+01
 6.46453247e+00
 3.09322510e+00
 1.28442383e-01
 2.54897461e+00
 5.24489746e+00
 8.00774536e+00
 1.33464600e+01
 1.99164978e+01
 2.17213379e+01
 1.85250793e+01
 1.50573975e+01
 1.10769897e+01
 6.43938599e+00
 3.57100830e+00
 6.22872314e+00
 4.01836548e+00
 5.32924805e+00
 9.97805176e+00
 1.37362915e+01
 2.07777649e+01
 2.63689819e+01
 2.70028625e+01
 1.68283630e+01
 1.20621277e+01
 5.71492920e+00
 2.88576660e+00
 6.06899414e+00
 4.42925415e+00
 5.07888184e+00
 1.01093994e+01
 1.34541565e+01
 1.69772888e+01
 2.66087585e+01
 2.35361267e+01
 2.06425720e+01
 9.65471802e+00
 6.44643555e+00
 -3.64645996e+00
 3.30953369e+00
 -1.77435303e-01
 4.95601807e+00
 1.07337280e+01
 1.52943359e+01
 2.04128662e+01
 2.80143677e+01
 2.53715149e+01
 1.83039795e+01
 1.26769653e+01
 4.22426758e+00
 5.32723389e+00
 2.46889648e+00
 4.91243896e+00
 5.52599487e+00
 6.01809082e+00
 1.43593689e+01
 2.08243652e+01
 2.16417175e+01
 2.13780457e+01
 1.56791931e+01
 1.18548828e+01
 4.93593750e+00
 2.47857056e+00
 4.96346436e+00
 -1.90900269e+00
 1.21532593e+00
 7.33110962e+00
 1.30057922e+01
 1.93250977e+01
 2.27078796e+01
 2.55114990e+01
 1.57974792e+01
 1.13124023e+01
 5.61397705e+00
 -9.67535400e-01
 6.69500122e+00
 3.93193970e+00
 3.50148926e+00
 1.13565918e+01
 1.36331421e+01
 1.70978333e+01
 2.32165161e+01
 2.43506409e+01
 1.65455566e+01
 1.06793457e+01
 5.29766235e+00
 1.34969482e+00
 -2.30081787e+00
 3.93651733e+00
 6.71270142e+00
 8.59060059e+00
 1.61573120e+01
 2.13160034e+01
 2.23658691e+01
 2.11813599e+01
 1.51437622e+01
 1.11245361e+01
 6.45943604e+00
 2.53900146e-01
 -5.88553467e+00
 2.41387939e-01
 3.64736328e+00
 8.53023682e+00
 1.44933105e+01
 1.81828247e+01
 2.32586609e+01
 2.57362610e+01
 2.01972595e+01
 1.32036682e+01
 5.35958252e+00
 -7.48046875e-02
 1.96130371e-01
 -1.99753418e+00
 3.86199341e+00
 1.06411682e+01
 1.38772522e+01
 1.73834167e+01
 2.10720459e+01
 2.61554810e+01
 1.61759277e+01
 1.22838379e+01
 6.38118896e+00
 4.76995239e+00
 2.32119141e+00
 4.51506958e+00
 6.53838501e+00
 1.04430481e+01
 1.28052917e+01
 1.93532349e+01
 2.29309631e+01
 2.44627014e+01
 1.97798706e+01
 9.18120728e+00
 7.71602783e+00
 6.02031860e+00
 5.58477173e+00
 5.23955688e+00
 7.84066162e+00
 1.13486267e+01
 1.47359863e+01
 1.91134888e+01
 1.94055420e+01
 2.39581543e+01
 1.73406006e+01
 9.22588501e+00
 4.77288208e+00
 3.53670654e+00
 3.06749878e+00
 3.64367065e+00
 7.74913940e+00
 8.49120483e+00
 1.44812866e+01
 2.00953003e+01
 2.46364685e+01
 2.47268921e+01
 1.53145691e+01
 1.16805664e+01
 7.57695923e+00
 -2.35288086e+00
 1.04241943e-01
 5.89165649e+00
 6.89257202e+00
 1.11667725e+01
 1.52678467e+01
 1.79015747e+01
 2.40584351e+01
 2.56566711e+01
 2.31523376e+01
 1.39462524e+01
 8.08330688e+00
 3.97701416e+00
 2.20372925e+00
 4.41835938e+00
 6.15090332e+00
 9.46108398e+00
 1.35584961e+01
 1.85524231e+01
 2.09983154e+01
 2.49885498e+01
 1.91310364e+01
 1.24605347e+01
 8.53814087e+00
 6.16457520e+00
 1.74279175e+00
 4.13869629e+00
 6.21117554e+00
 9.04522095e+00
 1.31609131e+01
 1.99751221e+01
 2.29313599e+01
 2.04565979e+01
 1.62040955e+01
 1.05775696e+01
 9.86571655e+00
 1.90963135e+00
 1.61342773e+00
 3.97948608e+00
 7.03927002e+00
 8.95183716e+00
 1.27658020e+01
 1.75776611e+01
 2.35350586e+01
 2.43358704e+01
 1.71705872e+01
 1.37909485e+01
 4.23357544e+00
 7.96411133e-01
 6.29802856e+00
 2.34368286e+00
 1.06003357e+01
 1.26772705e+01
 1.32704712e+01
 2.21647583e+01
 2.87267090e+01
 2.63399902e+01
 1.79083801e+01
 1.30321594e+01
 9.70961914e+00
 3.33849487e+00
 3.59606323e+00
 4.31624756e+00
 6.02196655e+00
 9.43551025e+00
 1.69589172e+01
 2.11450439e+01
 2.80010925e+01
 2.18659912e+01
 1.82983643e+01
 1.19835754e+01
 7.09569702e+00
 2.93187866e+00
 2.05050049e+00
 1.51818237e+00
 8.76088867e+00
 1.03176819e+01
 1.47666870e+01
 2.15512634e+01
 2.21386658e+01
 2.48067566e+01
 2.01491638e+01
 1.39016968e+01
 4.56792603e+00
 5.90206299e+00
 2.78612671e+00
 4.96553955e+00
 8.70400391e+00
 1.02638489e+01
 1.45472351e+01
 2.04383179e+01
 2.19078003e+01
 2.28896118e+01
 1.82107788e+01
 1.15444580e+01
 9.38765869e+00
 3.72158203e+00
 1.00951538e+00
 -2.53131714e+00
 8.24932251e+00
 9.63308105e+00
 1.35693298e+01
 2.26146179e+01
 2.65549255e+01
 2.51239258e+01
 1.95423828e+01
 1.18930298e+01
 8.47017822e+00
 3.69594727e+00
 3.36556396e+00
 3.48745117e+00
 1.02805725e+01
 1.15323120e+01
 1.46604858e+01
 1.84162231e+01
 2.52850281e+01
 2.29303528e+01
 2.15631958e+01
 1.32033020e+01
 4.26119385e+00
 3.79436646e+00
 -1.15335693e+00
 1.84221802e+00
 6.21566162e+00
 9.64678345e+00
 1.49853760e+01
 1.71106201e+01
 2.49400574e+01
 2.43016296e+01
 1.71470276e+01
 9.44982300e+00
 7.25097046e+00
 6.75939331e+00
 1.78548584e+00
 2.43276367e+00
 5.61419067e+00
 1.06997620e+01
 1.45191589e+01
 1.73815552e+01
 2.32957703e+01
 2.51176697e+01
 1.85293518e+01
 1.29226624e+01
 6.40654907e+00
 3.93578491e+00
 6.82683716e+00
 2.48528442e+00
 7.79049072e+00
 1.05201355e+01
 1.31348206e+01
 1.81438232e+01
 2.38933655e+01
 2.23746582e+01
 1.99858032e+01
 1.19175964e+01
 6.01769409e+00
 3.03365479e+00
 -1.30130615e+00
 -8.92034912e-01
 3.62856445e+00
 9.59264526e+00
 1.53023621e+01
 2.21620728e+01
 2.50504395e+01
 2.53640076e+01
 1.92650391e+01
 1.17389465e+01
 9.60259399e+00
 4.85036621e+00
 1.12267456e+00
 2.03051147e+00
 6.27398071e+00
 9.19576416e+00
 1.32325684e+01
 1.86139771e+01
 2.36645447e+01
 2.15901428e+01
 1.66672913e+01
 1.04508606e+01
 8.60369263e+00
 5.04912720e+00
 5.25368652e+00
 6.05422363e+00
 1.07285706e+01
 1.16394592e+01
 1.34827820e+01
 2.15286499e+01
 2.38894592e+01
 2.18216492e+01
 1.84844604e+01
 1.02053467e+01
 5.43160400e+00
 6.54168701e-01
 3.46212158e+00
 3.08751831e+00
 9.67989502e+00
 9.70107422e+00
 1.26319519e+01
 1.74660583e+01
 2.27728821e+01
 2.48431946e+01
 1.86254517e+01
 1.14714294e+01
 8.93639526e+00
 4.01647339e+00
 4.63800049e-01
 4.36708984e+00
 4.71782837e+00
 9.94692383e+00
 1.42174316e+01
 1.96927124e+01
 2.83358398e+01
 2.71957336e+01
 1.85389648e+01
 1.36393982e+01
 6.12630615e+00
 2.29250488e+00
 1.96450195e+00
 5.15062866e+00
 5.62438354e+00
 1.06810547e+01
 1.31591125e+01
 1.83013245e+01
 1.98526550e+01
 2.20866333e+01
 1.79044739e+01
 1.24839111e+01
 6.81279907e+00
 4.71676025e+00
 -6.30933228e+00
 -1.53433838e+00
 4.22832642e+00
 9.05272827e+00
 1.24863525e+01
 1.81779419e+01
 2.22587524e+01
 2.17832886e+01
 1.84502502e+01
 1.11166931e+01
 6.02431641e+00
 4.60921631e+00
