 -9.74981689e-01
 3.39379883e-01
 4.04006348e+00
 1.03712708e+01
 1.31319519e+01
 1.71304260e+01
 1.83003174e+01
 2.03206116e+01
 1.64105469e+01
 1.23395935e+01
 8.30407104e+00
 2.29766235e+00
 5.63165283e-01
 -1.13294067e+00
 6.24902344e-01
 1.15926453e+01
 1.34118591e+01
 1.66025940e+01
 1.83626038e+01
 1.86203247e+01
 1.51606079e+01
 1.25942932e+01
 1.76366577e+00
 -3.47760620e+00
 -1.23270264e+00
 2.48131714e+00
 5.77318726e+00
 1.15416199e+01
 1.70431152e+01
 1.82125793e+01
 2.08980652e+01
 1.85603271e+01
 1.59091736e+01
 1.21120239e+01
 8.23665771e+00
 2.19176636e+00
 -6.32879639e-01
 1.08330688e+00
 5.49755249e+00
 9.35326538e+00
 1.41509033e+01
 1.78759094e+01
 2.02709595e+01
 2.00285278e+01
 1.45761658e+01
 9.96996460e+00
 5.26714478e+00
 2.12453613e+00
 3.75087891e+00
 4.61022339e+00
 6.20894775e+00
 1.19709106e+01
 1.59905640e+01
 1.69426208e+01
 2.03925110e+01
 1.88190247e+01
 1.26840149e+01
 9.47518311e+00
 5.78679810e+00
 3.01271973e+00
 4.90808105e-01
 3.95992432e+00
 8.30123291e+00
 1.16796509e+01
 1.69225708e+01
 1.85910889e+01
 1.86265808e+01
 1.94094788e+01
 1.50891968e+01
 1.27101074e+01
 4.01818237e+00
 2.60875854e+00
 -1.27731934e+00
 2.10338745e+00
 9.07735596e+00
 9.49328003e+00
 1.47667480e+01
 1.78022095e+01
 2.07325073e+01
 1.96187683e+01
 1.33010193e+01
 9.16918335e+00
 2.60756836e+00
 5.00179443e+00
 -3.51279297e+00
 -7.71124268e-01
 7.14241943e+00
 7.78655396e+00
 1.45580688e+01
 1.69527832e+01
 2.00279480e+01
 1.81177002e+01
 1.49567810e+01
 9.85857544e+00
 6.40718994e+00
 3.49141846e+00
 4.41860352e+00
 3.75368652e+00
 7.93016968e+00
 7.85131226e+00
 1.46513306e+01
 1.87688538e+01
 2.39426819e+01
 2.06107727e+01
 1.58783813e+01
 1.09464966e+01
 6.09417114e+00
 2.62786255e+00
 1.87291870e+00
 5.23824463e+00
 9.31429443e+00
 8.74743042e+00
 1.44576050e+01
 1.64901672e+01
 2.08011108e+01
 1.88492065e+01
 1.39382263e+01
 6.30907593e+00
 4.45641479e+00
 2.73970947e+00
 -2.01682129e+00
 -6.95013428e-01
 7.54851685e+00
 1.14927917e+01
 1.59255615e+01
 1.82349182e+01
 2.07757507e+01
 1.86140991e+01
 1.30775391e+01
 1.21836182e+01
 7.29262695e+00
 2.29625854e+00
 2.13952026e+00
 1.60119019e+00
 6.82644043e+00
 1.28300720e+01
 1.40492798e+01
 1.81104675e+01
 2.12278687e+01
 1.82739807e+01
 1.52547546e+01
 1.28282715e+01
 3.39342651e+00
 -2.77420654e+00
 3.65096436e+00
 4.36217651e+00
 6.28386841e+00
 1.10004211e+01
 1.49792725e+01
 1.85226990e+01
 1.87859436e+01
 2.05395142e+01
 1.55297791e+01
 9.64727173e+00
 5.56234131e+00
 2.91704712e+00
 2.26543579e+00
 4.38341675e+00
 5.32879028e+00
 1.12409912e+01
 1.93659607e+01
 1.78992859e+01
 2.02517944e+01
 2.19002625e+01
 1.56685425e+01
 1.07327515e+01
 7.08101807e+00
 3.03515015e+00
 4.61513672e+00
 5.40264282e+00
 4.67052612e+00
 1.17312866e+01
 1.42494141e+01
 1.81294189e+01
 2.36382996e+01
 1.75297485e+01
 1.52188965e+01
 1.21044250e+01
 2.39064941e+00
 4.99093018e+00
 -5.77703857e-01
 -5.33361816e-01
 7.45821533e+00
 1.30945374e+01
 1.56032959e+01
 1.75749146e+01
 1.93270203e+01
 2.01662231e+01
 1.40698792e+01
 1.13317200e+01
 1.59343872e+00
 2.82741699e+00
 1.74676514e-01
 1.09789429e+00
 3.30773315e+00
 1.08453613e+01
 1.64421021e+01
 1.87630249e+01
 2.13213440e+01
 2.04484497e+01
 1.73309875e+01
 1.03960205e+01
 4.82363281e+00
 -2.33457031e+00
 2.61058960e+00
 6.43807373e+00
 7.82518921e+00
 1.04849182e+01
 1.51213623e+01
 1.86730896e+01
 1.77332092e+01
 1.63953186e+01
 1.46721741e+01
 9.54412231e+00
 2.30666504e+00
 -2.04770508e+00
 6.54168701e-01
 4.27794800e+00
 9.20137939e+00
 1.01529480e+01
 1.31382996e+01
 1.82838684e+01
 2.06990601e+01
 1.87744080e+01
 1.53261047e+01
 8.68297729e+00
 8.13396606e+00
 2.13359985e+00
 2.01522217e+00
 7.44073486e-01
 3.11376343e+00
 1.11924988e+01
 1.91038147e+01
 2.21092468e+01
 2.06559998e+01
 1.88838745e+01
 1.91971375e+01
 1.43581787e+01
 7.40862427e+00
 5.58303223e+00
 1.06389771e+00
 1.77245483e+00
 5.98528442e+00
 1.40038391e+01
 1.65676208e+01
 2.06961304e+01
 2.11820618e+01
 2.24244324e+01
 1.62867371e+01
 1.32248474e+01
 4.45583496e+00
 5.80870972e+00
 4.14791260e+00
 5.22933350e+00
 3.80196533e+00
 1.12997070e+01
 1.43842712e+01
 1.51911865e+01
 1.88309875e+01
 1.95966736e+01
 1.68845764e+01
 1.17885071e+01
 1.89031372e+00
 1.77541504e+00
 3.36336670e+00
 4.81865845e+00
 4.10213623e+00
 1.08011108e+01
 1.51546875e+01
 1.89335571e+01
 1.99997803e+01
 1.87961060e+01
 1.53869263e+01
 1.28167969e+01
 5.10137329e+00
 1.51128540e+00
 5.33519897e+00
 5.50457153e+00
 5.02654419e+00
 9.46337280e+00
 1.54359680e+01
 1.54826294e+01
 1.91932007e+01
 1.68104187e+01
 1.21730286e+01
 9.18706665e+00
 2.72734985e+00
 4.11000977e+00
 4.32406006e+00
 4.13048706e+00
 7.97573242e+00
 1.25750366e+01
 1.39455505e+01
 1.78804871e+01
 1.87584167e+01
 1.96356750e+01
 1.60009399e+01
 1.15118347e+01
 7.36242065e+00
 4.02224121e+00
 2.63579712e+00
 3.78807983e+00
 4.67891846e+00
 1.37039429e+01
 1.52247864e+01
 2.07900940e+01
 2.19639221e+01
 2.09678894e+01
 1.75243164e+01
 1.11186157e+01
 3.96370850e+00
 1.64299927e+00
 1.71349487e+00
 3.01159058e+00
 7.31166992e+00
 8.42830811e+00
 1.47953735e+01
 1.94177795e+01
 2.31453491e+01
 1.83808533e+01
 1.44656921e+01
 8.78041992e+00
 6.12438354e+00
 3.40786133e+00
 -1.51883545e+00
 5.36401367e-01
 8.10750732e+00
 1.50492493e+01
 1.52666870e+01
 1.91396423e+01
 2.10298401e+01
 2.07492615e+01
 1.61718689e+01
 1.28753601e+01
 9.71660767e+00
 4.16973267e+00
 6.03942261e+00
 2.05788574e+00
 4.83492432e+00
 5.92336426e+00
 1.35530029e+01
 1.80615784e+01
 1.97897888e+01
 2.24293762e+01
 1.67472778e+01
 9.10399780e+00
 5.21337280e+00
 1.08364258e+00
 2.18969116e+00
 3.25106201e+00
 5.96648560e+00
 9.55370483e+00
 1.70332886e+01
 1.92903076e+01
 2.22109924e+01
 2.43166443e+01
 1.82359253e+01
 1.18413025e+01
 6.39916382e+00
 1.61434326e+00
 3.90245972e+00
 3.14296875e+00
 9.42995605e+00
 1.08323303e+01
 1.69371277e+01
 1.82652832e+01
 1.95631348e+01
 2.17717529e+01
 1.49798523e+01
 1.21765076e+01
 5.64629517e+00
 9.01849365e-01
 4.40820313e-01
 1.02919922e+00
 7.93157349e+00
 1.22629944e+01
 1.58791443e+01
 1.97413269e+01
 1.83306824e+01
 1.81456543e+01
 1.49346558e+01
 1.04625488e+01
 4.83092651e+00
 2.71834717e+00
 4.50243530e+00
 4.53441772e+00
 7.43163452e+00
 1.08182922e+01
 1.46443115e+01
 1.92572876e+01
 2.03902222e+01
 2.08406921e+01
 1.63337952e+01
 1.11768433e+01
 8.76506958e+00
 5.84005127e+00
 1.84832153e+00
 6.02745972e+00
 5.53862915e+00
 9.20671997e+00
 1.70605408e+01
 1.87436768e+01
 2.09420105e+01
 1.89710022e+01
 1.58519836e+01
 1.06755615e+01
 5.41393433e+00
 6.75775146e-01
 -5.61437988e-01
 -1.40356445e-01
 5.89718018e+00
 1.09582764e+01
 1.53165222e+01
 1.87002502e+01
 2.10263916e+01
 2.17981506e+01
 1.50442444e+01
 9.65746460e+00
 6.83422241e+00
 3.88033447e+00
 2.58486328e+00
 7.99486694e+00
 5.55611572e+00
 1.27474304e+01
 1.38063904e+01
 1.92727600e+01
 2.15681091e+01
 1.89382263e+01
 1.52533508e+01
 8.99385986e+00
 5.65920410e+00
 9.25012207e-01
 -1.36682739e+00
 3.10634766e+00
 8.90679321e+00
 1.40291992e+01
 1.97534424e+01
 1.80264526e+01
 2.01895081e+01
 1.90966125e+01
 1.72979370e+01
 1.19300781e+01
 2.76601563e+00
 -2.93173828e+00
 -9.68206787e-01
 6.80483398e+00
 8.03881226e+00
 1.17365051e+01
 1.74085938e+01
 2.01659485e+01
 2.35942017e+01
 2.16437012e+01
 1.79449097e+01
 1.20260254e+01
 1.01410156e+01
 -2.53140869e+00
 2.68642578e+00
 -2.04868164e+00
 3.49141846e+00
 1.20926147e+01
 1.53823792e+01
 1.81361023e+01
 2.22986389e+01
 2.01835571e+01
 1.55326782e+01
 1.43823486e+01
 7.13198242e+00
 1.61431885e-01
 3.77740479e-01
 3.43194580e-01
 3.73598633e+00
 1.06609741e+01
 1.44739014e+01
 1.67554260e+01
 1.88106628e+01
 2.04176575e+01
 1.50696960e+01
 1.34580627e+01
 3.53441772e+00
 5.20653687e+00
 2.59301147e+00
 3.72997437e+00
 4.74117432e+00
 1.30271240e+01
 1.63196350e+01
 1.91802307e+01
 2.07938477e+01
 2.07633301e+01
 1.62197510e+01
 1.13325439e+01
 9.66497192e+00
 3.50649414e+00
 1.68636475e+00
 5.51049805e-01
 9.35665283e+00
 1.14775330e+01
 1.82583557e+01
 2.12919556e+01
 2.44139343e+01
 2.04139648e+01
 1.61836487e+01
 1.09180542e+01
 6.69124756e+00
 1.06231079e+00
 5.17999268e-01
 3.18166504e+00
 5.60646973e+00
 9.69310913e+00
 1.78081299e+01
 1.89841858e+01
 2.40978943e+01
 2.04562927e+01
 1.75942932e+01
 1.03982178e+01
 5.02593384e+00
 3.57622681e+00
 1.86577759e+00
 3.12526855e+00
 4.64458618e+00
 1.20765015e+01
 1.53814026e+01
 1.93719727e+01
 2.23337036e+01
 2.17364441e+01
 1.53130127e+01
 1.32826172e+01
 7.05111084e+00
 3.41939697e+00
 -8.73541260e-01
 7.46239624e+00
 6.95897827e+00
 1.08058105e+01
 1.46417175e+01
 1.93714233e+01
 2.17272278e+01
 1.96711060e+01
 1.78651978e+01
 1.35922180e+01
 2.69017944e+00
 6.76751709e-01
 -1.76572266e+00
 7.55587158e+00
 6.07052002e+00
 9.08245239e+00
 1.50816589e+01
 1.83974243e+01
 2.10421692e+01
 1.91826416e+01
 1.46957336e+01
 1.14905334e+01
 6.02187500e+00
 4.37005615e-01
 1.72405396e+00
 1.83986816e+00
 3.68386230e+00
 9.05349121e+00
 1.47877747e+01
 1.67708984e+01
 2.00377136e+01
 1.80419556e+01
 1.49468323e+01
 9.04818115e+00
 8.63231812e+00
 5.04509888e+00
 3.09780273e+00
 4.90224609e+00
 9.11879883e+00
 1.15467163e+01
 1.84576050e+01
 2.07780090e+01
 2.09105469e+01
 2.05737244e+01
 1.59541260e+01
 1.26683594e+01
 7.61861572e+00
 3.82146606e+00
 1.53649902e-01
 2.88665161e+00
 4.57091675e+00
 1.17018677e+01
 1.54521118e+01
 1.82036987e+01
 2.27271667e+01
 1.97812744e+01
 1.58557373e+01
 1.13738647e+01
 5.05123291e+00
 2.92952881e+00
 5.23610840e+00
 5.03298340e+00
 5.54931030e+00
 1.16378723e+01
 1.38437744e+01
 1.85268188e+01
 2.30632568e+01
 2.44367004e+01
 1.85677429e+01
 1.45124451e+01
 5.34240112e+00
 -5.09649658e-01
 3.83767090e+00
 2.60308228e+00
 1.04927002e+01
 1.33103577e+01
 1.38295532e+01
 1.92189270e+01
 2.23765198e+01
 1.95863281e+01
 1.59576660e+01
 1.01065002e+01
 5.59426270e+00
 3.70464478e+00
 1.23651123e-01
 4.77098999e+00
 8.68959961e+00
 1.06157471e+01
 1.40660034e+01
 1.85805298e+01
 2.08825928e+01
 2.15172363e+01
 1.93001038e+01
 1.01195618e+01
 7.01674805e+00
 3.63851318e+00
 -6.40509033e-01
 3.47384033e+00
 6.64232788e+00
 1.07514587e+01
 1.72842346e+01
 1.75727783e+01
 2.45994507e+01
 2.03119446e+01
 1.55172974e+01
 1.12017761e+01
 8.88231812e+00
 2.04750977e+00
 1.08391724e+00
 3.22423706e+00
 6.31026611e+00
 1.47188660e+01
 1.61354004e+01
 2.16239868e+01
 2.46354614e+01
 2.00319763e+01
 1.95805298e+01
 9.92089233e+00
 6.04213867e+00
 -3.61578979e+00
 1.41243896e+00
 4.48272095e+00
 6.19164429e+00
 1.01874023e+01
 1.82932678e+01
 2.01155640e+01
 2.20858398e+01
 2.28402344e+01
 1.71948486e+01
 9.14794312e+00
 7.68044434e+00
 1.12175903e+00
 1.78600464e+00
 -2.32824707e-01
 8.05153809e+00
 1.36047302e+01
 1.62662598e+01
 2.23249756e+01
 2.42715088e+01
 2.11920715e+01
 1.94855896e+01
 1.34863831e+01
 6.99007568e+00
 3.25060425e+00
 1.75847778e+00
 6.19667969e+00
 1.03551270e+01
 1.26723877e+01
 1.89780518e+01
 1.90572754e+01
 1.96672607e+01
 2.28575073e+01
 1.78399597e+01
 1.51427246e+01
 9.41744385e+00
 3.62120972e+00
 1.35115967e+00
 3.67534790e+00
 7.57845459e+00
 1.40694519e+01
 1.92739197e+01
 1.98687988e+01
 2.39303223e+01
 2.22653137e+01
 1.97645203e+01
 1.20040833e+01
 8.18029175e+00
 -1.75195923e+00
 7.83929443e-01
 2.85012207e+00
 4.49254761e+00
 8.32665405e+00
 1.56364990e+01
 1.86116882e+01
 2.22944885e+01
 2.18845154e+01
 1.86823059e+01
 1.16427246e+01
 8.96105347e+00
 -4.01682129e+00
 4.25378418e-01
 2.64541016e+00
 7.37676392e+00
 1.27779785e+01
 1.64586121e+01
 1.81414124e+01
 2.20228821e+01
 2.09171997e+01
 1.74987122e+01
 1.08210388e+01
 2.54509888e+00
 3.58425293e+00
 5.70888672e+00
 5.80211792e+00
 5.66942749e+00
 1.20598083e+01
 1.66466003e+01
 1.98026672e+01
 2.12056213e+01
 1.84758545e+01
 1.60724121e+01
 1.25606934e+01
 3.15700684e+00
 -1.39279785e+00
 3.96547852e+00
 5.79866943e+00
 8.39681396e+00
 1.10620667e+01
 1.57384583e+01
 1.92348572e+01
 2.34631287e+01
 2.21112000e+01
 1.49709106e+01
 9.58721313e+00
 5.12001953e+00
 -7.13964844e-01
 -2.71277466e+00
 5.09835205e+00
 1.04402710e+01
 1.21181580e+01
 1.53766418e+01
 1.91915222e+01
 2.05204102e+01
 1.99577576e+01
 1.83296753e+01
 1.22641235e+01
 6.47838745e+00
 4.53655396e+00
 8.16674805e-01
 5.33114014e+00
 7.76778564e+00
 1.25172668e+01
 1.49316956e+01
 1.94722534e+01
 2.31709229e+01
 1.73008057e+01
 1.58980042e+01
 1.00367371e+01
 7.48226318e+00
 3.98912964e+00
 1.37020264e+00
 2.05950317e+00
 7.67525635e+00
 9.70864258e+00
 1.51231018e+01
 1.83188110e+01
 2.13656555e+01
 2.24394775e+01
 1.64829346e+01
 1.28420044e+01
 5.98973999e+00
 5.11224365e-01
 -1.17032471e+00
 2.77327881e+00
 7.59566650e+00
 1.28476196e+01
 1.57265869e+01
 1.86192871e+01
 2.29651123e+01
 1.94250732e+01
 1.61191956e+01
 1.31306091e+01
 3.86187134e+00
 4.81752930e+00
 7.22609863e+00
 3.94307861e+00
 6.33745728e+00
 1.13955017e+01
 1.54150024e+01
 1.91364380e+01
 2.25018555e+01
 2.29520203e+01
 1.62208191e+01
 1.12182861e+01
 6.35289917e+00
 3.18541870e+00
 3.12056885e+00
 4.99486694e+00
 7.85543213e+00
 1.35609070e+01
 1.72296082e+01
 1.92679382e+01
 2.37245117e+01
 2.16338440e+01
 1.90468994e+01
 9.61574707e+00
 7.95360718e+00
 9.53424072e-01
 3.41301880e+00
 7.35076294e+00
 8.50737915e+00
 9.65911255e+00
 1.65187927e+01
 1.88599487e+01
 2.54064270e+01
 2.19900146e+01
 2.29789978e+01
 1.61970154e+01
 7.90923462e+00
 3.38433838e-01
 4.69478760e+00
 2.48699341e+00
 8.55666504e+00
 1.22988831e+01
 1.92801147e+01
 1.94905334e+01
 2.11153503e+01
 2.23584839e+01
 1.80265137e+01
 1.01163879e+01
 1.71755371e+00
 2.14132080e+00
 8.52716064e-01
 2.69768677e+00
 8.16466675e+00
 1.19663025e+01
 1.66968323e+01
 2.04228149e+01
 2.40570618e+01
 2.46826416e+01
 1.58245483e+01
 1.03573547e+01
 8.41802368e+00
 2.48647461e+00
 2.15560303e+00
 -1.86865234e-01
 5.35006104e+00
 1.38765808e+01
 1.75338074e+01
 2.13942505e+01
 2.45044189e+01
 2.15788208e+01
 1.84406372e+01
 1.48411194e+01
 8.18084106e+00
 6.09639893e+00
 -6.59094238e-01
 5.34432373e+00
 7.85711060e+00
 1.26025024e+01
 1.41642700e+01
 1.86535278e+01
 2.23037659e+01
 2.10769592e+01
 1.38095337e+01
 1.31669250e+01
 6.41796265e+00
 5.03603516e+00
 2.67437134e+00
 5.30828247e+00
 6.76055298e+00
 1.45589233e+01
 1.74731689e+01
 1.96204773e+01
 2.54012085e+01
 2.25919128e+01
 1.68751770e+01
 1.27656494e+01
 8.75478516e+00
 3.07448730e+00
 1.45385132e+00
 8.16808472e+00
 8.06987915e+00
 1.46748901e+01
 1.63354431e+01
 1.77452026e+01
 2.24458557e+01
 1.81722961e+01
 1.54449097e+01
 1.44357239e+01
 1.36373291e+00
 3.32106934e+00
 -2.60611572e+00
 3.49419556e+00
 9.88021240e+00
 1.19761902e+01
 1.48373352e+01
 1.84179932e+01
 2.13753601e+01
 1.93382202e+01
 1.68048340e+01
 1.39902588e+01
 4.34920654e+00
 3.73327026e+00
 -4.13824463e-01
 2.91677246e+00
 8.04342041e+00
 9.70339355e+00
 1.57239929e+01
 1.77517029e+01
 2.04280945e+01
 2.20140625e+01
 1.64489075e+01
 1.11368347e+01
 6.73943481e+00
 5.09591064e+00
 2.71318970e+00
 1.66390381e+00
 6.37581787e+00
 1.08253113e+01
 1.64496704e+01
 1.98426147e+01
 2.10402466e+01
 2.02368408e+01
 1.58700806e+01
 1.16780334e+01
 5.90596924e+00
 6.32994995e+00
 4.92366943e+00
 5.30510864e+00
 5.51192627e+00
 1.41501404e+01
 1.60534912e+01
 2.14655090e+01
 2.28303772e+01
 2.13613831e+01
 1.64572083e+01
 1.32519165e+01
 6.71035156e+00
 -1.05237427e+00
 4.57195435e+00
 4.32967529e+00
 6.40807495e+00
 1.33054138e+01
 1.34607788e+01
 1.96559082e+01
 2.19089600e+01
 2.18175293e+01
 1.75897156e+01
 1.22730347e+01
 5.56405029e+00
 4.56228027e+00
 4.52187500e+00
 8.21059570e+00
 8.31893311e+00
 1.11345459e+01
 1.73929688e+01
 2.03288513e+01
 2.05238586e+01
 2.27410217e+01
 1.90059143e+01
 1.30856262e+01
 9.04992065e+00
 2.10741577e+00
 2.49978027e+00
 3.92510376e+00
 8.15783081e+00
 1.34626099e+01
 1.33474670e+01
 1.82403503e+01
 2.12110535e+01
 1.91254822e+01
 1.60318237e+01
 1.20412537e+01
 2.96062622e+00
 -3.45679321e+00
 -1.02115479e+00
 3.30870972e+00
 6.31203613e+00
 1.40144592e+01
 1.65816589e+01
 2.21720215e+01
 2.29887939e+01
 2.02495361e+01
 1.58159424e+01
 1.15743042e+01
 4.14348755e+00
 -4.35278320e-01
 4.03334961e+00
 9.24804077e+00
 9.62972412e+00
 1.09603516e+01
 1.31531921e+01
 1.83608337e+01
 2.12839905e+01
 2.09463440e+01
 1.79793030e+01
 1.09797607e+01
 7.10259399e+00
 1.13173828e+00
 -1.70874634e+00
 1.24200439e-01
 6.55736694e+00
 1.18318726e+01
 1.73360229e+01
 1.90656067e+01
 2.18059937e+01
 2.18224731e+01
 1.71196533e+01
 1.24510132e+01
 3.82744751e+00
 -2.53668213e-01
 4.13622437e+00
 4.37548218e+00
 8.17577515e+00
 1.27119385e+01
 1.50636841e+01
 1.81767212e+01
 2.26857239e+01
 2.28749329e+01
 1.72722412e+01
 1.14533325e+01
 8.44176636e+00
 4.04241333e+00
 4.11907349e+00
 5.38283691e+00
 6.09563599e+00
 1.08383423e+01
 1.67951294e+01
 2.09170471e+01
 2.06596924e+01
 2.17330872e+01
 1.94273010e+01
 1.28560730e+01
 7.57830200e+00
 2.60378418e+00
 1.12175903e+00
 7.08215332e-01
 6.82122192e+00
 1.50553223e+01
 1.50872742e+01
 1.84427734e+01
 2.23758179e+01
 2.00316711e+01
 1.82319885e+01
 1.52314087e+01
 7.09792480e+00
 6.67266235e+00
 2.13063965e+00
 8.80877075e+00
 8.69939575e+00
 1.35786072e+01
 1.70934998e+01
 1.98121582e+01
 2.12075439e+01
 2.35798279e+01
 1.76947876e+01
 1.02150208e+01
 6.79943237e+00
 1.40401611e+00
 5.41762695e+00
 7.53750000e+00
 8.49889526e+00
 1.18833557e+01
 1.81083618e+01
 2.05483643e+01
 2.49546753e+01
 2.34591614e+01
 1.66737610e+01
 1.31543213e+01
 5.55422363e+00
 5.50985107e+00
 1.04207764e+00
 4.36376343e+00
 4.28295288e+00
 7.82473145e+00
 1.47191711e+01
 2.09289795e+01
 2.06195923e+01
 2.13687988e+01
 1.78157898e+01
 1.21755310e+01
 7.72286377e+00
 7.45369873e+00
 3.83123169e+00
 4.72173462e+00
 8.84737549e+00
 1.41110474e+01
 1.65925842e+01
 1.97154480e+01
 2.38922363e+01
 2.39465576e+01
 1.77873779e+01
 1.12876526e+01
 7.54165039e+00
 9.92675781e-02
 -5.11759033e+00
 2.42974854e-01
 6.41930542e+00
 1.26788574e+01
 1.64150635e+01
 1.78012634e+01
 2.11012512e+01
 2.15273987e+01
 1.60885559e+01
 1.25336243e+01
 1.01952454e+01
 5.04171143e+00
 7.13051758e+00
 5.31121216e+00
 9.58532104e+00
 1.32129150e+01
 1.59950500e+01
 2.02134644e+01
 2.31486145e+01
 2.14756714e+01
 2.05833069e+01
 1.40437256e+01
 9.20775757e+00
 3.73323975e+00
 3.78218994e+00
 7.84560547e+00
 8.84130249e+00
 1.40458923e+01
 1.58889404e+01
 2.15106445e+01
 2.45650879e+01
 2.45180603e+01
 1.88545471e+01
 1.29558044e+01
 6.27132568e+00
 1.12996826e+00
 3.43227539e+00
 3.56240234e+00
 7.93612061e+00
 1.21878601e+01
 1.80078979e+01
 2.04666687e+01
 2.28078857e+01
 2.08700806e+01
 2.01331421e+01
 1.27942444e+01
 9.89388428e+00
 4.56445313e-01
 1.22014771e+00
 4.93105469e+00
 1.11469666e+01
 1.33649231e+01
 1.49281555e+01
 2.07195984e+01
 2.23901001e+01
 2.17763000e+01
 1.86092163e+01
 1.24458557e+01
 8.76409302e+00
 2.30764160e+00
 3.29976807e+00
 2.75457153e+00
 8.87981567e+00
 1.09020325e+01
 1.61219421e+01
 2.09882446e+01
 2.03796021e+01
 2.09899536e+01
 1.63247620e+01
 1.18044678e+01
 7.96877441e+00
 3.81484375e+00
 4.36809692e+00
 1.87532959e+00
 6.91332397e+00
 1.52539307e+01
 1.75503479e+01
 1.89105469e+01
 2.21735474e+01
 2.23737122e+01
 1.70735413e+01
 1.39763733e+01
 6.67312012e+00
 5.17107544e+00
 6.09725342e+00
 6.10485229e+00
 1.03025452e+01
 1.40903564e+01
 1.60181519e+01
 2.02230469e+01
 2.21867310e+01
 2.18442322e+01
 1.65795837e+01
 1.20138489e+01
 1.24546448e+01
 2.30269775e+00
