 3.98346339e+01
 4.50156763e+01
 9.98706553e+01
 4.43232169e+01
 5.47608789e+01
 6.66583920e+01
 6.35273319e+01
 4.97863035e+01
 6.15907002e+01
 6.64699988e+01
 1.05818433e+02
 1.58793592e+01
 3.30940432e+01
 6.31105553e+01
 4.91743047e+01
 3.60085861e+01
 8.59228941e+01
 3.07767713e+01
 2.50718536e+01
 2.63173244e+01
 1.02925315e+02
 7.47128405e+01
 1.14622407e+02
 1.22775157e+01
 1.95389942e+01
 2.56324060e+01
 4.42483127e+01
 4.75309026e+01
 1.06394842e+02
 7.89373312e+01
 1.69656271e+01
 1.61588550e+01
 3.45666101e+01
 6.70024869e+01
 7.55010096e+01
 1.87663272e+01
 4.51943345e+01
 3.22756393e+01
 1.58454417e+01
 5.19903779e+01
 1.12522031e+02
 4.00613445e+01
 8.55937821e+01
 6.65667807e+01
 1.72153727e+01
 7.33007942e+01
 5.30747583e+01
 2.22048120e+01
 2.82938872e+01
 5.29884127e+00
 3.33944520e+01
 5.37848527e+01
 1.62784159e+01
 9.46461655e+01
 3.08230009e+01
 4.73383717e+01
 3.00137955e+01
 6.93676096e+01
 4.18245223e+01
 5.00337758e+01
 2.31590870e+01
 2.82811412e+01
 4.85847073e+01
 4.74632779e+01
 7.40494033e+01
 9.07126002e+01
 2.41415877e+01
 4.10063064e+01
 1.05809342e+01
 1.66161964e+01
 3.74754705e+01
 4.59203474e+01
 1.47535759e+01
 1.38612841e+01
 3.28648579e+01
 7.44661631e+01
 1.01378572e+02
 8.21173503e+01
 4.52791362e+01
 4.25386663e+01
 5.34350413e+01
 5.68480064e+01
 6.76395226e+01
 7.26009097e+01
 2.42326524e+01
 5.77192353e+01
 8.37951050e+01
 2.72838932e+01
 4.83576681e+01
 8.79785795e+01
 3.41946165e+01
 2.08041320e+01
 5.60794427e+01
 8.37101182e+01
 1.47977830e+02
 8.27799985e+01
 6.91353964e+01
 6.61579537e+01
 3.13800632e+01
 8.16969015e+01
 4.40681761e+01
 6.14851071e+01
 1.75343530e+01
 5.38506807e+01
 4.05125669e+01
 7.11244071e+01
 5.43716452e+01
 3.86674631e+01
 7.53877560e+01
 1.84476076e+01
 5.17649125e+01
 3.95579431e+01
 4.45864087e+01
 9.99244542e+01
 7.67916710e+01
 9.88524697e+01
 7.13835663e+01
 6.45620920e+01
 8.01728169e+01
 4.68126654e+01
 4.07756132e+01
 5.16914756e+01
 6.66578137e+01
 1.07230389e+02
 4.80730615e+01
 5.74944122e+01
 3.19995283e+01
 1.71294658e+01
 8.50952404e+01
 1.27300202e+02
 3.91596492e+01
 6.04481569e+00
 3.61766797e+01
 2.72977881e+01
 2.96583489e+01
 3.70422916e+01
 2.15356844e+01
 4.51756894e+01
 9.14616547e+01
 3.63192132e+00
 2.89738523e+01
 3.31699390e+01
 4.20844551e+01
 4.71456068e+01
 1.68677161e+01
 9.05770489e-01
 2.43154273e+01
 4.47585787e+01
 9.97499276e+01
 4.11979132e+01
 3.46709111e+01
 9.08145971e+01
 9.47452557e+00
 4.90311708e+01
 2.72973964e+01
 7.86494939e+01
 2.19896483e+01
 8.97296544e+00
 5.38702466e+01
 6.71962163e+01
 4.53810532e+01
 9.51739236e+01
 5.43892588e+01
 1.46393194e+02
 3.97414486e+01
 5.57520006e+01
 3.83653363e+01
 6.06027144e+00
 7.19577205e+01
 5.63902274e+01
 2.10933206e+01
 9.42633975e+01
 4.13104106e+01
 3.90032680e+01
 5.75330411e+01
 1.89889792e+01
 6.71004960e+01
 4.57202941e+01
 7.24028445e+01
 6.19749871e+01
 6.17803271e+01
 3.07743210e+01
 2.49543487e+01
 1.66320646e+01
 7.23357765e+01
 4.26254572e+01
 1.68460853e+02
 1.26889301e+01
 7.88176549e+01
 4.56217437e+01
 2.02696712e+01
 1.40072627e+01
 8.25794191e+01
 2.64748815e+01
 3.79920408e+01
 5.73234010e+01
 6.61190992e+01
 5.38308034e+01
 9.15588410e+01
 4.15228533e+01
 4.77492459e+01
 9.74948629e+01
 1.17422304e+02
 6.20896151e+01
 4.23523763e+01
 2.50777957e+01
 3.09581496e+01
 5.90167948e+01
 8.77570197e+01
 5.10053434e+01
 5.35210669e+01
 1.14953435e+01
 9.68185662e+01
 1.31701111e+02
 2.98136419e+01
 3.73012377e+01
 1.62442061e+01
 2.02369782e+01
 2.16683046e+01
 7.63767310e+01
 1.60817584e+01
 6.85684318e+01
 3.14262569e+01
 1.15657287e+02
 1.08270912e+02
 9.11100606e-01
 8.92182189e+01
 5.90953344e+01
 4.44749378e+01
 3.07241532e+01
 6.17555433e+01
 3.69776184e+01
 2.44610582e+01
 6.30332655e+01
 2.00951978e+01
 2.50184981e+01
 1.08133334e+02
 6.76749189e+00
 6.41728188e+01
 7.95620720e+00
 3.79440275e+01
 3.16188648e+01
 4.84170186e+01
 6.07085667e+01
 4.98531763e+01
 1.18136769e+02
 4.84799012e+01
 5.25132293e+01
 2.67303591e+01
 1.94411624e+01
 3.70959274e+01
 5.04199680e+01
 3.47060357e+01
 2.23817594e+01
 2.59882099e+01
 1.17915615e+02
 9.00176482e+01
 1.19700533e+02
 7.02188763e+01
 1.70010306e+01
 1.15638553e+01
 1.08054707e+02
 7.50575666e+01
 6.67949405e+01
 8.01598958e+01
 1.00089477e+02
 7.13105021e+01
 8.52233609e+01
 4.90999729e+01
 2.86037153e+01
 1.80825532e+01
 2.03594431e+01
 5.68360300e+01
 1.34985587e+02
 9.56115439e+01
 2.70664890e+01
 7.41073653e+01
 6.41988108e+00
 4.73973372e+01
 5.83242867e+01
 7.19495599e+01
 3.95013416e+01
 8.16472580e+01
 9.37411865e+01
 1.32616185e+01
 6.01358093e+01
 3.57957332e+01
 2.71746080e+01
 7.88859798e+01
 7.07878421e+01
 3.94612769e+01
 9.98932610e+01
 3.57231080e+01
 6.55040154e+01
 4.86865268e+01
 8.39248751e+01
 6.46777242e+01
 9.35357545e+01
 9.60383483e+01
 6.61580069e+01
 2.68314208e+01
 2.94732783e+01
 1.14463584e+02
 1.63219996e+02
 3.37493856e+01
 9.46385275e+01
 2.67659584e+01
 1.17002785e+01
 1.52390367e+01
 8.98606973e+00
 5.29503625e+01
 7.41779018e+01
 6.47157445e+01
 3.98786612e+01
 3.92954420e+01
 4.60059222e+01
 2.75510903e+01
 3.03950477e+01
 1.02931492e+01
 7.13474561e+01
 2.56529189e+01
 1.00565643e+02
 4.67001088e+01
 5.25788793e+01
 2.60167573e+01
 5.55792022e+01
 4.64222492e+01
 1.11350690e+02
 9.20685379e+01
 4.83250434e+01
 7.88064642e+01
 5.62723136e+01
 7.40604622e+01
 8.82930448e+01
 1.12806006e+01
 3.75645488e+01
 4.79498735e+01
 3.10957225e+01
 3.96890761e+01
 5.56719644e+01
 4.75698297e+01
 6.60796007e+01
 6.81624130e+01
 5.03390151e+01
 4.29295254e+01
 8.79769896e+01
 3.51749846e+01
 7.07397106e+01
 1.47354777e+01
 1.89205930e+01
 1.36613384e+02
 7.74628559e+01
 4.83159737e+01
 5.14435624e+01
 7.78399362e+01
 2.06939619e+01
 1.05352005e+01
 9.34792688e+01
 5.35466317e+01
 4.14753905e+01
 7.35445053e+00
 2.68372781e+01
 2.96889888e+01
 5.11685092e+01
 8.48495090e+01
 5.39100736e+01
 3.36293473e+01
 4.95214139e+01
 6.36822794e+01
 5.83182047e+01
 3.83852847e+01
 7.59755167e+01
 4.61098772e+01
 5.44480054e+01
 4.92648651e+01
 3.14779972e+01
 1.38403330e+02
 1.03492913e+02
 9.50116530e+01
 3.78698345e+01
 1.69378219e+01
 6.60817214e+01
 9.86272468e+01
 5.33876866e+01
 8.67991979e+01
 3.57901266e+01
 1.49632185e+01
 5.40902128e+01
 1.20997661e+02
 1.00458162e+02
 2.02427884e+01
 7.05511649e+01
 6.34206682e+01
 1.09062418e+02
 4.84593215e+01
 3.82887274e+01
 6.54686508e+01
 3.47633361e+01
 8.70199181e+01
 2.66341933e+01
 1.04029525e+02
 5.29052841e+01
 6.10921403e+01
 4.09200285e+01
 9.55104487e+01
 1.09292266e+01
 8.15774468e+01
 7.98723758e+01
 4.51102149e+01
 2.59961886e+01
 3.44738711e+01
 7.58904821e+01
 6.30477828e+01
 6.80460250e+01
 3.90708120e+01
 3.63523244e+01
 2.82361479e+01
 6.28052020e+01
 2.39757464e+01
 5.16330085e+01
 3.85753461e+01
 1.24210052e+01
 9.09561075e+00
 9.37838154e+01
 5.10521563e+01
 2.71001166e+01
 2.01306330e+01
 1.76743031e+01
 7.07829972e+01
 9.48061529e+01
 5.84773156e+01
 9.01117651e+01
 1.15765143e+02
 3.25663979e+01
 3.36392374e+01
 3.68967239e+01
 6.57902697e+01
 1.83288401e+01
 1.98838135e+01
 8.00574916e+01
 1.74048366e+01
 5.72507146e+01
 2.49980586e+01
 4.92143816e+01
 2.44887797e+01
 4.04456655e+01
 1.34654996e+01
 3.18548999e+01
 2.74135616e+01
 6.26931101e+01
 1.62068051e+01
 1.60686040e+01
 5.01363832e+01
 5.67083949e+01
 5.58742585e+01
 7.14232642e+01
 4.09502396e+01
 2.86761168e+01
 6.96870801e+01
 9.58360589e+00
 6.29668299e+01
 2.22367415e+01
 2.41299705e+01
 2.90998006e+01
 5.22675763e+01
 2.60764269e+01
 8.03777984e+01
 4.87106334e+01
 2.35441805e+01
 4.14194080e+01
 2.01977798e+01
 5.77597859e+01
 1.89382757e+02
 1.01850572e+02
 2.90934183e+01
 1.10485767e+02
 2.46302720e+01
 3.09721005e+01
 3.92049987e+01
 3.69932067e+01
 3.64296744e+01
 5.35061182e+01
 4.60114291e+01
 6.17261145e+01
 1.01292572e+02
 2.25083764e+01
 1.96976344e+01
 2.49435914e+01
 2.47107516e+01
 3.90107965e+01
 6.17665111e+01
 2.46656278e+01
 3.34505407e+01
 5.77820128e+01
 5.32929802e+01
 3.90381200e+01
 8.03789205e+01
 4.40066167e+01
 6.98533462e+01
 3.26057708e+01
 8.65030834e+00
 4.69747854e+01
 5.92066417e+01
 6.20491387e+01
 3.93126060e+01
 6.94925464e+01
 6.81578723e+01
 1.63827057e+02
 1.25859771e+02
 4.90507014e+01
 6.76788396e+01
 8.54122922e+00
 5.75685339e+01
 3.87888314e+01
 3.49455072e+01
 3.70589517e+01
 2.66562292e+01
 3.98259256e+01
 1.09188846e+02
 1.04723925e+02
 4.99283412e+01
 8.77579164e+01
 7.14961478e+00
 1.01878712e+01
 4.99099775e+01
 4.37758085e+01
 7.29472554e+01
 4.12680438e+01
 2.50919018e+01
 2.05263440e+01
 2.79255873e+01
 3.77465232e+01
 1.07525746e+02
 4.15136883e+01
 1.31348653e+02
 2.55965781e+01
 1.19906915e+01
 6.37340159e+01
 4.11723023e+01
 8.73321049e+01
 2.73492953e+01
 1.36096933e+01
 4.18664595e+01
 8.69946058e+01
 6.83250251e+01
 4.40686684e+01
 9.35897751e+01
 1.34428887e+01
 8.33744252e+01
 1.00702936e+02
 7.19438284e+01
 6.68302428e+01
 2.89442821e+01
 5.58014054e+01
 6.93473665e+01
 6.94361474e+01
 7.07229997e+01
 5.14180364e+01
 4.98977403e+01
 1.76732142e+01
 6.20411683e+01
 3.14746308e+01
 1.20628530e+01
 3.75705219e+01
 1.34417134e+01
 7.53269251e+00
 5.45919478e+01
 2.86287840e+01
 5.24864675e+01
 3.73680386e+01
 1.94581741e+01
 4.42593331e+01
 3.70824949e+01
 4.37741130e+01
 8.49812360e+01
 4.90913495e+01
 4.30000770e+01
 5.35877255e+01
 3.08173835e+01
 5.02752393e+01
 1.07655019e+02
 4.75192240e+01
 2.62589654e+01
 1.15469645e+01
 4.49992939e+01
 9.23718967e+01
 5.13879653e+01
 2.29993225e+01
 4.28626774e+01
 5.28610358e+01
 3.64032074e+01
 8.79029632e+01
 6.57324344e+01
 2.40094551e+01
 7.10704280e+00
 5.11171863e+00
 2.79608165e+01
 7.97285841e+00
 7.17719591e+01
 2.69844716e+01
 1.23179300e+01
 5.10731834e+01
 1.51033318e+01
 1.81964137e+01
 9.68266414e+01
 1.04875148e+02
 2.88000398e+01
 3.82520585e+01
 1.55618253e+02
 1.31515759e+01
 6.56788928e+01
 6.72243569e+01
 2.73911432e+01
 2.50957651e+01
 4.73880951e+01
 9.56098182e+01
 7.14767682e+01
 6.88581717e+01
 3.02742647e+01
 7.45851264e+01
 9.56541093e+01
 6.66462622e+01
 7.42235526e+01
 6.17634701e+01
 3.36241927e+01
 5.35887816e+01
 3.62302228e+01
 6.03558462e+01
 1.31977323e+02
 6.69304749e+01
 3.93502177e+01
 6.39125935e+01
 5.50101403e+01
 3.76678202e+01
 2.81169289e+01
 8.33282231e+01
 7.16001268e+01
 2.99828583e+01
 4.23946115e+01
 2.23955413e+01
 7.40460319e+01
 8.87190137e+01
 2.09899411e+02
 1.41069593e+01
 5.93070203e+00
 3.97219060e+01
 5.86739377e+01
 4.47243394e+01
 4.52686810e+01
 9.21056929e+00
 1.39105612e+01
 8.54222981e+01
 3.61060214e+01
 2.59324017e+01
 2.30221063e+01
 2.72430837e+01
 2.48130255e+01
 4.44767355e+01
 4.99256637e+01
 5.46925883e+01
 5.67596335e+01
 7.74989840e+00
 6.18228352e+00
 1.51067494e+01
 4.25767116e+01
 3.18392326e+01
 1.00444248e+01
 2.80754008e+01
 8.40415063e+01
 1.94970221e+01
 1.02141955e+01
 2.23341704e+01
 4.33067828e+01
 5.85428239e+01
 1.19186268e+02
 7.16173365e+01
 5.30677485e+01
 2.07507125e+01
 2.68588451e+01
 1.57275081e+01
 6.68414072e+01
 9.66204860e+00
 1.43943207e+02
 4.71166137e+01
 2.39495805e+01
 4.92650183e+01
 6.03078877e+01
 5.23703641e+01
 2.95937708e+01
 1.22556064e+02
 1.41796504e+01
 7.82144016e+01
 7.65443617e+01
 1.02990467e+02
 1.68548328e+01
 4.47101375e+01
 2.86036867e+01
 6.21107090e+01
 3.27091616e+01
 2.04902494e+01
 8.17755519e+01
 8.79510543e+01
 2.63161698e+01
 1.34407999e+01
 3.04652844e+01
 1.09871771e+02
 6.92752494e+01
 8.27177054e+01
 7.54902333e+01
 3.39537477e+01
 3.02731953e+01
 5.75551438e+01
 4.28187711e+01
 1.68007066e+02
 2.96495744e+01
 3.21415977e+01
 2.08887460e+01
 6.58404122e+01
 5.21378386e+01
 8.23526576e+01
 3.28326517e+01
 1.49639282e+01
 3.93395992e+01
 3.17901796e+01
 4.98287238e+01
 1.06273714e+02
 5.76980356e+01
 1.26966140e+02
 2.82926715e+01
 9.25034304e+01
 6.57760652e+01
 1.58331850e+01
 4.04665128e+01
 2.58857845e+01
 3.01099718e+01
 8.17362985e+01
 5.37895179e+01
 6.09226903e+01
 1.17359718e+01
 2.10025215e+01
 3.96792271e+01
 1.26289937e+00
 1.28066171e+01
 5.92808887e+01
 4.56235561e+01
 4.31446501e+01
 8.13133470e+01
 3.30494162e+01
 1.12376544e+02
 1.26036847e+02
 1.17709512e+02
 7.57224660e+01
 3.40710612e+01
 5.82725153e+01
 5.29617582e+01
 1.43413661e+01
 2.28211176e+01
 6.21516711e+00
 4.55595139e+01
 4.07948668e+01
 6.87261110e+01
 2.71316752e+01
 5.48717311e+01
 7.56111802e+01
 2.87771287e+01
 6.37315751e+01
 4.90524035e+01
 2.30705679e+01
 3.71733726e+01
 1.97016442e+01
 1.10060248e+02
 3.65632376e+01
 3.19199396e+01
 6.83508476e+01
 1.96740394e+01
 3.60188373e+01
 1.08324322e+02
 1.25115245e+02
 6.78154656e+01
 8.86895656e+01
 4.00142736e+01
 2.35786402e+01
 1.95216597e+01
 7.74557129e+01
 3.13596398e+01
 4.44103751e+01
 2.54825056e+01
 2.45087040e+00
 1.14069416e+02
 4.95244881e+01
 3.92669208e+01
 7.42230700e+01
 1.24421497e+01
 2.66095214e+01
 1.02380983e+02
 3.04240674e+01
 4.77596519e+01
 3.84110653e+01
 3.18314230e+01
 2.74388082e+01
 4.25951974e+01
 4.00914604e+01
 7.20466257e+01
 5.50016814e+01
 3.11864726e+01
 1.04473430e+02
 2.29190444e+01
 6.93054101e+01
 4.40555333e+01
 6.21675962e+01
 1.16305358e+02
 9.78587024e+01
 7.58381287e+01
 3.84787907e+01
 9.88435722e+01
 8.88381610e+01
 5.64853848e+01
 1.05216454e+02
 2.64891446e+01
 1.82647727e+01
 6.40429824e+01
 2.83948299e+01
 2.64482979e+01
 1.05831174e+01
 4.59037237e+01
 2.09227599e+01
 1.89749992e+01
 4.29894756e+01
 4.93305735e+01
 9.06087861e+01
 5.47611846e+00
 4.16761516e+01
 1.41853424e+02
 3.93665379e+01
 2.09435358e+00
 3.04636655e+01
 1.05074608e+01
 3.91583639e+01
 6.02014359e+01
 9.53327653e+01
 1.84608369e+01
 6.13648948e+01
 5.73201696e+01
 6.16744590e+01
 3.91518428e+01
 4.34370334e+01
 2.65586702e+01
 1.82852532e+01
 1.55297360e+01
 9.38628788e+01
 3.60240271e+01
 3.44528632e+01
 3.97964351e+01
 6.76720951e+01
 5.23497500e+01
 6.53016788e+01
 4.05506763e+01
 1.13469756e+02
 4.99100469e+01
 2.71487280e+01
 4.05959297e+01
 1.98001351e+00
 4.05893478e+01
 5.08087521e+01
 4.54647149e+01
 2.60410143e+01
 8.51944940e+01
 4.92546976e+01
 1.18163990e+02
 6.10273734e+01
 6.00143509e+01
 1.38794706e+01
 4.42505285e+01
 1.10388727e+02
 8.31138748e+01
 6.13135231e+01
 3.04345895e+01
 3.21000660e+01
 3.43670578e+01
 4.92148196e+01
 1.02166245e+02
 1.32622338e+02
 9.59308510e+00
 5.99210086e+01
 1.35489826e+02
 5.21208643e+01
 7.57842053e+01
 8.62298168e+00
 3.99601946e+01
 2.19806958e+01
 4.91461471e+00
 6.57574228e+01
 1.61602411e+01
 5.56015957e+01
 7.15270374e+01
 6.15291765e+01
 2.21648277e+02
 8.63756668e+01
 6.07122018e+01
 1.19377961e+02
 5.91215993e+01
 5.49350395e+01
 9.04233088e+01
 4.12108648e+01
 6.38027840e+01
 8.04740939e+01
 2.69436809e+01
 4.64868736e+00
 2.69385397e+01
 2.35186928e+01
 3.74836342e+01
 6.34484021e+00
 3.19958548e+01
 5.00818038e+01
 6.41552523e+01
 6.70615752e+01
 8.28512854e+01
 9.41191900e+01
 4.60021772e+01
 1.84612157e+01
 5.48245461e+01
 7.71693470e+01
 1.45978444e+02
 5.16269088e+01
 4.29344806e+01
 5.94109368e+01
 4.27430556e+01
 7.04588250e+01
 8.04342857e+01
 6.20167691e+01
 3.26317872e+01
 5.02726588e+01
 2.17735174e+01
 1.02508297e+02
 1.54494947e+02
 1.51649636e+01
 7.06848277e+01
 6.21965100e+01
 2.23234959e+01
 8.48078438e+01
 9.48834030e+01
 1.27295176e+02
 4.78388021e+01
 2.43999733e+01
 9.02348285e+01
 4.45469116e+01
 3.80004917e+01
 2.21837139e+01
 3.49540804e+01
 4.59937444e+01
 3.28795153e+01
 6.61538402e+01
 5.64123490e+01
 2.66099237e+01
 2.62672210e+01
 3.16024862e+01
 1.31481229e+02
 5.14941862e+01
 6.73222765e+01
 7.56377277e+01
 5.11272920e+01
 4.67219038e+01
 8.46569293e+01
 3.56615965e+01
 1.14203020e+02
 1.24673981e+02
 2.25470224e+01
 1.89263779e+01
 2.23042910e+00
 6.89728330e+01
 9.66312181e+01
 6.10771882e+01
 3.76130372e+01
 3.10348218e+01
 5.25704313e+01
 6.43434529e+01
 5.81567619e+01
 8.36537877e+01
 6.64557921e+01
 1.64289065e+01
 5.84234535e+01
 5.94926445e+01
 6.26806017e+01
 4.26066548e+01
 2.72776212e+01
 3.13799529e+01
 6.85939195e+01
 1.03286414e+02
 7.76642185e+01
 4.06346808e+01
 1.06278207e+02
 6.92947248e+01
 1.58934846e+02
 7.16746291e+01
 2.30502507e+01
 3.41773502e+01
 3.37508326e+01
 8.78759353e+01
 3.09861343e+01
 8.82173474e+01
 9.85102715e+01
 5.79092693e+01
 2.97700658e+01
 2.25525058e+01
 8.51204458e+01
 8.10275761e+01
 4.22259044e+01
 5.57805505e+01
 1.95433960e+01
 5.52279851e+01
 3.89790238e+01
 3.93387628e+01
 1.02413781e+02
 4.32799591e+01
 3.19086098e+01
 5.01310839e+01
 8.18803740e+01
 5.68284503e+01
 3.58963050e+01
 6.24772251e+01
 8.48353802e+01
 1.33179028e+01
 1.29440220e+02
 7.97293126e+01
 9.50739425e+00
 4.06848983e+01
 6.07462394e+01
 4.46837606e+01
 5.65017209e+01
 6.75037845e+01
 9.45404781e+01
 2.21167923e+01
 3.63231120e+01
 3.52035313e+01
 2.40341922e+01
 2.81899591e+01
 7.53487120e+01
 6.96325951e+01
 8.33126522e+01
 9.15896538e+00
 7.10391958e+01
 4.78105251e+01
 5.12716884e+01
 1.34199814e+02
 3.31251338e+01
 2.01708189e+01
 7.53861191e+01
 6.10718625e+01
 6.10342514e+01
 4.18152907e+01
 1.17379435e+02
 2.89892943e+01
 2.83455034e+01
 1.51523985e+02
 3.59603087e+01
 7.06468116e+01
 5.86265962e+01
 1.88733911e+01
 5.52871406e+01
 3.65920003e+01
 7.32392805e+01
 7.74089796e+01
 5.73010471e+01
 3.28722414e+01
 6.94706316e+01
 1.90567974e+02
 1.41599243e+02
 5.03057249e+01
 9.27446325e+01
 4.22266311e+01
 3.51327993e+01
 4.38625271e+01
 3.60598204e+01
 6.23411393e+01
 4.57745388e+01
 4.30097923e+00
 5.70759672e+01
 9.28501754e+00
 4.76732760e+01
 8.81515137e+01
 4.72104188e+01
 2.22117264e+01
 2.96219747e+01
 5.37618444e+01
 9.51116164e+01
 8.18151303e+01
 6.20064991e+01
 1.89199249e+01
 4.56230882e+01
 1.70356143e+01
 9.32459958e+01
 4.68526108e+01
 4.99269137e+01
 3.36489977e+01
 2.21237617e+01
 4.87216730e+01
 1.02211535e+02
 5.86303869e+01
 3.85426868e+01
 7.40887239e+00
 5.06974609e+01
 6.95180369e+01
 6.32751453e+01
 5.79952849e+01
 3.22223118e+01
 9.42604611e+01
 6.84596380e+01
 7.22087872e+01
 5.56527097e+01
 2.41409750e+02
 9.19999794e+01
 2.22547839e+01
 2.11544261e+01
 8.66077388e+01
 4.82326282e+01
 4.40898125e+01
 6.49329423e+01
 5.58934506e+01
 1.35304017e+01
 3.23800649e+01
 7.37103621e+01
 1.91727953e+01
 5.79335228e+01
 7.70807476e+00
 7.94409259e+01
 6.15796502e+01
 4.18673187e+01
 3.26538451e+01
 5.41344883e+01
 2.89288243e+01
 3.11299625e+01
 5.80807190e+01
 3.87619503e+01
 2.46471605e+01
 3.39307646e+01
 3.55015035e+01
 4.46070727e+01
 1.53982718e+01
 4.22082333e+01
 4.17947683e+01
 3.06862565e+01
 3.27629044e+01
 3.86918863e+01
 3.79788129e+01
 6.26273746e+01
 2.49565941e+01
 6.49753480e+01
 2.61272904e+01
 7.36327337e+01
 7.29595752e+01
 5.21162825e+01
 8.78761688e+01
 3.79136775e+01
 1.08144302e+01
 9.54141372e+01
 5.70729356e+01
 2.19457907e+02
 7.75459829e+01
 1.76402236e+01
 3.05297271e+01
 5.44992942e+01
 4.56067672e+01
 2.00430416e+01
 7.83329759e+01
 1.09742800e+02
 4.76442133e+01
 2.76981974e+01
 4.97661000e+01
 6.02900855e+01
 8.02131757e+01
 2.38170846e+01
 9.57595460e+00
 1.01458581e+02
 4.18564184e+01
 7.12244553e+01
 5.76051610e+01
 2.69469817e+01
 4.83202751e+01
 5.07056658e+01
 6.03353651e+01
 1.11360512e+02
 4.89857454e+01
 9.54368601e+01
 7.56705404e+01
 5.36026721e+01
 7.53863968e+01
 1.30511890e+02
 7.69772838e+01
 2.62894835e+01
 3.18046270e+00
 1.98302717e+01
 4.66638235e+01
 1.99259296e+02
 6.41661756e+01
 6.46126680e+01
 2.70156328e+01
 4.89702289e+01
 3.92428465e+01
 1.76180703e+01
 4.00251966e+01
