 3.75603638e+00
 6.03032837e+00
 6.85271606e+00
 1.11647583e+01
 1.54948364e+01
 1.79851929e+01
 2.48426453e+01
 2.08886353e+01
 1.91726318e+01
 1.18928162e+01
 6.46080933e+00
 2.13286743e+00
 1.03795776e+00
 8.46770630e+00
 9.57790527e+00
 1.37530457e+01
 1.60017639e+01
 2.18537537e+01
 2.49782043e+01
 2.12244812e+01
 1.73883911e+01
 1.46065918e+01
 9.76314697e+00
 9.28216553e-01
 2.60387573e+00
 4.46401367e+00
 8.87059937e+00
 1.25705811e+01
 1.50332581e+01
 2.06758972e+01
 2.73796021e+01
 2.23439270e+01
 1.97300049e+01
 1.28698364e+01
 9.43374023e+00
 4.52379761e+00
 2.83992920e+00
 6.05059204e+00
 9.01879272e+00
 1.28634888e+01
 1.93385559e+01
 2.34084717e+01
 2.06110779e+01
 2.22008301e+01
 1.80781189e+01
 1.34550415e+01
 5.96999512e+00
 1.97265015e+00
 4.40972900e-01
 -2.11231079e+00
 6.98064575e+00
 1.19286438e+01
 1.49741760e+01
 1.82971130e+01
 2.10259338e+01
 1.99055725e+01
 1.93447205e+01
 9.15758667e+00
 6.01744995e+00
 3.31262207e-01
 1.11907349e+00
 5.35802612e+00
 5.36809692e+00
 1.28699585e+01
 1.93435608e+01
 1.93062073e+01
 2.21627441e+01
 2.13009888e+01
 2.03749023e+01
 1.25660339e+01
 1.83056030e+00
 4.68489990e+00
 1.15813599e+00
 4.07680664e+00
 8.99767456e+00
 1.14317871e+01
 1.66100708e+01
 1.81729675e+01
 2.21278625e+01
 2.13198792e+01
 1.68011108e+01
 1.36909424e+01
 1.03365417e+01
 -6.45452881e-01
 1.97316895e+00
 2.63228760e+00
 8.08654175e+00
 1.30197693e+01
 2.02357727e+01
 2.12373291e+01
 2.42404419e+01
 2.35977112e+01
 1.81202942e+01
 1.45763794e+01
 9.78594360e+00
 1.57802734e+00
 6.19344482e+00
 9.15856934e-01
 7.44350586e+00
 1.08583313e+01
 1.83834473e+01
 2.31270996e+01
 2.30322205e+01
 2.20958801e+01
 1.82048584e+01
 1.47564331e+01
 7.44655762e+00
 2.73449097e+00
 1.68603516e-01
 5.33519897e+00
 8.47615967e+00
 1.33416687e+01
 1.77448364e+01
 1.97662598e+01
 2.50531250e+01
 2.05497375e+01
 1.80767761e+01
 1.07066895e+01
 1.13402649e+01
 7.96523438e+00
 3.99047241e+00
 4.78341064e+00
 7.68505249e+00
 1.14342285e+01
 1.49905029e+01
 1.98196045e+01
 1.96684814e+01
 2.11430908e+01
 1.99504639e+01
 1.07295166e+01
 6.87862549e+00
 3.66423950e+00
 3.37127075e+00
 1.56600342e+00
 7.04241333e+00
 1.37582947e+01
 1.81082703e+01
 1.96490112e+01
 2.07477356e+01
 1.96678101e+01
 1.98951965e+01
 1.83162170e+01
 3.96486816e+00
 6.18770752e+00
 5.23720703e+00
 5.04421387e+00
 9.79821167e+00
 1.37189880e+01
 1.60459534e+01
 1.77276550e+01
 2.11930786e+01
 2.46270691e+01
 1.75707336e+01
 1.27822510e+01
 5.45385132e+00
 5.68282471e+00
 6.40808105e-02
 4.43697510e+00
 8.03395996e+00
 1.20627686e+01
 1.51909119e+01
 1.85008789e+01
 2.09819885e+01
 2.18328186e+01
 1.70073486e+01
 9.88927612e+00
 7.66295776e+00
 1.92699585e+00
 3.49242554e+00
 1.64797363e+00
 8.29604492e+00
 1.36268860e+01
 1.54808594e+01
 1.88652588e+01
 2.46979309e+01
 2.35625854e+01
 1.97609497e+01
 1.42351929e+01
 6.84249268e+00
 4.95192871e+00
 8.71606445e-01
 4.88347778e+00
 8.98345337e+00
 1.00476624e+01
 1.75928894e+01
 2.39835754e+01
 2.40436951e+01
 2.12512451e+01
 1.78583618e+01
 1.39957825e+01
 7.20202026e+00
 7.03460083e+00
 -1.12183228e+00
 6.13533936e+00
 9.80825195e+00
 1.48360229e+01
 1.44713074e+01
 2.16388794e+01
 2.18664795e+01
 2.04028259e+01
 1.70254761e+01
 1.34897400e+01
 9.42101440e+00
 3.08773193e+00
 3.41124878e+00
 3.25078735e+00
 8.53380737e+00
 1.16251465e+01
 1.60002991e+01
 1.98497864e+01
 2.29572998e+01
 1.96042419e+01
 2.04828430e+01
 1.68129822e+01
 7.28011475e+00
 6.74175415e+00
 3.30614624e+00
 6.07106934e+00
 1.11364380e+01
 1.15236145e+01
 1.65366760e+01
 2.07047058e+01
 1.97413574e+01
 1.86303040e+01
 1.62222229e+01
 9.73159180e+00
 9.70827637e+00
 5.17388306e+00
 2.31490479e+00
 2.32189331e+00
 9.47658691e+00
 1.09190308e+01
 1.74108215e+01
 2.03829895e+01
 1.96708618e+01
 2.09146973e+01
 2.05361267e+01
 1.20148560e+01
 7.34377441e+00
 5.76848755e+00
 2.02855835e+00
 4.50280151e+00
 6.43581543e+00
 1.05017334e+01
 1.71842896e+01
 2.09972778e+01
 2.03544556e+01
 1.86130920e+01
 1.77871338e+01
 1.39900757e+01
 8.17931519e+00
 3.87691650e+00
 6.11989746e+00
 5.84923706e+00
 6.84667358e+00
 1.44274841e+01
 2.06814819e+01
 2.21343933e+01
 2.52268616e+01
 2.22177368e+01
 1.62342773e+01
 1.10357910e+01
 5.68288574e+00
 3.95095215e+00
 6.07705078e+00
 3.25835571e+00
 7.11745605e+00
 1.26994873e+01
 1.85824219e+01
 2.55356995e+01
 2.34889771e+01
 2.18632446e+01
 1.64439331e+01
 1.15000854e+01
 9.01268921e+00
 4.09993896e+00
 4.04079590e+00
 4.62218628e+00
 7.48674927e+00
 1.29865662e+01
 1.51596924e+01
 2.00622498e+01
 2.20417419e+01
 2.32966858e+01
 1.88330627e+01
 1.62509705e+01
 1.04069763e+01
 4.79207764e+00
 3.67952881e+00
 5.95467529e+00
 9.37697754e+00
 1.03615356e+01
 1.72908875e+01
 2.60542542e+01
 2.24414612e+01
 2.24135986e+01
 1.66323181e+01
 1.31599670e+01
 4.64244995e+00
 2.77813110e+00
 4.00246582e+00
 5.46059570e+00
 9.18432007e+00
 1.43297974e+01
 1.53671204e+01
 1.92833801e+01
 2.28568665e+01
 2.17610718e+01
 1.85708252e+01
 1.05665222e+01
 5.32241211e+00
 6.62744141e-01
 5.88159180e-01
 3.43200073e+00
 6.30074463e+00
 1.27571350e+01
 1.50798889e+01
 1.89886414e+01
 2.01522461e+01
 2.07393127e+01
 1.59234863e+01
 1.49681946e+01
 4.11852417e+00
 5.70305786e+00
 3.96328125e+00
 6.78872070e+00
 1.04334351e+01
 1.41362854e+01
 1.75093933e+01
 2.04474426e+01
 2.08435303e+01
 2.00669189e+01
 1.86692139e+01
 1.20473572e+01
 7.16054688e+00
 4.56337891e+00
 2.61043701e+00
 5.55962524e+00
 9.55141602e+00
 1.23598572e+01
 1.64671265e+01
 1.71947876e+01
 2.22404724e+01
 1.96319214e+01
 1.84553467e+01
 1.52834106e+01
 1.08545471e+01
 2.74938354e+00
 -7.53485107e-01
 8.21956787e+00
 1.10039917e+01
 1.42196899e+01
 1.77763611e+01
 2.20973450e+01
 2.31489502e+01
 2.33429504e+01
 2.19848572e+01
 1.12740112e+01
 5.67736206e+00
 6.83980713e+00
 2.60161743e+00
 -1.17864990e-01
 7.04723511e+00
 1.48538452e+01
 1.57720581e+01
 2.17659851e+01
 2.32635742e+01
 2.20459839e+01
 1.72798401e+01
 1.40490356e+01
 8.66884766e+00
 6.07045898e+00
 4.08806763e+00
 5.16729126e+00
 7.01021729e+00
 1.39037720e+01
 1.60423523e+01
 1.92372986e+01
 2.10021606e+01
 2.03855835e+01
 1.62079102e+01
 1.29554382e+01
 5.90505371e+00
 3.62154541e+00
 2.72304688e+00
 7.47155151e+00
 1.07686707e+01
 1.26697021e+01
 1.85485779e+01
 2.21159302e+01
 2.38331848e+01
 2.02764526e+01
 1.93339783e+01
 1.38745056e+01
 9.86361084e+00
 5.11229858e+00
 7.19829712e+00
 6.22191772e+00
 9.98589478e+00
 1.23099609e+01
 1.75486694e+01
 2.02317749e+01
 2.41539246e+01
 2.21016479e+01
 1.81538635e+01
 1.06566711e+01
 3.95177612e+00
 6.04241943e-01
 -2.05258789e+00
 -5.50006714e+00
 7.06038818e+00
 1.36198364e+01
 1.56199280e+01
 1.85578857e+01
 2.21690918e+01
 2.30449463e+01
 1.86372925e+01
 1.29264160e+01
 5.39177856e+00
 -2.41094971e-01
 -2.91265869e-01
 7.16854248e+00
 8.17669067e+00
 1.28943726e+01
 1.51986938e+01
 2.03735901e+01
 2.28726746e+01
 2.29730164e+01
 1.58048950e+01
 1.35731445e+01
 7.91527710e+00
 -5.02416992e-01
 -6.36731567e+00
 4.47133789e+00
 9.00927124e+00
 1.01037231e+01
 1.94812256e+01
 2.22077576e+01
 2.39791809e+01
 2.20958496e+01
 1.97809692e+01
 1.55436035e+01
 6.10070190e+00
 5.23635254e+00
 3.70562134e+00
 5.00151978e+00
 8.39547119e+00
 1.39555298e+01
 1.64450317e+01
 2.08212219e+01
 2.53297974e+01
 2.53857666e+01
 1.78689514e+01
 1.39559570e+01
 4.16057739e+00
 6.24349365e+00
 1.40892944e+00
 5.98827515e+00
 8.31063232e+00
 1.44999634e+01
 1.74182983e+01
 2.62174316e+01
 2.57532898e+01
 2.51262756e+01
 1.81847778e+01
 1.41433350e+01
 6.78856812e+00
 2.84676514e+00
 -6.39709473e-02
 3.38274536e+00
 9.58199463e+00
 1.36421753e+01
 1.76980530e+01
 2.05407654e+01
 2.37126404e+01
 2.64309326e+01
 1.89464966e+01
 1.15087219e+01
 3.52205811e+00
 -1.20456543e+00
 1.27620850e+00
 3.10085449e+00
 7.23931274e+00
 1.21573425e+01
 1.57831665e+01
 2.19143005e+01
 2.09587036e+01
 1.99579407e+01
 1.78643127e+01
 1.59810425e+01
 6.33431396e+00
 5.82854614e+00
 4.48259888e+00
 7.22237549e+00
 8.12337646e+00
 1.33972107e+01
 1.71364380e+01
 2.34412476e+01
 2.39137512e+01
 2.35574890e+01
 1.82141968e+01
 1.44053589e+01
 8.50545654e+00
 6.23427734e+00
 1.40718994e+00
 4.57445679e+00
 8.50267944e+00
 1.34445435e+01
 1.50730530e+01
 1.98758484e+01
 2.22191711e+01
 2.14999634e+01
 1.71629272e+01
 1.25435730e+01
 9.97716675e+00
 5.88524780e+00
 2.67891846e+00
 6.29253540e+00
 9.50051270e+00
 1.37463928e+01
 2.30391785e+01
 2.76909424e+01
 2.51869446e+01
 2.01232544e+01
 1.73832031e+01
 1.23937012e+01
 8.76046143e+00
 4.91051636e+00
 6.29863892e+00
 7.83007202e+00
 9.09383545e+00
 1.23887268e+01
 1.74637390e+01
 2.14685303e+01
 2.27080017e+01
 2.35674072e+01
 2.02861267e+01
 1.31031738e+01
 1.02439209e+01
 5.57027588e+00
 2.00750122e+00
 6.88823853e+00
 8.64229736e+00
 1.22411743e+01
 1.58363281e+01
 2.13924500e+01
 2.48495728e+01
 1.93405701e+01
 1.78348633e+01
 1.34507080e+01
 9.82055054e+00
 4.52190552e+00
 5.56984863e+00
 3.86324463e+00
 1.09706055e+01
 1.35346313e+01
 1.71937805e+01
 1.96066528e+01
 2.30851379e+01
 2.20654541e+01
 1.80487000e+01
 1.40847107e+01
 1.06976257e+01
 5.88872681e+00
 4.64165649e+00
 1.51891479e+00
 1.02598816e+01
 1.20981079e+01
 1.72084900e+01
 1.93059631e+01
 2.12476135e+01
 2.09042297e+01
 1.78511902e+01
 1.62719666e+01
 8.71026001e+00
 1.94033203e+00
 4.30138550e+00
 6.74404297e+00
 9.33709106e+00
 1.15146729e+01
 1.57901550e+01
 2.24356323e+01
 2.61991821e+01
 2.40609375e+01
 1.93260132e+01
 1.40664001e+01
 7.41823730e+00
 5.23140869e+00
 3.02187500e+00
 4.49401245e+00
 9.12987671e+00
 1.31019531e+01
 1.60774780e+01
 2.40849243e+01
 2.67764221e+01
 2.35848938e+01
 1.95241943e+01
 1.23080383e+01
 6.81649170e+00
 4.25838623e+00
 -1.60297241e+00
 6.59729004e-02
 4.21276245e+00
 1.00591370e+01
 1.68514954e+01
 1.85796143e+01
 2.13685852e+01
 2.45641418e+01
 2.01036621e+01
 1.67073608e+01
 7.99367676e+00
 3.82018433e+00
 1.53243408e+00
 6.94176636e+00
 1.06628967e+01
 1.16165405e+01
 1.84581543e+01
 2.46397949e+01
 2.54175049e+01
 2.39409424e+01
 1.96436096e+01
 1.48545471e+01
 7.02953491e+00
 1.02785645e+00
 2.06615601e+00
 4.31002197e+00
 9.29622803e+00
 1.43532959e+01
 1.64859558e+01
 1.89644409e+01
 2.41832825e+01
 2.21727844e+01
 1.68277222e+01
 9.62310181e+00
 8.97219238e+00
 1.36623535e+00
 -3.09940186e+00
 3.95919189e+00
 7.15651855e+00
 1.16744934e+01
 1.66995178e+01
 2.25802246e+01
 2.34760071e+01
 2.00152527e+01
 1.77969910e+01
 1.33130432e+01
 5.41124878e+00
 -6.79846191e-01
 1.10839233e+00
 1.95791016e+00
 1.00632263e+01
 1.29927612e+01
 1.92271362e+01
 2.20550781e+01
 2.43183228e+01
 2.19550415e+01
 1.72754456e+01
 1.35776306e+01
 1.10679260e+01
 6.47771606e+00
 1.48580322e+00
 6.38179932e+00
 1.01080872e+01
 1.42601563e+01
 1.84272705e+01
 2.55739990e+01
 2.30471130e+01
 2.40503784e+01
 1.83406006e+01
 1.14600159e+01
 6.91109619e+00
 3.92479858e+00
 4.13356934e+00
 3.00097046e+00
 8.66173706e+00
 1.11635071e+01
 1.74016052e+01
 2.11730591e+01
 2.42000671e+01
 2.26191040e+01
 1.71718079e+01
 1.12602173e+01
 9.69375000e+00
 4.06786499e+00
 2.18679199e+00
 6.39440308e+00
 1.19003235e+01
 1.10142761e+01
 1.90016418e+01
 2.13796021e+01
 2.35138794e+01
 2.20247131e+01
 1.68472534e+01
 1.07975708e+01
 6.94320068e+00
 3.60540161e+00
 4.67675171e+00
 4.06762695e-01
 5.25805054e+00
 1.43844238e+01
 1.75577942e+01
 1.93079468e+01
 2.40805298e+01
 2.57979065e+01
 1.97190186e+01
 1.35879456e+01
 9.25365601e+00
 7.10885010e+00
 4.16826782e+00
 4.12920532e+00
 7.85039673e+00
 9.85656128e+00
 1.63163391e+01
 1.99348694e+01
 2.10365845e+01
 2.21170593e+01
 1.99968811e+01
 1.43435913e+01
 7.24871216e+00
 6.29372559e+00
 -2.28220215e+00
 1.62435303e+00
 6.67101440e+00
 1.46345764e+01
 2.15003601e+01
 2.37118164e+01
 2.31519714e+01
 2.51958862e+01
 1.60087524e+01
 1.61746765e+01
 9.32805786e+00
 -3.60876465e-01
 3.36229858e+00
 7.11416016e+00
 8.28954468e+00
 1.62368713e+01
 2.19209534e+01
 2.36024414e+01
 2.51582581e+01
 2.40707031e+01
 1.94365479e+01
 1.39467712e+01
 9.03280029e+00
 2.53344116e+00
 2.04741821e+00
 3.55431519e+00
 7.53133545e+00
 1.08303162e+01
 1.53959900e+01
 2.31172424e+01
 2.34386841e+01
 2.32285095e+01
 1.87681824e+01
 1.28891846e+01
 9.13213501e+00
 6.08840332e+00
 5.26781616e+00
 4.10119019e+00
 1.08889404e+01
 1.57097717e+01
 1.84206787e+01
 2.13551880e+01
 2.42521912e+01
 2.63055969e+01
 1.88411499e+01
 1.68523804e+01
 5.52855835e+00
 4.94286499e+00
 4.29659424e+00
 3.49147949e+00
 1.18798462e+01
 1.27078186e+01
 1.51767212e+01
 2.02956482e+01
 2.24507996e+01
 2.36643005e+01
 1.72690369e+01
 1.25305420e+01
 6.96056519e+00
 3.16185913e+00
 2.59960327e+00
 6.90319214e+00
 9.30382690e+00
 1.64367615e+01
 1.79088379e+01
 2.22450806e+01
 2.54197327e+01
 2.21970764e+01
 1.91011902e+01
 1.35035645e+01
 5.70787964e+00
 4.67458496e+00
 2.58931885e+00
 6.37877808e+00
 8.11693726e+00
 1.39570251e+01
 1.50674377e+01
 1.79476868e+01
 2.30755859e+01
 2.24920288e+01
 2.12610413e+01
 1.40026489e+01
 7.45110474e+00
 2.11129150e+00
 6.37960205e+00
 -9.41198730e-01
 1.17576843e+01
 1.21948792e+01
 1.72860962e+01
 1.82782227e+01
 2.57999207e+01
 2.60065552e+01
 1.71362549e+01
 1.63886963e+01
 5.18908081e+00
 6.98439941e+00
 4.61947021e+00
 4.59707031e+00
 9.08596191e+00
 1.35432373e+01
 1.66914612e+01
 2.13798157e+01
 2.42004639e+01
 2.55144897e+01
 2.10260254e+01
 1.14524475e+01
 8.06099854e+00
 7.85036621e+00
 2.30092773e+00
 5.39498291e+00
 6.05666504e+00
 1.28477722e+01
 1.77412048e+01
 2.19143005e+01
 2.29330078e+01
 2.54070984e+01
 1.97705322e+01
 1.69693848e+01
 8.90197144e+00
 2.94658813e+00
 3.34777222e+00
 6.95247803e+00
 1.00486084e+01
 1.32044617e+01
 2.01521851e+01
 2.06116272e+01
 2.48312012e+01
 2.35619446e+01
 2.13551270e+01
 1.53289124e+01
 9.02919922e+00
 3.36022339e+00
 -8.24957275e-01
 7.55269775e+00
 1.08638245e+01
 1.21922546e+01
 2.02812439e+01
 2.51311279e+01
 2.65705200e+01
 2.66979614e+01
 1.84742371e+01
 1.68280273e+01
 9.52398071e+00
 3.27105103e+00
 4.46392212e+00
 7.48345337e+00
 1.42773682e+01
 1.55692993e+01
 1.68887268e+01
 2.04288879e+01
 2.65510498e+01
 2.53291260e+01
 1.93915039e+01
 1.66289001e+01
 9.01772461e+00
 6.65654907e+00
 6.07238159e+00
 4.12359009e+00
 1.00783936e+01
 1.51505676e+01
 1.92383057e+01
 2.61519714e+01
 2.75162903e+01
 2.48836609e+01
 2.15039612e+01
 1.18431641e+01
 7.17604980e+00
 3.40297852e+00
 6.75072632e+00
 6.87175903e+00
 9.02074585e+00
 1.53203369e+01
 1.72830139e+01
 2.44033447e+01
 2.44027954e+01
 2.35349060e+01
 1.74512573e+01
 1.47495972e+01
 5.28127441e+00
 4.16909180e+00
 5.48120117e-01
 7.32961426e+00
 7.83526001e+00
 1.34169556e+01
 1.53336121e+01
 2.19608704e+01
 2.67898804e+01
 2.43070618e+01
 2.22973572e+01
 1.58643127e+01
 9.17177734e+00
 3.66735229e+00
 5.46019897e+00
 6.70235596e+00
 8.48299561e+00
 1.52150513e+01
 1.90007874e+01
 2.20254456e+01
 2.29230286e+01
 2.18317505e+01
 1.93991638e+01
 1.66733948e+01
 9.53362427e+00
 7.81494141e-02
 3.32985840e+00
 4.47670898e+00
 1.05663391e+01
 1.39402100e+01
 1.70973145e+01
 2.06362244e+01
 2.63197876e+01
 2.32566467e+01
 2.07690674e+01
 1.48394409e+01
 7.90065918e+00
 5.06609497e+00
 1.49697266e+00
 6.70357666e+00
 8.22231445e+00
 1.13723083e+01
 1.70085999e+01
 1.81721436e+01
 2.08575378e+01
 2.56091858e+01
 2.15346619e+01
 1.60743652e+01
 8.50817261e+00
 -1.09003296e+00
 5.10973511e+00
 6.94884644e+00
 9.33141479e+00
 1.38974548e+01
 1.85747925e+01
 2.26717163e+01
 2.29689880e+01
 2.44072510e+01
 1.91188904e+01
 1.47897583e+01
 9.11754761e+00
 5.18944702e+00
 4.98912964e+00
 7.42919312e+00
 8.64693604e+00
 1.41258789e+01
 1.68956238e+01
 2.20660339e+01
 2.44582153e+01
 2.49857117e+01
 1.69300171e+01
 1.30659119e+01
 5.78701172e+00
 3.27913818e+00
 2.54097900e+00
 5.88750610e+00
 6.34017334e+00
 1.37844177e+01
 1.83257690e+01
 1.96949402e+01
 2.22578979e+01
 2.38200317e+01
 1.53380371e+01
 1.32339417e+01
 5.67748413e+00
 3.70565186e+00
 5.42266235e+00
 5.56307373e+00
 9.41164551e+00
 1.40196777e+01
 1.77918335e+01
 2.28897644e+01
 2.61341492e+01
 2.47663208e+01
 1.92887512e+01
 1.70494629e+01
 1.14253784e+01
 6.10811768e+00
 3.69408569e+00
 5.97768555e+00
 9.66530762e+00
 1.26614624e+01
 1.46641785e+01
 2.37789856e+01
 2.37582031e+01
 2.62562195e+01
 2.41921326e+01
 1.22563721e+01
 1.16726929e+01
 4.19674072e+00
 6.01799927e+00
 1.07342468e+01
 1.11033875e+01
 1.47722412e+01
 1.80082031e+01
 2.07179810e+01
 2.47390381e+01
 2.38740479e+01
 2.17367798e+01
 1.51304871e+01
 1.01704346e+01
 8.29677734e+00
 1.05596313e+00
 6.90514526e+00
 1.23933350e+01
 1.20538574e+01
 2.20775391e+01
 2.74904419e+01
 2.20501038e+01
 2.25900208e+01
 1.91308228e+01
 1.49338318e+01
 1.02916199e+01
 5.73888550e+00
 5.31145630e+00
 6.31997070e+00
 9.88900146e+00
 1.26419312e+01
 1.86795288e+01
 1.96977478e+01
 2.36072632e+01
 2.28046204e+01
 2.00157104e+01
 1.45216003e+01
 7.22451172e+00
 2.94225464e+00
 7.06652222e+00
 6.07497559e+00
 9.68709717e+00
 1.47284485e+01
 1.83528381e+01
 1.86591736e+01
 2.19991699e+01
 1.95973755e+01
 2.19634033e+01
 1.60244690e+01
 1.08393188e+01
 4.56627808e+00
 5.61727295e+00
 1.00974060e+01
 1.03918701e+01
 1.73744751e+01
 1.91240479e+01
 2.26764465e+01
 2.91422974e+01
 2.70037170e+01
 2.43480469e+01
 1.44061218e+01
 9.06499634e+00
 5.64022217e+00
 3.20833740e+00
 4.03878174e+00
 8.65889893e+00
 1.48605896e+01
 1.81771484e+01
 2.44981018e+01
 2.50158325e+01
 2.55814758e+01
 2.14801575e+01
 1.65067993e+01
 1.15754028e+01
 5.26134644e+00
 5.20330200e+00
 6.54320679e+00
 8.10292969e+00
 1.34324280e+01
 1.77377258e+01
 1.88587280e+01
 2.36702209e+01
 2.79566284e+01
 1.95541016e+01
 1.66847473e+01
 1.29100891e+01
 9.73150024e+00
 2.50890503e+00
 7.27770386e+00
 1.06332336e+01
 1.32278076e+01
 1.90434204e+01
 2.57955872e+01
 2.36415344e+01
 2.54904114e+01
 1.84572083e+01
 1.58155762e+01
 9.59020386e+00
 6.81661377e+00
 1.10125122e+00
 8.04021606e+00
 9.07506714e+00
 1.20139099e+01
 1.69733215e+01
 2.32973267e+01
 2.56835266e+01
 2.72154785e+01
 1.90500427e+01
 1.36018311e+01
 8.61345825e+00
 8.44591675e+00
 6.20476685e+00
 5.47384033e+00
 1.18608948e+01
 1.39678894e+01
 2.06910645e+01
 2.11178528e+01
 2.50042664e+01
 2.57032410e+01
 2.10259949e+01
 1.59444824e+01
 9.30495605e+00
 4.65566406e+00
 3.27761230e+00
 4.41515503e+00
 5.37734375e+00
 1.43152100e+01
 1.97268311e+01
 2.35088745e+01
 2.31960999e+01
 2.38129822e+01
 2.04851624e+01
 1.26806580e+01
 6.47963867e+00
 1.19109497e+00
 -4.97717285e-01
 4.36724243e+00
 7.68514404e+00
 1.14238831e+01
 2.02629944e+01
 2.40904175e+01
 2.54636475e+01
 2.59381348e+01
 2.12960449e+01
 1.60156494e+01
 7.86199341e+00
 6.12878418e-01
 2.45861206e+00
 4.79805908e+00
 7.34630737e+00
 1.82038818e+01
 1.67641846e+01
 2.12731567e+01
 2.13644348e+01
 2.25006042e+01
 2.24784180e+01
 1.41661621e+01
 8.58434448e+00
 7.87996826e+00
 6.99199829e+00
 5.64263306e+00
 8.72582397e+00
 1.60034119e+01
 1.98473755e+01
 2.24137512e+01
 2.47968079e+01
 2.28793579e+01
 1.93016602e+01
 1.69961792e+01
 8.87386475e+00
 6.67327271e+00
 4.48296509e+00
 1.04238831e+01
 1.10167175e+01
 1.48299500e+01
 1.88309875e+01
 2.26504456e+01
 2.67495972e+01
 2.15613647e+01
 2.16516663e+01
 1.50506226e+01
 9.37081299e+00
 2.60698853e+00
 8.30773315e+00
 6.15410767e+00
 1.08584229e+01
 1.99425903e+01
 1.72084595e+01
 2.13018433e+01
 2.42545105e+01
 2.71441589e+01
 2.00318848e+01
 1.19931885e+01
 1.06442200e+01
 6.32604370e+00
