 -5.51172485e+00
 -3.14618530e+00
 5.26790771e+00
 7.83828125e+00
 1.39968811e+01
 1.86812988e+01
 2.36259705e+01
 2.11268860e+01
 1.80101868e+01
 1.11018005e+01
 4.57805786e+00
 4.75774536e+00
 1.21267090e+00
 3.46395264e+00
 6.13051758e+00
 7.99404297e+00
 1.49315735e+01
 2.12898499e+01
 2.31208130e+01
 2.13609558e+01
 1.53933350e+01
 9.25484619e+00
 6.72762451e+00
 4.98116455e+00
 3.22991943e-01
 1.40181885e+00
 3.49645386e+00
 9.42180786e+00
 1.52936646e+01
 1.90327698e+01
 2.31701904e+01
 2.38574768e+01
 1.32890869e+01
 1.19447876e+01
 3.73772583e+00
 2.80898438e+00
 -2.65369263e+00
 2.93480835e+00
 4.91964111e+00
 9.09478149e+00
 1.46497437e+01
 1.73227173e+01
 1.96947266e+01
 2.18353210e+01
 1.46110474e+01
 9.76021729e+00
 9.05480957e-01
 1.92308960e+00
 5.06890869e-01
 9.25683594e-01
 5.84569702e+00
 9.49086914e+00
 1.53465210e+01
 1.93073975e+01
 2.22340942e+01
 2.27240234e+01
 1.52069946e+01
 9.00954590e+00
 5.94210205e+00
 3.91881714e+00
 1.98858032e+00
 1.32897339e+00
 5.82836304e+00
 1.06281982e+01
 1.47153259e+01
 2.15656067e+01
 2.45323425e+01
 2.02965637e+01
 1.79359375e+01
 1.12839600e+01
 7.20675049e+00
 1.94652710e+00
 1.09960327e+00
 4.18123779e+00
 6.25774536e+00
 1.21900269e+01
 1.38641907e+01
 1.88826538e+01
 2.05926453e+01
 2.10382629e+01
 1.68113953e+01
 1.09389587e+01
 7.44768677e+00
 1.36208496e+00
 3.06646118e+00
 3.54314575e+00
 2.79067383e+00
 1.02285095e+01
 1.65378967e+01
 2.10078369e+01
 2.33497253e+01
 2.01049133e+01
 1.60043579e+01
 9.28383789e+00
 8.20977173e+00
 4.72890625e+00
 3.97332764e-01
 2.84783325e+00
 6.84157715e+00
 8.30034790e+00
 1.42790161e+01
 1.90496765e+01
 2.38791443e+01
 2.45119873e+01
 1.63883911e+01
 9.25252686e+00
 4.87563477e+00
 -1.05551758e+00
 -1.56711426e+00
 2.00814209e+00
 5.87658081e+00
 9.32488403e+00
 1.32473389e+01
 1.90579773e+01
 2.26216370e+01
 1.85624634e+01
 1.62890869e+01
 1.10849854e+01
 4.14626465e+00
 2.28283081e+00
 -3.42615356e+00
 6.76019287e-01
 4.54192505e+00
 8.31078491e+00
 1.34618469e+01
 2.10360657e+01
 2.21183716e+01
 2.07514893e+01
 1.77934204e+01
 1.06997009e+01
 3.62108765e+00
 2.12548218e+00
 1.49263916e+00
 7.13662109e+00
 7.33348999e+00
 1.07770020e+01
 1.80600220e+01
 2.27579895e+01
 2.13534790e+01
 2.09161316e+01
 1.57439209e+01
 9.51250610e+00
 3.96087036e+00
 9.70025635e-01
 -1.06595459e+00
 1.46495972e+00
 3.15746460e+00
 1.12784058e+01
 1.40872437e+01
 1.95269409e+01
 2.20529419e+01
 2.13774658e+01
 1.44941650e+01
 1.05671326e+01
 6.04427490e+00
 1.04180298e+00
 -8.73538818e+00
 -1.78641357e+00
 7.99431763e+00
 1.07640625e+01
 1.71612793e+01
 2.21204163e+01
 2.40699097e+01
 2.53334900e+01
 1.80486084e+01
 1.10033508e+01
 5.61925659e+00
 2.50176392e+00
 -5.31988525e-01
 5.77584229e+00
 8.79888306e+00
 1.10794312e+01
 1.76621948e+01
 2.32852722e+01
 2.25548035e+01
 2.55252319e+01
 1.60188232e+01
 1.32059265e+01
 7.35067139e+00
 2.79726563e+00
 3.49495850e+00
 5.37746582e+00
 6.00127563e+00
 1.06306396e+01
 1.42349792e+01
 2.23673950e+01
 2.66525818e+01
 2.22774597e+01
 1.80678955e+01
 7.31401978e+00
 5.70522461e+00
 -6.36267090e-01
 4.00740967e+00
 -1.14835205e+00
 5.07940063e+00
 7.86501465e+00
 1.36372009e+01
 2.05356079e+01
 2.50704285e+01
 2.39953552e+01
 1.76768738e+01
 1.19995361e+01
 3.56719360e+00
 1.50670776e+00
 2.71654663e+00
 3.65465698e+00
 5.49419556e+00
 1.03695923e+01
 1.72326904e+01
 2.11804138e+01
 2.44392639e+01
 2.33907104e+01
 1.73325134e+01
 1.04307495e+01
 7.09163818e+00
 9.32214355e-01
 5.69973145e+00
 -2.66663208e+00
 5.78521118e+00
 9.96178589e+00
 1.58247314e+01
 1.92793518e+01
 2.01970459e+01
 2.16718994e+01
 1.92670532e+01
 7.39293823e+00
 7.30486450e+00
 4.02782593e+00
 -3.49645996e-01
 4.16060791e+00
 6.33461914e+00
 9.59664307e+00
 1.37961365e+01
 2.16796814e+01
 2.32319885e+01
 2.23344666e+01
 1.76258789e+01
 1.26949097e+01
 7.53823242e+00
 3.52999268e+00
 2.38323364e+00
 5.31792603e+00
 8.63283691e+00
 8.71718750e+00
 1.60879150e+01
 1.70721069e+01
 2.45649658e+01
 2.20280090e+01
 1.66749207e+01
 1.04688049e+01
 4.27507935e+00
 -1.12268677e+00
 2.87160645e+00
 2.56508789e+00
 6.06896362e+00
 8.03075562e+00
 1.26718994e+01
 2.14165588e+01
 2.32639404e+01
 2.25136658e+01
 1.60725037e+01
 9.83355103e+00
 7.74669800e+00
 -1.07977905e+00
 1.04992065e+00
 1.95873413e+00
 5.43041382e+00
 8.15944824e+00
 1.49292236e+01
 2.41043335e+01
 2.37872864e+01
 2.33729187e+01
 1.67820984e+01
 9.10579834e+00
 4.00530396e+00
 5.12200928e-01
 -8.28122559e+00
 6.91162109e-02
 2.52739868e+00
 8.97893677e+00
 1.47335754e+01
 2.03323303e+01
 2.23236938e+01
 2.48135620e+01
 1.64050842e+01
 1.10994812e+01
 8.59417114e+00
 4.72182617e+00
 1.57232056e+00
 3.25338135e+00
 5.73171387e+00
 1.05981079e+01
 1.65645691e+01
 1.98262268e+01
 2.20324341e+01
 2.31880737e+01
 1.84349915e+01
 1.06862122e+01
 7.93200073e+00
 2.87539063e+00
 3.86013184e+00
 4.21758423e+00
 7.61943970e+00
 9.66103516e+00
 1.67448669e+01
 2.31516968e+01
 2.30885254e+01
 1.97488342e+01
 1.41728760e+01
 9.39293823e+00
 6.95589600e+00
 2.44277344e+00
 3.78856812e+00
 8.77602539e+00
 9.71688232e+00
 1.17802979e+01
 1.54370056e+01
 2.39847351e+01
 2.31999146e+01
 2.56724487e+01
 1.94050537e+01
 1.03741699e+01
 7.06679688e+00
 3.98497925e+00
 -1.32831421e+00
 -4.70917358e+00
 1.05394897e+00
 1.09458557e+01
 1.34489685e+01
 2.27437988e+01
 2.69336487e+01
 2.61399475e+01
 1.68759705e+01
 1.04392334e+01
 1.58876953e+00
 -5.19964600e-01
 1.22716675e+00
 5.50536499e+00
 7.05700073e+00
 1.08660828e+01
 1.69612976e+01
 2.26330811e+01
 2.42403198e+01
 2.53901917e+01
 1.58555847e+01
 8.53527222e+00
 6.03157959e+00
 3.71590576e+00
 2.06899414e+00
 2.49157104e+00
 7.21907959e+00
 1.17463623e+01
 1.46198059e+01
 2.15616394e+01
 2.50805603e+01
 2.24911438e+01
 1.90491577e+01
 1.23304688e+01
 6.45824585e+00
 1.41503906e-01
 -2.82880249e+00
 4.74724731e+00
 6.37929688e+00
 1.06777283e+01
 1.61691833e+01
 2.11662231e+01
 2.56305481e+01
 2.27043091e+01
 1.94685608e+01
 1.10147949e+01
 6.23031006e+00
 -1.82714844e-01
 -2.33991089e+00
 4.69579468e+00
 6.42934570e+00
 1.00254761e+01
 1.62458740e+01
 1.99142090e+01
 2.57494141e+01
 2.23947998e+01
 1.44736572e+01
 1.14645630e+01
 8.32418213e+00
 4.79796753e+00
 3.01904297e-01
 1.04265747e+00
 6.14595947e+00
 1.03535095e+01
 1.49257751e+01
 1.99191833e+01
 2.65360657e+01
 2.56147095e+01
 1.85578552e+01
 1.29611755e+01
 5.11315308e+00
 7.81396484e-01
 1.62355957e+00
 4.60299072e+00
 7.26778564e+00
 8.09606323e+00
 1.46092773e+01
 1.71652466e+01
 2.06543518e+01
 2.35019470e+01
 1.71415955e+01
 9.36708984e+00
 3.08162842e+00
 2.94576416e+00
 5.57436523e+00
 1.01439819e+00
 6.61843262e+00
 9.76494751e+00
 1.51240479e+01
 1.94624878e+01
 2.25126587e+01
 2.17508179e+01
 1.68615662e+01
 1.18827759e+01
 3.15529785e+00
 -2.29489746e+00
 -1.03598083e+01
 -6.38922729e+00
 5.98635254e+00
 1.13510681e+01
 1.58884827e+01
 1.93583008e+01
 2.30066772e+01
 2.13933960e+01
 1.89995056e+01
 1.06650940e+01
 7.67751465e+00
 3.25911865e+00
 2.08220825e+00
 3.70131836e+00
 4.66927490e+00
 1.03780151e+01
 1.54089600e+01
 2.21348816e+01
 2.35720459e+01
 2.50590759e+01
 1.83411499e+01
 1.00938660e+01
 7.56069336e+00
 2.88842163e+00
 1.21669922e+00
 2.01931152e+00
 7.20021973e+00
 9.65541992e+00
 1.59627014e+01
 1.80709473e+01
 1.97063538e+01
 2.34205872e+01
 1.99785706e+01
 1.20960327e+01
 5.00252686e+00
 4.24193726e+00
 5.06612549e+00
 2.82164917e+00
 8.01870117e+00
 1.25740601e+01
 1.49957520e+01
 2.45921570e+01
 2.76390625e+01
 2.46462952e+01
 2.13089539e+01
 1.23437134e+01
 7.42812500e+00
 6.63356934e+00
 4.82848511e+00
 6.37331543e+00
 8.78658447e+00
 9.68761597e+00
 1.58615662e+01
 2.34679810e+01
 2.33944031e+01
 2.22665344e+01
 1.61674133e+01
 9.31722412e+00
 6.50896606e+00
 2.42693481e+00
 5.45668945e+00
 4.83782349e+00
 6.69970093e+00
 1.17504822e+01
 1.42598511e+01
 2.30872131e+01
 2.33460632e+01
 2.40950562e+01
 2.03691040e+01
 8.78847656e+00
 7.30629883e+00
 3.65178833e+00
 2.74617920e+00
 -5.34824219e+00
 3.94887695e+00
 8.91726074e+00
 1.42388245e+01
 2.35568481e+01
 2.20714050e+01
 2.50654236e+01
 1.88682190e+01
 1.26321655e+01
 8.14254150e+00
 2.13625488e+00
 -6.83432617e+00
 -1.52783813e+00
 6.82092285e-01
 8.85866699e+00
 1.51913696e+01
 2.13639160e+01
 2.57588440e+01
 2.69051147e+01
 2.10957886e+01
 1.38980347e+01
 5.94439087e+00
 3.88179932e+00
 5.47567139e+00
 4.79577026e+00
 6.66863403e+00
 1.22705933e+01
 1.67990662e+01
 2.25750671e+01
 2.67726379e+01
 2.40820862e+01
 1.89438416e+01
 1.24325806e+01
 7.39919434e+00
 1.69188843e+00
 1.20910034e+00
 2.22411499e+00
 9.95824585e+00
 1.16599976e+01
 1.80819336e+01
 1.88459412e+01
 2.56931702e+01
 2.62114502e+01
 2.05492493e+01
 1.05307251e+01
 6.40541992e+00
 2.89574585e+00
 -3.98892822e+00
 8.69384766e-02
 6.05108032e+00
 1.22679993e+01
 1.70899902e+01
 1.97531677e+01
 2.39609924e+01
 2.16718079e+01
 1.80245911e+01
 1.27646118e+01
 8.56713257e+00
 3.89946899e+00
 4.25722656e+00
 3.20702515e+00
 7.00985107e+00
 1.04253479e+01
 1.70742737e+01
 2.50511108e+01
 2.38901917e+01
 2.36148315e+01
 1.83998047e+01
 1.07138000e+01
 4.84359131e+00
 4.52233276e+00
 6.03420410e+00
 4.23793945e+00
 8.37246094e+00
 1.09904114e+01
 2.24899536e+01
 2.11654602e+01
 2.28080994e+01
 2.80504089e+01
 2.01632935e+01
 1.15400330e+01
 9.48897705e+00
 5.14321289e+00
 -3.84607544e+00
 4.32662354e+00
 9.47145996e+00
 1.25162903e+01
 1.66007019e+01
 2.27769104e+01
 2.61571594e+01
 2.66799866e+01
 1.61234375e+01
 1.24817139e+01
 2.93230591e+00
 -1.81650391e+00
 4.23330078e+00
 5.51067505e+00
 5.87291870e+00
 1.17470032e+01
 1.48832336e+01
 2.09284912e+01
 2.56664063e+01
 2.58139893e+01
 1.85954224e+01
 1.11998230e+01
 8.18615112e+00
 5.66182861e+00
 2.65343628e+00
 7.09707031e+00
 7.36629639e+00
 1.23275391e+01
 1.69279419e+01
 1.93035522e+01
 2.36110168e+01
 2.42343689e+01
 2.08250977e+01
 1.42138000e+01
 8.66600952e+00
 -5.45477295e-01
 1.04726563e+00
 4.03270874e+00
 9.23433838e+00
 7.48873291e+00
 1.32848145e+01
 1.93099915e+01
 2.19333740e+01
 2.21131226e+01
 1.36638123e+01
 1.17882324e+01
 8.79625854e+00
 5.44814453e+00
 1.29632568e-01
 3.42702637e+00
 5.09829102e+00
 1.10133606e+01
 1.41976257e+01
 2.10313965e+01
 2.57017761e+01
 2.31517273e+01
 1.93009888e+01
 1.23576904e+01
 5.60250244e+00
 4.77477417e+00
 2.03472290e+00
 7.36184082e+00
 9.38805542e+00
 1.18645874e+01
 1.48901611e+01
 2.31484619e+01
 2.69721619e+01
 2.64736877e+01
 2.18305298e+01
 1.32227417e+01
 6.01262817e+00
 4.21239624e+00
 5.04912720e+00
 8.21315918e+00
 6.32058105e+00
 1.23813416e+01
 1.68118530e+01
 2.41791626e+01
 2.89085632e+01
 2.72702881e+01
 2.00375305e+01
 1.11104370e+01
 5.17067871e+00
 2.64101563e+00
 1.86910400e+00
 5.49059448e+00
 7.76143799e+00
 1.25578552e+01
 1.81420227e+01
 2.22377869e+01
 2.65252319e+01
 2.68048340e+01
 1.75554443e+01
 1.45355469e+01
 6.63329468e+00
 3.70812378e+00
 -1.69937744e+00
 2.14995728e+00
 7.26958618e+00
 8.89898071e+00
 1.65121704e+01
 2.03059326e+01
 2.28275085e+01
 2.15523010e+01
 1.43443237e+01
 8.93264160e+00
 5.83025513e+00
 4.47759399e+00
 3.82940063e+00
 2.76592407e+00
 8.08239136e+00
 1.31094910e+01
 1.52126099e+01
 1.94336792e+01
 2.46230713e+01
 2.03920532e+01
 1.94557129e+01
 1.10238281e+01
 7.93502197e+00
 5.22912598e-01
 3.90239868e+00
 6.92885742e+00
 5.54631958e+00
 1.21814209e+01
 1.79343506e+01
 2.29950195e+01
 2.77209106e+01
 2.38158813e+01
 1.79067017e+01
 1.09658752e+01
 6.28966675e+00
 1.42449341e+00
 -1.12201538e+00
 4.09935913e+00
 6.91304932e+00
 9.48064575e+00
 1.39720398e+01
 2.12219177e+01
 2.51766296e+01
 2.58624207e+01
 1.97761475e+01
 1.18602844e+01
 7.19561157e+00
 6.35991821e+00
 6.17748413e+00
 7.10735474e+00
 8.19991455e+00
 1.23531738e+01
 1.73257690e+01
 2.06767212e+01
 2.29570251e+01
 2.59275757e+01
 1.85487610e+01
 1.12856079e+01
 5.97777710e+00
 1.57491455e+00
 4.79714355e+00
 1.60088501e+00
 5.70964966e+00
 9.64211426e+00
 1.56679321e+01
 2.04725891e+01
 2.49600159e+01
 2.33020874e+01
 1.94381042e+01
 1.34452759e+01
 7.37496338e+00
 3.55977783e+00
 6.05642090e+00
 3.49807129e+00
 5.89315186e+00
 1.21650940e+01
 1.73927856e+01
 2.51895386e+01
 2.34556519e+01
 2.34447266e+01
 1.95344177e+01
 1.07228333e+01
 4.79418335e+00
 3.21920166e+00
 -1.95090332e+00
 7.69933472e+00
 7.57259521e+00
 1.05431458e+01
 1.70564819e+01
 2.27016235e+01
 2.66837097e+01
 2.55841003e+01
 2.07101379e+01
 1.40704590e+01
 7.75072632e+00
 1.01708923e+01
 2.97411499e+00
 3.44603882e+00
 8.14302979e+00
 1.05905396e+01
 1.49823547e+01
 2.06446777e+01
 2.81293274e+01
 2.64917847e+01
 1.49589783e+01
 1.10131775e+01
 7.59703979e+00
 -4.18341064e-01
 -1.96124878e+00
 1.91890869e+00
 7.70900879e+00
 1.10889526e+01
 1.66949097e+01
 2.22694031e+01
 2.49821411e+01
 2.39544922e+01
 2.12864929e+01
 1.33825012e+01
 4.10906372e+00
 -1.38959351e+00
 1.96777344e-02
 3.19973145e+00
 1.01072632e+01
 1.01438538e+01
 1.54146973e+01
 1.93582092e+01
 2.21720215e+01
 2.15177551e+01
 1.80443970e+01
 8.71764526e+00
 6.26778564e+00
 7.33056030e+00
 1.03264771e+00
 5.71761475e+00
 1.00410095e+01
 1.23105408e+01
 1.59190002e+01
 2.08929993e+01
 2.56490723e+01
 2.53980652e+01
 2.06949402e+01
 1.45214478e+01
 4.61336670e+00
 5.53759155e+00
 4.53118286e+00
 6.91442261e+00
 7.77749023e+00
 1.00076843e+01
 1.60325867e+01
 2.29693542e+01
 2.64508911e+01
 2.62579895e+01
 1.93631531e+01
 1.26815125e+01
 7.86428223e+00
 4.77080688e+00
 3.34039307e-01
 2.98549805e+00
 4.22966919e+00
 1.18493591e+01
 1.76074463e+01
 2.70512024e+01
 2.62621094e+01
 2.36719299e+01
 2.32752319e+01
 1.49253784e+01
 6.76525269e+00
 4.48229370e+00
 3.93581543e+00
 7.76278076e+00
 9.58001099e+00
 1.41478210e+01
 1.94076172e+01
 2.25915771e+01
 2.76171204e+01
 2.90609680e+01
 2.01248108e+01
 1.09553162e+01
 8.57143555e+00
 9.19530640e+00
 8.85125732e-01
 5.77526245e+00
 8.82741699e+00
 1.38297058e+01
 1.83945251e+01
 2.41070801e+01
 2.60353638e+01
 2.55193726e+01
 2.23352905e+01
 1.24678894e+01
 6.44216309e+00
 5.68560181e+00
 3.25551758e+00
 3.93190918e+00
 9.58400879e+00
 1.06301514e+01
 1.47628723e+01
 2.40218140e+01
 2.72883850e+01
 2.57784973e+01
 1.63687683e+01
 1.37224365e+01
 1.01024109e+01
 5.16411743e+00
 3.87310181e+00
 5.43486938e+00
 6.73482666e+00
 8.85506592e+00
 1.65656982e+01
 2.19789368e+01
 2.59522339e+01
 2.26050049e+01
 2.43882080e+01
 1.55099426e+01
 8.13628540e+00
 -5.95312500e-01
 2.24237061e-01
 2.06079102e-01
 6.09215698e+00
 1.10828796e+01
 1.53276306e+01
 1.77319885e+01
 2.25409180e+01
 2.40538879e+01
 1.57755066e+01
 1.20331970e+01
 7.77855835e+00
 1.07027588e+00
 -6.07275391e-01
 4.06862793e+00
 7.38433228e+00
 1.02298828e+01
 1.93050476e+01
 2.56535583e+01
 2.52999512e+01
 2.41964355e+01
 1.54721619e+01
 1.19404846e+01
 8.40853271e+00
 5.69408569e+00
 2.44143066e+00
 5.45623169e+00
 1.05247131e+01
 1.24615112e+01
 2.16062866e+01
 2.38045593e+01
 2.61934753e+01
 2.60922485e+01
 2.11464172e+01
 1.39160095e+01
 6.96019897e+00
 4.09774170e+00
 -1.31531372e+00
 3.60451660e+00
 7.13439331e+00
 1.46203247e+01
 1.40791565e+01
 2.49136902e+01
 2.96370789e+01
 2.76306396e+01
 1.87558228e+01
 1.10498901e+01
 7.09804688e+00
 3.45156250e+00
 3.84960327e+00
 3.51897583e+00
 7.10683594e+00
 1.07016235e+01
 1.80776917e+01
 2.41841370e+01
 2.96449829e+01
 2.77091309e+01
 2.19063049e+01
 1.45689026e+01
 6.84310303e+00
 2.61501465e+00
 3.79180298e+00
 2.64818726e+00
 8.38512573e+00
 1.28026672e+01
 1.46681458e+01
 2.52542969e+01
 2.36640259e+01
 2.50329834e+01
 2.04746338e+01
 1.53449341e+01
 6.83849487e+00
 2.34819946e+00
 4.28695068e+00
 4.54931030e+00
 7.41832886e+00
 1.27710205e+01
 1.72400146e+01
 2.00681702e+01
 2.96618896e+01
 2.59171082e+01
 1.92777954e+01
 1.28325439e+01
 9.58950195e+00
 3.15371094e+00
 5.78267822e+00
 5.73024902e+00
 8.55605469e+00
 1.30798889e+01
 1.62777039e+01
 2.52542358e+01
 2.48886353e+01
 2.21520630e+01
 1.96388184e+01
 1.35707031e+01
 5.41094360e+00
 5.58196411e+00
 4.28975830e+00
 6.95000610e+00
 7.84026489e+00
 1.09986816e+01
 1.78384033e+01
 2.04598022e+01
 2.59786011e+01
 2.20571838e+01
 1.79273315e+01
 1.19515015e+01
 6.99556885e+00
 7.08895264e+00
 5.36217651e+00
 4.69487915e+00
 9.01613770e+00
 1.25573669e+01
 1.93130127e+01
 2.76872498e+01
 2.98834778e+01
 2.76216675e+01
 1.78769165e+01
 1.27719971e+01
 7.89144287e+00
 3.24230347e+00
 1.61464844e+00
 4.30059204e+00
 5.76427612e+00
 1.18752075e+01
 1.85365845e+01
 2.51072632e+01
 2.95329529e+01
 2.64265991e+01
 1.98061462e+01
 1.58038269e+01
 4.55101929e+00
 3.71123657e+00
 2.05639038e+00
 1.12450562e+00
 4.81762085e+00
 1.10584656e+01
 1.85039612e+01
 2.28000122e+01
 2.54829346e+01
 2.46221863e+01
 2.15363098e+01
 1.45836426e+01
 9.07418213e+00
 1.25405273e+00
 3.70198975e+00
 4.31734619e+00
 8.10851440e+00
 1.17122742e+01
 1.68132568e+01
 2.20176941e+01
 2.42973877e+01
 2.54811646e+01
 2.02023254e+01
 1.62109619e+01
 8.89229736e+00
 9.69323730e-01
 4.15212402e+00
 8.59130249e+00
 8.50649414e+00
 1.32693420e+01
 2.37719971e+01
 2.93333679e+01
 2.91681458e+01
 2.85243774e+01
 2.17751099e+01
 1.27200562e+01
 5.65401611e+00
 3.55999146e+00
 2.58199463e+00
 1.03128296e+01
 8.61443481e+00
 1.20730835e+01
 1.69158875e+01
 2.12037598e+01
 2.47714172e+01
 2.94286438e+01
 1.86295410e+01
 1.69476868e+01
 9.22344360e+00
 4.18956909e+00
 6.66369019e+00
 4.69710693e+00
 7.93349609e+00
 1.26121155e+01
 1.92568298e+01
 2.31002441e+01
 2.95682617e+01
 2.67833191e+01
 1.81284729e+01
 1.29917236e+01
 7.57384644e+00
 6.32314453e+00
 4.08547363e+00
 4.54384766e+00
 8.93926392e+00
 1.26041199e+01
 1.53864990e+01
 2.25083862e+01
 2.68567749e+01
 2.53200623e+01
 2.11479736e+01
 1.29880615e+01
 8.46987305e+00
 5.72283325e+00
 4.23604736e+00
 5.62282715e+00
 8.45369873e+00
 1.65505920e+01
 1.91735779e+01
 2.33776184e+01
 2.91744324e+01
 2.81484314e+01
 2.27051941e+01
 1.48488708e+01
 7.76946411e+00
 8.06536255e+00
 4.66594849e+00
 4.51348267e+00
 1.18216492e+01
 1.39969421e+01
 1.77756897e+01
 2.35417419e+01
 2.71643616e+01
 2.91800781e+01
 2.13668152e+01
 1.50153442e+01
 7.64180908e+00
 3.08825073e+00
 4.47985229e+00
 5.37868652e+00
 6.33007202e+00
 1.30000244e+01
 1.96725403e+01
 2.31823669e+01
 2.21317688e+01
 2.19538208e+01
 1.80049988e+01
 1.40291077e+01
 8.37175903e+00
 3.10018311e+00
 -4.87310791e-01
 4.33617554e+00
 7.29470215e+00
 1.25235840e+01
 1.79161011e+01
 2.32724854e+01
 2.75017029e+01
 2.91337524e+01
 2.02177368e+01
 1.51169983e+01
 1.03304688e+01
 8.00573120e+00
 4.41881714e+00
 4.32048950e+00
 8.65487061e+00
 1.16554199e+01
 1.83219543e+01
 1.97989441e+01
 2.52060181e+01
 2.60064331e+01
 2.14738708e+01
 1.35008789e+01
 1.18796936e+01
 1.00656067e+01
 7.61296997e+00
 6.14016113e+00
 9.42296753e+00
 1.13701111e+01
 1.66840759e+01
 2.10723511e+01
 2.30505615e+01
 2.36907593e+01
 1.99844604e+01
 1.40734497e+01
 7.57320557e+00
 5.44552002e+00
 7.27596436e+00
 6.24797974e+00
 1.15088440e+01
 1.16154724e+01
 1.71480347e+01
 2.67653748e+01
 2.70664612e+01
 2.80638367e+01
 2.10437866e+01
 1.56427246e+01
 8.11724243e+00
 2.96502075e+00
 1.65102539e+00
 3.38491211e+00
 5.74117432e+00
 1.27258850e+01
 1.99316650e+01
 2.40749451e+01
 2.93627869e+01
 2.58173462e+01
 1.90893188e+01
 1.40794922e+01
 8.59249268e+00
 1.49111328e+00
 5.16878662e+00
 4.01778564e+00
 8.42122803e+00
 1.35514465e+01
 1.71863342e+01
 2.34543091e+01
 2.88798767e+01
 2.80064636e+01
 2.27857300e+01
 1.43025146e+01
 1.27730347e+01
 3.16668091e+00
