 6.54256592e+00
 6.54885254e+00
 9.14214478e+00
 1.18964172e+01
 1.45695435e+01
 2.04847046e+01
 2.49569031e+01
 2.15204712e+01
 1.70341125e+01
 1.50185181e+01
 9.95494995e+00
 6.95324097e+00
 4.45354614e+00
 7.72258911e+00
 9.02883301e+00
 1.01380249e+01
 1.68402344e+01
 2.08604065e+01
 2.30782104e+01
 2.49820496e+01
 1.97353760e+01
 1.51151978e+01
 1.18238464e+01
 9.00780640e+00
 7.91311035e+00
 6.77175293e+00
 8.98262939e+00
 1.19249817e+01
 1.57822815e+01
 1.89926392e+01
 2.15422607e+01
 2.18241516e+01
 1.92159058e+01
 1.44233948e+01
 1.08077332e+01
 9.20717773e+00
 3.61931763e+00
 7.48021851e+00
 7.49294434e+00
 1.21330505e+01
 1.76037231e+01
 1.99426819e+01
 2.45813843e+01
 2.48710571e+01
 2.01419006e+01
 1.47642151e+01
 1.02702271e+01
 8.69027100e+00
 5.48406372e+00
 3.34841309e+00
 6.99447021e+00
 1.22672363e+01
 1.66399780e+01
 2.03055664e+01
 2.40527893e+01
 2.42953125e+01
 2.08604065e+01
 1.47852722e+01
 8.44484863e+00
 8.59160767e+00
 7.70177612e+00
 8.63720093e+00
 8.75023804e+00
 1.17102600e+01
 1.60709473e+01
 2.13490540e+01
 2.67331482e+01
 2.35633179e+01
 1.84086853e+01
 1.43174072e+01
 1.00024353e+01
 8.20708618e+00
 7.34935913e+00
 7.06514893e+00
 1.11036926e+01
 1.27701355e+01
 1.53947693e+01
 2.33442627e+01
 2.59701782e+01
 2.52576843e+01
 2.05797363e+01
 1.29052063e+01
 9.69207153e+00
 4.73003540e+00
 5.48381958e+00
 6.48897705e+00
 1.09525696e+01
 1.24306580e+01
 1.49790283e+01
 1.97114197e+01
 2.30602356e+01
 2.16800476e+01
 1.99240967e+01
 1.61565491e+01
 1.21072632e+01
 6.35762939e+00
 2.98803101e+00
 3.48684082e+00
 9.71407471e+00
 1.27367493e+01
 1.56985718e+01
 1.94369141e+01
 2.55543152e+01
 2.51971680e+01
 1.91527649e+01
 1.54626404e+01
 9.00338135e+00
 6.01046143e+00
 7.63146362e+00
 6.40877686e+00
 8.23473511e+00
 1.02743774e+01
 1.45049377e+01
 2.10407959e+01
 2.26324402e+01
 2.53439270e+01
 2.01255432e+01
 1.20512024e+01
 1.22993408e+01
 5.10061035e+00
 4.00533447e+00
 8.54235229e+00
 7.57140503e+00
 1.29233948e+01
 1.61632019e+01
 2.23536011e+01
 2.62138000e+01
 2.50913940e+01
 1.78856445e+01
 1.41566101e+01
 1.01616150e+01
 9.06081543e+00
 8.50893555e+00
 4.89760742e+00
 6.37719116e+00
 1.20995728e+01
 1.69366394e+01
 2.03404175e+01
 2.38855225e+01
 2.24960876e+01
 1.90472351e+01
 1.54871765e+01
 1.00421692e+01
 6.10079346e+00
 4.62667236e+00
 7.79073486e+00
 9.20131836e+00
 1.25277039e+01
 1.41119019e+01
 1.92303406e+01
 2.11462341e+01
 2.41069275e+01
 1.77659851e+01
 1.43592163e+01
 9.28865967e+00
 8.59478149e+00
 3.38506470e+00
 6.12246094e+00
 8.94854126e+00
 1.18680054e+01
 1.57740723e+01
 2.31118713e+01
 2.58284546e+01
 2.55226379e+01
 2.02535339e+01
 1.54086548e+01
 9.11400757e+00
 6.23952637e+00
 5.02453003e+00
 8.44289551e+00
 8.84526978e+00
 1.34690796e+01
 1.65582214e+01
 2.02154480e+01
 2.33361145e+01
 2.57600952e+01
 2.05138794e+01
 1.63742615e+01
 1.33599487e+01
 7.57390747e+00
 6.31270752e+00
 6.61705933e+00
 1.07953125e+01
 1.09341980e+01
 1.44078003e+01
 2.15303589e+01
 2.38987976e+01
 2.29560791e+01
 2.09055725e+01
 1.66023804e+01
 1.23322693e+01
 6.18789063e+00
 6.53096924e+00
 5.56047974e+00
 7.21303711e+00
 1.26202332e+01
 1.65410095e+01
 1.76310364e+01
 2.15387207e+01
 2.12070862e+01
 2.02557312e+01
 1.42174622e+01
 1.10490967e+01
 7.99553833e+00
 8.08016357e+00
 6.87618408e+00
 9.69799194e+00
 1.12591797e+01
 1.58728577e+01
 2.10194641e+01
 2.32778259e+01
 2.32229858e+01
 1.89553162e+01
 1.42199646e+01
 1.01616760e+01
 9.21502075e+00
 5.42830811e+00
 8.19338379e+00
 9.80275879e+00
 1.14188171e+01
 1.65562073e+01
 2.00499512e+01
 2.49522644e+01
 2.56327148e+01
 2.25641418e+01
 1.60566040e+01
 1.15140930e+01
 1.03966919e+01
 6.53188477e+00
 9.30800781e+00
 9.98113403e+00
 1.34064575e+01
 1.68358398e+01
 2.06887451e+01
 2.22954956e+01
 2.55084167e+01
 2.03702942e+01
 1.48096558e+01
 1.20259338e+01
 7.67836914e+00
 3.45888672e+00
 5.00093994e+00
 8.06493530e+00
 1.34135986e+01
 1.54313293e+01
 2.11599976e+01
 2.22356812e+01
 2.32291809e+01
 1.92643066e+01
 1.43279968e+01
 7.44552002e+00
 7.13515625e+00
 2.17159424e+00
 3.04012451e+00
 9.85515747e+00
 1.12206665e+01
 1.50869080e+01
 2.37437683e+01
 2.61977783e+01
 2.35682312e+01
 1.97546631e+01
 1.59991089e+01
 1.14176575e+01
 6.67101440e+00
 4.19641113e-01
 6.06722412e+00
 8.93605957e+00
 1.12651001e+01
 1.61783386e+01
 2.17383362e+01
 2.32084900e+01
 2.26651245e+01
 1.72125488e+01
 1.32259766e+01
 1.33438660e+01
 7.61837158e+00
 7.44167480e+00
 7.53933105e+00
 6.83358154e+00
 1.36046997e+01
 1.63147522e+01
 2.38148438e+01
 2.46647278e+01
 2.50703979e+01
 1.92961365e+01
 1.34236084e+01
 1.12129456e+01
 8.35723267e+00
 9.32994995e+00
 8.62645874e+00
 7.35900269e+00
 1.06755615e+01
 1.52694641e+01
 2.15622498e+01
 2.62730652e+01
 2.41769043e+01
 1.92020508e+01
 1.45050293e+01
 9.18319092e+00
 7.41961060e+00
 9.14187012e+00
 4.49846802e+00
 9.05654297e+00
 1.23717896e+01
 1.60620667e+01
 2.08997437e+01
 2.43995605e+01
 2.15363403e+01
 1.83489624e+01
 1.36476379e+01
 1.27587524e+01
 5.20391235e+00
 5.74587402e+00
 2.12911377e+00
 8.61654053e+00
 1.15454956e+01
 1.66035400e+01
 2.18672424e+01
 2.12677551e+01
 2.44223877e+01
 1.86436401e+01
 1.52882324e+01
 1.22359253e+01
 5.73192749e+00
 6.74053345e+00
 8.85805664e+00
 7.74437866e+00
 1.11191345e+01
 1.67566772e+01
 2.04643188e+01
 2.63989807e+01
 2.54318787e+01
 2.01812073e+01
 1.64774414e+01
 1.06036316e+01
 6.39244995e+00
 5.50682983e+00
 5.83245239e+00
 6.83098755e+00
 1.13616272e+01
 1.60965515e+01
 2.07561890e+01
 2.66682678e+01
 2.31313721e+01
 1.99908691e+01
 1.54803406e+01
 1.17646423e+01
 8.92254028e+00
 8.90694580e+00
 1.08528076e+01
 1.02388855e+01
 1.23359009e+01
 1.53016602e+01
 2.51765991e+01
 2.54234253e+01
 2.36031433e+01
 1.85528198e+01
 1.59821716e+01
 9.48589478e+00
 6.30401001e+00
 6.23940430e+00
 6.23107300e+00
 9.81533203e+00
 1.20011536e+01
 1.88074280e+01
 2.32722717e+01
 2.64158264e+01
 2.28378845e+01
 1.86291748e+01
 1.35386292e+01
 9.40813599e+00
 9.06224976e+00
 7.05306396e+00
 1.04266296e+01
 1.08359009e+01
 1.41769958e+01
 1.53097778e+01
 2.00693909e+01
 2.62654968e+01
 2.66022888e+01
 1.93122498e+01
 1.73521667e+01
 8.60244141e+00
 8.11205444e+00
 7.08471069e+00
 9.06356201e+00
 9.91167603e+00
 1.24868713e+01
 1.63613220e+01
 2.07676636e+01
 2.61569458e+01
 2.38929688e+01
 2.12518860e+01
 1.85595642e+01
 1.35223022e+01
 6.49581299e+00
 5.95388184e+00
 8.98394165e+00
 7.67904053e+00
 1.15578857e+01
 1.58532043e+01
 2.30552307e+01
 2.41764771e+01
 2.19943176e+01
 2.03140503e+01
 1.36989990e+01
 1.07488647e+01
 6.14968262e+00
 3.97475586e+00
 3.67122803e+00
 1.01152283e+01
 1.10466858e+01
 1.63002869e+01
 2.21633545e+01
 2.44096924e+01
 2.79133850e+01
 2.11080872e+01
 1.52759338e+01
 1.35541626e+01
 9.14064941e+00
 8.05077515e+00
 5.57149658e+00
 9.52858887e+00
 1.26981750e+01
 1.60996948e+01
 2.11252380e+01
 2.57516724e+01
 2.17648865e+01
 2.06108948e+01
 1.29549805e+01
 1.02552734e+01
 4.16243896e+00
 7.11773071e+00
 7.36507568e+00
 7.46419678e+00
 1.20644775e+01
 1.36651855e+01
 2.06779724e+01
 2.30084167e+01
 2.31592651e+01
 2.19118286e+01
 1.65848938e+01
 9.53951416e+00
 6.68508301e+00
 9.80065308e+00
 6.72603760e+00
 7.62243042e+00
 1.39986206e+01
 1.66771179e+01
 2.12551819e+01
 2.50999695e+01
 2.35074402e+01
 1.91633545e+01
 1.55851685e+01
 1.28932739e+01
 9.69194946e+00
 6.92846069e+00
 5.27565918e+00
 9.89476929e+00
 1.06617371e+01
 1.71196838e+01
 2.15574585e+01
 2.49073120e+01
 2.32944580e+01
 1.88649841e+01
 1.62624451e+01
 1.17736450e+01
 6.65795288e+00
 6.92733154e+00
 4.14684448e+00
 8.14251099e+00
 1.28394104e+01
 1.87550903e+01
 2.61060120e+01
 2.53830811e+01
 2.37918335e+01
 2.24860779e+01
 1.41944214e+01
 1.19973389e+01
 5.83916626e+00
 5.32885132e+00
 6.91359863e+00
 1.05372253e+01
 1.27437683e+01
 1.76690918e+01
 2.27705322e+01
 2.58369690e+01
 2.48649536e+01
 1.87587219e+01
 1.50772339e+01
 1.09785706e+01
 7.69014893e+00
 6.73461304e+00
 5.65361938e+00
 8.24147949e+00
 9.45009766e+00
 1.66396423e+01
 2.28531128e+01
 2.63177734e+01
 2.45340820e+01
 1.94033752e+01
 1.62971436e+01
 1.27015930e+01
 9.91256104e+00
 9.02721558e+00
 5.80797729e+00
 8.49608765e+00
 1.29728638e+01
 1.69114014e+01
 2.28278748e+01
 2.54540039e+01
 2.32492004e+01
 2.22816406e+01
 1.55267883e+01
 1.16906067e+01
 1.00089050e+01
 9.57985840e+00
 6.99572144e+00
 8.21938477e+00
 1.29515930e+01
 1.61349426e+01
 2.03929077e+01
 2.54969421e+01
 2.56353088e+01
 1.89803406e+01
 1.69174438e+01
 1.16725708e+01
 8.70321045e+00
 7.82610474e+00
 6.72017822e+00
 1.02945190e+01
 1.22214600e+01
 1.70884033e+01
 2.23202148e+01
 2.77172180e+01
 2.63362671e+01
 2.05779968e+01
 1.63092896e+01
 1.20825134e+01
 1.02011047e+01
 8.51143799e+00
 8.13182983e+00
 1.09832703e+01
 1.35368286e+01
 1.73631531e+01
 2.10765930e+01
 2.58644653e+01
 2.54870544e+01
 1.96716858e+01
 1.46555725e+01
 1.23669067e+01
 7.34331665e+00
 7.17897949e+00
 8.69500122e+00
 8.42037354e+00
 1.23998047e+01
 1.60953613e+01
 1.94232117e+01
 2.25505310e+01
 2.41121765e+01
 1.98518921e+01
 1.41511780e+01
 1.07043091e+01
 7.87685547e+00
 6.19384155e+00
 7.87758789e+00
 9.07943115e+00
 1.22910706e+01
 1.52468201e+01
 1.82006775e+01
 2.31555420e+01
 2.16635376e+01
 1.94209839e+01
 1.31415344e+01
 1.18930908e+01
 3.59929810e+00
 5.97866211e+00
 3.95464478e+00
 7.95208130e+00
 1.33070007e+01
 1.70142151e+01
 2.46115051e+01
 2.49701477e+01
 2.21585632e+01
 1.86778809e+01
 1.63049866e+01
 1.09947449e+01
 6.41845093e+00
 7.57897339e+00
 8.17955933e+00
 9.83345947e+00
 1.24442993e+01
 1.69218689e+01
 2.23716980e+01
 2.26606995e+01
 2.19439026e+01
 2.23804260e+01
 1.46245361e+01
 7.40813599e+00
 5.05654297e+00
 6.85576782e+00
 6.58529053e+00
 9.62005005e+00
 1.32706238e+01
 1.77430664e+01
 2.28312622e+01
 2.68710571e+01
 2.46356445e+01
 1.88823486e+01
 1.45426880e+01
 1.13626038e+01
 9.20360718e+00
 5.43071899e+00
 7.88143311e+00
 1.08312012e+01
 1.29031616e+01
 1.59951111e+01
 2.44027954e+01
 2.45943848e+01
 2.27711121e+01
 2.00400330e+01
 1.53419128e+01
 1.22729736e+01
 7.16951904e+00
 8.12764893e+00
 8.17919312e+00
 9.65682373e+00
 1.07168518e+01
 1.83038269e+01
 2.04627930e+01
 2.53643433e+01
 2.36439148e+01
 2.10388733e+01
 1.37324158e+01
 1.02743469e+01
 5.19338379e+00
 7.96166382e+00
 6.64379272e+00
 1.02788635e+01
 1.37764221e+01
 1.81119629e+01
 2.19405151e+01
 2.37415710e+01
 2.31773010e+01
 2.06698853e+01
 1.57275635e+01
 1.04121033e+01
 6.64098511e+00
 5.97191772e+00
 9.57103882e+00
 8.91613159e+00
 1.23679749e+01
 1.68215881e+01
 2.19407593e+01
 2.95205322e+01
 2.37263428e+01
 2.03664795e+01
 1.67505737e+01
 1.02541443e+01
 1.02090393e+01
 6.97930298e+00
 7.64995728e+00
 1.03351990e+01
 1.33489319e+01
 1.66503845e+01
 2.33731323e+01
 2.51318298e+01
 2.51166626e+01
 1.75712219e+01
 1.67320190e+01
 1.01769653e+01
 9.14632568e+00
 7.89360962e+00
 4.88134155e+00
 1.14445129e+01
 1.30527893e+01
 1.55552612e+01
 2.16307007e+01
 2.70192505e+01
 2.51126953e+01
 2.13438965e+01
 1.22604309e+01
 1.02617126e+01
 8.16814575e+00
 5.10256348e+00
 5.55474243e+00
 1.08411804e+01
 1.46638428e+01
 1.83277527e+01
 2.22882324e+01
 2.74515625e+01
 2.65692078e+01
 2.07550598e+01
 1.80157410e+01
 1.17342773e+01
 1.15452515e+01
 6.64348755e+00
 8.14922485e+00
 8.52895508e+00
 1.39239441e+01
 1.73247314e+01
 2.17701050e+01
 2.84454895e+01
 2.63603149e+01
 2.12821594e+01
 1.56380859e+01
 1.30602356e+01
 1.15720764e+01
 6.47310791e+00
 1.00029236e+01
 8.83376465e+00
 1.13880249e+01
 1.55234619e+01
 2.44188171e+01
 2.61809937e+01
 2.37379395e+01
 2.06039673e+01
 1.63983398e+01
 1.10446106e+01
 6.11220703e+00
 6.82125244e+00
 6.74389038e+00
 9.98223267e+00
 1.52469116e+01
 1.49322449e+01
 2.13214355e+01
 2.80313049e+01
 2.46850525e+01
 2.07002808e+01
 1.64610840e+01
 1.12666260e+01
 6.51699219e+00
 6.44844971e+00
 6.82500610e+00
 9.06636963e+00
 1.50823303e+01
 1.71724792e+01
 2.34763733e+01
 2.36881958e+01
 2.28354736e+01
 2.13763977e+01
 1.71183105e+01
 1.45187927e+01
 1.01376282e+01
 8.29491577e+00
 6.73476563e+00
 1.05061890e+01
 1.39789673e+01
 1.71786438e+01
 1.99040466e+01
 2.68643433e+01
 2.84893433e+01
 2.17275024e+01
 1.37341858e+01
 1.43309570e+01
 9.64614258e+00
 1.03728882e+01
 9.45940552e+00
 1.07253967e+01
 1.20933472e+01
 1.67217346e+01
 1.82690369e+01
 2.53696838e+01
 2.46917664e+01
 2.00553833e+01
 1.48145996e+01
 1.25753723e+01
 6.18895874e+00
 6.25997314e+00
 8.84963379e+00
 8.36239014e+00
 1.05865112e+01
 1.63621765e+01
 2.32960449e+01
 2.75596863e+01
 2.27777649e+01
 2.06103760e+01
 1.64849182e+01
 1.24744812e+01
 7.91082153e+00
 6.89675293e+00
 7.29134521e+00
 1.04078308e+01
 1.06891418e+01
 1.62119690e+01
 2.22232605e+01
 2.59539734e+01
 2.60908752e+01
 1.95560852e+01
 1.56255432e+01
 1.03561035e+01
 1.09305969e+01
 8.85714111e+00
 9.61379395e+00
 1.17343689e+01
 1.48538147e+01
 1.59532410e+01
 2.22501160e+01
 2.67200256e+01
 2.50917297e+01
 1.99908691e+01
 1.59870850e+01
 1.22428223e+01
 9.30452881e+00
 7.02620850e+00
 8.57149658e+00
 1.01242004e+01
 1.28805176e+01
 1.71692749e+01
 2.04084106e+01
 2.62748352e+01
 2.37582642e+01
 1.89031006e+01
 1.35390564e+01
 9.08352051e+00
 7.10338745e+00
 1.01936890e+01
 8.18355713e+00
 1.01607910e+01
 1.34954773e+01
 1.76188904e+01
 2.06198364e+01
 2.76541077e+01
 2.60150085e+01
 1.90272156e+01
 1.73366638e+01
 1.18326965e+01
 9.25875244e+00
 8.82781372e+00
 8.50805054e+00
 1.07731567e+01
 1.27705017e+01
 1.72187439e+01
 2.24409424e+01
 2.73957458e+01
 2.51579834e+01
 2.12439819e+01
 1.53745056e+01
 1.20913940e+01
 6.87416992e+00
 8.52626953e+00
 7.90346680e+00
 9.31057129e+00
 1.26304871e+01
 1.62475525e+01
 2.25251099e+01
 2.67767578e+01
 2.38037354e+01
 2.00830322e+01
 1.68606201e+01
 1.23639465e+01
 1.20119873e+01
 8.15648804e+00
 7.42394409e+00
 1.09864441e+01
 1.36626526e+01
 1.68368469e+01
 2.14612366e+01
 2.67083984e+01
 2.40523010e+01
 2.08897339e+01
 1.69526917e+01
 1.14946228e+01
 1.01808105e+01
 7.25008545e+00
 8.51458130e+00
 8.42601929e+00
 1.19523254e+01
 1.70710388e+01
 2.40990234e+01
 2.71033569e+01
 2.76572510e+01
 2.12331482e+01
 1.42025696e+01
 1.16605469e+01
 9.63100586e+00
 4.58251343e+00
 9.08837280e+00
 1.01215149e+01
 1.39122253e+01
 1.99164673e+01
 1.97708984e+01
 2.69695374e+01
 2.48520142e+01
 2.06496216e+01
 1.80286499e+01
 1.27314392e+01
 1.02952515e+01
 1.06460510e+01
 6.92592773e+00
 1.03246704e+01
 1.45606934e+01
 1.60250488e+01
 1.99009338e+01
 2.60908447e+01
 2.89874817e+01
 2.11470581e+01
 1.66148926e+01
 1.21682068e+01
 8.94710693e+00
 6.02108154e+00
 8.37435303e+00
 1.13557983e+01
 1.22502991e+01
 1.86174866e+01
 2.48209778e+01
 2.54075256e+01
 2.49091125e+01
 2.37110840e+01
 1.55436340e+01
 1.02117249e+01
 7.65654907e+00
 9.69234619e+00
 7.01952515e+00
 1.13411804e+01
 1.32578979e+01
 1.47080933e+01
 2.09677673e+01
 2.54817139e+01
 2.67837463e+01
 1.91350037e+01
 1.65967957e+01
 1.30476929e+01
 1.01026245e+01
 8.17504272e+00
 9.43148193e+00
 7.64391479e+00
 1.29631287e+01
 1.78800903e+01
 2.40402771e+01
 2.80797058e+01
 2.59113403e+01
 2.26198059e+01
 1.54759766e+01
 1.19561707e+01
 9.40038452e+00
 9.07103882e+00
 7.83080444e+00
 8.76735840e+00
 1.32244507e+01
 1.60434509e+01
 2.51975647e+01
 2.61412903e+01
 2.37261292e+01
 1.97432190e+01
 1.48164001e+01
 1.04742981e+01
 1.08405701e+01
 1.10667358e+01
 1.00948730e+01
 1.08346191e+01
 1.43439270e+01
 1.59934631e+01
 2.41587463e+01
 2.49998413e+01
 2.43255249e+01
 2.09495789e+01
 1.62568298e+01
 1.38308655e+01
 1.02224976e+01
 6.94634399e+00
 8.54821167e+00
 9.70897827e+00
 1.42303406e+01
 1.67396484e+01
 2.38353821e+01
 2.80474182e+01
 2.72885376e+01
 2.30755554e+01
 1.64156128e+01
 1.31397034e+01
 8.63619385e+00
 7.71282349e+00
 7.01870117e+00
 9.53615723e+00
 1.36903931e+01
 1.63688599e+01
 2.07021423e+01
 2.50565125e+01
 2.64879089e+01
 2.10485474e+01
 1.46007935e+01
 1.07308594e+01
 9.79137573e+00
 7.84896240e+00
 8.65874634e+00
 1.00282532e+01
 1.46062866e+01
 1.69147888e+01
 2.55201050e+01
 2.86540771e+01
 2.72364136e+01
 2.02815796e+01
 1.95269104e+01
 1.26528259e+01
 9.94930420e+00
 6.97170410e+00
 9.98595581e+00
 1.12154785e+01
 1.45411621e+01
 1.88812500e+01
 2.26608215e+01
 2.76450439e+01
 2.51187683e+01
 2.42174622e+01
 1.65395752e+01
 1.26677795e+01
 7.95614014e+00
 5.91857300e+00
 7.31353149e+00
 9.56218872e+00
 1.34217773e+01
 1.70024048e+01
 2.00123230e+01
 2.57175537e+01
 2.78542114e+01
 2.39360901e+01
 1.43092590e+01
 1.11986633e+01
 1.08108459e+01
 9.32467041e+00
 8.12069092e+00
 1.01280762e+01
 1.32812744e+01
 1.59549500e+01
 2.10840698e+01
 2.78529297e+01
 2.74103333e+01
 2.09337402e+01
 1.73821045e+01
 1.32023560e+01
 1.00173279e+01
 7.53811035e+00
 9.86278687e+00
 1.12267700e+01
 1.34270874e+01
 1.88078247e+01
 2.64504639e+01
 2.89041687e+01
 2.67752930e+01
 2.11111084e+01
 1.65370422e+01
 1.52260681e+01
 1.21349426e+01
 5.62301025e+00
 8.75002441e+00
 1.26958557e+01
 1.50619446e+01
 1.89908997e+01
 2.24822632e+01
 2.88713318e+01
 2.60579468e+01
 2.07451111e+01
 1.80566345e+01
 1.26471191e+01
 8.42302856e+00
 9.17458496e+00
 5.46010742e+00
 9.16704712e+00
 1.39880615e+01
 1.88006531e+01
 2.69739014e+01
 2.86270691e+01
 2.53285461e+01
 2.06078430e+01
 1.78988281e+01
 1.26130005e+01
 8.17815552e+00
 7.51677856e+00
 1.03527771e+01
 1.06589600e+01
 1.31115051e+01
 1.87735535e+01
 2.42741333e+01
 2.81422363e+01
 2.62222229e+01
 2.06856323e+01
 1.67345520e+01
 1.37948547e+01
 9.94658813e+00
 1.11140076e+01
 1.08664795e+01
 9.89739380e+00
 1.40959412e+01
 1.59944702e+01
 2.23753906e+01
 2.69023987e+01
 2.49440247e+01
 2.21818176e+01
 1.74421021e+01
 7.76516113e+00
 1.04723145e+01
 1.07242065e+01
 1.00607239e+01
 1.02149902e+01
 1.33988281e+01
 1.61596008e+01
 2.27776428e+01
 2.90402466e+01
 2.81955200e+01
 2.28877502e+01
 1.90296875e+01
 1.46595398e+01
 1.06178223e+01
 6.10027466e+00
 9.25884399e+00
 1.10382629e+01
 1.46482788e+01
 1.65970703e+01
 2.32460876e+01
 2.57140747e+01
 2.88668762e+01
 2.49082886e+01
 1.74532715e+01
 1.22636047e+01
 8.11229858e+00
 8.03759155e+00
 8.70348511e+00
 9.61885986e+00
 1.24485718e+01
 1.90336548e+01
 2.60698181e+01
 2.96617981e+01
 2.81376892e+01
 2.43397156e+01
 1.72972961e+01
 1.22944580e+01
 7.90395508e+00
 6.14605103e+00
 7.45455322e+00
 1.08120667e+01
 1.58543335e+01
 1.91402832e+01
 2.77408081e+01
 3.00572144e+01
 3.00974670e+01
 2.49792419e+01
 1.79433228e+01
 1.45563904e+01
 8.74251709e+00
 6.74727783e+00
 7.76064453e+00
 9.47084961e+00
 1.32428833e+01
 1.84849487e+01
 2.49130798e+01
 3.18532959e+01
 2.57843567e+01
 2.26310974e+01
 1.80728088e+01
 1.27509399e+01
 1.18292175e+01
 9.49245605e+00
 7.58620605e+00
 1.21296326e+01
 1.41816345e+01
 1.80616699e+01
 2.38232056e+01
 2.49543091e+01
 2.58688599e+01
 2.08783508e+01
 1.45328308e+01
 1.07281128e+01
 1.20087524e+01
 1.21153503e+01
 8.56069336e+00
 1.14007813e+01
 1.48906799e+01
 1.82791077e+01
 2.48197571e+01
 2.67209717e+01
 2.75675293e+01
 2.32771851e+01
 1.61909424e+01
 1.29011780e+01
 1.20158020e+01
 8.42705688e+00
 7.11727295e+00
 1.04654480e+01
 1.47788025e+01
 1.93652893e+01
 2.36430603e+01
 2.70660339e+01
 2.73307739e+01
 2.33792053e+01
 1.75631348e+01
 1.34268738e+01
 8.56496582e+00
 1.06951233e+01
 1.16508728e+01
 1.04857727e+01
 1.31776367e+01
 1.73629700e+01
 2.43685242e+01
 2.56784302e+01
 2.91329590e+01
 2.21503540e+01
 2.00613647e+01
 1.28400818e+01
 1.22594543e+01
