 6.42053223e-01
 -2.64032593e+00
 7.93193970e+00
 1.06469971e+01
 1.28076111e+01
 1.53326050e+01
 1.53937927e+01
 1.53151794e+01
 1.29623657e+01
 8.27553711e+00
 5.51610718e+00
 2.13250122e+00
 2.65685425e+00
 1.27517090e+00
 5.47805176e+00
 8.42873535e+00
 1.43940979e+01
 1.58867432e+01
 1.65742126e+01
 1.41060120e+01
 1.35158020e+01
 7.10112915e+00
 3.57750854e+00
 1.85659180e+00
 6.19714355e-01
 1.80318604e+00
 3.03121338e+00
 1.06495911e+01
 1.33800903e+01
 1.76792542e+01
 1.91960388e+01
 1.90063110e+01
 1.20801025e+01
 8.01567993e+00
 6.80315552e+00
 1.24349365e+00
 2.70101318e+00
 -1.55798950e+00
 6.12957153e+00
 8.90175781e+00
 1.24962097e+01
 1.69798523e+01
 1.69445435e+01
 1.88070923e+01
 1.41402832e+01
 9.18755493e+00
 4.72548828e+00
 1.41283569e+00
 -2.97925415e+00
 2.51735840e+00
 1.04699097e+00
 8.80187378e+00
 1.32774292e+01
 1.74442688e+01
 2.02196289e+01
 1.85663086e+01
 1.40527283e+01
 6.65584717e+00
 4.76854858e+00
 1.19933472e+00
 -2.46475830e+00
 2.16542969e+00
 6.21975098e+00
 1.11242310e+01
 1.13392883e+01
 1.38683411e+01
 1.76812073e+01
 1.81314026e+01
 1.34472900e+01
 9.01293335e+00
 6.43001709e+00
 4.71334229e+00
 5.23290405e+00
 3.76519165e+00
 6.47014771e+00
 8.39342651e+00
 1.06612183e+01
 1.48193604e+01
 1.73428284e+01
 1.58794800e+01
 1.26144653e+01
 7.54210815e+00
 3.12026367e+00
 4.88131104e+00
 1.34536133e+00
 2.11617432e+00
 4.25176392e+00
 1.08278442e+01
 1.43292786e+01
 1.55877625e+01
 1.71557861e+01
 1.64324890e+01
 1.10614563e+01
 8.95507202e+00
 7.53661499e+00
 3.68694458e+00
 2.79692993e+00
 2.66793213e+00
 4.78811035e+00
 9.89208374e+00
 1.08264099e+01
 1.59549805e+01
 1.94887634e+01
 1.91777588e+01
 1.42536560e+01
 9.53865967e+00
 2.94045410e+00
 1.06389771e+00
 1.62673340e+00
 -1.31696167e+00
 4.22789917e+00
 8.31826172e+00
 1.18223511e+01
 1.47624146e+01
 1.82353760e+01
 1.68412415e+01
 1.25056702e+01
 9.30971680e+00
 -6.26281738e-02
 1.06813965e+00
 -1.46240845e+00
 1.75710449e+00
 7.44414673e+00
 8.55037842e+00
 1.43452393e+01
 1.82221008e+01
 1.95459839e+01
 1.72739197e+01
 1.17225586e+01
 9.42720947e+00
 2.81475220e+00
 4.97112427e+00
 4.33837280e+00
 1.47078857e+00
 5.71267090e+00
 9.89949951e+00
 1.48877197e+01
 1.58302551e+01
 1.69494263e+01
 1.53032166e+01
 1.38012329e+01
 8.90142212e+00
 3.76540527e+00
 3.43255615e-01
 1.67080078e+00
 2.49132690e+00
 5.94072876e+00
 9.31859741e+00
 1.28374878e+01
 1.53480774e+01
 1.90435120e+01
 1.80085388e+01
 1.21947266e+01
 8.18856201e+00
 3.51769409e+00
 7.04064941e-01
 -2.25720825e+00
 1.69823608e+00
 5.21434937e+00
 7.50618896e+00
 1.24125305e+01
 1.88822876e+01
 1.86989075e+01
 1.60579773e+01
 1.30414978e+01
 8.10265503e+00
 4.97622070e+00
 3.67131958e+00
 -3.03769531e+00
 1.45229492e+00
 5.55367432e+00
 7.48647461e+00
 1.65084778e+01
 2.09289185e+01
 1.99837280e+01
 1.89746643e+01
 1.43154236e+01
 9.47408447e+00
 5.49553833e+00
 9.32556152e-02
 -1.83469238e+00
 3.17870483e+00
 3.38100586e+00
 7.43755493e+00
 1.22421814e+01
 1.77608276e+01
 1.87162720e+01
 1.85185791e+01
 1.07843567e+01
 1.17564941e+01
 5.66417847e+00
 2.45534668e+00
 -2.58825684e-01
 3.18511353e+00
 5.23897705e+00
 6.31795654e+00
 1.19077393e+01
 1.69762817e+01
 1.76080872e+01
 2.03875061e+01
 1.24192139e+01
 7.95369873e+00
 4.07610474e+00
 3.13033447e+00
 5.50841675e+00
 4.90212402e+00
 7.34899292e+00
 7.57589111e+00
 1.01565491e+01
 1.63135315e+01
 1.90043274e+01
 1.78532654e+01
 1.27497192e+01
 8.96154175e+00
 2.87676392e+00
 -3.01221313e+00
 -3.47611084e+00
 1.44982910e-01
 4.41057739e+00
 8.15981445e+00
 1.45007568e+01
 1.89644409e+01
 2.10529724e+01
 1.90417114e+01
 1.31556946e+01
 8.44841919e+00
 5.61217651e+00
 2.67366943e+00
 -3.10611572e+00
 1.52211914e+00
 2.12182007e+00
 7.21611938e+00
 1.06799866e+01
 1.71275269e+01
 1.80230652e+01
 1.56688477e+01
 1.22284790e+01
 1.04626709e+01
 6.30553589e+00
 2.52703247e+00
 8.61383057e-01
 -1.59396973e+00
 4.38466797e+00
 8.74859009e+00
 1.59924866e+01
 1.85649658e+01
 1.88707520e+01
 1.90429626e+01
 1.39734741e+01
 1.03358398e+01
 7.06694946e+00
 6.42839966e+00
 4.25622559e-01
 -3.32861328e-01
 5.88558350e+00
 1.31282593e+01
 1.64592834e+01
 1.95199829e+01
 1.96939331e+01
 1.76915527e+01
 1.43955017e+01
 9.72448120e+00
 4.42586670e+00
 4.42745361e+00
 2.84395752e+00
 -5.68304443e-01
 6.00057373e+00
 9.67144165e+00
 1.36895691e+01
 1.51968628e+01
 1.83524414e+01
 1.68717285e+01
 1.41004883e+01
 7.26030884e+00
 5.15746460e+00
 1.18331299e+00
 -2.44940796e+00
 1.34148560e+00
 1.58648071e+00
 9.09938965e+00
 9.59700928e+00
 1.53376709e+01
 1.96521851e+01
 1.84081360e+01
 1.39862915e+01
 1.15290771e+01
 6.65026245e+00
 1.87520752e+00
 4.42559814e-01
 4.87359009e+00
 5.05733643e+00
 7.93776855e+00
 1.15846802e+01
 1.94210449e+01
 1.91268555e+01
 1.75788818e+01
 1.18797241e+01
 6.11553345e+00
 6.04583130e+00
 2.16683350e+00
 4.31002197e+00
 3.85842285e+00
 5.78264771e+00
 7.46599731e+00
 1.27312561e+01
 1.80804382e+01
 1.85410095e+01
 2.04697205e+01
 1.52007080e+01
 7.73031006e+00
 4.05669556e+00
 2.57470093e+00
 1.31789551e+00
 3.99303589e+00
 4.17562256e+00
 8.29232178e+00
 1.17490479e+01
 1.69824463e+01
 2.02497803e+01
 2.26787964e+01
 1.30225159e+01
 9.84560547e+00
 4.66616211e+00
 -2.51525879e-02
 -2.75281372e+00
 2.53173218e+00
 5.90294800e+00
 8.37542114e+00
 1.19168640e+01
 1.66922852e+01
 1.83298889e+01
 1.74853149e+01
 1.17979675e+01
 1.00212341e+01
 4.22716675e+00
 3.17998657e+00
 3.32229004e+00
 2.74538574e+00
 5.38366089e+00
 8.42666016e+00
 1.07170349e+01
 1.62378784e+01
 1.64669434e+01
 1.66463562e+01
 1.13530518e+01
 7.74297485e+00
 7.37612305e+00
 5.62554932e-01
 -7.71215820e-01
 -1.92117920e+00
 3.63128052e+00
 8.33788452e+00
 1.34145447e+01
 1.69117676e+01
 1.81489807e+01
 1.58409668e+01
 1.39215942e+01
 7.18068848e+00
 4.44463501e+00
 -2.51654053e-01
 2.47768555e+00
 5.32314453e+00
 6.53914795e+00
 1.02630554e+01
 1.22515198e+01
 1.59901062e+01
 1.59862000e+01
 1.63220764e+01
 1.33510376e+01
 9.58171997e+00
 4.76864014e+00
 2.64116821e+00
 1.65642700e+00
 3.29219971e+00
 7.53511963e+00
 8.65911255e+00
 7.81289063e+00
 1.65348145e+01
 1.76917358e+01
 1.67349182e+01
 1.49912964e+01
 9.48369751e+00
 6.17501221e+00
 1.54970703e+00
 -2.93323364e+00
 5.64730225e+00
 6.45995483e+00
 6.59017334e+00
 1.11915527e+01
 1.64738403e+01
 1.76272217e+01
 1.66418396e+01
 1.35380493e+01
 1.05114685e+01
 6.86055908e+00
 1.28649292e+00
 -8.58190918e-01
 -3.20501709e-01
 7.20931396e+00
 7.67205200e+00
 1.15499512e+01
 1.31183716e+01
 1.79471680e+01
 1.59411255e+01
 1.62446533e+01
 9.02355347e+00
 6.81459961e+00
 4.22860107e+00
 5.04961548e+00
 5.77166138e+00
 5.41884766e+00
 9.59978638e+00
 1.20033813e+01
 1.57321716e+01
 1.85499817e+01
 1.66595398e+01
 1.51506287e+01
 9.25197754e+00
 5.29442749e+00
 3.27221069e+00
 2.25353394e+00
 4.60396729e+00
 6.81478271e+00
 1.12551514e+01
 1.48288513e+01
 1.67600952e+01
 2.04272705e+01
 1.86849609e+01
 9.06905518e+00
 7.91497192e+00
 4.90429077e+00
 5.13640747e+00
 2.47490845e+00
 -3.72198486e-01
 3.45198975e+00
 8.63826904e+00
 1.19397827e+01
 1.62175537e+01
 1.85160156e+01
 1.81497131e+01
 1.44623962e+01
 8.50026855e+00
 8.29311523e+00
 -6.66815186e-01
 -2.48632812e-01
 5.08974609e+00
 6.92839966e+00
 1.10450378e+01
 1.20421082e+01
 1.74479614e+01
 1.75834595e+01
 1.77105347e+01
 1.48600098e+01
 1.04900452e+01
 7.08480225e+00
 1.12374268e+00
 1.94341431e+00
 1.57601318e+00
 5.26607666e+00
 9.79790649e+00
 1.24076172e+01
 1.54597412e+01
 1.85752197e+01
 1.70859619e+01
 1.26456543e+01
 8.78667603e+00
 7.16710815e+00
 3.44344482e+00
 -1.77881470e+00
 3.89928589e+00
 3.23265991e+00
 7.07280884e+00
 1.44139954e+01
 1.65164429e+01
 1.77271057e+01
 1.78842102e+01
 1.47207581e+01
 8.83977661e+00
 4.59096680e+00
 5.17663574e-01
 8.15368652e-02
 3.02105103e+00
 2.36065063e+00
 1.00896240e+01
 1.33043457e+01
 1.74129578e+01
 1.80469299e+01
 1.71367432e+01
 1.50425354e+01
 8.41042480e+00
 2.95205078e+00
 1.53951416e+00
 2.34282837e+00
 7.49749756e-01
 5.99706421e+00
 8.29641113e+00
 1.27603699e+01
 1.73382202e+01
 2.05559326e+01
 1.60989014e+01
 1.31099487e+01
 9.88195190e+00
 7.17516479e+00
 4.65786133e+00
 2.92070923e+00
 2.65670166e+00
 6.32579956e+00
 1.13712097e+01
 9.92888794e+00
 1.83595215e+01
 2.02015015e+01
 1.89843079e+01
 1.40844360e+01
 7.74852905e+00
 8.15960083e+00
 1.57665405e+00
 -1.81128540e+00
 9.04779053e-01
 6.12877808e+00
 8.05623779e+00
 1.38078552e+01
 1.53987976e+01
 1.82808777e+01
 1.67054077e+01
 1.18460938e+01
 7.97216187e+00
 7.49535522e+00
 3.82549438e+00
 1.66134033e+00
 3.78569946e+00
 6.63762817e+00
 9.67763672e+00
 1.28420959e+01
 1.49928223e+01
 1.92664429e+01
 1.84138428e+01
 1.25165649e+01
 1.02023254e+01
 5.75420532e+00
 1.90233765e+00
 4.08693848e+00
 -2.81900635e+00
 4.40685425e+00
 8.81337891e+00
 1.20213562e+01
 1.66272522e+01
 1.70009705e+01
 1.58124939e+01
 1.22430969e+01
 8.11754761e+00
 6.98314819e+00
 3.49901733e+00
 1.07808838e+00
 2.98547363e-01
 7.31575928e+00
 1.23013245e+01
 1.40085083e+01
 1.72535034e+01
 1.95278870e+01
 2.16785217e+01
 1.51702515e+01
 9.96862183e+00
 5.59496460e+00
 1.60195313e+00
 2.97811279e+00
 3.75118408e+00
 7.87203369e+00
 8.50625000e+00
 1.37107788e+01
 1.62929626e+01
 1.71437927e+01
 1.76034790e+01
 1.40352722e+01
 1.00256897e+01
 1.41243896e+00
 -4.01123657e+00
 -5.78802490e-01
 5.61797485e+00
 7.12969360e+00
 7.90453491e+00
 1.38159119e+01
 1.75442139e+01
 1.95290771e+01
 1.53889404e+01
 1.36944519e+01
 9.41652832e+00
 4.16628418e+00
 2.66506348e+00
 3.71560059e+00
 3.04076538e+00
 5.32845459e+00
 1.19578491e+01
 1.33145081e+01
 1.60176025e+01
 2.01059814e+01
 1.90932556e+01
 1.26396118e+01
 8.80800781e+00
 5.25881348e+00
 2.85073242e+00
 3.97237549e+00
 4.07384644e+00
 4.11748657e+00
 8.59307251e+00
 1.42528625e+01
 1.63586060e+01
 1.84128052e+01
 1.79898926e+01
 1.51923462e+01
 7.69280396e+00
 6.50182495e+00
 3.45427856e+00
 2.09874878e+00
 4.22204590e-01
 6.11495361e+00
 1.05293518e+01
 1.19149109e+01
 1.94977966e+01
 1.66225525e+01
 1.83891541e+01
 1.34568420e+01
 5.85827026e+00
 4.30071411e+00
 2.15087891e-02
 4.39147339e+00
 4.60930786e+00
 4.37325439e+00
 1.03773438e+01
 1.57586304e+01
 2.13585144e+01
 1.91947876e+01
 1.79690491e+01
 1.51577393e+01
 8.21184692e+00
 4.95198975e+00
 -1.89414062e+00
 3.65255127e+00
 3.43367920e+00
 5.54882202e+00
 9.09066162e+00
 1.64481445e+01
 2.32315308e+01
 2.20556274e+01
 1.78727966e+01
 1.15030151e+01
 8.25579224e+00
 6.24666748e+00
 3.29293213e+00
 3.05169067e+00
 1.36269531e+00
 6.37984619e+00
 1.05893188e+01
 1.28196960e+01
 1.84373108e+01
 2.08140808e+01
 1.66383911e+01
 1.53894592e+01
 6.03484497e+00
 5.16601563e-02
 -1.35562744e+00
 3.10802612e+00
 1.14678345e+00
 4.34914551e+00
 5.67971191e+00
 1.36713196e+01
 1.66423279e+01
 1.74833313e+01
 1.71574341e+01
 1.56071716e+01
 9.89800415e+00
 5.65627441e+00
 2.68187866e+00
 3.69060669e+00
 6.70952759e+00
 6.96270142e+00
 1.16391235e+01
 1.29858337e+01
 1.59789063e+01
 1.86393982e+01
 1.85772949e+01
 1.43100830e+01
 5.59359131e+00
 7.17623291e+00
 5.20604858e+00
 3.39379272e+00
 4.09990845e+00
 6.96956787e+00
 9.81856689e+00
 1.27315002e+01
 1.64528137e+01
 1.85482422e+01
 1.88477112e+01
 1.39860168e+01
 1.16101013e+01
 5.98549805e+00
 4.88726196e+00
 4.51406250e+00
 4.63491211e+00
 8.58904419e+00
 9.86635742e+00
 1.43702942e+01
 1.84042297e+01
 2.05025269e+01
 1.96929260e+01
 1.37627197e+01
 1.01393677e+01
 7.28435669e+00
 6.14486084e+00
 5.42794189e+00
 5.88302002e+00
 7.92867432e+00
 1.17698914e+01
 1.21643616e+01
 2.03027893e+01
 2.11447998e+01
 1.78343140e+01
 1.20874268e+01
 8.07055054e+00
 8.05257568e+00
 6.12450562e+00
 4.52447510e-01
 1.25725708e+00
 6.25722656e+00
 8.58696899e+00
 1.29039246e+01
 1.67678772e+01
 1.93894897e+01
 1.94098145e+01
 1.30383850e+01
 9.07360229e+00
 4.31813965e+00
 3.41036377e+00
 4.16051636e+00
 4.15145264e+00
 4.45653687e+00
 8.36651001e+00
 1.56686035e+01
 2.11957336e+01
 1.85565430e+01
 1.74569946e+01
 1.37162720e+01
 8.80629883e+00
 3.55779419e+00
 3.59798584e+00
 3.78875122e+00
 3.72179565e+00
 2.63698730e+00
 9.34807739e+00
 1.56816040e+01
 2.28418518e+01
 2.12259460e+01
 2.02797180e+01
 1.45403381e+01
 9.41704712e+00
 5.83519897e+00
 4.13225708e+00
 -1.91068115e+00
 7.29425049e-01
 5.78457031e+00
 1.11715332e+01
 1.19613892e+01
 1.77557617e+01
 2.06777588e+01
 1.81534058e+01
 1.27413269e+01
 8.38421021e+00
 5.09020386e+00
 3.12246094e+00
 8.42370605e-01
 2.48217163e+00
 2.52172241e+00
 8.40209351e+00
 1.35432983e+01
 1.81012817e+01
 2.08900696e+01
 2.06047302e+01
 1.45809875e+01
 8.86531982e+00
 7.46996460e+00
 6.72814331e+00
 4.26986084e+00
 3.97371826e+00
 4.74538574e+00
 7.08962402e+00
 1.33717590e+01
 1.86518188e+01
 2.15064636e+01
 2.09404236e+01
 1.42499023e+01
 8.87365112e+00
 7.17543945e+00
 3.91021118e+00
 1.82933960e+00
 3.90642700e+00
 7.70699463e+00
 1.08200928e+01
 1.14977051e+01
 1.67640625e+01
 2.01804138e+01
 1.85564819e+01
 1.48750854e+01
 7.11745605e+00
 4.32155762e+00
 7.59362183e+00
 1.04723511e+00
 5.83123169e+00
 7.97966919e+00
 1.07282959e+01
 1.19494568e+01
 1.86105286e+01
 2.09688354e+01
 1.94019714e+01
 1.63593079e+01
 1.08898254e+01
 5.01702271e+00
 4.47503052e+00
 -7.46862793e-01
 4.01223145e+00
 6.62523804e+00
 1.01506287e+01
 1.37973267e+01
 1.54727417e+01
 1.87810913e+01
 1.99445129e+01
 1.46013123e+01
 1.04854675e+01
 7.14690552e+00
 5.84813843e+00
 5.49495850e+00
 5.18178711e+00
 6.87267456e+00
 9.05025635e+00
 1.23766113e+01
 1.69724976e+01
 1.92816406e+01
 1.83398071e+01
 1.36472717e+01
 1.01432129e+01
 6.53124390e+00
 5.37328491e+00
 2.57613525e+00
 3.70586548e+00
 6.24001465e+00
 1.19562622e+01
 1.30540100e+01
 1.88227783e+01
 1.88163696e+01
 2.08990417e+01
 1.76803223e+01
 1.13358704e+01
 6.51827393e+00
 4.18206787e-01
 3.78737793e+00
 2.23906860e+00
 8.32628784e+00
 8.44057617e+00
 1.46649414e+01
 2.41783081e+01
 2.39541260e+01
 2.15183655e+01
 1.52340942e+01
 6.39754639e+00
 3.59249268e+00
 1.76638184e+00
 7.75598145e-01
 5.74318848e+00
 5.97246704e+00
 9.35790405e+00
 1.56001526e+01
 2.16879822e+01
 2.21851135e+01
 2.16438232e+01
 1.62783142e+01
 1.01364075e+01
 7.01531372e+00
 4.05550537e+00
 3.78399048e+00
 1.56432495e+00
 6.71169434e+00
 6.55187378e+00
 1.22639709e+01
 2.09136292e+01
 2.09883057e+01
 1.80453430e+01
 1.41390015e+01
 8.82418213e+00
 4.94970093e+00
 3.82348022e+00
 2.57103882e+00
 5.04970703e+00
 6.98027954e+00
 8.89678345e+00
 1.31506287e+01
 1.62294250e+01
 1.81826111e+01
 1.62228333e+01
 1.33697144e+01
 9.02199707e+00
 6.67550049e+00
 1.17083130e+00
 1.92559204e+00
 2.36989746e+00
 6.87438354e+00
 9.37056885e+00
 1.34088989e+01
 1.83901611e+01
 1.90926758e+01
 2.10850464e+01
 1.37211243e+01
 1.13250977e+01
 4.10619507e+00
 1.98235474e+00
 1.34057007e+00
 1.47643433e+00
 5.96923218e+00
 6.84127197e+00
 1.42873169e+01
 1.79770142e+01
 1.98529297e+01
 1.95199219e+01
 1.42239014e+01
 1.06374756e+01
 7.57583008e+00
 1.24593506e+00
 4.05846558e+00
 3.36733398e+00
 6.96041260e+00
 1.04571777e+01
 1.34347473e+01
 1.53716980e+01
 1.97153564e+01
 1.98577820e+01
 1.63548828e+01
 1.18921143e+01
 6.06823120e+00
 5.01058350e+00
 6.92993164e-02
 3.46056519e+00
 7.02593384e+00
 9.96737061e+00
 1.16008545e+01
 1.78727966e+01
 2.18488708e+01
 1.93144470e+01
 1.42138611e+01
 1.05115295e+01
 5.68877563e+00
 3.55632935e+00
 4.90068970e+00
 4.07491455e+00
 4.70601807e+00
 4.98800049e+00
 1.37741943e+01
 1.78664185e+01
 1.96131836e+01
 2.05453430e+01
 1.61283813e+01
 7.06542358e+00
 6.14116821e+00
 3.81487427e+00
 2.31093750e+00
 3.63183594e-01
 5.17556152e+00
 7.72646484e+00
 1.59948059e+01
 1.96427856e+01
 2.01374451e+01
 1.88417297e+01
 1.63042847e+01
 1.23158203e+01
 9.68868408e+00
 4.16344604e+00
 2.42257080e+00
 6.64751587e+00
 9.65133057e+00
 1.29291626e+01
 1.50878235e+01
 2.23759094e+01
 2.36555115e+01
 2.13538147e+01
 1.53367554e+01
 1.11638428e+01
 5.33800659e+00
 1.91912231e+00
 1.99437866e+00
 2.74831543e+00
 7.73702393e+00
 9.30162964e+00
 1.22824341e+01
 1.74484497e+01
 2.15978638e+01
 1.87343689e+01
 1.35605713e+01
 1.00790344e+01
 7.16124878e+00
 1.88588867e+00
 2.73452148e+00
 4.55874023e+00
 7.43947754e+00
 1.03030334e+01
 1.47889038e+01
 1.70628296e+01
 2.08229004e+01
 2.20197693e+01
 1.60628296e+01
 1.16741577e+01
 4.40273438e+00
 4.17098389e+00
 2.65703735e+00
 4.04244385e+00
 4.08867798e+00
 1.00073181e+01
 1.27119385e+01
 1.82116028e+01
 1.95077759e+01
 1.96554810e+01
 1.66779114e+01
 9.68029175e+00
 1.02482544e+01
 6.09780273e+00
 3.55730591e+00
 2.96050415e+00
 7.78182373e+00
 9.52684937e+00
 1.65594116e+01
 1.67941833e+01
 2.12285706e+01
 2.43624512e+01
 1.55615479e+01
 1.03888794e+01
 7.85106812e+00
 1.07457886e+00
 -1.16580811e+00
 3.63381348e+00
 5.39553223e+00
 7.53640137e+00
 1.21278931e+01
 1.83990112e+01
 1.91390625e+01
 2.12227722e+01
 1.66628967e+01
 1.19931885e+01
 9.56585083e+00
 3.00014648e+00
 4.26653442e+00
 4.66088867e-01
 3.21471558e+00
 9.40722046e+00
 1.69154297e+01
 1.83859802e+01
 2.19079224e+01
 2.18696228e+01
 1.69062134e+01
 1.04912659e+01
 7.23317871e+00
 4.63042603e+00
 4.36467896e+00
 -1.25644531e+00
 2.45467529e+00
 7.38390503e+00
 1.56321350e+01
 1.83691956e+01
 1.95165649e+01
 1.85299316e+01
 1.47531677e+01
 9.85616455e+00
 5.95986328e+00
 7.16326294e+00
 2.46782837e+00
 5.61315308e+00
 6.39739380e+00
 9.90239868e+00
 1.82941528e+01
 2.08773743e+01
 1.77304932e+01
 1.83254028e+01
 1.48337952e+01
 1.10759216e+01
 9.35164795e+00
 4.05877075e+00
 2.53780518e+00
 3.68709717e+00
 6.14711914e+00
 1.12024475e+01
 1.54297424e+01
 2.17833191e+01
 2.04425903e+01
 1.89110657e+01
 1.54763123e+01
 9.08886108e+00
 7.10946045e+00
 3.54396973e+00
 2.19243774e+00
 4.84728394e+00
 7.58092651e+00
 8.82079468e+00
 1.50721069e+01
 1.77486816e+01
 2.27402588e+01
 2.16858459e+01
 1.62884766e+01
 9.40923462e+00
 5.17510376e+00
 5.04381714e+00
 4.36129150e+00
 5.39403687e+00
 6.34703979e+00
 1.09341675e+01
 1.68086182e+01
 1.79661804e+01
 2.12393127e+01
 2.36441895e+01
 1.35562378e+01
 1.11307617e+01
 8.58498535e+00
 7.00014648e+00
 1.56343994e+00
 3.85326538e+00
 6.46431885e+00
 1.01448303e+01
 1.41753174e+01
 1.75440918e+01
 2.01097961e+01
 2.06191956e+01
 1.84009644e+01
 1.03982483e+01
 8.06423340e+00
 4.47973022e+00
 4.47112427e+00
 4.89391479e+00
 8.06340942e+00
 9.50371704e+00
 1.30384155e+01
 1.65733887e+01
 2.22286011e+01
 2.16247192e+01
 1.60249573e+01
 1.00432373e+01
 8.13411865e+00
 5.75209961e+00
 4.15346680e+00
 5.86858521e+00
 7.61815796e+00
 1.24705750e+01
 1.68888184e+01
 1.90509277e+01
 2.29332825e+01
 2.11014648e+01
 1.81683899e+01
 1.19905640e+01
 6.21901855e+00
 7.87865601e+00
 3.51384888e+00
 2.20797119e+00
 6.31865845e+00
 9.54262695e+00
 1.45105835e+01
 2.10648743e+01
 2.35114380e+01
 2.16312805e+01
 1.58039490e+01
 1.32247559e+01
 7.10363159e+00
 6.31240234e+00
 3.98177490e+00
 3.78710327e+00
 7.82622681e+00
 9.38302002e+00
 1.38980042e+01
 1.84607483e+01
 2.33632141e+01
 2.11242004e+01
 1.53942200e+01
 1.12513672e+01
 8.89656982e+00
 8.14125977e+00
 1.97417603e+00
 4.57082520e+00
 9.66698608e+00
 8.99755249e+00
 1.28763977e+01
 1.56828857e+01
 2.01166016e+01
 1.98030029e+01
 1.50217834e+01
 1.08150269e+01
 7.23049316e+00
 3.76644287e+00
 2.47976074e+00
 3.08425293e+00
 5.86214600e+00
 1.00704895e+01
 1.46766602e+01
 1.69543701e+01
 2.05185791e+01
 2.01028992e+01
 1.50276123e+01
 1.05512634e+01
 6.04305420e+00
 5.52861938e+00
