 -4.26245117e-01
 2.37981567e+00
 5.38244019e+00
 7.85106812e+00
 1.29664246e+01
 1.92452026e+01
 2.00864502e+01
 1.88529297e+01
 1.74487549e+01
 1.16733337e+01
 6.02947388e+00
 2.43023071e+00
 2.01720581e+00
 5.00490723e+00
 6.99730835e+00
 1.09572998e+01
 1.36162964e+01
 2.19251038e+01
 2.09717041e+01
 2.24153687e+01
 1.57572876e+01
 1.19691101e+01
 3.69463501e+00
 1.04791260e-01
 4.56517944e+00
 6.53572998e+00
 5.60372314e+00
 9.30272827e+00
 1.35450073e+01
 1.57178894e+01
 2.15486084e+01
 2.33116089e+01
 1.78210388e+01
 1.15579163e+01
 4.63289795e+00
 6.57708130e+00
 1.27941284e+00
 5.21126709e+00
 6.81810913e+00
 8.29616699e+00
 1.19129272e+01
 1.93467346e+01
 2.06180359e+01
 1.80531555e+01
 1.42007996e+01
 9.28228149e+00
 6.42104492e+00
 -3.69604492e-01
 -1.53540649e+00
 3.75371704e+00
 6.21962891e+00
 8.38732300e+00
 1.39545837e+01
 1.97531677e+01
 2.04832703e+01
 2.03999878e+01
 1.73595215e+01
 1.02363220e+01
 9.70391846e-01
 2.09926758e+00
 5.95031738e-02
 -2.93750610e+00
 4.07439575e+00
 7.17043457e+00
 1.25959412e+01
 1.58486877e+01
 2.08256775e+01
 2.27711121e+01
 1.69597717e+01
 1.36350342e+01
 6.87097168e-01
 7.18774414e-01
 1.87911377e+00
 6.91704712e+00
 5.79256592e+00
 8.60125122e+00
 1.35256592e+01
 1.94151245e+01
 1.86338440e+01
 1.92801758e+01
 1.72445007e+01
 1.03309875e+01
 2.30568848e+00
 4.23486328e-01
 1.07317505e+00
 3.43621216e+00
 6.38823853e+00
 8.80620728e+00
 1.21853882e+01
 1.60390564e+01
 2.17771240e+01
 2.37078491e+01
 1.24837280e+01
 1.03037354e+01
 2.65004883e+00
 -7.36313477e+00
 -4.03070679e+00
 -6.82489624e+00
 -8.23615112e+00
 4.11727295e+00
 1.21722961e+01
 1.78409058e+01
 1.87974182e+01
 2.12970520e+01
 1.56904236e+01
 1.34296204e+01
 9.32857666e+00
 4.62630615e+00
 4.99871826e-01
 4.50616455e-01
 5.71209106e+00
 7.94768677e+00
 1.40436035e+01
 1.59665466e+01
 2.16320129e+01
 2.14553467e+01
 1.34754578e+01
 9.89998779e+00
 2.61477051e+00
 8.21472168e-02
 -1.11716309e+00
 -1.52936401e+00
 4.92418823e+00
 9.16915283e+00
 1.27228333e+01
 1.81172424e+01
 2.16401917e+01
 2.18025757e+01
 1.40514465e+01
 8.86699829e+00
 5.70009766e+00
 2.41052246e-01
 -1.75000610e+00
 -2.57465210e+00
 4.09151611e+00
 1.00704895e+01
 1.41277405e+01
 2.01392456e+01
 2.19425293e+01
 2.69012695e+01
 1.76594482e+01
 1.07419983e+01
 6.86437378e+00
 1.33874512e-01
 -4.09293213e+00
 -4.66260376e+00
 6.88976440e+00
 6.65920410e+00
 1.36153198e+01
 1.87387329e+01
 2.29736572e+01
 1.86027466e+01
 1.80839478e+01
 1.22486206e+01
 5.36119995e+00
 -1.46472778e+00
 -5.44617310e+00
 -2.03467407e+00
 3.21679077e+00
 7.04531250e+00
 1.24124390e+01
 1.73445068e+01
 2.30640808e+01
 2.04419495e+01
 1.40421692e+01
 1.14541260e+01
 6.52089844e+00
 2.56429443e+00
 -2.07102051e+00
 1.82885132e+00
 5.25344238e+00
 7.69689331e+00
 1.30549866e+01
 1.65530334e+01
 2.27298218e+01
 1.89176575e+01
 1.71707703e+01
 1.09265381e+01
 5.32250366e+00
 -1.00103760e-01
 2.62221680e+00
 -1.70019531e-01
 6.50652466e+00
 9.82097778e+00
 1.30531860e+01
 1.70242554e+01
 1.81825195e+01
 2.14392029e+01
 1.41739746e+01
 1.21628357e+01
 4.85949097e+00
 2.91921387e+00
 -2.20172729e+00
 -2.84030762e+00
 6.14861450e+00
 1.02835022e+01
 1.20461975e+01
 1.62018677e+01
 2.06930481e+01
 2.20565430e+01
 1.74569641e+01
 8.98317871e+00
 9.02489624e+00
 4.18026123e+00
 1.50213013e+00
 5.18175659e+00
 5.14788208e+00
 1.00460754e+01
 1.27042480e+01
 1.85588318e+01
 2.20503479e+01
 2.33882996e+01
 1.74034363e+01
 1.00618530e+01
 4.42824707e+00
 1.23229370e+00
 1.36956177e+00
 2.73177490e+00
 9.16741943e-01
 8.89290771e+00
 1.34501587e+01
 1.83332458e+01
 2.16421143e+01
 2.02191711e+01
 1.52899414e+01
 7.09002075e+00
 3.77098999e+00
 -1.97449341e+00
 -8.99969482e-01
 -7.17410889e+00
 2.46129761e+00
 8.94872437e+00
 1.46512390e+01
 1.91404358e+01
 2.43875671e+01
 2.39120422e+01
 1.82979675e+01
 8.33339844e+00
 6.46972046e+00
 -1.51117554e+00
 -5.78979492e-02
 5.20543823e+00
 6.32979736e+00
 8.49270020e+00
 1.29849182e+01
 1.85252319e+01
 2.34854675e+01
 2.47934204e+01
 2.09108215e+01
 1.05460144e+01
 5.46972046e+00
 3.44842529e-01
 2.08795166e-01
 4.47487793e+00
 5.91597900e+00
 9.02459106e+00
 1.33535400e+01
 1.78024231e+01
 1.95353943e+01
 2.09886719e+01
 1.77964111e+01
 9.26308594e+00
 7.05428467e+00
 2.45943604e+00
 -8.26452637e-01
 3.58504639e+00
 6.03200684e+00
 9.34877930e+00
 1.45048157e+01
 1.94014832e+01
 2.52182556e+01
 2.26811768e+01
 1.77419067e+01
 1.20781189e+01
 6.84066162e+00
 2.82076416e+00
 -3.93774414e-01
 -3.50708008e-02
 5.83294067e+00
 1.10174500e+01
 1.40671021e+01
 1.93144165e+01
 2.14742371e+01
 2.06795288e+01
 1.59853760e+01
 1.23680054e+01
 2.13167725e+00
 1.60211182e-01
 -3.73978271e+00
 -9.22217407e+00
 -5.91528320e-01
 4.01317749e+00
 1.27094360e+01
 1.70865417e+01
 2.17571350e+01
 2.01050659e+01
 1.53266541e+01
 9.12093506e+00
 2.39891968e+00
 1.84151611e+00
 -3.45355835e+00
 3.72747192e+00
 4.49169312e+00
 9.35744629e+00
 1.22275940e+01
 1.80751282e+01
 2.32924133e+01
 2.29766174e+01
 1.54323059e+01
 1.30161377e+01
 3.23662720e+00
 -7.26795044e+00
 -3.64313354e+00
 7.65380859e-03
 4.16198120e+00
 9.01632080e+00
 1.49970642e+01
 1.81995483e+01
 2.45655151e+01
 2.24369446e+01
 1.49246765e+01
 1.14069458e+01
 7.81688843e+00
 4.61309204e+00
 2.89235840e+00
 -7.03833008e-01
 3.71257935e+00
 6.72948608e+00
 1.17776123e+01
 1.63718201e+01
 1.96261841e+01
 2.01363159e+01
 1.52634216e+01
 1.06997009e+01
 5.05663452e+00
 -3.48822021e-01
 1.78414307e+00
 3.78395996e+00
 5.05520020e+00
 7.63433228e+00
 1.26913086e+01
 1.89977661e+01
 1.89992920e+01
 2.20711914e+01
 1.62752014e+01
 1.08906189e+01
 6.58193359e+00
 -1.78449097e+00
 3.53479004e-01
 3.01238403e+00
 6.43471680e+00
 1.07400757e+01
 1.35996033e+01
 1.71684814e+01
 1.95210815e+01
 2.22505432e+01
 1.66682678e+01
 1.01747681e+01
 7.18404541e+00
 1.12883911e+00
 4.05364380e+00
 2.90673218e+00
 4.97896729e+00
 8.67492065e+00
 1.19561401e+01
 2.00956055e+01
 2.29690186e+01
 2.26129089e+01
 1.70503479e+01
 1.23217102e+01
 6.80446777e+00
 -1.36539307e+00
 2.73607788e+00
 3.36062012e+00
 7.98730469e-01
 7.87478027e+00
 1.37508179e+01
 1.90146729e+01
 2.06251160e+01
 2.23916260e+01
 1.89775940e+01
 8.46682129e+00
 5.64074097e+00
 4.87749634e+00
 -4.13242187e+00
 -7.86499023e-02
 5.04659424e+00
 8.36065063e+00
 1.34776245e+01
 1.72025391e+01
 2.08838135e+01
 1.92603394e+01
 1.26824890e+01
 1.01391541e+01
 4.84362183e+00
 4.62127075e+00
 -2.68560791e-01
 1.37182007e+00
 3.85891113e+00
 1.01783997e+01
 1.21650940e+01
 1.65610901e+01
 2.01389404e+01
 2.03937317e+01
 1.63611389e+01
 1.00532776e+01
 4.64650879e+00
 4.23412476e+00
 1.22280273e+00
 2.27340088e+00
 4.44045410e+00
 9.39638672e+00
 1.40234619e+01
 1.76446472e+01
 2.14097839e+01
 2.45912415e+01
 1.73147522e+01
 1.43924194e+01
 3.94448242e+00
 1.64388428e+00
 1.86135254e+00
 4.54955444e+00
 4.43987427e+00
 1.07344910e+01
 1.42959229e+01
 1.95972229e+01
 2.43134094e+01
 2.54969116e+01
 1.58893982e+01
 1.22701965e+01
 5.35003052e+00
 2.98061523e+00
 -2.00671997e+00
 2.23693237e+00
 4.45424805e+00
 9.57705078e+00
 1.10339905e+01
 1.84660278e+01
 2.17774902e+01
 2.34283997e+01
 1.75701233e+01
 1.15891663e+01
 5.81029663e+00
 -9.13153076e-01
 -5.86762085e+00
 1.94744263e+00
 2.33538208e+00
 1.03877502e+01
 1.36478516e+01
 1.72385803e+01
 2.27991577e+01
 2.54181763e+01
 1.76358887e+01
 1.09305054e+01
 6.27993164e+00
 2.82647095e+00
 2.78917847e+00
 -4.57706299e+00
 6.18935547e+00
 9.11202393e+00
 1.50532166e+01
 2.08253723e+01
 2.48804871e+01
 2.33858582e+01
 1.88235718e+01
 1.16820313e+01
 4.08168945e+00
 -1.48587646e+00
 9.47625732e-01
 4.97661743e+00
 8.86043701e+00
 1.15353027e+01
 1.31460205e+01
 1.67610718e+01
 1.96458679e+01
 1.99846436e+01
 1.90262390e+01
 1.17596680e+01
 5.76714478e+00
 -1.05060425e+00
 1.65090332e+00
 4.12337646e+00
 6.19994507e+00
 9.83266602e+00
 1.34452148e+01
 1.78571411e+01
 2.35161377e+01
 2.29804626e+01
 1.85832153e+01
 1.46191956e+01
 3.97539673e+00
 9.14147949e-01
 -1.50137939e+00
 3.98217163e+00
 4.79400024e+00
 8.21239624e+00
 1.45769897e+01
 1.96942993e+01
 2.43787170e+01
 2.07422729e+01
 1.67034851e+01
 1.15254761e+01
 6.13698730e+00
 2.06026611e+00
 5.21245728e+00
 4.83681641e+00
 5.99358521e+00
 1.03448730e+01
 1.50530334e+01
 1.88039185e+01
 2.13546387e+01
 2.48783508e+01
 1.77105652e+01
 1.26809326e+01
 5.07396851e+00
 2.76342163e+00
 -5.74927368e+00
 4.81011963e-01
 4.83214722e+00
 8.70943604e+00
 1.19420105e+01
 1.67003723e+01
 2.12823120e+01
 2.62063538e+01
 1.76091553e+01
 1.20368591e+01
 4.73961792e+00
 2.90227661e+00
 -1.53497925e+00
 4.73851929e+00
 7.56035767e+00
 1.08822571e+01
 1.45089661e+01
 2.07435242e+01
 2.32557312e+01
 2.34893127e+01
 1.86914917e+01
 1.21779724e+01
 5.85717163e+00
 1.56481323e+00
 1.02141724e+00
 -3.67182007e+00
 5.02080688e+00
 8.81383667e+00
 1.18112732e+01
 1.81482178e+01
 2.17901550e+01
 2.56510559e+01
 1.89523865e+01
 8.86879883e+00
 5.06166992e+00
 1.74135742e+00
 8.42065430e-01
 1.98589478e+00
 6.02800903e+00
 9.98821411e+00
 1.34657227e+01
 1.90152527e+01
 2.12429138e+01
 2.24257141e+01
 1.73003479e+01
 9.16887817e+00
 6.59078369e+00
 5.24141846e+00
 -6.00958252e-01
 5.60418091e+00
 8.82247314e+00
 9.36995850e+00
 1.52979370e+01
 2.14670349e+01
 2.41517273e+01
 2.12363831e+01
 1.97086426e+01
 9.92476807e+00
 5.00945435e+00
 -1.42950439e-01
 3.67318115e+00
 5.09334717e+00
 6.65828857e+00
 1.03429199e+01
 1.50692993e+01
 1.92177979e+01
 2.68891541e+01
 2.39643494e+01
 1.43877808e+01
 1.14922119e+01
 4.86065063e+00
 1.87737427e+00
 -3.93405762e+00
 -1.46337891e-01
 6.02626953e+00
 1.14328247e+01
 1.18083435e+01
 1.90349060e+01
 2.55366760e+01
 2.55896240e+01
 1.92125488e+01
 1.04723450e+01
 7.05123291e+00
 1.33074341e+00
 -1.07636108e+00
 2.94503174e+00
 1.04500977e+01
 1.08475586e+01
 1.49158875e+01
 1.64883972e+01
 2.17743774e+01
 2.18408447e+01
 1.62181335e+01
 9.82463989e+00
 5.17254028e+00
 1.63149414e+00
 3.81588135e+00
 1.95690308e+00
 1.01566406e+01
 1.05582825e+01
 1.45947815e+01
 1.84155518e+01
 2.40984131e+01
 2.05902039e+01
 1.36458374e+01
 1.02609192e+01
 4.09057007e+00
 4.14232788e+00
 2.87255249e+00
 9.15161133e-02
 5.28493652e+00
 7.67418823e+00
 1.30639282e+01
 1.68664185e+01
 2.15619751e+01
 2.28856140e+01
 1.41736694e+01
 1.21402222e+01
 3.93343506e+00
 -7.95868530e+00
 -1.40829529e+01
 -9.95267334e+00
 -6.23532715e+00
 4.26876221e+00
 1.11659485e+01
 1.59570557e+01
 1.98200623e+01
 2.08921143e+01
 1.67452026e+01
 1.09113708e+01
 8.14699707e+00
 1.98931274e+00
 -6.59042969e+00
 1.67861328e+00
 7.27953491e+00
 9.34349976e+00
 1.58835388e+01
 1.98126160e+01
 2.25581299e+01
 2.09502808e+01
 1.84339233e+01
 1.22945801e+01
 4.39016113e+00
 1.09810791e+00
 4.04168701e-01
 2.75304565e+00
 6.38170776e+00
 1.20826355e+01
 1.39480530e+01
 1.81538330e+01
 2.77381226e+01
 2.60281921e+01
 1.80499207e+01
 1.15960327e+01
 5.51525269e+00
 4.27584229e+00
 3.13509521e+00
 -2.27453613e-01
 4.15010986e+00
 6.96917114e+00
 1.61486755e+01
 2.47186218e+01
 2.59128662e+01
 2.31265808e+01
 2.04329163e+01
 1.26304260e+01
 7.05623779e+00
 3.09871826e+00
 1.18450317e+00
 5.03246460e+00
 7.20617065e+00
 8.59826050e+00
 1.18250977e+01
 1.78755737e+01
 1.99244019e+01
 2.00182129e+01
 1.50435730e+01
 1.04458557e+01
 1.94384155e+00
 3.42601929e+00
 5.23793945e+00
 5.01256714e+00
 5.02013550e+00
 1.00429016e+01
 1.33016907e+01
 1.90163818e+01
 2.33175598e+01
 2.47961060e+01
 1.63294922e+01
 1.14716125e+01
 4.19930420e+00
 6.52120361e+00
 -2.02670898e+00
 3.70452271e+00
 6.13552246e+00
 6.82354126e+00
 1.38677307e+01
 1.70776611e+01
 2.05646301e+01
 2.22112976e+01
 1.96645142e+01
 1.09921814e+01
 7.03389893e+00
 4.94573364e+00
 1.72414551e+00
 4.53618774e+00
 6.82756958e+00
 9.26656494e+00
 1.42015015e+01
 1.94382263e+01
 2.23450867e+01
 1.93158203e+01
 1.81776672e+01
 1.26404053e+01
 8.43508301e+00
 -1.66601562e-01
 6.19714355e-01
 4.17189941e+00
 4.64602051e+00
 6.72771606e+00
 1.23389526e+01
 1.93378540e+01
 2.29975220e+01
 2.33160645e+01
 1.89892212e+01
 1.38148743e+01
 6.76967773e+00
 4.94762573e+00
 2.82994995e+00
 2.59655151e+00
 6.88747559e+00
 1.09100891e+01
 1.28931824e+01
 1.72351929e+01
 2.07026001e+01
 2.04240662e+01
 1.83073059e+01
 9.27324829e+00
 9.07067871e-01
 -4.69702148e-01
 1.13625488e+00
 -2.54156494e-01
 9.52428589e+00
 9.67482910e+00
 1.23565308e+01
 2.19674927e+01
 2.34423767e+01
 2.29096313e+01
 1.50797668e+01
 1.38010803e+01
 6.36730347e+00
 3.60997925e+00
 1.31392822e+00
 2.81578979e+00
 7.10131226e+00
 9.44262085e+00
 1.34266602e+01
 1.90807739e+01
 2.40113770e+01
 2.27925354e+01
 1.45338379e+01
 1.16808716e+01
 5.43685303e+00
 -1.00866699e-01
 -1.41553345e+00
 3.38503418e+00
 7.69826660e+00
 7.56246338e+00
 1.41753784e+01
 1.69656006e+01
 2.33509155e+01
 2.30647522e+01
 1.93958679e+01
 1.31972290e+01
 6.24968872e+00
 4.18166504e+00
 6.60125122e+00
 2.41680298e+00
 6.74099121e+00
 1.05509277e+01
 1.57128540e+01
 2.24344727e+01
 2.35502563e+01
 2.14716431e+01
 1.54552551e+01
 1.12469421e+01
 6.69921265e+00
 3.29961548e+00
 -8.43420410e-01
 1.11528931e+00
 4.90847168e+00
 7.56463013e+00
 1.28987976e+01
 1.96225830e+01
 2.16870667e+01
 1.87008606e+01
 1.48789307e+01
 1.09955688e+01
 6.08098755e+00
 3.73201904e+00
 5.91668091e+00
 3.53161011e+00
 5.11013184e+00
 9.72487793e+00
 1.34739929e+01
 2.09230286e+01
 2.60217224e+01
 2.66700989e+01
 1.69316956e+01
 1.22902771e+01
 5.79424438e+00
 3.43615112e+00
 5.86473999e+00
 4.53029785e+00
 5.22283325e+00
 9.87682495e+00
 1.32244507e+01
 1.70907532e+01
 2.63466125e+01
 2.33627869e+01
 1.99940735e+01
 9.06154785e+00
 5.95070801e+00
 -4.52426758e+00
 3.30214844e+00
 -1.05597534e+00
 4.71599731e+00
 1.04384705e+01
 1.52493225e+01
 2.04385620e+01
 2.74453674e+01
 2.49002930e+01
 1.71703735e+01
 1.20828796e+01
 4.04744873e+00
 5.17843018e+00
 2.68541870e+00
 4.32842407e+00
 5.16213379e+00
 5.52401123e+00
 1.39728333e+01
 2.06373840e+01
 2.17853638e+01
 2.10939270e+01
 1.53866211e+01
 1.17990356e+01
 5.34923706e+00
 2.13945923e+00
 4.29909668e+00
 -2.71961060e+00
 5.44549561e-01
 7.01268921e+00
 1.24840027e+01
 1.95417419e+01
 2.28551270e+01
 2.47907349e+01
 1.53480164e+01
 1.07703186e+01
 5.37453613e+00
 -1.66062012e+00
 6.44179688e+00
 3.71196899e+00
 3.08672485e+00
 1.09862000e+01
 1.33380981e+01
 1.68402649e+01
 2.28888184e+01
 2.40706116e+01
 1.60313354e+01
 9.99233398e+00
 5.17217407e+00
 1.68010864e+00
 -1.76962891e+00
 4.28063354e+00
 6.71196899e+00
 8.15557251e+00
 1.57077576e+01
 2.04723145e+01
 2.19555908e+01
 2.09912964e+01
 1.48969971e+01
 1.07165771e+01
 6.50521240e+00
 1.06774902e-01
 -5.24008789e+00
 2.48925781e-01
 3.40093384e+00
 8.25759277e+00
 1.42636963e+01
 1.78959595e+01
 2.22211243e+01
 2.51386047e+01
 1.99032227e+01
 1.28148438e+01
 5.69124756e+00
 1.26092529e-01
 4.07861328e-01
 -2.43344727e+00
 3.68059692e+00
 1.03158508e+01
 1.37390991e+01
 1.73282410e+01
 2.07325073e+01
 2.55821777e+01
 1.58721252e+01
 1.21994263e+01
 5.79677734e+00
 4.70620117e+00
 1.98024902e+00
 3.90484009e+00
 6.31237183e+00
 1.00247131e+01
 1.26934448e+01
 1.99301392e+01
 2.37189880e+01
 2.47011963e+01
 1.91105286e+01
 8.91463623e+00
 7.13140259e+00
 6.07512817e+00
 5.22554932e+00
 5.15093384e+00
 7.45357666e+00
 1.09306885e+01
 1.46245056e+01
 1.93802429e+01
 1.92341553e+01
 2.36249329e+01
 1.73600098e+01
 8.88125000e+00
 4.68160400e+00
 3.77340088e+00
 2.94008789e+00
 3.35402832e+00
 7.22396240e+00
 8.33495483e+00
 1.42435547e+01
 1.98644653e+01
 2.51919189e+01
 2.42349182e+01
 1.54160095e+01
 1.16611572e+01
 7.27025757e+00
 -3.25638428e+00
 1.00463257e+00
 5.60891113e+00
 6.35518799e+00
 1.09064880e+01
 1.50140930e+01
 1.74706055e+01
 2.41772705e+01
 2.52246643e+01
 2.26131226e+01
 1.34290405e+01
 7.62056885e+00
 3.97463379e+00
 2.32402954e+00
 4.32888184e+00
 5.69844971e+00
 9.21221313e+00
 1.32445007e+01
 1.80512939e+01
 2.04613586e+01
 2.40241333e+01
 1.85378357e+01
 1.17896973e+01
 8.55614624e+00
 6.32015381e+00
 2.16283569e+00
 4.13607178e+00
 5.85393677e+00
 8.61071167e+00
 1.27018677e+01
 1.99075867e+01
 2.27777649e+01
 1.98650757e+01
 1.57756897e+01
 1.05414063e+01
 9.56441650e+00
 2.54229126e+00
 2.14656982e+00
 3.36837158e+00
 6.77446899e+00
 8.59182129e+00
 1.24567810e+01
 1.70664917e+01
 2.26246582e+01
 2.33705688e+01
 1.68119446e+01
 1.34633728e+01
 4.14486084e+00
 1.29390869e+00
 6.63762817e+00
 2.25533447e+00
 1.01645142e+01
 1.24467407e+01
 1.27655579e+01
 2.16975952e+01
 2.86033875e+01
 2.62084900e+01
 1.71675049e+01
 1.26008545e+01
 9.06719360e+00
 3.61428223e+00
 3.58870850e+00
 4.30870972e+00
 5.71840820e+00
 9.27181396e+00
 1.66973816e+01
 2.07549683e+01
 2.74049316e+01
 2.15720459e+01
 1.79097839e+01
 1.17042175e+01
 7.00875244e+00
 3.11461792e+00
 2.32164917e+00
 1.47380981e+00
 8.60759888e+00
 1.00371338e+01
 1.43348938e+01
 2.12854553e+01
 2.20843445e+01
 2.43011108e+01
 1.97445923e+01
 1.38879333e+01
 4.09346924e+00
 5.52974854e+00
 2.27471313e+00
 4.32973633e+00
 8.18578491e+00
 9.79253540e+00
 1.40767761e+01
 2.00157104e+01
 2.13327576e+01
 2.22063538e+01
 1.77462708e+01
 1.10673767e+01
 9.41817627e+00
 3.72664795e+00
 9.39355469e-01
 -2.95398560e+00
 8.25609741e+00
 9.39064941e+00
 1.36139771e+01
 2.25116516e+01
 2.56666199e+01
 2.41933533e+01
 1.90116211e+01
 1.13347412e+01
 8.41494141e+00
 4.05236206e+00
 2.52547607e+00
 3.51598511e+00
 1.00727478e+01
 1.13178345e+01
 1.43143860e+01
 1.81064697e+01
 2.46203857e+01
 2.23514038e+01
 2.10958496e+01
 1.28376404e+01
 4.03551636e+00
 3.43798218e+00
 -1.05573120e+00
 1.97734985e+00
 6.26802979e+00
 9.42070923e+00
 1.45987793e+01
 1.69471680e+01
 2.47723938e+01
 2.38319031e+01
 1.68460632e+01
 9.09584961e+00
 6.91787109e+00
 6.79515991e+00
 1.95202026e+00
 2.15047607e+00
 5.14989624e+00
 1.05377441e+01
 1.42846008e+01
 1.70396362e+01
 2.32838074e+01
 2.44518066e+01
 1.81428467e+01
 1.26705872e+01
 5.67589722e+00
 3.81240234e+00
 6.62783203e+00
 1.62130127e+00
 7.66359863e+00
 1.02580200e+01
 1.29995667e+01
 1.79926697e+01
 2.40100342e+01
 2.27271057e+01
 1.97163940e+01
 1.12257019e+01
 5.65831909e+00
 3.22078857e+00
 -1.52963867e+00
 -1.39578857e+00
 3.10872803e+00
 9.38683472e+00
 1.50697876e+01
 2.18864075e+01
 2.50482727e+01
 2.49094788e+01
 1.85615784e+01
 1.12793213e+01
 9.70690308e+00
 4.90432129e+00
 1.17980347e+00
 1.96901855e+00
 6.21740112e+00
 9.04204712e+00
 1.29486023e+01
 1.80450989e+01
 2.35673767e+01
 2.10797974e+01
 1.67491089e+01
 1.03847290e+01
 8.53276978e+00
 5.38973389e+00
 5.31545410e+00
 5.94008789e+00
 1.06583496e+01
 1.13215271e+01
 1.30779053e+01
 2.12952515e+01
 2.32864624e+01
 2.08249451e+01
 1.79729248e+01
 9.72350464e+00
 5.23079834e+00
 6.15319824e-01
 3.55046997e+00
 3.16832886e+00
 9.42492065e+00
 9.41292725e+00
 1.23982178e+01
 1.73242432e+01
 2.25560242e+01
 2.42843872e+01
 1.85220581e+01
 1.11247498e+01
 8.85332642e+00
 3.77800903e+00
 -5.40594482e-01
 4.50698242e+00
 4.34899292e+00
 9.60128174e+00
 1.38742920e+01
 1.93699280e+01
 2.78318420e+01
 2.64135681e+01
 1.80008789e+01
 1.35998169e+01
 5.64309082e+00
 2.22481689e+00
 2.12014160e+00
 4.53109131e+00
 5.35405884e+00
 1.04455505e+01
 1.27558228e+01
 1.79976746e+01
 1.99637390e+01
 2.21336304e+01
 1.77616516e+01
 1.23809753e+01
 6.42073975e+00
 4.68908081e+00
 -6.39972534e+00
 -6.22229004e-01
 4.02895508e+00
 8.72365723e+00
 1.20961548e+01
 1.76746155e+01
 2.22846619e+01
 2.15754333e+01
 1.85303589e+01
 1.12918945e+01
 6.39489136e+00
 4.85329590e+00
