 4.99247272e+02
 2.87927582e+02
 1.00840959e+02
 1.46374876e+02
 7.79121975e+01
 1.46390840e+01
 1.05915118e+02
 2.38548512e+02
 1.23360281e+02
 2.47570739e+02
 3.96915922e+02
 4.12982530e+02
 2.50407811e+02
 2.26350993e+02
 1.20261280e+02
 2.29257338e+02
 4.99392808e+02
 2.25706851e+02
 1.55085647e+02
 9.34069491e+01
 1.34386266e+02
 3.15632628e+02
 4.19101453e+02
 4.93956690e+02
 2.44305810e+02
 2.47450031e+02
 4.01428802e+02
 1.03164253e+02
 7.14472392e+01
 1.25582055e+02
 7.99237313e+01
 1.95420058e+02
 7.44637727e+01
 2.62792543e+02
 2.81902760e+02
 2.03303879e+02
 3.63813444e+02
 1.65544719e+02
 1.52134883e+02
 1.17204253e+02
 2.11377239e+02
 1.34399378e+01
 1.12131678e+02
 1.92577666e+02
 1.75197469e+02
 1.73321219e+02
 5.59179752e+02
 3.11325232e+02
 1.62072652e+02
 3.09535934e+02
 2.95483654e+02
 2.08888728e+02
 1.76776292e+02
 3.02917460e+01
 3.12452238e+02
 1.86667524e+02
 4.98336464e+02
 3.45832754e+02
 5.96385476e+01
 3.42647842e+02
 1.86905102e+02
 6.88437060e+01
 1.89325268e+02
 1.33515438e+02
 1.78054095e+02
 1.92531300e+02
 1.01280811e+02
 1.64579638e+02
 1.26271117e+02
 5.47079136e+02
 8.57759096e+01
 3.43106159e+02
 2.76843200e+02
 1.52604418e+02
 1.48799018e+02
 2.02020536e+02
 5.07734789e+01
 9.62642165e+01
 1.07735046e+02
 4.16780746e+01
 2.45384532e+02
 5.30022291e+02
 4.47935184e+02
 3.10125575e+02
 2.56806651e+02
 3.24897267e+02
 2.85893724e+02
 2.06868258e+02
 2.13198346e+02
 2.53132981e+02
 1.01714057e+02
 6.40510796e+01
 1.74206565e+02
 3.21711653e+02
 2.67475710e+02
 3.58171339e+02
 5.51846272e+02
 6.92001904e+01
 1.61264449e+02
 9.53619601e+01
 1.76403955e+02
 2.80712494e+01
 2.65384281e+02
 3.59245864e+02
 3.86933628e+02
 2.68251481e+02
 1.45179046e+02
 4.60816850e+02
 1.20040385e+02
 1.43128682e+02
 1.98783362e+02
 3.07013309e+02
 8.57811000e+01
 5.20054323e+01
 9.92840493e+01
 2.97455013e+02
 9.51618726e+01
 3.90656852e+02
 4.26940276e+02
 2.47658746e+02
 3.47027519e+02
 2.39636012e+02
 7.74438978e+01
 4.46102174e+01
 1.39356105e+02
 1.09920770e+02
 2.32849190e+02
 3.33215087e+01
 8.18215330e+01
 3.18862947e+02
 2.47339881e+02
 4.04103091e+02
 1.69748030e+02
 6.18190044e+01
 1.59473899e+02
 2.71652759e+02
 8.68453648e+01
 1.03472979e+02
 1.76458059e+00
 1.08185880e+02
 1.70267559e+02
 2.35522856e+02
 3.43746250e+02
 4.57117418e+02
 1.98124729e+02
 4.45121263e+02
 6.26895898e+01
 1.20466531e+02
 1.41511070e+02
 1.52280066e+02
 2.58446560e+02
 3.83697909e+02
 1.46174298e+02
 1.04261187e+02
 5.10271749e+02
 3.78061455e+02
 3.47078266e+02
 6.63776355e+01
 2.29270135e+02
 9.61025358e+01
 9.28624955e+01
 1.55913127e+02
 6.07893710e+01
 8.62008114e+01
 2.89308913e+02
 2.87341189e+02
 4.44893068e+02
 3.00830692e+02
 4.01666477e+02
 5.13765538e+01
 7.57851830e+01
 1.15522740e+02
 2.89469602e+02
 3.97336126e+01
 4.60285444e+01
 7.09367286e+01
 1.94461679e+02
 1.24188886e+02
 4.02883715e+02
 4.80467499e+02
 4.42364631e+02
 2.02404075e+02
 3.14285974e+02
 2.76407561e+02
 1.67774079e+02
 1.43307734e+02
 1.80916004e+01
 8.74615815e+00
 2.44313872e+02
 1.85514385e+02
 2.16659507e+02
 7.44822691e+01
 1.64281355e+02
 2.30515572e+02
 2.34534506e+02
 2.42502004e+02
 1.44118700e+02
 5.05329844e+01
 2.64432900e+02
 2.05443093e+01
 2.41822051e+02
 1.81589283e+02
 2.70118179e+02
 2.79199563e+02
 2.72889763e+02
 1.05104039e+02
 3.79354167e+02
 1.78533469e+02
 3.35132792e+02
 1.51261514e+02
 1.07309781e+02
 4.57644801e+02
 1.28180496e+02
 3.47260088e+02
 1.88079264e+02
 3.20032651e+02
 3.96913957e+02
 1.59126609e+02
 4.50944696e+02
 1.44846170e+02
 1.17109537e+02
 8.46032819e+00
 3.22105850e+01
 5.48776993e+01
 3.04733995e+02
 5.51546119e+02
 5.95337786e+02
 2.65459660e+02
 2.30523774e+02
 2.18704210e+02
 2.26498660e+02
 2.42956079e+02
 1.81815206e+02
 1.26286911e+02
 4.54247198e+02
 2.55664269e+02
 8.97565666e+01
 3.02029063e+02
 3.22886035e+02
 4.09114918e+02
 5.92262787e+02
 1.16951072e+02
 2.69890474e+02
 2.62205824e+02
 1.76712021e+02
 2.86249711e+02
 2.06119933e+01
 1.99888074e+02
 5.41763959e+02
 4.48426895e+02
 1.44106076e+02
 1.00151545e+02
 2.57505430e+02
 2.30428196e+02
 4.06459357e+01
 2.68264293e+02
 1.92919290e+02
 8.44288288e+01
 1.40676187e+02
 3.63860020e+02
 4.95674929e+02
 2.49897324e+02
 2.71847273e+02
 3.08315868e+02
 3.86963266e+02
 2.83557007e+02
 9.26353832e+01
 2.42716674e+01
 7.76589032e+01
 3.24997813e+01
 3.24148949e+02
 3.02290065e+02
 2.55068076e+02
 4.57793299e+02
 2.96887251e+02
 2.84171342e+02
 3.43948778e+02
 5.65417321e+02
 1.14087847e+02
 3.35260402e+02
 3.68392950e+02
 1.03719677e+02
 8.88004909e+01
 3.18387208e+02
 5.04989529e+02
 2.72967091e+02
 3.57784496e+02
 3.53060202e+02
 4.07955776e+02
 2.18264547e+02
 2.29414015e+02
 1.56612646e+02
 2.85196076e+02
 2.16906054e+02
 1.23447576e+02
 5.54757301e+01
 4.80532359e+02
 1.93234039e+02
 4.67227362e+02
 3.69114198e+02
 5.71907376e+02
 2.22724541e+02
 2.20552388e+02
 1.31610943e+02
 1.17333590e+02
 7.03830295e+01
 4.72754062e+01
 1.30507885e+02
 2.01252605e+02
 2.45883455e+02
 3.63600547e+02
 1.91390131e+02
 7.08471329e+01
 5.41045245e+01
 1.71138805e+02
 1.99275379e+02
 1.40798386e+02
 1.80848050e+02
 1.51758045e+02
 3.19076125e+02
 1.23932386e+02
 3.50131634e+02
 4.61029749e+02
 5.50760249e+02
 2.55784860e+02
 1.17700486e+02
 1.42469505e+02
 1.84645894e+02
 2.06484444e+02
 1.41102216e+02
 8.00716203e+01
 2.52236596e+02
 1.51442110e+02
 3.00355245e+02
 1.05186665e+02
 4.99712838e+02
 3.04312522e+02
 2.08572061e+02
 7.10536951e+01
 1.87842750e+02
 2.00511006e+02
 5.90665786e+01
 2.41682521e+02
 2.19376486e+02
 1.85523398e+02
 2.81334582e+02
 5.91135759e+01
 9.22551250e+01
 1.62275103e+02
 1.49652809e+02
 2.15919816e+02
 2.02908091e+02
 1.02140063e+02
 1.20354554e+02
 3.26783463e+02
 1.90079548e+02
 2.55303364e+02
 7.46313907e+01
 2.66911969e+02
 3.92797834e+02
 3.01582809e+02
 1.97197950e+02
 1.16675600e+02
 1.64039300e+02
 1.77656230e+02
 1.24888703e+02
 2.37698351e+02
 1.84630354e+01
 2.03762851e+02
 6.56655061e+02
 4.34173452e+02
 4.01043838e+02
 2.37148304e+02
 3.02767544e+02
 2.90139422e+02
 2.32933634e+02
 5.04839127e+01
 2.31302155e+02
 1.50264928e+02
 1.70942718e+02
 7.41490537e+01
 3.94080724e+02
 3.87256914e+02
 3.86505339e+02
 2.31880660e+02
 1.80560701e+02
 3.09374364e+01
 6.49206742e+01
 2.30403748e+02
 1.54674742e+02
 1.94387042e+02
 3.24323775e+02
 4.44998378e+02
 4.82448671e+01
 3.05286346e+02
 2.09168828e+02
 3.06776244e+02
 2.88544145e+02
 1.62986811e+02
 1.39277685e+02
 2.57514258e+02
 2.29588789e+02
 8.33740977e+01
 1.22211525e+02
 2.61304991e+02
 4.16861641e+02
 3.06506843e+02
 2.95114611e+02
 1.48945294e+02
 2.27796557e+02
 1.06376689e+02
 2.73806545e+02
 3.20798000e+02
 1.77056900e+02
 1.99004940e+02
 1.80871231e+02
 3.60115541e+02
 1.10552201e+02
 2.70571160e+02
 4.89095154e+02
 2.80183216e+02
 2.35055374e+02
 8.47100047e+01
 1.79124217e+02
 4.43060798e+01
 1.40380783e+02
 1.81864998e+02
 2.33804644e+02
 3.79134636e+02
 5.03671577e+02
 2.68674576e+02
 5.15526978e+02
 2.63883867e+02
 2.24680493e+02
 3.07476951e+02
 8.60418160e+01
 2.17829320e+02
 7.93406982e+01
 2.16831266e+02
 1.71762828e+02
 4.21839519e+02
 2.89024712e+02
 2.55076525e+02
 3.09068900e+02
 1.90815373e+02
 1.90341303e+02
 2.63773389e+02
 1.67840803e+02
 3.09723363e+02
 1.01335779e+02
 2.46879098e+01
 3.09301235e+01
 3.52155641e+02
 3.73540607e+02
 2.40038378e+02
 2.42015920e+02
 1.33697610e+02
 1.90998232e+01
 2.54316562e+02
 4.25760317e+00
 1.93467602e+02
 1.11137797e+02
 1.57537315e+01
 1.50743045e+02
 1.83584758e+02
 1.05556014e+02
 1.47316642e+02
 3.54623211e+02
 4.50393383e+02
 2.57756070e+02
 2.75555341e+02
 1.91912244e+02
 1.22514182e+02
 7.62115331e+01
 1.77458389e+02
 5.03136955e+01
 1.73135377e+02
 3.01306314e+02
 1.79502327e+02
 4.23069519e+02
 5.15381949e+02
 3.01217090e+02
 4.29079751e+02
 1.12081581e+02
 2.02011595e+02
 1.23762766e+02
 2.01993179e+02
 2.49378829e+02
 1.47070415e+02
 4.42941902e+02
 1.74598838e+02
 2.18215649e+02
 2.58585217e+02
 3.59533490e+02
 2.81582741e+02
 1.05945195e+02
 2.02252817e+02
 1.92132954e+02
 2.20656063e+02
 1.17699671e+02
 2.63261585e+02
 2.41908347e+02
 2.92504675e+02
 5.42551780e+02
 5.87509409e+02
 2.94064483e+02
 2.72559754e+02
 1.12514798e+02
 1.76104660e+02
 1.53657067e+02
 1.97025824e+02
 1.18770688e+02
 5.06464023e+02
 1.72344036e+02
 4.29235262e+02
 2.59099055e+02
 1.04928512e+02
 2.09547827e+02
 5.02192404e+02
 2.26844990e+02
 1.06530439e+02
 2.93268627e+02
 1.40759683e+02
 2.25611102e+02
 1.84924012e+02
 3.36985821e+02
 4.34619851e+02
 5.23543881e+02
 1.44869901e+02
 3.72701333e+02
 2.30835659e+02
 2.24536557e+02
 1.69923499e+02
 2.03457330e+02
 2.35100231e+01
 1.51507215e+02
 2.46204949e+02
 2.70445665e+02
 9.97176528e+01
 4.82248462e+02
 3.19563284e+02
 3.35299180e+01
 3.96861729e+02
 3.76415618e+02
 2.35086677e+02
 9.80213169e+01
 7.21687163e+01
 1.39098123e+02
 2.76874385e+02
 2.59139064e+02
 2.93497314e+02
 2.77365749e+02
 3.05138342e+02
 2.57298013e+02
 2.61690384e+02
 2.13375144e+02
 7.72680387e+01
 1.26646907e+02
 2.08122970e+02
 1.85145576e+02
 3.86656812e+02
 2.24094747e+02
 4.66308349e+02
 1.56276437e+02
 7.30473586e+01
 3.46365472e+02
 3.62612948e+02
 2.80104093e+02
 8.54098940e+01
 3.23755939e+02
 2.55548238e+02
 1.44529330e+02
 2.01260488e+02
 3.57019134e+02
 4.72885523e+02
 3.90294104e+02
 4.77993624e+02
 4.20850503e+02
 2.52711166e+02
 2.06812887e+02
 2.18771698e+02
 4.77531168e+01
 4.94930053e+01
 9.36360589e+01
 1.90745401e+02
 7.85977320e+02
 2.34656995e+02
 3.41127745e+02
 1.69632350e+02
 2.83216954e+02
 8.03067811e+01
 3.08995401e+02
 3.70573844e+02
 2.81498714e+01
 9.59642423e+01
 5.08074074e+01
 4.30961226e+02
 4.10818708e+02
 3.61049603e+02
 1.29158931e+02
 1.47640275e+02
 3.36852754e+02
 2.17209156e+02
 1.33780317e+02
 6.54579373e+01
 3.12715639e+02
 2.23981366e+02
 1.58763388e+02
 1.65498612e+02
 3.32676962e+02
 2.10537897e+02
 3.82959706e+02
 4.98317854e+02
 1.69060348e+02
 1.51085779e+02
 3.13636614e+02
 7.68166789e+01
 2.52155637e+02
 3.64907276e+01
 7.85242840e+01
 4.17672410e+02
 5.04437218e+02
 3.30324853e+02
 4.93964524e+02
 2.53153250e+02
 2.43119781e+02
 6.04771355e+01
 2.59881436e+02
 2.32584622e+02
 1.79046158e+02
 1.83859607e+02
 2.43417843e+02
 1.12768116e+02
 4.81077549e+02
 8.97189329e+01
 2.32733062e+02
 1.20992428e+02
 1.55985744e+02
 3.05797501e+01
 3.96811932e+02
 1.43501508e+02
 2.08222128e+01
 1.37143407e+02
 3.36433299e+02
 2.20657693e+02
 3.44642665e+02
 2.81275160e+02
 2.01192830e+02
 1.66729838e+02
 9.46516127e+01
 1.48096936e+02
 1.59947778e+02
 9.44824475e+00
 1.71033547e+02
 1.80497823e+02
 3.37678227e+02
 1.88041395e+02
 2.39234916e+02
 2.01418623e+02
 3.41729065e+02
 3.41978939e+02
 2.24941970e+02
 8.62829920e+01
 4.65658873e+01
 2.38585768e+01
 9.90157480e+01
 1.07127300e+00
 2.73055819e+02
 1.84838768e+02
 3.39382251e+02
 1.16423261e+02
 2.60866103e+02
 2.70117625e+02
 2.82342363e+02
 1.93623778e+02
 1.75650073e+02
 3.13442283e+02
 5.35598568e+01
 1.20825836e+02
 1.87192120e+02
 4.81178138e+02
 2.07580835e+02
 1.85165675e+02
 2.84340419e+02
 4.30425081e+02
 2.88530908e+02
 3.16382563e+02
 9.57251710e+01
 5.89285909e+01
 2.42052191e+02
 1.46106498e+02
 9.69319932e+01
 2.29473069e+02
 3.90404815e+01
 8.29684886e+01
 2.52378800e+02
 3.97729020e+02
 3.62973554e+02
 2.76220249e+02
 8.19373667e+01
 1.54903980e+02
 1.61089029e+02
 2.24656155e+02
 6.76312501e+01
 3.96669393e+02
 4.78002238e+02
 2.63793605e+02
 7.42550662e+02
 3.01717821e+02
 3.33569102e+02
 6.80279317e+01
 9.87479179e+01
 1.27826074e+02
 1.56322430e+02
 3.14757036e+02
 1.95326497e+02
 2.34427289e+02
 2.68687913e+02
 4.20089831e+02
 2.01348733e+02
 3.22724538e+02
 2.24675019e+02
 1.71231003e+02
 9.99213707e+01
 1.31911220e+02
 1.50680337e+02
 3.23956876e+02
 2.07124291e+02
 1.09721983e+02
 7.57452688e+02
 5.26436040e+02
 1.15071490e+02
 3.04791847e+02
 2.05387807e+02
 1.17747494e+02
 2.87243727e+02
 1.79062712e+02
 1.87771877e+02
 7.20177628e+01
 8.44142267e+01
 3.16792300e+02
 2.50154370e+02
 1.79740670e+02
 6.35836539e+02
 3.55796696e+02
 2.46861473e+02
 1.77634930e+02
 1.45152766e+02
 7.24533666e+01
 3.80978546e+02
 2.65649414e+02
 6.20159666e+00
 9.22316588e+01
 1.66805548e+02
 1.33732424e+02
 3.48787318e+02
 2.14397185e+02
 1.51375785e+01
 2.36093384e+02
 1.37725955e+01
 3.23262599e+02
 2.79536240e+01
 1.01197841e+02
 2.18433933e+02
 3.04877986e+02
 3.60833935e+02
 3.76372129e+02
 4.94940674e+02
 3.14963218e+02
 1.93433411e+02
 4.97581327e+02
 1.52788587e+02
 2.36325817e+02
 6.44067022e+01
 1.32572241e+02
 1.24899523e+02
 5.21690177e+02
 3.88959142e+02
 2.73103999e+02
 3.73308428e+02
 3.07239725e+02
 4.04464734e+02
 2.46242812e+02
 9.73475691e+01
 1.78045540e+02
 3.06340655e+01
 1.30211518e+01
 5.56208128e+01
 2.94472094e+02
 3.06837085e+02
 4.76562141e+02
 4.62295711e+02
 4.91025433e+02
 1.64095934e+02
 2.32606585e+02
 8.19530954e+01
 3.24891673e+01
 2.56277653e+01
 6.39436817e+01
 2.80327018e+02
 1.30334820e+02
 6.11925401e+02
 3.93269103e+02
 1.66661727e+02
 2.02649727e+02
 1.70991076e+02
 1.13101319e+02
 1.24217812e+02
 1.25584436e+02
 4.33245085e+02
 1.19380504e+02
 1.82994966e+02
 3.18993781e+02
 2.75050486e+02
 4.62785359e+02
 2.23761815e+02
 4.79537497e+02
 1.70710536e+02
 2.19567254e+02
 1.16191123e+02
 2.76097124e+02
 3.50053218e+01
 7.45826806e+01
 6.77064004e+01
 3.47398463e+02
 3.94074098e+02
 1.93857975e+02
 3.94737156e+02
 5.77862691e+02
 1.82143349e+02
 5.61243418e+01
 9.03126042e+01
 2.97211745e+02
 1.65266850e+02
 1.35972160e+01
 2.20676721e+02
 1.60454754e+02
 2.36390380e+02
 3.13720613e+02
 4.11031243e+02
 7.29507082e+02
 3.51866642e+01
 2.65616187e+02
 3.68591091e+02
 7.74365459e+01
 9.96052797e+01
 3.61661806e+01
 1.36612780e+02
 2.36422639e+02
 1.66134345e+02
 3.01104998e+02
 4.23196074e+02
 2.44570456e+02
 3.13117342e+02
 1.60700176e+02
 2.28130246e+01
 3.54220366e+01
 1.57782591e+02
 1.74337066e+02
 3.71254713e+02
 7.88985942e+01
 5.11347169e+01
 7.48971166e+01
 9.34900554e+01
 4.39255683e+02
 3.73351815e+01
 2.00657594e+02
 1.41663657e+02
 2.44718194e+02
 7.92288532e+01
 7.46325307e+01
 8.01675594e+01
 4.44395372e+02
 4.69577569e+02
 1.66969674e+02
 2.19922031e+02
 6.02747017e+02
 6.05104147e+01
 3.71423088e+01
 3.29064562e+02
 1.43651594e+02
 1.54713517e+02
 5.95553810e+01
 1.55044459e+02
 3.11718700e+02
 1.02463173e+02
 4.34634486e+02
 1.75250192e+02
 7.95215542e+01
 2.49539300e+02
 2.09845293e+02
 1.63520518e+02
 2.04399275e+02
 4.15884230e+01
 2.15174324e+02
 4.04448885e+02
 1.08347010e+02
 3.90284827e+02
 3.12945364e+02
 2.49813819e+02
 3.71644198e+02
 2.18482196e+02
 1.09947189e+02
 5.53796926e+01
 1.95945686e+02
 2.12955789e+02
 4.91697494e+02
 2.56173196e+02
 1.88014860e+02
 4.11264865e+02
 1.63924805e+02
 2.98472600e+01
 3.72987735e+02
 1.12225121e+02
 1.40982869e+02
 3.45906052e+02
 1.73629089e+02
 2.23589840e+02
 2.59757026e+02
 2.33243392e+02
 6.97326625e+01
 6.05755875e+02
 4.85011702e+02
 2.57629802e+02
 3.07586376e+02
 3.27539960e+02
 2.06120995e+02
 2.48703653e+02
 2.39986214e+02
 1.33284605e+01
 9.49607798e+01
 2.33341903e+02
 4.08482093e+02
 2.91868877e+02
 4.72780704e+02
 4.46581623e+02
 7.45556869e+02
 2.66916343e+02
 1.66278770e+02
 1.70638426e+02
 2.38858877e+02
 1.31751011e+02
 3.78726305e+02
 2.88846339e+02
 6.15494813e+02
 1.68524827e+01
 1.92140271e+02
 3.20889418e+02
 3.70890678e+02
 2.19876820e+02
 2.30604376e+02
 2.58433929e+02
 1.39431425e+02
 2.38084142e+02
 1.15433663e+02
 1.99147241e+02
 3.88677094e+02
 2.01238159e+02
 3.91636304e+02
 2.81496176e+02
 1.60048549e+02
 3.20039679e+02
 1.55468165e+02
 1.54532882e+02
 2.46876482e+02
 2.89275381e+02
 3.84207880e+00
 1.70276757e+02
 2.17960420e+02
 3.20388091e+02
 5.32416205e+02
 4.48919979e+02
 4.32883638e+02
 1.49216685e+02
 1.98437997e+02
 1.41174645e+02
 1.87798331e+02
 1.48767807e+02
 1.77690724e+02
 2.70326945e+02
 1.69611218e+02
 2.24311336e+02
 3.70942013e+02
 4.10968843e+02
 2.89928017e+02
 3.34310850e+02
 2.23035539e+02
 1.66133774e+02
 1.12743326e+02
 9.65024870e+00
 2.27340909e+02
 3.56472464e+01
 4.18213143e+02
 4.22889256e+02
 3.28737618e+02
 1.68284409e+02
 1.75747388e+02
 2.62736802e+02
 1.95486746e+02
 5.93793692e+01
 1.15209679e+02
 2.34077449e+02
 1.55280760e+02
 2.83267882e+02
 2.54078605e+02
 5.35535698e+02
 1.72890913e+01
 4.21715654e+02
 3.74850469e+02
 4.49916997e+02
 1.57831573e+02
 7.69493035e+01
 1.22659766e+02
 2.15764921e+01
 3.01288522e+02
 1.33210967e+02
 5.81160990e+01
 5.04382262e+02
 3.87453164e+02
 3.91019834e+02
 4.08077770e+02
 2.33957255e+02
 8.90889901e+01
 2.68327283e+02
 1.03844197e+01
 4.12353725e+01
 1.15826993e+01
 3.70931564e+02
 1.31623796e+02
 3.76234034e+02
 2.97293933e+02
 1.69487710e+02
 2.32296961e+02
 2.66984181e+02
 2.16257424e+02
 1.82201411e+02
 1.92119622e+02
 1.81234165e+01
 3.47086958e+02
 1.57629542e+02
 5.21519010e+02
 2.97888425e+02
 5.82053610e+02
 6.05786237e+02
 3.84324601e+02
 2.22470562e+02
 1.92825865e+02
 7.56715070e+01
 2.11069836e+02
 1.71523568e+02
 1.83765071e+02
 4.08984855e+02
 1.21285609e+02
 3.59517214e+02
 4.24766555e+02
 2.96116855e+02
 2.20622447e+02
 2.07231721e+02
 2.39689530e+02
 8.93496563e+00
 1.91369220e+02
 4.95570213e+01
 1.19546220e+02
 4.19601253e+02
 5.49654193e+02
 3.44848731e+02
 3.27361003e+02
 2.62780558e+02
 3.73641711e+02
 8.18983500e+01
 2.20289125e+02
 1.15891845e+02
 2.50766642e+02
 1.56854979e+02
 1.55129845e+02
 9.35248705e+01
 1.97063977e+02
 1.61863976e+02
 3.44354461e+02
 4.06824034e+02
 2.80453358e+02
 1.69614618e+02
 1.99944628e+02
 1.45696347e+02
 2.40553040e+02
 1.84291340e+02
 1.81238754e+02
 3.55140771e+02
 3.01393356e+02
 2.72808167e+02
 3.06000660e+02
 4.77428318e+02
 2.58381139e+02
 1.43156370e+02
 2.36129651e+02
 1.74735926e+02
 1.67399014e+02
 1.71195190e+02
 1.09775968e+02
 3.91241431e+01
 2.15861193e+02
 3.96091800e+02
 5.35776439e+02
 2.26061293e+02
 5.98589541e+02
 3.51784247e+02
 2.50879906e+02
 2.44337766e+02
 2.13416085e+02
 1.69632812e+02
 1.37559688e+02
 4.04913916e+01
 1.45053736e+02
 3.99479386e+02
 1.57653490e+02
 2.96051434e+02
 2.41201695e+02
 1.17351007e+02
 2.72246895e+01
 8.08382973e+00
 2.58351556e+02
 1.14156046e+02
 2.13941811e+02
 1.10177293e+02
 2.55235527e+02
 3.58364308e+02
 5.28541754e+02
 1.66438084e+02
 1.66019308e+02
 1.51829824e+02
 1.07538550e+02
 7.21634448e+01
 1.88746087e+02
 6.50066254e+01
 3.25241579e+01
 4.02666987e+02
 2.18800884e+02
 2.71528789e+01
 5.35680973e+02
 3.07074993e+02
 5.37133357e+02
 3.84781161e+02
 3.71813743e+02
 1.83205403e+02
 1.33658703e+02
 1.70518463e+02
 1.24768409e+02
 2.94109287e+02
 5.54220364e+01
 1.87967018e+02
 2.16130655e+02
 1.05584515e+02
 4.92462317e+02
 1.33164773e+02
 4.46604657e+02
 4.12440468e+02
 2.08880192e+02
 2.31161955e+02
 1.30737180e+02
 1.89850916e+02
 3.38020760e+02
 3.69156058e+02
 2.47760123e+02
 4.14398289e+02
 2.87609382e+02
 3.58811281e+02
 1.59591080e+02
 1.45724608e+02
 2.43863083e+02
 8.10607307e+01
 9.34620658e+00
 7.55535934e+01
 1.83281859e+02
 4.58517119e+02
 2.24341043e+02
 3.02491375e+02
 3.14051222e+02
 3.82892713e+02
 2.17671780e+02
 1.98343617e+02
 1.30015873e+02
 3.44329379e+02
 3.61759806e+02
 1.21113351e+02
 3.43347112e+02
 3.24890250e+02
 3.53242200e+02
 4.45502537e+02
 2.77916079e+01
 2.08988665e+02
 3.16383561e+01
 4.13772509e+01
 1.24509521e+02
 2.21784573e+02
 3.06415152e+02
 2.20880837e+02
 1.19648170e+02
 2.76565049e+02
 1.20522138e+02
 3.78960472e+02
