 2.04873300e+02
 1.00487916e+02
 9.19053363e+01
 5.08727061e+01
 6.22706823e+01
 8.74560548e+01
 2.46153173e+01
 7.48216026e+01
 1.28077760e+02
 9.89302752e+01
 2.22069348e+02
 6.23598493e+01
 1.99126759e+02
 6.61181600e+01
 7.42431425e+01
 5.87058005e+01
 9.99371189e+01
 3.21010890e+01
 1.56289650e+01
 6.96625545e+01
 1.46740359e+02
 2.86169010e+02
 2.06297331e+02
 1.16991129e+02
 9.97678760e+01
 4.23294004e+01
 4.27003868e+01
 9.39791787e+01
 7.74092044e+01
 7.24758393e+01
 2.19039111e+01
 9.23077132e+01
 1.99000434e+01
 1.78979752e+02
 1.90530273e+02
 1.10460978e+02
 1.38963179e+02
 5.07904998e+01
 5.71879294e+01
 6.29481913e+01
 7.69060457e+01
 4.92812090e+01
 1.07085865e+02
 1.91808305e+01
 7.20266820e+01
 1.70103841e+02
 1.35744624e+02
 9.48006768e+01
 5.94572642e+01
 2.51033164e+01
 1.13957093e+02
 7.66787388e+01
 8.66390072e+01
 4.22005257e+00
 3.18204635e+01
 4.87075202e+01
 3.82488519e+00
 1.67553358e+02
 1.69368310e+02
 1.22525855e+02
 3.42520157e+01
 4.85217080e+01
 5.54464982e+01
 7.67671888e+01
 6.53610530e+01
 1.54990814e+02
 6.09949440e-01
 5.17585156e+00
 2.17029837e+01
 2.75677062e+01
 4.79492533e+01
 1.15520073e+02
 7.83173807e+01
 6.77656629e+00
 5.34506131e+01
 6.91634516e+01
 1.43937540e+02
 3.48252958e+01
 4.24981850e+01
 8.88135965e+01
 1.07539719e+02
 5.19283090e+01
 1.02494597e+02
 3.38294435e+02
 3.00089878e+02
 1.51439975e+02
 1.50998571e+02
 7.47179723e+01
 1.02350474e+02
 2.23604513e+02
 7.22361834e+00
 2.03638304e+01
 1.68203637e+02
 1.67593523e+02
 1.59980518e+02
 1.36638932e+02
 3.25407343e+02
 6.17898555e+01
 1.49848793e+02
 1.13241314e+02
 2.95745337e+01
 1.34831769e+02
 2.97182767e+01
 5.38737691e+01
 2.06392947e+02
 1.61942648e+02
 1.16231151e+02
 1.16750112e+02
 1.95642630e+02
 1.08916068e+02
 1.78795630e+02
 9.85045389e+01
 7.68356650e+01
 1.89935753e+02
 1.88533240e+02
 2.20184748e+02
 1.75506554e+02
 1.67063159e+02
 2.17632287e+02
 1.20846980e+02
 1.14378324e+02
 1.12489203e+02
 1.22958887e+02
 1.36345839e+02
 3.88343089e+01
 2.14336449e+01
 6.64535315e+01
 5.10731399e+01
 5.44632730e+01
 2.36898703e+02
 7.95778160e+01
 7.23859579e+01
 2.06121492e+01
 6.36144212e+01
 1.05697574e+02
 1.34359137e+01
 6.90142984e+01
 1.05669567e+02
 6.84804462e+01
 7.83503688e+01
 1.12479672e+02
 2.89535924e+01
 8.21533527e+01
 2.08533561e+02
 1.37600623e+02
 2.91136343e+01
 6.15690293e+01
 1.01981681e+02
 1.69789995e+01
 6.89303697e+01
 2.75122631e+01
 9.35105372e+01
 5.78237236e+01
 2.43612761e+02
 1.40240045e+02
 1.86545199e+02
 5.96381706e+01
 6.32766961e+01
 9.09907777e+01
 1.25226114e+02
 2.72794725e+01
 4.21167327e+01
 5.40306797e+00
 9.19233041e+01
 6.29057108e+01
 2.63857987e+02
 1.75925890e+02
 5.03949504e+01
 8.65409926e+01
 4.26585049e+01
 2.82381688e+01
 1.38117179e+02
 6.33636625e+01
 9.70019350e+01
 2.31454625e+01
 1.40519017e+02
 1.25776636e+02
 1.84380305e+02
 2.92987755e+02
 1.64088016e+02
 1.14759946e+02
 7.67468617e+01
 1.12307030e+02
 1.91020447e+01
 1.75333749e+01
 4.40300918e+01
 1.21788218e+02
 4.10695593e+01
 1.52243035e+02
 2.42929115e+01
 4.44428130e+01
 7.95693288e+01
 1.88586364e+02
 1.82239421e+02
 1.28364321e+02
 5.78571611e+01
 1.64772139e+02
 9.60432988e+01
 8.29915400e+01
 1.63269455e+02
 3.35837374e+01
 2.01808414e+02
 1.90672076e+02
 1.07597734e+02
 1.05254438e+02
 8.21886686e+01
 8.34354749e+01
 1.07867503e+02
 1.13165970e+02
 3.65347365e+01
 4.65214817e+01
 5.31199915e-01
 1.63015222e+02
 3.38647751e+02
 4.25370920e+01
 1.15982093e+02
 2.76128865e+01
 4.69139328e+01
 5.01879106e+01
 2.14642205e+02
 9.63176802e+00
 4.41836488e+01
 1.26017068e+02
 3.45138001e-01
 3.35148265e+02
 8.10772460e+01
 1.91474256e+02
 5.40541931e+01
 3.02626621e+01
 1.12961130e+02
 6.63803105e+01
 1.36769985e+02
 1.27920386e+02
 1.87060116e+01
 7.41585893e+01
 6.50134469e+00
 1.99563568e+02
 1.47544843e+02
 1.51177967e+02
 1.12336350e+02
 1.59086644e+02
 1.50299718e+02
 9.71007196e+01
 1.65870687e+02
 1.05216817e+01
 9.55125798e+01
 1.95930281e+01
 1.24395497e+02
 2.46871634e+01
 1.34983248e+02
 1.48009098e+02
 9.69513252e+01
 8.88454787e+01
 6.67613238e+01
 9.47169664e+01
 1.77418791e+02
 8.12609489e+01
 6.36245889e+01
 8.51309828e+01
 1.21184760e+01
 2.59243723e+01
 1.46561190e+02
 1.58396508e+02
 1.97506494e+02
 1.09543272e+02
 1.94066907e+02
 6.47117787e+01
 1.49045642e+02
 1.62227231e+01
 9.05968607e+01
 2.37008172e+01
 2.52414058e+01
 5.25624695e+01
 1.53381018e+02
 2.34239243e+02
 6.17531220e+01
 9.64617593e+01
 8.57167017e+00
 2.32268703e+02
 6.99743017e+01
 1.54615120e+02
 6.34752422e+01
 7.69489386e+01
 1.61168861e+02
 1.08856701e+02
 1.83249752e+02
 1.56261354e+02
 1.80294466e+02
 2.50052214e+02
 1.10630520e+02
 7.76604622e+01
 6.19298844e+01
 2.06880960e+01
 3.53357152e+01
 2.36188823e+00
 5.69748825e+01
 1.63698437e+02
 2.74775609e+02
 2.26308387e+02
 2.14401083e+02
 3.75283866e+01
 9.85995821e+01
 5.60396424e+01
 1.41302813e+02
 1.39530444e+02
 5.80708085e+01
 2.04263476e+01
 9.48624535e+01
 1.30993085e+02
 2.45115183e+02
 1.32135344e+01
 5.69585468e+01
 1.80540599e+02
 1.27675555e+02
 8.90439925e+01
 9.70232083e+01
 5.59637564e+01
 8.68286253e+01
 1.16159372e+01
 1.48434177e+01
 2.17307663e+02
 2.14687614e+02
 1.97376607e+02
 1.62946091e+02
 5.10274261e+01
 1.31164306e+02
 1.23153074e+02
 8.12355186e+01
 1.64248189e+01
 5.77872120e+01
 6.99455094e+01
 1.46953803e+02
 1.91425561e+02
 1.30388853e+02
 8.40353770e+01
 2.16601074e+02
 1.15187414e+02
 3.05456183e+01
 1.27094302e+02
 1.08261775e+02
 4.69401359e+01
 8.02058206e+01
 1.30620145e+02
 3.33635125e+01
 1.03597092e+02
 1.33058231e+02
 2.54804404e+02
 1.26522848e+02
 4.70522792e+01
 1.09308760e+02
 1.20648008e+02
 1.83201632e+02
 7.56341029e+01
 1.58616671e+02
 1.49309133e+02
 1.26680233e+02
 1.50421908e+02
 1.56723344e+02
 2.01091980e+02
 2.09670876e+02
 5.39564466e+01
 1.35250143e+02
 1.26099950e+02
 4.22782153e+01
 1.78650329e+02
 4.89980593e+00
 7.84613392e-01
 5.63067171e+00
 3.37814251e+01
 1.57858018e+02
 1.69562693e+02
 2.65399520e+02
 8.07809223e+01
 1.24694102e+02
 7.29525303e+01
 3.31546510e+01
 1.18496581e+02
 1.05376409e+02
 5.89803021e+01
 1.21941529e+02
 1.67088978e+02
 2.37384693e+02
 4.36973678e+02
 2.93682560e+02
 6.76096185e+01
 3.14683898e+01
 2.31510141e+01
 5.75834941e+01
 2.16317701e+02
 1.53407926e+02
 8.77119246e+01
 4.38497457e+01
 2.13136159e+02
 2.28373730e+02
 2.00319693e+02
 1.56871130e+02
 3.03976823e+02
 1.05845382e+02
 1.46156776e+02
 9.73874376e+01
 8.32387930e+01
 1.58071478e+02
 9.52859651e+01
 2.77524761e+01
 1.65218363e+02
 1.89241770e+01
 1.83381738e+02
 1.09980708e+02
 2.15377233e+02
 5.90414709e+01
 1.46560576e+02
 7.21583292e+01
 5.62391208e+01
 1.38772067e+02
 8.28782079e+01
 7.38139697e+01
 9.96692693e+01
 7.92374494e+01
 8.42989358e-01
 2.57281202e+02
 2.62049059e+02
 6.32692945e+01
 1.78374302e+02
 1.04277544e+02
 1.50472991e+02
 2.38748045e+02
 7.18733426e+00
 4.26670771e+01
 6.22116090e+01
 1.95166968e+02
 6.18002362e+01
 1.47247301e+02
 1.41793294e+02
 1.17641237e+02
 1.04139466e+02
 1.27568541e+02
 1.01034260e+02
 1.14839431e+02
 2.31510506e+02
 8.30217755e+01
 6.71985360e+01
 2.41263609e+02
 2.56019187e+02
 6.65837206e+01
 1.19080088e+02
 8.97065429e+01
 1.39176036e+02
 1.24517637e+02
 1.84165677e+01
 4.61193089e+01
 2.19894573e+02
 1.09088093e+02
 1.00385526e+02
 1.37889599e+02
 1.40354785e+02
 1.95024102e+02
 5.12895874e+01
 1.42208775e+02
 2.90934305e+01
 3.38320198e+01
 1.06507746e+02
 2.20974454e+02
 4.52654070e+01
 2.15193989e-03
 1.60605684e+02
 1.96273980e+02
 1.79275846e+02
 3.13143163e+02
 1.67262345e+02
 8.57256226e+01
 8.52502392e+01
 9.60699659e+01
 2.22311114e+02
 4.28085101e+01
 4.83919668e+01
 3.93268102e+01
 1.13378581e+02
 2.22064943e+02
 4.66001923e+01
 1.86111982e+02
 1.19836882e+02
 1.24278818e+02
 1.23262099e+01
 6.12784800e+01
 9.44563446e+01
 1.21793178e+02
 8.73727568e+01
 8.63319449e-02
 1.81412470e+02
 2.48664928e+02
 1.52949382e+02
 1.94775105e+02
 1.08606780e+02
 9.08294271e+01
 8.86360420e+01
 9.72009570e+01
 4.04735918e+01
 1.33285704e+02
 3.01459100e+01
 7.51389281e+00
 1.04118240e+02
 1.10349956e+02
 1.84067933e+02
 5.62101374e+01
 1.52044887e+02
 9.98944026e+01
 1.19204226e+01
 9.03315484e+01
 1.20102220e+02
 1.06210279e+01
 4.90329101e+01
 1.69126619e+02
 1.11134006e+02
 3.35160270e+02
 8.08390682e+01
 3.65625509e+02
 1.26713372e+02
 1.01090925e+02
 1.36286250e+02
 1.21267240e+02
 3.89014765e+01
 9.82396508e+01
 6.43015920e+01
 1.05728034e+01
 1.35341625e-05
 1.22867347e+01
 1.88910977e+02
 2.73035435e+02
 2.20460171e+02
 1.43431120e+02
 4.38702859e+01
 1.27283162e+02
 2.74337608e+01
 1.29551805e+00
 1.83901525e+02
 1.26028128e+02
 4.21386331e+01
 2.06026381e+02
 6.03880909e+01
 9.91483159e+01
 2.34568532e+02
 1.10717078e+02
 1.90369938e+02
 3.19139200e+01
 1.72106673e+02
 2.61145800e+01
 7.96158160e+00
 8.39140009e+01
 1.72220588e+02
 1.27373223e+02
 1.88703525e+02
 1.86845293e+02
 2.52681189e+01
 1.96383915e+01
 2.32600446e+02
 1.10212353e+02
 6.34383208e+01
 1.30014580e+02
 6.02083702e+00
 7.53244544e+01
 1.01636358e+02
 1.93697150e+02
 1.56495436e+02
 8.15362158e+01
 5.73531042e+01
 7.19117604e+01
 7.49406056e+01
 3.44655456e+01
 8.08069290e+01
 7.52683804e+01
 2.29841901e+01
 3.71873186e+01
 1.21135329e+02
 2.36881749e+02
 7.77752080e+01
 1.82669713e+02
 7.14810751e+01
 5.84106021e+01
 3.60297919e+01
 1.29499034e+02
 1.13774588e+02
 7.99851104e+01
 3.44346809e+01
 1.32207651e+02
 8.58325912e+01
 2.73357025e+02
 1.25242635e+02
 4.73033762e+01
 1.35663494e+02
 1.18986074e+02
 7.68918243e+01
 1.18095005e+02
 1.19876735e+02
 1.07830039e+02
 6.68690579e+01
 1.27016520e-10
 6.75838170e+01
 1.59298995e+02
 1.12596204e+02
 8.34605656e+01
 1.65375680e+02
 6.16377214e+01
 8.49404591e+01
 7.35322090e+01
 4.57226814e+01
 1.04518613e+02
 4.98696728e+00
 1.13812051e+01
 8.14063554e+01
 9.10159171e+01
 1.70259638e+02
 2.72530386e+02
 2.09560360e+02
 6.36500037e+01
 3.37917402e+01
 2.43553579e+01
 7.85705873e+01
 7.20236598e+01
 5.70941085e-01
 5.67962124e+01
 9.02933206e+01
 8.31770650e+01
 9.49947133e+01
 2.60278484e+02
 6.18883146e+01
 4.61809505e+01
 3.35005711e+01
 1.57056962e+02
 4.54196978e+01
 2.12073005e+02
 1.38425873e+01
 1.59546228e+01
 1.06460723e+02
 1.40182958e+02
 1.29017500e+02
 1.10881372e+02
 2.77282127e+02
 6.90904596e+01
 1.03578360e+02
 1.19002400e+02
 2.53102172e+02
 8.36151545e+01
 3.42350783e+01
 2.66464048e+01
 3.76080725e+01
 4.05091621e+01
 1.25202399e+02
 7.37222644e+01
 6.27390794e+01
 1.23223332e+02
 1.33116393e+02
 5.32813476e+01
 5.44243127e+01
 3.07205000e+01
 4.38940709e+01
 3.19017623e+01
 3.40885070e+02
 2.22554480e+02
 3.55706995e+02
 5.17693411e+01
 1.55652034e+02
 9.44507211e+01
 1.60329594e+02
 2.25383179e+01
 6.51809262e+01
 2.36122031e+01
 7.81042461e+01
 1.59097275e+02
 3.96575342e+01
 7.94789633e+01
 1.74973459e+02
 3.52211819e+01
 2.56739925e+02
 5.88766986e+01
 1.18779623e+02
 9.93299154e+01
 4.52472930e+01
 7.14099410e+01
 6.13550138e-01
 7.76614415e+01
 7.71170851e+01
 2.28609397e+02
 1.26121242e+02
 1.08607784e+02
 8.61990185e+01
 3.52476111e+01
 3.21890703e+01
 1.02000154e+02
 8.68894562e+01
 2.87746039e+01
 2.78470145e+01
 1.02580773e+02
 8.62090979e+01
 1.07163729e+02
 1.86640697e+02
 1.15969386e+02
 8.78159024e+01
 5.84080102e+01
 7.76206484e+01
 3.69824181e+01
 1.02985479e+02
 1.22223377e+02
 3.25604523e+00
 1.28075129e+02
 2.31067602e+02
 7.46917594e+01
 1.40333701e+02
 2.62800591e+02
 4.33273134e+01
 9.95698394e+01
 8.55338762e+01
 1.63128151e+02
 9.65896878e+01
 2.20707482e+02
 9.02041086e+01
 2.06131596e+02
 1.52406904e+02
 4.41990190e+02
 2.27464536e+02
 1.62493182e+02
 1.49033633e+02
 1.76587840e+01
 8.99549068e+01
 5.70048206e+01
 1.41666271e+02
 6.52039265e+01
 1.58748441e+01
 3.40534849e+01
 1.01186678e+02
 2.75984582e+01
 1.50947214e+02
 2.43550906e+02
 9.78192394e+01
 1.40567609e+02
 1.44054975e+02
 1.64212352e+02
 7.82533823e+01
 1.93315457e+01
 7.58643479e+01
 1.53679807e+02
 1.35952263e+01
 1.64712545e+02
 1.50617290e+02
 1.60578786e+02
 5.66286162e+01
 7.74631837e+01
 7.66077635e+01
 3.35438689e+01
 2.29007873e+00
 7.88558968e+01
 1.28023462e+01
 4.31384997e+01
 1.17030493e+02
 1.85890892e+02
 1.64190080e+02
 2.05326219e+02
 1.83175522e+02
 9.06819488e+01
 3.60360061e+01
 1.50369276e+01
 1.25523098e+02
 2.19102915e+02
 5.97748199e+01
 5.50068847e+01
 5.07453777e+01
 8.14148304e+01
 9.60825922e+01
 7.94264092e+01
 1.36095151e+02
 6.19516750e+01
 1.61598891e+02
 9.61134176e+01
 6.13660214e-01
 4.59153694e+01
 3.35953043e+01
 1.89174731e+01
 1.15522702e+02
 2.20229492e+02
 3.07489789e+02
 4.23116904e+01
 9.10244041e+01
 1.53304520e+02
 7.46818401e+01
 5.15396128e+01
 1.02308624e+02
 2.49704392e+01
 1.37989148e+01
 2.00379657e+02
 1.59599259e+02
 1.41768680e+02
 2.08753903e+02
 8.77552852e+01
 1.14649781e+02
 1.91204030e+02
 4.14858799e+01
 1.57027088e+02
 4.83282364e+01
 3.73136956e+01
 2.45787243e+02
 4.27940360e+01
 1.22926206e+02
 1.50810970e+02
 1.84988247e+02
 2.28049587e+02
 8.28381505e+01
 1.27625873e+02
 6.81086507e+01
 1.67421014e+02
 1.03370024e+02
 1.46046385e+02
 1.30969744e+01
 1.05555965e+02
 1.59351844e+02
 1.54147098e+02
 1.08209884e+02
 1.17907733e+02
 3.14630476e+01
 1.03701186e+02
 1.83212101e+02
 6.99270404e+01
 8.14760517e+01
 8.51178244e+01
 1.00522576e+00
 3.70572343e+01
 9.19630271e+01
 1.27802871e+01
 1.12530498e+02
 3.76236094e+01
 1.54773021e+02
 5.67242340e+01
 6.72718295e+00
 4.41475002e+01
 7.33486224e+01
 3.76318988e+01
 1.25123050e+01
 4.64763574e+01
 1.01335562e+02
 9.16619321e+01
 2.42147393e+02
 2.19579200e+02
 9.95061044e+01
 2.75510764e+01
 1.40915392e+02
 6.84884779e+01
 6.58730057e+01
 2.62393742e+01
 1.19291201e+02
 4.77638515e+01
 1.19790926e+02
 1.05367195e+02
 3.07682851e+02
 2.15692450e+02
 6.03003313e+01
 1.28622366e+02
 4.58783607e+01
 9.84222181e+01
 6.45741647e+01
 2.59321919e+01
 1.91712110e+02
 1.83791574e+02
 9.47453276e+01
 2.09435540e+02
 1.04813563e+02
 9.28370735e+01
 1.12246667e+02
 1.29259998e+02
 6.40480151e+01
 9.87908699e+01
 4.60462979e+01
 1.37119343e+02
 2.92549391e+01
 1.63157394e-02
 3.52925175e+02
 3.30636460e+02
 1.47645095e+02
 1.95988930e+02
 2.20397556e+02
 1.12288444e+02
 2.95768869e+01
 7.72680348e+01
 2.13162021e+02
 2.67608216e+01
 1.94793928e+01
 1.90700843e+01
 2.45172026e+02
 5.84724224e+01
 4.71742689e+01
 1.54516716e+02
 1.60328785e+02
 1.03404206e+02
 7.49360503e+01
 4.05767121e+01
 9.48926111e+01
 1.18278704e+02
 2.45916394e+01
 1.33590076e+02
 1.69741366e+01
 3.21322070e+01
 3.20096747e+02
 3.01735945e+02
 9.33971174e+01
 1.86553389e+02
 6.16032732e+00
 7.60748693e+01
 5.60011781e+01
 1.50685815e+02
 8.63352343e+00
 7.19757858e+01
 1.53856164e+02
 1.61407422e+02
 1.76495139e+02
 1.42731881e+02
 1.35162449e+02
 1.21578381e+02
 1.76918495e+02
 3.57675739e+01
 1.46669816e+02
 7.46404512e+01
 1.21134992e+01
 6.03585856e+01
 1.48884150e+02
 1.53128971e+02
 1.49641671e+02
 1.64923521e+02
 4.94635883e+01
 7.56076869e+01
 4.49061714e+01
 1.91471302e+01
 1.30231943e+01
 1.04612674e+02
 5.48160005e+00
 2.05941881e+02
 1.35104465e+02
 1.86670253e+02
 9.46187441e+01
 9.57524183e+01
 1.58022321e+02
 8.26903519e+01
 5.78226463e+01
 3.24090564e+01
 7.28965026e+01
 2.21879473e+02
 1.02664629e+02
 5.24127106e+01
 2.65526509e+02
 2.85398068e+02
 1.48875569e+02
 1.83369739e+02
 1.02771092e+02
 2.76381821e+01
 1.14017992e+02
 3.22160835e+01
 7.06786598e+01
 2.44545695e+01
 1.42890084e+02
 7.32342088e+00
 2.83792379e+01
 1.85239352e+02
 9.62474411e+01
 7.87108516e+01
 2.35735099e+02
 1.20415778e+02
 1.93530197e+02
 5.66871737e+01
 8.38461926e+01
 2.60277754e+01
 6.51603080e-02
 8.97780734e+01
 1.19411694e+02
 1.31514992e+02
 5.53065846e+01
 1.13358073e+02
 5.15324313e+01
 1.39634901e+01
 1.53557608e+02
 6.00073220e+01
 7.52263376e+01
 6.23257030e+01
 6.85988646e+01
 3.43082140e+01
 7.80317792e+01
 1.18746786e+02
 7.37719105e+01
 2.70360815e+02
 1.01284952e+02
 7.28299510e+01
 3.06627882e+01
 1.72040350e+02
 8.27534073e+01
 7.96756108e+01
 6.06506511e+01
 6.05194462e+00
 1.23243971e+01
 2.72995446e+02
 3.24176387e+02
 2.90757306e+02
 2.48125015e+02
 1.36011869e+02
 1.26124310e+02
 5.78170710e+01
 1.19774599e+02
 2.42184607e+01
 1.20797802e+01
 4.33243160e-03
 2.89666956e+02
 1.11349160e+02
 1.06580385e+02
 1.51509466e+02
 1.06739379e+02
 8.74181382e+00
 1.38737061e+02
 1.95085412e+01
 1.32618320e+02
 1.82460030e+01
 3.85107972e+01
 1.83206030e+01
 1.76973467e+02
 2.47859706e+02
 4.70493591e+01
 1.67549870e+02
 1.70612027e+02
 9.44782594e+01
 8.54618001e+01
 6.35200519e+01
 1.93036704e+02
 1.94507111e+02
 1.57376569e+02
 1.24524478e+02
 1.25333867e+02
 2.78051354e+02
 2.26899720e+02
 1.46370968e+02
 2.27642017e+02
 1.03486539e+02
 6.10366387e+01
 1.65287973e+02
 7.67372900e+01
 1.80423471e+02
 2.97327124e+01
 5.99418180e+00
 3.00958612e+02
 1.06237770e+02
 1.75977753e+02
 1.18386211e+02
 7.24718217e+01
 8.43643788e+00
 8.98630700e+01
 3.81700791e+01
 9.83759412e+01
 8.97037700e+01
 1.68736027e+01
 5.99102269e+01
 1.41475762e+02
 2.00366503e+02
 1.87013526e+02
 1.94638807e+02
 1.58611470e+02
 9.96670112e+01
 1.16220050e+02
 1.05414448e+02
 4.69561404e+01
 1.60648118e+02
 7.78500700e+01
 6.59397860e+01
 1.13373546e+02
 1.16405068e+02
 7.76055735e+01
 1.37479291e+02
 2.65020558e+02
 5.98711410e+01
 1.17121893e+01
 1.13881756e+02
 4.48971193e+01
 5.28411625e+01
 7.19586069e-01
 6.23630697e+01
 1.67912336e+02
 6.49602644e+01
 1.36557874e+02
 1.37690842e+02
 1.87780226e+02
 7.26766728e+01
 6.30966098e+01
 1.00964157e+02
 1.51722976e+02
 1.00190031e+02
 1.04611756e+02
 5.29747570e+00
 1.77716975e+02
 1.55263289e+02
 6.40935202e+01
 2.84856596e+02
 1.17223600e+02
 1.58199688e+02
 1.62372045e+02
 1.33668802e+02
 4.52924416e+01
 4.42664646e+01
 6.96669149e+01
 1.73842728e+01
 2.46557900e+02
 8.07011485e+01
 3.20470312e+02
 3.12048955e+02
 1.81712193e+02
 7.48520507e+01
 5.88852205e+01
 1.03467529e+02
 3.47052464e+01
 1.49349588e+02
 1.50045670e+02
 7.09435153e+01
 4.94016680e+01
 2.08283355e+02
 4.20687330e+02
 1.47439212e-02
 1.61525422e+02
 2.08833873e+02
 5.41827599e+01
 5.33417209e+01
 6.51917955e+01
 6.38687859e+00
 2.01501282e+01
 1.24103466e+01
 2.02123432e+02
 1.31734874e+02
 1.61849982e+02
 2.15278409e+02
 1.36799415e+02
 1.19882755e+02
 7.70240450e+01
 1.38077131e+02
 6.72836781e+01
 3.02185672e+01
 5.53209996e+00
 0.00000000e+00
 2.11813633e+02
 2.18163870e+02
 7.47607970e+02
 2.23650597e+02
 2.60924723e+02
 1.21794692e+02
 8.15635428e+01
 1.47588621e+02
 1.18188135e+02
 6.92915627e+01
 5.16007414e+01
 5.44805061e+01
 7.17324253e+01
 8.62444936e+01
 1.36315929e+02
 2.31475759e+02
 1.49529552e+02
 2.04198616e+02
 1.17744600e+02
 1.60899663e+02
 3.60894859e+01
 2.57449871e+02
 3.82526504e+01
 5.27380323e+01
 1.04422949e+02
 2.07843084e+02
 1.17073897e+02
 7.49573896e+01
 3.44528047e+01
 8.74495357e+01
 1.11013607e+02
 1.33533836e+02
 8.61277902e+01
 8.88218534e+01
 2.48969750e+00
 6.05584976e+01
 3.09859043e+02
 3.31464930e+02
 1.47708331e+02
 1.82948332e+02
 2.43887697e+02
 8.63272148e+01
 1.01180332e+02
 3.17499692e+01
 1.02451565e+01
 5.44850554e+01
 3.41589438e+01
 2.48951419e+01
 2.54473386e+02
 5.61391965e+01
 9.61377744e+01
 5.86916664e+01
 1.58977317e+02
 8.60896231e+01
 3.03434834e+01
 7.65050260e+01
 9.67493426e+01
 5.25522101e+01
 1.55438673e+01
 1.55792357e+02
 1.19137197e+02
 5.29179740e+01
 2.16455393e+02
 1.03200518e+02
