 3.88952672e+01
 2.11614636e+01
 3.59579229e+01
 1.02234452e+02
 4.48883351e+01
 2.54120387e+01
 1.11277269e+02
 1.39695024e+01
 5.78761194e+01
 6.58880796e+01
 9.19604811e+01
 4.49306532e+01
 1.73371595e+01
 6.01389433e+00
 4.57666413e+01
 2.89143371e+01
 8.68127810e+01
 4.02766043e+01
 1.14591483e+01
 5.10329022e+01
 3.91282744e+01
 5.57375796e+01
 1.11203309e+01
 2.35687085e+01
 6.13688737e+01
 3.80651231e+01
 1.22379053e+01
 2.14672710e+01
 5.46567208e+01
 1.61738465e+01
 6.25663117e+00
 6.68849333e+00
 6.14725939e+01
 5.84616504e+01
 4.31105603e+01
 4.57552847e+01
 2.65235895e+01
 3.69361134e+01
 2.78590824e+01
 1.13162652e+02
 5.72837808e+01
 5.79989970e+01
 1.11820020e+01
 8.12731483e+00
 1.95301799e+01
 3.55316903e+01
 4.85187388e+00
 4.79476226e+01
 4.19425258e+01
 2.98638116e+01
 1.46121155e+01
 3.95476718e+01
 6.43773854e+01
 6.00416223e+01
 3.69246921e+01
 2.50364245e+01
 1.04479810e+02
 4.68604985e+01
 3.11959825e+01
 9.00737308e+00
 1.24407819e+01
 5.47894622e+01
 7.81001488e+00
 7.10144336e+01
 3.47903161e+01
 6.12127460e+01
 3.34607402e+01
 1.18829120e+01
 2.96848684e+01
 9.85926457e+00
 7.97814962e+01
 5.05749165e+01
 3.75402839e+01
 1.48065026e+01
 5.81994599e+01
 4.64867632e+01
 1.43333627e+01
 9.98280739e+01
 2.36781600e+01
 6.99853281e+01
 4.95879128e+01
 5.07320086e+01
 5.67863971e+01
 8.41094648e+01
 9.00922285e+01
 3.39156944e+01
 3.84594733e+01
 6.59343606e+01
 4.91884675e+01
 4.85556311e+01
 1.15430986e+01
 5.22463958e+01
 6.38008690e+00
 6.31575972e+01
 3.33649909e+01
 3.50603042e+01
 2.22384189e+01
 2.87263639e+01
 1.11151621e+02
 3.33929922e+01
 1.40724547e+02
 7.45541370e+01
 1.15385981e+01
 2.71692001e+01
 1.41675378e+02
 4.88941317e+01
 1.03278389e+02
 2.95174098e+01
 2.25899908e+01
 2.09226837e+01
 2.45265303e+01
 6.55172734e+01
 9.93496554e+01
 1.02598512e+02
 1.28047639e+01
 7.26189312e+01
 4.42999351e+01
 3.87510955e+01
 3.48830594e+01
 2.53023568e+01
 2.02633056e+01
 2.96366116e+01
 2.23447816e+01
 4.67467997e+01
 1.13880320e+01
 8.86993718e+01
 4.06957030e+01
 8.43615995e+01
 3.45112722e+01
 3.82587891e+01
 1.39273748e+01
 5.28002767e+01
 4.10088301e+01
 4.43017217e+01
 6.61315715e+01
 5.93800717e+01
 1.25367428e+02
 6.25793037e+01
 7.13036375e+01
 4.26678706e+00
 7.95933560e+01
 5.57673279e+01
 7.13055973e+01
 2.63396917e+01
 4.21112230e+01
 2.48349629e+01
 7.76632344e+01
 1.00643719e+02
 4.54768802e+01
 5.09361063e+01
 1.32573698e+01
 9.24838646e+01
 9.79390433e+01
 9.91369154e+01
 2.03009635e+01
 4.64938624e+01
 2.91918104e+01
 4.89320897e+01
 3.71861177e+01
 6.33422183e+01
 1.40301379e+01
 4.33236514e+01
 3.07584587e+00
 1.11913952e+01
 5.85002532e+01
 8.80423034e+01
 4.50476302e+01
 3.49873633e+01
 7.06137284e+00
 3.16354195e+01
 2.72993331e+01
 6.50908886e+01
 9.73785200e+01
 1.13281579e+02
 3.57743077e+01
 9.35923243e+00
 1.03025147e+02
 1.66596034e+01
 3.47898073e+01
 5.68002951e+01
 3.02314620e+01
 8.77447828e+01
 7.06485814e+00
 5.63779286e+01
 1.03254587e+02
 7.25010071e+01
 1.20979004e+01
 7.87080697e+01
 3.23206653e+01
 5.06631675e+01
 1.50317472e+01
 7.98507734e+01
 4.49283779e+01
 1.95104117e+01
 2.90753944e+01
 6.38679679e+01
 3.79249025e+01
 5.34189779e+01
 1.70934910e+01
 4.60763758e-03
 2.94744648e+00
 6.57792201e+01
 4.86394418e+01
 2.41068042e+01
 4.00473811e+01
 1.46642245e+01
 6.82911990e+01
 7.63620679e+01
 7.47211570e+01
 8.40630813e+01
 1.63468709e+01
 1.04282264e+02
 5.25832571e+01
 1.26164904e+02
 4.01973199e+01
 3.91188862e+01
 1.11316269e+01
 4.73623250e+00
 5.92156821e+01
 5.05318152e+01
 9.03780968e+01
 2.72913261e+01
 4.31491615e+00
 6.85884580e+00
 3.93419666e+01
 9.31690405e+01
 3.59902879e+01
 5.84206430e+01
 2.02951269e+01
 2.93338308e+01
 6.70596011e+01
 5.90893323e+01
 1.05988626e+02
 6.13506262e+01
 1.89836261e+01
 4.46708255e+01
 2.00464551e+01
 2.42994984e+01
 9.68095986e+01
 5.08753423e+01
 4.30233748e+01
 5.09316414e+01
 3.33563580e+01
 7.46653501e+01
 1.03704505e+02
 7.78922865e+01
 8.08770441e+00
 2.89334906e+00
 5.26675864e+01
 7.41066491e+01
 8.02791832e+01
 9.01292848e+01
 6.37563345e+01
 4.45580464e+01
 3.62493185e+01
 4.57556925e+01
 1.25126826e+01
 2.13448648e+01
 1.47639484e+01
 1.85392877e+00
 1.17834740e+01
 5.78768811e+01
 6.82243301e+01
 3.21817063e+01
 5.39662100e+01
 5.76127696e+01
 4.48286485e+01
 9.67475044e+01
 4.60220452e+01
 3.81141401e+01
 1.05328020e+01
 3.40126358e+01
 2.36683920e+01
 4.67771681e+01
 1.20906462e+02
 2.03184369e+01
 4.18190162e+01
 2.63297003e+01
 4.89513190e+01
 1.00608782e+02
 1.08775477e+02
 1.62950912e+02
 6.31509031e+01
 5.24259575e+01
 6.88565734e+01
 3.54325236e+01
 3.50813978e+01
 1.11292579e+01
 3.00643554e+01
 5.47841299e+00
 1.43466705e+01
 2.13239499e+01
 5.37657621e+01
 9.75368974e+01
 1.81120092e+01
 4.10231098e+01
 1.91273822e+01
 6.43932778e+01
 8.93727707e+01
 8.76628150e+01
 2.86792098e+01
 4.62525290e+01
 6.62736580e+01
 6.26475036e+01
 7.64602301e+01
 9.31802618e+01
 2.05879013e+01
 3.94755494e+01
 4.91734282e+01
 4.03253861e+01
 8.48888161e+01
 2.87558022e+01
 5.95280297e+01
 5.37618609e+00
 4.74153636e+01
 6.66679773e+01
 1.62694580e+02
 7.17878292e+01
 3.99810491e+01
 1.85427581e+01
 2.42904442e+01
 9.41501991e+01
 5.61201552e+01
 6.09541804e+01
 1.98304459e+01
 6.27968569e+01
 1.98378695e+01
 6.78943869e+01
 4.38312114e+00
 1.32964127e+01
 2.91888799e+01
 1.74550298e+01
 5.98840012e+01
 9.56754605e+01
 3.39556660e+01
 3.44297456e+01
 5.25402883e+01
 7.40393666e+01
 5.47427551e+01
 3.92240772e+01
 7.47071257e+01
 5.09639520e+01
 9.41042204e-02
 1.20230594e+01
 2.71904054e+01
 4.77250511e+01
 2.87942317e+01
 5.69898688e+01
 4.86633411e+01
 4.30356057e+01
 6.93562920e+01
 5.93962907e+01
 5.83401091e+01
 1.50012930e+01
 1.08093673e+02
 3.37003053e+01
 1.57132085e+01
 3.82959867e+01
 4.69768069e+00
 5.02967410e+01
 1.14751467e+01
 2.08735720e+01
 3.74941974e+01
 4.78356922e+01
 3.19194037e+01
 1.13538612e+02
 6.96996108e+01
 4.89690579e+01
 1.03135432e+00
 3.90378798e+01
 3.72628674e+01
 7.17990937e+01
 4.80066272e+01
 3.07736082e+01
 7.48856984e+01
 3.00376289e+01
 9.05274036e+01
 3.81010564e+01
 5.25174424e+00
 2.08946023e+01
 2.07365987e+01
 2.15558690e+01
 1.17165176e+01
 4.57488537e+01
 5.19941587e+01
 3.41655129e+01
 5.83955133e+01
 2.67635632e+01
 1.10051362e+02
 3.70940061e+01
 3.65178037e+01
 7.39131559e+00
 4.55478821e+01
 1.10223703e+02
 3.47783904e+01
 2.35075408e+01
 3.47785575e+01
 1.27434561e+01
 8.27284335e+01
 7.04599141e+01
 1.00238344e+02
 5.33744370e+01
 4.93085569e-01
 7.49961267e+01
 1.43666730e+02
 3.42922364e+01
 3.75757406e+01
 3.43573991e+01
 7.73045250e+01
 7.78479051e+00
 8.00634598e+00
 1.30851593e+01
 2.15213169e+01
 4.86294416e+01
 1.11473683e+01
 1.81057126e+02
 3.68626122e+01
 3.91578109e+01
 9.72094213e+00
 8.99800121e+00
 5.06145500e+01
 2.41183636e+01
 7.13695457e+01
 5.08352704e+01
 2.73816964e+01
 6.19387907e+01
 3.42753428e+01
 4.67561066e+01
 2.50121607e+01
 5.80273572e+01
 1.38858773e+01
 3.59613796e+01
 2.39208066e+01
 2.93646783e+01
 6.62601138e+01
 2.76751974e+01
 5.20607246e+01
 2.37769889e+02
 6.81746624e+00
 5.13825594e+01
 5.29051427e+01
 2.10734381e+01
 5.77070648e+01
 3.16441221e+01
 4.57805557e+01
 3.02410466e+01
 4.26359451e+01
 3.64125802e+01
 9.13505053e+01
 3.88696730e+00
 4.67468693e+01
 5.24599774e+00
 1.84578611e+01
 2.90769339e+01
 4.91535364e+01
 2.25350154e+01
 2.97461079e+01
 2.10628198e+01
 2.06130797e+01
 1.13453934e+02
 1.87886221e+02
 3.05804816e+01
 4.90260065e+01
 3.64657149e+01
 1.29589412e-01
 2.36518538e+01
 2.08010338e+01
 2.70745229e+01
 7.12457097e+01
 2.63771509e+01
 2.53948197e+01
 5.06280918e+01
 5.47447185e+01
 1.34912873e+02
 6.57603411e+01
 6.76249214e+01
 7.43201993e+00
 1.44322152e+01
 6.62001209e+01
 5.80209846e+01
 8.58829195e+00
 1.73389359e+01
 6.17116906e+01
 8.40741611e+00
 6.00969650e+01
 3.99445961e+01
 2.83034338e+01
 3.36123343e+01
 1.09569223e+02
 6.58127198e+00
 4.28716038e+01
 2.86524845e+01
 2.53382097e+01
 2.28610860e+01
 9.72588641e+01
 8.01744576e+01
 1.85313114e+01
 3.49279492e+01
 6.30956013e+01
 1.19935778e+01
 7.90309156e+01
 3.63336915e+01
 6.74307409e+01
 1.10292798e+02
 1.32602515e+01
 3.92258647e+01
 7.21381226e+00
 8.13319555e+01
 7.24694442e+01
 4.91858518e+01
 4.77341568e+01
 2.39917402e+01
 6.53252247e+01
 5.32926050e+01
 3.44696805e+01
 2.22691757e+01
 2.42764417e+01
 4.32398681e+01
 6.74004157e+01
 2.53207197e+01
 6.81598211e+01
 1.00632964e+01
 1.64228778e+00
 1.02906219e+01
 7.61330691e+01
 3.94323008e+01
 6.83872401e+00
 9.99296647e+01
 5.70145648e+01
 5.46345866e+01
 2.83358812e+01
 4.97479810e+01
 6.91474643e+01
 5.89984070e+01
 2.31847720e+01
 2.25708707e+01
 8.43171512e+00
 9.58889410e+01
 1.04664952e+02
 3.06038567e+01
 7.09897065e+01
 3.08212414e+01
 2.73794943e+01
 2.44361440e+01
 8.77904902e+01
 4.84973324e+01
 6.83737376e+00
 1.32893811e+01
 5.72621413e+01
 7.93543368e+00
 8.25537258e+01
 2.21691345e+01
 8.69606164e+01
 2.18344232e+01
 3.59082677e+01
 1.19371156e+02
 5.28880308e+01
 4.86397294e+01
 9.31746372e+00
 1.56921156e+01
 1.08102952e+02
 3.44232878e+01
 2.32747328e+01
 3.44059192e+01
 3.47708854e+00
 2.09461868e+01
 3.59935444e+01
 6.77350779e+01
 8.79597136e+01
 8.10660208e+01
 1.26121721e+01
 8.03558852e-01
 5.51041962e+01
 7.68093514e+01
 6.50997949e+01
 8.62812283e+01
 3.80854148e+01
 9.32986264e+01
 8.98261403e+01
 5.25825169e+01
 6.77713683e+01
 1.21344742e+02
 1.14237417e+02
 1.95644074e+00
 1.95985919e+01
 2.77013154e+01
 9.16986672e+01
 5.40467439e+01
 6.82251105e+01
 5.66321668e+01
 3.93044430e+01
 5.24909174e+01
 5.30714512e+01
 6.18807229e+01
 3.24848970e+01
 5.80164902e+00
 1.37163606e+02
 5.44465679e+01
 3.26626713e+01
 6.04657156e+01
 6.70730137e+01
 4.17608515e+01
 4.35392251e+01
 5.66966552e+01
 8.64213173e+01
 5.92362225e+01
 5.76187733e+01
 1.56882302e+01
 1.20019189e+02
 2.98764334e+01
 2.88831839e+01
 1.90014003e+01
 3.86588104e+01
 5.72808532e+01
 5.16617678e+01
 4.94772748e+01
 7.23613885e+01
 1.25514614e+02
 1.17069470e+02
 6.51116515e+01
 7.01650398e+01
 7.47471831e+01
 3.18513992e+01
 1.76293944e+01
 4.63283320e+01
 8.97215134e+01
 6.49818278e+01
 6.81913546e+01
 9.23968510e+01
 7.34544227e+00
 5.64275362e+00
 1.34801070e+01
 5.57796556e+01
 9.22220930e+01
 1.11166404e+01
 4.11975511e+01
 2.15580808e+01
 1.76755598e+01
 5.16204583e+01
 6.50013636e+01
 2.46018170e+01
 8.69987172e+00
 2.57277026e+00
 9.61131690e+01
 1.06487286e+01
 9.77524738e+01
 6.86156932e+01
 5.55993761e+01
 1.21276779e+01
 4.56699997e+01
 4.34001203e+01
 2.70688007e+01
 3.43774059e+01
 4.24426070e+01
 1.08079836e+02
 6.54054027e+01
 4.34008235e+01
 3.39034596e+01
 1.13492689e+02
 1.46799798e+01
 5.83221802e+01
 5.68375469e+01
 4.63455739e+01
 5.62297559e+01
 7.23944108e+01
 8.09240575e+01
 3.70997570e+01
 2.35195502e+01
 8.99136644e+01
 6.67400478e+01
 2.11225021e+01
 5.92965960e+01
 3.32821017e+01
 6.46238781e+01
 2.43554896e+01
 4.51355003e+01
 2.85397298e+01
 1.41559210e+01
 6.82165797e+00
 6.04747287e+01
 2.67851618e+01
 5.21614187e+01
 7.61991555e+00
 3.64300739e+01
 8.64373461e+01
 3.52193225e+01
 5.96143758e+01
 1.23717904e+01
 1.00751831e+02
 5.85339123e+01
 9.21846993e+00
 1.25233218e+01
 1.74206092e+00
 1.22501534e+02
 6.48110499e+01
 7.67906723e+01
 4.65630592e+01
 4.90384982e+01
 7.55757609e+01
 7.38895547e+01
 1.15900195e+02
 1.24547953e+02
 2.90862882e+01
 5.78785766e+01
 1.12356088e+02
 1.16785599e+02
 1.25319411e+02
 4.46613593e+01
 8.19539346e+01
 8.73915019e+01
 1.27056700e+02
 5.28128595e+01
 1.27245246e+02
 5.98868536e+01
 3.47544632e+01
 2.88853214e+01
 8.39330088e+01
 9.20506224e+00
 3.39319787e+01
 2.85643236e+01
 3.73183019e+01
 3.08077406e+01
 7.73078818e+01
 4.16200358e+01
 1.63211590e+01
 1.38138989e+02
 8.94373562e+01
 4.41971910e+01
 2.85580216e+01
 1.53300640e+01
 6.80453885e+01
 4.77366902e+01
 2.50245881e+01
 9.89861484e+00
 3.31508408e+01
 6.74925192e+01
 1.63982527e+02
 7.28794563e+01
 4.32749103e+00
 1.84239719e+01
 9.51989688e+00
 6.31674472e+00
 6.28222537e+01
 1.64254657e+01
 6.12317079e+01
 3.17764621e+01
 8.66619189e+00
 4.81106087e+01
 1.79940682e+02
 3.50563927e+01
 3.91318896e+01
 6.58256610e+00
 6.25002456e+01
 1.97515405e+01
 4.83053779e+01
 5.32934089e+01
 4.39343184e+01
 2.76500029e+00
 7.14162826e+01
 9.30856636e+01
 1.45147623e+02
 9.69772765e+01
 2.93547782e+01
 3.73551097e+01
 3.14084795e+01
 4.54264406e+01
 6.47535291e+01
 1.07819441e+01
 3.54283142e+01
 1.02241473e+01
 2.72837404e+01
 1.03689700e+02
 9.50638125e+01
 3.22325853e+01
 5.98090139e+00
 2.85203369e+01
 1.26707183e+01
 8.29235137e+00
 1.43521058e+01
 4.71751652e+01
 4.49950072e+01
 7.79434806e+01
 7.64017274e+01
 3.83115638e+01
 3.27823339e+01
 4.51116292e+01
 8.03085021e+00
 9.02049661e+01
 3.15644717e+01
 1.66201720e+01
 5.81503003e+01
 5.45113165e+01
 2.83640754e+01
 2.07582327e+01
 4.03918448e+01
 1.15271176e+02
 5.90422737e+01
 1.52508284e+01
 6.09630474e+01
 4.50121029e+01
 1.12679920e+01
 2.13700906e+01
 8.42121545e+01
 5.13403534e+01
 3.17755146e+01
 3.71141928e+01
 2.26319337e+01
 9.65112259e+01
 4.16862693e+01
 7.20748722e+01
 6.75015970e+01
 2.87974820e+01
 2.50315150e+01
 6.31270889e+01
 2.91485246e+01
 1.68177954e+01
 2.14288174e+01
 4.97704949e+01
 3.77230514e+01
 5.79638056e+01
 4.68328841e+01
 4.17027715e+01
 4.92465952e+01
 3.14704238e+01
 1.61082044e+01
 7.13793286e+01
 4.57091290e+01
 2.97106642e+01
 3.86664668e+01
 4.68977654e+01
 3.70210550e+01
 1.05764702e+02
 6.35482473e+01
 4.41442470e+01
 1.70681421e+01
 2.43887044e+01
 2.97628845e+01
 1.12449146e+02
 9.60995089e+01
 3.71067751e+01
 2.40303555e+01
 2.87169887e+01
 2.75261117e+01
 1.30916599e+01
 1.93636516e+01
 1.16146162e+02
 4.77311654e+01
 1.12331421e+00
 1.58873999e+01
 8.02232559e+01
 2.57420526e+01
 1.33880650e+02
 1.07006705e+02
 2.96059561e+00
 4.83868610e+01
 4.11245365e+01
 1.25880438e+02
 6.27796035e+01
 3.41506182e+00
 3.48240229e+01
 4.73438798e+01
 4.92745408e+01
 6.21342530e+01
 2.70515052e+01
 3.02899939e+01
 6.29476664e+01
 4.97052240e+01
 4.48381507e+01
 1.58282524e+02
 3.18456542e+01
 4.05807199e+00
 2.91876936e+01
 3.81068722e+01
 6.05016269e+01
 3.14208088e+01
 1.89189725e+01
 2.29059461e+01
 3.67044343e+00
 2.41067409e+01
 3.73240941e+01
 7.62979444e+01
 6.34898629e+01
 1.03653508e+01
 5.51687258e+00
 1.38960622e+02
 2.68827373e+01
 5.47534560e+01
 4.41723877e+01
 6.28692929e+01
 1.90733476e+01
 1.65658445e+01
 9.01708484e+01
 1.05681000e+02
 5.07893009e+01
 2.35624383e+01
 7.57649777e+00
 8.11245223e+00
 3.48122838e+01
 5.98815494e+01
 9.91988091e+01
 1.95117123e+01
 4.29447662e+01
 3.77975294e+01
 1.13916229e+01
 3.90001999e+01
 5.82302873e+01
 6.99157514e+01
 2.96586168e+01
 3.36932980e+01
 3.67133626e+01
 1.19117319e+02
 3.61706068e+01
 6.91055652e+01
 2.90187991e+01
 5.69156685e+01
 8.58352409e+01
 9.16037996e+01
 1.12347874e+02
 5.82645642e+01
 1.16945027e+01
 5.05548942e+01
 2.09634019e+01
 4.20010641e+01
 5.47564941e+01
 3.12535378e+01
 8.68363086e+01
 6.62095573e+01
 2.74676722e+01
 1.02555039e+02
 5.97384971e+01
 7.30004755e+00
 4.98051629e+01
 4.21389537e+01
 1.67942686e+01
 1.43626239e+02
 1.32567632e+01
 5.27389044e+01
 4.29017029e+01
 1.74780865e+02
 6.10312490e+01
 6.65484913e+01
 4.51111388e+01
 8.47775583e+00
 9.99680170e+01
 2.52936142e+01
 6.85251954e+01
 1.76602361e+01
 6.41288023e+01
 2.80534452e+01
 4.32791205e+01
 2.44137683e+01
 8.92915532e+01
 4.74356895e+01
 2.59865561e+01
 1.44034171e+02
 3.50392426e+01
 5.21455568e+01
 6.54377185e+01
 4.62301591e+01
 1.36216137e+01
 2.51700191e+01
 2.86076363e+01
 4.45320124e+00
 2.37032110e+01
 8.27203850e+01
 1.43092069e+01
 3.99816142e+01
 1.02181609e+01
 5.88922717e+01
 8.49069009e+01
 2.31323381e+01
 4.93772325e+01
 4.84699819e+01
 2.37299228e+01
 2.21177960e+01
 4.40152542e+01
 5.07057340e+01
 1.26172570e+01
 7.43124574e+00
 7.47216149e+01
 7.49767122e+01
 5.57987327e+01
 8.03088489e+01
 8.27612122e+01
 5.08506463e+01
 8.97888763e+01
 5.55711381e+01
 8.17494151e+01
 4.57220529e+01
 3.83702939e+01
 1.76238342e+01
 5.29246243e+00
 4.48081928e+01
 4.76132001e+01
 1.55502136e+01
 8.13733211e+01
 9.82209830e+01
 1.44851451e+01
 1.13612517e+02
 3.30780941e+01
 2.20130411e+01
 1.06893079e+01
 1.15398195e+02
 2.02187440e+01
 4.85069318e+01
 4.88687779e+01
 4.29487524e+01
 2.25402747e+01
 1.37415546e+01
 3.10943517e+01
 2.76815620e+01
 1.10784244e+01
 1.65353630e+01
 4.33472255e+01
 2.11336592e-01
 7.94950749e+01
 2.51174237e+01
 5.13583067e+01
 7.67323416e+01
 1.61155711e+01
 6.15320217e+01
 4.06094521e+01
 1.91051418e+01
 3.80412607e+01
 5.71920803e+01
 2.42051201e+01
 3.55912454e+01
 4.84698065e+00
 6.61490122e+01
 5.03495679e+01
 3.11266440e+01
 2.30582053e+01
 3.57497870e+01
 1.07583861e+02
 4.03790680e+01
 3.50951957e+01
 1.02733970e+01
 5.58586005e+01
 4.93494244e+00
 8.29562960e+00
 8.95232914e+00
 1.17882604e+02
 1.20696171e+02
 5.28686355e+01
 3.39563474e+01
 5.05007445e+01
 1.45139838e+02
 8.72920167e+01
 1.19914454e+02
 1.34904472e+02
 1.04954967e+02
 3.97922452e+01
 1.18238071e+02
 2.33080575e+01
 4.66458082e+01
 4.78220814e+01
 6.93778310e+01
 2.48422347e+01
 1.14833718e+02
 3.04534007e+01
 2.92999708e+01
 7.23787518e+01
 3.56465083e+01
 4.45108004e+01
 4.10072223e+01
 4.54378410e+01
 1.68389839e+01
 8.52197016e+01
 1.51171670e+01
 7.05750472e+01
 3.02972410e+01
 2.64146430e+01
 7.02401035e+01
 3.68261289e+01
 9.34390944e+01
 2.42818594e+01
 2.05060256e+02
 4.00365337e+01
 6.67720616e+01
 7.92774435e+01
 1.38303162e+02
 1.10160006e+01
 5.52875888e+01
 7.86368179e+01
 1.56440623e+02
 8.63499673e+01
 1.26396671e+01
 8.06891780e+01
 3.22278823e+01
 3.44999874e+01
 9.40924004e+01
 4.20813383e+01
 4.39141240e+01
 7.77202081e+01
 8.35276430e+01
 4.18745136e+01
 8.13135030e+01
 5.60923519e+01
 9.49816794e+00
 9.00314785e+00
 1.98723627e+01
 6.01752675e+01
 6.84796376e+01
 1.03186711e+02
 3.25236390e+01
 4.96867578e+01
 3.19874385e+01
 1.64610132e+01
 7.55291263e+01
 9.31233280e+00
 1.12238599e+02
 2.13221405e+01
 9.70191064e+01
 1.38643736e+01
 4.01565555e+01
 4.63309044e+01
 2.68150119e+01
 7.13574471e+01
 5.02518846e+01
 5.99146993e+01
 4.45809521e+01
 1.03434195e+02
 5.11700339e+01
 8.87134480e+01
 1.11334443e+02
 1.00008679e+02
 6.55978073e+01
 1.20529405e+02
 4.00636755e+01
 4.88121464e+00
 4.20934305e+01
 3.84321382e+01
 1.19598954e+01
 7.10324395e+01
 4.25380963e+01
 1.11488128e+02
 4.11458239e+01
 7.18603832e+01
 8.97389709e+00
 1.20293318e+02
 1.03640085e+01
 8.43817189e+01
 4.42515331e+01
 7.10893615e+01
 1.96020900e+01
 1.80907664e+01
 1.30702759e+01
 6.53368296e+01
 8.60268041e+01
 3.17970756e+01
 4.97854048e+00
 7.74899575e+00
 7.76056134e+01
 3.51479266e+01
 9.00293214e+01
 2.71740756e+01
 1.93601348e+02
 1.76376589e+02
 3.04050799e+01
 2.47912202e+01
 8.00861302e+00
 5.96112188e+01
 7.33304666e+01
 2.69359759e+01
 7.40087028e+01
 1.24353776e+02
 6.36240261e+01
 1.88010612e+01
 2.33056581e+01
 1.08774012e+02
 4.98474810e+01
 2.10307157e+01
 6.75799839e+01
 9.78478087e+01
 1.35152040e+01
 4.50565598e+01
 9.02598161e+00
 5.94391352e+01
 5.77908225e+01
 1.60074758e+01
 2.71449888e+01
 2.59494458e+01
 3.83143603e-01
 2.70113552e+01
 6.10759926e+01
 2.82148515e+01
 1.36951401e+02
 6.52551508e+01
 5.93555469e+01
 6.24216703e+01
 2.28960438e+01
 5.11540300e+01
 3.26246205e+01
 3.00123463e+00
 9.70394946e+00
 1.85652313e+01
 2.59894911e+01
 2.71925052e+01
 3.16840042e+01
 5.82245262e+01
