 2.92869675e+01
 1.98895323e+01
 3.22208259e+01
 7.64817583e+01
 4.78272116e+01
 5.58049506e+01
 3.70791485e+01
 5.99066058e+00
 9.73865984e+01
 1.35489883e+01
 1.04078447e+02
 4.20516679e+01
 3.06334248e+01
 8.21306551e-01
 5.53056102e+01
 2.40101576e+01
 6.48707466e+01
 5.18662555e+01
 3.87503915e+01
 7.09270456e+00
 2.44231876e+01
 1.18751892e+02
 1.21869494e+01
 3.77396284e+01
 5.71444275e+01
 1.81482218e+01
 1.95872865e+01
 2.25547962e+01
 9.00444928e+01
 8.70135971e+01
 1.14704854e+02
 1.49187227e+01
 1.20971969e+02
 5.49682986e+01
 5.38040138e+01
 2.64203035e+01
 3.35619873e+01
 3.39534815e+01
 2.94169495e+01
 8.61510396e+01
 2.72527180e+01
 7.99364158e+01
 2.38976964e+01
 3.01788738e+01
 6.81911142e+01
 2.47739685e+01
 1.55684164e+01
 6.72523172e+01
 3.13165642e+01
 3.65601942e+01
 1.84349545e+01
 9.99818949e+00
 4.16863327e+01
 2.46513095e+01
 3.25143384e+01
 4.73915980e+01
 1.11393368e+02
 7.82592189e+01
 6.94032615e+01
 2.77465761e+01
 1.40998583e+01
 7.66430451e+01
 4.17924590e+01
 8.26065412e+01
 4.54430053e+01
 1.80892070e+01
 4.43168858e+01
 8.48079510e+01
 8.07588879e+01
 8.55522642e+00
 5.64687077e+01
 1.99737247e+01
 2.49009664e+01
 4.14237116e+01
 5.62549791e+01
 2.36208148e+01
 2.91229596e+01
 4.29705160e+01
 3.29947961e+01
 4.26718565e+01
 3.45580668e+01
 4.10967401e+01
 4.33202520e+01
 8.48937076e+01
 5.63792634e+01
 1.89031143e+01
 2.54937915e+01
 5.90131502e+01
 5.22241113e+01
 2.51248802e+01
 2.94554211e+01
 1.53803575e+01
 3.08785455e+01
 6.95855675e+01
 6.93408939e+01
 3.30771789e+01
 2.67032706e+01
 2.66559093e+01
 1.01719114e+02
 1.04330657e+01
 6.52669605e+01
 3.74713167e+01
 2.08126361e+01
 6.63679503e+01
 1.27060811e+02
 2.98542537e+01
 3.63941830e+01
 3.06267891e+01
 1.94823915e+01
 5.01559874e+01
 1.85531598e+01
 7.34194635e+01
 7.38187686e+01
 4.04539051e+01
 7.27120201e+01
 1.05309930e+02
 8.83022330e+01
 4.41996416e+01
 3.23448711e+01
 3.80671497e+01
 2.07033210e+01
 1.53179363e+01
 2.28855496e+01
 1.18015412e+01
 1.30439794e+02
 9.97085437e+01
 5.16955988e+01
 6.73632132e+01
 5.81326905e+01
 3.63224689e+01
 2.43529698e+01
 3.95828426e+01
 3.76711332e+01
 3.18379173e+01
 1.87906104e+01
 7.57565718e+01
 9.93464204e+01
 7.72874693e+01
 8.05202324e+01
 5.27108174e+01
 7.81098094e+01
 2.88901787e+01
 4.49376806e+01
 4.81866469e+01
 1.42679356e+01
 3.63651420e+01
 3.69904541e+01
 8.65561370e+01
 2.09046873e+01
 5.38435475e+01
 8.45658038e+01
 1.69191046e+02
 4.57142964e+01
 4.24506929e+01
 2.58241565e+01
 4.26711793e+01
 3.71988117e+01
 2.79586815e+01
 4.67109433e+01
 3.25156372e+01
 4.09384689e+01
 8.87606456e+01
 1.34073549e+01
 1.07724937e+01
 8.80110929e+01
 8.63856252e+01
 7.03890834e+01
 3.42708118e+01
 1.90080384e+01
 3.00676911e+01
 2.73296661e+01
 6.24829187e+01
 7.10648081e+01
 1.65791063e+02
 7.85359231e+01
 3.89226234e+01
 1.57077499e+01
 6.18783087e+00
 4.58543501e+01
 6.08683604e+01
 1.86932110e+01
 3.49842082e+01
 6.76725926e+00
 1.02687954e+01
 6.49593338e+01
 1.03684627e+02
 3.95445366e+01
 7.01620641e+01
 3.95501259e+01
 5.37286912e+01
 1.57519832e+01
 4.09694401e+01
 3.78978898e+01
 1.34848423e+01
 2.25505789e+01
 2.58201984e+01
 8.72973093e+01
 5.15194050e+01
 6.40418959e+01
 1.59469153e+01
 4.29307135e+01
 6.46743570e+01
 9.59551506e+01
 1.46673711e+01
 2.69874143e+01
 1.99466706e+01
 5.28228681e+01
 5.45047115e+01
 1.47676123e+02
 7.62292184e+01
 3.09247985e+01
 6.13783546e+01
 6.65994238e+01
 1.23216790e+02
 4.04787334e+01
 2.17732543e+01
 2.18022012e+01
 1.03309507e+01
 4.23006749e+01
 5.35536662e+01
 9.23914138e+01
 1.60683818e+01
 1.16228396e+01
 1.48530423e+01
 6.65128549e+01
 1.27518593e+02
 2.67037817e+01
 7.51575354e+01
 1.72057391e+01
 1.50442274e+01
 2.58021246e+01
 4.88853998e+01
 3.59620251e+01
 6.94785572e+01
 4.10605364e+01
 5.65693827e+01
 1.07776035e+02
 3.46957071e+01
 2.70070884e+01
 7.39368362e+01
 4.49538535e+01
 4.60558047e+01
 2.47268564e+01
 4.01260459e+01
 9.14706971e+01
 2.01774234e+01
 6.71869206e+01
 1.72318992e+01
 4.76431342e+01
 2.83914632e+01
 5.37647204e+01
 6.99222944e+01
 5.61725598e+01
 7.53796002e+01
 7.96614056e+00
 9.49099562e+00
 4.62021136e+01
 1.20716464e+02
 7.96044412e+01
 5.01494269e+01
 3.02792564e+01
 6.77198325e+01
 3.47756157e+01
 2.45442594e+01
 5.01301631e+01
 3.84111123e+01
 4.53920444e+01
 5.85672696e+01
 8.31352731e+01
 3.04029120e+01
 4.56440574e+01
 6.11064639e+01
 7.82701888e+01
 7.67080045e+01
 8.33178379e+01
 3.66496785e+01
 4.50783132e+01
 3.24468914e+01
 4.91589092e+01
 7.10314211e+01
 9.62365958e+01
 6.80803960e+01
 3.27585854e+01
 7.82642761e+01
 3.37612716e+01
 6.28902911e+01
 2.62035864e+01
 1.36695869e+01
 2.17059601e+01
 2.83794819e+00
 4.98859258e+01
 2.95646428e+01
 4.74740222e+01
 9.30339138e+01
 4.24795107e+01
 9.45480158e+01
 1.85462982e+01
 6.89347000e+01
 1.01218588e+02
 5.91671425e+01
 4.83311791e+01
 4.97099220e+01
 1.50032296e+01
 7.69849900e+01
 6.84856592e+01
 7.51142105e+01
 3.58772916e+01
 9.29497916e+01
 7.71098573e+01
 7.82957393e+01
 9.08515459e+01
 3.45135486e+01
 4.86652411e+01
 3.03824296e+00
 2.44033885e+01
 8.11611941e+01
 1.16436541e+02
 7.67194607e+01
 4.01652684e+01
 1.22138499e+01
 3.57299261e+01
 6.76112409e+01
 2.12310396e+01
 4.44391525e+00
 1.27967191e+01
 3.92429607e+01
 1.84467959e+01
 5.79339089e+01
 3.79073049e+01
 1.04437744e+02
 5.81854237e+01
 5.73140662e+00
 3.86987707e+01
 1.59799464e+02
 5.10731614e+01
 5.63273621e+01
 7.34038902e+01
 4.54968137e+01
 3.70154425e+01
 4.94865960e+01
 4.97392791e+01
 8.77881384e+01
 4.68647810e+01
 2.81495523e+01
 3.45005531e+01
 5.64274960e+01
 7.52557164e+01
 5.37098074e+01
 3.29533477e+01
 3.13587095e+01
 6.08311482e+01
 4.85331320e+01
 7.83500814e+01
 1.07248551e+02
 1.15249064e+02
 1.34023672e+02
 5.09575069e+01
 1.26178584e+02
 1.27577987e+01
 7.66423935e+01
 2.97675763e+01
 1.62765256e+01
 8.80787166e+01
 2.93937306e+01
 8.29722177e+01
 3.20487050e+01
 8.34377160e+01
 5.90496157e+01
 1.60175301e+01
 7.06721898e+01
 2.43956319e+01
 7.12917401e+01
 5.62908515e+01
 3.02826577e+01
 2.88601454e+01
 2.04473138e+01
 3.48655882e+01
 1.83496407e+01
 1.81213000e+01
 7.24659802e+01
 4.21147478e+01
 5.34659258e+01
 2.48584221e+01
 6.06896269e+01
 6.02614821e+01
 6.34550967e+01
 3.73047651e+01
 2.12885911e+01
 1.35930215e+02
 5.60024780e+01
 1.08773266e+02
 1.36753188e+01
 7.87073328e+01
 1.20453928e+02
 3.71963295e+01
 4.28932393e+01
 4.41087304e+01
 1.16257106e+01
 4.34020739e+01
 3.86770873e+01
 1.21170061e+02
 1.28140609e+02
 6.66292200e+01
 2.44136392e+01
 1.51828197e+02
 5.81033113e+01
 9.44945274e+00
 2.70199786e+01
 1.53555482e+01
 2.07026566e+01
 2.58587254e+00
 6.62449211e+01
 4.89802098e+01
 4.10298865e+01
 2.72046218e+01
 1.04350939e+02
 5.17726380e+01
 4.21358314e+01
 1.76570937e+01
 4.42127716e+01
 1.04438255e+02
 4.29068779e+01
 4.13263273e+01
 5.06405483e+01
 8.21240837e+01
 6.19144905e+01
 8.57095988e+01
 5.24279940e+01
 8.92331649e+01
 6.65076738e+01
 1.25898356e+01
 2.31546997e+01
 4.32118766e+01
 3.39365263e+01
 6.40706455e+01
 9.84036606e+01
 6.09008712e+01
 5.77024443e+01
 4.30943060e+01
 4.83853068e+01
 1.24846196e+01
 1.87362123e+01
 4.70093727e+01
 2.06180296e+01
 1.23124393e+01
 2.26652000e+01
 3.41841539e+01
 1.13223152e+02
 3.31561025e+01
 7.08360201e+01
 6.76626939e+01
 3.02793328e+00
 5.26685883e+00
 2.96098678e+01
 7.85224658e+00
 3.97816901e+01
 1.01550242e+02
 5.13887432e+01
 4.96609669e+01
 5.91805594e+01
 9.14807139e+01
 3.39076927e+01
 3.05390496e+01
 6.58998978e+00
 7.39160567e+01
 1.23611527e+02
 2.26845363e+01
 3.86260074e+01
 6.51462230e+01
 4.43171895e+01
 6.82440674e+01
 1.04114157e+02
 1.05614653e+02
 6.34563028e+01
 1.53854621e+01
 8.69958700e+01
 4.67611704e+01
 2.96181745e+01
 4.78865227e+01
 2.46768869e+01
 2.74279169e+01
 4.33794475e+01
 4.24755741e+01
 8.44065465e+01
 5.81204315e+01
 1.67660263e+02
 2.16818024e+01
 3.83814607e+01
 1.16814742e+02
 5.42639222e+01
 1.06379487e+02
 2.22311207e+01
 4.54812211e+01
 5.42672329e+01
 4.15202614e+01
 4.63943103e+01
 4.66585598e+01
 9.64346289e+01
 2.96879364e+01
 8.15781831e+01
 9.30960457e+01
 5.78539146e+01
 6.37035433e+01
 3.93353825e+01
 3.91042898e+01
 4.18420407e+01
 4.05571170e+01
 1.17080291e+02
 5.26530406e+01
 8.53230039e+01
 4.79780433e+01
 1.87012461e+02
 6.47446039e+01
 9.69617512e+01
 3.15127407e+01
 4.78520977e+01
 2.84662944e+01
 3.02506748e+01
 4.91238310e+01
 1.56345464e+01
 3.93068643e+01
 3.63467024e+01
 6.65686174e+01
 1.31073188e+01
 1.45393019e+01
 4.23246450e+01
 1.79042563e+01
 2.03345169e+01
 1.27823078e+01
 2.80589358e+01
 2.21052141e+01
 4.39270871e+01
 5.82896305e+01
 1.44848132e+02
 8.98524880e+01
 3.99415130e+01
 9.77438108e+00
 1.31298754e+02
 4.24224276e+01
 5.03277706e+01
 3.94462176e+01
 4.05677353e+01
 3.86003296e+01
 8.56769644e+01
 7.10437660e+01
 4.15715533e+01
 4.19904271e+01
 5.24599493e+01
 5.33032150e+01
 3.47043816e+01
 1.43747495e+02
 6.31344943e+01
 2.65432211e+01
 1.01868211e+01
 6.95492956e+01
 5.44954328e+01
 1.34019151e+02
 9.70883388e+01
 1.30285167e+02
 5.18061343e+01
 2.24613791e+01
 7.19956976e+01
 4.93959017e+01
 3.45818854e+01
 2.01018043e+01
 3.23789499e+01
 5.11509795e+01
 5.76943819e+01
 6.65946484e+01
 6.28195003e+01
 2.44908528e+01
 6.00197636e+01
 4.36083275e+01
 3.45632744e+01
 4.02612198e+01
 5.28090706e+01
 4.52860252e+01
 2.40473704e+01
 1.32122016e+01
 3.20632054e+01
 7.87164446e+01
 1.65482410e+01
 1.78672623e+02
 6.11686450e+01
 3.26595783e+01
 1.37137209e+02
 3.61457426e+01
 3.41670386e+01
 3.56604373e+01
 2.57122794e+01
 1.48509814e+01
 9.41348715e+01
 1.03766662e+02
 7.95255663e+01
 8.48466930e+01
 2.78010912e+01
 5.18567740e+01
 2.94740930e+01
 2.79383362e+01
 7.96156906e+01
 5.02004121e+01
 2.92514227e+01
 3.37708345e+01
 4.99943492e+01
 1.41062789e+02
 2.75580859e+01
 7.47827632e+01
 5.84798960e+01
 5.19581804e+01
 2.17840360e+01
 1.61133530e+01
 6.55213412e+01
 1.03959154e+02
 1.45623805e+01
 6.58654346e+01
 2.08486347e+01
 8.72214915e+01
 9.34609539e+01
 7.11614731e+01
 8.05141911e+01
 9.71431816e+01
 6.10733198e+01
 1.94412124e+01
 5.11500051e+01
 1.26182053e+00
 7.75270614e+01
 2.55048704e+01
 1.93717772e+01
 3.12108715e+01
 8.64311282e+01
 8.51864844e+01
 7.17657790e+01
 9.83142676e+01
 7.33646415e+01
 7.99887786e+01
 9.53100521e+01
 3.56471490e+01
 5.00730424e+01
 3.32418421e+01
 3.50282995e+01
 7.40384073e+01
 1.72169894e+02
 1.05420621e+02
 3.22198393e+01
 1.86087755e+01
 4.06944850e+01
 6.58349486e+01
 5.46469720e+01
 3.88455316e+01
 7.01528457e+01
 1.86480233e+01
 3.31156476e+01
 8.06997015e+01
 5.12512685e+01
 8.45788424e+00
 1.04868509e+02
 2.80361970e+01
 2.89091673e+01
 3.44552790e+01
 4.18322728e+01
 2.29553529e+01
 5.65842190e+01
 1.12717195e+01
 6.24271753e+01
 7.72430942e+01
 8.43065735e+01
 1.03815265e+02
 9.71265509e+00
 2.23083219e+01
 1.16973102e+02
 4.55657843e+01
 1.19262434e+01
 2.15970908e+01
 1.45320973e+01
 5.76123618e+01
 3.79942375e+01
 1.24359113e+02
 7.81308092e+01
 2.92323087e+01
 4.03428960e+01
 3.50783614e+01
 2.30479790e+01
 2.57919118e+01
 4.14687548e+01
 4.48399466e+01
 2.79156996e+01
 6.37983407e+01
 3.82225880e+01
 3.73227938e+01
 7.00344958e+01
 1.49993893e+01
 1.48216850e+01
 6.97718521e+01
 2.73746199e+01
 3.12536589e+01
 6.61293937e+01
 8.69850250e+01
 5.96671339e+01
 5.73211781e+01
 5.97562201e+01
 6.58146978e+01
 9.21049527e+01
 5.79174355e+01
 1.48247446e+01
 3.48923618e+01
 3.94230952e+01
 5.49870424e+01
 5.82674484e+01
 3.78685873e+01
 1.58536783e+01
 2.46077754e+01
 4.82156218e+01
 5.89083770e+01
 4.13528281e+01
 7.20855613e+01
 3.80874245e+01
 1.79017976e+01
 1.90345127e+01
 3.97225846e+01
 4.81678703e+01
 1.80712075e+01
 1.09828274e+01
 3.79957021e+01
 5.74378768e+01
 4.39235026e+01
 9.65400335e+01
 9.15208395e+01
 6.77318030e+01
 4.45992979e+01
 1.62384376e+01
 6.21171335e+01
 3.92580446e+01
 4.23766242e+01
 1.81829693e+01
 3.42288495e+01
 8.08716570e+01
 1.05075734e+02
 7.69002552e+01
 8.91201903e+01
 8.74568277e+01
 6.37329543e+01
 1.22746985e+01
 5.56056316e+01
 5.27400249e+01
 3.43984261e+01
 9.68763400e+00
 2.04084358e+01
 3.60127281e+01
 2.53613491e+01
 3.69695608e+01
 7.82003264e+01
 4.24215292e+01
 9.11253261e+01
 4.84836721e+01
 4.15162815e+01
 3.97893805e+01
 7.32910064e+01
 6.81189658e+01
 6.57643215e+01
 3.01814168e+01
 9.93449393e+01
 4.40421051e+01
 1.77788058e+01
 4.33436101e+01
 1.36012511e+02
 8.75181367e+01
 7.39991130e+01
 2.27231153e+01
 2.26201606e+01
 7.51698108e+00
 1.03083824e+02
 1.67892107e+01
 9.32346076e+01
 6.35374260e+01
 1.79688046e+01
 5.55170445e+01
 6.83674437e+01
 2.39001981e+01
 7.73988899e+01
 5.29731785e+01
 2.04717922e+01
 4.39068429e+01
 8.09643134e+01
 5.19213765e+01
 8.55587623e+01
 4.72320537e+01
 5.51967994e+01
 1.23699627e+01
 2.46186146e+01
 1.15745002e+02
 4.60437021e+01
 2.08592122e+01
 1.22881451e+02
 5.00300319e+01
 7.44986390e+01
 2.61795714e+01
 1.00196182e+02
 6.62857515e+01
 6.06971200e+01
 7.01108888e+01
 4.31229886e+01
 2.48155874e+01
 8.12484277e+01
 3.34717558e+01
 2.97903771e+01
 3.29811252e+01
 3.16903572e+01
 4.19505495e+01
 5.48253644e+01
 5.02918921e+01
 6.59880965e+01
 2.54253170e+00
 3.31976431e+01
 2.88724277e+01
 6.03068545e+01
 7.83308176e+01
 1.54299348e+01
 4.07095942e+01
 3.20745787e+01
 2.83776231e+01
 3.52764959e+01
 3.01374935e+01
 8.95058892e+00
 7.72418762e+01
 6.82046316e+01
 6.92554420e+01
 1.31172908e+01
 7.39508383e+01
 4.54303625e+01
 4.15020625e+01
 5.99530029e+01
 4.27586084e+01
 6.68475968e+01
 2.03850358e+01
 3.00052412e+01
 3.85784727e+00
 5.73025898e+01
 4.10811157e+01
 6.95637493e+01
 1.92132085e+01
 9.02831712e+01
 9.76888482e+00
 2.08857962e+01
 4.58617854e+01
 2.80348756e+01
 9.44359882e+01
 9.75987530e+01
 4.90105477e+01
 1.17007088e+01
 7.77811119e+01
 6.90116815e+01
 4.11000774e+01
 1.61218791e+01
 1.89693022e+01
 6.10732808e+01
 7.04374103e+01
 1.10612448e+02
 6.97974912e+01
 8.48118583e+01
 3.06449689e+01
 1.38493692e+01
 4.90765825e+01
 6.59905188e+01
 6.10882865e+01
 4.84266066e+01
 4.78963619e+01
 4.85807025e+01
 1.57253362e+01
 1.78947441e+02
 9.59285590e+01
 4.83433591e+01
 4.84400971e+01
 5.39993111e+01
 7.92366163e+01
 3.88906286e+01
 2.78742464e+01
 7.42093553e+01
 1.93983992e+01
 5.42946059e+01
 1.09934820e+02
 1.29013824e+02
 2.94895735e+01
 4.08928915e+01
 4.96482900e+01
 1.17480239e+02
 5.95349576e+01
 1.26122543e+02
 3.33879918e+01
 4.08183356e+01
 5.44259853e+01
 3.33429722e+01
 2.20106187e+01
 6.22234874e+01
 1.14742287e+02
 6.78773290e+01
 3.70988410e+01
 2.75884565e+01
 1.04861542e+02
 6.88630845e+01
 7.38006887e+01
 7.35279649e+01
 6.82511392e+01
 3.40733310e+01
 5.36846439e+01
 3.45837684e+01
 1.03188044e+01
 6.29260953e+01
 1.78671909e+01
 2.54686873e+01
 8.02183790e+01
 6.51740015e+01
 4.41640713e+01
 1.98280306e+01
 2.98770175e+01
 5.60590573e+01
 3.77314216e+01
 6.64504232e+01
 5.37787895e+01
 2.58123631e+01
 4.59790012e+01
 3.19044220e+01
 7.36389681e+01
 4.27233416e+01
 6.64352177e+01
 9.80493626e+01
 2.48810119e+01
 9.08379132e+00
 2.57184785e+01
 3.38633218e+01
 8.88518585e+01
 9.73098153e+01
 1.47567147e+02
 1.82939315e+01
 3.34484750e+01
 4.85157720e+01
 7.43240954e+01
 4.18274155e+01
 5.21145836e+01
 4.42535306e+01
 7.70208462e+01
 9.05876408e+01
 1.10810541e+02
 8.28760253e+01
 3.92899025e+01
 3.34967230e+01
 5.52392587e+01
 4.48423705e+01
 4.36005341e+01
 7.68983479e+01
 5.61888407e+00
 4.05831285e+01
 3.93129256e+01
 6.69347907e+01
 1.33503236e+02
 7.17629436e+01
 3.00955166e+01
 1.16550156e+02
 8.18867890e+01
 3.42266244e+01
 5.85798447e+01
 2.21095380e+01
 2.60840248e+01
 2.81897876e+01
 5.07230954e+01
 1.32424318e+02
 1.37482906e+01
 1.11793431e+01
 1.42744397e+01
 3.17608487e+01
 5.17544280e+01
 2.62781795e+01
 7.54611183e+01
 4.44561319e+01
 2.98777611e+01
 5.16321169e+01
 3.27293789e+01
 5.66561819e+01
 8.28569925e+01
 6.72833517e+01
 1.13183042e+02
 4.00845036e+01
 4.70126261e+01
 8.46306608e+01
 6.91255550e+01
 3.64424244e+01
 2.53743101e+01
 1.07930047e+01
 4.31108715e+01
 8.25209650e+01
 1.31122177e+02
 4.45012513e+01
 9.81828147e+00
 5.43053972e+01
 4.60780145e+01
 6.79320772e+01
 2.64228320e+01
 6.58669693e+01
 5.61203183e+01
 4.53723470e+01
 7.77681547e+01
 1.10085631e+02
 1.26056687e+02
 6.89095581e+00
 4.76975335e+00
 4.68062677e+01
 5.70855691e+01
 5.48510670e+01
 2.59669120e+01
 4.25188032e+01
 1.42709684e+01
 2.27504641e+01
 7.04967557e+01
 1.47038907e+02
 8.27842994e+01
 3.68006782e+01
 1.46505225e+01
 5.60309178e+01
 6.18303624e+01
 4.74925098e+01
 2.68210434e+01
 6.95035476e+01
 4.66246528e+01
 3.98905472e+01
 2.80817446e+01
 1.46091200e+02
 9.45626377e+01
 6.82617868e+01
 5.14309090e+01
 7.57310740e+01
 2.55911629e+01
 6.40520062e+01
 3.60490777e+01
 4.51748563e+01
 8.99305372e+01
 5.33736602e+01
 1.09958969e+02
 7.62366842e+01
 9.69788984e+01
 6.12078645e+01
 2.65973756e+01
 2.78825363e+01
 4.43413480e+01
 2.26978061e+01
 3.32189511e+01
 1.02393650e+02
 5.03532442e+01
 6.48214470e+01
 3.81029141e+01
 7.09245974e+01
 8.55118231e+01
 4.50070897e+01
 1.66921835e+01
 5.97867155e+01
 8.86642605e+01
 6.07673746e+01
 4.18334031e+01
 4.49568547e+01
 4.73123144e+01
 8.20475059e+01
 3.22935763e+01
 3.00058746e+01
 3.78750940e+01
 1.36071298e+02
 5.62879965e+00
 3.97522078e+01
 7.86264007e+01
 5.26239555e+01
 3.61624316e+01
 7.61501285e+01
 2.46777067e+01
 3.71308792e+01
 1.48494216e+01
 4.31782989e+01
 1.31981792e+02
 1.21042249e+02
 6.73504632e+01
 7.74541241e+01
 9.51733054e+01
 3.29138486e+01
 6.48099053e+01
 5.57297162e+01
 1.01878922e+02
 5.65179248e+01
 8.36840286e+01
 1.04924780e+02
 5.02666395e+01
 4.33992969e+01
 6.60395446e+01
 4.09086967e+01
 3.78374577e+01
 4.35688079e+01
 2.45785801e+01
 9.65634473e+01
 6.81511378e+01
 3.83042715e+01
 6.29126321e+01
 4.25230370e+01
 5.95967271e+01
 2.22392837e+01
 5.88272634e+01
 7.00570233e+01
 8.51500907e+01
 3.65466673e+01
 5.40990641e+01
 1.25692024e+01
 1.65138335e+01
 1.77632362e+01
 6.55746057e+01
 6.40605264e+01
 8.35040639e+01
 2.24545936e+01
 2.30781390e+01
 1.14595175e+01
 7.44357076e+01
 3.78424980e+01
 3.76308516e+01
 2.68794463e+01
 1.91667218e+01
 3.12391484e+01
 3.43001308e+01
 1.59583898e+02
 3.57034570e+01
 9.95628240e+01
 1.60260334e+02
 2.71963272e+01
 7.72222031e+01
 6.69884672e+01
 7.91822109e+01
 1.30902425e+01
 3.03363619e+00
 5.53671580e+01
 1.84797909e+01
 4.42019607e+01
 7.92699947e+01
 8.72703867e+01
 1.21350928e+02
 3.20609417e+00
 6.44801940e+01
 7.03794698e+01
 1.93733054e+01
 2.20634368e+01
 4.98169949e+01
 3.12841729e+01
 1.62113965e+01
 9.66439129e+01
 5.68200137e+01
 1.88360611e+01
 1.11711679e+01
 1.00971668e+00
 7.63294077e+01
 9.11651381e+01
 8.02040956e+00
 6.34080219e+01
 1.38145431e+01
 1.19531879e+01
 5.38556458e+01
 8.91863225e+01
 7.76850890e+01
 1.12914937e+02
 2.84993630e+01
 3.69209982e+01
 6.48601257e+01
 1.09562707e+02
 1.06095849e+02
 5.68659791e+01
 5.42298551e+01
 8.22311114e+01
 4.18996247e+01
 3.62633036e+01
 4.82368103e+01
 1.11536763e+01
 3.19476880e+01
 6.23919886e+01
 8.24543066e+01
 3.19572210e+01
 4.69555801e+01
 4.69274493e+01
 3.87228937e+00
 2.30511555e+01
 1.15023082e+02
 3.56011136e+01
 9.27697989e+01
 5.93713468e+01
 2.89282021e+01
 3.91039495e+00
 6.89415597e+01
 6.39289730e+01
 3.47678392e+01
 2.74799959e+01
 3.49504520e+01
 8.40253159e+01
 9.85346666e+01
 1.42086626e+02
 1.30467354e+02
 7.10925979e+01
 1.01089956e+02
 1.57498568e+01
 1.00877869e+02
 7.40379065e+01
 1.66472882e+01
