 -1.81555176e-01
 4.82726440e+00
 4.23146973e+00
 8.79955444e+00
 1.56275574e+01
 1.86299683e+01
 2.06394287e+01
 2.33607727e+01
 1.91447998e+01
 1.19063660e+01
 3.14327393e+00
 4.76531372e+00
 3.28151855e+00
 3.83974609e+00
 5.59291992e+00
 1.32469727e+01
 1.54909607e+01
 1.56492859e+01
 1.89409729e+01
 2.03214966e+01
 1.50545593e+01
 1.20815979e+01
 5.87987671e+00
 -1.79987183e+00
 1.31768799e-01
 2.83907471e+00
 6.24773560e+00
 1.02559753e+01
 1.37332092e+01
 1.95968262e+01
 2.34689270e+01
 2.15236450e+01
 1.35426880e+01
 9.32003174e+00
 6.11126099e+00
 2.84597168e+00
 1.97203979e+00
 2.10512695e+00
 4.79161987e+00
 8.83846436e+00
 1.35425354e+01
 1.75205627e+01
 1.92285095e+01
 2.04767090e+01
 1.72727295e+01
 1.08509766e+01
 8.21056519e+00
 3.10991821e+00
 2.02187500e+00
 4.81801758e+00
 6.46914063e+00
 1.20001160e+01
 1.13948303e+01
 1.80700928e+01
 2.02757202e+01
 1.87958008e+01
 1.54471069e+01
 9.20250854e+00
 5.86275635e+00
 2.71417236e-01
 2.88812256e-01
 2.35039673e+00
 8.15340576e+00
 1.01427551e+01
 1.41441895e+01
 1.70164429e+01
 1.90877014e+01
 2.02516418e+01
 1.44666992e+01
 1.14094482e+01
 9.88549194e+00
 2.90926514e+00
 2.66005859e+00
 3.77315674e+00
 4.48778687e+00
 9.31777344e+00
 1.52629639e+01
 1.70052734e+01
 2.11874939e+01
 1.82440735e+01
 1.27500549e+01
 1.12758728e+01
 5.38756714e+00
 3.73671875e+00
 -3.83276367e-01
 3.44152222e+00
 6.56890259e+00
 9.15886841e+00
 1.61917664e+01
 1.82043091e+01
 2.26960999e+01
 2.12762085e+01
 1.57099243e+01
 1.23162476e+01
 7.24385986e+00
 2.71279297e+00
 2.55498657e+00
 5.49855957e+00
 1.49501953e+00
 1.00928894e+01
 1.26855103e+01
 1.72795959e+01
 2.11735168e+01
 1.88825623e+01
 1.34071594e+01
 1.20755859e+01
 7.01961670e+00
 4.98562012e+00
 3.90828857e+00
 5.64284668e+00
 7.59343872e+00
 9.72249756e+00
 1.32402283e+01
 1.87982117e+01
 1.85635925e+01
 1.99334351e+01
 1.29692017e+01
 9.75051270e+00
 4.40987549e+00
 5.66872559e+00
 2.77102051e+00
 4.74056396e+00
 4.86794434e+00
 1.05759521e+01
 1.49901062e+01
 1.81377808e+01
 2.09332825e+01
 1.63838745e+01
 1.53135620e+01
 1.16924072e+01
 7.95751343e+00
 2.96151123e+00
 2.50045166e+00
 6.18779907e+00
 7.03630981e+00
 9.81066284e+00
 1.10358826e+01
 1.58673340e+01
 2.14716125e+01
 2.05488525e+01
 1.38020569e+01
 1.18201843e+01
 6.74532471e+00
 2.76366577e+00
 2.38024292e+00
 3.02431641e+00
 6.67598877e+00
 9.33651123e+00
 1.27687927e+01
 1.46610046e+01
 1.84225708e+01
 1.81983276e+01
 1.39367310e+01
 1.08239685e+01
 4.91796265e+00
 -4.70434570e-01
 2.80983887e+00
 4.67492676e-01
 7.10970459e+00
 7.91048584e+00
 1.31678101e+01
 1.65884338e+01
 2.07594543e+01
 2.26133362e+01
 1.62743469e+01
 9.39516602e+00
 7.85061035e+00
 2.03243408e+00
 8.65441895e-01
 3.52373657e+00
 3.58129272e+00
 1.18707520e+01
 1.61808105e+01
 1.69607483e+01
 2.00097595e+01
 2.04955688e+01
 1.58714539e+01
 1.33205200e+01
 9.30208740e+00
 6.09551392e+00
 -1.01184692e+00
 1.53188477e+00
 5.35323486e+00
 1.08584229e+01
 1.39410339e+01
 1.75322510e+01
 2.32438904e+01
 1.90571533e+01
 1.55022217e+01
 1.32811523e+01
 6.34844360e+00
 2.38076172e+00
 -3.71984863e-01
 -3.78519287e+00
 6.51086426e-01
 7.30642090e+00
 1.57980286e+01
 1.71233154e+01
 2.32938171e+01
 2.41592346e+01
 1.76801697e+01
 9.79259644e+00
 3.49816284e+00
 2.60445557e+00
 6.71319580e-01
 2.57912598e+00
 3.48381958e+00
 6.49416504e+00
 1.31264893e+01
 1.72431885e+01
 2.09284912e+01
 1.94500366e+01
 1.57642456e+01
 1.06795898e+01
 6.45842896e+00
 3.61589966e+00
 1.49987183e+00
 5.46868286e+00
 4.39208374e+00
 1.02892395e+01
 1.26340881e+01
 1.97403198e+01
 2.26962830e+01
 2.17837463e+01
 1.74989563e+01
 1.08250061e+01
 5.38332520e+00
 2.25545654e+00
 2.67180786e+00
 5.32634888e+00
 7.24343262e+00
 9.10985718e+00
 1.34439026e+01
 1.60744873e+01
 1.85382935e+01
 1.74003235e+01
 1.51519714e+01
 1.06293884e+01
 5.75695190e+00
 4.01635742e-01
 8.14172363e-01
 3.27025757e+00
 4.13509521e+00
 9.81154785e+00
 1.23646790e+01
 1.70384766e+01
 2.09634949e+01
 2.27439514e+01
 1.65393616e+01
 1.14697815e+01
 7.29216919e+00
 1.81316528e+00
 7.33697510e-01
 -3.13019409e+00
 7.42250977e+00
 1.14359985e+01
 1.53547302e+01
 1.96053101e+01
 1.90349060e+01
 2.11167847e+01
 1.68046814e+01
 9.44930420e+00
 8.62600098e+00
 2.50478516e+00
 5.08550415e+00
 2.92659912e+00
 7.03597412e+00
 8.38067017e+00
 1.28185364e+01
 1.71185547e+01
 2.14087769e+01
 1.88577515e+01
 1.59602600e+01
 1.20823914e+01
 5.83797607e+00
 4.88820801e+00
 5.77691040e+00
 2.62780762e-01
 2.46193848e+00
 8.02141724e+00
 1.17004639e+01
 1.50621582e+01
 2.07262207e+01
 2.10395752e+01
 1.45065247e+01
 1.13869263e+01
 6.23171387e+00
 4.81752930e+00
 4.01485596e+00
 4.10094604e+00
 5.76000366e+00
 1.33019958e+01
 1.26072021e+01
 1.53799988e+01
 1.89854980e+01
 1.75097595e+01
 1.61196228e+01
 9.52840576e+00
 8.06951294e+00
 1.45989380e+00
 7.54907227e-01
 3.20592651e+00
 5.09377441e+00
 1.19105469e+01
 1.40250488e+01
 1.63328796e+01
 2.12091919e+01
 1.90199829e+01
 1.44406982e+01
 1.15576416e+01
 5.50725708e+00
 4.43956909e+00
 2.24114380e+00
 8.99713135e-01
 4.33333740e+00
 9.46956787e+00
 1.26708008e+01
 1.83694092e+01
 2.18248840e+01
 2.21863953e+01
 1.59975220e+01
 1.08784119e+01
 7.71993408e+00
 4.18398438e+00
 2.20778809e+00
 4.30181274e+00
 5.20275269e+00
 8.63747559e+00
 1.53510986e+01
 1.66237427e+01
 1.91840454e+01
 2.08222595e+01
 1.76503235e+01
 9.44481812e+00
 9.14922485e+00
 5.59957275e+00
 1.44161377e+00
 2.86376343e+00
 5.82518921e+00
 1.02347656e+01
 1.69648376e+01
 1.80828186e+01
 2.44266907e+01
 1.90718628e+01
 1.49423462e+01
 1.07621094e+01
 9.20070801e+00
 6.05922852e+00
 3.71218262e+00
 -2.48447266e+00
 3.22411499e+00
 9.03057251e+00
 1.27239319e+01
 1.74433838e+01
 1.71869751e+01
 1.75005127e+01
 1.65548035e+01
 1.07972351e+01
 7.44765625e+00
 5.44423828e+00
 3.77886353e+00
 5.81768188e+00
 7.09276733e+00
 1.00235229e+01
 1.53876282e+01
 1.69365479e+01
 1.85758606e+01
 1.91205994e+01
 1.81894165e+01
 9.89644775e+00
 8.70769653e+00
 3.28310547e+00
 2.47649536e+00
 2.53215942e+00
 4.81963501e+00
 7.57207642e+00
 1.51421448e+01
 1.91594788e+01
 2.60699707e+01
 2.30728088e+01
 1.73208252e+01
 1.40020081e+01
 1.04980408e+01
 4.18398438e+00
 3.57439575e+00
 3.59188232e+00
 4.10387573e+00
 1.13788391e+01
 1.23141113e+01
 1.75722290e+01
 1.87384583e+01
 2.03832642e+01
 2.05868469e+01
 9.84908447e+00
 4.97261963e+00
 1.35317383e+00
 2.84368286e+00
 1.72509155e+00
 5.29024658e+00
 1.02278076e+01
 1.33415466e+01
 1.68825012e+01
 2.22788330e+01
 2.11450134e+01
 1.55479370e+01
 1.26429382e+01
 9.89608154e+00
 3.91176758e+00
 8.66204834e-01
 3.07180176e+00
 7.54326782e+00
 1.16249023e+01
 1.54262329e+01
 2.02511230e+01
 2.17510010e+01
 2.03465210e+01
 1.49333130e+01
 1.43380066e+01
 7.16130981e+00
 6.82323608e+00
 5.49993286e+00
 5.36913452e+00
 7.51223145e+00
 7.91408691e+00
 1.54899841e+01
 1.71185242e+01
 1.96966187e+01
 1.95517517e+01
 1.71028992e+01
 1.02748657e+01
 4.48583374e+00
 5.65358887e+00
 3.84484253e+00
 5.90429077e+00
 6.72866211e+00
 1.12545105e+01
 1.38160950e+01
 1.64672180e+01
 2.04479919e+01
 2.22615601e+01
 1.80484558e+01
 1.21993958e+01
 7.41988525e+00
 5.14656982e+00
 4.08825073e+00
 2.11577759e+00
 4.04635010e+00
 1.02337585e+01
 1.28223816e+01
 1.74745422e+01
 2.13143250e+01
 2.27580811e+01
 1.54541565e+01
 1.16055237e+01
 9.07375488e+00
 2.67095337e+00
 2.94231567e+00
 1.46322021e+00
 4.56701050e+00
 1.08502441e+01
 1.17604309e+01
 1.68465515e+01
 2.01030518e+01
 2.16722351e+01
 2.03754822e+01
 1.43588806e+01
 7.95998535e+00
 2.70122681e+00
 1.68529663e+00
 3.89959106e+00
 7.44359741e+00
 1.04770447e+01
 1.32424255e+01
 1.77460266e+01
 1.90179993e+01
 1.63886047e+01
 1.76415955e+01
 1.30773865e+01
 8.23421631e+00
 5.84499512e+00
 2.58535156e+00
 4.63118896e+00
 6.34938965e+00
 1.56130310e+01
 1.74201904e+01
 1.81527344e+01
 2.20526062e+01
 2.08867432e+01
 1.34507996e+01
 1.18097168e+01
 5.40841064e+00
 3.34856567e+00
 4.81368408e+00
 4.32460938e+00
 6.05989990e+00
 1.03813416e+01
 1.13642517e+01
 1.66303345e+01
 2.04009644e+01
 2.05009094e+01
 1.70007263e+01
 1.46495300e+01
 4.20360718e+00
 5.01647339e+00
 1.71276245e+00
 3.07018433e+00
 6.85427246e+00
 1.00086609e+01
 1.43746887e+01
 1.88745972e+01
 2.05452820e+01
 2.16546875e+01
 1.53997742e+01
 8.77407227e+00
 6.01571045e+00
 5.60909424e+00
 3.95186768e+00
 4.42513428e+00
 3.61132202e+00
 7.23693237e+00
 1.10791260e+01
 1.72351929e+01
 2.22901855e+01
 2.23218933e+01
 1.75854126e+01
 1.33697754e+01
 7.96990356e+00
 4.52517090e+00
 3.70317993e+00
 4.02611694e+00
 3.20458374e+00
 9.64608154e+00
 1.24470459e+01
 1.79062744e+01
 2.00454651e+01
 2.13629395e+01
 1.60328003e+01
 1.05057312e+01
 4.83126221e+00
 5.30892334e+00
 1.09935913e+00
 4.25304565e+00
 6.72191772e+00
 1.23080078e+01
 1.45102478e+01
 1.68275391e+01
 2.13449036e+01
 2.14156738e+01
 1.62403809e+01
 1.32041260e+01
 7.00649414e+00
 2.83044434e-01
 2.08276367e-01
 7.24865112e+00
 6.44811401e+00
 1.19204041e+01
 1.46857849e+01
 1.73642212e+01
 2.25903564e+01
 2.28374573e+01
 1.55996643e+01
 1.44146667e+01
 8.31282959e+00
 3.23345337e+00
 4.76986084e+00
 4.98400269e+00
 6.06423340e+00
 1.09481445e+01
 1.48911377e+01
 1.75644165e+01
 2.25593506e+01
 2.42968079e+01
 1.81355225e+01
 1.26347290e+01
 9.16652832e+00
 3.62197266e+00
 5.77800903e+00
 4.94432983e+00
 5.63442383e+00
 8.91137085e+00
 1.30306946e+01
 1.58445374e+01
 2.13269897e+01
 2.23881165e+01
 1.56349731e+01
 1.15505920e+01
 6.28090820e+00
 2.37633667e+00
 2.77291260e+00
 3.10668335e+00
 6.37526855e+00
 1.26302124e+01
 1.86291138e+01
 2.08837219e+01
 2.01779724e+01
 1.93369995e+01
 1.65290466e+01
 1.15398193e+01
 7.29888306e+00
 5.19622192e+00
 3.56472168e+00
 4.40892944e+00
 7.93627319e+00
 7.79815063e+00
 1.39506775e+01
 1.59762512e+01
 2.16104065e+01
 2.09111267e+01
 1.78468872e+01
 1.17807861e+01
 7.63619385e+00
 1.90776978e+00
 3.18584595e+00
 2.10619507e+00
 6.07415161e+00
 8.33059082e+00
 1.26746460e+01
 1.75879761e+01
 1.87636963e+01
 1.77449585e+01
 1.57744995e+01
 1.36065918e+01
 7.90871582e+00
 4.70260010e+00
 1.85521851e+00
 4.90047607e+00
 4.30236206e+00
 8.73403320e+00
 1.32445618e+01
 1.65287415e+01
 2.04923950e+01
 2.09596497e+01
 1.51715027e+01
 9.82232056e+00
 5.52218018e+00
 2.86745605e+00
 3.06813965e+00
 6.72640381e+00
 5.31856689e+00
 1.31750427e+01
 1.33996521e+01
 1.83527161e+01
 2.39417358e+01
 2.12398315e+01
 1.68279053e+01
 1.12860657e+01
 7.45009766e+00
 4.87200317e+00
 4.08739624e+00
 6.61074219e+00
 7.41500244e+00
 1.24895874e+01
 1.56110474e+01
 1.96122375e+01
 2.23896729e+01
 2.37503296e+01
 1.99472595e+01
 1.45871216e+01
 5.66488037e+00
 7.37285767e+00
 4.43963013e+00
 4.89010010e+00
 4.78719482e+00
 8.60570679e+00
 1.52745911e+01
 1.85226074e+01
 1.98380676e+01
 2.18435303e+01
 1.47899109e+01
 1.16755005e+01
 8.91124878e+00
 5.29515991e+00
 3.54879150e+00
 2.43157349e+00
 7.96837769e+00
 1.11382080e+01
 1.62828918e+01
 2.14574524e+01
 2.47406250e+01
 2.14745728e+01
 1.60378052e+01
 1.12968079e+01
 7.31868896e+00
 3.01824341e+00
 1.05831299e+00
 2.16640625e+00
 8.45375977e+00
 1.12416016e+01
 1.35541626e+01
 1.88292480e+01
 2.27501465e+01
 2.14543396e+01
 1.86715027e+01
 1.13695923e+01
 3.79845581e+00
 1.39769897e+00
 3.67944336e-01
 -2.42413940e+00
 4.67864380e+00
 7.88872681e+00
 1.13395020e+01
 1.67545105e+01
 2.15040527e+01
 1.97357422e+01
 1.59728333e+01
 1.15809570e+01
 6.81514893e+00
 3.47036133e+00
 1.65209351e+00
 3.48073730e+00
 4.07384644e+00
 8.31591187e+00
 1.25998474e+01
 1.73917175e+01
 2.16336609e+01
 2.36825806e+01
 1.75116516e+01
 1.48633057e+01
 1.23359924e+01
 7.11309204e+00
 3.31929932e+00
 3.55248413e+00
 3.25774536e+00
 9.67385254e+00
 1.35917603e+01
 1.51271912e+01
 2.11992432e+01
 1.92516418e+01
 1.75532166e+01
 1.43334290e+01
 6.43438110e+00
 5.44317017e+00
 3.81197510e+00
 3.98241577e+00
 6.03182373e+00
 9.45284424e+00
 1.08058411e+01
 1.76379028e+01
 2.32289673e+01
 2.51195923e+01
 2.10017639e+01
 1.41447998e+01
 5.47017822e+00
 7.57439575e+00
 1.90520630e+00
 3.46575317e+00
 6.29589233e+00
 9.12719116e+00
 1.44790283e+01
 1.73713623e+01
 2.05007568e+01
 2.05749756e+01
 1.58443542e+01
 1.43540588e+01
 7.70342407e+00
 7.01650391e+00
 6.01320801e+00
 5.94698486e+00
 5.69548950e+00
 9.43251953e+00
 1.32950684e+01
 2.02818848e+01
 2.09011475e+01
 2.19850098e+01
 2.09966064e+01
 1.48702637e+01
 6.56255493e+00
 4.18795166e+00
 5.17315063e+00
 3.60518799e+00
 6.19066772e+00
 9.74624023e+00
 1.36161133e+01
 1.76133972e+01
 2.19637695e+01
 2.19410645e+01
 1.69210144e+01
 1.52332397e+01
 9.89736328e+00
 4.58095703e+00
 1.30544434e+00
 3.07164917e+00
 7.56810913e+00
 1.28897949e+01
 1.62120911e+01
 1.78817078e+01
 2.35427795e+01
 2.12739502e+01
 1.81311584e+01
 9.09908447e+00
 8.69985352e+00
 6.87691650e+00
 5.57399902e+00
 5.35549316e+00
 7.26796875e+00
 1.08558289e+01
 1.54340149e+01
 1.70924011e+01
 1.92055298e+01
 2.06380554e+01
 1.65223938e+01
 1.52112061e+01
 7.98589478e+00
 5.07045898e+00
 3.56057129e+00
 3.95867310e+00
 7.43792114e+00
 1.10671631e+01
 1.53982178e+01
 1.66455017e+01
 1.84071289e+01
 2.32643066e+01
 1.81348206e+01
 1.24205261e+01
 8.56228027e+00
 5.15633545e+00
 3.34401855e+00
 7.18480835e+00
 7.25396118e+00
 9.50997314e+00
 1.50822083e+01
 2.19322449e+01
 2.56281982e+01
 2.34496399e+01
 1.68662659e+01
 9.98098145e+00
 6.31481323e+00
 6.73055420e+00
 2.65209351e+00
 4.20092163e+00
 6.18703613e+00
 1.00378967e+01
 1.29157043e+01
 1.78438049e+01
 2.40723206e+01
 2.09820496e+01
 1.65458923e+01
 1.12002502e+01
 8.94948730e+00
 5.54833374e+00
 5.04012451e+00
 4.38283691e+00
 8.40255127e+00
 1.39524475e+01
 1.92428833e+01
 2.04619690e+01
 2.29785095e+01
 2.18369080e+01
 1.75381409e+01
 1.46355225e+01
 7.57167969e+00
 4.27999268e+00
 1.85738525e+00
 4.67156372e+00
 5.90841064e+00
 1.31166931e+01
 1.37821899e+01
 1.80903259e+01
 2.33317810e+01
 2.04314209e+01
 1.62938782e+01
 1.04954773e+01
 7.89730225e+00
 8.06081543e+00
 4.15123901e+00
 2.61434326e+00
 4.39226685e+00
 1.03558289e+01
 1.30716187e+01
 1.95344482e+01
 2.36821533e+01
 2.18183838e+01
 1.62088257e+01
 1.49369751e+01
 8.55568848e+00
 5.70147095e+00
 4.44930420e+00
 5.87786255e+00
 5.17388306e+00
 8.86943970e+00
 1.35841309e+01
 1.84903809e+01
 2.20625549e+01
 2.13975769e+01
 1.40792175e+01
 1.48915955e+01
 5.50509033e+00
 6.90169678e+00
 5.06014404e+00
 6.13765869e+00
 8.39843140e+00
 1.12513672e+01
 1.25939880e+01
 2.05280090e+01
 2.14059692e+01
 2.23140198e+01
 1.86716858e+01
 1.12723633e+01
 7.51333008e+00
 6.19576416e+00
 5.36202393e+00
 4.29473267e+00
 5.49242554e+00
 1.02898804e+01
 1.66441895e+01
 1.88450562e+01
 2.13934570e+01
 2.15419556e+01
 1.85961243e+01
 1.12737671e+01
 1.11701904e+01
 6.49028931e+00
 2.69945679e+00
 2.02428589e+00
 6.68828735e+00
 1.18061768e+01
 1.37880188e+01
 1.90774780e+01
 1.99049316e+01
 2.24649597e+01
 1.59651733e+01
 1.33562256e+01
 6.78588257e+00
 -1.55035400e-01
 1.89132080e+00
 1.37243042e+00
 6.83587036e+00
 1.30900513e+01
 1.47289368e+01
 2.05385986e+01
 2.26292969e+01
 2.21853271e+01
 1.54283081e+01
 9.89687500e+00
 8.25408325e+00
 7.46755371e+00
 2.91176758e+00
 2.84276733e+00
 4.86351929e+00
 1.04940430e+01
 1.71413818e+01
 2.28482910e+01
 2.53970581e+01
 1.97571350e+01
 1.61361023e+01
 1.00101563e+01
 7.70809326e+00
 6.43224487e+00
 5.12261353e+00
 7.56212769e+00
 7.40999756e+00
 8.95671997e+00
 1.63019043e+01
 2.08926636e+01
 2.33605591e+01
 2.40219971e+01
 1.73541199e+01
 1.43320862e+01
 9.53164063e+00
 6.17281494e+00
 6.03859863e+00
 6.38494263e+00
 9.31298218e+00
 1.30054565e+01
 1.44753662e+01
 1.77594238e+01
 2.49293457e+01
 2.26323486e+01
 1.74883057e+01
 1.52845093e+01
 9.18789063e+00
 5.65047607e+00
 6.96508179e+00
 8.71892700e+00
 1.09327026e+01
 1.26002747e+01
 1.59964844e+01
 2.08581482e+01
 2.32576843e+01
 2.12130371e+01
 1.70525452e+01
 1.05754333e+01
 8.00951538e+00
 6.44518433e+00
 1.33040771e+00
 4.04818115e+00
 7.95031128e+00
 1.29210449e+01
 1.35591980e+01
 1.94769226e+01
 2.30231262e+01
 2.05936523e+01
 1.80014893e+01
 1.43166443e+01
 9.55565796e+00
 7.03161011e+00
 1.14339600e+00
 4.01275024e+00
 9.07451782e+00
 1.09804626e+01
 1.49021545e+01
 1.94732300e+01
 2.26991516e+01
 2.26075378e+01
 1.92448059e+01
 1.33697144e+01
 6.10299072e+00
 1.54351196e+00
 4.43465576e+00
 3.44414673e+00
 6.93895874e+00
 1.12384888e+01
 1.39805237e+01
 1.99231201e+01
 2.59731079e+01
 2.24529358e+01
 1.84995667e+01
 1.44707581e+01
 7.34096680e+00
 7.61821899e+00
 5.48433838e+00
 6.73265991e+00
 1.10551697e+01
 1.37187439e+01
 1.56587769e+01
 1.84545227e+01
 2.47484375e+01
 2.60877319e+01
 1.83714233e+01
 1.54909607e+01
 1.15003296e+01
 3.73665771e+00
 5.35305176e+00
 3.69869385e+00
 6.62590942e+00
 1.01876770e+01
 1.48484131e+01
 1.81016174e+01
 2.29220520e+01
 2.58103882e+01
 1.88521973e+01
 1.36502014e+01
 7.38726196e+00
 4.58782349e+00
 3.46614990e+00
 3.70375977e+00
 7.37932739e+00
 1.06670776e+01
 1.40067078e+01
 1.76672913e+01
 2.10094849e+01
 2.61874939e+01
 1.90723816e+01
 1.60200745e+01
 1.13128296e+01
 8.13359985e+00
 4.76104126e+00
 5.02294312e+00
 6.32625732e+00
 1.29787842e+01
 1.25757385e+01
 1.76361328e+01
 2.04744812e+01
 2.12495667e+01
 1.84926697e+01
 1.41528259e+01
 1.09097229e+01
 4.80248413e+00
 4.03774414e+00
 5.99462280e+00
 8.15209351e+00
 1.29079224e+01
 1.43455444e+01
 2.00962769e+01
 2.18234802e+01
 2.20695435e+01
 1.75613953e+01
 1.35362793e+01
 8.97448120e+00
 2.49328003e+00
 1.62408447e-01
 6.21944580e+00
 1.16965576e+01
 1.28026672e+01
 1.38794495e+01
 2.11713806e+01
 2.13427063e+01
 2.34204651e+01
 1.73163086e+01
 1.43742615e+01
 8.98516235e+00
 6.42601929e+00
 4.55560303e-01
 3.96169434e+00
 5.02837524e+00
 1.03882996e+01
 1.37373901e+01
 1.94135071e+01
 2.47892700e+01
 2.32744080e+01
 2.23103882e+01
 1.57224365e+01
 9.42580566e+00
 7.31728516e+00
 5.40651855e+00
 6.21694336e+00
 7.81658325e+00
 1.41058289e+01
 1.63182617e+01
 2.11256042e+01
 2.38732849e+01
 2.47149292e+01
 1.94207092e+01
 1.30606018e+01
 1.05080200e+01
 3.66689453e+00
 4.77434692e+00
 1.33007202e+00
 6.53075562e+00
 1.11952759e+01
 1.51487671e+01
 1.84441772e+01
 2.29260193e+01
 2.14227539e+01
 1.70318848e+01
 1.16006104e+01
 9.33089600e+00
 4.38387451e+00
 5.68166504e+00
 4.71407471e+00
 4.18666992e+00
 8.96541748e+00
 1.60344788e+01
 1.87793518e+01
 2.26304260e+01
 2.23247620e+01
 2.09679199e+01
 1.26471802e+01
 7.33342896e+00
 4.01256714e+00
 9.79577637e-01
 5.07415161e+00
 5.85213623e+00
 1.16518188e+01
 2.04042603e+01
 2.09038940e+01
 2.46850830e+01
 2.15339600e+01
 1.87926575e+01
 1.56675964e+01
 1.15617004e+01
 5.38018188e+00
 5.87365112e+00
 6.13674316e+00
 6.83403931e+00
 1.14823853e+01
 1.37137390e+01
 1.93423706e+01
 2.19560181e+01
 2.38446594e+01
 2.24074341e+01
 1.44286133e+01
 1.12671143e+01
 8.72966919e+00
 2.63909302e+00
 2.77916870e+00
 6.75295410e+00
 1.25610596e+01
 1.65266968e+01
 2.15816589e+01
 2.60914246e+01
 2.39227234e+01
 1.70241638e+01
 1.38099304e+01
 6.83355103e+00
 5.53069458e+00
 7.05974731e+00
 4.98549805e+00
 8.02742920e+00
 1.22864929e+01
 1.84791504e+01
 2.31215149e+01
 2.65620056e+01
 2.58363281e+01
 1.87468201e+01
 1.49781433e+01
 1.06992737e+01
 6.29039917e+00
 6.46331177e+00
 4.95150146e+00
 6.58968506e+00
 1.24339539e+01
 1.56052795e+01
 2.14025818e+01
 2.71738220e+01
 2.42528015e+01
 1.97074219e+01
 1.18961121e+01
 7.75054321e+00
 5.65670166e+00
