 -8.52548828e+00
 -8.85089722e+00
 2.13219604e+00
 7.78548584e+00
 1.61563660e+01
 1.78168579e+01
 2.16818787e+01
 2.09148193e+01
 1.72878357e+01
 1.16649414e+01
 3.64129028e+00
 4.30889282e+00
 -7.21746826e-01
 1.36528931e+00
 -1.20084229e+00
 7.33251343e+00
 1.62410522e+01
 2.32210632e+01
 2.32765747e+01
 2.00508972e+01
 1.55472656e+01
 9.66097412e+00
 4.29558716e+00
 2.08855591e+00
 -7.58154907e+00
 -4.42890015e+00
 -1.09464111e+00
 9.46660767e+00
 1.42598816e+01
 2.04122559e+01
 2.31159912e+01
 2.21974121e+01
 1.24417358e+01
 1.14531799e+01
 5.52666626e+00
 7.70501709e-01
 -4.59927979e+00
 1.06447754e+00
 4.07796631e+00
 9.53188477e+00
 1.57278076e+01
 1.76165100e+01
 1.94319092e+01
 2.02059265e+01
 1.34005371e+01
 6.87825928e+00
 -5.12182617e-01
 3.35662231e+00
 -3.28256836e+00
 -6.88937988e+00
 9.14392090e-01
 1.00248047e+01
 1.49009033e+01
 1.98131042e+01
 2.03518005e+01
 2.18347107e+01
 1.64619385e+01
 9.69219360e+00
 6.82763062e+00
 9.30108643e-01
 -1.06003418e+00
 -6.31220093e+00
 4.58660278e+00
 1.07689758e+01
 1.60999084e+01
 2.02891785e+01
 2.28795410e+01
 2.05583740e+01
 1.89251343e+01
 1.11477295e+01
 6.06578979e+00
 -3.09057617e-01
 -2.16324463e+00
 1.26635132e+00
 4.54970703e+00
 1.35955139e+01
 1.32369324e+01
 2.13987366e+01
 2.08102051e+01
 1.92635437e+01
 1.65154358e+01
 1.31641174e+01
 7.04537354e+00
 5.36523438e-01
 -8.86206055e-01
 2.36004028e+00
 3.93212280e+00
 1.28646484e+01
 1.70042969e+01
 1.81980835e+01
 2.18937927e+01
 1.84579712e+01
 1.55321594e+01
 9.77819214e+00
 5.13704834e+00
 2.31386719e+00
 -3.69522705e+00
 1.53447876e+00
 6.98375854e+00
 1.07125183e+01
 1.54652344e+01
 2.05465027e+01
 2.26654907e+01
 2.31898438e+01
 1.68993774e+01
 1.01696411e+01
 3.76790771e+00
 -5.36224976e+00
 -3.52533569e+00
 -1.18771973e+00
 3.82009277e+00
 8.64113770e+00
 1.39208923e+01
 2.13716980e+01
 2.28697754e+01
 1.86317078e+01
 1.72260376e+01
 1.31720520e+01
 1.74398193e+00
 -2.64349365e-01
 -2.67023315e+00
 -1.78885498e+00
 7.02844238e-01
 1.05633789e+01
 1.62743164e+01
 2.21314636e+01
 2.32525574e+01
 2.02328125e+01
 1.84535767e+01
 1.28156677e+01
 5.45925293e+00
 -8.00634766e-01
 -1.82043457e-01
 6.27395020e+00
 6.21254883e+00
 1.22072083e+01
 1.95004517e+01
 2.26728760e+01
 2.26069275e+01
 2.25407959e+01
 1.80545288e+01
 9.65398560e+00
 4.38604126e+00
 -4.19805908e-01
 -3.56357422e+00
 -1.29526367e+00
 -7.22509766e-01
 1.29982544e+01
 1.52539917e+01
 1.95898682e+01
 2.12277161e+01
 1.86404053e+01
 1.61175781e+01
 1.08753601e+01
 5.09487305e+00
 -2.92310181e+00
 -1.03344482e+01
 -5.09345093e+00
 4.94515381e+00
 1.34041382e+01
 1.87719360e+01
 1.93050171e+01
 2.24311157e+01
 2.16356445e+01
 1.63342529e+01
 1.16912170e+01
 6.68312988e+00
 9.62243652e-01
 -1.81009521e+00
 4.31087646e+00
 9.39876709e+00
 1.07309814e+01
 1.81717163e+01
 2.28827148e+01
 2.13553101e+01
 2.16404968e+01
 1.47382446e+01
 1.46974121e+01
 6.79030762e+00
 2.68691406e+00
 5.24865723e-01
 3.12740479e+00
 5.95382080e+00
 1.31245361e+01
 1.61471802e+01
 2.48736816e+01
 2.81424500e+01
 2.42216125e+01
 2.11156860e+01
 7.27230225e+00
 -1.56690063e+00
 -4.73227539e+00
 -2.76855469e-02
 -2.60706177e+00
 2.01470947e-01
 7.97655640e+00
 1.31277405e+01
 1.75926147e+01
 2.12769409e+01
 2.24133545e+01
 1.53649231e+01
 8.91652832e+00
 3.19109497e+00
 1.26180420e+00
 1.18099365e+00
 3.32125244e+00
 5.07467041e+00
 1.21605469e+01
 1.71886230e+01
 2.02069946e+01
 2.64613586e+01
 2.56010376e+01
 1.90784241e+01
 1.34388672e+01
 7.29821167e+00
 5.38995361e-01
 3.26189575e+00
 -5.63767090e+00
 6.11870728e+00
 1.14267517e+01
 1.66225525e+01
 1.91082092e+01
 1.97316223e+01
 2.15055786e+01
 1.93575989e+01
 1.00487915e+01
 7.23626099e+00
 3.63472900e+00
 -2.21146240e+00
 3.43225098e-01
 5.96004639e+00
 1.06325928e+01
 1.41286560e+01
 2.17657104e+01
 2.32029358e+01
 2.37957703e+01
 1.84430786e+01
 1.22327515e+01
 8.45134888e+00
 1.63323364e+00
 1.06652222e+00
 5.25795898e+00
 9.34713135e+00
 1.00903870e+01
 1.74510742e+01
 1.87824646e+01
 2.36638733e+01
 2.16301208e+01
 1.61387878e+01
 1.02934509e+01
 1.60521851e+00
 -5.01111450e+00
 -2.92486572e-01
 3.06030273e-02
 5.19497070e+00
 9.54879150e+00
 1.36313110e+01
 1.94670044e+01
 2.08456360e+01
 2.19139648e+01
 1.52639099e+01
 1.00324341e+01
 6.49239502e+00
 -7.70322266e+00
 -2.87314453e+00
 -3.80924072e+00
 -1.90924683e+00
 6.73500977e+00
 1.51851135e+01
 2.17850281e+01
 2.50100647e+01
 2.24838501e+01
 1.59615723e+01
 1.07680908e+01
 3.03692017e+00
 -7.95172119e-01
 -6.22855225e+00
 -1.03696289e+00
 -3.09769287e+00
 9.61586914e+00
 1.48995911e+01
 1.97757813e+01
 2.05081421e+01
 2.23010498e+01
 1.76627136e+01
 1.24848877e+01
 7.46166382e+00
 2.83425293e+00
 8.83050537e-01
 2.96477661e+00
 1.60561523e+00
 8.84792480e+00
 1.72105347e+01
 2.02254272e+01
 2.20910889e+01
 2.27571960e+01
 1.86254517e+01
 1.32602478e+01
 7.94320068e+00
 2.49361572e+00
 2.57360229e+00
 3.24047241e+00
 7.92034302e+00
 1.09276672e+01
 1.64584900e+01
 2.15064331e+01
 2.26555725e+01
 1.92943054e+01
 1.33193909e+01
 9.06719360e+00
 7.28319702e+00
 8.52716064e-01
 1.31563721e+00
 6.60564575e+00
 8.92641602e+00
 1.32289978e+01
 1.62137390e+01
 2.18311401e+01
 2.36808105e+01
 2.69849487e+01
 2.07617737e+01
 1.04502502e+01
 7.54311523e+00
 2.43087158e+00
 -3.34857788e+00
 -4.17975464e+00
 1.83959351e+00
 1.43971191e+01
 1.62449890e+01
 2.52399231e+01
 2.82525879e+01
 2.64016968e+01
 1.77627502e+01
 1.15816284e+01
 -3.20184937e+00
 -4.96890869e+00
 -4.30579224e+00
 1.66570435e+00
 6.30837402e+00
 6.06188354e+00
 1.71688171e+01
 2.18090149e+01
 2.55132690e+01
 2.38308960e+01
 1.53549133e+01
 9.06160889e+00
 5.44851074e+00
 7.23474121e-01
 8.27508545e-01
 1.22081909e+00
 7.18706665e+00
 1.29019714e+01
 1.59528137e+01
 2.13633057e+01
 2.34302917e+01
 2.15977722e+01
 1.93840271e+01
 1.26588379e+01
 4.35564575e+00
 -5.33176270e+00
 -7.91522827e+00
 -2.87335815e+00
 4.28939209e+00
 1.09897400e+01
 1.69941956e+01
 2.18300110e+01
 2.40407654e+01
 2.16016174e+01
 1.86112305e+01
 1.04606262e+01
 3.84075317e+00
 -1.46799316e+00
 -7.83371582e+00
 5.13696289e-01
 4.81978760e+00
 1.16322876e+01
 1.72146851e+01
 2.27804810e+01
 2.25948730e+01
 2.16154114e+01
 1.59437805e+01
 1.07718445e+01
 7.73739014e+00
 3.97689209e+00
 1.33269653e+00
 -3.16381836e-01
 7.30458984e+00
 1.04755798e+01
 1.57060181e+01
 1.99487854e+01
 2.45805908e+01
 2.11516357e+01
 1.76253296e+01
 1.51330505e+01
 2.85003052e+00
 -2.79459229e+00
 -8.06860352e-01
 3.71914063e+00
 7.69588623e+00
 8.60531006e+00
 1.55627991e+01
 1.72235352e+01
 2.01575562e+01
 1.99252258e+01
 1.70877319e+01
 1.01520935e+01
 2.09124146e+00
 -1.79691162e+00
 1.18929443e+00
 -1.96646729e+00
 5.58452759e+00
 1.06656128e+01
 1.82710510e+01
 2.34863525e+01
 2.55067383e+01
 2.06931702e+01
 1.63742920e+01
 1.14877563e+01
 3.15892944e+00
 -2.14200439e+00
 -5.93939819e+00
 1.29390869e+00
 7.57048950e+00
 1.35385376e+01
 1.64500061e+01
 1.96983582e+01
 2.28385559e+01
 2.27759033e+01
 1.81920715e+01
 1.40877319e+01
 7.36943970e+00
 6.73303223e-01
 -4.15762939e+00
 1.01171265e+00
 2.45787964e+00
 1.06664978e+01
 1.58352600e+01
 2.20263916e+01
 2.35252625e+01
 2.37097717e+01
 1.88117004e+01
 1.12318359e+01
 5.68737183e+00
 4.12438965e-01
 -1.13449707e+00
 -4.56009521e+00
 5.24230347e+00
 1.10237366e+01
 1.80743042e+01
 1.88597656e+01
 2.06894470e+01
 2.34622131e+01
 2.04141174e+01
 1.14109741e+01
 7.08345947e+00
 8.89093018e-01
 3.86864624e+00
 2.71828613e+00
 8.50539551e+00
 1.44000488e+01
 1.59565369e+01
 2.55857178e+01
 2.75885559e+01
 2.48425537e+01
 2.11356445e+01
 1.14487244e+01
 8.18496094e+00
 5.44973145e+00
 3.87407837e+00
 4.96581421e+00
 7.13952026e+00
 1.17721191e+01
 1.62106873e+01
 2.45994812e+01
 2.49249817e+01
 2.32799011e+01
 1.77878662e+01
 1.22355896e+01
 7.45848999e+00
 4.54156494e-01
 3.14788208e+00
 2.57790527e+00
 6.96389160e+00
 1.15867859e+01
 1.50982605e+01
 2.03783813e+01
 2.16324402e+01
 2.21315247e+01
 1.92805115e+01
 8.10219727e+00
 5.59655151e+00
 3.44884644e+00
 1.25277100e+00
 -3.49729004e+00
 2.50133667e+00
 8.95534668e+00
 1.63962341e+01
 2.37354675e+01
 2.12962585e+01
 2.33046814e+01
 1.86471802e+01
 1.23300720e+01
 8.76958618e+00
 8.89154053e-01
 -3.23517456e+00
 -4.54700317e+00
 5.03381348e-01
 1.01538330e+01
 1.49820190e+01
 2.14848572e+01
 2.31587158e+01
 2.47109619e+01
 1.98600708e+01
 1.63910767e+01
 6.67348633e+00
 3.22210083e+00
 4.47088013e+00
 5.66085205e+00
 6.34389648e+00
 1.28222595e+01
 1.78390747e+01
 2.46016174e+01
 2.60096069e+01
 2.60320984e+01
 2.25935913e+01
 1.42737061e+01
 7.58965454e+00
 -1.36139526e+00
 -6.56979980e+00
 -2.78461304e+00
 4.16924438e+00
 1.22288147e+01
 2.00666138e+01
 2.34740845e+01
 2.81723877e+01
 2.75160461e+01
 2.11718079e+01
 1.18953491e+01
 5.82213745e+00
 1.74187622e+00
 -9.19513550e+00
 -7.90625000e-01
 4.45290527e+00
 1.55705505e+01
 1.99635559e+01
 2.09150024e+01
 2.51699463e+01
 2.15235229e+01
 1.79693848e+01
 1.48400208e+01
 8.19979248e+00
 2.47359619e+00
 3.14632568e+00
 6.27069092e-01
 7.55187378e+00
 1.25303894e+01
 1.81567017e+01
 2.44879700e+01
 2.51434875e+01
 2.41497742e+01
 2.01811462e+01
 1.36512695e+01
 3.89855347e+00
 2.86272583e+00
 4.65535889e+00
 3.69201050e+00
 9.19915161e+00
 1.28467346e+01
 2.23681580e+01
 2.16212097e+01
 2.35752197e+01
 2.81252991e+01
 2.11393677e+01
 1.33843628e+01
 8.06191406e+00
 2.30880127e+00
 -7.70548096e+00
 1.03814087e+00
 9.72902832e+00
 1.22106262e+01
 2.16178223e+01
 2.33945862e+01
 2.47598206e+01
 2.70171143e+01
 1.76738220e+01
 1.39025208e+01
 3.73052368e+00
 -7.33496704e+00
 1.63613281e+00
 4.26293335e+00
 6.77077637e+00
 1.45374084e+01
 1.71862427e+01
 2.13893982e+01
 2.37147156e+01
 2.75503174e+01
 2.08378845e+01
 1.41528259e+01
 8.84612427e+00
 4.50383911e+00
 1.82672119e-01
 4.93956909e+00
 7.59667358e+00
 1.26443726e+01
 1.76689697e+01
 1.95977417e+01
 2.32196899e+01
 2.16062866e+01
 2.10031677e+01
 1.52300049e+01
 7.67351685e+00
 -2.09421387e+00
 -3.72107544e+00
 2.48201904e+00
 8.83306274e+00
 7.70586548e+00
 1.56525513e+01
 2.07782837e+01
 2.45269104e+01
 2.43392578e+01
 2.01294800e+01
 1.45273071e+01
 9.80285034e+00
 4.58965454e+00
 2.31347656e-01
 2.01226196e+00
 1.49056396e+00
 1.18086182e+01
 1.42345520e+01
 1.91221863e+01
 2.26007019e+01
 2.19669434e+01
 1.88443542e+01
 1.15975891e+01
 5.13259277e+00
 2.47747192e+00
 5.56274414e-02
 6.16402588e+00
 1.09792725e+01
 1.36547791e+01
 1.64727112e+01
 2.46527954e+01
 2.62225281e+01
 2.66570374e+01
 1.96121155e+01
 1.40967041e+01
 7.53112183e+00
 -8.31457520e-01
 3.65828857e+00
 7.48186646e+00
 8.42406616e+00
 1.26357056e+01
 1.45133911e+01
 2.09437805e+01
 2.37867981e+01
 2.29812561e+01
 1.80226990e+01
 1.13122498e+01
 6.81960449e+00
 2.91512451e+00
 6.33178711e-02
 4.43621216e+00
 8.11611328e+00
 1.30747009e+01
 1.80962463e+01
 2.43028809e+01
 2.71325928e+01
 2.67857605e+01
 1.89881531e+01
 1.34421021e+01
 5.85997925e+00
 2.84734497e+00
 -1.64774170e+00
 -9.27185059e-02
 9.45314941e+00
 1.11762024e+01
 1.70512024e+01
 2.03158203e+01
 2.18325134e+01
 2.11715637e+01
 1.64633728e+01
 1.33761230e+01
 7.58187256e+00
 3.74898682e+00
 3.95980225e+00
 1.94939575e+00
 7.92803345e+00
 1.42705017e+01
 1.83740173e+01
 2.33024536e+01
 2.65935608e+01
 2.15745789e+01
 1.90458923e+01
 1.33910156e+01
 9.01238403e+00
 -4.35242310e+00
 5.66217041e-01
 6.96242676e+00
 4.90145264e+00
 1.46019226e+01
 1.90706726e+01
 2.37428833e+01
 2.61642700e+01
 2.28309875e+01
 2.05648132e+01
 1.16872192e+01
 7.78041992e+00
 -1.23999634e+00
 -3.81729736e+00
 -6.41821289e-01
 6.32656250e+00
 1.02297913e+01
 1.34183899e+01
 1.88073364e+01
 2.37625366e+01
 2.44449707e+01
 1.96869446e+01
 1.22107178e+01
 7.75573120e+00
 5.81362305e+00
 4.94201050e+00
 7.79534302e+00
 5.59203491e+00
 1.24971863e+01
 2.08264404e+01
 2.09749084e+01
 2.36711060e+01
 2.43408142e+01
 1.82604919e+01
 1.14603516e+01
 6.07460938e+00
 -2.85553589e+00
 3.93001709e+00
 2.38646851e+00
 5.38289795e+00
 1.20643250e+01
 1.77860352e+01
 2.02005249e+01
 2.30548950e+01
 2.17718140e+01
 1.83124939e+01
 1.38977905e+01
 9.96712646e+00
 3.50032959e+00
 3.57360229e+00
 2.00014648e+00
 6.58220825e+00
 1.30893494e+01
 2.15947510e+01
 2.72091919e+01
 2.31358582e+01
 2.36661011e+01
 1.98783508e+01
 1.41263367e+01
 6.42769775e+00
 1.99157104e+00
 -6.03943481e+00
 7.87935791e+00
 7.45269165e+00
 1.02651001e+01
 1.91844727e+01
 2.27435852e+01
 2.63164612e+01
 2.59108826e+01
 2.28348328e+01
 1.41494385e+01
 8.95943604e+00
 8.00170288e+00
 2.96709595e+00
 2.58049927e+00
 1.12084351e+00
 1.21102844e+01
 1.82760864e+01
 2.19987122e+01
 2.60068604e+01
 2.66878601e+01
 1.50786682e+01
 1.03160034e+01
 6.58159790e+00
 -3.09650269e+00
 -1.92450562e+00
 -7.25866699e-01
 6.23449097e+00
 1.21759583e+01
 1.70679565e+01
 2.18845154e+01
 2.42996460e+01
 2.71727234e+01
 2.34096008e+01
 1.53155762e+01
 3.85094604e+00
 -1.94821777e+00
 -2.37781372e+00
 1.94658813e+00
 1.03041016e+01
 1.29116760e+01
 1.56530090e+01
 2.15104919e+01
 2.13939148e+01
 2.26426636e+01
 1.90212952e+01
 1.07664734e+01
 8.05370483e+00
 6.34411011e+00
 3.67700195e-01
 3.95049438e+00
 1.04133545e+01
 1.26967407e+01
 1.62813354e+01
 2.14516846e+01
 2.60333496e+01
 2.53171326e+01
 2.38770996e+01
 1.65888611e+01
 6.89119873e+00
 5.13747559e+00
 5.33413086e+00
 6.48040161e+00
 9.02626953e+00
 1.07296692e+01
 1.59856506e+01
 2.27392517e+01
 2.48821960e+01
 2.46875244e+01
 2.04537292e+01
 1.38470398e+01
 6.56725464e+00
 3.82125244e+00
 -6.40722656e-01
 1.42943726e+00
 3.62545166e+00
 1.34166504e+01
 1.82574097e+01
 2.43129822e+01
 2.37016846e+01
 2.11415039e+01
 2.16778809e+01
 1.66218811e+01
 7.12548218e+00
 3.27105103e+00
 3.18932495e+00
 6.56032715e+00
 9.63933716e+00
 1.63488403e+01
 1.96164490e+01
 2.13556763e+01
 2.71817261e+01
 2.78163391e+01
 2.10790039e+01
 1.33792053e+01
 3.16976318e+00
 4.87142334e+00
 -1.21875610e+00
 5.21596680e+00
 8.12520752e+00
 1.57742249e+01
 1.93924194e+01
 2.56307007e+01
 2.44187256e+01
 2.53042847e+01
 2.67771240e+01
 1.34970337e+01
 6.16768799e+00
 5.69848022e+00
 2.71734009e+00
 3.97246704e+00
 9.95772705e+00
 1.19919678e+01
 1.56104980e+01
 2.34434448e+01
 2.61109863e+01
 2.57995544e+01
 1.64789063e+01
 1.51605164e+01
 1.14147888e+01
 4.11507568e+00
 3.45989380e+00
 5.18410645e+00
 5.64516602e+00
 7.76867065e+00
 1.67608276e+01
 2.06191040e+01
 2.39672180e+01
 2.14350220e+01
 2.20190674e+01
 1.64908386e+01
 7.70470581e+00
 -7.78204346e-01
 -1.27213135e+00
 -1.17862549e+00
 4.19011841e+00
 1.32080322e+01
 1.63032166e+01
 2.10688110e+01
 2.42042175e+01
 2.31939331e+01
 1.57769714e+01
 1.12351013e+01
 8.37056885e+00
 1.42067871e+00
 1.96435547e-01
 2.14440308e+00
 3.76528320e+00
 1.01378723e+01
 2.05874878e+01
 2.27340637e+01
 2.21385437e+01
 2.26585938e+01
 1.68429199e+01
 1.35366455e+01
 7.79375610e+00
 2.05855713e+00
 1.35378418e+00
 3.28350220e+00
 8.59188232e+00
 1.52971741e+01
 2.25449463e+01
 2.22036987e+01
 2.59063965e+01
 2.66512390e+01
 2.18862854e+01
 1.32316528e+01
 6.94320068e+00
 3.83468018e+00
 -4.21100464e+00
 2.21138916e+00
 5.73623047e+00
 1.52091309e+01
 1.62565857e+01
 1.94857727e+01
 2.49664246e+01
 2.35009399e+01
 1.84008118e+01
 1.25988403e+01
 6.68218384e+00
 1.74096069e+00
 3.17327271e+00
 3.09642944e+00
 7.91967163e+00
 1.17562500e+01
 1.88842712e+01
 2.24115845e+01
 2.77291504e+01
 2.65235229e+01
 2.28533264e+01
 1.43955627e+01
 8.66182861e+00
 1.61068115e+00
 2.12722168e+00
 3.12921143e-01
 7.83519897e+00
 1.34627930e+01
 1.77235046e+01
 2.56476685e+01
 2.72525574e+01
 2.71582581e+01
 2.26294495e+01
 1.59537598e+01
 5.13411865e+00
 5.37744141e-01
 3.18670044e+00
 3.68972168e+00
 6.87578735e+00
 1.34062744e+01
 1.93525024e+01
 2.24905945e+01
 2.85288025e+01
 2.57614075e+01
 2.10860840e+01
 1.49308716e+01
 1.08942810e+01
 3.74157104e+00
 4.73201904e+00
 4.90892944e+00
 8.74523315e+00
 1.38483521e+01
 1.61157776e+01
 2.50169006e+01
 2.60056702e+01
 2.30203796e+01
 2.16519104e+01
 1.27727905e+01
 6.01763306e+00
 3.97796021e+00
 2.54732666e+00
 6.48720703e+00
 8.57769165e+00
 1.39581848e+01
 1.90840088e+01
 2.21181580e+01
 2.91687561e+01
 2.49053589e+01
 1.95749756e+01
 1.13376099e+01
 5.43251953e+00
 6.14956055e+00
 4.67019043e+00
 4.01604614e+00
 8.94515381e+00
 1.47013184e+01
 1.98492676e+01
 2.79324585e+01
 2.89294678e+01
 2.81386353e+01
 2.04485107e+01
 1.42754150e+01
 8.31459961e+00
 2.28188477e+00
 -6.61987305e-02
 2.80144653e+00
 6.97136841e+00
 1.48074585e+01
 2.01057373e+01
 2.36720520e+01
 2.91480347e+01
 2.62513672e+01
 2.22836548e+01
 1.73959900e+01
 5.55199585e+00
 4.00628052e+00
 2.75386963e+00
 -2.06064453e+00
 -3.67160645e+00
 1.22406555e+01
 1.97536865e+01
 2.09924561e+01
 2.38785645e+01
 2.33319946e+01
 2.00033813e+01
 1.35684753e+01
 9.90783081e+00
 3.43901978e+00
 2.88869629e+00
 -1.46063232e-01
 8.54836426e+00
 1.06201721e+01
 1.73445984e+01
 2.28679138e+01
 2.66270996e+01
 2.40690552e+01
 1.93677612e+01
 1.44615112e+01
 8.60872803e+00
 1.12352905e+00
 3.86989746e+00
 8.46599731e+00
 9.09011230e+00
 1.22919556e+01
 1.80439392e+01
 2.47069031e+01
 2.70464722e+01
 2.73574158e+01
 2.32440125e+01
 1.34884277e+01
 4.55111084e+00
 1.34819946e+00
 2.70913086e+00
 8.88646851e+00
 8.09597168e+00
 1.37948242e+01
 1.86145264e+01
 2.51468445e+01
 2.93274780e+01
 2.87693726e+01
 2.06875549e+01
 1.81210571e+01
 1.02272888e+01
 3.99859009e+00
 6.84072266e+00
 2.79448853e+00
 9.56853638e+00
 1.52985474e+01
 2.36277100e+01
 2.53245789e+01
 2.87390686e+01
 2.66234985e+01
 2.01262451e+01
 1.38114258e+01
 9.52300415e+00
 4.76735840e+00
 2.41933594e+00
 1.79247437e+00
 8.58706055e+00
 1.42609192e+01
 1.61898438e+01
 2.20654236e+01
 2.76405273e+01
 2.61839233e+01
 2.28697754e+01
 1.26783997e+01
 9.53081665e+00
 4.59594116e+00
 3.63558350e+00
 6.80880127e+00
 9.73369751e+00
 1.61460510e+01
 2.04620911e+01
 2.36458679e+01
 2.83858887e+01
 2.58160339e+01
 2.36370789e+01
 1.74930969e+01
 7.17363892e+00
 7.21764526e+00
 3.23656616e+00
 4.92351685e+00
 1.38591858e+01
 1.61132446e+01
 2.11078125e+01
 2.25956055e+01
 2.54017883e+01
 2.74482666e+01
 2.08582703e+01
 1.67676636e+01
 7.51009521e+00
 4.38796387e+00
 3.80684814e+00
 4.95784912e+00
 7.46486816e+00
 1.34621826e+01
 2.16652161e+01
 2.27929016e+01
 2.41646057e+01
 2.19187256e+01
 2.04043518e+01
 1.47885681e+01
 7.62194214e+00
 3.48116455e+00
 -1.12747803e+00
 2.62728271e+00
 6.40358887e+00
 1.47067200e+01
 1.82134949e+01
 2.17989136e+01
 2.46533752e+01
 2.68028503e+01
 1.95231262e+01
 1.71588074e+01
 1.19378601e+01
 8.51897583e+00
 3.23522339e+00
 4.46782837e+00
 1.06715027e+01
 1.33447815e+01
 1.80325256e+01
 2.35465942e+01
 2.55577026e+01
 2.48252808e+01
 2.27369324e+01
 1.41037231e+01
 1.04729248e+01
 8.25225220e+00
 5.72661743e+00
 5.55114136e+00
 9.27269897e+00
 1.33472534e+01
 1.90573669e+01
 2.43195435e+01
 2.49289185e+01
 2.69345947e+01
 2.10664001e+01
 1.64867798e+01
 6.94625244e+00
 3.91036377e+00
 6.13689575e+00
 5.56615601e+00
 1.31551147e+01
 1.15689636e+01
 1.88377930e+01
 2.64340149e+01
 2.63536011e+01
 2.70990845e+01
 2.26619812e+01
 1.80460449e+01
 9.47478638e+00
 4.46514282e+00
 2.88271484e+00
 1.21230469e+00
 4.79888306e+00
 1.43806702e+01
 2.33456665e+01
 2.34545227e+01
 2.68171936e+01
 2.84524170e+01
 2.18094116e+01
 1.43185059e+01
 6.43395386e+00
 2.38958130e+00
 3.86129150e+00
 -2.99661865e+00
 8.03505859e+00
 1.44331299e+01
 1.98775574e+01
 2.92893311e+01
 3.03131042e+01
 2.90625549e+01
 2.52587830e+01
 1.80464417e+01
 1.30379272e+01
 4.18331299e+00
