 9.61346447e+01
 3.44721859e+01
 2.73370252e+01
 5.32072919e+01
 1.17366534e+02
 4.28414808e+01
 3.74499136e+01
 2.06192574e+01
 1.28650611e+02
 4.92389851e+01
 1.00707737e+02
 8.21991804e+01
 5.46392937e+01
 4.34750571e+01
 1.74061748e+01
 1.36180670e+02
 1.14707222e+02
 5.53032418e+01
 3.85747091e+00
 1.06206901e+01
 5.02487845e+01
 8.40245072e+01
 1.24178858e+02
 5.86474922e+01
 1.14137950e+02
 6.24313118e+01
 4.65942447e+01
 3.42220039e+01
 3.03689371e+01
 2.69536742e+01
 1.81868071e-01
 8.67928741e+01
 4.49898407e+01
 7.69297478e+01
 1.62120839e+02
 2.92883068e+02
 1.14694720e+02
 3.85371074e+01
 1.01602547e+02
 3.62781984e+01
 8.86208024e+01
 2.80274322e+01
 1.04743552e+01
 5.23533601e+01
 5.35811819e+01
 2.03984202e+02
 1.18017097e+02
 8.07491424e+01
 1.25989006e+02
 7.72933861e+01
 4.72576039e+01
 9.79813258e+01
 5.58751887e+01
 2.49153135e+01
 8.16468902e+00
 4.56517259e+01
 1.11498594e+02
 9.66127712e+01
 1.43567021e+02
 1.15985406e+02
 6.28299565e+01
 4.74603076e+01
 5.52665077e+01
 1.72299368e+01
 6.79956987e+01
 6.24346719e+01
 3.57764221e+01
 5.20484521e+01
 3.19038115e+01
 1.02900414e+02
 6.87284764e+01
 8.92046509e+01
 2.41823224e+01
 3.12293547e+01
 9.95588509e+00
 3.06864542e+01
 1.11738275e+02
 8.00896663e+01
 1.50885429e+01
 2.66178355e+01
 8.03979307e+01
 6.25704261e+01
 1.11327795e+02
 1.03265452e+02
 4.60020505e+01
 3.67253911e+01
 4.82143636e+01
 8.19587060e+01
 5.02364746e+01
 6.83596938e+00
 2.72478875e+01
 4.96809871e+00
 9.99112905e+01
 3.46545875e+01
 6.62665291e+01
 6.00924731e+01
 9.93912426e+01
 1.10028286e+02
 4.80266852e+01
 9.11107385e+01
 4.47815608e+01
 1.66824153e+01
 2.63973230e-01
 1.17981870e+01
 1.07989589e+02
 1.52988249e+02
 1.33469450e+02
 1.08926548e+02
 8.84581367e+01
 4.17873249e+01
 9.54548085e+01
 2.71300085e+01
 8.29719254e+01
 1.90786533e+01
 5.33455817e+00
 1.85422094e+00
 2.35010437e+02
 3.64121353e+01
 1.75500727e+02
 7.90189265e+01
 6.11657462e+01
 4.16665576e+01
 1.07608940e+02
 8.52834843e+01
 2.24867268e+01
 3.91662711e+01
 1.78851003e+01
 5.07863897e+01
 5.32764018e+01
 1.61931414e+02
 2.10506213e+02
 3.46468776e+01
 3.97056628e+01
 7.70848464e+01
 4.39163164e+01
 3.38074957e+01
 2.83733054e+01
 1.09759513e+02
 2.43959758e+01
 5.27420955e+01
 7.69843865e+01
 2.14499984e+02
 6.79517286e+01
 2.18987420e+01
 3.53250720e+01
 5.38744048e+01
 1.61908642e+02
 1.34732522e+02
 1.21461902e+02
 7.34311751e+01
 3.58669411e+01
 8.75934770e+01
 3.24563507e+01
 1.88730282e+02
 1.69371667e+02
 1.67671436e+02
 9.15916002e+01
 4.53657052e+01
 6.35235512e+01
 1.19177754e+02
 2.10070427e+01
 5.24910541e+01
 7.71926326e+00
 1.40755542e+00
 7.02853432e+01
 1.19620430e+02
 9.66444290e+01
 4.77203399e+01
 6.53160554e+01
 5.74912630e+01
 1.17753472e+01
 6.82917049e+01
 9.33148881e+01
 5.24858537e+01
 8.85668787e-01
 8.17622806e+01
 8.64347680e+01
 1.49014876e+02
 1.39332273e+02
 6.57016630e+01
 9.49560832e+01
 5.42385681e+01
 6.95979131e+01
 8.69168679e+01
 1.17679822e+02
 1.82823752e+00
 4.26097339e+01
 2.89881250e+01
 1.23078250e+02
 2.45333194e+01
 1.39268302e+02
 1.45749070e+02
 1.14266990e+02
 2.36136088e+01
 2.40249793e+01
 6.72989664e+01
 2.69501753e+01
 2.36531702e+01
 1.24008572e+01
 1.60701923e+01
 7.19043512e+01
 1.50403361e+02
 7.18068063e+01
 8.32259017e+01
 4.77011735e+01
 1.11480072e+02
 1.07713658e+02
 2.72576717e+01
 6.06040555e+01
 1.09085671e+01
 3.39905316e+01
 5.20183676e+01
 5.37306936e+01
 3.41475760e+02
 6.39124475e+01
 1.01322082e+01
 6.81108187e+01
 2.59549296e+01
 4.60003161e+01
 3.98422845e+01
 1.15896619e+02
 2.15253198e+01
 3.53419151e+00
 6.74702105e+00
 2.91731147e+01
 1.95041213e+02
 9.64989862e+01
 5.65871703e+01
 4.03170331e+01
 2.35969507e+01
 6.64632170e+01
 3.48193198e+01
 4.20155519e+01
 6.17970584e+01
 9.19909955e+00
 9.65066789e+01
 1.82411220e+01
 1.85223878e+02
 1.47742485e+02
 7.36671331e+01
 1.56492100e+02
 3.41018399e+01
 5.78029878e+01
 9.90174666e+00
 9.61309615e+01
 1.48057494e+01
 2.43952962e+01
 3.72592863e+00
 2.29244400e+02
 1.03054222e+02
 6.39064927e+01
 5.87194075e+01
 1.21277381e+02
 4.34454726e+01
 1.64610643e+02
 1.30074393e+02
 4.04223385e+01
 1.17557327e+02
 2.64460324e+01
 4.33753511e+01
 1.65026168e+02
 1.33121625e+02
 1.47946900e+02
 4.19429691e+01
 5.64045636e+01
 5.15971685e+01
 4.36214787e+01
 2.98077861e+01
 8.68398205e+01
 2.05925869e+01
 1.82414662e+01
 4.00282951e+01
 1.70136411e+02
 2.93138379e+02
 2.45199692e+02
 1.57177792e+02
 1.21692171e+02
 2.69755087e+01
 7.32081681e+01
 3.45780577e+01
 4.13040965e+01
 9.62507981e+01
 2.99890224e+01
 7.17413217e+01
 3.63851494e+01
 1.28074058e+02
 1.11483949e+02
 7.79606786e+01
 7.74443119e+01
 1.91340973e+02
 8.42745470e+01
 7.97851066e-01
 2.54498268e+01
 3.18314154e+01
 1.79805120e+01
 5.20293490e+01
 1.27729816e+01
 1.04561467e+02
 1.05939547e+02
 6.00758937e+01
 1.24749086e+02
 8.89288075e+01
 3.80234627e+01
 4.90160239e+01
 5.67825172e+01
 1.90937843e+01
 3.22298610e+00
 3.96237916e+01
 1.53573624e+02
 2.26055251e+02
 1.84328285e+02
 5.70894180e+01
 1.89321682e+02
 5.80554774e+01
 3.65255794e+01
 3.98040850e+01
 8.00217897e+01
 3.45392712e+01
 9.90464708e+00
 2.98068688e+01
 1.86389152e+02
 2.22306009e+02
 1.40597759e+02
 2.05211084e+02
 4.97665476e+01
 8.59984359e+01
 9.04483021e+01
 1.18406671e+01
 5.04397677e+01
 2.39677925e+01
 3.80290216e+01
 2.43863366e+00
 1.49849104e+02
 3.47653813e+01
 1.86257005e+02
 1.46664028e+02
 6.60299079e+01
 7.34302407e+01
 7.99054736e+00
 4.92898466e+01
 6.72090442e+01
 1.24117250e+01
 3.00676440e+01
 6.65410749e+00
 5.13817417e+01
 1.34516912e+02
 9.26498728e+01
 7.05484268e+01
 1.78215027e+02
 4.38842332e+01
 8.46165113e+01
 5.56189038e+01
 1.12651723e+02
 3.64805632e+01
 1.92403710e+01
 1.52224736e+01
 6.11653951e+01
 1.07654795e+02
 1.52953540e+01
 1.81020430e+02
 8.71211677e+01
 4.28966775e+01
 6.95437707e+01
 6.39413871e+01
 5.65028412e+01
 8.67922740e+01
 4.07213881e+01
 6.29153964e+01
 1.47859092e+02
 1.15470320e+02
 1.02859675e+02
 6.01251933e+01
 8.55700652e+01
 4.27069368e+01
 3.73533655e+01
 1.36845120e+02
 3.76395700e+01
 3.13642616e+01
 7.12388158e+01
 1.05055749e+02
 4.01265410e+01
 1.43861908e+02
 1.05483162e+02
 1.14902676e+02
 4.76232559e+01
 8.02185035e+01
 2.13230419e+01
 6.13114272e+01
 4.98783011e+01
 6.37390459e+00
 2.00058116e+01
 1.20436233e+02
 1.05495288e+02
 1.57869809e+02
 1.07764418e+02
 1.87482821e+02
 1.13760109e+02
 6.87355109e+01
 1.04216112e+02
 2.24448159e+01
 7.95971868e+01
 1.00829737e+02
 2.57532866e+00
 4.51258783e+01
 1.21230078e+02
 1.64351181e+02
 1.10921783e+02
 2.16273560e+02
 1.32751218e+02
 4.36865187e+01
 1.14927484e+02
 1.97892296e+02
 5.27102230e+01
 5.62588228e+01
 1.73986351e+00
 4.88886050e+00
 1.04257695e+02
 1.73228125e+02
 3.53779105e+01
 1.47927654e+02
 8.08968268e+01
 1.59349556e+01
 3.09953448e+01
 9.77655662e+01
 1.03533723e+02
 8.79328457e+01
 6.66879591e+00
 3.12084184e+01
 8.72451985e+01
 9.94257167e+01
 1.82782880e+02
 1.20746062e+02
 1.48250920e+02
 9.89197536e+01
 5.93790445e+01
 9.96394433e+01
 3.92231369e+01
 5.56279374e+01
 4.71171788e+01
 2.77042532e+01
 6.81959834e+00
 1.17037451e+02
 1.39635813e+02
 7.19203232e+01
 8.39948855e+01
 5.74393064e+01
 2.55004710e+01
 3.15244735e+01
 5.18415000e+01
 1.14430411e+02
 4.17945783e+01
 3.47211388e+01
 3.52448087e+01
 1.18693915e+02
 1.07445687e+02
 3.85958206e+01
 9.24203339e+01
 5.27753669e+01
 8.63123993e+01
 7.88392205e+01
 8.57950826e+01
 1.49666120e+01
 4.52425574e+01
 1.02125520e+01
 1.09801768e+02
 5.16217201e+01
 1.17964414e+02
 1.15197402e+02
 1.35256098e+02
 7.89610608e+01
 6.91859237e+01
 6.63484492e+01
 7.54549602e+01
 4.65758544e+01
 9.22603003e+00
 1.17519778e+02
 6.58493052e+01
 1.42119093e+02
 7.93602930e+01
 6.83143263e+01
 6.33177928e+01
 2.06566736e+01
 3.27641127e+01
 7.07872311e+01
 5.58312629e+01
 3.42490269e+01
 4.50514150e+01
 7.10434883e+01
 4.70504200e+01
 1.31758737e+01
 2.65839517e+02
 2.00680341e+01
 4.39297144e+01
 6.80205486e+01
 6.36027745e+01
 1.59751852e+01
 7.31410273e+01
 6.38942012e+01
 5.50698977e+00
 2.75064721e+00
 3.23084327e+01
 5.88649141e+01
 1.47554948e+02
 1.08263588e+02
 5.54887042e+01
 7.85381025e+01
 1.18040378e+02
 3.03963596e-01
 7.76998181e+01
 9.15836067e+01
 4.17226301e+00
 1.37247920e+02
 5.86798407e+01
 8.94056299e+01
 2.33339957e+02
 2.43938774e+02
 1.47900527e+02
 1.99678612e+01
 8.84194532e+01
 9.23063038e+01
 5.50080296e+01
 2.58194676e+01
 4.64899405e+01
 7.82515553e+01
 1.27281635e+02
 7.13592171e+01
 1.30893762e+02
 8.98692769e+01
 5.36067991e+01
 3.90139015e+01
 9.91522135e+01
 8.71301569e+01
 3.14467752e+01
 4.62215828e+01
 1.95271352e+00
 5.88710966e+01
 7.39708005e+01
 2.01698717e+02
 6.39150313e+01
 1.16092599e+02
 6.46319221e+01
 7.58265325e+01
 4.16253549e+01
 4.82027457e+01
 1.86917920e+01
 3.32578466e+01
 7.09977989e+00
 5.16652707e+01
 1.73580856e+01
 1.37547401e+02
 5.25179474e+01
 7.78302361e+01
 8.66540811e+01
 9.07165983e+01
 1.10827186e+02
 6.78886726e+01
 5.77846935e+01
 4.54567258e+01
 4.35830437e+01
 9.06321804e+01
 3.96227294e+01
 1.15185397e+02
 4.36869754e+01
 8.24809758e+01
 4.00586646e+01
 2.79416163e+01
 7.05450798e+01
 8.22354660e+01
 5.98194667e+01
 3.57374485e+01
 2.72182000e+01
 1.62596862e+00
 1.62602279e+02
 1.64786736e+02
 6.66699905e+01
 1.85036580e+02
 4.76961748e+01
 2.46750554e+01
 4.79343903e+01
 5.73595448e+01
 6.22234046e+01
 1.71017738e+01
 9.05899598e+00
 6.20880317e+01
 1.02288267e+02
 7.73524848e+01
 1.42593090e+02
 1.48201830e+02
 1.27525775e+02
 1.29041021e+02
 1.52863244e+02
 9.36490941e+01
 7.65125455e+01
 1.57942398e+01
 8.07518902e+01
 1.92630269e+01
 3.41574910e+01
 1.45196304e+02
 9.37801567e+01
 8.50168225e+01
 7.23291944e+01
 7.90570709e+01
 1.33216970e+01
 1.99733141e+01
 6.53000266e+01
 3.92422717e+01
 1.12312151e+01
 2.74046264e+01
 5.15441343e+01
 7.42619143e+01
 8.60923684e+01
 8.09496147e+01
 8.29714284e+01
 1.05036544e+02
 9.38752732e+01
 4.82199736e+01
 2.87881448e+01
 1.05647275e+02
 4.07878522e+00
 1.02387962e+01
 1.51724858e+02
 1.28176983e+02
 9.18836296e+01
 1.13097743e+02
 9.27944241e+01
 3.05891926e+00
 1.54660167e+01
 9.68599152e+01
 3.03995063e+01
 2.47163528e+01
 5.16982833e+01
 1.40402372e+02
 2.05006375e+02
 2.06186513e+02
 9.09399889e+00
 1.11127280e+02
 1.71691639e+02
 6.62372243e+01
 6.36088206e+01
 4.55618285e+01
 6.59492863e+01
 5.59968626e+01
 1.34724397e+01
 5.59113290e+01
 4.52771712e+01
 2.78527054e+02
 1.10551056e+02
 1.15598346e+02
 5.26474281e+01
 3.98939045e+01
 2.28842098e+01
 5.28534116e+01
 3.98575346e+01
 1.70219083e+01
 4.87756597e+01
 2.63596400e+01
 2.24540806e+01
 1.49147189e+02
 1.22739923e+02
 1.39774686e+02
 1.11569198e+02
 3.28546658e+01
 1.54534440e+02
 1.05780073e+02
 1.40636987e+02
 3.46557137e+00
 2.97210367e+01
 5.60225320e+01
 7.70939919e+01
 1.41085658e+02
 3.49404741e+00
 2.03005285e+02
 1.31987701e+02
 2.90994251e+01
 3.23046921e+01
 3.26164401e+01
 2.41841713e+01
 8.50125802e+01
 2.02684540e+01
 6.25426947e+01
 8.31033607e+01
 2.15630844e+01
 7.99318613e+00
 1.89299369e+02
 9.61551070e+01
 3.73188952e+01
 8.14547807e+01
 9.02866916e+01
 4.52243459e+01
 5.30235884e+01
 4.07869941e+01
 4.66336006e+01
 1.20053211e+02
 2.80697079e+01
 9.71774206e+01
 1.66048540e+02
 3.77061871e+01
 9.52145421e+01
 1.44383531e+02
 7.90697563e+01
 3.03330111e+01
 5.07946994e+01
 9.56797003e+00
 6.59006104e+01
 1.31324357e+02
 8.53206978e+01
 1.40867418e+02
 7.46405939e+01
 5.17707394e+01
 6.40780006e+01
 8.49269637e+00
 1.39474198e+02
 9.14250466e+01
 1.12824642e+01
 9.47455162e+01
 6.36061459e+01
 6.53333624e+01
 7.05629551e+01
 1.83938068e+02
 1.11139684e+02
 8.13864657e+01
 1.23436703e+02
 8.57688226e+01
 8.75667587e+01
 6.89766136e+01
 4.78150366e+01
 1.00084532e+01
 9.91055886e+01
 1.03363991e+02
 1.45424157e+02
 8.13633091e+01
 1.27861084e+02
 1.07383465e+02
 5.47614486e+01
 3.68666863e+01
 1.52704103e+01
 5.99613437e+01
 4.37041940e+00
 6.81186788e-01
 5.76181302e+01
 8.48364533e+01
 1.15613941e+01
 1.14359575e+02
 4.12230413e+01
 1.11313965e+02
 3.84175370e+01
 1.11793475e+02
 9.99900987e+00
 4.63784062e+01
 5.67450952e+01
 7.34254779e+01
 3.30432163e+01
 7.66040231e+01
 2.15655793e+02
 1.28833244e+02
 8.01397842e+01
 4.22859469e+01
 6.98247269e+01
 5.62245828e+01
 1.43495657e+02
 9.45512021e+01
 9.74539201e+00
 1.32351949e+01
 3.47953634e+01
 1.92723042e+02
 6.29339538e+01
 3.35201203e+01
 6.71356235e+01
 7.65033131e+01
 6.24657149e+01
 3.00551450e+01
 2.65068366e+01
 6.44419928e+01
 1.87085753e+01
 6.96685714e+01
 5.02919372e+01
 5.45078092e+01
 8.94388666e+01
 3.56371761e+01
 3.35077378e+01
 1.48596957e+02
 1.16266935e+02
 1.11401846e+02
 4.83956243e+01
 8.26053477e+01
 1.60988007e+01
 1.95029099e+01
 5.88171297e+01
 8.28752294e+01
 1.09275684e+02
 1.34197795e+02
 7.04120796e+01
 3.64325440e+01
 3.00557151e+01
 1.41553885e+02
 1.79336120e+01
 1.66698988e+02
 4.11844336e+01
 1.51513464e+01
 1.19784401e+02
 6.58668962e+01
 9.58593193e+01
 1.56126765e+02
 9.28021121e+01
 9.12382744e+01
 2.31013709e+01
 1.99399704e+01
 3.12839399e+01
 2.58072012e+01
 4.07977523e+01
 4.92311364e+01
 1.15614696e+01
 2.50207204e+01
 3.65721117e+01
 1.85120941e+02
 3.54913260e+01
 2.11528757e+02
 6.92948584e+01
 1.79200258e+02
 4.42455119e+01
 2.46274241e+01
 3.84266926e+01
 1.57164974e+01
 1.61916459e+01
 5.54271662e+01
 9.63425029e+01
 1.34017416e+02
 7.14916911e+01
 2.29772924e+02
 8.65245420e+01
 1.09582326e+02
 2.56353703e+01
 2.39463577e+01
 3.26722376e+01
 1.15979119e+00
 3.14386293e+01
 2.10374613e+02
 1.41978322e+02
 1.78109173e+02
 7.48143141e+01
 1.00855672e+02
 4.32499848e+01
 8.88812780e+01
 1.41598998e+02
 4.40355338e+01
 4.56689823e+01
 1.76337791e+01
 1.07311847e+02
 5.66969946e+01
 1.01991146e+02
 4.74077515e+01
 9.43138781e+01
 1.44836625e+02
 2.14768276e+01
 5.70145307e+01
 5.01223801e+01
 9.41033696e+01
 2.36705252e+00
 2.92367502e+00
 5.45049671e+00
 1.04736570e+02
 2.09036934e+02
 9.59770556e+01
 3.65583629e+01
 3.58616233e+01
 1.31233059e+02
 1.41182435e+02
 4.50601151e+01
 3.68351938e+01
 4.54058387e+01
 2.16630745e+01
 2.30111103e+01
 8.52503203e+01
 6.28987537e+01
 9.58251441e+01
 1.01553574e+02
 9.94359576e+01
 8.47503399e+01
 2.52998940e+01
 1.06373329e+02
 3.39331738e+01
 3.25655153e+01
 1.55733464e+01
 1.66955817e+01
 1.10441823e+02
 1.56830128e+02
 1.42652232e+02
 1.16264745e+02
 1.46693786e+02
 5.51320014e+01
 8.70765549e-01
 2.05022807e+00
 6.25260520e+01
 6.74518020e+01
 5.72282158e+00
 9.46208130e+01
 4.68761838e+01
 1.24505020e+02
 3.82559572e+01
 4.58543369e+01
 1.18795486e+02
 1.20527076e+02
 1.53513556e+02
 1.36689731e+01
 9.27419334e+01
 4.59069198e+00
 2.28369832e+01
 9.76107381e+01
 6.10714853e+01
 1.34822599e+02
 4.64413312e+01
 7.21290729e+01
 4.82037768e+01
 1.38369753e+02
 1.09626233e+02
 3.31643447e+01
 1.47663310e+02
 8.58238593e+01
 1.41355298e+01
 6.34548076e+01
 5.71825221e+00
 8.77103948e+01
 2.46529196e+02
 1.58669993e+02
 6.36020437e+01
 1.11871514e+02
 3.81172069e+01
 4.00028618e+01
 4.82832875e+01
 3.98756330e+00
 1.84047665e+01
 7.63268061e+01
 9.88125298e+01
 1.34855551e+01
 3.34206965e+01
 6.99036786e+01
 4.53090892e+01
 1.93855784e+01
 3.67511253e+01
 7.74411111e+01
 2.13619836e+01
 4.43251358e+01
 1.45842729e+02
 7.36571650e+01
 3.63948218e+01
 1.38302733e+02
 3.74087888e+01
 9.54947977e+01
 2.03732820e+01
 1.08205678e+02
 1.69886009e+01
 7.04837947e+01
 7.16543812e+01
 3.65247505e+01
 1.80481046e+01
 5.47870755e+01
 1.47185617e+02
 1.88226149e+02
 1.76519203e+01
 1.05186123e+02
 2.62259114e+01
 5.30869531e+01
 3.17209362e+01
 1.11885718e+02
 4.38343258e+01
 2.32511398e+01
 3.96591451e-01
 1.55812208e+01
 1.07370382e+02
 2.13069979e+02
 1.05588858e+02
 1.06716705e+02
 1.47078838e+02
 7.46829484e+01
 1.67501287e+02
 5.56939024e+01
 1.11759283e+02
 3.43628214e+01
 3.04967584e+01
 2.42891674e+01
 9.66170831e+01
 2.56169084e+02
 1.20670532e+02
 6.70137801e+01
 8.38035726e+01
 7.27485505e+01
 2.08294307e+02
 8.25151963e+01
 8.25719649e+01
 5.40434041e+01
 9.79132784e+01
 4.74325860e+01
 2.08625641e+02
 1.55674611e+02
 8.76619321e+01
 9.69136258e+01
 1.13328714e+01
 7.60670550e+01
 2.81884161e+01
 3.23374429e+01
 4.38249966e+00
 4.90341011e+00
 4.65305539e+00
 1.73254497e+01
 1.61236075e+02
 1.55350195e+02
 1.02145899e+02
 8.83530286e+01
 1.28323981e+02
 3.53081421e+00
 3.91121800e+01
 4.70191796e+01
 5.93717268e+01
 2.48906314e+01
 1.39991484e+01
 4.07692473e+00
 1.02141042e+02
 1.19174936e+02
 1.14495635e+02
 1.73579161e+02
 1.49746657e+02
 1.12107882e+02
 9.03165929e+01
 5.67840397e+01
 1.95648254e+01
 4.01718033e+01
 7.10303048e+01
 1.07303213e+02
 7.49107094e+01
 5.60566261e+00
 1.08458553e+02
 1.36852091e+02
 8.92092598e+01
 5.53867067e+01
 9.05581068e+01
 3.60165612e+01
 8.97898538e+01
 7.02981533e+01
 3.27978877e+01
 1.15854729e+02
 5.52967855e-01
 1.18409723e+02
 3.15926715e+02
 6.89643168e+01
 3.55266917e+01
 6.25987376e+01
 9.56138689e+01
 7.92602365e-01
 9.90273604e+00
 4.76028178e+01
 3.28333654e+01
 4.11320327e+01
 8.00707599e+01
 1.05768159e+02
 1.47309938e+02
 8.17221160e+01
 1.35990452e+02
 6.79397643e+01
 4.70928871e+01
 5.64163025e+01
 1.38572066e+02
 2.43576941e+01
 1.26676686e+02
 3.26964238e+01
 9.45088281e-01
 2.28744468e+02
 1.57879094e+02
 1.72288944e+02
 7.76818453e+01
 5.16112457e+01
 4.70904170e+01
 5.78523473e+01
 8.29327217e+00
 7.88362595e+01
 3.96165080e+01
 8.14255293e+01
 1.16786784e+02
 1.96095510e+02
 1.56546205e+02
 9.33642023e+01
 1.54227389e+02
 7.88263704e+01
 7.33391172e+01
 3.85851271e+01
 2.46105111e+01
 2.21507667e+01
 5.61215599e+01
 1.42625155e+01
 6.82395024e+01
 4.26637081e+00
 9.67495035e+01
 1.03737430e+02
 1.90985172e+02
 2.03212534e+02
 9.20985493e+01
 2.22068943e+01
 2.15198480e+01
 5.29495657e+01
 1.69338521e+01
 2.41097177e+01
 3.97039422e+01
 4.02116010e+01
 6.00481429e+01
 8.83944892e+01
 2.33104277e+01
 1.04438384e+02
 1.21781224e+01
 2.18829083e+00
 3.69165997e+01
 4.07662196e+01
 3.04009119e+01
 3.12211465e+01
 1.21938536e+02
 1.18284454e+02
 5.27642214e+01
 9.71989582e+01
 1.75396215e+02
 2.19384840e+01
 7.85865771e+01
 6.39706473e+01
 2.78908428e+01
 2.21883933e+01
 7.10895383e+00
 1.87417566e+00
 2.64671608e+00
 1.62388941e+02
 5.54836874e+01
 7.46447935e+01
 5.50935280e+01
 6.72800634e+01
 1.11677298e+02
 6.66091222e+01
 1.08762518e+02
 7.84002377e+01
 2.59785780e+01
 1.03198784e+02
 8.53156488e+01
 5.50962758e+01
 1.36853437e+02
 1.07576434e+02
 1.41998882e+02
 8.47327468e+01
 8.48863022e+01
 4.62746340e+01
 1.76072122e+01
 1.86177407e+01
 2.96615571e+01
 1.72354106e+01
 5.26501227e+01
 2.15232730e+02
 1.89889831e+02
 2.31133883e+02
 1.70521213e+02
 9.79194322e+01
 9.54195840e+01
 1.16784134e+02
 7.55630743e+01
 4.59045111e+01
 6.69868137e+01
 7.87687648e+01
 4.96727324e+01
 3.53326967e+01
 6.03910695e+00
 1.77961138e+02
 2.74271418e+02
 3.91631356e+01
 1.62272893e+01
 5.26711273e+01
 1.26904597e+02
 5.31648915e+01
 1.88158850e+01
 1.13641593e+01
 3.93216174e+01
 1.11433338e+02
 1.34024394e+02
 1.86574470e+02
 1.06395768e+02
 1.31595088e+02
 9.49512307e+01
 6.65111906e+01
 5.00929898e+01
 7.76650065e-01
 3.62038118e+01
 1.83255384e+01
 1.06838889e+02
 1.12686704e+02
 7.48587285e+01
 3.91861756e+01
 3.87702331e-01
 1.25541858e+02
 1.13004815e+02
 1.22204358e+02
 1.37073265e+01
 6.83671797e+01
 1.35436316e+01
 6.12696899e+01
 6.85977957e+01
 1.04213666e+02
 1.26811727e+02
 1.34474243e+02
