 5.78829346e+00
 8.12194214e+00
 5.86147461e+00
 1.18070007e+01
 1.48695923e+01
 2.05407349e+01
 2.27576538e+01
 2.33366638e+01
 2.13321167e+01
 1.76440979e+01
 1.05812317e+01
 7.47924194e+00
 8.46032104e+00
 5.75606689e+00
 9.95568237e+00
 1.55606018e+01
 1.73832947e+01
 2.00456482e+01
 2.47716309e+01
 2.57161499e+01
 2.16192261e+01
 1.65885254e+01
 1.35370117e+01
 3.67937622e+00
 3.07550049e-01
 5.30907593e+00
 9.38628540e+00
 1.43710266e+01
 1.86159912e+01
 2.16435181e+01
 2.17358643e+01
 2.30648438e+01
 1.67975098e+01
 1.69395996e+01
 1.04247681e+01
 8.01323853e+00
 8.24691162e+00
 6.01436768e+00
 8.44057617e+00
 1.22948242e+01
 1.63104492e+01
 1.90869080e+01
 2.43348633e+01
 2.51589294e+01
 1.94916931e+01
 1.53805176e+01
 1.01451965e+01
 5.62328491e+00
 1.35369263e+00
 7.49385986e+00
 8.84490356e+00
 1.10696655e+01
 1.61132446e+01
 2.46709839e+01
 2.68404785e+01
 2.65255066e+01
 2.32460876e+01
 1.70703064e+01
 1.01616150e+01
 4.93148193e+00
 5.82668457e+00
 6.41716919e+00
 9.20180664e+00
 1.33138977e+01
 1.72848450e+01
 2.15362488e+01
 2.35045715e+01
 2.51461731e+01
 1.83479248e+01
 1.30816895e+01
 7.90419922e+00
 7.36321411e+00
 7.81807861e+00
 5.73360596e+00
 1.18000122e+01
 1.20947510e+01
 1.53603149e+01
 1.98466125e+01
 2.23861023e+01
 2.20062500e+01
 1.86989380e+01
 1.71093079e+01
 1.04626099e+01
 6.88955078e+00
 6.28981934e+00
 1.93425903e+00
 8.50698242e+00
 1.50876099e+01
 1.83537231e+01
 2.06349731e+01
 2.37680298e+01
 2.65703064e+01
 2.26603943e+01
 1.51821228e+01
 1.12238708e+01
 7.43761597e+00
 4.94872437e+00
 8.67525635e+00
 1.12536560e+01
 1.34923035e+01
 1.63415466e+01
 2.18504578e+01
 2.50865417e+01
 2.39386536e+01
 1.97528015e+01
 1.32863098e+01
 8.22692261e+00
 8.36934814e+00
 3.67501221e+00
 6.39891968e+00
 1.01081482e+01
 1.44430481e+01
 1.64241577e+01
 2.24974609e+01
 2.45161987e+01
 2.62536865e+01
 1.87542969e+01
 1.71698547e+01
 1.17838074e+01
 6.04635010e+00
 7.18700562e+00
 6.85851440e+00
 1.08067871e+01
 1.28125549e+01
 1.67856995e+01
 2.47312561e+01
 2.79724365e+01
 2.34402710e+01
 1.87200867e+01
 1.20235535e+01
 1.24715210e+01
 8.48363647e+00
 8.04989014e+00
 9.70659790e+00
 9.42406616e+00
 1.23062073e+01
 1.81120239e+01
 1.87007385e+01
 2.31603943e+01
 2.04230591e+01
 1.87145325e+01
 1.34864746e+01
 1.21291748e+01
 9.87908325e+00
 6.35415039e+00
 6.79311523e+00
 9.81823120e+00
 1.19298645e+01
 1.85637756e+01
 2.38494202e+01
 2.35387512e+01
 2.45841003e+01
 1.79446655e+01
 1.23591553e+01
 1.14681030e+01
 9.57229004e+00
 8.16005859e+00
 9.41079102e+00
 8.86840210e+00
 1.35601746e+01
 1.54389282e+01
 1.87525269e+01
 2.29707886e+01
 2.12600647e+01
 1.70038086e+01
 1.49758240e+01
 6.67998657e+00
 9.09127197e+00
 6.94451294e+00
 8.80269775e+00
 1.06747681e+01
 1.23772827e+01
 1.87138611e+01
 1.94968201e+01
 2.07342773e+01
 2.45667358e+01
 2.03743225e+01
 1.33483826e+01
 1.05875488e+01
 7.97368774e+00
 6.40740356e+00
 5.84578857e+00
 9.41881714e+00
 1.66174255e+01
 1.73380676e+01
 2.06289917e+01
 2.52909180e+01
 2.14399353e+01
 1.79190613e+01
 1.35354248e+01
 9.01366577e+00
 7.55413208e+00
 7.78341064e+00
 7.82128296e+00
 1.32022949e+01
 1.15372559e+01
 1.48272339e+01
 2.21672913e+01
 2.48887573e+01
 2.24276978e+01
 2.16773621e+01
 1.49860168e+01
 1.07220398e+01
 1.05179688e+01
 4.02483521e+00
 5.81569824e+00
 1.00648743e+01
 1.49832703e+01
 1.81686646e+01
 1.95985962e+01
 2.25722900e+01
 2.14217773e+01
 1.96701904e+01
 1.58243652e+01
 1.16266113e+01
 6.54128418e+00
 7.12914429e+00
 3.14199219e+00
 1.05042969e+01
 1.24267517e+01
 1.94298950e+01
 2.46780945e+01
 2.27401672e+01
 2.43932739e+01
 2.03637634e+01
 1.71817566e+01
 7.06078491e+00
 8.59334717e+00
 4.03060303e+00
 8.83129272e+00
 6.26931152e+00
 1.21040283e+01
 1.69709412e+01
 2.00028320e+01
 2.18210388e+01
 2.55829102e+01
 1.92181335e+01
 1.38192993e+01
 1.02059265e+01
 8.62539063e+00
 7.61519775e+00
 4.14800415e+00
 7.08968506e+00
 1.24584595e+01
 1.62300354e+01
 2.06087585e+01
 2.24697815e+01
 2.57130981e+01
 1.77869507e+01
 1.59715820e+01
 1.11940247e+01
 7.77202759e+00
 6.78618774e+00
 8.16393433e+00
 9.41335449e+00
 1.47081848e+01
 1.76976868e+01
 2.11301514e+01
 2.40831848e+01
 2.26432739e+01
 1.75348145e+01
 1.68578125e+01
 1.21374451e+01
 6.19960938e+00
 8.66903076e+00
 9.48079834e+00
 1.04207092e+01
 1.41788574e+01
 1.75705505e+01
 2.00645996e+01
 2.25405823e+01
 2.13053833e+01
 1.70468689e+01
 1.28337646e+01
 8.53087769e+00
 6.85546265e+00
 7.99260864e+00
 6.45687256e+00
 8.78844604e+00
 1.20908142e+01
 1.58733154e+01
 2.11339355e+01
 2.49569946e+01
 2.45879150e+01
 1.84996277e+01
 1.37539917e+01
 1.05857483e+01
 7.22762451e+00
 4.62584839e+00
 6.84142456e+00
 8.08773193e+00
 1.26557861e+01
 1.88894592e+01
 2.29295288e+01
 2.31014954e+01
 2.16751953e+01
 2.26369568e+01
 1.39945618e+01
 1.17845703e+01
 8.28585205e+00
 5.21404419e+00
 5.48119507e+00
 8.45034180e+00
 1.30459839e+01
 1.77791077e+01
 2.22547546e+01
 2.35028015e+01
 2.43435303e+01
 2.17678467e+01
 1.74405762e+01
 1.31195007e+01
 6.67962036e+00
 6.10997925e+00
 8.79421387e+00
 1.22013489e+01
 1.37582031e+01
 1.91086670e+01
 2.18858582e+01
 2.38767639e+01
 2.40547424e+01
 2.07168213e+01
 1.54900757e+01
 1.39560486e+01
 6.23372803e+00
 8.00856934e+00
 8.50499878e+00
 1.17858826e+01
 1.41756836e+01
 2.00046936e+01
 2.21796509e+01
 2.55112549e+01
 2.49141785e+01
 2.03802429e+01
 1.46451355e+01
 8.69475708e+00
 4.57247314e+00
 7.54409180e+00
 6.30944214e+00
 1.07740723e+01
 1.37797180e+01
 1.63453918e+01
 2.10945679e+01
 2.50337769e+01
 2.71640869e+01
 2.19040771e+01
 1.69592834e+01
 1.00030151e+01
 7.14254150e+00
 6.35820923e+00
 8.67714844e+00
 9.36889038e+00
 1.22344299e+01
 1.74133240e+01
 2.13194214e+01
 2.47134033e+01
 2.10421997e+01
 1.73792969e+01
 1.30604492e+01
 1.18805786e+01
 9.06173096e+00
 3.10793457e+00
 5.30443726e+00
 6.62539063e+00
 1.38551880e+01
 1.64373413e+01
 2.07615295e+01
 2.52632690e+01
 2.54092651e+01
 2.03324219e+01
 1.44185730e+01
 1.26473633e+01
 7.32015381e+00
 4.01534424e+00
 9.65087280e+00
 1.05470825e+01
 1.43655640e+01
 1.84310547e+01
 2.19678589e+01
 2.45302063e+01
 2.66849609e+01
 2.30185486e+01
 1.74134766e+01
 1.20789124e+01
 1.00402161e+01
 2.67623291e+00
 5.15413818e+00
 8.87813721e+00
 1.29902283e+01
 1.55262085e+01
 2.11006714e+01
 2.33503967e+01
 2.29163147e+01
 2.14545532e+01
 1.49796387e+01
 1.10735413e+01
 8.30907593e+00
 8.15114746e+00
 9.29326782e+00
 1.13415466e+01
 1.41834656e+01
 1.53605896e+01
 1.87923523e+01
 2.29150024e+01
 2.29598633e+01
 2.04665771e+01
 1.58890320e+01
 9.62575684e+00
 1.04077698e+01
 9.73119507e+00
 1.05532166e+01
 1.13342834e+01
 1.33790527e+01
 1.63677612e+01
 2.42191711e+01
 2.52020508e+01
 2.16307922e+01
 1.89981628e+01
 1.71997009e+01
 1.02861267e+01
 8.86748657e+00
 3.31853638e+00
 8.93120728e+00
 1.04011169e+01
 1.69057556e+01
 1.77803894e+01
 1.83313538e+01
 2.52869202e+01
 2.57397705e+01
 1.98541504e+01
 1.83551575e+01
 1.04472595e+01
 1.14779602e+01
 7.95855103e+00
 8.54866943e+00
 1.03515564e+01
 1.37183472e+01
 1.76722656e+01
 2.23015686e+01
 2.50141846e+01
 2.54843994e+01
 2.18831726e+01
 1.70083862e+01
 1.17719360e+01
 7.59566650e+00
 7.15184937e+00
 7.43139038e+00
 1.06635376e+01
 1.39952637e+01
 1.92781616e+01
 2.06355835e+01
 2.48787170e+01
 2.21133057e+01
 2.02684570e+01
 1.56357666e+01
 1.01490417e+01
 8.19481812e+00
 6.40700684e+00
 6.61544189e+00
 9.70269165e+00
 1.37317444e+01
 1.70479675e+01
 2.25811707e+01
 2.49072815e+01
 2.35229126e+01
 1.99980408e+01
 1.74908997e+01
 1.08923889e+01
 9.58840332e+00
 8.97496948e+00
 5.99703369e+00
 9.03899536e+00
 1.60675293e+01
 1.76950012e+01
 2.17233521e+01
 2.27808167e+01
 2.42053162e+01
 1.80450378e+01
 1.23601624e+01
 8.10192261e+00
 9.23388062e+00
 4.96544800e+00
 5.87371216e+00
 8.39187012e+00
 1.30689331e+01
 1.83289124e+01
 2.18107239e+01
 2.68517090e+01
 2.52299438e+01
 2.33499390e+01
 1.58568665e+01
 1.07560059e+01
 6.48211060e+00
 5.94536743e+00
 8.03392944e+00
 9.59081421e+00
 1.43327576e+01
 1.80909668e+01
 2.34367004e+01
 2.29005371e+01
 2.33819824e+01
 1.82444092e+01
 1.69052368e+01
 1.03758179e+01
 1.03062683e+01
 7.85457764e+00
 4.16811523e+00
 1.00931946e+01
 1.50130249e+01
 1.69203125e+01
 2.17245117e+01
 2.34700562e+01
 2.39475647e+01
 1.73713318e+01
 1.47026611e+01
 1.14704834e+01
 5.04216919e+00
 7.69512329e+00
 9.91082153e+00
 9.78945313e+00
 1.37993713e+01
 1.88166443e+01
 2.15613342e+01
 2.57099854e+01
 2.56463257e+01
 2.08644958e+01
 1.63065125e+01
 9.63201294e+00
 9.56139526e+00
 7.57265625e+00
 8.08709106e+00
 1.23940674e+01
 1.87553345e+01
 1.61003357e+01
 1.99834229e+01
 2.34771362e+01
 2.52094360e+01
 2.12322327e+01
 1.38160950e+01
 9.78243408e+00
 7.92272339e+00
 6.27532349e+00
 1.00624939e+01
 1.13492371e+01
 1.53122498e+01
 1.70435425e+01
 2.28234497e+01
 2.43848206e+01
 2.23080688e+01
 2.08025452e+01
 1.65854126e+01
 1.27585083e+01
 9.03350220e+00
 5.50014648e+00
 8.28576050e+00
 1.06175781e+01
 1.79023071e+01
 1.77130981e+01
 2.25170532e+01
 2.38612000e+01
 2.74981323e+01
 2.10811096e+01
 1.75406738e+01
 1.22700134e+01
 7.72979126e+00
 8.11339722e+00
 8.59932861e+00
 8.52831421e+00
 1.33570801e+01
 1.75685364e+01
 2.51148926e+01
 2.45218445e+01
 2.12664734e+01
 1.97758118e+01
 1.50808350e+01
 8.60875854e+00
 4.70107422e+00
 8.21193848e+00
 4.95861206e+00
 1.10802551e+01
 1.30191284e+01
 1.87353149e+01
 2.55184265e+01
 2.56932007e+01
 2.53003174e+01
 1.95829407e+01
 1.52957092e+01
 1.15250793e+01
 8.59252319e+00
 4.72603760e+00
 9.80706177e+00
 1.06770569e+01
 1.48857971e+01
 1.89495483e+01
 2.61515137e+01
 2.65151306e+01
 2.78670288e+01
 2.02676331e+01
 1.64774109e+01
 1.10759521e+01
 6.77565918e+00
 8.47197876e+00
 9.12633667e+00
 1.12672974e+01
 1.50005432e+01
 1.87233826e+01
 2.14583984e+01
 2.67781921e+01
 2.44391418e+01
 2.05378052e+01
 1.56557861e+01
 9.82714233e+00
 8.96206055e+00
 7.04515991e+00
 6.51448975e+00
 9.78905640e+00
 1.40845886e+01
 1.94211975e+01
 2.29704529e+01
 2.35606934e+01
 2.38505188e+01
 2.23303162e+01
 1.88334900e+01
 1.13716980e+01
 6.96685181e+00
 7.04284058e+00
 6.77248535e+00
 1.05855652e+01
 1.76234680e+01
 1.74584900e+01
 2.40250183e+01
 2.65017334e+01
 2.80484863e+01
 2.23302856e+01
 1.69446045e+01
 1.21855103e+01
 8.29796753e+00
 7.95281372e+00
 7.01827393e+00
 7.94405518e+00
 1.51078430e+01
 1.72733704e+01
 2.10802856e+01
 2.49992615e+01
 2.49464355e+01
 1.74149414e+01
 1.43241516e+01
 1.16257568e+01
 1.00676514e+01
 6.69402466e+00
 6.71935425e+00
 1.28474060e+01
 1.36967407e+01
 1.92749878e+01
 2.39330994e+01
 2.60279175e+01
 2.63434998e+01
 2.21106506e+01
 1.38631531e+01
 1.21113220e+01
 9.92022095e+00
 6.76247559e+00
 4.20293579e+00
 1.03986145e+01
 1.31111389e+01
 1.66852356e+01
 2.24555603e+01
 2.54926392e+01
 2.29886108e+01
 2.15018250e+01
 1.61771484e+01
 1.20570313e+01
 7.47640381e+00
 6.75744019e+00
 1.04716125e+01
 1.04914490e+01
 1.31181274e+01
 1.63771301e+01
 2.22157837e+01
 2.55051208e+01
 2.50785156e+01
 2.10877625e+01
 1.39216858e+01
 1.32594849e+01
 7.20180664e+00
 4.78157959e+00
 8.22231445e+00
 9.80147705e+00
 1.27766052e+01
 1.49220215e+01
 1.84483887e+01
 2.19824158e+01
 2.41670471e+01
 1.69963623e+01
 1.52903687e+01
 1.13547913e+01
 7.43605957e+00
 7.02013550e+00
 8.51717529e+00
 8.03679810e+00
 1.42860962e+01
 1.55398499e+01
 2.37647644e+01
 2.50089355e+01
 2.42438293e+01
 2.06807495e+01
 1.84918457e+01
 1.12907654e+01
 9.63567505e+00
 2.73369751e+00
 4.54152832e+00
 1.06952454e+01
 1.18275391e+01
 1.80932861e+01
 2.09922729e+01
 2.39306885e+01
 2.27138611e+01
 1.74351746e+01
 1.52067200e+01
 9.31691895e+00
 7.03090820e+00
 7.53362427e+00
 6.36095581e+00
 9.96450195e+00
 1.20681396e+01
 1.54005066e+01
 2.11099487e+01
 2.21783081e+01
 2.32225891e+01
 2.10942017e+01
 1.43671509e+01
 1.14499756e+01
 1.01672607e+01
 7.69994507e+00
 8.76497803e+00
 1.19365479e+01
 1.40212646e+01
 1.79383179e+01
 2.06792847e+01
 2.48128296e+01
 2.49344116e+01
 2.41030518e+01
 1.79026733e+01
 1.26759277e+01
 1.04969727e+01
 7.54198608e+00
 9.63829956e+00
 1.14145447e+01
 1.60690552e+01
 1.74369751e+01
 2.28263489e+01
 2.27972961e+01
 2.49101196e+01
 2.10570313e+01
 1.58431030e+01
 1.27897888e+01
 7.99022827e+00
 7.52593384e+00
 9.75405273e+00
 1.28817993e+01
 1.55260254e+01
 2.12245728e+01
 2.24987122e+01
 2.55906311e+01
 2.48977600e+01
 2.04975830e+01
 1.50728088e+01
 1.08078247e+01
 8.22322998e+00
 7.30709229e+00
 8.19786987e+00
 9.83446655e+00
 1.50064941e+01
 1.71574646e+01
 2.12963501e+01
 2.60361572e+01
 2.45483643e+01
 2.22694946e+01
 1.56897217e+01
 1.21385132e+01
 1.02829224e+01
 6.18358765e+00
 5.40609131e+00
 9.90288696e+00
 1.18182007e+01
 1.69564758e+01
 2.02057129e+01
 2.43980042e+01
 2.73837524e+01
 2.18770386e+01
 1.89042908e+01
 1.30850464e+01
 6.98967896e+00
 7.22274170e+00
 8.49468384e+00
 1.10889221e+01
 1.42213989e+01
 1.71106812e+01
 2.12458435e+01
 2.74148193e+01
 2.50450684e+01
 2.10655762e+01
 1.61312500e+01
 1.31209961e+01
 9.16683350e+00
 7.27846680e+00
 7.89980469e+00
 1.23719116e+01
 1.31761108e+01
 1.94403320e+01
 2.38806091e+01
 2.33408752e+01
 2.49078003e+01
 2.10657593e+01
 1.68038879e+01
 8.58690796e+00
 6.75646362e+00
 5.20305786e+00
 9.29570923e+00
 9.44118652e+00
 1.44063354e+01
 1.89045654e+01
 2.38336426e+01
 2.63676697e+01
 2.24038635e+01
 2.22041260e+01
 1.76806274e+01
 1.26473938e+01
 9.96654663e+00
 5.42897949e+00
 9.57091675e+00
 1.17510620e+01
 1.39349304e+01
 2.04312378e+01
 2.48128296e+01
 2.71372925e+01
 2.55378662e+01
 2.24724976e+01
 1.70319153e+01
 1.40487305e+01
 9.52056274e+00
 9.43401489e+00
 7.22399292e+00
 1.09679199e+01
 1.48158508e+01
 1.64309021e+01
 2.05558716e+01
 2.37293945e+01
 2.37765442e+01
 1.83310486e+01
 1.51938416e+01
 1.22265564e+01
 6.76537476e+00
 4.09139404e+00
 1.08595520e+01
 1.22325073e+01
 1.45198608e+01
 1.80472046e+01
 2.38990417e+01
 2.51940247e+01
 2.41123291e+01
 1.92677856e+01
 1.58281189e+01
 1.15388428e+01
 9.75396118e+00
 8.78692017e+00
 7.83657227e+00
 1.03012939e+01
 1.57371765e+01
 1.99229675e+01
 2.05877930e+01
 2.27705627e+01
 2.55540710e+01
 2.20385376e+01
 1.66152588e+01
 1.04108826e+01
 7.22939453e+00
 4.86336670e+00
 8.41085205e+00
 1.01191345e+01
 1.58160034e+01
 1.75097595e+01
 2.04896484e+01
 2.42700745e+01
 2.53893982e+01
 2.27885681e+01
 1.39006287e+01
 1.04851318e+01
 1.05024353e+01
 8.34658203e+00
 6.30358276e+00
 1.08943420e+01
 1.41814819e+01
 1.80943542e+01
 2.25605103e+01
 2.65492798e+01
 2.68752380e+01
 2.23158203e+01
 1.65116821e+01
 1.38190552e+01
 1.07931458e+01
 4.41906128e+00
 9.70626221e+00
 1.03113342e+01
 1.72682129e+01
 2.14659058e+01
 2.82942749e+01
 2.81614319e+01
 2.47395264e+01
 1.97056213e+01
 1.86411682e+01
 1.31191040e+01
 7.71431885e+00
 6.68569336e+00
 6.03243408e+00
 1.22890869e+01
 1.27398621e+01
 1.98312012e+01
 2.46706787e+01
 2.74895264e+01
 2.75414368e+01
 2.04645630e+01
 1.92821899e+01
 1.16688782e+01
 9.56325684e+00
 1.02463013e+01
 9.43456421e+00
 1.14052979e+01
 1.45698486e+01
 1.80283447e+01
 2.55551086e+01
 2.70956360e+01
 2.69114319e+01
 2.08903442e+01
 1.50055176e+01
 1.27929016e+01
 8.82073364e+00
 8.75591431e+00
 9.28374634e+00
 1.08111816e+01
 1.65298706e+01
 2.21211182e+01
 2.30883118e+01
 2.65723816e+01
 2.78334290e+01
 2.35604492e+01
 1.75827576e+01
 1.34859863e+01
 1.06355225e+01
 8.90941772e+00
 9.60646973e+00
 9.28118286e+00
 1.32485596e+01
 1.66976563e+01
 2.55067078e+01
 2.69970032e+01
 2.55650879e+01
 2.07137390e+01
 1.72077271e+01
 1.37876831e+01
 1.22603699e+01
 8.86480103e+00
 7.24022827e+00
 1.04008423e+01
 1.37031494e+01
 1.81383606e+01
 2.06574036e+01
 2.16695190e+01
 2.62850891e+01
 2.45023438e+01
 1.76618896e+01
 1.23707520e+01
 7.15139160e+00
 9.36760864e+00
 9.40679321e+00
 1.23052917e+01
 1.79058167e+01
 1.77800842e+01
 2.29569336e+01
 2.43291260e+01
 2.73347412e+01
 2.11575256e+01
 1.61158997e+01
 1.38597656e+01
 9.95015869e+00
 4.30660400e+00
 9.98763428e+00
 9.46468506e+00
 1.35032593e+01
 1.63203369e+01
 2.31041199e+01
 2.70570923e+01
 2.32396484e+01
 2.05071350e+01
 1.96205688e+01
 1.33664185e+01
 8.23769531e+00
 7.90618286e+00
 5.34652100e+00
 1.21906067e+01
 1.70939270e+01
 1.99478699e+01
 2.11504761e+01
 2.37278687e+01
 2.51435486e+01
 2.01807800e+01
 1.92676636e+01
 1.13951965e+01
 1.17587830e+01
 1.15251404e+01
 8.75127563e+00
 1.23847595e+01
 1.68156067e+01
 1.88129211e+01
 2.37140747e+01
 2.88805481e+01
 2.75694519e+01
 2.44497620e+01
 2.03671204e+01
 1.31219421e+01
 1.04272095e+01
 8.28572998e+00
 1.10616699e+01
 1.28317200e+01
 1.55329834e+01
 1.82216736e+01
 2.55060974e+01
 2.96694580e+01
 2.76432739e+01
 2.52327515e+01
 1.81622253e+01
 1.52361389e+01
 1.10968872e+01
 9.62816772e+00
 9.80404053e+00
 1.20756470e+01
 1.38206116e+01
 1.76664673e+01
 2.11904541e+01
 2.54325500e+01
 2.76487366e+01
 2.28984314e+01
 1.46761719e+01
 1.44397522e+01
 9.55077515e+00
 5.48168335e+00
 6.24938354e+00
 9.82363281e+00
 1.36179138e+01
 1.71744629e+01
 2.52230469e+01
 3.01456543e+01
 2.70505920e+01
 2.12020508e+01
 1.67824036e+01
 1.12717834e+01
 9.47292480e+00
 6.83602295e+00
 1.11353699e+01
 1.28117920e+01
 1.23580261e+01
 1.66921631e+01
 2.07287842e+01
 2.88062683e+01
 2.88184448e+01
 2.14576660e+01
 1.64641968e+01
 1.35602966e+01
 1.12299438e+01
 1.01875244e+01
 1.03201233e+01
 1.38186584e+01
 1.61866089e+01
 2.02871643e+01
 2.35337158e+01
 2.72782532e+01
 2.71967407e+01
 2.30016113e+01
 1.72431885e+01
 1.20111633e+01
 8.23449097e+00
 9.47042236e+00
 1.16263977e+01
 1.04659668e+01
 1.61428467e+01
 1.85925232e+01
 2.28967834e+01
 2.58878113e+01
 2.36389404e+01
 2.42529846e+01
 1.81199585e+01
 9.44185791e+00
 9.16689453e+00
 5.64925537e+00
 8.11202393e+00
 1.09761597e+01
 1.60367371e+01
 2.04411255e+01
 2.40222412e+01
 2.81263367e+01
 2.76443115e+01
 2.41979614e+01
 1.59196716e+01
 1.35581604e+01
 1.07646729e+01
 8.85924683e+00
 7.87249146e+00
 1.10750671e+01
 1.55705811e+01
 1.87083374e+01
 2.68359924e+01
 2.83002258e+01
 3.07979065e+01
 2.51591125e+01
 1.80526062e+01
 1.36518188e+01
 9.92763672e+00
 6.76613770e+00
 9.06353149e+00
 1.30273071e+01
 1.57913147e+01
 1.71918884e+01
 2.16619812e+01
 2.64190613e+01
 2.60435425e+01
 2.08496948e+01
 1.70123230e+01
 1.46678406e+01
 8.26738892e+00
 9.73098145e+00
 9.53939209e+00
 1.00006958e+01
 1.47981201e+01
 2.09088989e+01
 1.97806641e+01
 2.72485901e+01
 2.74236694e+01
 2.15163513e+01
 1.89459167e+01
 1.39580933e+01
 1.09042603e+01
 7.78215942e+00
 5.35671387e+00
 1.30553528e+01
 1.76861206e+01
 2.22308594e+01
 2.48863159e+01
 2.74198853e+01
 2.77887817e+01
 2.27631470e+01
 1.70576721e+01
 1.46790405e+01
 8.14779053e+00
 1.10138794e+01
 1.02224365e+01
 1.16631409e+01
 1.53485657e+01
 1.90505615e+01
 2.34923950e+01
 2.91882568e+01
 2.71782471e+01
 2.09608398e+01
 1.62560669e+01
 1.50302979e+01
 9.06075439e+00
 7.55880127e+00
 8.72634277e+00
 1.23640686e+01
 1.56570068e+01
 1.97702271e+01
 2.48607422e+01
 2.66008850e+01
 2.62844482e+01
 2.32038513e+01
 1.90997864e+01
 1.43205505e+01
 1.12071167e+01
 1.30891357e+01
 1.19926697e+01
 1.13555847e+01
 1.48998657e+01
 1.85837036e+01
 2.26841064e+01
 2.77781006e+01
 2.89510742e+01
 2.43328491e+01
 1.73276611e+01
 1.41637207e+01
 1.04517151e+01
 8.06957397e+00
 7.60976563e+00
 8.65383301e+00
 1.18868652e+01
 1.97006165e+01
 2.50081421e+01
 2.85981995e+01
 2.75929504e+01
 2.14890076e+01
 1.74838196e+01
 1.35193420e+01
 1.11687256e+01
