 7.69494209e+01
 9.16299923e+01
 9.95002581e+01
 5.39596123e+01
 2.17952854e+01
 7.85913105e+01
 9.74541624e+01
 5.47294108e+01
 6.78672767e+01
 6.02583007e+01
 9.41303264e+01
 3.49436245e+00
 9.53638193e+01
 6.33789857e+01
 2.99376328e+01
 4.61465229e+01
 5.95206974e+01
 2.12528079e+01
 3.98126296e+01
 3.44465004e+01
 1.00491298e+02
 8.94094398e+01
 8.27106350e+01
 1.88535807e+01
 2.85327653e+01
 1.13460853e+01
 4.24559400e+01
 8.03506410e+01
 1.60660713e+02
 1.14441377e+02
 2.28320138e+01
 3.74031645e+01
 1.19308722e+02
 5.69565103e+01
 8.76022802e+01
 3.62141623e+01
 7.33534408e+01
 2.33334598e+01
 3.68467793e+01
 4.40824687e+01
 8.03607578e+01
 7.33311078e+01
 1.56108256e+02
 8.42111430e+01
 5.64381180e+01
 1.18171502e+02
 5.51703452e+01
 3.94163548e+01
 6.27865618e+00
 1.81146053e+00
 5.80674048e+01
 5.79387416e+01
 2.84537710e+01
 8.48163588e+01
 4.66284119e+01
 4.29332675e+01
 1.89168701e+01
 1.58268668e+02
 7.44242012e+01
 3.84735680e+01
 2.32253776e+01
 4.91482291e+01
 6.27316204e+01
 7.82943617e+01
 1.10291190e+02
 1.13478460e+02
 3.28332802e+01
 1.62107879e+01
 3.60569507e+01
 2.04185171e+01
 2.16952726e+01
 3.10923727e+01
 1.03505521e+01
 1.90853785e+01
 4.34909194e+01
 5.44712127e+01
 6.78614854e+01
 6.10875675e+01
 1.03262938e+02
 2.01924402e+01
 3.99631065e+01
 6.61922325e+01
 5.25212667e+01
 1.17031206e+02
 3.85799160e+01
 4.87195808e+01
 1.57314958e+02
 4.60035554e+01
 7.49206548e+01
 1.03689578e+02
 2.27966700e+01
 4.99170334e+01
 1.10880085e+02
 9.95686314e+01
 1.07785210e+02
 1.64046078e+02
 5.87642687e+01
 5.78541986e+01
 7.08407993e+01
 7.65105706e+01
 2.98389800e+01
 8.54487671e+01
 5.43156578e+01
 5.09659904e+01
 7.00054761e+01
 2.28199313e+02
 6.80661054e+01
 9.87324046e+01
 8.34040116e+01
 3.31628856e+01
 1.18751317e+02
 5.37607600e+01
 6.62787053e+01
 9.26360678e+01
 1.17014884e+02
 3.07772091e+01
 6.68391252e+01
 2.51418844e+02
 9.93360258e+01
 5.29533398e+01
 3.97269387e+01
 6.47027791e+01
 4.31672737e+01
 1.62113710e+02
 8.07434081e+01
 7.00958498e+01
 2.29164696e+01
 2.42198902e+01
 8.90007903e+01
 2.01994193e+02
 1.97327533e+01
 2.94188222e+00
 2.51143982e+01
 6.45005761e+01
 5.09931955e+01
 2.99127899e+01
 4.31724721e+01
 3.38551225e+01
 6.46417148e+01
 2.25965108e+00
 7.61983269e+01
 2.10624152e+01
 7.57306544e+01
 7.24839042e+01
 1.76967909e+01
 1.52269284e+01
 5.97030020e+01
 9.30410709e+01
 1.22342688e+02
 1.22572132e+01
 6.14186166e+01
 9.51598295e+01
 2.25158588e+01
 8.18975171e+01
 7.32083244e+01
 1.36415844e+02
 3.33066151e+01
 1.83511783e+01
 6.89513573e+01
 8.74138948e+01
 1.06991533e+02
 1.76504059e+02
 6.17515678e+01
 1.19748777e+02
 1.31599118e+02
 2.08207216e+02
 8.15001426e+01
 1.62217669e+00
 6.03112348e+01
 4.93392151e+01
 1.45835413e+01
 1.08965641e+02
 5.84419920e+01
 4.20084333e+01
 4.95418129e+01
 4.39790919e+01
 1.36117237e+02
 8.54425070e+01
 1.01015907e+02
 5.35671753e+01
 7.80698938e+01
 6.73267439e+01
 6.78169116e+01
 2.81284944e+01
 4.94515009e+01
 6.59647618e+01
 1.35878406e+02
 1.38371782e+01
 6.17782416e+01
 3.54135277e+01
 3.93615001e+01
 5.67483988e+00
 1.11241324e+02
 6.21810070e+01
 1.43857786e+02
 8.82613555e+01
 1.25174089e+02
 6.24400468e+01
 3.32380907e+01
 1.11142851e+02
 9.98207376e+01
 2.22455812e+02
 7.36590660e+01
 4.44146373e+01
 4.34702329e+01
 4.86755010e+01
 4.08610410e+01
 8.77584822e+01
 9.16071418e+01
 6.28444558e+01
 1.06807402e+02
 9.92050538e+00
 7.25286689e+01
 9.80939022e+01
 2.85623922e+01
 7.62509688e+01
 6.83921720e+00
 3.40344837e+01
 1.70384218e+01
 9.04024027e+01
 2.56608103e+01
 5.70478339e+01
 2.21369550e+01
 6.13433348e+01
 6.46107879e+01
 2.59562412e+00
 8.78042160e+01
 6.14118787e+01
 4.45311409e+01
 9.23236870e+01
 6.07835587e+01
 6.11253615e+01
 1.23701474e+02
 7.34457722e+01
 4.98563206e+00
 3.38493026e+01
 3.70943668e+01
 1.46720189e+01
 8.81799589e+01
 1.94129743e+01
 4.30322662e+01
 4.95905716e+01
 1.07052219e+02
 1.12789304e+02
 2.04535783e+01
 1.05157386e+02
 6.01169353e+01
 3.59037197e+01
 1.61364627e+01
 4.71249350e+01
 5.83480211e+01
 5.51733798e+01
 4.56452802e+01
 3.05381353e+01
 4.94212703e+01
 1.18127094e+02
 8.88605819e+01
 5.93162377e+01
 1.40462814e+02
 1.68767366e+01
 2.66238160e+01
 1.82118906e+02
 2.65498169e+01
 7.36228078e+01
 7.63922124e+01
 1.31083416e+02
 5.63106123e+01
 1.75830934e+02
 7.49145649e+01
 2.45497735e+01
 1.33224302e+01
 6.40208733e+01
 4.74944995e+01
 5.44867958e+01
 6.76733750e+01
 2.52285024e+01
 7.43958450e+01
 6.56507500e+00
 8.81842242e+01
 1.04935045e+02
 1.12063168e+02
 4.99513029e+01
 5.08471579e+01
 5.04798885e+01
 5.41822650e+01
 1.74767379e+02
 3.76335749e+01
 4.28028348e+01
 5.78567111e+01
 1.27242994e+02
 4.88847141e+01
 1.09716656e+02
 3.70433711e+01
 5.85687925e+01
 4.22528125e+01
 1.17898691e+02
 6.09449772e+01
 1.38662237e+02
 8.06261469e+01
 1.86949729e+02
 2.88334031e+01
 4.49147420e+01
 1.31361417e+02
 1.13894269e+02
 6.49845463e+01
 9.43426254e+01
 3.77281841e+01
 3.41315779e+01
 4.29123398e+01
 7.20945793e+01
 6.18095574e+01
 8.99650113e+01
 1.21962079e+02
 9.06735438e+01
 7.10652710e+01
 3.34863386e+01
 1.47630726e+01
 4.21510425e+01
 1.97834398e+01
 7.16216756e+01
 1.25013834e+02
 9.67606358e+01
 7.14661794e+01
 1.17598674e+02
 4.30846449e+01
 1.26714574e+02
 8.79487029e+01
 1.85133124e+02
 5.49164218e+01
 9.89087782e+01
 9.31171929e+01
 3.37422287e+01
 5.49877166e+01
 9.39398172e+01
 3.61308744e+01
 5.90147226e+01
 7.02568777e+01
 4.09915210e+01
 6.03069864e+01
 5.08096030e+01
 1.61859067e+01
 4.60690395e+01
 1.02317754e+02
 1.18716078e+01
 5.99242091e+01
 1.90698075e+02
 9.48684881e+01
 5.82658553e+01
 2.15813860e+01
 3.82916784e+01
 1.06914273e+02
 2.10402468e+02
 1.05995184e+02
 2.77162116e+01
 7.31181923e+01
 3.29331923e+01
 9.78083296e+01
 1.50438663e+02
 7.25982927e+01
 2.44136002e+01
 1.27839045e+01
 8.20417623e+01
 4.76413602e+01
 1.24220226e+02
 9.57237223e+01
 2.65773514e+01
 3.36638994e+01
 8.49670894e+01
 6.95525375e+01
 7.22080672e+01
 3.73981875e+01
 4.87049673e+01
 2.25695602e+01
 6.92918484e+01
 4.42531554e+01
 6.82110579e+01
 1.05219867e+02
 1.93587250e+02
 9.06950582e+01
 3.04684035e+01
 8.10098295e+01
 4.18405650e+01
 1.80484311e+02
 1.39378516e+02
 1.18310247e+02
 1.11631687e+01
 4.20153716e+01
 7.06742168e+01
 8.59185483e+01
 8.73895003e+01
 4.50334909e+01
 1.26224449e+02
 1.57202093e+02
 1.33249602e+02
 3.44723750e+01
 7.12643255e+01
 8.31499183e+01
 5.74070419e+01
 1.30776702e+02
 1.20042301e+02
 6.41214700e+01
 5.85481652e+01
 4.14382514e+01
 1.15014790e+02
 6.86405262e+01
 2.12078999e+01
 9.33269681e+01
 1.50693936e+02
 9.99453623e+01
 2.12999253e+01
 6.68035103e+01
 8.54605258e+01
 1.19116940e+02
 1.02742521e+02
 6.55948351e+01
 5.91871420e+00
 3.07421881e+01
 6.57883843e+01
 2.33312022e+01
 1.07266586e+02
 9.35051390e+01
 2.52243367e+01
 2.58154032e+01
 6.39219385e+01
 5.17915135e+01
 6.22387994e+01
 6.86456855e+00
 2.41987531e+01
 7.91838455e+01
 6.29811146e+01
 9.17119064e+01
 1.39372280e+02
 9.10399165e+01
 7.54157195e+01
 2.81593645e+01
 4.21585391e+01
 1.14373150e+02
 3.18520333e+01
 1.87647730e+01
 7.44193913e+01
 7.98613275e+01
 1.64610214e+02
 1.25515444e+02
 2.55922055e+01
 1.45049246e+01
 5.94348315e+01
 1.17239283e+01
 4.62056043e+01
 6.54056609e+01
 6.59171091e+01
 2.61382767e+01
 1.44671838e+01
 1.03029041e+02
 8.32717471e+01
 9.15987224e+01
 9.24136788e+01
 8.74410717e+01
 1.90447553e+01
 5.28061572e+01
 9.50741085e+00
 6.66875620e+01
 2.95105945e+01
 2.98450797e+01
 4.28175482e+01
 6.71411566e+01
 5.50486863e+01
 1.26210710e+02
 7.18135927e+01
 3.12405857e+01
 9.64793160e+01
 5.45371721e+01
 6.22011751e+01
 1.84281384e+02
 1.24469508e+02
 4.70696819e+01
 6.80864393e+01
 9.38854858e+01
 8.34668992e+01
 2.19375319e+01
 1.04488728e+02
 3.05809974e+01
 1.17422585e+02
 4.82067926e+01
 7.70326804e+01
 7.87312067e+01
 3.16033572e+01
 1.62322210e+01
 3.27354191e+01
 4.26275883e+01
 1.22409756e+02
 3.18524152e+01
 3.66219057e+01
 6.40888716e+01
 8.16730093e+01
 1.43517244e+02
 5.80022408e+01
 6.04859489e+01
 3.19635624e+01
 6.97367353e+01
 3.57040854e+01
 1.07271561e+01
 7.08756632e+01
 7.58758756e+01
 5.27155968e+01
 4.78245661e+01
 1.23070309e+02
 9.37409137e+01
 1.43572537e+02
 2.62533115e+01
 2.47824074e+01
 9.50747355e+01
 1.24759040e+01
 6.20090603e+01
 6.39112343e+01
 8.99843773e+01
 4.33669469e+01
 4.46325025e+01
 4.87816851e+01
 1.54356175e+02
 1.01606221e+02
 6.41630036e+01
 1.31342387e+02
 1.75289853e+01
 5.11310970e+01
 3.57558623e+01
 1.56822099e+02
 6.73708674e+01
 5.82282241e+01
 8.56134356e+01
 1.73058739e+01
 3.12901703e+01
 4.61844300e+01
 5.57904942e+01
 1.15843301e+02
 2.51094580e+01
 2.60020049e+01
 8.24380335e+01
 1.12131074e+02
 9.51385342e+01
 1.00032844e+02
 4.30102887e+01
 4.06379145e+01
 4.30152873e+01
 5.99262271e+01
 7.47670169e+01
 7.55587615e+01
 9.31963821e+01
 3.42018027e+01
 1.20056823e+02
 9.21456516e+01
 1.24205290e+02
 5.57414479e+01
 3.17221420e+01
 3.76852544e+01
 7.98582032e+01
 4.79799798e+01
 6.01128672e+01
 7.96818343e+01
 5.78941036e+01
 1.96994188e+01
 9.91215769e+01
 6.09130463e+01
 4.94975485e+01
 9.57659344e+00
 2.53885104e+01
 1.16071163e+01
 8.70530476e+01
 2.93418534e+01
 5.40700368e+01
 3.67951525e+01
 4.43047497e+01
 6.33475071e+01
 4.87187309e+01
 1.00583709e+02
 4.07919530e+01
 5.43165493e+01
 1.34287675e+02
 7.52132437e+01
 9.46167887e+01
 6.58856047e+01
 1.05607238e+02
 2.23549373e+01
 2.55706105e+01
 9.96376979e+00
 9.12453183e+01
 1.42622076e+02
 7.55694971e+01
 3.53806199e+01
 3.03506915e+01
 3.61043443e+01
 6.63896014e+01
 5.65115796e+01
 6.19497064e+01
 2.50683637e+01
 1.51873442e+01
 6.55421087e-01
 4.93194509e+01
 2.52031608e+01
 1.10394562e+02
 4.40146671e+01
 3.17851648e+00
 6.69784752e+01
 3.73086821e+01
 4.57045980e+01
 1.21594936e+02
 7.98783009e+01
 3.59167230e+01
 3.33377032e+01
 4.77734707e+01
 4.15346679e+01
 1.22297937e+02
 3.43231613e+01
 2.78540837e+01
 2.56011976e+01
 4.36045535e+01
 6.64702518e+01
 2.70346189e+01
 8.81437019e+01
 1.90207482e+01
 1.10457870e+02
 1.22545880e+02
 8.08185243e+01
 7.48038197e+01
 8.78064410e+01
 5.22148107e+01
 5.06192455e+01
 4.43270683e+01
 9.19782371e+01
 9.20296108e+01
 9.87268427e+01
 3.05590028e+01
 2.77320990e+01
 7.70650099e+01
 1.22975822e+02
 3.68886616e+01
 8.28370592e+01
 7.18111128e+01
 6.32254699e+01
 6.65934597e+01
 3.89331327e+01
 5.48878573e+01
 7.72666251e+01
 7.53443175e+01
 2.98853467e+01
 1.41262259e+01
 1.16207850e+02
 1.54193840e+02
 8.76366233e+01
 6.00373125e+01
 9.72509655e+00
 2.23044197e+01
 1.13547108e+02
 4.59117191e+01
 5.95265989e+01
 7.25377591e+01
 2.62012178e+01
 5.26767709e+01
 1.54799038e+02
 9.13841038e+01
 7.50186206e+01
 9.81582026e+01
 1.48814332e+01
 5.11690205e+01
 2.42676598e+01
 5.66663692e+01
 2.15570412e+01
 1.06626975e+01
 5.68534923e+01
 1.03713322e+02
 3.21998593e+01
 7.25564145e+00
 1.21727985e+01
 5.98672852e+01
 8.29602873e+01
 2.12086248e+02
 5.65248377e+01
 3.98346071e+01
 2.66409143e+01
 2.64414820e+01
 1.56991860e+01
 5.16626554e+01
 5.37066845e+01
 1.54459237e+02
 3.59976539e+01
 4.10287954e+01
 7.47155297e+01
 6.92925373e+01
 1.44970038e+02
 1.24365135e+02
 9.06175022e+01
 7.16698692e+01
 9.47448049e+01
 9.80069273e+01
 1.24741184e+02
 2.68811815e+01
 3.14803310e+01
 3.00554056e+01
 2.87101877e+01
 1.21635598e+02
 2.51032274e+01
 1.07094585e+02
 8.67462291e+01
 4.71517309e+01
 3.06734286e+01
 5.33449034e+01
 2.07027242e+02
 6.49576572e+01
 1.21290691e+02
 4.59240696e+01
 3.49979884e+01
 2.00462052e+01
 6.13723097e+01
 4.08193563e+01
 1.59308807e+02
 2.18310604e+01
 2.91981683e+01
 4.16918944e+01
 1.29010550e+02
 1.40063937e+02
 2.86897308e+01
 7.02414043e+01
 2.69409956e+01
 1.11192838e+02
 1.17021676e+02
 6.54188250e+01
 6.79236141e+01
 1.06019222e+02
 1.22367506e+02
 2.24390303e+00
 1.02495318e+02
 1.47346666e+02
 4.29508213e+01
 2.89694897e+01
 2.14183912e+01
 1.63659252e+01
 1.14617712e+02
 8.12182752e+01
 6.11341641e+01
 6.26819360e+01
 6.11137280e+01
 6.68723600e+01
 2.71979521e+01
 4.76631533e+01
 1.13856905e+02
 6.93478245e+01
 1.68955482e+01
 5.56093052e+01
 3.21744822e+01
 7.32566540e+01
 1.52204374e+02
 9.33755151e+01
 8.18304104e+01
 3.77715093e+01
 4.07040852e+01
 5.55386952e+01
 9.91027970e+00
 1.79266522e+01
 2.72065206e+00
 8.54211775e+01
 7.96305654e+01
 1.07832564e+02
 4.02513706e+01
 5.79911730e+01
 4.78286586e+01
 5.80430900e+01
 1.02186191e+02
 5.64835311e+01
 3.09202773e+01
 7.49401330e+01
 3.03160443e+01
 1.46542481e+02
 9.27283368e+01
 4.73712234e+01
 2.22811480e+01
 2.10621400e+01
 5.03989746e+01
 1.66850238e+02
 7.84283108e+01
 4.90556756e+01
 1.05073980e+02
 4.67721403e+01
 5.17281801e+01
 2.20809638e+01
 8.66211166e+01
 6.28754998e+01
 8.22307983e+01
 1.76258719e+01
 1.22489671e+01
 7.68922353e+01
 7.62647711e+01
 1.36844271e+02
 7.89800870e+01
 2.84263101e+01
 1.27238794e+01
 6.95164243e+01
 2.13353927e+01
 4.77966302e+01
 4.36452634e+01
 3.12705337e+01
 6.37687921e+01
 4.99698840e+01
 1.26419884e+02
 3.09103068e+01
 5.85715672e+01
 4.23001536e+01
 1.30753853e+02
 3.51462971e+01
 1.26924440e+02
 5.49336442e+01
 2.63461508e+01
 1.15306475e+02
 1.43078172e+02
 2.64069121e+02
 5.24879194e+01
 1.11486326e+02
 4.18572515e+01
 5.68573898e+01
 5.28965963e+01
 1.52544168e+01
 9.68423961e+00
 1.29670567e+02
 2.49310445e+01
 8.43123024e+00
 1.90257687e+01
 8.95001652e+01
 6.81791678e+01
 1.61273784e+01
 5.93605894e+01
 1.57572808e+01
 1.00014219e+02
 6.53187557e+00
 5.18981513e+01
 7.90810442e+01
 7.29896369e+01
 9.46751282e+00
 7.53477084e+01
 1.45015739e+01
 2.57926145e+01
 5.53732428e+01
 7.22007495e+01
 4.25162016e+01
 1.13550040e+02
 5.21560011e+01
 1.65987445e+02
 7.40328532e+01
 8.69918430e+01
 1.77050979e+00
 8.22381855e+01
 1.06781227e+02
 1.14129385e+02
 2.96282411e+01
 4.46072316e+01
 3.66603457e+01
 4.79687325e+01
 8.49251124e+01
 6.82833785e+01
 4.96778191e+01
 8.70101553e+01
 5.46084979e+01
 1.09643791e+02
 7.65943530e+01
 3.72050575e+01
 5.05971484e+01
 1.11108874e+02
 2.70111774e+01
 2.83598684e+01
 9.12926457e+01
 3.83473822e+01
 1.00535008e+02
 1.81087487e+01
 6.88379473e+01
 4.43083258e+01
 1.09881665e+02
 1.34438190e+02
 1.48008344e+02
 7.54350776e+01
 2.64632573e+01
 4.56414185e+01
 3.17831855e+01
 1.02648630e+02
 7.20021627e+01
 1.42553862e+02
 2.74417144e+01
 5.44195333e+01
 1.38268043e+02
 2.41052062e+01
 3.29263665e+01
 7.61114243e+00
 1.92096678e+01
 5.61268663e+01
 5.17565972e+00
 4.22844059e+01
 1.90144560e+01
 5.32784857e+01
 1.40216876e+02
 6.67052960e+01
 1.53643950e+02
 1.30971035e+02
 3.53864820e+01
 9.94313877e+01
 3.79663022e+01
 6.78795522e+01
 7.26654683e+01
 7.84268387e+01
 5.48372764e+01
 1.27685497e+02
 4.63714442e+01
 1.44509820e+01
 7.18781321e+01
 9.51287852e+01
 3.21257216e+01
 4.29057573e+00
 5.17551296e+01
 3.07017128e+01
 6.16792286e+01
 9.82928246e+01
 1.03952011e+02
 1.15102301e+02
 9.17160890e+01
 2.77001047e+01
 1.21311653e+02
 1.59695350e+02
 1.79249858e+02
 9.38042787e+01
 3.26856592e+01
 7.19209575e+01
 4.38210935e+01
 5.86335129e+01
 7.96972816e+01
 8.12317184e+01
 2.81652742e+01
 7.81472559e+01
 6.44534732e+01
 1.11169472e+02
 1.19731623e+02
 2.29148399e+01
 1.07176922e+02
 7.87948188e+01
 5.65510981e+01
 7.55404444e+01
 8.67446122e+01
 1.19037205e+02
 6.97268062e+01
 5.67130428e+01
 1.16358188e+02
 5.25107349e+01
 5.62806996e+01
 2.32814200e+01
 2.96260915e+01
 4.23630422e+01
 8.98173415e+01
 9.00285646e+01
 8.08420803e+01
 3.71171418e+01
 7.76941861e+01
 3.90003095e+01
 1.42995735e+02
 1.17339378e+02
 5.92038411e+01
 9.54133771e+01
 9.14858100e+01
 6.61551374e+01
 1.38437044e+02
 1.12845043e+02
 5.39547365e+01
 1.85032472e+02
 1.45399103e+01
 1.83012235e+01
 1.41816627e+01
 1.59755704e+02
 8.69164718e+01
 5.57570237e+01
 5.59799606e+01
 3.23385467e+01
 8.71176696e+01
 6.35671199e+01
 9.34330922e+01
 1.02740918e+02
 1.10469465e+02
 6.93923167e+00
 5.61770159e+01
 4.83746274e+01
 2.05364593e+01
 5.23932568e+01
 1.78615772e+01
 3.39639459e+01
 1.00225677e+02
 6.93620870e+01
 5.26306831e+01
 2.71105292e+01
 1.26558511e+02
 8.11676553e+01
 1.27890507e+02
 9.46602955e+01
 4.20833000e+01
 2.56567349e+01
 4.51745884e+01
 1.56054215e+02
 3.70158956e+01
 8.82072954e+01
 5.37428638e+01
 8.63419332e+01
 3.41289349e+01
 5.35956764e+01
 6.62695466e+01
 7.47561232e+01
 5.12914199e+01
 1.33005779e+02
 2.74788973e+01
 6.79433463e+01
 3.97894389e+01
 4.02533508e+01
 5.29650715e+01
 1.99191809e+01
 9.77206463e+00
 5.90928741e+01
 5.49682538e+01
 8.26473832e+01
 1.27449690e+02
 6.19813987e+01
 4.95492426e+01
 4.73989162e+01
 1.14732498e+02
 7.78892784e+01
 3.02880525e+01
 3.37714815e+01
 3.09045115e+01
 7.74613833e+01
 5.87746322e+01
 1.63826799e+02
 9.56127320e+01
 9.74789120e+01
 3.07529710e+01
 7.26517902e+00
 2.97345881e+01
 4.65910691e+01
 1.17291876e+02
 6.64164557e+01
 9.82802360e+01
 2.89980931e+01
 3.56128547e+01
 4.39656209e+01
 1.49344034e+02
 7.63536166e+01
 7.99822633e+01
 5.82303269e+01
 3.75903119e+01
 8.52982323e+01
 1.34227487e+02
 7.35400262e+01
 7.90992849e+01
 3.17230629e+01
 5.87346599e+01
 1.34771785e+02
 7.24493515e+01
 6.83511243e+01
 9.15505099e+01
 2.46032942e+01
 6.37972153e+01
 2.09078905e+01
 8.14247741e+01
 2.24829942e+01
 5.42910932e+01
 3.07701301e+01
 1.20175768e+02
 1.91528222e+02
 1.23784567e+02
 3.98861405e+01
 5.23994881e+01
 4.66027911e+01
 6.27248338e+01
 5.05006030e+01
 5.51778815e+01
 4.57896157e+01
 2.48770060e+01
 1.78124530e+01
 9.40434323e+01
 4.54398824e+01
 4.42383690e+01
 8.72899915e+01
 4.00312183e+01
 5.16239191e+01
 2.45099314e+01
 9.47339272e+01
 1.13222710e+02
 6.38077502e+01
 1.04358383e+02
 4.11964160e+01
 8.20157176e+01
 2.36046711e+01
 1.26256680e+02
 4.69619526e+01
 7.75282561e+01
 7.10245802e+01
 7.35684949e+01
 7.93838954e+01
 1.28567014e+02
 1.06067649e+02
 2.34814294e+01
 1.69782955e+01
 2.73624303e+01
 7.39549600e+01
 8.56518627e+01
 7.07106395e+01
 4.68168358e+01
 6.35576240e+01
 4.26395845e+01
 6.32892096e+01
 5.38897735e+01
 1.44643471e+02
 4.27970469e+01
 6.27379199e+01
 7.10129484e+01
 1.58573946e+02
 9.16142813e+01
 3.06869069e+01
 8.10596971e+01
 7.27903905e+01
 1.80028549e+01
 1.77508844e+01
 1.72614158e+02
 3.35810594e+01
 8.26251475e+01
 1.05539561e+01
 9.99976282e+01
 1.41772529e+02
 7.94977394e+01
 6.58992267e+01
 5.59288487e+01
 6.66467304e+01
 6.20609386e+01
 8.46427213e+01
 9.63813813e+01
 4.75468387e+01
 7.43505356e+01
 5.31829124e+01
 1.30032582e+01
 1.00193200e+02
 1.30993641e+02
 2.81345832e+01
 5.74506851e+01
 5.44908927e+01
 7.41289774e+01
 9.66570365e+01
 8.72007758e+01
 1.55305976e+01
 7.42978208e+01
 7.80955886e+01
 1.81267216e+02
 1.22393503e+02
 6.86417850e+01
 6.68459745e+01
 2.40422383e+01
 1.71001670e+01
 1.19720101e+02
 6.38409379e+01
 1.22946989e+02
 5.40072461e+01
 7.23887398e+01
 5.84324186e+01
 8.48747094e+01
 1.19495142e+02
 8.52456432e+01
 1.20066606e+02
 1.59345834e+02
 7.99763440e+01
 6.66844293e+01
 6.12494698e+01
 9.10507908e+01
 4.30810691e+01
 7.51032896e+00
 4.02450471e+01
 2.21904801e+02
 6.94319685e+01
 1.27722744e+02
 3.45345614e+01
 4.45035802e+01
 1.02744641e+02
 1.08338441e+02
 6.78773853e+01
 5.47389550e+01
 1.48215777e+02
 1.68936007e+02
 4.21073205e+01
 6.11394023e+01
 1.33358325e+02
 1.31810267e+02
 5.03216904e+01
 1.71269798e+01
 1.11471168e+01
 1.52859312e+01
 8.45610041e+01
 1.10590427e+02
 1.03662751e+02
 5.25863578e+01
 4.44023014e+01
 9.79514150e+01
 2.86634099e+01
 1.47823580e+01
 6.21403032e+01
