 2.04290686e+01
 6.14586640e+00
 2.48544731e+01
 4.63769456e+01
 9.46218751e+01
 1.82247201e+02
 7.24624918e+01
 7.53672499e+01
 3.32309509e+01
 4.22873695e+01
 5.35542131e+01
 2.78003677e+01
 4.83685423e+01
 6.42884193e+01
 5.29152311e+01
 5.37579641e+01
 4.49739358e+01
 2.48014553e+01
 3.87261851e+01
 2.15358208e+01
 1.83766601e+01
 7.58934969e+01
 1.22911843e+00
 9.04697680e+00
 5.70834546e+01
 4.51703714e+01
 2.60469392e+01
 4.62238506e+01
 1.07050465e+02
 1.20743301e+02
 4.51817112e+01
 1.06553143e+02
 8.99739387e+01
 4.20561160e+01
 2.29852027e+01
 3.28370755e+01
 6.79353251e+01
 6.06208012e+01
 6.41593935e+01
 1.49082569e+02
 5.71630726e+01
 1.35478595e+02
 4.47624821e+01
 3.98548063e+01
 7.60476412e+01
 6.46708736e+01
 6.82924027e+01
 5.84188598e+01
 2.64028253e+01
 1.45389951e+01
 3.95247101e+01
 4.50722369e+01
 1.03700958e+02
 5.13213967e+01
 5.81817941e+01
 6.20526611e+01
 5.84280646e+01
 4.33176815e+01
 5.13599074e+01
 9.56088410e+01
 1.89719260e+01
 1.75479222e+01
 1.80043445e+01
 1.32765987e+01
 7.01642370e+01
 8.31888310e+01
 2.72738186e+01
 1.51995534e+01
 3.78069035e+01
 5.15335860e+01
 8.67314752e+00
 9.57105972e+01
 5.16911799e+01
 4.80421724e+01
 2.81640684e+01
 1.06984087e+02
 5.87101020e+01
 7.28297196e+01
 2.21004493e+01
 7.05448508e+01
 2.60436809e+01
 6.04699055e+01
 5.05262752e+01
 6.20023530e+01
 7.39596322e+01
 4.92416792e+00
 5.90904429e+01
 2.87494056e+01
 5.05318725e+01
 1.60464768e+02
 1.08881511e+02
 4.94406218e+01
 4.09740583e+01
 2.63300330e+01
 3.51763684e+01
 4.58233804e+01
 6.35727095e+01
 2.86544202e+01
 3.75873643e+01
 1.12257255e+02
 7.69974927e+01
 5.42450994e+01
 2.42382703e+02
 4.35068897e+01
 8.74907499e+00
 4.29131998e+01
 7.98681075e+01
 9.21716777e+01
 3.03051653e+01
 2.25328418e+01
 8.28225504e+01
 1.28208116e+02
 9.29346203e+01
 7.51597179e+01
 3.79154387e+01
 1.16677402e+02
 4.02321294e+01
 7.34226765e+01
 8.07886762e+01
 6.59094043e+01
 5.55658812e+01
 1.19925517e+01
 8.03513597e+01
 5.03930203e+01
 6.09666186e+01
 9.07016806e+01
 5.28800505e+01
 3.28043796e+01
 5.11040105e+01
 3.82525067e+01
 3.51907604e+01
 7.92267895e+01
 3.24595797e+01
 2.31862147e+01
 5.37614066e+01
 3.38797763e+01
 5.80116060e+01
 9.05051009e+01
 6.03429660e+01
 2.68467651e+01
 1.43621236e+01
 2.91285185e+01
 6.03519282e+01
 7.57055992e+01
 1.16138300e+01
 8.03589410e+01
 9.68681605e+01
 6.60314435e+01
 8.05379664e+01
 9.64744032e+01
 2.62169835e+01
 2.81889886e+01
 8.49937774e+01
 8.64432997e+01
 7.12104334e+01
 6.97216419e+01
 3.38918155e+01
 1.05134816e+02
 9.56642354e+01
 8.62480140e+01
 1.57882434e+01
 9.27952024e+01
 1.40205164e+02
 6.22144937e+01
 3.29821357e+01
 3.49480343e+01
 5.61400694e+00
 8.32279382e+01
 4.80551814e+01
 3.67705094e+01
 1.53115749e+01
 1.38127810e+01
 3.50401391e+01
 4.41609941e+01
 6.20460937e+01
 1.65251671e+01
 9.01468877e+01
 5.97518631e+01
 7.10925534e+01
 7.72718340e+01
 9.62864203e+00
 2.74051207e+01
 4.93830350e+01
 1.07165608e+02
 1.30689766e+02
 5.37095618e+01
 1.10404191e+02
 6.55448437e+01
 1.29326829e+02
 9.55815189e+01
 5.16579783e+01
 4.66764253e+01
 4.56641835e+01
 2.23077122e+01
 3.75940097e+01
 1.02206475e+02
 8.18035171e+01
 1.34349094e+02
 3.02550448e+01
 5.76728572e+01
 1.57438579e+02
 2.13399130e+02
 3.07258513e+01
 1.05045265e+02
 1.08856126e+01
 9.89423810e+01
 3.08446471e+01
 8.94699432e+01
 5.66506814e+01
 1.38231381e+02
 1.27044501e+02
 6.41406120e+01
 1.58048811e+01
 3.56396461e+01
 1.55919549e+02
 9.07619700e+01
 5.02585008e+01
 5.17541783e+01
 8.26476365e+01
 1.21364931e+02
 4.77489725e+01
 1.48497525e+02
 5.47399537e+01
 5.66613364e+01
 7.25169149e+01
 3.64673421e+01
 5.25904472e+01
 1.16220108e+02
 3.00904985e+01
 2.00370547e+01
 3.00288898e+01
 5.92672413e+01
 1.18712283e+02
 8.78401335e+01
 5.56272633e+01
 6.11722113e+01
 3.82343586e+01
 3.44303473e+01
 3.89231255e+01
 4.17183903e+01
 4.10247030e+01
 4.76574896e+01
 4.72150326e+01
 1.04096297e+02
 2.48367001e+01
 1.28028066e+02
 3.97427264e+01
 3.99224952e+01
 7.36337427e+01
 2.65960919e+01
 8.42082129e+01
 1.33628603e+01
 3.71017935e+01
 5.39633653e+01
 3.26475554e+01
 1.84239745e+01
 1.79222193e+00
 7.42223975e+01
 3.49387117e+01
 2.09377510e+01
 9.41316466e+01
 3.80528066e+01
 6.09289751e+01
 1.82791461e+01
 4.92748088e+01
 6.36137743e+01
 8.26112818e+01
 2.02382186e+01
 7.40782795e+01
 5.88893013e+01
 7.69158481e+01
 7.19167423e+01
 7.50674913e+01
 2.61322744e+01
 8.69991132e+01
 1.00871302e+02
 1.84291398e+01
 3.46022141e+01
 8.77217855e+01
 2.22728028e+01
 7.58207923e+01
 6.01217837e+01
 6.91599317e+01
 1.83196579e+01
 1.03570859e+02
 1.58504233e+01
 5.85734602e+01
 5.44091803e+01
 3.10759931e+01
 3.58210247e+01
 6.27681846e+01
 9.21682350e+01
 7.90321149e+01
 3.44645672e+01
 7.44447841e+01
 6.58407922e+01
 1.19435504e+01
 4.01515051e+01
 6.23835397e+01
 2.49337451e+01
 1.11321818e+02
 4.33917557e+01
 1.96836993e+01
 1.03361624e+02
 7.86385660e+01
 1.36919680e+02
 7.40259155e+01
 3.69122417e+01
 5.17602899e+01
 6.87676495e+01
 9.28769668e+01
 9.20221469e+01
 5.37903218e+01
 3.83958118e+01
 6.04151882e+01
 7.00489751e+01
 4.75110444e+01
 5.75522537e+01
 1.16335759e+02
 4.11611379e+01
 5.82711883e+01
 1.36260253e+01
 4.96148109e+01
 1.19203973e+02
 1.02994353e+01
 3.34366296e+01
 1.31464494e+01
 5.96286323e+01
 6.73273895e+01
 2.29283019e+01
 2.32705652e+01
 3.83874849e+01
 9.71836725e+00
 3.67087878e+01
 6.86485649e+01
 1.50692523e+01
 1.49951507e+01
 2.14242856e+01
 6.49653653e+01
 6.08875271e+01
 7.10494955e+01
 9.55173983e+01
 6.46857575e+01
 5.09441591e+01
 2.38887321e+01
 3.07653775e+01
 7.38561974e+01
 6.24167638e+01
 5.51201631e+01
 1.01263583e+02
 3.65253699e+01
 8.50023490e+01
 1.24408798e+02
 6.90353641e+01
 7.54320765e+01
 2.36660044e+01
 2.39096022e+01
 2.54890779e+01
 4.04202932e+01
 4.13025813e+01
 1.12610036e+01
 3.73628474e+01
 2.70078133e+01
 1.97161524e+01
 1.17057855e+02
 8.32160544e+01
 9.40982735e+01
 2.86406212e+01
 9.98751278e+01
 9.61291296e+01
 1.30253282e+01
 7.91466942e+01
 8.72448088e+01
 6.14199935e+01
 4.01849025e+01
 9.61790291e+01
 1.52496500e+02
 9.18251846e+01
 6.45418879e+01
 1.30078469e+02
 6.97857089e+01
 7.50384886e+01
 3.10935177e+01
 8.30078026e+01
 3.66291723e+01
 3.22142502e+01
 6.50570122e+01
 2.13484056e+01
 6.56747843e+01
 1.98952909e+01
 6.32723324e+01
 5.28333429e+01
 1.08296099e+02
 7.02822803e+01
 3.07189912e+01
 2.39070018e+01
 8.13244259e+00
 6.03385488e+01
 2.72940982e+01
 1.03022723e+02
 4.05767560e+01
 8.49317964e+01
 2.93868870e+01
 3.59572822e+01
 1.65594192e+00
 8.36497544e+01
 2.25195435e+01
 9.64316407e+01
 5.62804547e+01
 7.15039002e+01
 3.32449577e+01
 1.25014362e+02
 1.23694643e+02
 1.27806762e+02
 1.32515833e+02
 7.79492538e+01
 2.60980828e+01
 2.57943757e+01
 7.36559023e+01
 1.03797706e+02
 5.17443284e+01
 4.00275873e+01
 4.12580124e+01
 7.56629826e+01
 3.93303448e+01
 7.88575611e+01
 7.67702392e+01
 7.80404719e+01
 1.12962656e+01
 7.36831034e+01
 8.28558421e+01
 2.26797961e+01
 5.08674546e+01
 8.67706762e+00
 4.01508961e+01
 1.63259827e+02
 7.49424472e+01
 2.87001994e+01
 4.74267153e+01
 2.42006362e+01
 7.50959264e+01
 4.55950501e+01
 1.10402744e+01
 1.88709883e+01
 8.44885926e+01
 7.79986453e+01
 7.17551874e+01
 5.94240940e+01
 7.26637047e+01
 6.90562837e+01
 7.36089031e+01
 2.08430591e+01
 5.01616499e+01
 7.99005066e+01
 6.66484720e+01
 5.02313638e+01
 1.41623135e+01
 1.32480075e+01
 3.88197807e+01
 5.37338619e+01
 8.24424092e+01
 1.58810809e+02
 6.95143683e+01
 8.79590705e+01
 8.50984087e+01
 3.34771734e+01
 2.44402647e+01
 1.80163539e+01
 6.65968457e+01
 1.08770473e+02
 6.70010594e+01
 4.24276469e+01
 4.16601701e+01
 3.94284977e+01
 5.89632014e+01
 3.88470687e+01
 3.60666020e+01
 3.54501991e+01
 3.64411567e+01
 7.39071707e+01
 3.96627358e+01
 1.13020187e+01
 1.47261625e+02
 5.48218304e+01
 7.62707539e+01
 3.38709973e+01
 4.61538663e+01
 1.83402888e+02
 1.06216335e+02
 5.37734452e+01
 3.21067303e+01
 8.81437575e+01
 5.19803613e+01
 1.01233827e+02
 2.23441804e+02
 9.28520726e+01
 6.22883189e+01
 8.25915387e+01
 4.96465361e+01
 2.79448780e+01
 6.14589728e+01
 2.44766972e+01
 9.53382387e+00
 4.51308477e+01
 5.80321463e+01
 5.52370853e+01
 3.03036598e+01
 5.47137808e+01
 1.61093228e+02
 8.41204418e+01
 8.89538024e+01
 6.26778776e+01
 6.57314300e+01
 5.18299583e+01
 2.56241915e+01
 2.55656825e+01
 1.14766036e+02
 1.25918180e+02
 6.05601443e+01
 2.19580861e+01
 3.79450603e+01
 1.29846676e+02
 9.19144274e+01
 5.87449610e+01
 6.90717908e+01
 2.78871011e+01
 3.43932037e+01
 2.45856591e+01
 2.78082384e+01
 2.80433383e+01
 7.63881735e+01
 6.58099035e+01
 7.38192314e+01
 7.81571085e+01
 5.88360330e+01
 1.30555102e+01
 9.08846157e+01
 1.02070168e+01
 1.10863649e+02
 4.44243081e+01
 5.22817664e+01
 5.13155893e+01
 9.39060251e+01
 3.91038587e+01
 7.35504930e+01
 1.66926618e+02
 6.35303574e+01
 1.11247871e+02
 2.46552935e+01
 1.70533910e+01
 1.09201448e+02
 4.63088197e+01
 4.75818246e+01
 5.01638291e+01
 1.19827803e+01
 2.33114259e+01
 6.01100414e+01
 4.52556151e+01
 6.54635303e+01
 4.58990520e+01
 7.51285718e+01
 2.33090392e+01
 8.06003851e+01
 1.43848181e+01
 7.94534244e+01
 2.20564371e+01
 9.20526455e+01
 1.31960151e+02
 1.10571260e+02
 7.59934208e+01
 5.47395542e+01
 4.40324791e+01
 2.89960873e+01
 3.59194123e+01
 5.46433273e+01
 5.67550636e+01
 8.57346797e+01
 5.70077142e+01
 4.74032859e+01
 2.99864991e+01
 4.75863896e+01
 6.12205490e+01
 4.36295954e+01
 1.98951092e+01
 4.45914807e+01
 4.99060958e+01
 7.22869636e+01
 7.69930544e+01
 9.30472994e+01
 8.04241036e+01
 1.04120670e+02
 1.03156285e+02
 1.04096495e+02
 6.77988270e+01
 2.61791307e+01
 1.06547014e+02
 9.58718680e+01
 6.52157024e+01
 5.71233889e+01
 5.21543446e+01
 3.32881795e+01
 4.95404940e+01
 3.88988919e+01
 4.40018736e+01
 7.77330693e+01
 8.07391140e+01
 5.84304454e+01
 9.77013777e+00
 1.11673532e+02
 8.25615291e+01
 1.97618108e+00
 5.67215785e+01
 3.12475209e+01
 5.28373831e+01
 9.30827821e+00
 6.94932910e+01
 4.29779290e+01
 1.46501997e+02
 1.44609396e+02
 1.97258396e+01
 5.08455016e+01
 3.82881623e+01
 7.66576919e+01
 6.22841972e+01
 9.78047404e+01
 7.48252253e+01
 1.95563092e+01
 3.70103629e+01
 1.17279452e+02
 1.42149472e+02
 5.75821799e+01
 3.42606294e+01
 5.37623017e+01
 2.18251482e+01
 2.91764976e+01
 4.92516864e+01
 4.00323389e+01
 3.03573473e+01
 9.45536381e+01
 1.14551487e+02
 7.50650652e+01
 1.29886743e+02
 9.48652208e+01
 6.92170703e+01
 9.21949303e+01
 4.84405307e+01
 3.90464982e+01
 2.86747227e+01
 7.25384801e+01
 1.19139018e+02
 7.48603056e+01
 9.43766098e+01
 2.08747850e+02
 6.73779066e+01
 3.28339038e+01
 4.33561457e+01
 4.33458723e+01
 8.87575005e+01
 5.32078954e+01
 7.82265718e+01
 5.53479965e+01
 3.02181244e+01
 2.43849983e+00
 5.32687072e+01
 1.35085794e+02
 6.82509358e+01
 1.92239755e+01
 1.84340435e+01
 1.24838205e+01
 1.06665169e+02
 3.25014598e+01
 4.04440115e+01
 4.35753021e+01
 9.01022974e+01
 5.97280879e+01
 1.03642053e+02
 1.07124090e+02
 6.75634961e+01
 3.84679457e+01
 5.13646354e+01
 4.50375735e+01
 1.32087070e+02
 7.93898643e+01
 3.22091867e+01
 2.31106205e+00
 2.57912552e+01
 9.94926383e+01
 3.17409333e+01
 8.34247565e+01
 3.89902787e+01
 3.54045682e+01
 1.88939756e+01
 8.04070492e+01
 4.74178434e+01
 3.93700893e+00
 8.10662353e+01
 9.28273587e+01
 5.70249514e-01
 6.70363483e+00
 9.10580173e+01
 9.13275096e+01
 4.77524850e+01
 3.39035327e+01
 7.62516265e+01
 1.27849422e+02
 6.81325770e+01
 3.96033374e+01
 1.29949790e+02
 1.96071142e+01
 6.58244443e+01
 1.97650432e+01
 3.09333222e+01
 1.33905527e+02
 8.64681207e+01
 8.52973220e+01
 1.76241241e+01
 4.92909357e+01
 5.97244972e+01
 7.06562157e+01
 7.58358760e+01
 2.54755435e+01
 7.73250257e+01
 1.12223932e+01
 6.00984312e+01
 1.53852675e+02
 6.19037407e+01
 5.85882781e+01
 3.61242889e+01
 6.03767895e+01
 4.64068829e+01
 9.53063818e+01
 9.96563661e+01
 2.11540197e+02
 1.67807777e+01
 1.83588676e+01
 5.72232535e+01
 3.47831104e+01
 4.45909715e+01
 3.67069681e+01
 6.14816747e+01
 7.05046247e+01
 9.87945223e+01
 5.91985888e+01
 3.09144942e+01
 7.16063922e+01
 7.97179995e+01
 5.33951359e+01
 5.27386623e+01
 6.17261458e+01
 9.04796692e+01
 8.35438570e+01
 6.34112131e+01
 5.61900430e+01
 8.02840679e+01
 1.10174351e+02
 1.20295618e+02
 1.66935002e+01
 4.44803732e+01
 5.96923470e+01
 6.05339014e+01
 3.48157722e+01
 4.28450075e+01
 1.92207186e+01
 1.65838489e+01
 5.71207627e+01
 1.23545804e+02
 1.32424351e+01
 1.97790014e+01
 3.27230248e+01
 4.81207653e+01
 3.33127026e+01
 4.04995352e+01
 2.12269761e+01
 1.18165154e+01
 4.15017771e+01
 3.36456051e+01
 1.33140704e+02
 3.70104462e+01
 4.13537192e+01
 6.17057176e+01
 6.44619046e+01
 5.70339192e+01
 5.74259160e+01
 1.08538950e+02
 1.40491715e+02
 7.49504176e+01
 9.57588980e+01
 6.99073910e+01
 6.19021848e+01
 7.07820042e+01
 5.17561928e+01
 8.76583426e+01
 7.90510523e+01
 2.60781391e+01
 1.19337835e+02
 9.10518221e+01
 7.75029413e+01
 9.93121876e+01
 9.93851526e+01
 1.47973348e+01
 5.12201978e+01
 3.44641174e+01
 4.47319824e+01
 8.71384145e+01
 1.06064785e+02
 1.78439647e+01
 2.88512443e+01
 1.69585682e+01
 9.21819284e+01
 8.33032031e+01
 6.58012901e+01
 3.74036614e+01
 8.34499837e+00
 3.62850643e+01
 2.00404743e+01
 5.23126694e+01
 2.18475399e+01
 2.22891289e+01
 5.27379300e+01
 2.66882770e+01
 4.60240524e+01
 3.72642607e+01
 4.62365244e+01
 1.96510802e+01
 1.04248944e+02
 8.99964843e+01
 1.10846232e+02
 4.63787034e+01
 7.81600924e+00
 4.02281576e+01
 3.76748505e+01
 3.97400530e+01
 3.52453153e+01
 1.38250533e+02
 3.33086223e+01
 1.79492399e+01
 2.03844794e+01
 6.34031987e+01
 8.21611981e+01
 4.86981124e+01
 3.01997624e+01
 3.95990843e+01
 7.32261639e+00
 8.93537700e+01
 1.17540045e+02
 5.11790516e+01
 3.82452401e+01
 2.64066766e+01
 4.36770932e+01
 9.78102750e+01
 5.86214441e+00
 2.88411422e+01
 4.57621883e+01
 6.68482468e+01
 1.05998611e+01
 4.56862904e+01
 9.85532618e+01
 1.19358294e+02
 3.72665760e+01
 1.24724385e+02
 3.76264508e+01
 3.55660354e+01
 8.97166226e+01
 4.72218875e+01
 2.24533269e+01
 5.17717187e+01
 4.63731445e+01
 6.01239761e+01
 6.46763594e+01
 7.28817713e+01
 5.21369906e+01
 2.13982920e+01
 4.46738204e+01
 5.47806981e+01
 1.18891706e+02
 1.20855328e+01
 5.39349709e+01
 1.23090224e+01
 5.15404116e+01
 8.97456753e+01
 1.20719178e+02
 4.63307780e+01
 6.73078139e+01
 9.35661070e+01
 6.91247854e+01
 1.16001999e+02
 3.98230103e+01
 6.47704569e+01
 1.00216040e+02
 5.40222791e+01
 5.58030152e+01
 6.80496507e+01
 4.97574175e+01
 4.27350956e+01
 6.92139230e+01
 6.03585953e+01
 2.04363967e+01
 5.20505080e+01
 6.62797212e+01
 6.47573951e+01
 5.48349330e+01
 9.17995172e+01
 6.57437861e+01
 9.17039383e+01
 3.80364416e+01
 4.59014936e+01
 6.28780771e+01
 2.33242179e+01
 7.41957729e+01
 2.96345955e+01
 8.60917271e+01
 1.25608384e+01
 6.14215398e+01
 6.46575816e+01
 1.01950874e+02
 1.11840135e+02
 4.85384186e+01
 4.48519557e+01
 5.96045880e+01
 7.30543206e+01
 8.18894642e+01
 1.33985866e+02
 5.43297115e+01
 5.41761778e+01
 4.09383033e+01
 6.22618354e+01
 4.02381557e+01
 8.71352395e+01
 9.59956666e+01
 8.85691767e+01
 2.04922741e+01
 5.07771281e+01
 9.80561972e+01
 1.29635469e+02
 4.05785697e+01
 3.76146913e+01
 4.76051711e+01
 3.16328298e+01
 4.33281319e+01
 5.10511574e+01
 6.55134340e+01
 7.60177068e+01
 9.40500506e+01
 5.81360072e+01
 1.08365364e+01
 3.80936070e+01
 2.90944927e+01
 2.49677393e+01
 4.00441388e+01
 3.55168468e+01
 2.66780410e+01
 4.40690456e+01
 3.18926516e+01
 6.06066181e+01
 3.02669129e+01
 2.57989432e+01
 6.72783485e+01
 3.19802742e+01
 9.84824830e+01
 8.03911541e+01
 1.55718147e+02
 3.49964812e+01
 7.83961606e+01
 6.16101017e+01
 7.40349384e+01
 7.98988198e+01
 2.39478023e+01
 2.14388903e+01
 1.96843522e+01
 2.82017434e+01
 2.18602890e+01
 7.76127558e+01
 3.58187328e+01
 4.00802260e+01
 4.36401335e+01
 5.06682055e+01
 5.90944964e+01
 1.71663334e+02
 9.77382866e+01
 7.83005869e+01
 4.40338212e+01
 8.70152800e+01
 7.23766442e+01
 6.99335828e+01
 1.21887099e+02
 3.79837710e+01
 1.59023586e+01
 5.62109014e+01
 1.56929789e+02
 4.01436605e+01
 1.76115359e+02
 6.18413487e+01
 8.64341268e+01
 3.17226000e+01
 3.62476723e+01
 6.72287027e+01
 3.93203841e+01
 1.71412046e+02
 2.46712525e+01
 1.42834866e+02
 1.12337860e+02
 6.69633136e+01
 5.76135798e+01
 7.24797143e+01
 9.17622889e+01
 1.12722094e+02
 6.69541574e+01
 2.09486666e+01
 9.23284581e+01
 3.75201565e+01
 1.13121996e+02
 9.27508454e+01
 7.08390795e+01
 9.08637950e+01
 7.13764347e+01
 5.48795262e+01
 9.31149710e+00
 1.51802007e+01
 5.52763615e+00
 6.17965508e+01
 3.82249654e+01
 4.53841246e+00
 2.25877156e+01
 6.36760983e+01
 1.06728778e+02
 3.11508122e+01
 6.91552741e+01
 1.02832986e+02
 4.60441311e+01
 5.12020769e+01
 1.39097437e+02
 6.81172108e+01
 8.91552198e+01
 6.68326999e+01
 1.09659791e+02
 5.20851835e+01
 7.06202886e+01
 1.42022813e+02
 8.20446022e+01
 3.54497777e+01
 6.60357953e+01
 7.23021062e+01
 1.98887613e+02
 6.42805986e+01
 4.52634095e+01
 2.59427622e+01
 3.23497848e+01
 4.87853985e+01
 4.78378813e+01
 1.40168361e+02
 1.84010845e+01
 3.74358311e+01
 3.54646302e+01
 2.75971988e+01
 5.15146336e+01
 2.36157913e+01
 1.43871600e+00
 5.62384585e+01
 8.15995126e+01
 4.36863248e+01
 6.83474850e+01
 5.41140368e+01
 4.06709971e+01
 4.00642406e+01
 6.70240216e+01
 1.47703550e+01
 1.75989953e+01
 1.00388255e+02
 4.81336251e+01
 1.32737106e+02
 1.27124314e+02
 8.04392797e+01
 1.98216614e+02
 5.96724094e+01
 6.81152571e+01
 7.37729963e+01
 1.24991743e+01
 5.74679953e+01
 7.46882265e+01
 4.52229525e+01
 8.97163454e+01
 1.62437958e+01
 3.69270160e+01
 7.55715764e+01
 8.79148621e+01
 7.28440763e+01
 4.05516312e+01
 1.97242415e+01
 6.97371227e+01
 6.34601521e+01
 1.32642037e+02
 2.68822380e+01
 5.71346056e+01
 2.84676520e+01
 6.03089401e+01
 5.20661781e+01
 2.90767098e+01
 1.92033627e+01
 5.59203958e+01
 6.77743841e+01
 1.16524790e+02
 1.29718083e+01
 5.82802880e+01
 2.14912519e+01
 6.15568786e+01
 7.11187245e+01
 7.84735910e+01
 8.22272811e+01
 2.77631263e+01
 1.07578777e+02
 3.36907123e+01
 3.48008566e+01
 5.60114456e+01
 2.44657328e+01
 8.75027503e+01
 4.74419987e+01
 6.78801109e+01
 4.24412083e+01
 5.75173874e+01
 5.10206477e+01
 7.54008617e+01
 5.57726635e+01
 6.54336261e+01
 6.53197045e+01
 9.65640602e+01
 2.49241424e+01
 4.95513211e+01
 6.18883243e+01
 3.89562425e+01
 2.58071586e+01
 6.38140334e+01
 8.84789634e+01
 1.10153069e+02
 3.68260959e+01
 1.05383058e+02
 1.29913308e+02
 9.25318042e+01
 8.60738378e+01
 7.50895567e+01
 3.13078458e+01
 3.25659375e+01
 5.68793120e+01
 3.64536616e+01
 6.32600107e+01
 3.79107299e+01
 2.02667975e+02
 5.95547476e+01
 3.31735905e+01
 4.34951577e+01
 6.03084626e+01
 2.38995078e+01
 2.76943656e+01
 4.51438023e+01
 7.64245779e+01
 3.26155294e+01
 4.93666180e+01
 4.55376582e+01
 7.21786501e+01
 6.54738053e+01
 1.15431783e+02
 1.74392649e+02
 2.20676121e+01
 4.21350828e+01
 6.44941619e+01
 5.92008567e+01
 2.09117265e+01
 7.99875981e+01
 2.82570298e+01
 5.87380379e+01
 1.27804056e+02
 1.42149815e+02
 5.40744508e+01
 4.94641629e+01
 1.02073181e+02
 8.29175968e+01
 2.22119933e+01
 1.58094341e+01
 5.10235238e+01
 7.28346430e+01
 1.67145159e+02
 6.83200557e+01
 8.49865355e+01
 1.19990924e+02
 5.08175314e+01
 1.00181186e+02
 1.37582472e+01
 7.90584785e+01
 7.75067658e+01
 8.58108386e+01
 1.17997255e+02
 4.37317560e+01
 1.71432808e+01
 7.50825118e+01
 1.48699527e+02
 9.36885399e+01
 5.00615071e+01
 6.67735185e+01
 6.45704864e+01
 3.51568349e+01
 4.79077260e+01
