 2.21942983e+01
 3.83424156e+00
 3.69574537e+01
 1.03657753e+02
 4.27016876e+01
 6.00836078e+01
 4.37489931e+01
 2.68260031e+01
 7.63544676e+01
 8.43411664e+01
 2.87107936e+01
 2.79922239e+01
 2.83854122e+01
 3.17757074e+01
 4.29835269e+01
 3.37155661e+01
 1.24211717e+02
 1.61664539e+02
 1.93525642e+01
 2.14625462e+01
 2.53080251e+01
 9.17284383e+00
 7.35569760e+01
 2.22169895e+01
 5.57421739e+01
 3.33935840e+01
 4.29475522e+01
 1.93195688e+01
 1.12334528e+02
 3.70137410e+01
 4.03192620e+01
 2.18946665e+01
 8.65635675e+01
 4.74895103e+01
 4.78111044e+01
 5.37698643e+01
 3.11789746e+01
 1.20900370e+01
 4.07087380e+01
 9.28235102e+01
 1.01172322e+02
 1.40521690e+02
 3.69775628e+01
 7.87057945e+01
 3.92912327e+01
 9.72353227e+01
 3.91972782e+01
 5.35023438e+01
 6.26128367e+01
 5.00310176e+01
 4.26619810e+01
 1.10748192e+02
 7.06443415e+01
 5.54679965e+01
 6.71033223e+01
 1.64410287e+02
 1.01112306e+02
 7.88829690e+01
 1.15409245e+02
 9.45849296e+00
 1.84845866e+01
 8.04697632e+01
 1.10791016e+02
 1.19283536e+02
 1.53974543e+02
 8.74152150e+01
 5.32764544e+01
 6.44322293e+01
 1.20893270e+02
 1.52342054e+01
 6.40883198e+01
 3.34150654e+01
 1.63892291e+01
 4.28834980e+01
 1.23964678e+02
 5.92157885e+01
 8.62720690e+01
 5.70896025e+01
 3.46306028e+01
 2.75039783e+01
 6.49589538e+01
 1.05791165e+02
 2.43269464e+01
 1.85611727e+02
 3.89378848e+01
 5.50935147e+01
 3.38048556e+01
 1.83254834e+02
 9.97123549e+01
 3.26228617e+01
 6.65078736e+01
 2.31926914e+01
 8.48704943e+01
 1.04547221e+02
 6.02483719e+01
 4.18145437e+01
 4.09900340e+01
 4.23920855e+01
 1.12251461e+02
 4.58123128e+01
 1.51266306e+02
 8.38760915e+01
 1.00011428e+01
 4.76278453e+01
 7.16060587e+01
 1.07643395e+02
 1.04162144e+02
 5.70247083e+01
 3.35302390e+01
 1.02414384e+02
 5.54053641e+01
 1.40857376e+02
 1.43271794e+02
 6.09611302e+01
 8.02896123e+01
 1.24174914e+02
 1.51975790e+02
 5.30264536e+01
 4.12832892e+01
 7.44418317e+01
 1.62939843e+01
 2.20699511e+01
 3.65122350e+01
 1.02514626e+02
 1.45707063e+02
 1.49513899e+02
 4.45777609e+01
 1.17381706e+02
 1.04456849e+02
 2.81875879e+01
 1.07269720e+02
 7.39694785e+01
 5.68520794e+01
 7.81595715e+01
 1.04101006e+02
 6.10895525e+01
 1.65697952e+02
 1.32292329e+02
 8.26698918e+01
 3.57024045e+01
 2.51422543e+01
 7.99509560e+01
 9.45752546e+01
 7.97432878e+01
 4.74629141e+00
 1.55590836e+01
 5.58442224e+01
 1.04935554e+02
 6.07744920e+01
 6.63335220e+01
 3.80616176e+01
 1.68455844e+02
 6.06059345e+01
 1.43900572e+02
 2.48994010e+01
 9.11518746e+01
 1.63749700e+01
 4.31949038e+01
 1.52101081e+02
 1.20106640e+02
 6.99064654e+01
 9.26066001e+01
 3.00361418e+01
 8.34736761e+00
 4.00764507e+01
 6.28906663e+01
 3.20241455e+01
 3.85336224e+01
 4.05984136e-01
 1.59414419e+01
 4.02841545e+01
 5.24526990e+01
 6.06672840e+01
 1.20202878e+02
 5.17870021e+01
 3.82741700e+01
 5.90029568e+01
 7.57827178e+01
 4.66538281e+01
 8.77229548e+01
 2.23136058e+01
 5.79422482e+01
 2.93403279e+01
 4.70861064e+01
 8.64334583e+01
 8.57345606e+01
 4.56386056e+01
 5.32997230e+01
 5.97133907e+01
 1.72871633e+02
 2.07928583e+01
 1.12078379e+02
 4.55902171e+01
 3.43586310e+01
 3.08053619e+01
 4.91231211e+01
 5.75395208e+01
 6.33026374e+01
 1.63641567e+01
 1.39763463e+01
 7.78849738e+01
 1.06636639e+02
 7.97570546e+01
 2.82034291e+01
 1.09335992e+01
 3.88571557e+01
 6.35486760e+01
 1.13039576e+02
 1.00017010e+02
 1.66306657e+02
 1.54120303e+02
 6.54285008e+01
 1.10418013e+02
 2.15891110e+02
 1.53125890e+01
 6.40123766e+01
 3.62659149e+01
 4.42122816e+01
 8.12357266e+01
 2.19744414e+02
 9.02915705e+01
 3.62075845e+01
 5.56331194e+01
 2.49590891e+01
 7.08174531e+01
 1.05330110e+02
 3.46296897e+01
 7.22066739e+01
 1.35585471e+01
 8.15350624e+01
 1.71795276e+02
 1.40041231e+02
 1.28865569e+02
 1.60427973e+02
 7.68420522e+01
 8.44715407e+01
 9.25423183e+01
 4.51429400e+01
 7.66871265e+01
 6.37174025e+01
 2.70978840e+01
 5.90407844e+01
 2.83536274e+01
 4.77448423e+01
 8.97962459e+01
 8.33489652e+01
 1.63119363e+01
 1.25227700e+01
 1.59673798e+01
 1.40286322e+02
 6.23076358e+01
 4.59673620e+01
 3.86323385e+01
 2.58862730e+01
 6.36920146e+01
 4.54277438e+01
 1.86381656e+02
 6.41575051e+01
 5.76009711e+01
 2.50225150e+01
 5.85922252e+01
 1.23337157e+02
 8.10403250e+01
 3.95198795e+01
 2.05364775e+01
 1.75947776e+01
 1.14898544e+02
 1.13287283e+02
 1.37766260e+02
 1.18957562e+02
 3.96268171e+01
 5.47472471e+01
 3.87171562e+01
 7.57554445e+01
 8.71775032e+01
 4.87254734e+01
 5.76671862e+01
 4.62799309e+01
 7.10903373e+01
 4.28400475e+01
 6.13058838e+01
 7.97765456e+01
 4.88055055e+01
 2.82253165e+01
 1.17693189e+02
 1.15748569e+02
 1.16764794e+01
 1.89348302e+00
 1.60402954e+01
 2.02195962e+01
 7.16935726e+00
 2.78877061e+01
 5.48219443e+01
 1.18426155e+02
 5.16832484e+01
 1.27522062e+02
 3.66783311e+01
 8.77337803e+01
 8.74801192e+01
 1.14651174e+02
 5.66840350e+01
 7.27844454e+01
 3.16268412e+01
 8.26215155e+01
 1.88641359e+02
 1.43627399e+02
 2.93479525e+01
 7.64999124e+01
 2.27442584e+02
 5.69790919e+01
 1.16665688e+02
 1.02877389e+01
 4.93410824e+01
 3.81425455e+01
 5.95582847e+01
 1.24181103e+02
 1.77556140e+02
 4.75074417e+01
 5.92641681e+01
 3.08411539e+01
 9.49468768e+01
 4.46380127e+01
 1.33204607e+01
 1.88612541e+01
 1.28570744e+01
 3.22184065e+01
 4.81849965e+00
 1.64796104e+02
 6.46291694e+01
 1.31502842e+02
 2.29725510e+02
 1.01250872e+01
 3.11007408e+01
 7.49435824e+01
 4.76948558e+01
 1.07827651e+01
 5.82148554e+01
 2.45367829e+01
 8.82069569e+01
 8.94013708e+01
 4.97389478e+01
 1.45574771e+02
 2.58267939e+01
 3.48282980e+01
 7.17052679e+01
 1.05897676e+02
 3.76547610e+01
 3.81340908e+01
 5.34814187e+01
 1.85295779e+01
 8.46747023e+01
 1.16335273e+02
 1.18731430e+02
 2.74877432e+02
 2.41416745e+02
 7.11612490e+01
 1.50338512e+02
 3.98544775e+01
 1.59883678e+01
 1.15965577e+02
 6.74922671e+01
 3.55595955e+01
 1.23953765e+02
 5.52313078e+01
 1.08941193e+02
 8.17627675e+01
 7.62347938e+01
 4.11216798e+01
 7.25327048e+01
 8.55357665e+01
 1.57693962e+01
 3.87253130e+01
 5.68249083e+01
 6.38745655e+01
 8.31058561e+01
 2.27150506e+01
 8.27731972e+01
 9.92419274e+01
 1.81516086e+01
 6.27084274e+00
 8.64608033e+01
 1.25233011e+02
 5.54404431e+01
 8.83546851e+01
 1.38434180e+01
 3.51470817e+01
 5.58395209e+01
 8.68368197e+01
 8.66667385e+01
 1.68806172e+02
 1.25531020e+02
 3.57554239e+01
 4.19334724e+01
 1.62486946e+02
 4.68184602e+01
 4.85155349e+01
 5.53887750e+01
 1.89245865e+01
 1.05018956e+02
 1.37810131e+02
 1.20257967e+02
 1.09188049e+02
 7.54940675e+01
 5.44710350e+01
 1.40359698e+02
 1.37454346e+02
 9.49386258e+01
 1.07679323e+01
 5.11984034e+01
 2.27628977e+01
 1.38123600e+02
 8.62105029e+01
 4.78412137e+01
 6.50185444e+01
 5.62929708e+01
 4.54683932e+01
 3.64702943e+01
 3.36479558e+01
 7.80531609e+01
 2.21468427e+01
 6.83197001e+01
 2.23940940e+01
 9.18111024e+01
 9.76235369e+01
 9.81095900e+01
 1.90987384e+02
 7.64881807e+01
 6.72177310e+01
 1.17563371e+02
 1.72937855e+01
 2.52714475e+01
 2.12980410e+00
 7.70416962e+01
 5.58018630e+01
 5.93808520e+01
 4.49431168e+01
 1.32752828e+01
 5.85524415e+01
 3.56603813e+01
 9.56467158e+01
 4.53019665e+01
 3.10916322e+01
 9.97325705e+01
 4.65317129e+01
 3.84643526e-01
 4.20667742e+01
 3.83314596e+01
 5.17782723e+01
 3.08590681e+01
 6.80722630e+01
 4.14463876e+01
 1.14140411e+01
 5.91026505e+00
 1.12811846e+02
 2.24300444e+01
 7.13325040e+01
 4.38647903e+01
 2.74476317e+01
 1.02930640e+02
 1.04163578e+02
 1.08705681e+02
 5.96081889e+01
 5.73546632e+01
 2.45031789e+01
 7.94118826e+01
 2.89893333e+01
 6.31949414e+01
 2.90499407e+01
 8.91425527e+01
 1.71949628e+02
 3.29485366e+01
 1.72959118e+02
 1.14348430e+02
 6.94786421e+01
 4.99007220e+01
 1.37928400e+02
 6.16561230e+01
 2.60405740e+01
 9.38295963e+01
 6.32065753e+01
 4.26626485e+01
 5.02454803e+01
 1.31952291e+02
 1.32879814e+02
 2.11340913e+02
 5.40551440e+01
 6.01561243e+00
 4.38714601e+01
 3.05236090e+01
 4.30246464e+01
 7.40131679e+01
 7.89123470e+01
 2.36727156e+01
 8.85652471e+01
 6.11404119e+01
 1.11336781e+02
 1.24253460e+02
 8.88381101e+01
 1.37252420e+01
 6.64895501e+01
 7.85270616e+01
 5.07422349e+01
 3.59480360e+01
 1.16783202e+02
 7.09702820e+01
 1.36210290e+01
 5.40161478e+01
 6.87520694e+01
 6.97198149e+01
 1.70173206e+02
 5.70449416e+01
 1.01500645e+02
 4.69585941e+01
 1.24335075e+02
 7.83474270e+01
 1.69682348e+01
 1.11837410e+02
 3.61429564e+01
 2.52285389e+01
 3.68560256e+01
 1.09872024e+02
 9.51361485e+01
 1.25515498e+02
 3.60689724e+01
 1.00228362e+02
 6.17121243e+01
 6.46852962e+01
 5.29053654e+01
 4.39458504e+01
 1.20570850e+01
 1.72781939e+01
 4.19010250e+01
 3.84984126e+01
 9.00860477e+01
 5.49968582e+01
 3.87470542e+01
 3.41278748e+00
 1.80910187e+02
 1.07354464e+02
 4.39912962e+01
 4.31749519e+01
 3.41013778e+01
 8.01101528e+01
 9.60882311e+01
 9.57113183e+01
 9.80495021e+01
 4.90775179e+01
 5.76801359e+01
 8.90250716e+01
 9.24701743e+01
 7.36678214e+01
 5.74850180e+01
 2.07541479e+01
 2.38838082e+00
 7.08363902e+01
 9.45426092e+01
 1.23059025e+02
 1.25038889e+02
 6.75881428e+01
 9.78019634e+01
 9.23025885e+01
 3.97765745e+01
 8.55518519e+01
 2.49502684e+01
 3.47013074e+01
 2.67730308e+01
 1.36060502e+02
 1.70288945e+02
 1.30364434e+02
 6.52035681e+01
 5.31902447e+01
 6.27882670e+01
 6.18137348e+01
 1.98561833e+01
 4.04923168e+01
 4.91483468e+01
 3.66897262e+01
 5.70593277e+01
 6.82508541e+01
 8.82638167e+01
 2.00522270e+02
 1.05790068e+02
 1.75461714e+02
 7.05473404e+01
 5.99101448e+01
 3.47513159e+01
 4.58286638e+01
 1.10585752e+01
 8.47093226e+01
 3.30700593e+01
 1.42017985e+01
 1.69580364e+02
 1.39133855e+02
 1.55899483e+02
 6.25759947e+01
 2.29122870e+01
 7.70904087e+01
 8.85508993e+01
 8.17569978e+00
 1.70699167e+01
 1.21076114e+01
 1.48582282e+01
 8.48950230e+01
 4.92741368e+01
 2.13794657e+02
 1.35969851e+02
 3.15577102e+01
 6.93284438e+01
 2.57151404e+01
 7.24048173e+01
 2.26374116e+01
 6.41160329e+01
 7.46328523e+01
 3.89393526e+01
 1.16158975e+02
 8.33845715e+01
 5.86920562e+01
 1.63500037e+02
 3.46960871e+01
 3.19736727e+01
 1.36466501e+02
 9.60126113e+01
 1.88300609e+01
 4.25348564e+01
 9.98023449e-01
 6.00879448e+01
 7.37454014e+01
 1.68524211e+01
 2.06172813e+02
 2.13499577e+02
 8.32787822e+01
 5.62881427e+01
 1.39627043e+02
 1.41449156e+02
 9.70928839e+01
 9.75812821e+01
 2.41163119e+01
 3.26328851e+01
 3.63689939e+01
 4.63066759e+01
 6.06086595e+01
 1.78048766e+02
 1.11859393e+02
 7.89424705e+01
 4.63288120e+01
 2.61798529e+00
 4.58806164e+01
 5.77254356e+01
 4.05219852e+01
 9.95609064e+01
 3.74121533e+01
 2.12813137e+02
 1.20864295e+02
 7.66597381e+01
 5.70702662e+01
 6.78064661e+01
 1.70431220e+02
 9.65226980e+01
 8.58617948e+01
 7.29023635e+01
 4.39925580e+01
 5.12749419e+01
 4.05683737e+01
 2.09482720e+02
 1.18653186e+02
 1.04112695e+02
 4.20142852e+01
 4.49698531e+01
 2.53745465e+01
 1.18362767e+02
 1.50841282e+02
 1.04800116e+01
 8.55670446e+00
 6.15188419e+01
 7.21934123e+01
 7.60280464e+01
 2.09664094e+02
 1.15987753e+02
 1.38693710e+02
 6.29481605e+01
 3.31069182e+01
 2.79723291e+01
 8.88250406e+01
 2.66730741e+01
 1.81024869e+01
 8.56616833e+01
 1.02429371e+02
 5.98767120e+01
 8.99855808e+01
 1.23233226e+02
 7.19802047e+01
 8.35049104e+01
 2.84823982e+01
 4.08022605e+01
 3.02546639e+01
 1.03944616e+02
 3.46093415e+01
 7.69832741e+01
 5.91409118e+01
 8.56130503e+01
 1.21216647e+02
 6.84115273e+01
 9.15380376e+01
 3.31758170e+01
 8.08313924e+01
 3.77367466e+01
 1.22584127e+02
 7.20475403e+01
 2.22897526e+01
 1.36523638e+01
 4.65415402e+00
 1.62145620e+02
 1.27932809e+02
 8.79761560e+01
 8.70756146e+01
 3.93203232e+01
 7.88007239e+01
 3.15609087e+01
 1.01977579e+02
 7.52171977e+01
 1.89235409e+00
 2.44978649e+01
 1.17756117e+02
 1.08704091e+02
 4.46119622e+01
 8.67851264e+01
 1.85471375e+02
 7.95512538e+01
 9.46996033e+01
 3.10497015e+01
 5.28038212e+01
 1.79610374e+01
 6.22313703e+01
 1.09106834e+01
 3.85902641e+01
 5.67016293e+01
 1.44469346e+02
 1.31516411e+02
 8.37559636e+01
 1.90965915e+01
 6.09846053e+01
 1.44040247e+01
 5.41935900e+01
 7.24381904e+01
 3.31417034e+01
 1.38040986e+01
 6.16272105e+01
 3.84586567e+01
 7.43154378e+01
 7.22680666e+01
 1.37015044e+01
 8.74986293e+01
 5.78499050e+01
 2.43030306e+01
 6.18542539e+01
 5.08286249e+01
 1.36202257e+02
 7.37142401e+01
 6.95393567e+01
 7.50848466e+01
 1.44825020e+02
 6.25081948e+01
 3.65940477e+01
 1.71863327e+01
 2.18997039e+02
 1.01033266e+02
 1.46783452e+02
 6.47466280e+01
 6.01885339e+01
 7.14981223e+00
 1.74179409e+02
 1.66721561e+02
 3.96852175e+01
 1.46247830e+02
 2.17503024e+01
 4.62657709e+01
 1.02298527e+02
 1.67117238e+02
 8.06463829e+01
 2.11434899e+01
 1.21496786e+02
 3.52449796e+01
 5.79597974e+01
 1.67319023e+02
 8.84245298e+01
 5.74643977e+01
 9.66363516e+01
 6.10051803e+01
 3.99188013e+01
 1.29449301e+02
 3.46994667e+01
 7.25605892e+01
 9.73413760e+01
 4.20051056e+01
 6.98864610e+01
 9.63983343e+01
 1.04047999e+02
 6.86724408e+01
 4.08890086e+01
 3.04654145e+01
 1.53198494e+02
 9.36409698e+01
 4.40510209e+01
 8.14083556e+01
 6.81386865e+01
 2.29839898e+01
 4.45032683e+01
 3.15757283e+01
 1.36265524e+02
 4.85395819e+01
 7.70557763e+01
 1.21528941e+01
 3.46061816e+01
 1.29697567e+02
 7.00357028e+01
 8.73852972e+01
 7.26382583e+01
 6.67860766e+01
 2.00262447e+01
 3.40298183e+01
 4.01924931e+01
 7.49612947e+01
 8.19417547e+00
 3.46484147e+01
 1.03004580e+02
 4.54411929e+01
 2.51362689e+01
 9.89818500e+01
 4.08608412e+01
 6.30638792e+01
 5.48714095e+01
 8.17174015e+01
 1.24437728e+02
 2.70033991e+01
 7.54908569e+01
 1.57936172e+01
 4.82806487e+01
 7.37979847e+01
 1.07715818e+02
 2.52177938e+01
 9.94812866e+01
 1.13585134e+01
 5.75936242e+01
 4.19060416e+01
 5.69228206e+01
 8.91615468e+01
 6.69643051e+01
 6.72152706e+01
 1.48653871e+00
 1.29549216e+02
 7.48249421e+01
 2.17042500e+01
 6.69823120e+00
 1.24539539e+01
 5.53956055e+01
 1.57233852e+02
 1.26596737e+02
 6.17271471e+01
 4.44049225e+01
 3.14696735e+01
 7.16889547e+01
 5.10466704e+01
 1.81611457e+01
 6.14806369e+01
 8.06515322e+01
 7.70110501e+01
 1.01295544e+02
 9.50102817e+01
 5.23526488e+01
 5.33564641e+01
 8.13819348e+01
 2.01167259e+01
 6.99978334e+01
 1.34905871e+02
 8.84547669e+01
 8.32386566e+01
 1.35083728e+02
 6.42815413e+01
 2.01930818e+02
 7.79774503e+01
 1.95411483e+02
 3.37981533e+01
 7.21335454e+01
 2.34659852e+01
 6.09429263e+01
 7.99380696e+01
 1.67667939e+02
 3.47480419e+01
 4.12202546e+01
 2.33963737e+01
 9.14258651e+01
 5.57550914e+01
 1.96238044e+02
 8.18906900e+01
 4.36330935e+01
 2.85810150e+01
 3.13587051e+01
 7.26009000e+01
 7.26713347e+01
 8.85927106e+01
 1.39376138e+02
 8.94870108e+01
 1.05148512e+02
 3.50314348e+01
 1.08926450e+02
 7.54507732e+01
 6.45957963e+01
 2.12884216e+01
 4.12281022e+01
 6.43620436e+01
 1.03345500e+02
 1.46468113e+01
 1.81623416e+01
 7.42257013e+01
 1.06644005e+02
 3.25302885e+01
 9.30055855e+01
 5.14538172e+01
 7.15280800e+01
 3.05814334e+01
 3.44828725e+01
 1.75561473e+02
 3.72767290e+01
 7.74877797e+01
 5.84957299e+01
 3.44382691e+01
 6.15460457e+00
 8.48382827e+01
 3.91778177e+01
 8.06822249e+01
 6.08254919e+01
 7.10296422e+01
 1.02893028e+02
 8.96775644e+01
 3.19436800e+01
 7.85789719e+01
 8.31893424e+01
 9.71772880e+01
 2.10704340e+02
 1.47192784e+02
 2.12561949e+02
 1.78226195e+02
 1.13501640e+02
 4.52691682e+01
 9.51775163e+01
 9.93366277e+01
 2.65253163e+01
 9.14860633e+01
 3.18004031e+01
 2.17272314e+01
 4.56881975e+01
 8.28087504e+01
 1.17144645e+02
 1.42483574e+02
 3.97804915e+01
 3.15172363e+01
 4.54707288e+01
 7.22822821e+01
 3.88245339e+01
 7.64732871e+01
 1.30496845e+01
 2.89480281e+01
 7.11293911e+01
 5.72973940e+01
 1.76815092e+02
 9.62475732e+01
 3.59935956e+01
 4.93010103e+01
 6.67406939e+01
 4.95695783e+01
 1.06622496e+01
 4.65569595e+01
 4.82614806e+01
 3.56428309e+01
 5.83562256e+01
 5.86204717e+01
 8.96943727e+01
 2.88176644e+01
 6.86949985e+01
 4.25681125e+01
 1.78985564e+02
 3.02595928e+01
 5.14165654e+01
 9.63509022e+01
 1.12067760e+01
 1.02973034e+01
 7.54572451e+00
 1.05032585e+02
 1.32622861e+02
 7.61498680e+01
 7.04438449e+01
 1.43757952e+01
 1.33666482e+02
 2.70538023e+01
 1.31506623e+02
 5.44585140e+01
 4.27982357e+01
 5.22410011e+01
 1.20115725e+02
 1.39795692e+02
 1.56442640e+02
 1.00780015e+02
 1.81628897e+01
 7.39843770e+01
 1.83661628e+02
 4.98847760e+01
 8.48186690e+01
 3.10492216e+00
 5.37397311e+00
 7.03861734e+01
 5.09110442e+01
 1.14863882e+02
 7.11090944e+01
 7.05906702e+01
 3.03346797e+01
 2.91914060e+01
 1.67378015e+01
 4.30879968e+01
 1.22461004e+01
 5.95250188e+01
 9.63495283e+01
 3.10697442e+01
 7.31777913e+01
 2.73510912e+01
 1.11354246e+02
 1.13185160e+02
 2.64994878e+01
 1.84430335e+01
 9.95651095e+01
 2.36678290e+01
 5.12400472e+01
 7.66730432e+01
 5.88231222e+01
 9.98695398e+01
 8.36304418e+01
 1.66110973e+02
 7.54349412e+01
 1.86074070e+02
 1.03893070e+02
 5.18915450e+01
 4.97255101e+01
 6.57116603e+01
 9.28616342e+01
 4.22396971e+01
 1.15187044e+02
 3.69333147e+01
 9.11766243e+01
 9.93089438e+01
 1.79157736e+02
 1.40507281e+02
 7.07624920e+01
 2.97515669e+01
 7.14591779e+01
 1.25272347e+02
 1.29584136e+02
 4.95124202e+01
 5.17761765e+01
 9.10286113e+01
 4.82017647e+01
 7.13329103e+01
 1.81144123e+01
 6.38222907e+01
 5.30772830e+01
 2.06689199e+01
 6.12365370e+01
 7.34380817e+01
 9.65101981e+01
 5.27892015e+00
 6.77885469e+01
 3.54362319e+01
 1.58200314e+02
 4.73793353e+01
 7.03315019e+01
 3.89017084e+01
 5.45383463e+01
 1.07471433e+02
 2.52613248e+01
 1.08051871e+02
 4.72256840e+01
 6.31082489e+01
 9.74861420e+01
 5.77276711e+01
 7.55201570e+01
 1.25890602e+02
 1.11584321e+02
 1.44644527e+02
 3.88733749e+01
 2.81400276e+01
 8.42271853e+01
 9.50084473e+01
 1.01986604e+02
 6.72196627e+00
 1.20667526e+02
 6.76715054e+01
 3.95938825e+01
 5.73378142e+01
 1.32257228e+02
 6.85842878e+01
 1.08269503e+02
 9.05731417e+01
 1.65942182e+02
 1.83393456e+02
 2.52170172e+01
 2.30470484e+01
 2.90256929e+00
 3.28558386e+01
 1.54917736e+01
 1.01159954e+02
 1.06299537e+02
 7.30309482e+01
 7.29282825e+01
 1.97380901e+01
 3.53830779e+01
 2.51943264e+02
 2.05858438e+02
 2.82245199e+01
 2.35699280e+00
 7.61253264e+01
 4.80081083e+01
 3.93833650e+01
 1.52797988e+02
 6.98867334e+01
 1.06520072e+02
 9.85759750e+01
 7.48385302e+01
 4.66367723e+01
 1.73703871e+02
 5.31086780e+01
 7.67424884e+01
 2.11854265e+01
 8.35684410e+01
 4.57422883e+01
 5.17403480e+01
 7.75566195e+01
 5.60109221e+01
 1.03063489e+02
 3.18392821e+01
 1.32503458e+02
 2.34039825e+02
 6.01921294e+01
 5.63658898e+01
 8.75206918e+01
 5.18069626e+01
 1.44441243e+02
 1.39359963e+02
 1.58383740e+02
 6.67499818e+01
 5.89458474e+01
 2.73201189e+00
 1.48469964e+02
 1.36266866e+02
 8.01514282e+01
 1.73596389e+01
 1.61450035e+01
 3.20884614e+01
 2.23343991e+02
 1.68530308e+02
 1.32909546e+02
 6.87103940e+01
 2.46631138e+01
 3.45012297e+01
 1.78865066e+02
 1.87331909e+02
 1.10249554e+02
 6.61107145e+01
 6.75488415e+01
 9.91375585e+01
 1.45080290e+02
 2.26548101e+02
 9.76554186e+01
 4.76726480e+01
 1.02170396e+02
 2.85004018e+01
 1.77038911e+02
 6.39358189e+01
 3.54976059e+01
 6.84492558e+01
 8.02282451e+00
 2.43847167e+01
 9.90588415e+01
 8.89097402e+01
 1.04020125e+02
 2.44698886e+01
 2.18843818e+01
 5.37210046e+01
 8.86416058e+01
 6.74854706e+01
 5.80343826e+01
 6.28300685e+01
 9.43493600e+01
 1.32284209e+02
 1.87765748e+02
 9.88091383e+01
 1.24403510e+02
 1.07765886e+01
 9.40232645e+01
 1.58067553e+01
 1.92163938e+02
 1.36524248e+02
 1.80598832e+00
