 3.51413910e+01
 2.03037887e+01
 3.74390978e+01
 6.21491094e+01
 1.35639309e+02
 7.94949388e+01
 2.77078804e+01
 7.47865341e+01
 3.25767884e+01
 3.98029928e+01
 1.66026111e+01
 5.88047305e+01
 5.73634182e+01
 1.65474819e+01
 1.28083205e+01
 3.86914038e+01
 1.31838121e+02
 9.31413928e+01
 5.03640864e+01
 6.19980438e+00
 2.88998791e+01
 6.20355264e+01
 6.42938718e+01
 6.45992262e+01
 6.16177199e+01
 2.52465548e+01
 6.02561083e+01
 7.03320328e+00
 8.52273116e+01
 4.92329811e+01
 2.65115654e+01
 1.04549891e+02
 5.52716466e+00
 2.88030896e+01
 4.20449637e+01
 8.94937933e+01
 6.74380761e+01
 3.94454144e+01
 8.99652841e+01
 8.64097606e+01
 4.08169520e+01
 5.68366476e+01
 6.77164587e+00
 2.67362685e+01
 1.74484122e+01
 8.28045631e+01
 7.96886331e+01
 6.90431844e+01
 4.58446953e+01
 2.14502486e+01
 1.29686635e+02
 6.58146607e+01
 6.02381307e+01
 2.78505392e+01
 8.68945621e+01
 5.83737063e+01
 1.37417867e+02
 1.29867385e+02
 1.97776325e+01
 4.18871557e+01
 3.53134865e+01
 1.87242252e+01
 2.83366145e+01
 3.67154367e+01
 5.81272815e+01
 3.97285960e+01
 2.63101724e+01
 5.22236339e+01
 1.32440405e+01
 1.25026378e+01
 6.29243626e+01
 2.47321035e+01
 3.68442094e+01
 5.18083352e+01
 4.29718098e+01
 6.98845457e+01
 8.57274010e+01
 4.76877175e+01
 7.46728074e+01
 7.88922355e+01
 9.53433837e+01
 1.14242045e+02
 6.77327252e+01
 5.33094523e+01
 3.21763837e+01
 5.49271142e+01
 7.69466731e+01
 1.51053769e+02
 2.19377933e+01
 6.98071755e+01
 8.28437630e+01
 5.86172274e+01
 9.93626174e+01
 4.14560438e+01
 5.97835425e+01
 3.20021592e+01
 3.78698418e+01
 2.34596771e+01
 3.03596316e+01
 9.06574085e+01
 5.57677907e+01
 5.65807460e+01
 1.20126577e+01
 5.39959973e+01
 2.97730403e+01
 7.15130937e+01
 2.39498220e+01
 5.85962243e+01
 6.99026165e+01
 4.72406655e+01
 3.80167028e+01
 4.69987314e+01
 1.18174582e+02
 8.72555429e+01
 6.32345502e+01
 7.57945080e+01
 5.67617386e+01
 1.37452902e+01
 5.48123536e+01
 3.20761305e+01
 4.79297035e+01
 6.44105287e+01
 3.26612749e+01
 5.16581575e+01
 2.77286838e+01
 1.29518041e+01
 3.47583096e+01
 3.63262910e+01
 1.10731464e+02
 6.04798930e+01
 3.51874105e+01
 4.85667930e+01
 1.40550300e+01
 4.39114238e+01
 5.41166032e+01
 1.97958977e+01
 2.12217582e+01
 8.44681315e+01
 4.53463208e+01
 7.08946932e+01
 2.73503462e+01
 9.63285885e+01
 5.33656156e+01
 4.22554531e+01
 2.04672662e+01
 2.10627340e+01
 1.47067593e+02
 5.05540691e+01
 8.56460974e+01
 1.17566841e+02
 6.36697009e+01
 1.06556003e+01
 1.07933357e+01
 1.68994452e+02
 5.48582523e+01
 4.91954832e+01
 5.44319617e+01
 2.14865175e+01
 9.84193722e-01
 4.95063087e+01
 2.69067221e+01
 1.01200398e+02
 3.97699973e+01
 4.48840435e+00
 1.57578979e+01
 1.38768017e+02
 4.52512492e+01
 8.71810346e+01
 2.11882731e+01
 4.42817566e+01
 1.75375536e+00
 2.77886548e+01
 1.02018342e+02
 6.01576823e+01
 6.97237222e+01
 1.06766029e+02
 3.49990534e+01
 2.59923340e+01
 4.14688363e+01
 1.16363252e+01
 3.41093739e+01
 2.79944553e+01
 4.88948820e+01
 5.93519384e+01
 5.09541856e+01
 1.95884904e+01
 7.64655016e+01
 3.01408358e+01
 6.27089990e+01
 2.54888465e+01
 1.17669954e+02
 2.92900807e+01
 5.82709075e+01
 2.56992056e+01
 7.39394135e+01
 3.81287725e+01
 4.01204340e+01
 3.01212250e+01
 2.80317161e+01
 4.63207171e+01
 4.44481785e+01
 1.99938899e+02
 6.49257049e+01
 3.01240396e+01
 1.93485204e+01
 5.01917326e+01
 7.66559328e+01
 5.70496208e+01
 5.72621297e+01
 4.88792847e+01
 9.58558699e+01
 1.49171208e+02
 1.02869473e+02
 1.08772359e+02
 9.32428180e+01
 1.59904160e+01
 4.71169304e+01
 7.38989466e+01
 3.73649974e+01
 3.85546953e+01
 1.05060446e+02
 3.43156166e+01
 1.29867397e+01
 6.23291071e+01
 1.33443896e+01
 4.10315871e+01
 1.45891069e+01
 1.30994506e+01
 1.28971221e+01
 3.91745461e+01
 3.28461934e+01
 1.33153050e+01
 6.30130163e+01
 1.07288558e+01
 3.69856625e+01
 2.67797997e+01
 2.56546799e+01
 4.81374009e+01
 4.83488344e+01
 3.64781872e+01
 6.24643046e+01
 4.77132791e+01
 6.15644058e+01
 2.26094810e+01
 1.14363854e+02
 1.77139603e+01
 3.44878367e+01
 2.58425304e+01
 9.00600973e+01
 2.83705478e+01
 1.64588105e+02
 2.26575409e+01
 2.16174606e+01
 3.71108484e+01
 1.46008490e+01
 5.76673283e+01
 3.62256797e+01
 8.58910738e+01
 6.85400452e+01
 3.11447319e+01
 9.86481052e+01
 8.80795546e+01
 9.91804084e+01
 1.49776980e+01
 1.63617231e+01
 2.84436473e+01
 9.85945178e+01
 5.05906655e+01
 3.81049003e+01
 7.32569012e+01
 6.96224289e+01
 6.79805176e+01
 4.32347298e+01
 3.73379067e+01
 8.20708527e+01
 4.51359584e+01
 2.72817185e+01
 3.31236243e+01
 4.10227347e+01
 8.77487791e+01
 2.96035634e+01
 1.23962344e+02
 1.12090013e+02
 1.50649484e+02
 5.08252514e+01
 5.09951638e+01
 6.34711639e+01
 3.07862637e+01
 7.13429788e+01
 3.83236920e+01
 1.88550094e+01
 3.71788918e+01
 7.24407579e+01
 4.09698809e+01
 2.66924597e+01
 3.10653405e+01
 3.47604269e+01
 5.33606861e+01
 4.27873971e+01
 1.13760250e+01
 9.08666007e+01
 2.73678308e+01
 4.65047269e+01
 3.59979542e+01
 3.17768349e+01
 1.92947371e+01
 3.76168057e+01
 1.16066061e+01
 1.00715592e+01
 7.17577208e+01
 4.52672465e+01
 2.84553081e+01
 6.81553925e+01
 5.02591395e+01
 1.42827038e+01
 1.27514801e+02
 3.67479122e+01
 4.12073853e+01
 3.81151387e+01
 1.24388733e+01
 1.51039955e+02
 8.72765741e+01
 1.00506112e+02
 1.21294871e+02
 3.21015232e+01
 6.34078090e+01
 3.46081283e+01
 6.22270265e+00
 7.14884269e+01
 2.87709782e+01
 4.45718074e+01
 2.66932246e+01
 1.61045143e+02
 1.85081597e+01
 5.86915099e+01
 7.46703081e+01
 1.98555926e+01
 2.65852857e+01
 1.60397388e+01
 4.20255717e+01
 6.53528291e+01
 2.61641328e+01
 3.84188434e+01
 3.88126962e+00
 8.81710101e+01
 4.22736695e+01
 1.28569549e+01
 3.88980272e+01
 4.99681697e+01
 4.30909728e+01
 3.09061461e+01
 4.30320161e+01
 2.26206502e+01
 6.75197567e+01
 3.88513999e+01
 2.06317838e+00
 2.72958476e+01
 3.86055110e+01
 1.30916316e+01
 1.33280159e+02
 1.90581747e+01
 3.58155505e+01
 7.11124269e+01
 9.34947969e+01
 7.43864031e+01
 2.41012408e+01
 5.19633580e+01
 2.21144562e+01
 8.68862876e+01
 1.07709439e+02
 3.10634041e+01
 3.43612456e+01
 2.01975752e+01
 1.78749409e+01
 2.34747061e+01
 8.01186342e+01
 7.75093285e+01
 3.55997781e+01
 8.83828549e+01
 7.20759050e+01
 5.05343942e+01
 5.85801127e+01
 3.12198419e+01
 2.90181194e+01
 1.87880648e+01
 3.03338157e+01
 3.12884129e-02
 9.81452035e+01
 5.33661135e+01
 2.44709370e+01
 8.92225701e+01
 2.45695304e+01
 6.88808406e+01
 1.15920179e+02
 3.26757620e+01
 9.90934184e+00
 1.08429557e+02
 4.05187578e+01
 8.29842807e+01
 2.89141391e+01
 1.14575289e+02
 7.62325093e+01
 5.79140397e+01
 4.91824165e+01
 1.05161319e+02
 6.59907907e+01
 6.04420992e+01
 1.09019837e+02
 7.26800745e+01
 5.32370717e+01
 6.23908643e+01
 6.29736655e+01
 9.07350474e+01
 6.80074248e+01
 8.90816127e+00
 4.09113222e+01
 9.07012846e+01
 8.22903060e+01
 7.48175068e+00
 8.07490011e+01
 1.52985582e+01
 7.51443594e+00
 3.65174992e+01
 3.37079871e+01
 4.87591242e+01
 2.26519191e+01
 2.08817987e+01
 9.64328197e+01
 6.11109153e+01
 5.71238288e+01
 1.03671614e+02
 5.44619146e+01
 4.78660365e+01
 4.40550737e+01
 5.04331613e+01
 2.76304702e+01
 4.48642091e+01
 2.06266727e+01
 3.19296787e+01
 8.76429276e+01
 2.73937603e+01
 1.19555720e+02
 1.63541106e+01
 4.36978470e+01
 1.80420390e+01
 3.42627023e+01
 1.62446920e+01
 6.23667738e+01
 4.45896291e+01
 9.95969416e+00
 1.31039316e+01
 3.33390284e+01
 6.29664047e+01
 1.71616488e+01
 6.43451973e+01
 1.03528169e+02
 4.33048340e+01
 6.45931318e+01
 6.50003169e+01
 1.83340016e+01
 6.35603152e+01
 7.54366665e+01
 1.87655891e+01
 4.29830397e+01
 8.56044599e+01
 8.03236625e+01
 7.58078455e+01
 5.06814180e+01
 1.08933408e+01
 1.40356374e+01
 7.77336491e+01
 6.93733790e+01
 1.07571163e+02
 9.65370066e+01
 6.87544562e+01
 6.66198731e+00
 9.46602628e+01
 6.74666161e+01
 3.34818713e+01
 9.04002449e+01
 4.33455151e+01
 1.39334270e+01
 9.64699661e+00
 8.49241961e+01
 4.38115688e+01
 1.51618492e+01
 6.18787168e+01
 1.58828500e+01
 5.29687362e+01
 3.32913512e+01
 4.07114946e+01
 3.56108381e+01
 1.77895534e+01
 4.76641431e+01
 3.31961405e+01
 1.91360963e+01
 3.42465262e+00
 3.92486249e+01
 8.02792581e+00
 4.20191133e+01
 2.75586399e+01
 9.04144223e+01
 3.02703855e+01
 2.99511014e+01
 1.16842923e+01
 2.85553319e+01
 6.26467700e+01
 5.03486821e+01
 1.82105133e+01
 6.62666847e+01
 2.92389176e+01
 3.14999894e+01
 1.60218666e+01
 1.23538467e+02
 4.52442854e+01
 3.59707167e+01
 3.07350567e+01
 1.03052465e+02
 9.58505108e+01
 5.53376412e+01
 1.87627426e+01
 5.36215596e+01
 9.07682743e+01
 1.27637650e+01
 6.33870987e+01
 2.27558233e+01
 6.12470086e+01
 9.16186786e+01
 3.80036605e+01
 7.08363367e+00
 1.06084955e+01
 4.67439991e+01
 1.02733782e+02
 1.57154528e+01
 4.43036974e+01
 1.90605021e+02
 2.51857250e+01
 3.17966468e+01
 3.18309368e+01
 2.69128437e+01
 3.48088174e+01
 9.52304984e+00
 3.94908060e+01
 5.85067031e+01
 9.18506142e+01
 4.43560980e+01
 2.51784379e+01
 6.94871875e+01
 7.24804504e+01
 3.51545429e+01
 8.05565467e+01
 7.36370534e+01
 9.21705767e+01
 5.14996930e+01
 1.06986544e+02
 7.74055991e+01
 1.38635353e+02
 8.93443121e+01
 7.44872434e+01
 3.83207680e+01
 7.43002297e+01
 8.63300748e+01
 1.27815635e+02
 3.98620802e+01
 3.38702497e+01
 1.60462689e+00
 4.63703577e+01
 6.89068522e+01
 4.12765113e+01
 4.46944619e+01
 4.14173554e+01
 9.12100169e+01
 5.50861668e+01
 2.67523363e+01
 2.53219361e+01
 4.54792187e+01
 6.71273655e+01
 3.37588694e+01
 3.93809623e+01
 6.36744387e+01
 7.41500779e+01
 2.98937656e+01
 2.75435485e+01
 4.63970659e+01
 4.10518811e+01
 2.06593635e+02
 2.76093384e+01
 3.76034565e+01
 1.48869732e+01
 1.24604842e+01
 1.27917355e+02
 3.10341110e+01
 6.84587903e+01
 3.43717442e+01
 1.59671133e+01
 1.64389184e+01
 8.54366688e+01
 3.28655960e+01
 1.15601374e+02
 6.26180399e+01
 4.11336161e+01
 2.89919935e+01
 7.96717866e+01
 8.65508564e+01
 6.24590915e+01
 3.42365184e+01
 2.97920190e+01
 7.40901038e+01
 7.13343389e+01
 1.40552042e+01
 3.29037801e+01
 4.93650866e+01
 1.83590640e+00
 1.02827714e+02
 6.38169224e+01
 8.26414026e+01
 7.44947950e+01
 6.52911648e+01
 2.62533042e+01
 4.70769655e+01
 3.18941084e+01
 8.01047742e+01
 1.20205729e+01
 9.30854471e+01
 4.84372762e+01
 4.62574048e+01
 1.48608582e+01
 4.96289270e+01
 2.92515336e+01
 2.75416902e+01
 1.01657932e+01
 7.44641502e+01
 9.93281332e+01
 3.41653675e+01
 4.97259250e+01
 1.76965059e+01
 7.33362817e+01
 2.79166105e+01
 9.33684410e+01
 4.12279419e+01
 1.68877071e+01
 1.90896671e+01
 1.69312857e+01
 3.72870335e+01
 1.51528674e+01
 3.88439506e+01
 6.73904575e+01
 5.92375427e+01
 2.40940884e+01
 3.30090903e+01
 3.66081448e+01
 6.08287286e+01
 4.79924887e+01
 2.50249025e+01
 3.21322338e+01
 3.01388736e+00
 2.09687636e+01
 6.86079947e+01
 7.76864704e+01
 1.46007114e+01
 4.29420907e+01
 6.18811042e+01
 2.40965877e+01
 4.06644737e+01
 1.74168237e+01
 2.15537125e+01
 1.44414171e+01
 4.17751781e+01
 3.37225771e+01
 7.70497983e+01
 3.35220133e+01
 5.50050334e+01
 2.53507112e+01
 9.30626804e+01
 1.97350159e+01
 6.30898764e+01
 4.91622027e+01
 7.23055636e+01
 4.58811134e+01
 1.31656937e+01
 4.46333484e+01
 1.13360382e+01
 2.57210386e+01
 8.92591197e+01
 2.80437110e+01
 3.08114195e+01
 6.92769372e+01
 9.82297403e+01
 3.34727180e+01
 4.38700236e+01
 2.66130634e+01
 4.68406452e+01
 8.96594884e+01
 1.37405120e+01
 2.43625032e+01
 4.66027804e+01
 4.90951983e+01
 8.29417260e+01
 7.72414328e+01
 1.61418765e+02
 5.50871603e+01
 1.07420887e+02
 9.95524857e+01
 5.59701777e+01
 3.12633002e+00
 2.34197063e+01
 4.08788472e+01
 4.07358408e+01
 1.35258123e+01
 2.51307513e+01
 3.45940020e+01
 6.21895060e+01
 8.64953324e+01
 4.85544241e+01
 1.82771230e+01
 7.37204618e+01
 6.75322934e+01
 6.03664636e+01
 2.24801559e+01
 3.03886857e+01
 2.92090767e+01
 2.40745941e+01
 7.21698855e+01
 9.19392456e+01
 4.88753015e+01
 6.92930243e+01
 6.80968995e+01
 6.80874430e+01
 1.91054542e+02
 8.76598626e+01
 5.25721867e+01
 1.64268359e+01
 2.75832746e+01
 2.35880859e+01
 5.14658252e+00
 5.05837583e+01
 3.12821607e+01
 3.71518075e+01
 4.19646446e+01
 1.12247271e+02
 1.08438873e+02
 1.20643458e+02
 5.29076227e+01
 6.18820249e+01
 5.60804562e+00
 7.52904109e+01
 5.05914715e+01
 7.82176940e+01
 1.22671771e+02
 5.30508306e+01
 9.28237535e+01
 4.94790861e+01
 8.52973211e+00
 6.89378181e+01
 1.27471020e+01
 6.21169226e+01
 4.42474942e+01
 1.51445610e+01
 3.24843586e+01
 4.23585323e+01
 1.39566477e+02
 2.14427002e+02
 1.42401811e+01
 9.41349303e+01
 1.34158266e+02
 3.22271229e+01
 2.85536533e+01
 1.14883753e+01
 1.63553579e+01
 8.95963280e+01
 2.90118565e+01
 1.22149458e+02
 3.50587866e+01
 1.42210510e+02
 3.92813887e+01
 2.92107161e+01
 6.04020798e+01
 5.74349462e+00
 3.08479722e+01
 1.94782710e+01
 9.18308242e+01
 8.03803703e+00
 1.50178370e+01
 8.30505359e+01
 7.18439841e+01
 7.74300785e+01
 3.82754781e+01
 4.98215961e+01
 1.65844793e+02
 4.71088283e+01
 2.26701537e+01
 3.53559507e+01
 3.37007705e+01
 1.68531428e+01
 1.18775726e+02
 3.58963215e+01
 1.01458668e+02
 4.08078043e+01
 4.71796230e+01
 2.57463307e+01
 1.22908759e+01
 8.27392493e+01
 9.67008560e+01
 6.84555747e+01
 1.36200924e+01
 5.06424241e+00
 2.97831946e+00
 2.36358597e+01
 2.05245655e+01
 7.47403394e+01
 1.33153269e+01
 7.21571112e+01
 8.05031561e+01
 3.99041229e+01
 5.12904769e+01
 4.10817734e+01
 2.97969689e+01
 3.76020717e+01
 9.16326125e+01
 8.87540354e+01
 5.21941438e+01
 1.84480508e+01
 7.63593899e+00
 2.72264751e+01
 6.48262481e+00
 3.72280661e+00
 1.23607660e+01
 5.35434633e+01
 5.86176854e+01
 6.58936334e+01
 3.09338336e+01
 5.69318210e+01
 5.95938209e+01
 6.40779236e+01
 5.32022298e+01
 3.22103578e+00
 5.33765021e+01
 4.36309352e+01
 2.25020468e+01
 7.45795285e+01
 3.54311058e+01
 6.09297823e+01
 4.48868443e+01
 3.65090596e+01
 5.66871336e+01
 2.62316608e+01
 1.24229163e+01
 3.07952756e+00
 1.29297654e+02
 5.41952955e+01
 5.39225066e+01
 9.35983985e+01
 2.16180647e+01
 7.80187732e+01
 1.09850519e+02
 3.20850185e+01
 4.56475408e+01
 1.90787476e+01
 3.46449142e+01
 7.07399152e+01
 1.10657658e+02
 5.50723203e+01
 4.17866434e+01
 2.71535927e+01
 3.25681933e+01
 2.02458342e+01
 5.36808289e+01
 1.26000231e+02
 6.78340707e+01
 6.42361200e+01
 5.46801843e+01
 4.06703224e+01
 1.16347023e+02
 1.17540659e+02
 3.04813148e+01
 6.59454764e+01
 7.15503595e+01
 5.45837080e+01
 1.31505354e+00
 3.33869555e+00
 5.93848129e+01
 6.78324625e+01
 3.66660526e+00
 3.43232636e+01
 1.02345929e+02
 4.65534809e+01
 3.24813793e+01
 5.49917816e+01
 2.11991255e+01
 4.81094120e+01
 1.88452838e+01
 7.99903533e+01
 3.95634521e+01
 4.52098200e+01
 4.05380749e+01
 1.88393843e+02
 4.09888817e+01
 5.25647651e+01
 1.55021177e+02
 3.15418446e+01
 3.33522388e+01
 3.93572339e+00
 4.12054096e+01
 2.33915095e+01
 5.63195475e+01
 1.89521509e+02
 8.73254693e+01
 2.57396390e+01
 6.40823555e+01
 5.49687127e+01
 6.54504597e+01
 4.96928297e+01
 5.85925411e+01
 4.90649364e+01
 4.33133649e+01
 4.22627224e+01
 6.31153036e+01
 1.19894652e+02
 1.87009903e+01
 5.00566351e+01
 5.21766510e+01
 6.37214219e+01
 8.89712283e+01
 4.49539997e+01
 9.56527960e+01
 7.54268968e+01
 3.70661671e+01
 4.24951254e+01
 7.31092425e+01
 7.79337250e+01
 3.38330911e+01
 7.58371817e+01
 5.09620944e+01
 1.66818625e+02
 7.21046792e+01
 9.87297250e+01
 1.11405733e+02
 7.67918612e+01
 3.68477903e+01
 3.40627207e+01
 9.16837586e+01
 5.37401657e+01
 5.02375464e+01
 4.15311747e+01
 2.84695291e+01
 1.04239488e+02
 5.59897150e+01
 3.36613587e+01
 3.14531039e+01
 1.75068227e+01
 9.34733445e+01
 7.23974837e+01
 1.94358960e+02
 3.94172269e+01
 6.59238302e+01
 7.57833219e+01
 3.53542657e+01
 8.69239206e+01
 5.02709583e+01
 4.25931107e+01
 2.94467880e+01
 2.70115356e+01
 2.51298847e+00
 1.07855471e+02
 4.88445982e+01
 4.66142849e+01
 4.28564120e+01
 1.85141291e+01
 1.41026898e+00
 1.88108961e+01
 7.46192156e+01
 1.89697137e+02
 6.18944143e+01
 8.32458434e+00
 6.21821803e+00
 2.84140121e+01
 1.34338919e+02
 5.38570508e+01
 1.79314029e+02
 9.27328910e+01
 4.89242594e+01
 7.48914132e+01
 5.97104297e+01
 1.31673390e+02
 9.89658699e+01
 7.02424355e+01
 1.34622719e+01
 6.91215651e+01
 9.87317030e+01
 3.24999274e+01
 6.18456653e+01
 7.63939225e+01
 1.71932968e+01
 1.15027671e+02
 5.93728038e+00
 3.73530976e+01
 1.57638226e+01
 3.07326879e+01
 3.94958996e+01
 1.39347711e+01
 7.77369085e+01
 1.08452546e+02
 6.83190070e+00
 4.18024125e+01
 2.96842319e+01
 1.28246097e+02
 1.05017696e+02
 1.49150365e+02
 2.55311352e+01
 2.07109658e+00
 3.28381181e+01
 8.54821763e+01
 2.37085417e+01
 3.93485744e+01
 6.38850230e+01
 2.14715813e+01
 4.96945903e+01
 1.53747206e+02
 6.22008545e+01
 1.07496660e+02
 6.54470289e+01
 1.21792186e+01
 9.05470182e+01
 3.77295781e+01
 1.31493321e+02
 1.58383752e+01
 9.47955125e+01
 5.22421377e+01
 1.68802268e+02
 3.63283616e+01
 6.62084143e+01
 6.60059280e+01
 1.61090975e+01
 3.10203530e+01
 1.17394646e+02
 1.44657200e+02
 4.17787590e+01
 7.40772753e+01
 2.98482197e+01
 8.48873935e+01
 1.13426076e+01
 9.13117438e+01
 7.43744127e+01
 5.36193298e+01
 7.80486470e+01
 7.31516803e+01
 6.26062010e+01
 4.40506013e+01
 1.30663048e+02
 8.92437638e+01
 4.47677536e+01
 8.29498346e+00
 7.92713267e+00
 2.59678085e+01
 2.37017399e+01
 6.08514400e+01
 2.03765024e+01
 1.91219401e+01
 3.02519486e+01
 2.81681224e+01
 1.43824369e+01
 2.84550169e+01
 7.73636514e+01
 1.54709581e+01
 1.51999779e+01
 1.44659022e+02
 7.43190041e+01
 2.59187428e+01
 2.71887806e+01
 1.56822712e+01
 2.45232636e+01
 4.79732141e+01
 3.24805073e+01
 2.33231210e+01
 6.16587590e+00
 2.93310199e+01
 6.21732728e+01
 1.21896639e+02
 3.03315343e+01
 4.62493572e+01
 4.89141409e+01
 9.80487276e+01
 1.85076452e+02
 1.09465629e+02
 1.36182360e+02
 3.54841236e+01
 1.45229483e+02
 5.05352391e+01
 5.72316317e+01
 3.54902273e+01
 1.19656714e+02
 4.47154626e+01
 7.75686643e+01
 2.47997193e+01
 1.12542922e+02
 5.35831999e+01
 4.88042534e+01
 8.91433287e+01
 3.28158848e+01
 3.35246326e+00
 1.80465753e+02
 9.72899376e+01
 1.20525212e+02
 1.33792429e+02
 6.19382475e+01
 8.54368618e+01
 1.72904531e+01
 2.64392496e+01
 6.55702608e+01
 1.10773765e+02
 6.99903122e+01
 2.92895691e+01
 5.34183132e+01
 2.81232241e+01
 5.53827714e+01
 8.40913702e+01
 7.89836874e+01
 5.54418230e+01
 4.39096710e+01
 7.94377764e+01
 3.45281523e+01
 2.62426699e+01
 5.85591619e+00
 1.56777822e+01
 4.10523697e+00
 9.58645810e+01
 6.42067655e+01
 5.85318898e+01
 5.33482869e+01
 2.69031865e+01
 3.42117366e+01
 4.03230547e+01
 1.23903252e+02
 6.08181674e+01
 1.43845038e+01
 2.57762641e+01
 1.39680217e+02
 5.97050872e+01
 7.95541452e+00
 1.11140893e+02
 2.11911914e+01
 6.77492491e+01
 4.73609289e+01
 6.26326237e+01
 5.29216183e+01
 5.07669904e+01
 1.25186861e+01
 2.53771329e+02
 1.55971013e+01
 4.70312517e+01
 7.15689342e+01
 3.28248663e+01
 5.67484134e+01
 1.87267708e+01
 1.23569716e+02
 7.12441443e+01
 7.12852896e+01
 1.09369381e+02
 8.70241080e+01
 2.77932716e+01
 4.25881064e+01
 1.09694294e+02
 6.69474989e+00
 1.81566182e+01
 6.68589632e+01
 3.58123227e+01
 9.74636335e+01
 9.52363762e+01
 4.15728009e+01
 6.83280986e+01
 4.92025086e+01
 5.39403593e+01
 6.20086454e+01
 8.72828200e+01
 1.21086596e+02
 8.29374025e+01
 5.59085471e+01
 9.49734652e+01
 7.91698946e+01
 1.92606312e+01
 9.41392858e+01
 1.10787429e+02
 4.47647817e+01
 6.75902524e+01
 6.00476384e+01
 3.31947739e+01
 9.00525913e+01
 5.44653591e+01
 5.20772357e+01
 2.09448226e+01
 7.91037818e+01
 4.35654368e+01
 1.05376501e+02
 4.48623896e+01
 2.29249420e+01
 4.66615317e+01
 1.08176069e+02
 1.03400055e+02
 2.62423941e+01
 6.66242457e+01
