 8.01676812e+01
 8.19703246e+01
 1.00842391e+02
 3.49998743e+02
 8.41114818e+01
 2.64233512e+01
 2.15459837e+01
 1.18842774e+01
 1.40511430e+02
 2.11814645e+02
 1.44460734e+02
 4.72978270e+01
 8.16097097e+01
 4.82908842e+01
 1.36487901e+02
 5.09731035e+01
 9.27786389e+01
 9.30594964e+01
 1.59614375e+01
 1.51087019e+01
 2.69390394e+01
 3.13582294e+01
 1.10452714e+02
 5.88215096e+01
 2.15024794e+02
 5.19101980e+01
 1.97839270e+02
 1.06933297e+01
 6.22914174e+01
 2.37493431e+01
 4.84016426e+01
 7.79484535e+00
 2.63278502e+02
 8.40485163e+01
 4.44193474e+01
 1.19041570e+02
 3.77285885e+01
 4.07263249e+01
 6.29967877e+01
 3.24043241e+02
 3.80616127e+01
 9.66564895e+01
 1.70083922e+01
 7.99611299e+00
 1.25186510e+02
 2.25019039e+02
 7.27030371e+01
 2.21476719e+02
 1.10399435e+02
 5.92650691e+01
 5.50972405e+01
 7.07914414e+01
 1.04061650e+02
 2.05196345e+01
 2.78625317e+01
 6.71296017e+01
 2.12054296e+02
 7.83563760e+01
 1.54858262e+02
 7.09627986e+01
 9.47179310e+01
 1.98582470e+02
 8.52015388e+01
 3.75696726e+01
 1.10230563e+02
 5.05204194e+01
 1.65390645e+01
 4.52442285e+01
 9.44895769e+01
 8.38738070e+01
 1.22169751e+02
 5.28405339e+01
 7.06061501e+01
 7.02845614e+01
 2.08795810e+02
 1.25311207e+02
 1.80467112e+01
 1.23197907e+01
 9.76380419e+00
 1.73455905e+01
 1.96380818e+02
 2.26934664e+02
 1.10726589e+02
 1.47103519e+02
 1.37545589e+02
 1.50300299e+02
 1.89658348e+01
 1.39213091e+02
 5.63512787e+01
 1.41416940e+01
 5.18757549e+01
 9.27876228e+01
 7.19653987e+01
 1.77511513e+02
 3.53512416e+02
 1.61272088e+02
 1.66643604e+02
 8.16832712e+01
 1.11669814e+02
 6.81741502e+01
 4.48128048e+01
 1.03512282e+02
 2.78945821e+01
 1.73617021e+01
 1.81515442e+02
 7.98507978e+01
 7.05115131e+01
 1.17037071e+02
 7.08409844e+01
 7.75986663e+01
 6.12956137e+01
 1.44226841e+02
 3.36381753e+01
 1.02383865e+02
 1.35151609e+01
 6.18268399e+01
 1.31898745e+02
 3.15965209e+02
 6.27019928e+01
 2.18570183e+01
 8.69217380e+01
 5.87972608e+01
 3.60928329e+01
 3.14151368e+01
 8.33602417e+01
 5.38898612e+01
 1.78078502e+01
 7.37385904e+01
 9.29500371e+01
 7.93456026e+01
 2.74082702e+02
 1.16142166e+02
 7.58065857e+01
 2.08522810e+02
 1.41036402e+02
 1.29573443e+02
 1.56233027e+02
 7.98624308e+01
 2.39298563e+01
 5.63885201e+01
 1.29117001e+02
 1.18555834e+02
 2.83488203e+02
 9.53645014e+01
 3.57649998e+01
 1.05765144e+02
 6.83938370e+01
 1.79238467e+02
 2.45405494e+01
 3.60385228e+01
 9.68910332e+00
 4.74557036e+01
 1.45574591e+02
 2.31329639e+02
 2.21712361e+02
 7.86118432e+01
 8.28761422e+01
 9.31730978e+01
 2.14356124e+02
 2.39646369e+02
 7.51100616e+00
 4.49666815e+01
 5.97200698e+00
 2.86281660e+01
 1.04350850e+02
 8.09256250e+01
 2.81825003e+01
 1.28371044e+02
 2.65024025e+00
 5.08102052e+01
 1.38430253e+02
 8.96233729e+01
 9.09636310e+01
 4.02434355e+01
 2.21628813e+01
 1.16784435e+01
 1.99436909e+01
 2.53261466e+01
 1.33777337e+02
 2.75480000e+02
 1.13644526e+02
 2.16345296e+02
 3.89943803e+01
 1.94287464e+01
 9.28733502e+01
 2.79359482e+01
 1.20346316e+01
 7.34419160e+01
 6.26804225e+01
 1.11880177e+02
 1.12875010e+02
 2.27305753e+02
 1.31716010e+02
 4.39486873e+01
 7.25802379e+01
 9.41073369e+01
 7.09591154e+00
 7.02720096e+01
 6.01933462e+00
 1.28452123e+01
 1.74888686e+02
 2.67713926e+02
 1.47374936e+02
 4.87727463e+01
 9.29396871e+01
 4.46650005e+01
 7.56067662e+01
 1.79752061e+02
 1.09126981e+02
 9.43505274e+01
 1.03574253e+01
 7.59119569e+01
 2.52718322e+02
 1.85421096e+02
 2.91704414e+01
 1.58075679e+02
 3.01342172e+01
 1.86423204e+02
 1.69232750e+02
 1.71741619e+02
 1.17934422e+02
 9.39322438e+00
 1.88759383e+01
 7.32789092e+00
 1.06701632e+02
 5.66464243e+02
 2.02602269e+02
 1.83595175e+02
 3.00136552e+01
 3.66342986e+01
 8.94519917e+01
 1.27228376e+02
 1.54454111e+02
 6.54220859e+01
 6.28348187e+00
 3.98591034e+01
 9.35590788e+01
 7.98889844e+01
 1.96954838e+02
 1.77277131e+02
 1.84403164e+02
 1.81972047e+02
 2.30788503e+01
 8.17584676e+01
 8.73720260e+01
 6.98433004e+01
 1.14381172e+01
 1.54490783e+00
 7.57811596e+01
 4.63931293e+02
 2.95424261e+02
 3.20399998e+02
 1.73920862e+02
 1.72765313e+01
 7.61393420e+01
 6.41004322e+01
 2.34613885e+01
 3.77906279e+01
 5.45285146e+01
 4.07017339e+00
 5.69274645e+01
 2.99731593e+02
 2.93062740e+02
 6.47595972e+01
 1.05949787e+02
 8.25303772e+00
 2.36724345e+02
 1.05283894e+02
 9.76774940e+01
 3.68487365e+01
 3.10126525e+01
 7.26209055e+00
 2.64620953e+01
 2.89162316e+02
 2.58154077e+02
 2.82770803e+02
 8.54425265e+01
 8.92008992e+01
 5.99679696e+01
 1.43439560e+02
 4.89978464e+01
 6.61193937e+01
 4.64178449e+01
 6.73951539e+01
 1.32675804e+02
 4.23305596e+01
 5.50849079e+01
 2.91537042e+01
 2.40085213e+02
 5.19934862e+01
 4.22748928e-01
 1.53458752e+02
 8.15880099e+01
 6.31896561e+01
 1.31949414e+01
 3.77491848e+01
 3.52389011e+01
 1.77145296e+02
 9.25462221e+01
 1.32854524e+02
 7.28260342e+01
 1.49301949e+02
 3.85111017e+01
 1.76737424e+02
 2.17776177e+02
 4.70467094e+01
 4.21976970e+00
 1.84803005e+01
 2.59800567e+02
 3.23966752e+01
 2.89938077e+02
 3.71320996e+01
 1.27668728e+02
 1.14370962e+02
 1.75972532e+02
 1.37143436e+02
 7.37628870e+01
 5.49431474e+01
 5.20317119e+01
 1.28886302e+01
 1.30136864e+02
 6.35631117e+01
 2.79525278e+01
 6.45154817e+01
 3.42847847e+01
 6.07893008e+01
 2.66986349e+01
 1.65554926e+02
 1.11910687e+01
 4.19110534e+01
 4.02409279e+01
 2.61358316e+00
 1.41693370e+01
 1.47601816e+02
 2.24248312e+02
 5.76299740e+01
 2.02337511e+02
 6.52224692e+01
 1.83336414e+02
 4.42207167e+01
 3.46168199e+01
 5.98770091e+01
 9.65981723e+00
 2.07023953e+01
 1.73253209e+02
 1.11068310e+02
 2.04033764e+02
 1.00920168e+02
 1.09839557e+02
 4.77548055e+00
 1.38003613e+02
 1.48920247e+02
 1.06209863e+02
 3.60276481e+01
 1.76158101e+01
 4.13928055e+01
 9.38592337e+01
 1.14797539e+02
 7.64637689e+00
 1.47427311e+02
 1.20596190e+02
 5.40229040e+01
 2.31760225e+02
 8.90492115e+01
 1.42872730e+02
 1.89464026e+01
 2.90369325e+01
 5.10180280e+01
 3.89895102e+01
 1.62346886e+02
 1.07247485e+02
 1.73858735e+02
 9.94371659e+01
 1.64364963e+02
 1.00360397e+02
 6.18178838e+01
 8.48347566e+01
 6.17920419e+01
 1.07961715e+01
 3.89825122e+00
 2.08397001e+01
 3.52109386e+02
 4.37665427e+01
 1.11194036e+02
 7.27919547e+01
 5.88520250e+01
 7.15246891e+01
 1.08630078e+01
 8.93187722e+01
 2.75759928e+01
 4.09744534e+01
 6.69866176e+00
 2.61651370e+01
 2.53070758e+02
 9.71229267e+01
 5.92986032e+01
 1.36114707e+02
 1.02125341e+02
 1.78460964e+02
 1.43596498e+02
 1.12873905e+02
 9.49749677e+01
 4.09136364e+01
 1.95480293e+01
 2.42869741e+02
 1.84864599e+02
 8.27970766e+01
 4.28250608e+01
 1.10059410e+02
 2.26152675e+01
 5.00312326e+01
 8.64698935e+01
 5.05712868e+01
 6.90491738e+01
 4.37748584e+01
 1.70589597e+01
 1.62874053e+01
 5.37564128e+01
 3.85162883e+01
 2.62552978e+02
 1.72558910e+02
 4.51245666e+01
 1.43994932e+02
 1.03342445e+02
 5.27661875e+01
 1.34644006e+02
 1.63094200e+01
 1.16302552e+02
 3.53262007e+01
 6.85624758e+01
 9.27023487e+01
 1.00102854e+02
 6.58420540e+01
 3.38432138e+01
 7.38904549e+01
 2.33501223e+02
 6.16842273e+01
 6.10651486e+01
 4.83786761e+00
 1.13943237e+02
 8.75118028e+01
 1.41016934e+02
 1.22473083e+02
 2.71937563e+02
 1.33586724e+02
 8.53199406e+01
 1.61542152e+02
 1.08630040e+02
 9.29816836e+01
 9.38075722e+00
 2.41797597e+01
 1.46808397e+01
 1.71760924e+01
 2.12726739e+02
 2.05981575e+01
 1.17332801e+02
 1.08453819e+02
 1.18668613e+01
 1.54547546e+02
 9.64216632e+01
 2.15016044e+02
 1.57103914e+01
 2.81158626e+01
 6.11479196e+00
 7.47991426e+01
 1.00101529e+02
 7.78591790e+01
 7.48048673e+01
 9.02358837e+01
 3.00363683e+01
 8.87902889e+01
 2.23408075e+02
 1.13073549e+02
 3.03867802e+01
 1.52975984e+01
 6.06487315e+01
 1.82054226e+01
 2.72835645e+02
 4.85157060e+01
 1.82608540e+02
 3.48251239e+01
 4.43596103e+01
 1.52633968e+02
 2.21101877e+00
 2.17862650e+01
 2.51565190e+01
 1.04529076e+01
 1.04820033e+02
 1.65129178e+02
 1.26541566e+02
 2.68415676e+01
 6.71350194e+01
 4.96323440e+01
 4.88879439e+01
 2.22975867e+02
 6.16512856e+01
 3.79198551e+01
 3.95041611e+01
 3.44615182e+01
 6.60211432e+01
 4.54049514e+02
 5.56778345e+01
 5.53109930e+01
 1.34974547e+02
 1.11496986e+02
 1.76311473e+02
 1.06326323e+02
 1.13695379e+02
 6.78770465e+01
 5.22126015e+01
 2.89677041e+01
 3.39361603e+01
 8.99866875e+01
 5.53931597e+02
 2.36556823e+02
 5.96899354e+01
 5.78911512e+01
 5.48200412e+01
 2.32810624e+02
 1.31632028e+02
 1.30134263e+02
 2.69652916e+01
 6.86077267e+00
 5.82773142e+01
 7.00497436e+01
 1.27732717e+02
 1.04726291e+02
 1.88648082e+02
 3.06468822e+02
 2.36149707e+02
 1.40156064e+02
 2.22429862e+01
 9.01825745e+01
 7.96017861e+01
 9.53956236e+01
 4.11471115e+01
 1.38690604e+02
 7.30015279e+01
 4.10811894e+02
 6.55358938e+01
 1.01202762e+02
 1.46451015e+02
 1.26740762e+02
 3.48270780e+01
 1.21939960e+02
 5.40678551e+01
 8.34603390e+00
 2.52611130e+01
 1.25492511e+02
 4.92604170e+01
 7.97596477e+01
 9.66714591e+01
 9.59517700e+01
 4.44107441e+01
 1.12562800e+02
 3.47373361e+01
 6.13060105e+01
 2.86901591e+01
 2.13271051e+01
 4.35910045e+01
 7.81676886e+01
 7.68622222e+01
 1.43555045e+02
 3.72019565e+01
 1.06111936e+02
 5.13434071e+00
 1.47472455e+02
 6.32794499e+01
 8.33817369e+01
 4.27401593e+01
 3.34208704e+01
 1.22344072e+01
 1.36865054e+02
 1.00894220e+02
 1.44402053e+02
 2.16052041e+02
 1.85405584e+02
 2.52600745e+02
 6.01083703e+01
 2.90418103e+02
 9.00901043e+01
 9.53472593e+01
 1.88590739e+01
 2.54008195e+01
 1.29589568e+02
 7.56833538e+01
 2.27138063e+02
 1.11993431e+02
 1.22850651e+02
 3.00439152e+02
 1.97303761e+02
 4.64130234e+01
 2.16241693e+01
 3.43780526e+01
 5.09520858e+01
 1.00827785e+02
 1.14788765e+02
 1.66479242e+02
 2.22280176e+02
 1.26839926e+02
 1.31892434e+02
 1.06161197e+02
 1.08771122e+02
 3.14226306e+02
 3.37013040e+01
 1.05538627e+02
 1.40886978e+01
 4.79254113e+00
 8.74878704e+01
 1.58451699e+02
 1.88856983e+02
 1.19900111e+02
 4.73885774e+01
 8.69227784e+01
 2.07576996e+02
 2.69047443e+02
 1.00154487e+02
 6.25512506e+01
 3.07945241e+01
 3.84192040e+01
 9.88434308e+01
 1.90354172e+02
 1.21127804e+02
 3.03259565e+01
 6.69852595e+01
 2.17771181e+02
 2.75417834e+02
 6.98903213e+01
 1.30974007e+02
 2.77426122e+01
 2.33995533e+01
 3.46653595e+01
 1.00524745e+02
 1.53637772e+02
 2.09371092e+02
 1.13413350e+02
 2.87257128e+01
 4.22683699e+01
 3.44913275e+01
 6.44686266e+01
 2.95979899e+01
 4.72262215e+01
 4.63899889e-01
 5.56531920e+01
 1.22527238e+02
 2.52666773e+02
 7.22906318e+01
 7.86993391e+01
 2.42255880e+01
 6.49076751e+01
 3.73091328e+01
 1.71745035e+01
 9.81223448e+01
 2.43476703e+01
 2.87789270e+01
 3.11897441e+01
 1.64808098e+02
 1.17597671e+02
 1.23744369e+02
 1.52678420e+02
 2.21339817e+02
 1.64430073e+02
 6.50653774e+01
 1.12784872e+02
 1.01599566e+02
 5.38325950e+01
 1.88280418e+01
 1.11031149e+01
 6.86617287e+01
 4.01255944e+02
 4.63020648e+01
 2.61934606e+02
 5.91655835e+01
 5.04612808e+01
 3.74221969e+01
 1.29104431e+02
 1.51127698e+02
 1.08877436e+02
 9.17892528e+00
 5.91206590e+01
 3.86604958e+01
 3.98476494e+01
 4.88040126e+01
 1.81087761e+02
 1.48842437e+02
 9.37357280e+01
 1.94164178e+02
 1.91024301e+01
 1.39766530e+02
 8.58434329e+00
 6.20769699e+00
 1.31311343e+01
 5.75934518e+01
 1.15765825e+02
 2.39408346e+02
 2.09639500e+02
 9.88844104e+01
 6.91339233e+01
 1.02986346e+02
 4.15433116e+01
 2.13377616e+02
 2.23282137e+01
 1.96939147e+01
 9.34772238e+00
 1.20251073e+02
 2.83088008e+02
 3.16207247e+02
 5.72899682e+01
 1.61419183e+02
 5.02249828e+01
 2.56497729e+02
 7.78977038e+01
 2.88456776e+02
 1.20451960e+01
 2.33860360e+01
 1.18847110e+01
 1.22196059e+02
 1.08878042e+02
 4.32768426e+01
 3.63608002e+02
 1.37338490e+02
 5.33304811e+01
 7.83649361e+01
 9.91175598e+01
 3.99529134e+01
 6.90427428e+01
 1.85430882e+01
 1.57645339e+01
 2.73772429e+02
 3.22094610e+02
 1.68805870e+02
 2.22497848e+02
 6.21486830e+01
 3.06336305e+01
 9.34786062e+01
 2.27679098e+02
 2.58376033e+02
 6.51222658e+01
 1.05119365e+01
 1.86254076e+01
 9.25830543e+01
 1.15218585e+02
 2.31482714e+02
 1.46883696e+02
 6.56034828e+01
 4.57023786e+01
 1.27893855e+01
 1.47754838e+02
 3.51376031e+01
 2.13168847e+01
 1.81158958e+01
 7.62728391e+01
 1.73135150e+02
 2.30531647e+02
 6.26868960e+01
 4.58077199e+02
 9.88010411e+01
 2.95394002e+01
 1.38610565e+02
 7.78015686e+01
 1.44350928e+02
 3.14948692e+01
 1.88529559e+01
 1.29442853e+01
 3.85777484e+01
 9.39845420e+01
 1.76479316e+02
 2.46583905e+01
 1.40738890e+02
 7.77287715e+01
 1.78866274e+02
 1.12407413e+02
 8.24203391e+01
 1.86094851e+01
 1.85799800e+01
 7.20530700e+00
 7.15869495e+01
 9.14157704e+01
 2.12437215e+02
 1.46402344e+02
 1.30146589e+02
 1.00028917e+02
 1.63230688e+01
 6.75716716e+01
 5.35606188e+00
 2.30733958e+01
 3.14001479e+01
 3.13612257e+01
 2.05311254e+02
 1.82284047e+02
 4.26501421e+02
 5.05328128e+01
 1.59683496e+01
 1.50729629e+02
 9.89426306e+01
 1.09081541e+02
 2.17368826e+01
 7.74178070e+00
 2.97192048e+01
 4.40721711e+01
 7.24056498e+01
 2.56634768e+02
 2.14420967e+02
 2.48423082e+02
 1.36827166e+02
 5.28395570e+01
 7.15399286e+01
 1.31992938e+02
 8.16404324e+01
 1.13226962e+02
 1.87517563e+01
 3.64959894e+01
 1.43156921e+01
 1.24828841e+02
 1.06949443e+02
 4.96927371e+01
 2.58770264e+01
 6.46597730e+01
 9.88743059e+01
 1.06123557e+02
 1.32330484e+02
 5.10744061e+01
 4.59434437e+00
 6.22359499e+01
 1.25544817e+02
 6.92914021e+01
 4.11940424e+01
 1.03399490e+02
 7.42233282e+01
 9.88903671e+01
 1.74605902e+02
 1.79306379e+02
 4.33265338e+01
 1.45709112e+01
 8.37694845e+00
 2.61610069e+01
 3.74878540e+01
 1.39213940e+02
 1.52232635e+02
 2.54601748e+02
 1.48527634e+01
 1.04196137e+02
 6.34435679e+01
 6.79376266e+01
 1.09275421e+01
 2.68131914e+01
 1.13732492e+01
 2.14856199e+01
 2.65281829e+02
 3.15092832e+02
 7.86657103e+01
 2.25276728e+02
 1.32601970e+02
 1.04636345e+01
 2.00810048e+02
 5.69680921e+01
 1.23232351e+02
 3.03907030e+01
 5.89184523e+01
 9.25231230e+01
 1.51671741e+02
 2.90320796e+02
 2.24132648e+02
 7.52336650e+01
 7.43615901e+01
 2.36223231e+02
 1.84926454e+02
 1.07581973e+02
 7.00123043e+01
 1.07637691e+01
 6.32810983e+00
 1.45134445e+01
 7.99255717e+01
 1.19925328e+02
 1.60952356e+02
 8.89334765e+01
 6.18706488e+01
 1.45981488e+01
 6.13369184e+01
 6.54564617e+01
 1.14981943e+02
 2.53770500e+01
 2.78866188e+01
 1.55130082e+01
 1.34844424e+02
 3.05956450e+01
 2.31044839e+02
 9.21866737e+01
 8.32001095e+01
 6.81764363e+01
 1.54744915e+01
 1.12514770e+02
 1.30927558e+02
 3.31575294e+01
 1.40755545e+01
 3.70102976e+01
 4.10781757e+01
 2.61521365e+02
 1.33831256e+02
 1.07520669e+02
 8.40158058e+01
 1.40540440e+02
 8.74422799e+01
 5.30111601e+01
 1.50308367e+01
 5.82670770e+01
 5.48827271e+01
 1.16682842e+01
 4.57160503e+01
 1.59487121e+02
 1.64423105e+02
 9.16421031e+01
 8.52231997e+01
 7.89380286e+01
 1.52837169e+02
 1.79437225e+02
 1.84478543e+02
 1.69246982e+01
 3.05219831e+01
 1.95133018e+01
 2.64008658e+02
 3.87995547e+01
 2.42774351e+02
 3.60487167e+02
 1.96059808e+02
 3.63132359e+01
 2.87216642e+02
 4.69005735e+01
 1.27111042e+02
 4.36542546e+01
 7.74207510e+00
 4.35322045e+01
 2.38602470e+02
 1.85710297e+02
 1.12556552e+02
 9.03427750e+01
 1.27512922e+02
 1.57221545e+02
 1.14393934e+02
 2.36106180e+02
 4.10161721e+01
 1.71715544e+01
 6.31031675e+00
 9.88786907e+01
 2.42739574e+02
 2.62235402e+02
 7.10338728e+01
 1.71602033e+02
 4.02225508e+01
 6.81960537e+01
 8.04663921e+01
 2.72405791e+02
 2.43501548e+01
 4.76992123e+01
 2.32378547e+01
 2.18840612e+00
 6.11082184e+01
 2.38112801e+02
 9.03063052e+01
 6.04560495e+01
 2.13014907e+02
 9.44707522e+01
 2.14690454e+01
 2.17093723e+01
 5.82243898e+01
 2.52507353e+01
 2.05927051e+01
 1.04513437e+01
 3.42533386e+01
 3.03817411e+02
 2.48601473e+02
 2.41250746e+02
 9.31237019e+01
 1.24309639e+02
 2.08104096e+01
 6.25205005e+01
 2.24352250e+01
 3.27702776e+01
 2.76515774e+01
 1.11851907e+01
 1.72634040e+02
 2.27707983e+02
 1.20588334e+02
 2.72462958e+02
 2.57169322e+02
 9.42648352e+01
 1.19131185e+02
 9.03166872e+01
 1.89500094e+02
 3.48562179e+01
 2.33729325e+00
 1.00164895e+01
 7.06389547e+01
 1.75792756e+02
 1.13026884e+02
 1.40610289e+02
 8.91335590e+01
 7.34159313e+00
 1.51220129e+02
 9.74875615e+01
 2.82128199e+01
 3.84162328e+01
 9.89851630e+00
 9.33362774e+00
 7.40438944e+01
 3.49085639e+02
 2.66912157e+02
 1.28281916e+02
 1.68538273e+01
 1.43452119e+02
 6.09581316e+01
 5.13173561e+01
 3.95652669e+01
 4.27039401e+01
 5.22534236e+00
 9.50602072e+01
 4.02510453e+01
 3.03378855e+02
 2.14433319e+02
 1.06137884e+02
 1.01550427e+02
 5.39795107e+01
 1.37669437e+01
 4.84052048e+01
 1.47943081e+01
 4.40330857e+01
 9.37251090e+01
 8.58832301e+00
 1.66820888e+01
 2.50016552e+02
 5.51181757e+01
 4.53651949e+01
 9.78138802e+01
 1.31747812e+02
 2.38905979e+02
 7.92331814e+01
 2.68736145e+01
 6.91909484e+01
 2.10141802e+01
 5.99823164e+00
 7.76925290e+01
 2.31545195e+02
 1.65846321e+02
 1.52690347e+02
 1.13119131e+02
 3.42898094e+01
 4.70205080e+02
 2.63041559e+01
 1.52763992e+02
 1.38384049e+01
 1.04906301e+01
 7.52721768e+00
 1.81501901e+02
 1.61358547e+02
 2.93976943e+02
 1.36468364e+02
 5.37649144e+01
 1.28914190e+02
 8.30562691e+01
 3.85498225e+01
 5.82507083e+01
 3.89770677e+01
 4.41049157e+01
 1.65834616e+01
 5.64349732e+01
 4.72079731e+01
 1.68933830e+02
 8.09256591e+01
 3.93383300e+01
 1.49399499e+02
 1.16039835e+02
 6.28934664e+01
 3.98278984e+01
 2.89593165e+01
 7.91415226e+00
 1.99536936e+01
 3.45848154e+02
 1.44067038e+02
 1.96166917e+02
 1.57666345e+02
 2.06728511e+02
 2.10342540e+01
 4.10832447e+01
 8.04787144e+01
 1.72588005e+02
 4.31242097e+01
 3.12375748e+01
 7.14909408e+01
 7.02578228e+01
 2.78185061e+01
 1.43249138e+02
 2.68700931e+02
 6.74670156e+01
 2.17264349e+02
 3.31210048e+01
 1.80664473e+02
 1.99936365e+02
 8.90750675e+01
 3.53718041e+01
 3.58265524e+01
 1.20260817e+00
 1.62085826e+02
 1.15344897e+02
 9.44149815e+01
 1.09228591e+02
 2.60364669e+02
 1.96880062e+01
 5.51843576e+01
 5.31898891e+01
 3.19471006e+01
 1.61457190e+01
 3.79721029e+00
 6.62627054e+01
 5.43953829e+01
 4.20142222e+02
 9.29403984e+01
 6.88418741e+01
 1.95738181e+02
 1.32300433e+02
 1.04980364e+02
 9.04875215e+01
 1.52270645e+02
 1.81759698e+01
 1.28946064e+02
 3.07441056e+02
 1.06995460e+02
 1.24411733e+02
 1.32390136e+02
 1.79975020e+02
 2.86664605e+00
 1.36401092e+02
 1.42912302e+02
 2.47077948e+01
 1.73493609e+01
 7.26517342e+01
 6.17196904e+01
 2.64431122e+00
 3.43753821e+02
 2.05694513e+02
 3.34878124e+02
 3.82990512e+01
 2.85944735e+02
 5.63108705e+01
 1.78371939e+02
 6.01690716e+00
 3.96921787e+01
 1.56983152e+01
 1.16718273e+01
 7.19102259e+01
 9.21737824e+01
 9.36466613e+01
 7.66608133e+00
 1.36825978e+02
 1.08950716e+01
 8.40512641e+01
 5.47367373e+01
 1.61962721e+02
 2.82091720e+01
 2.51732785e+01
 1.96370547e+00
 6.65242554e+00
 1.76753101e+02
 1.99528055e+02
 6.30050506e+01
 1.63819530e+02
 1.13216421e+02
 1.91940801e+02
 2.04419041e+02
 3.20252962e+01
 2.42917927e+01
 9.05125379e+00
 3.31295916e+01
 1.41545098e+02
 2.37004678e+02
 6.62656852e+01
 1.17321878e+02
 5.37761199e+01
 1.61617221e+02
 1.99162851e+02
 1.73785814e+02
 3.00492535e+00
 1.85838022e+01
 1.68123765e+01
 2.69294718e+01
 1.37846322e+02
 2.16522421e+02
 1.37078447e+02
 9.01201157e+01
 9.83176431e+01
 1.07682318e+02
 1.54107694e+02
 1.05600155e+02
 5.52517992e+01
 3.59767563e+01
 1.53432732e+01
 2.96016463e+01
 4.63921273e+01
 1.73151499e+02
 1.25875006e+02
 1.71394448e+02
